32
26 9 55 49 64 99 14 46 28 96 14 72 57 25 48 15 92 6 45 61 35 58 28 1 8 82 100 100 63 51 100 3 
41 52 61 39 37 80 65 90 36 62 26 52 25 27 69 74 82 2 4 77 58 25 47 89 96 34 10 78 62 8 6 25 
3 52 64 26 47 2 19 15 29 78 52 90 44 22 74 43 74 15 26 66 23 42 21 35 45 15 50 12 85 94 73 3 
97 96 76 30 65 92 55 10 55 61 20 44 55 13 22 26 12 84 35 50 54 39 44 30 76 70 92 87 72 54 75 6 
40 99 54 53 88 31 56 2 38 60 64 95 70 30 79 4 92 47 63 46 77 46 93 1 94 49 89 24 76 33 77 92 
100 17 38 97 13 47 79 11 88 69 98 97 89 57 69 20 49 99 54 47 42 61 20 60 1 35 74 35 59 67 52 61 
78 96 46 67 96 13 84 33 77 44 78 39 15 11 2 76 50 39 85 85 73 93 90 11 97 84 49 39 81 7 64 5 
24 17 51 33 84 96 13 32 54 48 22 4 86 37 93 47 1 62 71 46 78 79 20 9 55 26 55 79 87 89 17 9 
31 64 11 94 11 49 29 76 30 52 3 2 79 28 80 14 78 20 8 22 72 67 42 66 34 60 15 59 12 86 23 90 
83 26 77 55 33 8 61 20 42 69 27 63 31 77 88 100 78 58 79 64 65 89 40 31 87 89 24 68 73 56 86 10 
10 92 3 79 61 99 94 21 84 52 24 30 62 19 74 91 32 62 21 31 16 62 74 5 100 88 77 22 80 61 89 40 
10 75 95 29 3 72 31 57 82 86 91 18 32 85 61 32 98 24 62 77 56 34 78 25 53 40 95 4 17 29 21 59 
46 92 52 97 21 11 21 22 39 90 29 30 94 3 98 88 99 59 69 84 61 28 95 77 15 12 77 52 24 60 79 33 
58 10 91 17 85 87 98 17 67 80 82 22 21 55 86 6 64 17 71 51 27 82 98 29 88 17 55 93 62 19 74 47 
28 65 96 64 79 47 15 95 48 82 71 100 22 26 48 26 95 81 52 51 2 99 64 24 78 43 26 98 33 7 84 61 
97 62 54 31 13 51 69 40 41 44 55 60 28 47 94 58 59 81 74 97 17 75 46 60 6 22 6 62 38 23 74 7 
77 10 12 61 95 21 12 34 71 5 20 50 78 83 10 92 85 45 10 100 68 37 13 56 86 37 90 75 94 16 42 96 
14 29 95 38 52 32 76 48 13 90 86 35 39 4 75 5 66 15 76 32 14 39 41 74 64 99 46 53 33 91 58 82 
31 10 100 52 32 29 17 17 83 69 8 49 53 66 33 5 19 48 26 5 98 54 93 69 52 44 88 7 41 1 1 63 
60 9 40 23 24 84 21 33 32 26 83 40 97 49 65 20 17 82 18 82 58 60 57 38 11 45 21 53 17 15 60 7 
9 51 97 10 23 40 64 44 40 86 16 29 76 81 48 76 75 88 4 51 62 26 11 38 72 12 48 37 48 27 23 73 
49 73 77 29 77 87 93 50 19 81 86 26 20 89 39 5 62 85 77 7 34 96 49 69 94 76 30 77 65 72 1 94 
6 35 48 67 76 96 51 35 85 8 58 42 60 55 9 75 74 60 68 42 81 77 46 39 96 26 87 95 29 14 90 37 
92 46 36 7 25 31 47 98 78 16 31 90 19 6 59 61 86 32 18 57 2 100 51 48 94 94 94 95 36 21 55 69 
72 62 77 87 23 80 66 40 33 99 31 91 78 85 24 34 2 85 10 73 2 99 64 44 91 13 18 43 4 63 16 43 
33 54 98 17 39 83 86 82 72 98 27 94 91 53 96 47 4 75 16 91 96 41 75 64 39 46 70 36 95 37 9 82 
18 50 9 40 99 22 17 11 75 90 50 4 17 39 98 84 43 26 48 12 96 37 75 65 97 78 84 46 67 11 52 35 
9 6 13 79 96 52 37 12 78 14 19 72 10 58 85 85 97 65 80 45 64 58 73 54 38 30 95 71 14 44 62 79 
7 95 79 11 24 90 21 72 6 69 56 33 70 24 39 97 91 53 3 11 93 84 34 55 30 63 70 45 17 100 84 45 
64 23 88 19 96 9 27 42 83 72 49 18 56 49 72 99 68 96 46 71 64 19 90 62 1 28 8 15 6 74 3 49 
91 26 91 72 83 19 31 42 48 74 88 9 86 2 53 17 18 90 72 81 34 59 30 59 59 25 100 39 57 36 2 44 
71 58 72 48 23 61 9 10 36 1 25 31 44 41 6 25 72 59 57 91 35 96 25 98 10 91 94 36 4 9 94 64 
0.0 1.0 1.0 1.0 1.0 1.0 1.0 1.0 1.0 1.0 1.0 1.0 1.0 1.0 1.0 1.0 1.0 1.0 1.0 1.0 1.0 1.0 1.0 1.0 1.0 1.0 1.0 1.0 1.0 1.0 1.0 1.0 
1.0 0.0 1.0 1.0 1.0 1.0 1.0 1.0 1.0 1.0 1.0 1.0 1.0 1.0 1.0 1.0 1.0 1.0 1.0 1.0 1.0 1.0 1.0 1.0 1.0 1.0 1.0 1.0 1.0 1.0 1.0 1.0 
1.0 1.0 0.0 1.0 1.0 1.0 1.0 1.0 1.0 1.0 1.0 1.0 1.0 1.0 1.0 1.0 1.0 1.0 1.0 1.0 1.0 1.0 1.0 1.0 1.0 1.0 1.0 1.0 1.0 1.0 1.0 1.0 
1.0 1.0 1.0 0.0 1.0 1.0 1.0 1.0 1.0 1.0 1.0 1.0 1.0 1.0 1.0 1.0 1.0 1.0 1.0 1.0 1.0 1.0 1.0 1.0 1.0 1.0 1.0 1.0 1.0 1.0 1.0 1.0 
1.0 1.0 1.0 1.0 0.0 1.0 1.0 1.0 1.0 1.0 1.0 1.0 1.0 1.0 1.0 1.0 1.0 1.0 1.0 1.0 1.0 1.0 1.0 1.0 1.0 1.0 1.0 1.0 1.0 1.0 1.0 1.0 
1.0 1.0 1.0 1.0 1.0 0.0 1.0 1.0 1.0 1.0 1.0 1.0 1.0 1.0 1.0 1.0 1.0 1.0 1.0 1.0 1.0 1.0 1.0 1.0 1.0 1.0 1.0 1.0 1.0 1.0 1.0 1.0 
1.0 1.0 1.0 1.0 1.0 1.0 0.0 1.0 1.0 1.0 1.0 1.0 1.0 1.0 1.0 1.0 1.0 1.0 1.0 1.0 1.0 1.0 1.0 1.0 1.0 1.0 1.0 1.0 1.0 1.0 1.0 1.0 
1.0 1.0 1.0 1.0 1.0 1.0 1.0 0.0 1.0 1.0 1.0 1.0 1.0 1.0 1.0 1.0 1.0 1.0 1.0 1.0 1.0 1.0 1.0 1.0 1.0 1.0 1.0 1.0 1.0 1.0 1.0 1.0 
1.0 1.0 1.0 1.0 1.0 1.0 1.0 1.0 0.0 1.0 1.0 1.0 1.0 1.0 1.0 1.0 1.0 1.0 1.0 1.0 1.0 1.0 1.0 1.0 1.0 1.0 1.0 1.0 1.0 1.0 1.0 1.0 
1.0 1.0 1.0 1.0 1.0 1.0 1.0 1.0 1.0 0.0 1.0 1.0 1.0 1.0 1.0 1.0 1.0 1.0 1.0 1.0 1.0 1.0 1.0 1.0 1.0 1.0 1.0 1.0 1.0 1.0 1.0 1.0 
1.0 1.0 1.0 1.0 1.0 1.0 1.0 1.0 1.0 1.0 0.0 1.0 1.0 1.0 1.0 1.0 1.0 1.0 1.0 1.0 1.0 1.0 1.0 1.0 1.0 1.0 1.0 1.0 1.0 1.0 1.0 1.0 
1.0 1.0 1.0 1.0 1.0 1.0 1.0 1.0 1.0 1.0 1.0 0.0 1.0 1.0 1.0 1.0 1.0 1.0 1.0 1.0 1.0 1.0 1.0 1.0 1.0 1.0 1.0 1.0 1.0 1.0 1.0 1.0 
1.0 1.0 1.0 1.0 1.0 1.0 1.0 1.0 1.0 1.0 1.0 1.0 0.0 1.0 1.0 1.0 1.0 1.0 1.0 1.0 1.0 1.0 1.0 1.0 1.0 1.0 1.0 1.0 1.0 1.0 1.0 1.0 
1.0 1.0 1.0 1.0 1.0 1.0 1.0 1.0 1.0 1.0 1.0 1.0 1.0 0.0 1.0 1.0 1.0 1.0 1.0 1.0 1.0 1.0 1.0 1.0 1.0 1.0 1.0 1.0 1.0 1.0 1.0 1.0 
1.0 1.0 1.0 1.0 1.0 1.0 1.0 1.0 1.0 1.0 1.0 1.0 1.0 1.0 0.0 1.0 1.0 1.0 1.0 1.0 1.0 1.0 1.0 1.0 1.0 1.0 1.0 1.0 1.0 1.0 1.0 1.0 
1.0 1.0 1.0 1.0 1.0 1.0 1.0 1.0 1.0 1.0 1.0 1.0 1.0 1.0 1.0 0.0 1.0 1.0 1.0 1.0 1.0 1.0 1.0 1.0 1.0 1.0 1.0 1.0 1.0 1.0 1.0 1.0 
1.0 1.0 1.0 1.0 1.0 1.0 1.0 1.0 1.0 1.0 1.0 1.0 1.0 1.0 1.0 1.0 0.0 1.0 1.0 1.0 1.0 1.0 1.0 1.0 1.0 1.0 1.0 1.0 1.0 1.0 1.0 1.0 
1.0 1.0 1.0 1.0 1.0 1.0 1.0 1.0 1.0 1.0 1.0 1.0 1.0 1.0 1.0 1.0 1.0 0.0 1.0 1.0 1.0 1.0 1.0 1.0 1.0 1.0 1.0 1.0 1.0 1.0 1.0 1.0 
1.0 1.0 1.0 1.0 1.0 1.0 1.0 1.0 1.0 1.0 1.0 1.0 1.0 1.0 1.0 1.0 1.0 1.0 0.0 1.0 1.0 1.0 1.0 1.0 1.0 1.0 1.0 1.0 1.0 1.0 1.0 1.0 
1.0 1.0 1.0 1.0 1.0 1.0 1.0 1.0 1.0 1.0 1.0 1.0 1.0 1.0 1.0 1.0 1.0 1.0 1.0 0.0 1.0 1.0 1.0 1.0 1.0 1.0 1.0 1.0 1.0 1.0 1.0 1.0 
1.0 1.0 1.0 1.0 1.0 1.0 1.0 1.0 1.0 1.0 1.0 1.0 1.0 1.0 1.0 1.0 1.0 1.0 1.0 1.0 0.0 1.0 1.0 1.0 1.0 1.0 1.0 1.0 1.0 1.0 1.0 1.0 
1.0 1.0 1.0 1.0 1.0 1.0 1.0 1.0 1.0 1.0 1.0 1.0 1.0 1.0 1.0 1.0 1.0 1.0 1.0 1.0 1.0 0.0 1.0 1.0 1.0 1.0 1.0 1.0 1.0 1.0 1.0 1.0 
1.0 1.0 1.0 1.0 1.0 1.0 1.0 1.0 1.0 1.0 1.0 1.0 1.0 1.0 1.0 1.0 1.0 1.0 1.0 1.0 1.0 1.0 0.0 1.0 1.0 1.0 1.0 1.0 1.0 1.0 1.0 1.0 
1.0 1.0 1.0 1.0 1.0 1.0 1.0 1.0 1.0 1.0 1.0 1.0 1.0 1.0 1.0 1.0 1.0 1.0 1.0 1.0 1.0 1.0 1.0 0.0 1.0 1.0 1.0 1.0 1.0 1.0 1.0 1.0 
1.0 1.0 1.0 1.0 1.0 1.0 1.0 1.0 1.0 1.0 1.0 1.0 1.0 1.0 1.0 1.0 1.0 1.0 1.0 1.0 1.0 1.0 1.0 1.0 0.0 1.0 1.0 1.0 1.0 1.0 1.0 1.0 
1.0 1.0 1.0 1.0 1.0 1.0 1.0 1.0 1.0 1.0 1.0 1.0 1.0 1.0 1.0 1.0 1.0 1.0 1.0 1.0 1.0 1.0 1.0 1.0 1.0 0.0 1.0 1.0 1.0 1.0 1.0 1.0 
1.0 1.0 1.0 1.0 1.0 1.0 1.0 1.0 1.0 1.0 1.0 1.0 1.0 1.0 1.0 1.0 1.0 1.0 1.0 1.0 1.0 1.0 1.0 1.0 1.0 1.0 0.0 1.0 1.0 1.0 1.0 1.0 
1.0 1.0 1.0 1.0 1.0 1.0 1.0 1.0 1.0 1.0 1.0 1.0 1.0 1.0 1.0 1.0 1.0 1.0 1.0 1.0 1.0 1.0 1.0 1.0 1.0 1.0 1.0 0.0 1.0 1.0 1.0 1.0 
1.0 1.0 1.0 1.0 1.0 1.0 1.0 1.0 1.0 1.0 1.0 1.0 1.0 1.0 1.0 1.0 1.0 1.0 1.0 1.0 1.0 1.0 1.0 1.0 1.0 1.0 1.0 1.0 0.0 1.0 1.0 1.0 
1.0 1.0 1.0 1.0 1.0 1.0 1.0 1.0 1.0 1.0 1.0 1.0 1.0 1.0 1.0 1.0 1.0 1.0 1.0 1.0 1.0 1.0 1.0 1.0 1.0 1.0 1.0 1.0 1.0 0.0 1.0 1.0 
1.0 1.0 1.0 1.0 1.0 1.0 1.0 1.0 1.0 1.0 1.0 1.0 1.0 1.0 1.0 1.0 1.0 1.0 1.0 1.0 1.0 1.0 1.0 1.0 1.0 1.0 1.0 1.0 1.0 1.0 0.0 1.0 
1.0 1.0 1.0 1.0 1.0 1.0 1.0 1.0 1.0 1.0 1.0 1.0 1.0 1.0 1.0 1.0 1.0 1.0 1.0 1.0 1.0 1.0 1.0 1.0 1.0 1.0 1.0 1.0 1.0 1.0 1.0 0.0 