16
31 84 87 4 55 71 67 1 64 73 51 51 10 75 41 94 
56 86 88 76 81 37 65 42 37 58 56 11 26 57 4 8 
94 54 13 96 65 10 80 1 14 100 59 62 2 45 97 74 
41 1 8 10 19 72 19 97 16 83 55 62 74 76 4 1 
41 42 69 64 12 68 78 74 38 17 46 12 28 50 4 81 
54 58 62 60 96 63 89 68 95 1 42 10 46 62 28 12 
3 61 84 93 92 32 11 16 48 79 37 29 55 10 51 18 
42 93 10 15 6 12 81 54 26 43 92 27 51 6 28 83 
16 82 87 75 99 3 15 31 72 20 99 43 37 56 2 18 
52 59 58 40 20 68 61 52 56 33 62 82 10 87 92 25 
35 12 46 97 82 94 2 79 63 38 57 67 93 97 17 33 
22 15 97 25 23 47 24 4 17 58 36 78 58 86 50 56 
38 99 99 89 48 82 80 5 90 87 35 78 16 75 4 90 
25 51 71 23 93 43 55 20 5 47 87 64 60 9 41 64 
32 47 10 4 74 12 36 95 29 53 77 87 38 77 45 76 
26 80 49 12 39 39 100 78 18 48 9 77 69 78 39 52 
0.0 1.0 1.0 1.0 1.0 1.0 1.0 1.0 1.0 1.0 1.0 1.0 1.0 1.0 1.0 1.0 
1.0 0.0 1.0 1.0 1.0 1.0 1.0 1.0 1.0 1.0 1.0 1.0 1.0 1.0 1.0 1.0 
1.0 1.0 0.0 1.0 1.0 1.0 1.0 1.0 1.0 1.0 1.0 1.0 1.0 1.0 1.0 1.0 
1.0 1.0 1.0 0.0 1.0 1.0 1.0 1.0 1.0 1.0 1.0 1.0 1.0 1.0 1.0 1.0 
1.0 1.0 1.0 1.0 0.0 1.0 1.0 1.0 1.0 1.0 1.0 1.0 1.0 1.0 1.0 1.0 
1.0 1.0 1.0 1.0 1.0 0.0 1.0 1.0 1.0 1.0 1.0 1.0 1.0 1.0 1.0 1.0 
1.0 1.0 1.0 1.0 1.0 1.0 0.0 1.0 1.0 1.0 1.0 1.0 1.0 1.0 1.0 1.0 
1.0 1.0 1.0 1.0 1.0 1.0 1.0 0.0 1.0 1.0 1.0 1.0 1.0 1.0 1.0 1.0 
1.0 1.0 1.0 1.0 1.0 1.0 1.0 1.0 0.0 1.0 1.0 1.0 1.0 1.0 1.0 1.0 
1.0 1.0 1.0 1.0 1.0 1.0 1.0 1.0 1.0 0.0 1.0 1.0 1.0 1.0 1.0 1.0 
1.0 1.0 1.0 1.0 1.0 1.0 1.0 1.0 1.0 1.0 0.0 1.0 1.0 1.0 1.0 1.0 
1.0 1.0 1.0 1.0 1.0 1.0 1.0 1.0 1.0 1.0 1.0 0.0 1.0 1.0 1.0 1.0 
1.0 1.0 1.0 1.0 1.0 1.0 1.0 1.0 1.0 1.0 1.0 1.0 0.0 1.0 1.0 1.0 
1.0 1.0 1.0 1.0 1.0 1.0 1.0 1.0 1.0 1.0 1.0 1.0 1.0 0.0 1.0 1.0 
1.0 1.0 1.0 1.0 1.0 1.0 1.0 1.0 1.0 1.0 1.0 1.0 1.0 1.0 0.0 1.0 
1.0 1.0 1.0 1.0 1.0 1.0 1.0 1.0 1.0 1.0 1.0 1.0 1.0 1.0 1.0 0.0 