16
49 66 27 59 68 91 55 40 13 60 57 33 75 52 74 46 
5 58 10 64 63 67 53 51 32 64 69 70 11 72 31 34 
88 93 70 24 74 27 22 53 45 70 38 62 50 32 29 72 
74 67 42 41 46 37 77 26 77 21 73 58 86 71 3 86 
38 64 6 58 99 71 21 25 26 20 22 40 69 23 51 53 
100 50 86 38 27 72 41 25 42 66 74 54 59 21 74 70 
82 48 82 65 4 89 65 80 40 64 6 33 31 63 94 6 
56 99 40 93 11 64 66 63 53 65 7 13 89 77 8 84 
67 84 13 15 12 78 48 95 41 89 1 32 4 83 83 10 
29 94 78 20 80 72 75 100 88 83 81 86 36 70 40 39 
93 91 4 33 54 50 50 60 63 62 17 26 25 89 30 87 
93 83 65 63 87 49 13 19 30 61 31 51 75 68 99 35 
89 63 100 35 6 67 98 79 22 52 73 78 84 28 54 52 
81 3 74 67 6 30 53 37 47 79 31 18 80 82 92 48 
84 32 14 11 94 7 16 100 29 77 11 78 98 45 43 4 
91 90 36 5 13 62 54 52 51 87 21 62 94 71 10 75 
0.0 1.0 1.0 1.0 1.0 1.0 1.0 1.0 1.0 1.0 1.0 1.0 1.0 1.0 1.0 1.0 
1.0 0.0 1.0 1.0 1.0 1.0 1.0 1.0 1.0 1.0 1.0 1.0 1.0 1.0 1.0 1.0 
1.0 1.0 0.0 1.0 1.0 1.0 1.0 1.0 1.0 1.0 1.0 1.0 1.0 1.0 1.0 1.0 
1.0 1.0 1.0 0.0 1.0 1.0 1.0 1.0 1.0 1.0 1.0 1.0 1.0 1.0 1.0 1.0 
1.0 1.0 1.0 1.0 0.0 1.0 1.0 1.0 1.0 1.0 1.0 1.0 1.0 1.0 1.0 1.0 
1.0 1.0 1.0 1.0 1.0 0.0 1.0 1.0 1.0 1.0 1.0 1.0 1.0 1.0 1.0 1.0 
1.0 1.0 1.0 1.0 1.0 1.0 0.0 1.0 1.0 1.0 1.0 1.0 1.0 1.0 1.0 1.0 
1.0 1.0 1.0 1.0 1.0 1.0 1.0 0.0 1.0 1.0 1.0 1.0 1.0 1.0 1.0 1.0 
1.0 1.0 1.0 1.0 1.0 1.0 1.0 1.0 0.0 1.0 1.0 1.0 1.0 1.0 1.0 1.0 
1.0 1.0 1.0 1.0 1.0 1.0 1.0 1.0 1.0 0.0 1.0 1.0 1.0 1.0 1.0 1.0 
1.0 1.0 1.0 1.0 1.0 1.0 1.0 1.0 1.0 1.0 0.0 1.0 1.0 1.0 1.0 1.0 
1.0 1.0 1.0 1.0 1.0 1.0 1.0 1.0 1.0 1.0 1.0 0.0 1.0 1.0 1.0 1.0 
1.0 1.0 1.0 1.0 1.0 1.0 1.0 1.0 1.0 1.0 1.0 1.0 0.0 1.0 1.0 1.0 
1.0 1.0 1.0 1.0 1.0 1.0 1.0 1.0 1.0 1.0 1.0 1.0 1.0 0.0 1.0 1.0 
1.0 1.0 1.0 1.0 1.0 1.0 1.0 1.0 1.0 1.0 1.0 1.0 1.0 1.0 0.0 1.0 
1.0 1.0 1.0 1.0 1.0 1.0 1.0 1.0 1.0 1.0 1.0 1.0 1.0 1.0 1.0 0.0 