64
49 60 5 85 70 43 4 53 57 87 52 11 25 2 4 12 56 37 97 89 34 70 31 92 65 39 39 5 67 100 19 72 43 46 22 100 68 32 11 1 26 21 47 33 23 72 66 80 19 32 99 33 18 89 97 72 49 29 99 82 53 69 43 45 
68 9 68 86 26 9 27 1 6 49 30 19 6 27 94 87 94 81 3 73 80 45 80 6 88 58 12 31 92 35 71 85 79 1 73 16 93 38 20 97 79 45 11 30 66 31 76 47 36 50 38 22 67 26 39 44 92 54 25 97 86 23 100 43 
16 79 18 9 70 89 4 7 54 94 47 19 26 68 25 75 82 54 20 4 13 68 20 66 44 76 37 35 76 13 46 79 96 14 7 77 67 3 79 27 47 96 77 77 83 4 72 63 86 54 13 12 48 66 46 47 83 3 72 80 83 83 32 89 
55 10 31 31 16 78 6 78 50 53 11 43 66 86 40 69 92 11 65 10 28 81 68 58 36 50 94 17 84 70 74 36 43 74 96 82 100 71 30 74 75 17 71 53 13 3 24 49 86 22 62 96 19 62 36 79 68 25 48 24 95 80 24 77 
44 50 91 83 27 94 79 89 95 71 75 11 52 68 79 74 98 77 55 59 83 27 26 17 16 45 58 80 62 31 37 89 74 95 84 37 39 14 60 46 58 6 46 31 37 51 49 39 61 79 85 20 15 75 62 64 39 16 68 43 58 14 13 64 
87 82 84 87 37 57 68 63 1 55 2 56 70 11 55 93 59 49 42 89 97 100 91 59 72 70 59 91 47 96 88 18 50 39 13 33 21 60 23 91 28 61 74 14 26 78 99 75 30 26 96 85 77 26 81 81 44 75 14 5 12 25 39 96 
65 84 68 29 82 7 51 49 14 73 40 17 70 57 77 4 6 31 62 24 20 49 93 80 85 93 31 1 70 43 87 96 48 16 37 54 48 47 97 23 48 21 51 69 31 56 48 13 24 89 89 60 53 68 43 10 86 55 37 71 91 38 11 85 
50 36 11 26 92 47 21 31 87 84 61 60 4 13 90 84 70 61 46 65 56 33 6 80 69 83 4 73 95 67 37 81 70 70 68 50 21 57 60 87 12 84 42 2 92 84 8 61 25 97 98 100 79 16 4 70 20 4 73 10 76 73 49 44 
32 54 37 94 60 64 82 68 11 26 50 18 7 3 16 72 24 55 18 51 22 66 7 10 54 72 79 99 15 18 9 78 93 26 86 25 71 76 59 19 61 29 94 89 60 44 33 86 24 84 42 1 34 100 70 49 60 95 51 1 14 66 37 45 
46 79 30 19 1 60 36 70 41 69 32 12 13 64 86 19 49 70 75 19 27 63 74 41 40 17 95 20 19 99 60 4 27 67 96 95 56 45 6 54 37 25 87 43 73 21 25 5 68 74 85 22 31 12 52 99 40 61 45 78 44 74 26 71 
12 10 19 90 89 64 48 18 67 77 65 27 78 91 18 91 100 80 55 22 34 47 1 49 36 98 52 15 47 41 34 38 58 85 43 8 87 20 6 97 61 35 11 61 21 20 54 24 86 60 4 1 37 34 90 71 93 32 91 13 35 62 65 20 
18 34 78 20 87 57 13 5 43 97 35 10 38 31 60 57 81 73 52 54 8 75 4 4 69 53 92 13 2 80 37 45 13 37 27 98 46 56 23 61 88 14 68 61 59 40 99 67 46 39 77 98 39 69 26 31 75 40 42 24 63 55 38 39 
11 90 69 35 32 76 91 35 61 59 1 88 83 26 10 55 58 69 1 41 48 46 53 46 84 15 54 31 90 88 88 54 95 54 18 82 17 8 70 55 84 77 71 15 76 59 37 56 78 65 38 1 69 20 62 43 69 65 22 51 7 21 36 54 
29 25 61 6 70 47 85 85 20 33 57 46 99 14 42 75 99 11 38 92 28 46 25 5 74 13 54 19 55 89 48 36 78 79 100 7 20 99 57 69 24 83 57 50 95 73 52 93 29 8 19 19 76 17 2 4 91 34 92 36 23 31 47 40 
98 33 26 46 94 45 5 62 19 79 78 94 34 3 41 8 84 59 36 24 18 41 39 88 18 98 21 67 39 1 67 49 94 97 60 78 86 55 23 22 62 50 77 62 37 34 84 98 30 19 4 82 25 68 3 49 13 69 84 90 37 55 29 47 
5 93 100 64 84 27 27 36 3 50 67 25 80 7 1 37 37 58 19 24 88 61 74 99 61 74 78 1 35 13 71 53 27 87 24 37 14 14 64 7 27 28 13 29 64 45 74 88 11 71 10 65 92 99 64 62 7 14 48 73 56 43 98 6 
86 92 77 12 89 97 7 87 48 47 6 73 65 88 97 4 58 51 22 59 86 12 39 63 96 18 78 100 60 6 2 25 11 85 59 82 54 28 5 32 88 29 95 75 96 21 28 80 28 22 73 18 77 91 90 53 25 91 76 89 25 5 40 35 
91 52 89 55 7 71 25 94 96 85 28 52 25 78 31 28 91 70 77 20 30 85 93 58 98 27 78 4 43 66 90 53 26 98 25 81 5 50 41 19 99 81 9 91 71 46 17 85 29 84 44 71 44 57 38 18 74 99 26 70 54 86 9 46 
83 14 82 81 33 19 76 9 69 27 55 52 32 32 76 5 8 25 100 23 17 27 11 26 34 44 32 64 94 13 78 12 13 81 87 94 76 35 15 59 81 90 31 36 71 93 46 48 54 39 88 8 11 70 12 81 2 71 69 65 60 41 20 41 
60 61 80 39 2 12 52 53 1 24 85 73 25 42 15 98 24 5 11 44 77 41 65 21 94 49 15 37 38 12 90 32 47 27 88 31 59 24 77 77 92 9 40 44 25 51 77 91 88 25 54 39 93 85 82 43 73 15 15 73 18 69 24 94 
76 57 1 45 36 79 5 95 35 47 46 51 44 94 97 29 37 31 96 4 10 24 9 56 47 61 40 93 9 87 11 55 53 28 100 85 69 95 33 45 15 93 51 24 27 39 50 32 24 60 53 41 3 15 23 25 29 17 83 2 99 74 23 76 
97 20 8 28 50 27 57 16 84 86 65 34 64 65 75 71 47 40 28 39 46 10 68 23 14 66 68 83 87 69 58 47 95 19 85 28 11 94 3 66 77 86 51 84 50 83 13 30 97 62 50 27 59 83 96 46 76 2 86 97 54 58 29 23 
38 78 95 96 76 68 75 2 14 59 55 12 67 52 58 54 98 19 47 32 23 75 3 50 2 45 90 81 54 37 4 17 26 61 84 47 73 35 72 81 95 5 77 88 27 96 94 42 19 57 83 8 62 67 60 47 7 87 11 17 67 82 91 85 
87 31 16 53 29 45 71 63 19 26 65 13 64 26 43 18 96 41 62 82 75 49 63 31 15 38 71 37 14 15 31 10 7 50 96 57 86 32 71 89 100 80 83 54 82 93 36 9 30 100 52 64 78 1 57 21 13 90 32 94 64 64 44 25 
60 88 25 4 21 63 51 65 96 17 74 88 96 75 84 43 58 32 67 32 12 45 96 14 7 100 11 61 72 76 27 75 25 9 46 54 51 52 15 68 51 63 73 46 12 82 89 50 18 89 11 69 50 36 100 96 74 82 62 98 99 48 83 38 
73 5 79 81 10 84 89 72 75 16 100 29 54 71 67 15 96 19 98 54 72 75 46 92 25 93 66 93 6 21 14 54 13 28 43 80 85 34 66 63 41 84 47 93 48 51 88 72 25 77 42 79 74 80 57 100 55 61 53 38 47 76 34 11 
22 46 4 56 73 73 61 25 100 41 95 17 18 74 84 14 62 74 33 77 91 77 70 2 30 84 22 75 35 60 33 33 26 4 61 30 71 100 91 75 56 39 70 54 87 95 50 13 63 50 43 22 77 8 38 37 28 91 64 98 98 7 87 24 
96 37 10 52 29 69 33 76 98 39 34 99 48 58 53 62 78 69 43 8 9 31 61 87 83 35 80 45 59 6 96 84 69 52 21 39 58 84 54 70 49 100 58 24 74 55 92 87 82 91 22 47 4 52 19 45 53 56 17 2 79 87 16 83 
18 64 93 100 16 89 3 70 24 32 86 63 57 100 49 9 10 4 47 40 84 39 6 62 94 35 9 88 7 49 90 55 73 6 80 75 79 70 84 17 6 35 77 32 58 8 91 7 100 80 85 75 68 83 30 61 3 44 53 96 39 20 24 76 
63 20 82 45 96 21 35 49 61 98 99 69 50 45 11 96 66 90 24 15 86 4 73 32 47 4 41 3 76 62 49 31 24 92 64 26 91 34 96 14 20 4 89 6 94 84 49 22 67 13 29 92 7 17 86 89 1 65 12 49 73 45 20 74 
4 17 8 13 32 92 33 70 46 62 63 74 18 86 74 54 91 81 77 79 59 14 18 37 3 69 16 88 52 52 59 88 66 79 36 22 4 66 69 56 64 46 52 83 24 87 51 78 46 30 80 12 40 67 83 85 10 17 80 90 50 6 36 49 
95 43 56 72 75 7 56 41 13 53 68 35 4 20 74 21 24 35 43 96 88 43 27 75 8 4 17 91 23 86 4 74 82 96 67 34 93 10 35 98 11 71 84 41 45 20 86 82 51 48 29 91 70 68 100 57 70 48 62 8 20 89 4 88 
86 69 31 2 47 17 14 17 62 87 9 73 26 92 93 36 38 67 27 87 59 47 22 30 78 69 49 27 82 74 29 19 9 34 2 51 97 41 74 12 57 32 29 16 87 89 94 38 59 76 3 45 46 65 63 10 90 41 40 34 60 92 74 90 
60 11 10 18 94 25 31 37 96 37 1 9 45 98 4 89 23 8 19 36 2 48 61 18 82 15 40 14 85 13 32 43 54 86 76 75 57 91 42 56 98 1 96 87 81 94 26 60 88 99 94 49 67 20 85 71 12 12 42 26 67 40 57 96 
16 46 31 87 82 41 95 25 94 13 71 2 72 3 60 61 95 83 21 59 10 65 96 54 43 31 96 11 80 55 9 31 24 28 33 1 90 7 30 96 51 23 85 18 63 18 19 18 85 54 18 57 38 62 13 63 16 88 22 37 90 75 14 29 
89 34 55 44 88 81 60 11 55 94 92 100 15 36 84 34 29 14 41 45 23 79 23 6 90 87 70 41 60 66 66 20 91 88 23 54 29 18 78 18 59 21 91 50 55 44 11 73 26 39 71 98 34 23 71 38 78 54 51 70 14 69 11 11 
57 25 45 71 92 58 33 25 45 30 14 25 27 38 69 54 44 74 89 88 64 74 95 73 69 33 40 64 10 42 70 50 47 48 51 20 17 11 38 53 8 70 90 60 56 10 7 25 31 25 79 60 75 84 21 82 12 88 16 32 10 25 20 8 
97 1 58 44 63 32 29 20 47 73 16 75 72 18 35 51 9 29 89 24 29 79 7 74 17 69 74 100 73 22 34 49 5 28 53 53 83 61 79 5 30 22 97 73 50 11 96 3 83 24 64 3 86 98 8 45 43 87 38 18 36 33 25 8 
59 3 34 30 30 30 34 29 57 84 40 61 15 65 68 79 62 12 15 35 37 58 35 57 11 50 5 99 20 18 31 1 90 97 67 86 58 38 52 18 26 28 72 100 50 11 74 85 19 16 72 90 87 96 20 69 15 30 30 27 94 82 73 66 
98 7 57 88 98 27 83 1 2 52 67 14 31 10 74 60 88 98 62 35 26 72 80 53 74 8 77 1 65 18 37 1 100 66 36 95 100 93 25 13 3 22 85 27 45 59 55 2 20 19 12 53 88 42 87 75 83 75 81 27 94 86 55 57 
73 35 42 38 75 60 99 16 95 19 13 4 97 56 76 71 32 25 23 52 91 67 96 92 29 85 95 18 48 55 25 97 12 8 35 23 1 36 65 18 93 96 82 43 15 94 49 19 35 42 61 79 41 41 58 62 45 21 97 29 45 100 95 42 
83 32 85 44 79 27 21 61 37 12 33 7 3 33 35 15 20 65 60 99 62 45 38 57 68 59 72 25 88 14 86 45 20 97 24 54 44 78 74 35 49 84 98 88 77 9 4 79 94 46 32 29 52 97 70 49 79 45 57 5 85 46 99 12 
65 52 64 75 17 33 66 33 59 53 67 22 81 7 57 96 76 84 59 66 17 58 74 55 16 40 94 39 36 74 29 18 20 35 70 32 49 38 73 45 53 20 16 33 51 99 88 8 47 8 69 63 45 32 77 59 54 90 62 4 13 66 32 22 
72 45 59 41 49 92 32 45 73 32 2 85 90 39 52 92 97 64 45 96 5 31 50 43 86 99 33 49 75 10 73 78 47 49 84 67 2 27 92 78 71 63 52 15 5 16 17 78 77 21 32 80 30 51 26 60 6 21 71 20 77 89 35 82 
32 64 36 74 69 27 2 99 54 9 70 72 32 74 80 12 42 6 100 94 56 35 42 65 77 90 48 11 66 75 91 72 32 87 80 92 67 65 20 45 64 72 51 41 82 62 1 91 29 50 79 52 13 12 10 87 91 52 87 6 99 93 23 80 
3 65 43 98 44 40 38 45 92 55 64 4 79 80 21 39 34 80 72 93 59 100 86 75 58 14 27 59 98 55 84 43 68 96 23 94 16 25 32 3 11 53 39 86 77 62 94 6 13 83 84 85 40 65 77 38 30 38 75 69 52 8 27 81 
25 24 14 77 85 1 12 88 56 11 48 90 93 85 59 43 60 8 46 98 15 57 57 67 30 86 95 97 9 59 17 84 40 81 41 77 92 19 18 89 8 31 36 60 37 22 36 3 46 78 45 79 61 76 26 15 21 70 34 31 28 78 72 73 
42 24 78 75 15 44 95 65 86 53 2 26 20 56 18 95 13 15 53 76 55 35 75 87 94 32 70 20 58 35 94 24 64 73 31 35 33 12 3 89 75 62 74 27 71 31 1 61 94 49 84 11 74 72 100 82 15 81 57 61 36 60 37 55 
28 18 64 12 18 85 90 17 89 7 52 86 46 59 97 25 7 70 32 82 27 2 40 51 40 70 95 15 52 50 46 4 67 11 87 19 31 5 72 100 4 2 47 94 37 32 31 2 24 20 61 67 91 19 15 63 91 100 90 74 96 78 37 54 
78 90 89 18 45 80 11 2 8 76 39 83 30 73 68 16 29 81 34 38 20 31 17 24 89 85 97 14 93 49 93 34 47 27 21 61 19 53 51 36 54 41 74 36 65 6 66 44 29 29 82 89 63 62 79 65 68 13 3 14 1 82 31 97 
99 28 82 8 75 57 62 56 76 67 24 11 58 37 45 14 11 65 55 89 87 37 6 28 49 100 72 83 81 62 65 48 27 13 53 10 97 21 88 31 42 61 13 34 59 33 73 43 5 33 23 68 14 72 41 70 43 70 52 49 5 22 10 39 
51 27 32 29 52 78 55 89 42 83 7 55 42 4 93 54 80 4 100 76 70 27 48 8 12 20 53 57 30 50 100 4 92 42 63 61 97 35 52 42 24 50 31 53 64 29 33 97 42 85 46 69 50 45 3 54 32 97 63 45 7 41 19 97 
97 37 95 4 16 57 35 42 71 33 62 71 48 11 9 71 29 79 31 89 93 4 60 95 2 75 57 38 94 1 33 9 93 18 48 73 53 12 66 25 9 42 59 36 63 69 49 56 44 24 20 2 49 83 21 84 39 8 65 10 97 33 92 34 
25 81 16 88 29 36 24 6 65 7 61 85 64 69 26 36 62 18 1 74 100 17 54 62 19 55 26 76 46 27 76 31 43 75 7 56 53 38 89 44 10 1 46 94 13 8 80 17 43 37 18 23 60 16 19 22 94 98 53 65 30 15 19 12 
76 12 6 33 67 5 36 28 96 52 51 55 67 29 43 1 54 13 1 50 45 92 99 77 9 47 99 93 100 24 70 82 25 60 3 63 34 80 26 5 84 52 56 6 64 2 32 58 9 65 100 11 35 76 63 51 48 19 70 56 24 69 22 8 
96 57 83 72 98 83 51 75 7 75 15 18 58 61 71 18 68 22 86 38 96 14 4 44 3 16 1 27 98 53 84 33 8 77 31 83 58 80 48 63 40 12 33 28 58 61 52 39 88 21 37 71 78 38 28 10 88 94 71 77 69 30 2 16 
48 83 21 26 53 24 62 96 81 5 77 92 1 87 42 11 92 11 30 36 36 42 100 88 1 14 90 41 84 77 100 8 44 49 75 86 17 39 33 84 3 55 86 86 70 10 98 58 79 88 72 7 90 31 9 11 38 62 92 42 33 84 63 34 
6 83 98 29 59 72 79 76 7 11 62 89 57 12 13 55 90 30 38 28 46 93 25 90 67 3 8 84 83 44 15 47 98 11 72 46 81 18 85 26 45 100 49 26 86 29 81 20 32 84 15 56 99 7 4 73 36 59 48 62 35 5 51 73 
39 69 53 43 42 56 42 97 52 43 6 40 55 48 21 90 97 75 79 22 88 79 95 48 15 3 96 17 54 21 14 64 57 41 81 59 32 2 76 39 82 32 19 37 8 4 31 92 48 51 20 55 21 21 81 46 100 49 72 3 84 33 32 59 
66 90 18 100 71 19 47 18 64 15 6 91 85 16 48 100 32 52 49 6 7 34 73 71 52 81 55 23 2 61 81 65 72 66 19 51 75 33 60 94 84 93 21 19 16 88 69 99 72 17 93 40 25 91 48 50 49 33 27 93 92 71 76 16 
87 50 39 76 27 36 55 56 5 44 85 42 94 72 18 51 73 38 32 35 3 42 48 93 46 91 22 69 70 89 81 77 68 58 79 12 45 83 28 92 87 12 25 69 28 59 5 62 34 91 14 15 64 47 59 52 77 12 10 86 46 90 26 8 
92 71 95 70 26 76 18 13 73 63 57 1 28 18 67 34 98 9 25 68 29 29 47 70 65 55 89 33 51 28 45 59 62 65 41 4 43 81 44 78 28 61 47 32 80 46 72 38 53 49 29 52 27 37 90 18 81 36 9 53 88 33 90 42 
28 66 12 93 93 12 57 53 6 60 26 96 76 96 6 99 71 67 53 13 8 62 20 88 10 13 16 85 88 72 32 26 40 6 85 4 26 72 16 8 77 13 79 47 15 15 45 55 92 30 33 33 56 6 21 82 45 37 89 47 82 4 82 58 
99 81 88 34 56 72 5 46 39 93 17 74 8 58 59 73 90 39 58 17 62 19 66 37 67 21 42 73 1 48 70 24 51 62 39 21 1 66 41 12 9 20 47 75 1 95 55 57 35 59 66 41 95 68 25 93 97 60 71 99 48 19 9 68 
0.0 1.0 1.0 1.0 1.0 1.0 1.0 1.0 1.0 1.0 1.0 1.0 1.0 1.0 1.0 1.0 1.0 1.0 1.0 1.0 1.0 1.0 1.0 1.0 1.0 1.0 1.0 1.0 1.0 1.0 1.0 1.0 1.0 1.0 1.0 1.0 1.0 1.0 1.0 1.0 1.0 1.0 1.0 1.0 1.0 1.0 1.0 1.0 1.0 1.0 1.0 1.0 1.0 1.0 1.0 1.0 1.0 1.0 1.0 1.0 1.0 1.0 1.0 1.0 
1.0 0.0 1.0 1.0 1.0 1.0 1.0 1.0 1.0 1.0 1.0 1.0 1.0 1.0 1.0 1.0 1.0 1.0 1.0 1.0 1.0 1.0 1.0 1.0 1.0 1.0 1.0 1.0 1.0 1.0 1.0 1.0 1.0 1.0 1.0 1.0 1.0 1.0 1.0 1.0 1.0 1.0 1.0 1.0 1.0 1.0 1.0 1.0 1.0 1.0 1.0 1.0 1.0 1.0 1.0 1.0 1.0 1.0 1.0 1.0 1.0 1.0 1.0 1.0 
1.0 1.0 0.0 1.0 1.0 1.0 1.0 1.0 1.0 1.0 1.0 1.0 1.0 1.0 1.0 1.0 1.0 1.0 1.0 1.0 1.0 1.0 1.0 1.0 1.0 1.0 1.0 1.0 1.0 1.0 1.0 1.0 1.0 1.0 1.0 1.0 1.0 1.0 1.0 1.0 1.0 1.0 1.0 1.0 1.0 1.0 1.0 1.0 1.0 1.0 1.0 1.0 1.0 1.0 1.0 1.0 1.0 1.0 1.0 1.0 1.0 1.0 1.0 1.0 
1.0 1.0 1.0 0.0 1.0 1.0 1.0 1.0 1.0 1.0 1.0 1.0 1.0 1.0 1.0 1.0 1.0 1.0 1.0 1.0 1.0 1.0 1.0 1.0 1.0 1.0 1.0 1.0 1.0 1.0 1.0 1.0 1.0 1.0 1.0 1.0 1.0 1.0 1.0 1.0 1.0 1.0 1.0 1.0 1.0 1.0 1.0 1.0 1.0 1.0 1.0 1.0 1.0 1.0 1.0 1.0 1.0 1.0 1.0 1.0 1.0 1.0 1.0 1.0 
1.0 1.0 1.0 1.0 0.0 1.0 1.0 1.0 1.0 1.0 1.0 1.0 1.0 1.0 1.0 1.0 1.0 1.0 1.0 1.0 1.0 1.0 1.0 1.0 1.0 1.0 1.0 1.0 1.0 1.0 1.0 1.0 1.0 1.0 1.0 1.0 1.0 1.0 1.0 1.0 1.0 1.0 1.0 1.0 1.0 1.0 1.0 1.0 1.0 1.0 1.0 1.0 1.0 1.0 1.0 1.0 1.0 1.0 1.0 1.0 1.0 1.0 1.0 1.0 
1.0 1.0 1.0 1.0 1.0 0.0 1.0 1.0 1.0 1.0 1.0 1.0 1.0 1.0 1.0 1.0 1.0 1.0 1.0 1.0 1.0 1.0 1.0 1.0 1.0 1.0 1.0 1.0 1.0 1.0 1.0 1.0 1.0 1.0 1.0 1.0 1.0 1.0 1.0 1.0 1.0 1.0 1.0 1.0 1.0 1.0 1.0 1.0 1.0 1.0 1.0 1.0 1.0 1.0 1.0 1.0 1.0 1.0 1.0 1.0 1.0 1.0 1.0 1.0 
1.0 1.0 1.0 1.0 1.0 1.0 0.0 1.0 1.0 1.0 1.0 1.0 1.0 1.0 1.0 1.0 1.0 1.0 1.0 1.0 1.0 1.0 1.0 1.0 1.0 1.0 1.0 1.0 1.0 1.0 1.0 1.0 1.0 1.0 1.0 1.0 1.0 1.0 1.0 1.0 1.0 1.0 1.0 1.0 1.0 1.0 1.0 1.0 1.0 1.0 1.0 1.0 1.0 1.0 1.0 1.0 1.0 1.0 1.0 1.0 1.0 1.0 1.0 1.0 
1.0 1.0 1.0 1.0 1.0 1.0 1.0 0.0 1.0 1.0 1.0 1.0 1.0 1.0 1.0 1.0 1.0 1.0 1.0 1.0 1.0 1.0 1.0 1.0 1.0 1.0 1.0 1.0 1.0 1.0 1.0 1.0 1.0 1.0 1.0 1.0 1.0 1.0 1.0 1.0 1.0 1.0 1.0 1.0 1.0 1.0 1.0 1.0 1.0 1.0 1.0 1.0 1.0 1.0 1.0 1.0 1.0 1.0 1.0 1.0 1.0 1.0 1.0 1.0 
1.0 1.0 1.0 1.0 1.0 1.0 1.0 1.0 0.0 1.0 1.0 1.0 1.0 1.0 1.0 1.0 1.0 1.0 1.0 1.0 1.0 1.0 1.0 1.0 1.0 1.0 1.0 1.0 1.0 1.0 1.0 1.0 1.0 1.0 1.0 1.0 1.0 1.0 1.0 1.0 1.0 1.0 1.0 1.0 1.0 1.0 1.0 1.0 1.0 1.0 1.0 1.0 1.0 1.0 1.0 1.0 1.0 1.0 1.0 1.0 1.0 1.0 1.0 1.0 
1.0 1.0 1.0 1.0 1.0 1.0 1.0 1.0 1.0 0.0 1.0 1.0 1.0 1.0 1.0 1.0 1.0 1.0 1.0 1.0 1.0 1.0 1.0 1.0 1.0 1.0 1.0 1.0 1.0 1.0 1.0 1.0 1.0 1.0 1.0 1.0 1.0 1.0 1.0 1.0 1.0 1.0 1.0 1.0 1.0 1.0 1.0 1.0 1.0 1.0 1.0 1.0 1.0 1.0 1.0 1.0 1.0 1.0 1.0 1.0 1.0 1.0 1.0 1.0 
1.0 1.0 1.0 1.0 1.0 1.0 1.0 1.0 1.0 1.0 0.0 1.0 1.0 1.0 1.0 1.0 1.0 1.0 1.0 1.0 1.0 1.0 1.0 1.0 1.0 1.0 1.0 1.0 1.0 1.0 1.0 1.0 1.0 1.0 1.0 1.0 1.0 1.0 1.0 1.0 1.0 1.0 1.0 1.0 1.0 1.0 1.0 1.0 1.0 1.0 1.0 1.0 1.0 1.0 1.0 1.0 1.0 1.0 1.0 1.0 1.0 1.0 1.0 1.0 
1.0 1.0 1.0 1.0 1.0 1.0 1.0 1.0 1.0 1.0 1.0 0.0 1.0 1.0 1.0 1.0 1.0 1.0 1.0 1.0 1.0 1.0 1.0 1.0 1.0 1.0 1.0 1.0 1.0 1.0 1.0 1.0 1.0 1.0 1.0 1.0 1.0 1.0 1.0 1.0 1.0 1.0 1.0 1.0 1.0 1.0 1.0 1.0 1.0 1.0 1.0 1.0 1.0 1.0 1.0 1.0 1.0 1.0 1.0 1.0 1.0 1.0 1.0 1.0 
1.0 1.0 1.0 1.0 1.0 1.0 1.0 1.0 1.0 1.0 1.0 1.0 0.0 1.0 1.0 1.0 1.0 1.0 1.0 1.0 1.0 1.0 1.0 1.0 1.0 1.0 1.0 1.0 1.0 1.0 1.0 1.0 1.0 1.0 1.0 1.0 1.0 1.0 1.0 1.0 1.0 1.0 1.0 1.0 1.0 1.0 1.0 1.0 1.0 1.0 1.0 1.0 1.0 1.0 1.0 1.0 1.0 1.0 1.0 1.0 1.0 1.0 1.0 1.0 
1.0 1.0 1.0 1.0 1.0 1.0 1.0 1.0 1.0 1.0 1.0 1.0 1.0 0.0 1.0 1.0 1.0 1.0 1.0 1.0 1.0 1.0 1.0 1.0 1.0 1.0 1.0 1.0 1.0 1.0 1.0 1.0 1.0 1.0 1.0 1.0 1.0 1.0 1.0 1.0 1.0 1.0 1.0 1.0 1.0 1.0 1.0 1.0 1.0 1.0 1.0 1.0 1.0 1.0 1.0 1.0 1.0 1.0 1.0 1.0 1.0 1.0 1.0 1.0 
1.0 1.0 1.0 1.0 1.0 1.0 1.0 1.0 1.0 1.0 1.0 1.0 1.0 1.0 0.0 1.0 1.0 1.0 1.0 1.0 1.0 1.0 1.0 1.0 1.0 1.0 1.0 1.0 1.0 1.0 1.0 1.0 1.0 1.0 1.0 1.0 1.0 1.0 1.0 1.0 1.0 1.0 1.0 1.0 1.0 1.0 1.0 1.0 1.0 1.0 1.0 1.0 1.0 1.0 1.0 1.0 1.0 1.0 1.0 1.0 1.0 1.0 1.0 1.0 
1.0 1.0 1.0 1.0 1.0 1.0 1.0 1.0 1.0 1.0 1.0 1.0 1.0 1.0 1.0 0.0 1.0 1.0 1.0 1.0 1.0 1.0 1.0 1.0 1.0 1.0 1.0 1.0 1.0 1.0 1.0 1.0 1.0 1.0 1.0 1.0 1.0 1.0 1.0 1.0 1.0 1.0 1.0 1.0 1.0 1.0 1.0 1.0 1.0 1.0 1.0 1.0 1.0 1.0 1.0 1.0 1.0 1.0 1.0 1.0 1.0 1.0 1.0 1.0 
1.0 1.0 1.0 1.0 1.0 1.0 1.0 1.0 1.0 1.0 1.0 1.0 1.0 1.0 1.0 1.0 0.0 1.0 1.0 1.0 1.0 1.0 1.0 1.0 1.0 1.0 1.0 1.0 1.0 1.0 1.0 1.0 1.0 1.0 1.0 1.0 1.0 1.0 1.0 1.0 1.0 1.0 1.0 1.0 1.0 1.0 1.0 1.0 1.0 1.0 1.0 1.0 1.0 1.0 1.0 1.0 1.0 1.0 1.0 1.0 1.0 1.0 1.0 1.0 
1.0 1.0 1.0 1.0 1.0 1.0 1.0 1.0 1.0 1.0 1.0 1.0 1.0 1.0 1.0 1.0 1.0 0.0 1.0 1.0 1.0 1.0 1.0 1.0 1.0 1.0 1.0 1.0 1.0 1.0 1.0 1.0 1.0 1.0 1.0 1.0 1.0 1.0 1.0 1.0 1.0 1.0 1.0 1.0 1.0 1.0 1.0 1.0 1.0 1.0 1.0 1.0 1.0 1.0 1.0 1.0 1.0 1.0 1.0 1.0 1.0 1.0 1.0 1.0 
1.0 1.0 1.0 1.0 1.0 1.0 1.0 1.0 1.0 1.0 1.0 1.0 1.0 1.0 1.0 1.0 1.0 1.0 0.0 1.0 1.0 1.0 1.0 1.0 1.0 1.0 1.0 1.0 1.0 1.0 1.0 1.0 1.0 1.0 1.0 1.0 1.0 1.0 1.0 1.0 1.0 1.0 1.0 1.0 1.0 1.0 1.0 1.0 1.0 1.0 1.0 1.0 1.0 1.0 1.0 1.0 1.0 1.0 1.0 1.0 1.0 1.0 1.0 1.0 
1.0 1.0 1.0 1.0 1.0 1.0 1.0 1.0 1.0 1.0 1.0 1.0 1.0 1.0 1.0 1.0 1.0 1.0 1.0 0.0 1.0 1.0 1.0 1.0 1.0 1.0 1.0 1.0 1.0 1.0 1.0 1.0 1.0 1.0 1.0 1.0 1.0 1.0 1.0 1.0 1.0 1.0 1.0 1.0 1.0 1.0 1.0 1.0 1.0 1.0 1.0 1.0 1.0 1.0 1.0 1.0 1.0 1.0 1.0 1.0 1.0 1.0 1.0 1.0 
1.0 1.0 1.0 1.0 1.0 1.0 1.0 1.0 1.0 1.0 1.0 1.0 1.0 1.0 1.0 1.0 1.0 1.0 1.0 1.0 0.0 1.0 1.0 1.0 1.0 1.0 1.0 1.0 1.0 1.0 1.0 1.0 1.0 1.0 1.0 1.0 1.0 1.0 1.0 1.0 1.0 1.0 1.0 1.0 1.0 1.0 1.0 1.0 1.0 1.0 1.0 1.0 1.0 1.0 1.0 1.0 1.0 1.0 1.0 1.0 1.0 1.0 1.0 1.0 
1.0 1.0 1.0 1.0 1.0 1.0 1.0 1.0 1.0 1.0 1.0 1.0 1.0 1.0 1.0 1.0 1.0 1.0 1.0 1.0 1.0 0.0 1.0 1.0 1.0 1.0 1.0 1.0 1.0 1.0 1.0 1.0 1.0 1.0 1.0 1.0 1.0 1.0 1.0 1.0 1.0 1.0 1.0 1.0 1.0 1.0 1.0 1.0 1.0 1.0 1.0 1.0 1.0 1.0 1.0 1.0 1.0 1.0 1.0 1.0 1.0 1.0 1.0 1.0 
1.0 1.0 1.0 1.0 1.0 1.0 1.0 1.0 1.0 1.0 1.0 1.0 1.0 1.0 1.0 1.0 1.0 1.0 1.0 1.0 1.0 1.0 0.0 1.0 1.0 1.0 1.0 1.0 1.0 1.0 1.0 1.0 1.0 1.0 1.0 1.0 1.0 1.0 1.0 1.0 1.0 1.0 1.0 1.0 1.0 1.0 1.0 1.0 1.0 1.0 1.0 1.0 1.0 1.0 1.0 1.0 1.0 1.0 1.0 1.0 1.0 1.0 1.0 1.0 
1.0 1.0 1.0 1.0 1.0 1.0 1.0 1.0 1.0 1.0 1.0 1.0 1.0 1.0 1.0 1.0 1.0 1.0 1.0 1.0 1.0 1.0 1.0 0.0 1.0 1.0 1.0 1.0 1.0 1.0 1.0 1.0 1.0 1.0 1.0 1.0 1.0 1.0 1.0 1.0 1.0 1.0 1.0 1.0 1.0 1.0 1.0 1.0 1.0 1.0 1.0 1.0 1.0 1.0 1.0 1.0 1.0 1.0 1.0 1.0 1.0 1.0 1.0 1.0 
1.0 1.0 1.0 1.0 1.0 1.0 1.0 1.0 1.0 1.0 1.0 1.0 1.0 1.0 1.0 1.0 1.0 1.0 1.0 1.0 1.0 1.0 1.0 1.0 0.0 1.0 1.0 1.0 1.0 1.0 1.0 1.0 1.0 1.0 1.0 1.0 1.0 1.0 1.0 1.0 1.0 1.0 1.0 1.0 1.0 1.0 1.0 1.0 1.0 1.0 1.0 1.0 1.0 1.0 1.0 1.0 1.0 1.0 1.0 1.0 1.0 1.0 1.0 1.0 
1.0 1.0 1.0 1.0 1.0 1.0 1.0 1.0 1.0 1.0 1.0 1.0 1.0 1.0 1.0 1.0 1.0 1.0 1.0 1.0 1.0 1.0 1.0 1.0 1.0 0.0 1.0 1.0 1.0 1.0 1.0 1.0 1.0 1.0 1.0 1.0 1.0 1.0 1.0 1.0 1.0 1.0 1.0 1.0 1.0 1.0 1.0 1.0 1.0 1.0 1.0 1.0 1.0 1.0 1.0 1.0 1.0 1.0 1.0 1.0 1.0 1.0 1.0 1.0 
1.0 1.0 1.0 1.0 1.0 1.0 1.0 1.0 1.0 1.0 1.0 1.0 1.0 1.0 1.0 1.0 1.0 1.0 1.0 1.0 1.0 1.0 1.0 1.0 1.0 1.0 0.0 1.0 1.0 1.0 1.0 1.0 1.0 1.0 1.0 1.0 1.0 1.0 1.0 1.0 1.0 1.0 1.0 1.0 1.0 1.0 1.0 1.0 1.0 1.0 1.0 1.0 1.0 1.0 1.0 1.0 1.0 1.0 1.0 1.0 1.0 1.0 1.0 1.0 
1.0 1.0 1.0 1.0 1.0 1.0 1.0 1.0 1.0 1.0 1.0 1.0 1.0 1.0 1.0 1.0 1.0 1.0 1.0 1.0 1.0 1.0 1.0 1.0 1.0 1.0 1.0 0.0 1.0 1.0 1.0 1.0 1.0 1.0 1.0 1.0 1.0 1.0 1.0 1.0 1.0 1.0 1.0 1.0 1.0 1.0 1.0 1.0 1.0 1.0 1.0 1.0 1.0 1.0 1.0 1.0 1.0 1.0 1.0 1.0 1.0 1.0 1.0 1.0 
1.0 1.0 1.0 1.0 1.0 1.0 1.0 1.0 1.0 1.0 1.0 1.0 1.0 1.0 1.0 1.0 1.0 1.0 1.0 1.0 1.0 1.0 1.0 1.0 1.0 1.0 1.0 1.0 0.0 1.0 1.0 1.0 1.0 1.0 1.0 1.0 1.0 1.0 1.0 1.0 1.0 1.0 1.0 1.0 1.0 1.0 1.0 1.0 1.0 1.0 1.0 1.0 1.0 1.0 1.0 1.0 1.0 1.0 1.0 1.0 1.0 1.0 1.0 1.0 
1.0 1.0 1.0 1.0 1.0 1.0 1.0 1.0 1.0 1.0 1.0 1.0 1.0 1.0 1.0 1.0 1.0 1.0 1.0 1.0 1.0 1.0 1.0 1.0 1.0 1.0 1.0 1.0 1.0 0.0 1.0 1.0 1.0 1.0 1.0 1.0 1.0 1.0 1.0 1.0 1.0 1.0 1.0 1.0 1.0 1.0 1.0 1.0 1.0 1.0 1.0 1.0 1.0 1.0 1.0 1.0 1.0 1.0 1.0 1.0 1.0 1.0 1.0 1.0 
1.0 1.0 1.0 1.0 1.0 1.0 1.0 1.0 1.0 1.0 1.0 1.0 1.0 1.0 1.0 1.0 1.0 1.0 1.0 1.0 1.0 1.0 1.0 1.0 1.0 1.0 1.0 1.0 1.0 1.0 0.0 1.0 1.0 1.0 1.0 1.0 1.0 1.0 1.0 1.0 1.0 1.0 1.0 1.0 1.0 1.0 1.0 1.0 1.0 1.0 1.0 1.0 1.0 1.0 1.0 1.0 1.0 1.0 1.0 1.0 1.0 1.0 1.0 1.0 
1.0 1.0 1.0 1.0 1.0 1.0 1.0 1.0 1.0 1.0 1.0 1.0 1.0 1.0 1.0 1.0 1.0 1.0 1.0 1.0 1.0 1.0 1.0 1.0 1.0 1.0 1.0 1.0 1.0 1.0 1.0 0.0 1.0 1.0 1.0 1.0 1.0 1.0 1.0 1.0 1.0 1.0 1.0 1.0 1.0 1.0 1.0 1.0 1.0 1.0 1.0 1.0 1.0 1.0 1.0 1.0 1.0 1.0 1.0 1.0 1.0 1.0 1.0 1.0 
1.0 1.0 1.0 1.0 1.0 1.0 1.0 1.0 1.0 1.0 1.0 1.0 1.0 1.0 1.0 1.0 1.0 1.0 1.0 1.0 1.0 1.0 1.0 1.0 1.0 1.0 1.0 1.0 1.0 1.0 1.0 1.0 0.0 1.0 1.0 1.0 1.0 1.0 1.0 1.0 1.0 1.0 1.0 1.0 1.0 1.0 1.0 1.0 1.0 1.0 1.0 1.0 1.0 1.0 1.0 1.0 1.0 1.0 1.0 1.0 1.0 1.0 1.0 1.0 
1.0 1.0 1.0 1.0 1.0 1.0 1.0 1.0 1.0 1.0 1.0 1.0 1.0 1.0 1.0 1.0 1.0 1.0 1.0 1.0 1.0 1.0 1.0 1.0 1.0 1.0 1.0 1.0 1.0 1.0 1.0 1.0 1.0 0.0 1.0 1.0 1.0 1.0 1.0 1.0 1.0 1.0 1.0 1.0 1.0 1.0 1.0 1.0 1.0 1.0 1.0 1.0 1.0 1.0 1.0 1.0 1.0 1.0 1.0 1.0 1.0 1.0 1.0 1.0 
1.0 1.0 1.0 1.0 1.0 1.0 1.0 1.0 1.0 1.0 1.0 1.0 1.0 1.0 1.0 1.0 1.0 1.0 1.0 1.0 1.0 1.0 1.0 1.0 1.0 1.0 1.0 1.0 1.0 1.0 1.0 1.0 1.0 1.0 0.0 1.0 1.0 1.0 1.0 1.0 1.0 1.0 1.0 1.0 1.0 1.0 1.0 1.0 1.0 1.0 1.0 1.0 1.0 1.0 1.0 1.0 1.0 1.0 1.0 1.0 1.0 1.0 1.0 1.0 
1.0 1.0 1.0 1.0 1.0 1.0 1.0 1.0 1.0 1.0 1.0 1.0 1.0 1.0 1.0 1.0 1.0 1.0 1.0 1.0 1.0 1.0 1.0 1.0 1.0 1.0 1.0 1.0 1.0 1.0 1.0 1.0 1.0 1.0 1.0 0.0 1.0 1.0 1.0 1.0 1.0 1.0 1.0 1.0 1.0 1.0 1.0 1.0 1.0 1.0 1.0 1.0 1.0 1.0 1.0 1.0 1.0 1.0 1.0 1.0 1.0 1.0 1.0 1.0 
1.0 1.0 1.0 1.0 1.0 1.0 1.0 1.0 1.0 1.0 1.0 1.0 1.0 1.0 1.0 1.0 1.0 1.0 1.0 1.0 1.0 1.0 1.0 1.0 1.0 1.0 1.0 1.0 1.0 1.0 1.0 1.0 1.0 1.0 1.0 1.0 0.0 1.0 1.0 1.0 1.0 1.0 1.0 1.0 1.0 1.0 1.0 1.0 1.0 1.0 1.0 1.0 1.0 1.0 1.0 1.0 1.0 1.0 1.0 1.0 1.0 1.0 1.0 1.0 
1.0 1.0 1.0 1.0 1.0 1.0 1.0 1.0 1.0 1.0 1.0 1.0 1.0 1.0 1.0 1.0 1.0 1.0 1.0 1.0 1.0 1.0 1.0 1.0 1.0 1.0 1.0 1.0 1.0 1.0 1.0 1.0 1.0 1.0 1.0 1.0 1.0 0.0 1.0 1.0 1.0 1.0 1.0 1.0 1.0 1.0 1.0 1.0 1.0 1.0 1.0 1.0 1.0 1.0 1.0 1.0 1.0 1.0 1.0 1.0 1.0 1.0 1.0 1.0 
1.0 1.0 1.0 1.0 1.0 1.0 1.0 1.0 1.0 1.0 1.0 1.0 1.0 1.0 1.0 1.0 1.0 1.0 1.0 1.0 1.0 1.0 1.0 1.0 1.0 1.0 1.0 1.0 1.0 1.0 1.0 1.0 1.0 1.0 1.0 1.0 1.0 1.0 0.0 1.0 1.0 1.0 1.0 1.0 1.0 1.0 1.0 1.0 1.0 1.0 1.0 1.0 1.0 1.0 1.0 1.0 1.0 1.0 1.0 1.0 1.0 1.0 1.0 1.0 
1.0 1.0 1.0 1.0 1.0 1.0 1.0 1.0 1.0 1.0 1.0 1.0 1.0 1.0 1.0 1.0 1.0 1.0 1.0 1.0 1.0 1.0 1.0 1.0 1.0 1.0 1.0 1.0 1.0 1.0 1.0 1.0 1.0 1.0 1.0 1.0 1.0 1.0 1.0 0.0 1.0 1.0 1.0 1.0 1.0 1.0 1.0 1.0 1.0 1.0 1.0 1.0 1.0 1.0 1.0 1.0 1.0 1.0 1.0 1.0 1.0 1.0 1.0 1.0 
1.0 1.0 1.0 1.0 1.0 1.0 1.0 1.0 1.0 1.0 1.0 1.0 1.0 1.0 1.0 1.0 1.0 1.0 1.0 1.0 1.0 1.0 1.0 1.0 1.0 1.0 1.0 1.0 1.0 1.0 1.0 1.0 1.0 1.0 1.0 1.0 1.0 1.0 1.0 1.0 0.0 1.0 1.0 1.0 1.0 1.0 1.0 1.0 1.0 1.0 1.0 1.0 1.0 1.0 1.0 1.0 1.0 1.0 1.0 1.0 1.0 1.0 1.0 1.0 
1.0 1.0 1.0 1.0 1.0 1.0 1.0 1.0 1.0 1.0 1.0 1.0 1.0 1.0 1.0 1.0 1.0 1.0 1.0 1.0 1.0 1.0 1.0 1.0 1.0 1.0 1.0 1.0 1.0 1.0 1.0 1.0 1.0 1.0 1.0 1.0 1.0 1.0 1.0 1.0 1.0 0.0 1.0 1.0 1.0 1.0 1.0 1.0 1.0 1.0 1.0 1.0 1.0 1.0 1.0 1.0 1.0 1.0 1.0 1.0 1.0 1.0 1.0 1.0 
1.0 1.0 1.0 1.0 1.0 1.0 1.0 1.0 1.0 1.0 1.0 1.0 1.0 1.0 1.0 1.0 1.0 1.0 1.0 1.0 1.0 1.0 1.0 1.0 1.0 1.0 1.0 1.0 1.0 1.0 1.0 1.0 1.0 1.0 1.0 1.0 1.0 1.0 1.0 1.0 1.0 1.0 0.0 1.0 1.0 1.0 1.0 1.0 1.0 1.0 1.0 1.0 1.0 1.0 1.0 1.0 1.0 1.0 1.0 1.0 1.0 1.0 1.0 1.0 
1.0 1.0 1.0 1.0 1.0 1.0 1.0 1.0 1.0 1.0 1.0 1.0 1.0 1.0 1.0 1.0 1.0 1.0 1.0 1.0 1.0 1.0 1.0 1.0 1.0 1.0 1.0 1.0 1.0 1.0 1.0 1.0 1.0 1.0 1.0 1.0 1.0 1.0 1.0 1.0 1.0 1.0 1.0 0.0 1.0 1.0 1.0 1.0 1.0 1.0 1.0 1.0 1.0 1.0 1.0 1.0 1.0 1.0 1.0 1.0 1.0 1.0 1.0 1.0 
1.0 1.0 1.0 1.0 1.0 1.0 1.0 1.0 1.0 1.0 1.0 1.0 1.0 1.0 1.0 1.0 1.0 1.0 1.0 1.0 1.0 1.0 1.0 1.0 1.0 1.0 1.0 1.0 1.0 1.0 1.0 1.0 1.0 1.0 1.0 1.0 1.0 1.0 1.0 1.0 1.0 1.0 1.0 1.0 0.0 1.0 1.0 1.0 1.0 1.0 1.0 1.0 1.0 1.0 1.0 1.0 1.0 1.0 1.0 1.0 1.0 1.0 1.0 1.0 
1.0 1.0 1.0 1.0 1.0 1.0 1.0 1.0 1.0 1.0 1.0 1.0 1.0 1.0 1.0 1.0 1.0 1.0 1.0 1.0 1.0 1.0 1.0 1.0 1.0 1.0 1.0 1.0 1.0 1.0 1.0 1.0 1.0 1.0 1.0 1.0 1.0 1.0 1.0 1.0 1.0 1.0 1.0 1.0 1.0 0.0 1.0 1.0 1.0 1.0 1.0 1.0 1.0 1.0 1.0 1.0 1.0 1.0 1.0 1.0 1.0 1.0 1.0 1.0 
1.0 1.0 1.0 1.0 1.0 1.0 1.0 1.0 1.0 1.0 1.0 1.0 1.0 1.0 1.0 1.0 1.0 1.0 1.0 1.0 1.0 1.0 1.0 1.0 1.0 1.0 1.0 1.0 1.0 1.0 1.0 1.0 1.0 1.0 1.0 1.0 1.0 1.0 1.0 1.0 1.0 1.0 1.0 1.0 1.0 1.0 0.0 1.0 1.0 1.0 1.0 1.0 1.0 1.0 1.0 1.0 1.0 1.0 1.0 1.0 1.0 1.0 1.0 1.0 
1.0 1.0 1.0 1.0 1.0 1.0 1.0 1.0 1.0 1.0 1.0 1.0 1.0 1.0 1.0 1.0 1.0 1.0 1.0 1.0 1.0 1.0 1.0 1.0 1.0 1.0 1.0 1.0 1.0 1.0 1.0 1.0 1.0 1.0 1.0 1.0 1.0 1.0 1.0 1.0 1.0 1.0 1.0 1.0 1.0 1.0 1.0 0.0 1.0 1.0 1.0 1.0 1.0 1.0 1.0 1.0 1.0 1.0 1.0 1.0 1.0 1.0 1.0 1.0 
1.0 1.0 1.0 1.0 1.0 1.0 1.0 1.0 1.0 1.0 1.0 1.0 1.0 1.0 1.0 1.0 1.0 1.0 1.0 1.0 1.0 1.0 1.0 1.0 1.0 1.0 1.0 1.0 1.0 1.0 1.0 1.0 1.0 1.0 1.0 1.0 1.0 1.0 1.0 1.0 1.0 1.0 1.0 1.0 1.0 1.0 1.0 1.0 0.0 1.0 1.0 1.0 1.0 1.0 1.0 1.0 1.0 1.0 1.0 1.0 1.0 1.0 1.0 1.0 
1.0 1.0 1.0 1.0 1.0 1.0 1.0 1.0 1.0 1.0 1.0 1.0 1.0 1.0 1.0 1.0 1.0 1.0 1.0 1.0 1.0 1.0 1.0 1.0 1.0 1.0 1.0 1.0 1.0 1.0 1.0 1.0 1.0 1.0 1.0 1.0 1.0 1.0 1.0 1.0 1.0 1.0 1.0 1.0 1.0 1.0 1.0 1.0 1.0 0.0 1.0 1.0 1.0 1.0 1.0 1.0 1.0 1.0 1.0 1.0 1.0 1.0 1.0 1.0 
1.0 1.0 1.0 1.0 1.0 1.0 1.0 1.0 1.0 1.0 1.0 1.0 1.0 1.0 1.0 1.0 1.0 1.0 1.0 1.0 1.0 1.0 1.0 1.0 1.0 1.0 1.0 1.0 1.0 1.0 1.0 1.0 1.0 1.0 1.0 1.0 1.0 1.0 1.0 1.0 1.0 1.0 1.0 1.0 1.0 1.0 1.0 1.0 1.0 1.0 0.0 1.0 1.0 1.0 1.0 1.0 1.0 1.0 1.0 1.0 1.0 1.0 1.0 1.0 
1.0 1.0 1.0 1.0 1.0 1.0 1.0 1.0 1.0 1.0 1.0 1.0 1.0 1.0 1.0 1.0 1.0 1.0 1.0 1.0 1.0 1.0 1.0 1.0 1.0 1.0 1.0 1.0 1.0 1.0 1.0 1.0 1.0 1.0 1.0 1.0 1.0 1.0 1.0 1.0 1.0 1.0 1.0 1.0 1.0 1.0 1.0 1.0 1.0 1.0 1.0 0.0 1.0 1.0 1.0 1.0 1.0 1.0 1.0 1.0 1.0 1.0 1.0 1.0 
1.0 1.0 1.0 1.0 1.0 1.0 1.0 1.0 1.0 1.0 1.0 1.0 1.0 1.0 1.0 1.0 1.0 1.0 1.0 1.0 1.0 1.0 1.0 1.0 1.0 1.0 1.0 1.0 1.0 1.0 1.0 1.0 1.0 1.0 1.0 1.0 1.0 1.0 1.0 1.0 1.0 1.0 1.0 1.0 1.0 1.0 1.0 1.0 1.0 1.0 1.0 1.0 0.0 1.0 1.0 1.0 1.0 1.0 1.0 1.0 1.0 1.0 1.0 1.0 
1.0 1.0 1.0 1.0 1.0 1.0 1.0 1.0 1.0 1.0 1.0 1.0 1.0 1.0 1.0 1.0 1.0 1.0 1.0 1.0 1.0 1.0 1.0 1.0 1.0 1.0 1.0 1.0 1.0 1.0 1.0 1.0 1.0 1.0 1.0 1.0 1.0 1.0 1.0 1.0 1.0 1.0 1.0 1.0 1.0 1.0 1.0 1.0 1.0 1.0 1.0 1.0 1.0 0.0 1.0 1.0 1.0 1.0 1.0 1.0 1.0 1.0 1.0 1.0 
1.0 1.0 1.0 1.0 1.0 1.0 1.0 1.0 1.0 1.0 1.0 1.0 1.0 1.0 1.0 1.0 1.0 1.0 1.0 1.0 1.0 1.0 1.0 1.0 1.0 1.0 1.0 1.0 1.0 1.0 1.0 1.0 1.0 1.0 1.0 1.0 1.0 1.0 1.0 1.0 1.0 1.0 1.0 1.0 1.0 1.0 1.0 1.0 1.0 1.0 1.0 1.0 1.0 1.0 0.0 1.0 1.0 1.0 1.0 1.0 1.0 1.0 1.0 1.0 
1.0 1.0 1.0 1.0 1.0 1.0 1.0 1.0 1.0 1.0 1.0 1.0 1.0 1.0 1.0 1.0 1.0 1.0 1.0 1.0 1.0 1.0 1.0 1.0 1.0 1.0 1.0 1.0 1.0 1.0 1.0 1.0 1.0 1.0 1.0 1.0 1.0 1.0 1.0 1.0 1.0 1.0 1.0 1.0 1.0 1.0 1.0 1.0 1.0 1.0 1.0 1.0 1.0 1.0 1.0 0.0 1.0 1.0 1.0 1.0 1.0 1.0 1.0 1.0 
1.0 1.0 1.0 1.0 1.0 1.0 1.0 1.0 1.0 1.0 1.0 1.0 1.0 1.0 1.0 1.0 1.0 1.0 1.0 1.0 1.0 1.0 1.0 1.0 1.0 1.0 1.0 1.0 1.0 1.0 1.0 1.0 1.0 1.0 1.0 1.0 1.0 1.0 1.0 1.0 1.0 1.0 1.0 1.0 1.0 1.0 1.0 1.0 1.0 1.0 1.0 1.0 1.0 1.0 1.0 1.0 0.0 1.0 1.0 1.0 1.0 1.0 1.0 1.0 
1.0 1.0 1.0 1.0 1.0 1.0 1.0 1.0 1.0 1.0 1.0 1.0 1.0 1.0 1.0 1.0 1.0 1.0 1.0 1.0 1.0 1.0 1.0 1.0 1.0 1.0 1.0 1.0 1.0 1.0 1.0 1.0 1.0 1.0 1.0 1.0 1.0 1.0 1.0 1.0 1.0 1.0 1.0 1.0 1.0 1.0 1.0 1.0 1.0 1.0 1.0 1.0 1.0 1.0 1.0 1.0 1.0 0.0 1.0 1.0 1.0 1.0 1.0 1.0 
1.0 1.0 1.0 1.0 1.0 1.0 1.0 1.0 1.0 1.0 1.0 1.0 1.0 1.0 1.0 1.0 1.0 1.0 1.0 1.0 1.0 1.0 1.0 1.0 1.0 1.0 1.0 1.0 1.0 1.0 1.0 1.0 1.0 1.0 1.0 1.0 1.0 1.0 1.0 1.0 1.0 1.0 1.0 1.0 1.0 1.0 1.0 1.0 1.0 1.0 1.0 1.0 1.0 1.0 1.0 1.0 1.0 1.0 0.0 1.0 1.0 1.0 1.0 1.0 
1.0 1.0 1.0 1.0 1.0 1.0 1.0 1.0 1.0 1.0 1.0 1.0 1.0 1.0 1.0 1.0 1.0 1.0 1.0 1.0 1.0 1.0 1.0 1.0 1.0 1.0 1.0 1.0 1.0 1.0 1.0 1.0 1.0 1.0 1.0 1.0 1.0 1.0 1.0 1.0 1.0 1.0 1.0 1.0 1.0 1.0 1.0 1.0 1.0 1.0 1.0 1.0 1.0 1.0 1.0 1.0 1.0 1.0 1.0 0.0 1.0 1.0 1.0 1.0 
1.0 1.0 1.0 1.0 1.0 1.0 1.0 1.0 1.0 1.0 1.0 1.0 1.0 1.0 1.0 1.0 1.0 1.0 1.0 1.0 1.0 1.0 1.0 1.0 1.0 1.0 1.0 1.0 1.0 1.0 1.0 1.0 1.0 1.0 1.0 1.0 1.0 1.0 1.0 1.0 1.0 1.0 1.0 1.0 1.0 1.0 1.0 1.0 1.0 1.0 1.0 1.0 1.0 1.0 1.0 1.0 1.0 1.0 1.0 1.0 0.0 1.0 1.0 1.0 
1.0 1.0 1.0 1.0 1.0 1.0 1.0 1.0 1.0 1.0 1.0 1.0 1.0 1.0 1.0 1.0 1.0 1.0 1.0 1.0 1.0 1.0 1.0 1.0 1.0 1.0 1.0 1.0 1.0 1.0 1.0 1.0 1.0 1.0 1.0 1.0 1.0 1.0 1.0 1.0 1.0 1.0 1.0 1.0 1.0 1.0 1.0 1.0 1.0 1.0 1.0 1.0 1.0 1.0 1.0 1.0 1.0 1.0 1.0 1.0 1.0 0.0 1.0 1.0 
1.0 1.0 1.0 1.0 1.0 1.0 1.0 1.0 1.0 1.0 1.0 1.0 1.0 1.0 1.0 1.0 1.0 1.0 1.0 1.0 1.0 1.0 1.0 1.0 1.0 1.0 1.0 1.0 1.0 1.0 1.0 1.0 1.0 1.0 1.0 1.0 1.0 1.0 1.0 1.0 1.0 1.0 1.0 1.0 1.0 1.0 1.0 1.0 1.0 1.0 1.0 1.0 1.0 1.0 1.0 1.0 1.0 1.0 1.0 1.0 1.0 1.0 0.0 1.0 
1.0 1.0 1.0 1.0 1.0 1.0 1.0 1.0 1.0 1.0 1.0 1.0 1.0 1.0 1.0 1.0 1.0 1.0 1.0 1.0 1.0 1.0 1.0 1.0 1.0 1.0 1.0 1.0 1.0 1.0 1.0 1.0 1.0 1.0 1.0 1.0 1.0 1.0 1.0 1.0 1.0 1.0 1.0 1.0 1.0 1.0 1.0 1.0 1.0 1.0 1.0 1.0 1.0 1.0 1.0 1.0 1.0 1.0 1.0 1.0 1.0 1.0 1.0 0.0 