16
37 11 17 62 91 78 85 60 20 95 16 62 6 79 23 87 
93 38 46 59 61 69 48 62 46 57 95 22 50 75 98 94 
5 66 29 30 24 28 4 69 14 47 59 97 34 97 78 55 
3 72 2 62 39 77 54 53 28 16 24 5 71 75 43 89 
17 75 7 65 72 72 65 9 27 68 60 43 35 84 40 65 
24 62 99 74 43 78 97 17 22 94 14 48 12 82 83 78 
52 5 21 96 55 37 70 44 2 19 21 6 5 16 59 47 
98 40 44 15 71 56 77 90 26 86 84 33 75 44 87 15 
60 31 99 98 98 45 85 11 75 72 18 47 66 99 46 26 
83 88 8 98 85 62 32 1 43 1 96 42 73 1 38 89 
28 56 16 4 17 29 64 87 93 57 95 25 70 68 8 14 
87 82 3 91 1 70 72 12 97 53 97 84 94 42 50 70 
44 51 98 89 99 67 55 53 73 9 3 29 16 52 42 80 
27 7 33 22 99 88 65 18 81 84 27 38 35 13 64 57 
20 84 66 15 10 95 40 17 65 14 17 19 23 88 70 17 
96 25 59 16 39 99 3 87 23 24 79 34 13 93 23 81 
0.0 1.0 1.0 1.0 1.0 1.0 1.0 1.0 1.0 1.0 1.0 1.0 1.0 1.0 1.0 1.0 
1.0 0.0 1.0 1.0 1.0 1.0 1.0 1.0 1.0 1.0 1.0 1.0 1.0 1.0 1.0 1.0 
1.0 1.0 0.0 1.0 1.0 1.0 1.0 1.0 1.0 1.0 1.0 1.0 1.0 1.0 1.0 1.0 
1.0 1.0 1.0 0.0 1.0 1.0 1.0 1.0 1.0 1.0 1.0 1.0 1.0 1.0 1.0 1.0 
1.0 1.0 1.0 1.0 0.0 1.0 1.0 1.0 1.0 1.0 1.0 1.0 1.0 1.0 1.0 1.0 
1.0 1.0 1.0 1.0 1.0 0.0 1.0 1.0 1.0 1.0 1.0 1.0 1.0 1.0 1.0 1.0 
1.0 1.0 1.0 1.0 1.0 1.0 0.0 1.0 1.0 1.0 1.0 1.0 1.0 1.0 1.0 1.0 
1.0 1.0 1.0 1.0 1.0 1.0 1.0 0.0 1.0 1.0 1.0 1.0 1.0 1.0 1.0 1.0 
1.0 1.0 1.0 1.0 1.0 1.0 1.0 1.0 0.0 1.0 1.0 1.0 1.0 1.0 1.0 1.0 
1.0 1.0 1.0 1.0 1.0 1.0 1.0 1.0 1.0 0.0 1.0 1.0 1.0 1.0 1.0 1.0 
1.0 1.0 1.0 1.0 1.0 1.0 1.0 1.0 1.0 1.0 0.0 1.0 1.0 1.0 1.0 1.0 
1.0 1.0 1.0 1.0 1.0 1.0 1.0 1.0 1.0 1.0 1.0 0.0 1.0 1.0 1.0 1.0 
1.0 1.0 1.0 1.0 1.0 1.0 1.0 1.0 1.0 1.0 1.0 1.0 0.0 1.0 1.0 1.0 
1.0 1.0 1.0 1.0 1.0 1.0 1.0 1.0 1.0 1.0 1.0 1.0 1.0 0.0 1.0 1.0 
1.0 1.0 1.0 1.0 1.0 1.0 1.0 1.0 1.0 1.0 1.0 1.0 1.0 1.0 0.0 1.0 
1.0 1.0 1.0 1.0 1.0 1.0 1.0 1.0 1.0 1.0 1.0 1.0 1.0 1.0 1.0 0.0 