32
71 72 40 12 17 15 49 22 76 6 16 51 77 98 55 67 57 30 31 12 43 66 39 14 83 95 99 2 71 23 76 70 
9 86 73 73 72 91 83 66 8 98 47 72 62 25 69 68 70 55 56 11 44 17 97 25 100 2 28 52 1 37 12 74 
4 24 92 64 25 5 52 62 38 7 74 30 59 81 72 92 87 100 66 20 3 7 88 73 64 63 69 78 39 67 18 18 
92 33 52 59 76 4 6 7 40 40 45 59 90 42 79 53 63 42 85 37 12 81 65 39 89 44 83 10 67 57 88 54 
7 29 7 42 82 57 56 96 66 98 70 32 39 41 88 100 30 100 3 13 100 49 99 18 22 35 31 32 56 3 74 33 
60 12 70 77 40 62 57 65 10 75 17 6 98 37 16 90 76 9 84 9 100 61 75 2 92 43 92 14 38 58 55 68 
33 87 18 57 97 13 95 100 7 92 27 11 26 40 70 42 6 61 3 88 39 60 88 95 64 41 33 51 85 94 48 31 
81 70 92 13 87 8 1 8 95 68 92 79 79 94 60 88 65 65 3 86 17 69 24 24 53 45 83 59 60 12 42 64 
90 27 55 6 32 76 39 19 21 60 65 54 64 29 79 63 83 10 69 77 74 44 83 84 61 68 28 12 25 48 33 88 
6 83 10 34 32 66 32 79 37 69 69 42 46 58 17 98 77 100 82 35 51 82 97 69 22 11 94 79 1 68 35 5 
11 36 20 90 92 13 96 54 14 37 71 54 33 41 86 6 83 93 33 99 29 71 48 36 17 78 67 9 7 11 44 7 
100 5 67 39 76 33 72 19 17 68 44 63 20 53 7 81 65 15 64 14 66 69 24 82 40 52 32 11 83 71 14 91 
28 34 14 70 99 72 91 50 79 40 62 96 30 55 40 9 76 43 39 44 92 32 95 16 43 70 56 82 65 89 7 7 
67 18 33 25 65 2 71 32 32 13 18 12 14 15 36 69 46 61 71 95 51 23 81 81 85 61 63 86 43 13 36 95 
100 54 28 44 84 39 98 13 65 67 28 56 69 18 17 10 6 42 88 7 94 70 76 86 83 25 45 28 25 12 41 74 
59 60 68 38 81 29 91 63 78 84 97 29 80 40 96 27 48 2 3 4 58 76 63 26 51 63 72 98 65 10 82 7 
85 70 36 53 69 52 81 25 34 32 5 77 75 42 19 94 30 8 9 36 86 69 45 41 93 88 83 88 76 69 28 62 
94 56 49 88 12 63 79 74 27 56 89 88 30 91 57 40 100 21 79 7 6 57 80 77 97 89 38 62 8 78 20 15 
96 2 94 35 45 74 41 2 35 99 26 38 79 96 52 83 73 65 88 38 90 42 30 20 8 78 40 12 12 20 68 38 
57 21 95 80 79 6 54 50 15 83 5 56 99 44 63 81 50 6 77 47 35 52 41 79 83 18 28 76 47 26 99 97 
47 39 55 48 44 58 20 13 67 77 92 80 42 79 73 84 30 37 61 27 61 3 20 91 87 61 64 84 43 87 64 87 
33 73 1 89 82 68 87 7 46 29 65 99 7 91 76 74 89 2 35 13 87 33 37 83 6 87 50 34 66 46 22 85 
13 99 5 52 5 49 25 58 8 94 73 47 58 85 94 83 39 17 72 13 76 47 93 49 45 68 81 99 14 68 26 63 
86 28 12 2 22 90 64 87 12 55 10 57 9 66 22 60 85 80 12 16 51 36 27 81 24 91 16 27 25 64 94 72 
64 46 53 23 64 56 51 13 16 67 21 48 65 44 28 52 19 89 11 3 64 23 80 13 31 18 57 45 20 33 15 6 
96 36 12 77 63 34 2 38 13 89 46 47 91 4 78 74 56 30 52 33 98 11 4 49 69 37 91 9 87 60 30 10 
95 68 43 79 96 23 82 73 91 22 22 57 97 9 3 47 55 76 28 75 17 93 88 22 23 4 14 19 18 16 20 67 
14 45 37 67 28 4 53 19 99 49 55 92 50 98 71 100 21 44 96 32 22 26 2 92 51 80 49 12 13 6 8 5 
48 23 66 2 17 28 98 2 41 68 97 33 69 87 12 7 46 77 11 81 74 3 12 84 76 31 63 29 71 54 61 48 
80 80 41 33 38 82 17 53 72 72 65 2 22 38 2 51 86 11 30 4 96 57 83 10 67 46 68 12 24 30 48 81 
40 40 68 66 11 20 86 24 9 44 65 97 14 77 1 39 27 43 82 38 90 64 36 1 16 53 23 60 35 50 89 1 
39 59 73 83 37 81 83 65 9 86 78 22 60 44 58 79 18 11 91 20 87 74 3 83 13 99 64 68 24 16 18 22 
0.0 1.0 1.0 1.0 1.0 1.0 1.0 1.0 1.0 1.0 1.0 1.0 1.0 1.0 1.0 1.0 1.0 1.0 1.0 1.0 1.0 1.0 1.0 1.0 1.0 1.0 1.0 1.0 1.0 1.0 1.0 1.0 
1.0 0.0 1.0 1.0 1.0 1.0 1.0 1.0 1.0 1.0 1.0 1.0 1.0 1.0 1.0 1.0 1.0 1.0 1.0 1.0 1.0 1.0 1.0 1.0 1.0 1.0 1.0 1.0 1.0 1.0 1.0 1.0 
1.0 1.0 0.0 1.0 1.0 1.0 1.0 1.0 1.0 1.0 1.0 1.0 1.0 1.0 1.0 1.0 1.0 1.0 1.0 1.0 1.0 1.0 1.0 1.0 1.0 1.0 1.0 1.0 1.0 1.0 1.0 1.0 
1.0 1.0 1.0 0.0 1.0 1.0 1.0 1.0 1.0 1.0 1.0 1.0 1.0 1.0 1.0 1.0 1.0 1.0 1.0 1.0 1.0 1.0 1.0 1.0 1.0 1.0 1.0 1.0 1.0 1.0 1.0 1.0 
1.0 1.0 1.0 1.0 0.0 1.0 1.0 1.0 1.0 1.0 1.0 1.0 1.0 1.0 1.0 1.0 1.0 1.0 1.0 1.0 1.0 1.0 1.0 1.0 1.0 1.0 1.0 1.0 1.0 1.0 1.0 1.0 
1.0 1.0 1.0 1.0 1.0 0.0 1.0 1.0 1.0 1.0 1.0 1.0 1.0 1.0 1.0 1.0 1.0 1.0 1.0 1.0 1.0 1.0 1.0 1.0 1.0 1.0 1.0 1.0 1.0 1.0 1.0 1.0 
1.0 1.0 1.0 1.0 1.0 1.0 0.0 1.0 1.0 1.0 1.0 1.0 1.0 1.0 1.0 1.0 1.0 1.0 1.0 1.0 1.0 1.0 1.0 1.0 1.0 1.0 1.0 1.0 1.0 1.0 1.0 1.0 
1.0 1.0 1.0 1.0 1.0 1.0 1.0 0.0 1.0 1.0 1.0 1.0 1.0 1.0 1.0 1.0 1.0 1.0 1.0 1.0 1.0 1.0 1.0 1.0 1.0 1.0 1.0 1.0 1.0 1.0 1.0 1.0 
1.0 1.0 1.0 1.0 1.0 1.0 1.0 1.0 0.0 1.0 1.0 1.0 1.0 1.0 1.0 1.0 1.0 1.0 1.0 1.0 1.0 1.0 1.0 1.0 1.0 1.0 1.0 1.0 1.0 1.0 1.0 1.0 
1.0 1.0 1.0 1.0 1.0 1.0 1.0 1.0 1.0 0.0 1.0 1.0 1.0 1.0 1.0 1.0 1.0 1.0 1.0 1.0 1.0 1.0 1.0 1.0 1.0 1.0 1.0 1.0 1.0 1.0 1.0 1.0 
1.0 1.0 1.0 1.0 1.0 1.0 1.0 1.0 1.0 1.0 0.0 1.0 1.0 1.0 1.0 1.0 1.0 1.0 1.0 1.0 1.0 1.0 1.0 1.0 1.0 1.0 1.0 1.0 1.0 1.0 1.0 1.0 
1.0 1.0 1.0 1.0 1.0 1.0 1.0 1.0 1.0 1.0 1.0 0.0 1.0 1.0 1.0 1.0 1.0 1.0 1.0 1.0 1.0 1.0 1.0 1.0 1.0 1.0 1.0 1.0 1.0 1.0 1.0 1.0 
1.0 1.0 1.0 1.0 1.0 1.0 1.0 1.0 1.0 1.0 1.0 1.0 0.0 1.0 1.0 1.0 1.0 1.0 1.0 1.0 1.0 1.0 1.0 1.0 1.0 1.0 1.0 1.0 1.0 1.0 1.0 1.0 
1.0 1.0 1.0 1.0 1.0 1.0 1.0 1.0 1.0 1.0 1.0 1.0 1.0 0.0 1.0 1.0 1.0 1.0 1.0 1.0 1.0 1.0 1.0 1.0 1.0 1.0 1.0 1.0 1.0 1.0 1.0 1.0 
1.0 1.0 1.0 1.0 1.0 1.0 1.0 1.0 1.0 1.0 1.0 1.0 1.0 1.0 0.0 1.0 1.0 1.0 1.0 1.0 1.0 1.0 1.0 1.0 1.0 1.0 1.0 1.0 1.0 1.0 1.0 1.0 
1.0 1.0 1.0 1.0 1.0 1.0 1.0 1.0 1.0 1.0 1.0 1.0 1.0 1.0 1.0 0.0 1.0 1.0 1.0 1.0 1.0 1.0 1.0 1.0 1.0 1.0 1.0 1.0 1.0 1.0 1.0 1.0 
1.0 1.0 1.0 1.0 1.0 1.0 1.0 1.0 1.0 1.0 1.0 1.0 1.0 1.0 1.0 1.0 0.0 1.0 1.0 1.0 1.0 1.0 1.0 1.0 1.0 1.0 1.0 1.0 1.0 1.0 1.0 1.0 
1.0 1.0 1.0 1.0 1.0 1.0 1.0 1.0 1.0 1.0 1.0 1.0 1.0 1.0 1.0 1.0 1.0 0.0 1.0 1.0 1.0 1.0 1.0 1.0 1.0 1.0 1.0 1.0 1.0 1.0 1.0 1.0 
1.0 1.0 1.0 1.0 1.0 1.0 1.0 1.0 1.0 1.0 1.0 1.0 1.0 1.0 1.0 1.0 1.0 1.0 0.0 1.0 1.0 1.0 1.0 1.0 1.0 1.0 1.0 1.0 1.0 1.0 1.0 1.0 
1.0 1.0 1.0 1.0 1.0 1.0 1.0 1.0 1.0 1.0 1.0 1.0 1.0 1.0 1.0 1.0 1.0 1.0 1.0 0.0 1.0 1.0 1.0 1.0 1.0 1.0 1.0 1.0 1.0 1.0 1.0 1.0 
1.0 1.0 1.0 1.0 1.0 1.0 1.0 1.0 1.0 1.0 1.0 1.0 1.0 1.0 1.0 1.0 1.0 1.0 1.0 1.0 0.0 1.0 1.0 1.0 1.0 1.0 1.0 1.0 1.0 1.0 1.0 1.0 
1.0 1.0 1.0 1.0 1.0 1.0 1.0 1.0 1.0 1.0 1.0 1.0 1.0 1.0 1.0 1.0 1.0 1.0 1.0 1.0 1.0 0.0 1.0 1.0 1.0 1.0 1.0 1.0 1.0 1.0 1.0 1.0 
1.0 1.0 1.0 1.0 1.0 1.0 1.0 1.0 1.0 1.0 1.0 1.0 1.0 1.0 1.0 1.0 1.0 1.0 1.0 1.0 1.0 1.0 0.0 1.0 1.0 1.0 1.0 1.0 1.0 1.0 1.0 1.0 
1.0 1.0 1.0 1.0 1.0 1.0 1.0 1.0 1.0 1.0 1.0 1.0 1.0 1.0 1.0 1.0 1.0 1.0 1.0 1.0 1.0 1.0 1.0 0.0 1.0 1.0 1.0 1.0 1.0 1.0 1.0 1.0 
1.0 1.0 1.0 1.0 1.0 1.0 1.0 1.0 1.0 1.0 1.0 1.0 1.0 1.0 1.0 1.0 1.0 1.0 1.0 1.0 1.0 1.0 1.0 1.0 0.0 1.0 1.0 1.0 1.0 1.0 1.0 1.0 
1.0 1.0 1.0 1.0 1.0 1.0 1.0 1.0 1.0 1.0 1.0 1.0 1.0 1.0 1.0 1.0 1.0 1.0 1.0 1.0 1.0 1.0 1.0 1.0 1.0 0.0 1.0 1.0 1.0 1.0 1.0 1.0 
1.0 1.0 1.0 1.0 1.0 1.0 1.0 1.0 1.0 1.0 1.0 1.0 1.0 1.0 1.0 1.0 1.0 1.0 1.0 1.0 1.0 1.0 1.0 1.0 1.0 1.0 0.0 1.0 1.0 1.0 1.0 1.0 
1.0 1.0 1.0 1.0 1.0 1.0 1.0 1.0 1.0 1.0 1.0 1.0 1.0 1.0 1.0 1.0 1.0 1.0 1.0 1.0 1.0 1.0 1.0 1.0 1.0 1.0 1.0 0.0 1.0 1.0 1.0 1.0 
1.0 1.0 1.0 1.0 1.0 1.0 1.0 1.0 1.0 1.0 1.0 1.0 1.0 1.0 1.0 1.0 1.0 1.0 1.0 1.0 1.0 1.0 1.0 1.0 1.0 1.0 1.0 1.0 0.0 1.0 1.0 1.0 
1.0 1.0 1.0 1.0 1.0 1.0 1.0 1.0 1.0 1.0 1.0 1.0 1.0 1.0 1.0 1.0 1.0 1.0 1.0 1.0 1.0 1.0 1.0 1.0 1.0 1.0 1.0 1.0 1.0 0.0 1.0 1.0 
1.0 1.0 1.0 1.0 1.0 1.0 1.0 1.0 1.0 1.0 1.0 1.0 1.0 1.0 1.0 1.0 1.0 1.0 1.0 1.0 1.0 1.0 1.0 1.0 1.0 1.0 1.0 1.0 1.0 1.0 0.0 1.0 
1.0 1.0 1.0 1.0 1.0 1.0 1.0 1.0 1.0 1.0 1.0 1.0 1.0 1.0 1.0 1.0 1.0 1.0 1.0 1.0 1.0 1.0 1.0 1.0 1.0 1.0 1.0 1.0 1.0 1.0 1.0 0.0 