16
3 8 8 4 4 6 2 2 10 5 5 2 2 1 8 2 
4 3 5 4 5 9 5 8 3 10 6 10 8 2 8 6 
2 7 6 1 9 8 1 1 7 3 4 6 4 9 3 2 
7 4 3 8 2 6 9 7 10 6 5 3 2 3 1 10 
2 9 6 3 1 7 10 9 9 2 4 3 9 1 9 4 
4 6 9 9 8 2 4 9 5 7 6 10 1 10 3 9 
1 3 4 2 10 6 8 9 4 4 9 7 3 4 2 3 
2 1 7 4 6 8 9 7 5 5 10 5 6 3 3 4 
6 7 4 2 8 1 7 7 2 6 7 5 6 5 5 8 
4 4 1 6 3 9 1 2 4 8 4 1 2 5 4 4 
7 8 6 7 6 8 9 8 4 10 8 3 9 7 8 5 
7 3 3 9 8 4 10 8 2 5 9 5 10 4 7 6 
1 9 8 1 6 10 10 10 10 4 1 3 3 9 7 10 
6 2 1 3 5 9 2 2 10 4 7 8 10 1 6 1 
2 6 2 7 10 6 5 1 9 5 2 10 1 1 4 3 
2 9 5 10 6 1 9 2 5 2 7 4 10 6 2 10 
0.0 1.0 1.0 1.0 1.0 1.0 1.0 1.0 1.0 1.0 1.0 1.0 1.0 1.0 1.0 1.0 
1.0 0.0 1.0 1.0 1.0 1.0 1.0 1.0 1.0 1.0 1.0 1.0 1.0 1.0 1.0 1.0 
1.0 1.0 0.0 1.0 1.0 1.0 1.0 1.0 1.0 1.0 1.0 1.0 1.0 1.0 1.0 1.0 
1.0 1.0 1.0 0.0 1.0 1.0 1.0 1.0 1.0 1.0 1.0 1.0 1.0 1.0 1.0 1.0 
1.0 1.0 1.0 1.0 0.0 1.0 1.0 1.0 1.0 1.0 1.0 1.0 1.0 1.0 1.0 1.0 
1.0 1.0 1.0 1.0 1.0 0.0 1.0 1.0 1.0 1.0 1.0 1.0 1.0 1.0 1.0 1.0 
1.0 1.0 1.0 1.0 1.0 1.0 0.0 1.0 1.0 1.0 1.0 1.0 1.0 1.0 1.0 1.0 
1.0 1.0 1.0 1.0 1.0 1.0 1.0 0.0 1.0 1.0 1.0 1.0 1.0 1.0 1.0 1.0 
1.0 1.0 1.0 1.0 1.0 1.0 1.0 1.0 0.0 1.0 1.0 1.0 1.0 1.0 1.0 1.0 
1.0 1.0 1.0 1.0 1.0 1.0 1.0 1.0 1.0 0.0 1.0 1.0 1.0 1.0 1.0 1.0 
1.0 1.0 1.0 1.0 1.0 1.0 1.0 1.0 1.0 1.0 0.0 1.0 1.0 1.0 1.0 1.0 
1.0 1.0 1.0 1.0 1.0 1.0 1.0 1.0 1.0 1.0 1.0 0.0 1.0 1.0 1.0 1.0 
1.0 1.0 1.0 1.0 1.0 1.0 1.0 1.0 1.0 1.0 1.0 1.0 0.0 1.0 1.0 1.0 
1.0 1.0 1.0 1.0 1.0 1.0 1.0 1.0 1.0 1.0 1.0 1.0 1.0 0.0 1.0 1.0 
1.0 1.0 1.0 1.0 1.0 1.0 1.0 1.0 1.0 1.0 1.0 1.0 1.0 1.0 0.0 1.0 
1.0 1.0 1.0 1.0 1.0 1.0 1.0 1.0 1.0 1.0 1.0 1.0 1.0 1.0 1.0 0.0 