16
42 7 96 68 18 28 37 58 90 49 75 48 24 46 88 36 
74 76 2 15 48 87 86 80 9 46 4 53 50 47 93 86 
89 31 77 23 33 8 80 99 39 96 56 41 47 56 19 60 
87 84 64 76 41 39 22 18 100 76 54 31 80 6 66 44 
11 9 22 21 73 55 2 55 15 94 74 14 38 28 54 86 
51 21 59 36 46 59 61 88 55 8 44 27 4 53 38 55 
68 26 37 65 12 4 35 49 74 74 46 2 82 21 68 43 
5 19 83 82 67 50 68 41 83 74 79 73 25 18 36 2 
53 61 63 38 97 13 66 58 80 88 100 39 77 88 4 30 
66 17 95 91 39 49 66 22 97 15 1 77 19 59 44 94 
18 7 79 78 11 65 23 17 65 43 85 91 57 66 99 77 
74 30 65 63 72 22 7 65 66 81 22 98 43 62 84 94 
85 43 31 28 2 31 19 12 32 89 18 88 45 39 71 94 
6 27 14 20 56 22 23 24 86 53 78 7 12 63 51 9 
7 41 12 3 46 11 79 31 23 80 61 92 87 96 31 99 
99 39 62 81 96 9 40 39 9 55 22 97 59 58 92 17 
0.0 1.0 1.0 1.0 1.0 1.0 1.0 1.0 1.0 1.0 1.0 1.0 1.0 1.0 1.0 1.0 
1.0 0.0 1.0 1.0 1.0 1.0 1.0 1.0 1.0 1.0 1.0 1.0 1.0 1.0 1.0 1.0 
1.0 1.0 0.0 1.0 1.0 1.0 1.0 1.0 1.0 1.0 1.0 1.0 1.0 1.0 1.0 1.0 
1.0 1.0 1.0 0.0 1.0 1.0 1.0 1.0 1.0 1.0 1.0 1.0 1.0 1.0 1.0 1.0 
1.0 1.0 1.0 1.0 0.0 1.0 1.0 1.0 1.0 1.0 1.0 1.0 1.0 1.0 1.0 1.0 
1.0 1.0 1.0 1.0 1.0 0.0 1.0 1.0 1.0 1.0 1.0 1.0 1.0 1.0 1.0 1.0 
1.0 1.0 1.0 1.0 1.0 1.0 0.0 1.0 1.0 1.0 1.0 1.0 1.0 1.0 1.0 1.0 
1.0 1.0 1.0 1.0 1.0 1.0 1.0 0.0 1.0 1.0 1.0 1.0 1.0 1.0 1.0 1.0 
1.0 1.0 1.0 1.0 1.0 1.0 1.0 1.0 0.0 1.0 1.0 1.0 1.0 1.0 1.0 1.0 
1.0 1.0 1.0 1.0 1.0 1.0 1.0 1.0 1.0 0.0 1.0 1.0 1.0 1.0 1.0 1.0 
1.0 1.0 1.0 1.0 1.0 1.0 1.0 1.0 1.0 1.0 0.0 1.0 1.0 1.0 1.0 1.0 
1.0 1.0 1.0 1.0 1.0 1.0 1.0 1.0 1.0 1.0 1.0 0.0 1.0 1.0 1.0 1.0 
1.0 1.0 1.0 1.0 1.0 1.0 1.0 1.0 1.0 1.0 1.0 1.0 0.0 1.0 1.0 1.0 
1.0 1.0 1.0 1.0 1.0 1.0 1.0 1.0 1.0 1.0 1.0 1.0 1.0 0.0 1.0 1.0 
1.0 1.0 1.0 1.0 1.0 1.0 1.0 1.0 1.0 1.0 1.0 1.0 1.0 1.0 0.0 1.0 
1.0 1.0 1.0 1.0 1.0 1.0 1.0 1.0 1.0 1.0 1.0 1.0 1.0 1.0 1.0 0.0 