64
80 57 24 87 99 9 77 79 75 96 60 46 84 14 79 19 11 33 5 53 31 50 58 74 62 2 16 68 22 56 63 90 97 15 27 42 71 48 32 89 27 5 15 9 83 46 58 6 63 84 85 87 49 51 2 2 18 37 68 17 54 28 78 61 
6 68 2 6 5 38 16 57 70 80 72 48 97 94 94 9 47 38 90 69 62 81 13 93 57 46 30 44 59 41 60 72 22 69 3 53 12 70 52 51 8 11 92 76 54 57 92 43 16 6 51 38 89 67 4 92 76 13 83 6 13 44 33 46 
28 69 89 12 41 48 91 87 23 80 41 30 24 14 88 31 9 50 6 61 31 62 23 85 40 11 43 76 52 82 34 91 41 43 47 49 10 9 5 5 85 39 46 24 10 85 9 2 97 23 71 38 11 28 71 82 17 65 77 51 54 70 87 32 
80 33 23 58 11 55 91 29 97 60 48 86 53 57 40 56 8 38 20 8 41 76 47 58 98 46 39 77 94 11 75 28 87 18 24 43 1 92 98 57 5 95 41 35 73 91 10 56 22 50 22 98 86 33 34 62 23 76 46 93 48 21 37 24 
9 22 79 53 20 41 29 23 24 10 28 9 76 34 3 63 60 26 10 36 69 77 25 63 80 13 97 86 64 72 71 85 44 2 74 2 95 49 86 60 25 4 72 53 57 24 46 29 74 62 37 57 93 17 71 93 77 87 92 35 71 90 88 44 
99 35 34 64 6 9 68 99 62 58 1 16 41 86 81 71 66 66 36 6 74 19 90 30 21 1 71 59 80 26 30 91 24 52 9 70 29 60 63 23 69 87 82 82 52 46 48 11 55 58 50 20 59 68 86 20 64 88 86 61 54 27 77 48 
53 67 85 39 35 52 14 50 94 37 85 51 51 22 6 19 100 6 29 20 21 11 15 56 25 45 97 99 81 72 73 12 44 84 16 33 48 32 87 99 12 37 98 38 4 49 88 64 71 89 69 17 11 84 35 14 55 16 45 85 51 24 66 69 
16 34 30 84 26 25 95 3 16 33 33 74 49 6 90 36 19 71 60 68 50 21 84 91 59 34 19 65 93 20 38 96 77 45 25 67 71 69 95 100 31 6 31 98 89 18 19 71 86 36 39 69 61 68 48 79 50 77 50 80 37 11 64 26 
8 38 86 34 84 14 95 50 53 63 33 55 29 41 48 78 47 37 29 13 98 24 66 49 86 48 2 35 47 46 99 98 91 96 68 78 23 31 6 83 80 42 40 19 61 54 67 62 28 97 39 12 94 1 75 14 37 23 2 44 54 27 2 82 
62 68 100 8 73 27 68 95 98 11 29 93 93 7 98 93 12 73 19 29 63 22 20 17 80 55 43 44 5 61 48 21 38 21 44 75 4 67 8 98 81 43 80 75 75 16 71 95 9 36 42 26 41 58 76 62 60 32 99 82 10 87 5 67 
19 39 49 9 5 18 20 1 31 49 97 85 36 17 11 22 62 55 15 12 64 83 62 84 78 56 62 61 78 76 76 97 77 4 51 54 15 8 100 44 23 48 89 64 91 40 94 69 70 73 32 99 100 100 35 57 34 72 20 59 20 19 64 33 
87 92 83 61 47 80 83 18 65 70 36 23 84 14 60 45 99 49 73 64 50 58 87 53 13 38 14 88 11 29 79 93 88 28 83 11 89 67 90 76 48 97 72 45 26 80 7 9 55 81 88 66 33 26 14 92 80 94 14 68 22 37 71 5 
51 2 2 90 30 93 98 60 97 78 82 9 12 34 23 47 98 64 79 28 16 66 67 16 2 72 21 33 21 14 85 14 73 23 91 71 14 39 66 22 90 60 69 42 71 43 7 97 72 43 82 1 79 42 78 55 85 21 29 49 42 65 18 89 
3 5 58 39 13 55 95 77 10 1 54 44 76 100 95 23 98 88 21 61 27 24 88 86 80 26 51 40 70 84 39 5 95 37 6 100 25 74 39 18 92 96 95 28 15 3 16 40 95 92 52 20 25 49 85 93 43 52 57 18 22 44 55 23 
76 99 57 60 77 97 10 67 56 8 57 9 4 13 53 35 59 9 77 33 12 12 62 60 49 46 51 80 98 82 79 41 21 21 43 99 46 78 66 60 34 94 11 91 27 43 17 28 74 19 9 73 33 76 1 22 98 12 52 15 30 35 58 62 
47 42 92 72 52 82 30 20 50 65 57 29 94 64 59 25 32 6 99 16 72 26 99 67 54 100 15 42 90 3 91 55 59 92 33 39 65 24 59 4 30 9 49 35 7 50 70 83 11 96 47 74 5 40 59 31 32 29 44 40 76 21 96 20 
18 8 35 81 15 32 49 83 52 37 84 6 48 63 14 21 88 12 71 63 53 56 41 80 2 3 17 13 43 16 81 8 18 97 81 45 54 15 14 3 61 67 88 24 3 36 7 11 6 82 21 5 45 22 15 19 5 41 17 2 4 100 30 58 
14 9 10 39 93 44 81 84 90 92 12 62 73 51 73 79 41 26 67 63 41 28 4 41 22 16 38 68 3 99 44 13 63 56 17 28 89 43 63 40 86 100 53 99 38 98 8 30 13 73 62 87 54 74 96 100 89 40 13 96 29 23 12 73 
68 63 75 50 23 9 68 82 76 35 63 26 60 57 57 55 16 21 97 53 71 13 64 14 77 2 14 11 23 49 78 32 8 31 43 30 7 1 49 54 9 82 59 3 20 57 56 100 84 48 95 22 40 67 10 33 93 56 81 78 3 76 3 98 
90 43 84 25 55 52 99 49 81 57 71 76 5 98 69 85 62 72 50 34 93 4 31 14 13 16 77 49 82 70 86 27 52 81 80 76 50 63 68 61 44 9 96 3 68 62 11 4 55 91 72 15 89 68 29 3 29 25 16 38 56 74 71 17 
28 99 6 24 8 81 51 27 83 82 87 78 50 93 18 15 63 4 20 5 26 70 12 42 3 25 29 62 83 45 24 51 47 76 58 4 28 86 82 53 89 77 59 22 56 43 42 52 79 51 31 12 63 48 80 63 86 19 60 62 81 6 26 89 
70 100 29 2 22 70 22 12 97 83 94 88 98 80 14 22 93 25 36 49 71 61 44 40 90 34 4 53 94 58 45 6 4 49 35 91 35 44 29 32 36 46 26 16 74 33 5 48 29 30 22 66 77 27 93 81 88 77 97 20 78 96 60 13 
24 74 22 90 37 76 82 37 71 37 13 16 33 26 59 70 91 81 94 27 14 3 93 60 5 6 41 74 33 72 33 66 39 24 16 62 59 36 79 97 65 71 67 100 54 46 14 39 74 59 76 29 42 99 97 31 7 73 42 81 36 9 3 28 
78 5 74 15 34 33 11 67 76 34 11 77 75 42 54 45 60 95 36 81 16 24 61 83 55 28 17 78 86 89 59 44 94 26 18 97 51 20 25 38 20 92 43 27 85 98 12 76 98 54 55 16 52 80 11 59 81 93 5 48 38 13 44 63 
28 49 7 69 8 24 87 36 23 37 3 74 61 30 60 11 77 15 22 44 98 48 24 50 100 59 44 23 42 6 1 89 55 22 29 41 27 89 88 32 86 24 69 6 21 64 86 100 41 19 82 86 34 20 44 76 20 65 96 98 45 88 41 83 
64 69 92 71 54 59 4 30 1 35 22 61 13 70 49 90 64 97 74 56 57 61 11 20 44 84 99 47 30 46 8 48 75 54 16 54 30 31 75 44 13 10 64 86 84 31 85 24 43 53 84 64 56 53 13 4 4 60 24 55 22 81 72 47 
26 25 23 61 82 5 94 15 17 30 68 15 16 69 42 71 21 90 79 71 91 99 3 66 53 88 88 37 84 54 85 56 37 9 14 77 34 33 84 6 98 46 14 20 62 22 75 99 69 17 85 17 91 14 74 42 7 88 39 44 88 74 20 90 
54 39 62 97 89 9 40 59 87 88 17 50 81 91 36 40 70 3 62 68 79 37 30 17 63 16 81 90 45 87 52 56 76 40 91 92 49 67 59 59 4 99 54 71 15 19 84 60 75 71 71 45 41 97 57 61 40 35 73 68 60 66 5 37 
94 15 83 21 60 75 80 92 46 4 17 45 97 2 21 33 2 2 57 11 63 53 40 14 85 68 99 59 81 34 13 32 67 56 39 94 33 72 56 41 7 91 76 30 89 90 55 43 15 14 91 68 46 81 59 36 95 58 22 74 14 100 17 87 
88 11 70 57 30 89 56 42 23 53 67 41 62 83 91 4 90 18 72 18 73 76 80 41 22 1 80 87 38 11 51 24 93 32 21 73 82 33 20 10 84 24 99 28 48 2 6 89 35 74 44 12 21 39 23 66 93 19 99 24 50 56 83 87 
14 89 85 54 50 76 9 28 70 96 59 58 79 61 83 18 19 10 61 74 99 47 73 11 80 97 33 78 49 71 77 33 20 79 7 14 99 40 11 40 56 59 72 11 60 52 46 94 21 100 91 71 59 35 26 43 9 89 43 77 73 55 28 61 
5 69 13 19 8 73 55 86 3 90 50 31 81 90 41 24 71 66 45 28 44 65 75 32 30 54 10 47 47 31 81 1 41 20 98 54 34 43 13 37 48 81 43 21 82 44 50 35 38 41 2 11 90 92 74 56 33 89 37 44 43 17 73 70 
61 29 22 99 7 80 61 55 55 8 79 83 1 33 24 15 96 68 12 19 60 21 60 29 83 73 11 46 79 40 96 94 75 41 55 15 84 25 35 94 44 17 50 68 54 24 55 29 7 83 30 34 59 61 84 41 3 19 48 83 18 85 31 59 
83 57 24 1 58 30 34 52 15 68 60 9 61 74 100 95 27 86 89 48 94 45 87 26 61 5 65 81 91 34 44 9 100 93 75 36 84 68 96 40 45 78 67 84 4 28 64 78 37 3 63 84 91 13 64 36 63 38 4 53 18 22 7 27 
7 11 85 40 56 3 11 86 94 23 81 68 57 74 2 37 71 95 45 11 36 81 82 6 67 17 26 20 15 60 9 60 31 35 21 28 67 13 55 85 49 19 75 50 55 3 82 98 77 94 95 24 62 100 27 50 89 47 72 64 76 46 86 55 
27 16 7 57 7 11 70 17 51 29 29 21 80 71 100 29 52 53 62 4 49 23 40 38 100 81 16 41 49 2 38 74 94 27 27 57 8 20 6 9 81 60 52 47 92 37 71 46 70 58 20 94 64 94 75 99 8 22 97 76 65 36 46 42 
82 53 60 81 27 85 59 14 91 73 100 65 20 100 20 86 5 64 45 50 41 76 1 15 42 69 82 67 3 29 94 24 62 40 48 75 57 34 28 92 100 31 81 81 37 18 2 58 2 92 92 45 88 78 56 40 14 47 84 80 35 41 90 59 
67 29 37 76 35 22 52 42 64 32 69 97 34 47 68 63 86 87 11 75 68 16 70 31 65 1 79 91 22 9 75 80 42 13 62 75 17 73 39 66 44 45 12 95 73 34 56 83 60 75 11 68 77 97 74 73 67 42 88 37 100 80 22 7 
4 32 6 31 69 22 66 55 65 81 79 9 69 4 5 21 52 32 100 55 5 39 29 87 80 43 55 65 13 14 81 12 65 50 51 64 46 9 73 47 20 85 89 23 81 25 21 99 49 95 69 80 31 24 66 9 41 97 85 76 18 82 93 78 
31 94 9 94 32 47 51 8 74 3 75 81 39 91 73 6 29 31 63 68 70 72 18 38 56 16 65 49 43 92 79 16 89 97 70 77 85 95 49 47 26 23 77 66 91 78 39 92 24 63 32 83 39 70 38 31 86 36 69 95 36 1 56 3 
78 25 68 86 39 68 96 11 62 10 42 23 29 46 70 2 64 74 24 72 49 10 94 1 88 99 94 100 17 90 49 29 56 49 82 27 55 22 67 46 100 82 92 34 9 84 87 50 92 84 14 23 76 73 68 33 83 61 53 21 99 74 26 48 
23 71 71 26 53 81 57 56 38 45 51 81 51 56 43 37 96 97 36 58 93 39 69 15 41 24 38 84 35 70 10 98 28 77 47 37 71 14 21 37 67 26 75 9 9 23 5 85 99 63 67 24 70 49 84 59 84 13 67 83 21 72 94 59 
96 17 1 31 10 38 60 80 32 7 17 59 35 49 78 82 21 81 19 99 21 98 44 38 90 100 12 48 87 77 90 4 23 22 91 77 23 76 81 99 89 41 88 80 98 46 50 87 100 70 93 49 33 90 21 10 83 74 8 48 26 12 19 19 
36 88 46 10 47 48 95 87 16 42 52 50 22 85 17 79 11 65 34 34 28 72 10 36 86 95 32 81 88 59 54 49 36 12 11 41 96 35 2 97 13 47 54 60 27 81 89 44 88 22 20 82 31 6 96 10 52 54 98 30 14 15 66 36 
28 70 99 18 74 96 43 70 30 8 72 4 93 54 95 93 49 30 98 12 61 54 47 77 46 70 87 100 8 84 20 71 97 18 19 95 70 30 89 65 80 14 12 62 84 11 21 58 70 28 93 1 55 88 17 46 59 30 93 72 44 29 36 55 
14 92 89 61 62 10 54 39 27 78 84 18 96 49 98 54 98 25 81 42 65 20 82 9 38 83 71 38 18 70 55 15 70 15 80 59 61 77 8 88 14 84 28 17 66 98 15 23 8 82 16 15 58 80 5 23 36 90 1 5 73 21 33 38 
97 39 5 77 75 55 58 24 80 47 66 73 92 45 51 62 81 80 34 9 88 56 76 76 54 48 80 53 18 37 12 20 8 16 84 53 80 80 52 85 17 94 86 9 68 87 63 10 37 72 16 80 58 17 65 70 16 29 16 5 24 80 26 46 
32 44 81 40 71 38 3 71 4 8 30 1 54 13 13 52 44 26 6 34 94 49 34 85 90 94 75 88 30 17 82 12 51 18 27 29 36 87 15 19 26 90 36 14 87 98 6 2 86 72 2 94 63 80 6 11 60 68 50 69 33 40 25 2 
95 34 9 43 77 78 74 44 23 9 66 71 37 72 25 58 69 13 26 36 89 72 54 34 19 33 81 29 8 39 96 81 42 90 11 40 60 49 52 80 13 46 72 70 12 18 59 10 48 32 47 4 42 46 51 59 95 57 24 85 28 3 8 68 
22 20 96 30 8 52 91 94 20 20 67 57 29 51 72 18 13 6 93 34 22 35 94 15 38 5 24 61 18 94 49 68 49 20 29 21 40 38 88 16 75 34 94 39 40 5 91 6 41 60 66 72 93 74 67 82 37 59 52 40 83 67 19 42 
12 91 31 40 8 32 53 41 3 72 50 21 37 59 36 71 48 24 27 27 53 27 65 33 7 13 5 93 99 93 16 22 85 76 78 75 62 37 4 66 72 75 10 36 33 37 39 45 98 59 21 90 40 40 2 54 71 14 94 86 71 32 12 100 
8 21 64 62 15 80 31 57 57 92 69 19 35 32 36 34 36 60 73 83 56 93 42 93 31 50 97 47 36 48 98 97 61 97 6 94 30 80 4 50 80 24 94 88 65 94 25 4 69 21 34 49 88 38 55 70 16 80 69 50 65 60 52 93 
54 33 56 78 74 97 79 20 76 6 100 78 73 56 99 14 46 72 74 85 61 86 40 75 58 61 43 52 14 16 46 33 32 17 48 14 88 64 32 20 26 84 78 39 44 51 78 31 92 78 100 93 73 84 57 29 45 78 80 63 65 43 11 13 
26 62 39 28 21 52 48 66 51 97 47 70 50 19 78 74 60 49 73 42 100 91 16 82 87 49 50 22 53 71 20 76 5 49 99 79 93 53 48 66 26 22 20 57 55 49 48 97 62 20 25 41 88 71 54 98 57 31 49 100 69 87 12 94 
3 85 36 90 33 66 66 75 90 7 78 81 22 25 65 62 66 32 18 65 83 91 74 19 94 54 11 64 4 7 67 96 21 29 77 48 16 17 50 20 62 87 99 67 86 99 9 88 29 41 36 4 16 6 85 61 9 3 53 36 42 90 25 48 
92 47 59 15 33 24 37 44 87 8 41 62 83 79 19 30 37 65 29 72 83 13 1 21 22 38 34 28 75 93 1 90 3 63 9 18 31 16 56 70 54 85 99 24 85 75 68 85 34 17 44 8 49 79 46 26 43 48 18 48 83 72 19 98 
5 61 70 83 93 97 5 53 2 22 77 38 55 33 76 28 49 90 14 21 15 2 43 36 59 48 36 93 30 47 10 20 63 15 36 38 81 37 54 20 67 79 70 86 25 84 7 22 80 25 13 99 47 37 18 59 30 98 48 56 36 69 6 2 
94 70 23 37 36 52 7 69 21 72 51 94 78 90 88 65 61 94 67 14 66 29 21 6 21 74 67 90 96 76 57 93 15 51 55 25 46 43 25 77 85 44 57 88 17 1 90 81 27 30 41 65 95 74 89 64 26 16 14 22 81 90 88 27 
80 85 56 89 79 12 44 96 95 71 67 52 59 7 42 47 10 28 29 28 84 56 39 27 57 55 88 30 41 28 70 9 64 39 3 4 31 83 97 3 87 66 94 92 54 13 96 87 36 65 66 46 9 4 15 89 22 18 5 83 63 54 62 89 
7 80 30 48 87 71 48 46 76 55 26 22 42 49 15 32 83 95 36 24 64 46 88 69 51 10 77 77 66 95 92 98 35 7 92 32 26 79 21 14 62 58 35 54 18 21 8 63 27 99 14 13 13 42 80 78 98 32 98 70 77 62 91 95 
30 72 57 35 100 30 86 26 52 98 74 52 47 87 32 11 50 75 6 14 87 72 84 27 63 43 74 51 100 51 13 75 97 15 68 20 23 87 19 100 92 90 7 81 1 62 67 32 45 18 30 16 36 88 51 53 43 17 30 92 4 21 56 38 
22 18 14 72 11 30 14 34 39 15 56 2 100 43 45 71 33 62 75 19 80 97 71 70 43 86 15 96 13 91 39 30 27 97 76 79 19 5 11 76 49 68 70 76 78 82 84 94 54 27 74 90 41 90 28 25 44 83 7 12 40 25 76 31 
84 13 27 16 29 80 71 94 27 58 78 28 72 32 70 82 41 83 64 100 90 56 1 96 96 98 57 64 87 6 62 92 99 31 93 76 92 36 75 66 54 61 62 69 28 28 43 13 37 30 48 99 16 50 57 99 88 19 15 40 55 77 33 8 
90 19 61 7 2 94 95 24 62 31 38 27 84 3 63 62 10 25 97 15 33 81 51 79 71 58 54 55 58 32 15 14 1 4 46 92 37 40 69 63 51 55 77 43 17 5 22 77 89 93 54 74 34 40 2 24 36 83 29 80 65 79 28 51 
0.0 1.0 1.0 1.0 1.0 1.0 1.0 1.0 1.0 1.0 1.0 1.0 1.0 1.0 1.0 1.0 1.0 1.0 1.0 1.0 1.0 1.0 1.0 1.0 1.0 1.0 1.0 1.0 1.0 1.0 1.0 1.0 1.0 1.0 1.0 1.0 1.0 1.0 1.0 1.0 1.0 1.0 1.0 1.0 1.0 1.0 1.0 1.0 1.0 1.0 1.0 1.0 1.0 1.0 1.0 1.0 1.0 1.0 1.0 1.0 1.0 1.0 1.0 1.0 
1.0 0.0 1.0 1.0 1.0 1.0 1.0 1.0 1.0 1.0 1.0 1.0 1.0 1.0 1.0 1.0 1.0 1.0 1.0 1.0 1.0 1.0 1.0 1.0 1.0 1.0 1.0 1.0 1.0 1.0 1.0 1.0 1.0 1.0 1.0 1.0 1.0 1.0 1.0 1.0 1.0 1.0 1.0 1.0 1.0 1.0 1.0 1.0 1.0 1.0 1.0 1.0 1.0 1.0 1.0 1.0 1.0 1.0 1.0 1.0 1.0 1.0 1.0 1.0 
1.0 1.0 0.0 1.0 1.0 1.0 1.0 1.0 1.0 1.0 1.0 1.0 1.0 1.0 1.0 1.0 1.0 1.0 1.0 1.0 1.0 1.0 1.0 1.0 1.0 1.0 1.0 1.0 1.0 1.0 1.0 1.0 1.0 1.0 1.0 1.0 1.0 1.0 1.0 1.0 1.0 1.0 1.0 1.0 1.0 1.0 1.0 1.0 1.0 1.0 1.0 1.0 1.0 1.0 1.0 1.0 1.0 1.0 1.0 1.0 1.0 1.0 1.0 1.0 
1.0 1.0 1.0 0.0 1.0 1.0 1.0 1.0 1.0 1.0 1.0 1.0 1.0 1.0 1.0 1.0 1.0 1.0 1.0 1.0 1.0 1.0 1.0 1.0 1.0 1.0 1.0 1.0 1.0 1.0 1.0 1.0 1.0 1.0 1.0 1.0 1.0 1.0 1.0 1.0 1.0 1.0 1.0 1.0 1.0 1.0 1.0 1.0 1.0 1.0 1.0 1.0 1.0 1.0 1.0 1.0 1.0 1.0 1.0 1.0 1.0 1.0 1.0 1.0 
1.0 1.0 1.0 1.0 0.0 1.0 1.0 1.0 1.0 1.0 1.0 1.0 1.0 1.0 1.0 1.0 1.0 1.0 1.0 1.0 1.0 1.0 1.0 1.0 1.0 1.0 1.0 1.0 1.0 1.0 1.0 1.0 1.0 1.0 1.0 1.0 1.0 1.0 1.0 1.0 1.0 1.0 1.0 1.0 1.0 1.0 1.0 1.0 1.0 1.0 1.0 1.0 1.0 1.0 1.0 1.0 1.0 1.0 1.0 1.0 1.0 1.0 1.0 1.0 
1.0 1.0 1.0 1.0 1.0 0.0 1.0 1.0 1.0 1.0 1.0 1.0 1.0 1.0 1.0 1.0 1.0 1.0 1.0 1.0 1.0 1.0 1.0 1.0 1.0 1.0 1.0 1.0 1.0 1.0 1.0 1.0 1.0 1.0 1.0 1.0 1.0 1.0 1.0 1.0 1.0 1.0 1.0 1.0 1.0 1.0 1.0 1.0 1.0 1.0 1.0 1.0 1.0 1.0 1.0 1.0 1.0 1.0 1.0 1.0 1.0 1.0 1.0 1.0 
1.0 1.0 1.0 1.0 1.0 1.0 0.0 1.0 1.0 1.0 1.0 1.0 1.0 1.0 1.0 1.0 1.0 1.0 1.0 1.0 1.0 1.0 1.0 1.0 1.0 1.0 1.0 1.0 1.0 1.0 1.0 1.0 1.0 1.0 1.0 1.0 1.0 1.0 1.0 1.0 1.0 1.0 1.0 1.0 1.0 1.0 1.0 1.0 1.0 1.0 1.0 1.0 1.0 1.0 1.0 1.0 1.0 1.0 1.0 1.0 1.0 1.0 1.0 1.0 
1.0 1.0 1.0 1.0 1.0 1.0 1.0 0.0 1.0 1.0 1.0 1.0 1.0 1.0 1.0 1.0 1.0 1.0 1.0 1.0 1.0 1.0 1.0 1.0 1.0 1.0 1.0 1.0 1.0 1.0 1.0 1.0 1.0 1.0 1.0 1.0 1.0 1.0 1.0 1.0 1.0 1.0 1.0 1.0 1.0 1.0 1.0 1.0 1.0 1.0 1.0 1.0 1.0 1.0 1.0 1.0 1.0 1.0 1.0 1.0 1.0 1.0 1.0 1.0 
1.0 1.0 1.0 1.0 1.0 1.0 1.0 1.0 0.0 1.0 1.0 1.0 1.0 1.0 1.0 1.0 1.0 1.0 1.0 1.0 1.0 1.0 1.0 1.0 1.0 1.0 1.0 1.0 1.0 1.0 1.0 1.0 1.0 1.0 1.0 1.0 1.0 1.0 1.0 1.0 1.0 1.0 1.0 1.0 1.0 1.0 1.0 1.0 1.0 1.0 1.0 1.0 1.0 1.0 1.0 1.0 1.0 1.0 1.0 1.0 1.0 1.0 1.0 1.0 
1.0 1.0 1.0 1.0 1.0 1.0 1.0 1.0 1.0 0.0 1.0 1.0 1.0 1.0 1.0 1.0 1.0 1.0 1.0 1.0 1.0 1.0 1.0 1.0 1.0 1.0 1.0 1.0 1.0 1.0 1.0 1.0 1.0 1.0 1.0 1.0 1.0 1.0 1.0 1.0 1.0 1.0 1.0 1.0 1.0 1.0 1.0 1.0 1.0 1.0 1.0 1.0 1.0 1.0 1.0 1.0 1.0 1.0 1.0 1.0 1.0 1.0 1.0 1.0 
1.0 1.0 1.0 1.0 1.0 1.0 1.0 1.0 1.0 1.0 0.0 1.0 1.0 1.0 1.0 1.0 1.0 1.0 1.0 1.0 1.0 1.0 1.0 1.0 1.0 1.0 1.0 1.0 1.0 1.0 1.0 1.0 1.0 1.0 1.0 1.0 1.0 1.0 1.0 1.0 1.0 1.0 1.0 1.0 1.0 1.0 1.0 1.0 1.0 1.0 1.0 1.0 1.0 1.0 1.0 1.0 1.0 1.0 1.0 1.0 1.0 1.0 1.0 1.0 
1.0 1.0 1.0 1.0 1.0 1.0 1.0 1.0 1.0 1.0 1.0 0.0 1.0 1.0 1.0 1.0 1.0 1.0 1.0 1.0 1.0 1.0 1.0 1.0 1.0 1.0 1.0 1.0 1.0 1.0 1.0 1.0 1.0 1.0 1.0 1.0 1.0 1.0 1.0 1.0 1.0 1.0 1.0 1.0 1.0 1.0 1.0 1.0 1.0 1.0 1.0 1.0 1.0 1.0 1.0 1.0 1.0 1.0 1.0 1.0 1.0 1.0 1.0 1.0 
1.0 1.0 1.0 1.0 1.0 1.0 1.0 1.0 1.0 1.0 1.0 1.0 0.0 1.0 1.0 1.0 1.0 1.0 1.0 1.0 1.0 1.0 1.0 1.0 1.0 1.0 1.0 1.0 1.0 1.0 1.0 1.0 1.0 1.0 1.0 1.0 1.0 1.0 1.0 1.0 1.0 1.0 1.0 1.0 1.0 1.0 1.0 1.0 1.0 1.0 1.0 1.0 1.0 1.0 1.0 1.0 1.0 1.0 1.0 1.0 1.0 1.0 1.0 1.0 
1.0 1.0 1.0 1.0 1.0 1.0 1.0 1.0 1.0 1.0 1.0 1.0 1.0 0.0 1.0 1.0 1.0 1.0 1.0 1.0 1.0 1.0 1.0 1.0 1.0 1.0 1.0 1.0 1.0 1.0 1.0 1.0 1.0 1.0 1.0 1.0 1.0 1.0 1.0 1.0 1.0 1.0 1.0 1.0 1.0 1.0 1.0 1.0 1.0 1.0 1.0 1.0 1.0 1.0 1.0 1.0 1.0 1.0 1.0 1.0 1.0 1.0 1.0 1.0 
1.0 1.0 1.0 1.0 1.0 1.0 1.0 1.0 1.0 1.0 1.0 1.0 1.0 1.0 0.0 1.0 1.0 1.0 1.0 1.0 1.0 1.0 1.0 1.0 1.0 1.0 1.0 1.0 1.0 1.0 1.0 1.0 1.0 1.0 1.0 1.0 1.0 1.0 1.0 1.0 1.0 1.0 1.0 1.0 1.0 1.0 1.0 1.0 1.0 1.0 1.0 1.0 1.0 1.0 1.0 1.0 1.0 1.0 1.0 1.0 1.0 1.0 1.0 1.0 
1.0 1.0 1.0 1.0 1.0 1.0 1.0 1.0 1.0 1.0 1.0 1.0 1.0 1.0 1.0 0.0 1.0 1.0 1.0 1.0 1.0 1.0 1.0 1.0 1.0 1.0 1.0 1.0 1.0 1.0 1.0 1.0 1.0 1.0 1.0 1.0 1.0 1.0 1.0 1.0 1.0 1.0 1.0 1.0 1.0 1.0 1.0 1.0 1.0 1.0 1.0 1.0 1.0 1.0 1.0 1.0 1.0 1.0 1.0 1.0 1.0 1.0 1.0 1.0 
1.0 1.0 1.0 1.0 1.0 1.0 1.0 1.0 1.0 1.0 1.0 1.0 1.0 1.0 1.0 1.0 0.0 1.0 1.0 1.0 1.0 1.0 1.0 1.0 1.0 1.0 1.0 1.0 1.0 1.0 1.0 1.0 1.0 1.0 1.0 1.0 1.0 1.0 1.0 1.0 1.0 1.0 1.0 1.0 1.0 1.0 1.0 1.0 1.0 1.0 1.0 1.0 1.0 1.0 1.0 1.0 1.0 1.0 1.0 1.0 1.0 1.0 1.0 1.0 
1.0 1.0 1.0 1.0 1.0 1.0 1.0 1.0 1.0 1.0 1.0 1.0 1.0 1.0 1.0 1.0 1.0 0.0 1.0 1.0 1.0 1.0 1.0 1.0 1.0 1.0 1.0 1.0 1.0 1.0 1.0 1.0 1.0 1.0 1.0 1.0 1.0 1.0 1.0 1.0 1.0 1.0 1.0 1.0 1.0 1.0 1.0 1.0 1.0 1.0 1.0 1.0 1.0 1.0 1.0 1.0 1.0 1.0 1.0 1.0 1.0 1.0 1.0 1.0 
1.0 1.0 1.0 1.0 1.0 1.0 1.0 1.0 1.0 1.0 1.0 1.0 1.0 1.0 1.0 1.0 1.0 1.0 0.0 1.0 1.0 1.0 1.0 1.0 1.0 1.0 1.0 1.0 1.0 1.0 1.0 1.0 1.0 1.0 1.0 1.0 1.0 1.0 1.0 1.0 1.0 1.0 1.0 1.0 1.0 1.0 1.0 1.0 1.0 1.0 1.0 1.0 1.0 1.0 1.0 1.0 1.0 1.0 1.0 1.0 1.0 1.0 1.0 1.0 
1.0 1.0 1.0 1.0 1.0 1.0 1.0 1.0 1.0 1.0 1.0 1.0 1.0 1.0 1.0 1.0 1.0 1.0 1.0 0.0 1.0 1.0 1.0 1.0 1.0 1.0 1.0 1.0 1.0 1.0 1.0 1.0 1.0 1.0 1.0 1.0 1.0 1.0 1.0 1.0 1.0 1.0 1.0 1.0 1.0 1.0 1.0 1.0 1.0 1.0 1.0 1.0 1.0 1.0 1.0 1.0 1.0 1.0 1.0 1.0 1.0 1.0 1.0 1.0 
1.0 1.0 1.0 1.0 1.0 1.0 1.0 1.0 1.0 1.0 1.0 1.0 1.0 1.0 1.0 1.0 1.0 1.0 1.0 1.0 0.0 1.0 1.0 1.0 1.0 1.0 1.0 1.0 1.0 1.0 1.0 1.0 1.0 1.0 1.0 1.0 1.0 1.0 1.0 1.0 1.0 1.0 1.0 1.0 1.0 1.0 1.0 1.0 1.0 1.0 1.0 1.0 1.0 1.0 1.0 1.0 1.0 1.0 1.0 1.0 1.0 1.0 1.0 1.0 
1.0 1.0 1.0 1.0 1.0 1.0 1.0 1.0 1.0 1.0 1.0 1.0 1.0 1.0 1.0 1.0 1.0 1.0 1.0 1.0 1.0 0.0 1.0 1.0 1.0 1.0 1.0 1.0 1.0 1.0 1.0 1.0 1.0 1.0 1.0 1.0 1.0 1.0 1.0 1.0 1.0 1.0 1.0 1.0 1.0 1.0 1.0 1.0 1.0 1.0 1.0 1.0 1.0 1.0 1.0 1.0 1.0 1.0 1.0 1.0 1.0 1.0 1.0 1.0 
1.0 1.0 1.0 1.0 1.0 1.0 1.0 1.0 1.0 1.0 1.0 1.0 1.0 1.0 1.0 1.0 1.0 1.0 1.0 1.0 1.0 1.0 0.0 1.0 1.0 1.0 1.0 1.0 1.0 1.0 1.0 1.0 1.0 1.0 1.0 1.0 1.0 1.0 1.0 1.0 1.0 1.0 1.0 1.0 1.0 1.0 1.0 1.0 1.0 1.0 1.0 1.0 1.0 1.0 1.0 1.0 1.0 1.0 1.0 1.0 1.0 1.0 1.0 1.0 
1.0 1.0 1.0 1.0 1.0 1.0 1.0 1.0 1.0 1.0 1.0 1.0 1.0 1.0 1.0 1.0 1.0 1.0 1.0 1.0 1.0 1.0 1.0 0.0 1.0 1.0 1.0 1.0 1.0 1.0 1.0 1.0 1.0 1.0 1.0 1.0 1.0 1.0 1.0 1.0 1.0 1.0 1.0 1.0 1.0 1.0 1.0 1.0 1.0 1.0 1.0 1.0 1.0 1.0 1.0 1.0 1.0 1.0 1.0 1.0 1.0 1.0 1.0 1.0 
1.0 1.0 1.0 1.0 1.0 1.0 1.0 1.0 1.0 1.0 1.0 1.0 1.0 1.0 1.0 1.0 1.0 1.0 1.0 1.0 1.0 1.0 1.0 1.0 0.0 1.0 1.0 1.0 1.0 1.0 1.0 1.0 1.0 1.0 1.0 1.0 1.0 1.0 1.0 1.0 1.0 1.0 1.0 1.0 1.0 1.0 1.0 1.0 1.0 1.0 1.0 1.0 1.0 1.0 1.0 1.0 1.0 1.0 1.0 1.0 1.0 1.0 1.0 1.0 
1.0 1.0 1.0 1.0 1.0 1.0 1.0 1.0 1.0 1.0 1.0 1.0 1.0 1.0 1.0 1.0 1.0 1.0 1.0 1.0 1.0 1.0 1.0 1.0 1.0 0.0 1.0 1.0 1.0 1.0 1.0 1.0 1.0 1.0 1.0 1.0 1.0 1.0 1.0 1.0 1.0 1.0 1.0 1.0 1.0 1.0 1.0 1.0 1.0 1.0 1.0 1.0 1.0 1.0 1.0 1.0 1.0 1.0 1.0 1.0 1.0 1.0 1.0 1.0 
1.0 1.0 1.0 1.0 1.0 1.0 1.0 1.0 1.0 1.0 1.0 1.0 1.0 1.0 1.0 1.0 1.0 1.0 1.0 1.0 1.0 1.0 1.0 1.0 1.0 1.0 0.0 1.0 1.0 1.0 1.0 1.0 1.0 1.0 1.0 1.0 1.0 1.0 1.0 1.0 1.0 1.0 1.0 1.0 1.0 1.0 1.0 1.0 1.0 1.0 1.0 1.0 1.0 1.0 1.0 1.0 1.0 1.0 1.0 1.0 1.0 1.0 1.0 1.0 
1.0 1.0 1.0 1.0 1.0 1.0 1.0 1.0 1.0 1.0 1.0 1.0 1.0 1.0 1.0 1.0 1.0 1.0 1.0 1.0 1.0 1.0 1.0 1.0 1.0 1.0 1.0 0.0 1.0 1.0 1.0 1.0 1.0 1.0 1.0 1.0 1.0 1.0 1.0 1.0 1.0 1.0 1.0 1.0 1.0 1.0 1.0 1.0 1.0 1.0 1.0 1.0 1.0 1.0 1.0 1.0 1.0 1.0 1.0 1.0 1.0 1.0 1.0 1.0 
1.0 1.0 1.0 1.0 1.0 1.0 1.0 1.0 1.0 1.0 1.0 1.0 1.0 1.0 1.0 1.0 1.0 1.0 1.0 1.0 1.0 1.0 1.0 1.0 1.0 1.0 1.0 1.0 0.0 1.0 1.0 1.0 1.0 1.0 1.0 1.0 1.0 1.0 1.0 1.0 1.0 1.0 1.0 1.0 1.0 1.0 1.0 1.0 1.0 1.0 1.0 1.0 1.0 1.0 1.0 1.0 1.0 1.0 1.0 1.0 1.0 1.0 1.0 1.0 
1.0 1.0 1.0 1.0 1.0 1.0 1.0 1.0 1.0 1.0 1.0 1.0 1.0 1.0 1.0 1.0 1.0 1.0 1.0 1.0 1.0 1.0 1.0 1.0 1.0 1.0 1.0 1.0 1.0 0.0 1.0 1.0 1.0 1.0 1.0 1.0 1.0 1.0 1.0 1.0 1.0 1.0 1.0 1.0 1.0 1.0 1.0 1.0 1.0 1.0 1.0 1.0 1.0 1.0 1.0 1.0 1.0 1.0 1.0 1.0 1.0 1.0 1.0 1.0 
1.0 1.0 1.0 1.0 1.0 1.0 1.0 1.0 1.0 1.0 1.0 1.0 1.0 1.0 1.0 1.0 1.0 1.0 1.0 1.0 1.0 1.0 1.0 1.0 1.0 1.0 1.0 1.0 1.0 1.0 0.0 1.0 1.0 1.0 1.0 1.0 1.0 1.0 1.0 1.0 1.0 1.0 1.0 1.0 1.0 1.0 1.0 1.0 1.0 1.0 1.0 1.0 1.0 1.0 1.0 1.0 1.0 1.0 1.0 1.0 1.0 1.0 1.0 1.0 
1.0 1.0 1.0 1.0 1.0 1.0 1.0 1.0 1.0 1.0 1.0 1.0 1.0 1.0 1.0 1.0 1.0 1.0 1.0 1.0 1.0 1.0 1.0 1.0 1.0 1.0 1.0 1.0 1.0 1.0 1.0 0.0 1.0 1.0 1.0 1.0 1.0 1.0 1.0 1.0 1.0 1.0 1.0 1.0 1.0 1.0 1.0 1.0 1.0 1.0 1.0 1.0 1.0 1.0 1.0 1.0 1.0 1.0 1.0 1.0 1.0 1.0 1.0 1.0 
1.0 1.0 1.0 1.0 1.0 1.0 1.0 1.0 1.0 1.0 1.0 1.0 1.0 1.0 1.0 1.0 1.0 1.0 1.0 1.0 1.0 1.0 1.0 1.0 1.0 1.0 1.0 1.0 1.0 1.0 1.0 1.0 0.0 1.0 1.0 1.0 1.0 1.0 1.0 1.0 1.0 1.0 1.0 1.0 1.0 1.0 1.0 1.0 1.0 1.0 1.0 1.0 1.0 1.0 1.0 1.0 1.0 1.0 1.0 1.0 1.0 1.0 1.0 1.0 
1.0 1.0 1.0 1.0 1.0 1.0 1.0 1.0 1.0 1.0 1.0 1.0 1.0 1.0 1.0 1.0 1.0 1.0 1.0 1.0 1.0 1.0 1.0 1.0 1.0 1.0 1.0 1.0 1.0 1.0 1.0 1.0 1.0 0.0 1.0 1.0 1.0 1.0 1.0 1.0 1.0 1.0 1.0 1.0 1.0 1.0 1.0 1.0 1.0 1.0 1.0 1.0 1.0 1.0 1.0 1.0 1.0 1.0 1.0 1.0 1.0 1.0 1.0 1.0 
1.0 1.0 1.0 1.0 1.0 1.0 1.0 1.0 1.0 1.0 1.0 1.0 1.0 1.0 1.0 1.0 1.0 1.0 1.0 1.0 1.0 1.0 1.0 1.0 1.0 1.0 1.0 1.0 1.0 1.0 1.0 1.0 1.0 1.0 0.0 1.0 1.0 1.0 1.0 1.0 1.0 1.0 1.0 1.0 1.0 1.0 1.0 1.0 1.0 1.0 1.0 1.0 1.0 1.0 1.0 1.0 1.0 1.0 1.0 1.0 1.0 1.0 1.0 1.0 
1.0 1.0 1.0 1.0 1.0 1.0 1.0 1.0 1.0 1.0 1.0 1.0 1.0 1.0 1.0 1.0 1.0 1.0 1.0 1.0 1.0 1.0 1.0 1.0 1.0 1.0 1.0 1.0 1.0 1.0 1.0 1.0 1.0 1.0 1.0 0.0 1.0 1.0 1.0 1.0 1.0 1.0 1.0 1.0 1.0 1.0 1.0 1.0 1.0 1.0 1.0 1.0 1.0 1.0 1.0 1.0 1.0 1.0 1.0 1.0 1.0 1.0 1.0 1.0 
1.0 1.0 1.0 1.0 1.0 1.0 1.0 1.0 1.0 1.0 1.0 1.0 1.0 1.0 1.0 1.0 1.0 1.0 1.0 1.0 1.0 1.0 1.0 1.0 1.0 1.0 1.0 1.0 1.0 1.0 1.0 1.0 1.0 1.0 1.0 1.0 0.0 1.0 1.0 1.0 1.0 1.0 1.0 1.0 1.0 1.0 1.0 1.0 1.0 1.0 1.0 1.0 1.0 1.0 1.0 1.0 1.0 1.0 1.0 1.0 1.0 1.0 1.0 1.0 
1.0 1.0 1.0 1.0 1.0 1.0 1.0 1.0 1.0 1.0 1.0 1.0 1.0 1.0 1.0 1.0 1.0 1.0 1.0 1.0 1.0 1.0 1.0 1.0 1.0 1.0 1.0 1.0 1.0 1.0 1.0 1.0 1.0 1.0 1.0 1.0 1.0 0.0 1.0 1.0 1.0 1.0 1.0 1.0 1.0 1.0 1.0 1.0 1.0 1.0 1.0 1.0 1.0 1.0 1.0 1.0 1.0 1.0 1.0 1.0 1.0 1.0 1.0 1.0 
1.0 1.0 1.0 1.0 1.0 1.0 1.0 1.0 1.0 1.0 1.0 1.0 1.0 1.0 1.0 1.0 1.0 1.0 1.0 1.0 1.0 1.0 1.0 1.0 1.0 1.0 1.0 1.0 1.0 1.0 1.0 1.0 1.0 1.0 1.0 1.0 1.0 1.0 0.0 1.0 1.0 1.0 1.0 1.0 1.0 1.0 1.0 1.0 1.0 1.0 1.0 1.0 1.0 1.0 1.0 1.0 1.0 1.0 1.0 1.0 1.0 1.0 1.0 1.0 
1.0 1.0 1.0 1.0 1.0 1.0 1.0 1.0 1.0 1.0 1.0 1.0 1.0 1.0 1.0 1.0 1.0 1.0 1.0 1.0 1.0 1.0 1.0 1.0 1.0 1.0 1.0 1.0 1.0 1.0 1.0 1.0 1.0 1.0 1.0 1.0 1.0 1.0 1.0 0.0 1.0 1.0 1.0 1.0 1.0 1.0 1.0 1.0 1.0 1.0 1.0 1.0 1.0 1.0 1.0 1.0 1.0 1.0 1.0 1.0 1.0 1.0 1.0 1.0 
1.0 1.0 1.0 1.0 1.0 1.0 1.0 1.0 1.0 1.0 1.0 1.0 1.0 1.0 1.0 1.0 1.0 1.0 1.0 1.0 1.0 1.0 1.0 1.0 1.0 1.0 1.0 1.0 1.0 1.0 1.0 1.0 1.0 1.0 1.0 1.0 1.0 1.0 1.0 1.0 0.0 1.0 1.0 1.0 1.0 1.0 1.0 1.0 1.0 1.0 1.0 1.0 1.0 1.0 1.0 1.0 1.0 1.0 1.0 1.0 1.0 1.0 1.0 1.0 
1.0 1.0 1.0 1.0 1.0 1.0 1.0 1.0 1.0 1.0 1.0 1.0 1.0 1.0 1.0 1.0 1.0 1.0 1.0 1.0 1.0 1.0 1.0 1.0 1.0 1.0 1.0 1.0 1.0 1.0 1.0 1.0 1.0 1.0 1.0 1.0 1.0 1.0 1.0 1.0 1.0 0.0 1.0 1.0 1.0 1.0 1.0 1.0 1.0 1.0 1.0 1.0 1.0 1.0 1.0 1.0 1.0 1.0 1.0 1.0 1.0 1.0 1.0 1.0 
1.0 1.0 1.0 1.0 1.0 1.0 1.0 1.0 1.0 1.0 1.0 1.0 1.0 1.0 1.0 1.0 1.0 1.0 1.0 1.0 1.0 1.0 1.0 1.0 1.0 1.0 1.0 1.0 1.0 1.0 1.0 1.0 1.0 1.0 1.0 1.0 1.0 1.0 1.0 1.0 1.0 1.0 0.0 1.0 1.0 1.0 1.0 1.0 1.0 1.0 1.0 1.0 1.0 1.0 1.0 1.0 1.0 1.0 1.0 1.0 1.0 1.0 1.0 1.0 
1.0 1.0 1.0 1.0 1.0 1.0 1.0 1.0 1.0 1.0 1.0 1.0 1.0 1.0 1.0 1.0 1.0 1.0 1.0 1.0 1.0 1.0 1.0 1.0 1.0 1.0 1.0 1.0 1.0 1.0 1.0 1.0 1.0 1.0 1.0 1.0 1.0 1.0 1.0 1.0 1.0 1.0 1.0 0.0 1.0 1.0 1.0 1.0 1.0 1.0 1.0 1.0 1.0 1.0 1.0 1.0 1.0 1.0 1.0 1.0 1.0 1.0 1.0 1.0 
1.0 1.0 1.0 1.0 1.0 1.0 1.0 1.0 1.0 1.0 1.0 1.0 1.0 1.0 1.0 1.0 1.0 1.0 1.0 1.0 1.0 1.0 1.0 1.0 1.0 1.0 1.0 1.0 1.0 1.0 1.0 1.0 1.0 1.0 1.0 1.0 1.0 1.0 1.0 1.0 1.0 1.0 1.0 1.0 0.0 1.0 1.0 1.0 1.0 1.0 1.0 1.0 1.0 1.0 1.0 1.0 1.0 1.0 1.0 1.0 1.0 1.0 1.0 1.0 
1.0 1.0 1.0 1.0 1.0 1.0 1.0 1.0 1.0 1.0 1.0 1.0 1.0 1.0 1.0 1.0 1.0 1.0 1.0 1.0 1.0 1.0 1.0 1.0 1.0 1.0 1.0 1.0 1.0 1.0 1.0 1.0 1.0 1.0 1.0 1.0 1.0 1.0 1.0 1.0 1.0 1.0 1.0 1.0 1.0 0.0 1.0 1.0 1.0 1.0 1.0 1.0 1.0 1.0 1.0 1.0 1.0 1.0 1.0 1.0 1.0 1.0 1.0 1.0 
1.0 1.0 1.0 1.0 1.0 1.0 1.0 1.0 1.0 1.0 1.0 1.0 1.0 1.0 1.0 1.0 1.0 1.0 1.0 1.0 1.0 1.0 1.0 1.0 1.0 1.0 1.0 1.0 1.0 1.0 1.0 1.0 1.0 1.0 1.0 1.0 1.0 1.0 1.0 1.0 1.0 1.0 1.0 1.0 1.0 1.0 0.0 1.0 1.0 1.0 1.0 1.0 1.0 1.0 1.0 1.0 1.0 1.0 1.0 1.0 1.0 1.0 1.0 1.0 
1.0 1.0 1.0 1.0 1.0 1.0 1.0 1.0 1.0 1.0 1.0 1.0 1.0 1.0 1.0 1.0 1.0 1.0 1.0 1.0 1.0 1.0 1.0 1.0 1.0 1.0 1.0 1.0 1.0 1.0 1.0 1.0 1.0 1.0 1.0 1.0 1.0 1.0 1.0 1.0 1.0 1.0 1.0 1.0 1.0 1.0 1.0 0.0 1.0 1.0 1.0 1.0 1.0 1.0 1.0 1.0 1.0 1.0 1.0 1.0 1.0 1.0 1.0 1.0 
1.0 1.0 1.0 1.0 1.0 1.0 1.0 1.0 1.0 1.0 1.0 1.0 1.0 1.0 1.0 1.0 1.0 1.0 1.0 1.0 1.0 1.0 1.0 1.0 1.0 1.0 1.0 1.0 1.0 1.0 1.0 1.0 1.0 1.0 1.0 1.0 1.0 1.0 1.0 1.0 1.0 1.0 1.0 1.0 1.0 1.0 1.0 1.0 0.0 1.0 1.0 1.0 1.0 1.0 1.0 1.0 1.0 1.0 1.0 1.0 1.0 1.0 1.0 1.0 
1.0 1.0 1.0 1.0 1.0 1.0 1.0 1.0 1.0 1.0 1.0 1.0 1.0 1.0 1.0 1.0 1.0 1.0 1.0 1.0 1.0 1.0 1.0 1.0 1.0 1.0 1.0 1.0 1.0 1.0 1.0 1.0 1.0 1.0 1.0 1.0 1.0 1.0 1.0 1.0 1.0 1.0 1.0 1.0 1.0 1.0 1.0 1.0 1.0 0.0 1.0 1.0 1.0 1.0 1.0 1.0 1.0 1.0 1.0 1.0 1.0 1.0 1.0 1.0 
1.0 1.0 1.0 1.0 1.0 1.0 1.0 1.0 1.0 1.0 1.0 1.0 1.0 1.0 1.0 1.0 1.0 1.0 1.0 1.0 1.0 1.0 1.0 1.0 1.0 1.0 1.0 1.0 1.0 1.0 1.0 1.0 1.0 1.0 1.0 1.0 1.0 1.0 1.0 1.0 1.0 1.0 1.0 1.0 1.0 1.0 1.0 1.0 1.0 1.0 0.0 1.0 1.0 1.0 1.0 1.0 1.0 1.0 1.0 1.0 1.0 1.0 1.0 1.0 
1.0 1.0 1.0 1.0 1.0 1.0 1.0 1.0 1.0 1.0 1.0 1.0 1.0 1.0 1.0 1.0 1.0 1.0 1.0 1.0 1.0 1.0 1.0 1.0 1.0 1.0 1.0 1.0 1.0 1.0 1.0 1.0 1.0 1.0 1.0 1.0 1.0 1.0 1.0 1.0 1.0 1.0 1.0 1.0 1.0 1.0 1.0 1.0 1.0 1.0 1.0 0.0 1.0 1.0 1.0 1.0 1.0 1.0 1.0 1.0 1.0 1.0 1.0 1.0 
1.0 1.0 1.0 1.0 1.0 1.0 1.0 1.0 1.0 1.0 1.0 1.0 1.0 1.0 1.0 1.0 1.0 1.0 1.0 1.0 1.0 1.0 1.0 1.0 1.0 1.0 1.0 1.0 1.0 1.0 1.0 1.0 1.0 1.0 1.0 1.0 1.0 1.0 1.0 1.0 1.0 1.0 1.0 1.0 1.0 1.0 1.0 1.0 1.0 1.0 1.0 1.0 0.0 1.0 1.0 1.0 1.0 1.0 1.0 1.0 1.0 1.0 1.0 1.0 
1.0 1.0 1.0 1.0 1.0 1.0 1.0 1.0 1.0 1.0 1.0 1.0 1.0 1.0 1.0 1.0 1.0 1.0 1.0 1.0 1.0 1.0 1.0 1.0 1.0 1.0 1.0 1.0 1.0 1.0 1.0 1.0 1.0 1.0 1.0 1.0 1.0 1.0 1.0 1.0 1.0 1.0 1.0 1.0 1.0 1.0 1.0 1.0 1.0 1.0 1.0 1.0 1.0 0.0 1.0 1.0 1.0 1.0 1.0 1.0 1.0 1.0 1.0 1.0 
1.0 1.0 1.0 1.0 1.0 1.0 1.0 1.0 1.0 1.0 1.0 1.0 1.0 1.0 1.0 1.0 1.0 1.0 1.0 1.0 1.0 1.0 1.0 1.0 1.0 1.0 1.0 1.0 1.0 1.0 1.0 1.0 1.0 1.0 1.0 1.0 1.0 1.0 1.0 1.0 1.0 1.0 1.0 1.0 1.0 1.0 1.0 1.0 1.0 1.0 1.0 1.0 1.0 1.0 0.0 1.0 1.0 1.0 1.0 1.0 1.0 1.0 1.0 1.0 
1.0 1.0 1.0 1.0 1.0 1.0 1.0 1.0 1.0 1.0 1.0 1.0 1.0 1.0 1.0 1.0 1.0 1.0 1.0 1.0 1.0 1.0 1.0 1.0 1.0 1.0 1.0 1.0 1.0 1.0 1.0 1.0 1.0 1.0 1.0 1.0 1.0 1.0 1.0 1.0 1.0 1.0 1.0 1.0 1.0 1.0 1.0 1.0 1.0 1.0 1.0 1.0 1.0 1.0 1.0 0.0 1.0 1.0 1.0 1.0 1.0 1.0 1.0 1.0 
1.0 1.0 1.0 1.0 1.0 1.0 1.0 1.0 1.0 1.0 1.0 1.0 1.0 1.0 1.0 1.0 1.0 1.0 1.0 1.0 1.0 1.0 1.0 1.0 1.0 1.0 1.0 1.0 1.0 1.0 1.0 1.0 1.0 1.0 1.0 1.0 1.0 1.0 1.0 1.0 1.0 1.0 1.0 1.0 1.0 1.0 1.0 1.0 1.0 1.0 1.0 1.0 1.0 1.0 1.0 1.0 0.0 1.0 1.0 1.0 1.0 1.0 1.0 1.0 
1.0 1.0 1.0 1.0 1.0 1.0 1.0 1.0 1.0 1.0 1.0 1.0 1.0 1.0 1.0 1.0 1.0 1.0 1.0 1.0 1.0 1.0 1.0 1.0 1.0 1.0 1.0 1.0 1.0 1.0 1.0 1.0 1.0 1.0 1.0 1.0 1.0 1.0 1.0 1.0 1.0 1.0 1.0 1.0 1.0 1.0 1.0 1.0 1.0 1.0 1.0 1.0 1.0 1.0 1.0 1.0 1.0 0.0 1.0 1.0 1.0 1.0 1.0 1.0 
1.0 1.0 1.0 1.0 1.0 1.0 1.0 1.0 1.0 1.0 1.0 1.0 1.0 1.0 1.0 1.0 1.0 1.0 1.0 1.0 1.0 1.0 1.0 1.0 1.0 1.0 1.0 1.0 1.0 1.0 1.0 1.0 1.0 1.0 1.0 1.0 1.0 1.0 1.0 1.0 1.0 1.0 1.0 1.0 1.0 1.0 1.0 1.0 1.0 1.0 1.0 1.0 1.0 1.0 1.0 1.0 1.0 1.0 0.0 1.0 1.0 1.0 1.0 1.0 
1.0 1.0 1.0 1.0 1.0 1.0 1.0 1.0 1.0 1.0 1.0 1.0 1.0 1.0 1.0 1.0 1.0 1.0 1.0 1.0 1.0 1.0 1.0 1.0 1.0 1.0 1.0 1.0 1.0 1.0 1.0 1.0 1.0 1.0 1.0 1.0 1.0 1.0 1.0 1.0 1.0 1.0 1.0 1.0 1.0 1.0 1.0 1.0 1.0 1.0 1.0 1.0 1.0 1.0 1.0 1.0 1.0 1.0 1.0 0.0 1.0 1.0 1.0 1.0 
1.0 1.0 1.0 1.0 1.0 1.0 1.0 1.0 1.0 1.0 1.0 1.0 1.0 1.0 1.0 1.0 1.0 1.0 1.0 1.0 1.0 1.0 1.0 1.0 1.0 1.0 1.0 1.0 1.0 1.0 1.0 1.0 1.0 1.0 1.0 1.0 1.0 1.0 1.0 1.0 1.0 1.0 1.0 1.0 1.0 1.0 1.0 1.0 1.0 1.0 1.0 1.0 1.0 1.0 1.0 1.0 1.0 1.0 1.0 1.0 0.0 1.0 1.0 1.0 
1.0 1.0 1.0 1.0 1.0 1.0 1.0 1.0 1.0 1.0 1.0 1.0 1.0 1.0 1.0 1.0 1.0 1.0 1.0 1.0 1.0 1.0 1.0 1.0 1.0 1.0 1.0 1.0 1.0 1.0 1.0 1.0 1.0 1.0 1.0 1.0 1.0 1.0 1.0 1.0 1.0 1.0 1.0 1.0 1.0 1.0 1.0 1.0 1.0 1.0 1.0 1.0 1.0 1.0 1.0 1.0 1.0 1.0 1.0 1.0 1.0 0.0 1.0 1.0 
1.0 1.0 1.0 1.0 1.0 1.0 1.0 1.0 1.0 1.0 1.0 1.0 1.0 1.0 1.0 1.0 1.0 1.0 1.0 1.0 1.0 1.0 1.0 1.0 1.0 1.0 1.0 1.0 1.0 1.0 1.0 1.0 1.0 1.0 1.0 1.0 1.0 1.0 1.0 1.0 1.0 1.0 1.0 1.0 1.0 1.0 1.0 1.0 1.0 1.0 1.0 1.0 1.0 1.0 1.0 1.0 1.0 1.0 1.0 1.0 1.0 1.0 0.0 1.0 
1.0 1.0 1.0 1.0 1.0 1.0 1.0 1.0 1.0 1.0 1.0 1.0 1.0 1.0 1.0 1.0 1.0 1.0 1.0 1.0 1.0 1.0 1.0 1.0 1.0 1.0 1.0 1.0 1.0 1.0 1.0 1.0 1.0 1.0 1.0 1.0 1.0 1.0 1.0 1.0 1.0 1.0 1.0 1.0 1.0 1.0 1.0 1.0 1.0 1.0 1.0 1.0 1.0 1.0 1.0 1.0 1.0 1.0 1.0 1.0 1.0 1.0 1.0 0.0 