16
1 4 10 4 1 8 10 3 10 2 3 1 10 1 3 5 
10 5 9 3 6 4 10 2 4 3 9 6 9 2 5 4 
1 4 10 3 9 2 9 9 2 6 7 10 6 1 7 10 
10 9 5 4 1 7 5 6 2 1 6 5 10 3 3 5 
8 5 9 8 6 1 8 3 3 1 8 1 2 6 10 9 
9 7 7 3 10 10 8 10 4 9 6 1 3 5 4 2 
6 2 1 2 2 2 9 3 9 4 7 4 3 1 9 3 
10 8 4 10 4 8 6 6 6 6 4 3 1 6 5 1 
8 3 9 2 2 1 6 2 3 6 5 3 5 2 8 8 
3 4 10 7 1 2 8 2 7 6 10 2 4 8 5 5 
1 6 6 5 5 3 3 8 5 4 7 7 3 3 2 6 
3 5 2 1 10 9 2 3 1 9 3 5 6 5 9 9 
10 9 4 7 7 1 2 8 4 3 10 1 8 8 3 1 
3 1 4 8 3 10 8 3 10 1 6 1 1 5 2 9 
2 8 4 9 4 9 5 6 10 2 7 8 4 4 1 3 
10 7 10 6 8 3 6 6 2 3 1 8 8 5 10 1 
0.0 1.0 1.0 1.0 1.0 1.0 1.0 1.0 1.0 1.0 1.0 1.0 1.0 1.0 1.0 1.0 
1.0 0.0 1.0 1.0 1.0 1.0 1.0 1.0 1.0 1.0 1.0 1.0 1.0 1.0 1.0 1.0 
1.0 1.0 0.0 1.0 1.0 1.0 1.0 1.0 1.0 1.0 1.0 1.0 1.0 1.0 1.0 1.0 
1.0 1.0 1.0 0.0 1.0 1.0 1.0 1.0 1.0 1.0 1.0 1.0 1.0 1.0 1.0 1.0 
1.0 1.0 1.0 1.0 0.0 1.0 1.0 1.0 1.0 1.0 1.0 1.0 1.0 1.0 1.0 1.0 
1.0 1.0 1.0 1.0 1.0 0.0 1.0 1.0 1.0 1.0 1.0 1.0 1.0 1.0 1.0 1.0 
1.0 1.0 1.0 1.0 1.0 1.0 0.0 1.0 1.0 1.0 1.0 1.0 1.0 1.0 1.0 1.0 
1.0 1.0 1.0 1.0 1.0 1.0 1.0 0.0 1.0 1.0 1.0 1.0 1.0 1.0 1.0 1.0 
1.0 1.0 1.0 1.0 1.0 1.0 1.0 1.0 0.0 1.0 1.0 1.0 1.0 1.0 1.0 1.0 
1.0 1.0 1.0 1.0 1.0 1.0 1.0 1.0 1.0 0.0 1.0 1.0 1.0 1.0 1.0 1.0 
1.0 1.0 1.0 1.0 1.0 1.0 1.0 1.0 1.0 1.0 0.0 1.0 1.0 1.0 1.0 1.0 
1.0 1.0 1.0 1.0 1.0 1.0 1.0 1.0 1.0 1.0 1.0 0.0 1.0 1.0 1.0 1.0 
1.0 1.0 1.0 1.0 1.0 1.0 1.0 1.0 1.0 1.0 1.0 1.0 0.0 1.0 1.0 1.0 
1.0 1.0 1.0 1.0 1.0 1.0 1.0 1.0 1.0 1.0 1.0 1.0 1.0 0.0 1.0 1.0 
1.0 1.0 1.0 1.0 1.0 1.0 1.0 1.0 1.0 1.0 1.0 1.0 1.0 1.0 0.0 1.0 
1.0 1.0 1.0 1.0 1.0 1.0 1.0 1.0 1.0 1.0 1.0 1.0 1.0 1.0 1.0 0.0 