64
64 53 16 4 16 83 79 11 83 68 36 99 22 23 38 33 57 35 84 8 20 31 2 57 62 95 60 61 48 100 46 68 55 3 30 15 58 42 43 47 14 51 68 79 23 35 39 38 1 53 88 51 87 4 33 27 96 7 87 9 13 75 94 45 
74 41 70 3 100 11 71 34 49 35 67 11 99 51 61 80 44 98 40 95 20 1 18 49 9 98 91 5 85 16 60 73 50 93 36 60 18 41 64 98 25 87 74 2 41 37 52 34 27 22 78 18 1 53 55 6 51 67 68 83 23 55 31 68 
95 50 36 85 91 89 27 98 18 46 98 98 66 1 74 72 7 17 11 74 68 72 23 45 41 96 89 16 19 97 78 13 44 75 46 29 20 94 51 45 65 84 13 28 10 76 19 81 56 87 43 22 94 100 17 35 42 24 4 82 100 59 95 83 
4 86 90 7 14 91 92 89 44 48 75 41 62 76 57 37 96 17 28 80 20 46 99 6 17 3 96 71 91 22 77 77 13 28 48 91 94 37 47 51 48 84 92 70 58 7 83 24 91 50 73 98 47 33 50 47 29 18 18 12 77 27 30 53 
89 3 30 15 77 47 42 93 91 23 53 6 65 62 91 53 80 76 43 1 28 90 9 86 65 51 25 100 13 88 16 86 3 21 38 60 74 90 83 36 2 78 75 96 29 75 12 46 34 31 10 9 62 81 80 29 85 3 78 89 66 93 84 32 
57 53 58 87 9 97 8 38 33 29 22 62 68 60 71 90 88 13 79 18 41 94 27 21 25 64 58 58 55 96 42 89 68 50 5 75 39 92 30 8 45 16 46 54 78 62 36 73 61 48 33 29 83 47 99 34 71 38 22 1 13 84 66 71 
17 83 61 20 66 90 70 83 86 55 56 22 37 59 74 11 88 18 96 85 72 49 29 44 72 52 40 13 62 56 23 16 45 14 87 23 59 74 58 66 71 88 78 4 3 41 24 4 67 35 96 98 14 68 81 9 68 13 35 90 68 81 78 53 
39 45 61 69 24 93 58 95 12 42 89 82 75 67 32 71 85 7 2 68 45 53 71 3 15 56 76 56 82 55 52 70 5 40 98 25 54 5 93 5 95 33 43 73 13 2 61 50 27 85 38 7 80 52 5 8 4 15 65 27 37 4 45 63 
79 83 89 48 29 41 33 91 49 4 73 78 96 1 33 40 51 13 41 23 49 33 84 12 93 44 25 66 70 4 48 55 84 69 69 30 49 45 24 25 90 32 65 59 42 16 21 9 89 23 59 26 53 29 43 45 11 96 86 72 58 11 67 29 
94 50 55 5 3 86 10 35 55 75 100 88 100 12 24 45 54 31 16 12 57 99 65 72 4 5 36 60 26 84 24 13 59 34 99 8 18 15 91 12 24 95 54 78 26 63 42 4 65 44 63 77 99 21 15 80 78 60 80 11 71 42 45 58 
22 86 75 85 72 89 85 63 67 82 81 95 84 17 29 92 46 7 82 56 82 33 57 15 75 62 97 29 77 66 49 58 69 81 20 91 61 2 9 40 44 74 32 20 3 98 53 32 48 27 2 19 33 70 44 19 30 45 11 13 57 61 18 13 
66 55 41 20 53 33 87 40 34 92 75 64 89 37 6 71 12 85 78 22 58 87 26 55 80 8 95 70 97 100 99 89 16 55 19 5 92 46 17 67 65 24 38 12 58 47 30 44 82 17 89 34 34 1 73 100 2 9 20 4 47 84 27 85 
88 80 97 18 64 48 90 73 57 65 91 85 34 1 67 15 50 37 38 35 70 92 59 21 20 81 94 97 56 6 12 35 26 44 38 62 87 45 77 51 81 92 8 18 2 41 50 40 63 9 70 26 95 80 95 20 48 51 24 69 87 76 99 57 
15 11 39 83 62 33 49 41 73 26 54 84 42 66 32 30 58 83 99 96 14 84 81 52 6 69 6 22 13 87 37 54 51 36 89 75 13 14 29 73 45 35 71 87 60 57 38 13 44 4 42 89 83 42 31 89 83 32 81 24 79 59 91 22 
63 27 92 32 72 7 77 32 28 21 38 9 95 30 72 43 95 49 7 8 77 61 67 22 27 73 50 77 22 36 29 86 45 69 29 72 44 4 55 93 47 20 83 79 45 48 100 31 83 41 24 11 39 68 46 75 18 59 31 96 27 98 73 24 
75 47 75 86 72 72 54 31 64 78 30 12 35 20 46 19 28 49 13 55 23 19 42 27 6 40 18 57 4 92 10 16 15 3 20 2 10 12 51 96 19 65 75 86 64 83 79 42 9 86 7 30 2 89 15 29 82 19 1 6 72 7 92 57 
54 48 31 76 6 23 62 82 74 49 79 94 51 52 65 57 95 18 30 85 61 74 73 51 60 23 6 40 64 88 63 82 19 57 47 79 37 72 48 53 62 84 58 89 40 42 70 81 71 31 33 40 20 1 9 29 20 9 52 25 29 52 30 64 
52 25 85 4 59 92 26 22 80 73 62 20 32 26 75 80 50 52 68 51 21 50 58 2 47 54 31 35 86 12 33 50 96 81 53 31 20 17 42 89 49 29 30 94 54 99 71 38 11 90 41 57 61 28 87 67 83 50 14 4 88 74 32 83 
61 95 76 17 16 1 11 60 84 60 80 28 77 55 26 70 55 77 23 7 12 7 71 44 17 78 4 8 78 29 50 37 21 4 6 89 5 87 51 2 99 16 51 100 87 1 74 50 27 69 48 7 72 28 83 77 78 29 54 75 35 4 63 81 
20 1 71 20 62 29 48 98 30 92 81 27 84 35 32 36 47 33 79 45 67 39 44 92 72 74 75 25 37 47 34 32 49 54 93 22 89 46 49 59 100 66 55 86 56 51 44 75 51 66 22 42 43 11 67 10 66 66 86 41 5 29 40 60 
13 95 44 88 26 37 1 44 25 69 95 13 34 82 97 36 74 75 40 17 21 68 98 51 38 59 60 13 42 100 20 37 15 80 13 95 8 46 26 69 9 52 63 41 19 69 84 21 98 55 43 51 27 91 82 65 77 2 41 86 16 99 53 25 
32 88 54 13 32 4 83 45 13 9 96 75 87 21 95 52 33 50 6 9 59 9 46 87 77 67 84 65 16 78 11 81 74 18 99 72 20 96 99 21 71 66 89 18 26 28 91 16 70 16 9 64 83 25 31 85 24 15 33 63 100 70 26 32 
27 73 62 49 95 19 62 38 75 25 86 13 85 77 92 65 88 35 32 66 21 4 49 69 35 94 9 3 19 94 71 49 52 41 61 68 11 89 83 41 83 57 76 59 6 87 63 99 96 74 50 94 10 55 57 42 3 4 34 11 89 74 45 41 
99 24 82 100 15 1 31 77 95 87 11 92 45 1 4 70 66 95 45 25 58 47 47 5 2 12 40 32 79 92 67 81 45 98 48 39 46 65 2 22 66 94 8 86 51 16 23 29 83 85 18 69 37 21 48 30 55 22 85 48 33 27 67 53 
57 33 72 39 54 93 31 46 22 92 63 73 86 6 9 50 59 33 52 50 85 19 13 39 79 46 100 84 21 87 56 8 91 98 91 7 11 99 75 95 12 75 17 18 9 15 91 90 32 93 2 30 93 37 13 98 64 49 80 93 97 1 1 58 
67 35 68 20 88 70 37 58 62 43 46 5 90 6 48 87 11 17 55 89 85 100 40 24 57 71 94 16 6 70 59 49 4 64 88 18 100 9 3 1 2 93 72 77 24 92 27 18 53 8 66 79 49 39 50 39 20 97 29 22 1 38 84 22 
19 86 63 3 54 53 38 17 85 63 22 95 21 42 50 33 90 89 81 87 60 18 68 57 22 75 84 7 25 40 25 48 88 46 48 57 85 94 19 14 61 70 100 41 97 38 75 1 3 16 2 73 100 95 75 15 69 29 66 70 9 96 95 67 
23 10 21 98 4 75 42 25 98 98 4 95 42 55 7 97 27 42 34 49 42 41 87 3 35 28 8 53 3 32 77 88 59 38 75 28 8 59 40 15 26 68 84 3 31 73 83 12 17 80 66 45 54 68 6 45 9 29 19 16 3 73 52 76 
59 38 75 83 87 49 13 18 1 91 12 21 88 77 85 28 14 89 73 95 89 51 17 65 45 14 53 9 91 51 19 37 29 97 66 10 76 77 96 26 57 14 22 64 19 63 56 41 18 26 44 11 6 40 35 64 20 40 3 4 15 51 70 62 
48 7 46 73 24 25 81 59 18 46 32 98 87 51 26 39 19 54 77 64 50 28 48 24 12 87 93 47 12 40 82 83 93 97 86 41 19 41 25 31 43 27 36 28 41 99 77 55 9 77 65 22 13 93 13 62 26 33 60 47 37 1 97 98 
42 59 76 4 87 44 40 39 91 27 77 1 22 93 100 91 3 3 77 50 27 40 32 62 54 68 36 61 68 14 36 89 100 23 60 31 50 51 52 49 90 44 89 100 7 40 53 25 81 80 95 79 9 96 63 62 64 13 60 52 56 67 20 47 
3 28 83 63 40 22 78 43 27 49 17 80 4 44 11 79 56 68 91 89 64 85 97 73 99 9 34 25 6 73 19 51 24 91 97 7 53 87 70 80 63 73 7 27 48 35 1 50 12 63 66 25 14 23 17 44 58 71 58 6 40 27 4 13 
24 52 30 83 19 85 55 39 18 24 44 6 81 2 78 76 8 48 71 14 19 95 78 53 83 44 64 36 19 96 82 20 2 45 92 12 51 8 51 22 30 81 6 63 71 56 45 48 50 96 91 45 6 42 2 55 2 65 72 88 95 38 76 84 
71 82 71 87 18 95 59 70 51 17 83 62 89 75 70 21 35 39 82 57 47 48 3 49 36 32 84 47 75 18 72 47 61 96 80 76 29 31 60 65 66 97 34 55 91 91 52 65 91 22 60 18 9 11 31 88 31 17 28 90 53 41 28 29 
90 67 21 51 16 1 78 53 34 27 77 95 62 66 32 47 20 39 89 40 77 45 53 1 9 92 81 75 47 80 15 29 65 87 65 45 100 5 94 52 35 90 91 68 5 88 98 72 25 18 54 89 37 68 83 89 55 4 27 70 13 72 5 21 
22 32 25 25 20 83 98 77 49 64 31 5 27 43 49 47 33 18 7 4 69 42 43 17 47 28 14 33 84 20 67 74 27 81 23 31 65 75 77 26 74 86 31 79 6 20 30 53 75 61 1 13 33 44 29 87 69 90 58 85 59 10 13 80 
23 96 22 49 3 24 51 9 47 64 37 95 93 59 49 29 22 81 69 73 100 97 32 97 10 38 95 6 4 45 99 3 95 87 44 61 62 67 63 38 42 90 50 5 66 78 78 13 12 46 61 50 43 1 89 33 60 66 28 94 36 23 84 94 
29 17 97 12 83 19 24 90 59 17 22 22 38 93 1 89 27 25 65 1 54 35 88 52 65 87 3 62 37 63 67 18 24 97 31 95 100 9 3 47 1 11 73 42 38 29 56 66 30 93 45 83 27 48 40 4 92 30 45 49 60 20 50 12 
54 32 67 23 65 67 62 97 16 88 21 4 53 17 36 77 49 93 29 9 84 38 89 1 39 4 88 45 9 100 55 5 84 66 4 99 80 11 50 59 2 7 17 67 48 29 16 28 9 96 19 17 10 48 10 61 53 50 40 18 21 56 15 98 
31 94 86 44 75 70 49 75 55 98 80 80 6 45 1 11 53 41 54 70 83 81 17 43 75 68 6 69 72 3 31 19 26 91 86 14 37 95 75 13 94 44 63 11 71 46 56 87 29 93 27 91 41 19 8 21 12 29 77 90 61 87 68 2 
9 3 58 47 96 62 80 13 10 22 78 16 14 76 28 68 21 53 45 42 66 35 8 21 88 30 98 12 66 57 80 12 42 3 8 59 39 12 44 74 56 16 59 77 44 45 67 1 34 89 37 33 54 8 97 34 19 4 82 75 85 87 98 43 
10 59 60 4 99 99 19 12 1 57 34 80 91 42 96 56 16 77 77 8 27 72 25 54 57 79 17 70 70 27 27 62 7 6 43 62 70 39 54 3 55 28 86 93 55 13 11 18 20 53 68 98 75 39 4 71 49 83 9 89 83 2 54 41 
12 32 41 31 56 49 41 35 33 38 96 84 45 46 19 9 48 77 69 78 21 59 62 59 57 62 15 58 9 96 93 72 44 35 44 37 27 59 90 73 11 80 15 22 53 1 73 42 58 2 57 25 67 16 78 62 59 7 75 77 40 90 81 67 
81 57 41 7 54 17 9 11 14 49 87 92 24 86 90 70 94 14 35 18 50 48 26 51 58 1 5 65 97 13 21 66 21 31 71 96 10 14 97 5 25 64 32 88 69 60 72 50 63 67 61 33 44 79 3 61 7 96 47 4 35 12 66 64 
53 1 53 83 67 14 15 28 48 11 38 48 30 68 19 97 53 18 57 36 48 21 75 50 33 46 20 1 95 40 75 30 13 84 42 30 36 5 40 89 56 77 64 5 5 85 94 26 97 100 13 28 5 16 75 76 39 21 62 79 39 43 5 20 
42 9 17 99 53 82 46 3 66 82 10 57 79 14 52 63 38 2 86 74 5 37 2 31 79 26 46 87 99 48 95 26 65 26 17 64 8 50 88 27 58 25 22 90 86 70 96 90 34 57 48 54 89 18 8 92 49 64 18 39 83 36 7 17 
98 91 42 76 86 55 85 6 39 76 74 9 29 17 70 68 9 30 66 93 54 79 60 49 45 49 10 51 7 4 78 70 84 95 26 80 63 2 89 44 88 68 66 26 29 88 52 41 80 96 42 43 85 92 14 30 73 69 84 73 14 30 56 46 
33 66 38 3 45 74 28 3 49 50 72 98 97 74 97 81 70 18 87 100 52 57 47 53 61 75 82 59 39 94 87 97 47 93 15 56 89 73 44 100 51 72 7 57 41 88 39 34 28 3 13 74 54 16 22 5 6 86 38 65 84 29 19 94 
25 83 70 49 96 58 71 37 77 83 4 59 49 15 32 59 48 26 10 74 46 13 32 78 21 26 88 68 68 42 5 99 17 47 14 97 11 99 22 16 62 51 12 72 42 3 87 27 94 21 54 49 79 55 56 22 9 13 1 77 45 75 41 10 
97 87 22 91 54 46 95 92 3 31 46 40 51 30 34 83 41 57 89 95 51 75 32 19 3 73 69 22 36 33 96 27 54 96 48 49 64 89 49 29 63 83 44 46 32 28 35 71 19 83 56 84 8 21 98 64 56 45 21 79 44 82 5 67 
74 27 36 82 100 95 30 76 97 33 16 41 87 53 51 43 12 19 85 71 12 53 66 81 10 49 68 78 29 52 93 79 56 54 97 7 53 1 23 50 42 37 100 44 72 98 11 72 33 87 81 25 36 52 86 20 15 51 71 33 64 80 36 93 
43 89 85 52 30 19 68 49 21 51 48 93 28 77 36 1 65 50 58 19 94 78 5 49 6 53 30 40 41 11 46 6 100 30 2 74 98 23 86 19 69 89 72 39 46 21 17 31 89 89 49 24 94 24 86 67 27 65 70 19 25 92 92 39 
34 2 84 80 99 33 15 28 84 41 82 54 86 37 89 27 47 84 65 97 50 6 29 74 83 66 63 12 23 62 65 29 25 76 71 27 34 16 18 60 95 61 10 37 70 41 35 57 98 31 40 11 94 30 79 30 50 34 94 7 93 56 11 62 
47 72 61 17 5 57 78 94 9 37 60 67 49 49 96 71 97 57 39 52 70 65 11 34 57 6 42 21 49 88 62 64 71 17 25 89 62 12 94 48 70 5 75 37 49 48 25 35 40 10 14 19 63 26 62 65 60 99 47 74 15 54 82 51 
7 72 43 58 60 53 96 5 55 83 46 50 99 81 39 61 71 8 6 36 23 10 69 96 14 75 99 60 94 97 96 72 52 78 12 90 33 96 16 92 36 2 41 84 33 45 37 80 47 2 26 89 41 81 22 91 9 52 19 1 100 71 40 78 
3 56 88 73 63 39 81 53 66 56 66 87 37 15 72 66 47 41 73 41 32 77 15 14 44 37 70 28 1 54 89 14 100 20 65 30 47 9 87 39 32 37 6 7 24 72 80 30 9 36 45 92 75 87 42 40 4 32 35 71 68 100 66 83 
46 88 90 23 99 63 4 89 73 99 37 52 58 84 31 77 51 42 55 26 26 92 45 86 20 52 27 45 31 79 79 80 8 99 12 78 28 37 33 94 58 41 94 34 25 99 59 100 49 42 94 90 20 98 30 100 37 27 20 51 97 82 49 82 
29 95 49 83 100 48 69 76 78 30 75 50 39 17 52 8 84 39 52 47 3 84 25 52 62 93 71 50 94 31 92 11 33 38 43 20 87 92 39 50 80 36 70 31 18 83 95 55 96 75 59 37 72 27 18 81 55 21 13 38 1 15 92 33 
97 77 38 8 61 97 46 4 7 20 55 23 91 21 88 5 80 80 58 88 80 80 91 30 6 24 50 90 14 4 79 21 55 100 99 15 82 32 78 39 97 42 34 72 4 6 38 16 3 54 17 8 53 96 38 27 70 51 50 54 28 2 100 94 
55 7 72 100 43 3 25 6 30 41 49 17 41 10 59 55 44 53 24 81 7 27 7 27 59 50 11 50 4 45 100 48 78 19 72 92 73 5 23 21 27 58 92 19 17 32 78 14 95 8 63 11 80 43 39 22 19 82 72 78 5 10 72 90 
31 55 96 40 94 8 76 10 53 10 86 71 4 26 16 26 50 18 21 10 83 63 24 66 10 25 5 60 21 80 53 9 8 4 70 45 11 88 39 88 42 43 15 53 34 64 78 53 57 21 30 9 85 82 68 38 48 28 90 11 29 90 95 2 
16 88 67 76 2 83 50 87 92 78 64 55 92 99 40 83 98 16 52 4 7 4 66 88 72 68 67 13 93 39 15 39 62 24 54 39 47 50 26 15 89 90 38 98 73 81 28 79 13 15 66 8 36 18 40 24 23 37 68 26 81 38 70 54 
69 77 45 74 65 78 87 22 81 56 6 74 79 36 2 69 91 4 38 28 65 5 24 35 26 40 13 10 15 50 11 86 43 27 30 65 27 14 72 53 99 21 25 62 25 96 97 10 8 98 2 71 81 40 4 64 86 90 72 83 12 26 49 35 
30 39 79 73 28 79 59 50 33 53 30 24 75 68 51 90 36 17 36 28 95 99 95 52 25 36 68 8 84 57 62 57 12 13 69 66 12 78 72 32 48 91 16 84 98 2 83 60 72 21 80 45 22 29 61 82 80 59 51 95 6 33 39 13 
0.0 1.0 1.0 1.0 1.0 1.0 1.0 1.0 1.0 1.0 1.0 1.0 1.0 1.0 1.0 1.0 1.0 1.0 1.0 1.0 1.0 1.0 1.0 1.0 1.0 1.0 1.0 1.0 1.0 1.0 1.0 1.0 1.0 1.0 1.0 1.0 1.0 1.0 1.0 1.0 1.0 1.0 1.0 1.0 1.0 1.0 1.0 1.0 1.0 1.0 1.0 1.0 1.0 1.0 1.0 1.0 1.0 1.0 1.0 1.0 1.0 1.0 1.0 1.0 
1.0 0.0 1.0 1.0 1.0 1.0 1.0 1.0 1.0 1.0 1.0 1.0 1.0 1.0 1.0 1.0 1.0 1.0 1.0 1.0 1.0 1.0 1.0 1.0 1.0 1.0 1.0 1.0 1.0 1.0 1.0 1.0 1.0 1.0 1.0 1.0 1.0 1.0 1.0 1.0 1.0 1.0 1.0 1.0 1.0 1.0 1.0 1.0 1.0 1.0 1.0 1.0 1.0 1.0 1.0 1.0 1.0 1.0 1.0 1.0 1.0 1.0 1.0 1.0 
1.0 1.0 0.0 1.0 1.0 1.0 1.0 1.0 1.0 1.0 1.0 1.0 1.0 1.0 1.0 1.0 1.0 1.0 1.0 1.0 1.0 1.0 1.0 1.0 1.0 1.0 1.0 1.0 1.0 1.0 1.0 1.0 1.0 1.0 1.0 1.0 1.0 1.0 1.0 1.0 1.0 1.0 1.0 1.0 1.0 1.0 1.0 1.0 1.0 1.0 1.0 1.0 1.0 1.0 1.0 1.0 1.0 1.0 1.0 1.0 1.0 1.0 1.0 1.0 
1.0 1.0 1.0 0.0 1.0 1.0 1.0 1.0 1.0 1.0 1.0 1.0 1.0 1.0 1.0 1.0 1.0 1.0 1.0 1.0 1.0 1.0 1.0 1.0 1.0 1.0 1.0 1.0 1.0 1.0 1.0 1.0 1.0 1.0 1.0 1.0 1.0 1.0 1.0 1.0 1.0 1.0 1.0 1.0 1.0 1.0 1.0 1.0 1.0 1.0 1.0 1.0 1.0 1.0 1.0 1.0 1.0 1.0 1.0 1.0 1.0 1.0 1.0 1.0 
1.0 1.0 1.0 1.0 0.0 1.0 1.0 1.0 1.0 1.0 1.0 1.0 1.0 1.0 1.0 1.0 1.0 1.0 1.0 1.0 1.0 1.0 1.0 1.0 1.0 1.0 1.0 1.0 1.0 1.0 1.0 1.0 1.0 1.0 1.0 1.0 1.0 1.0 1.0 1.0 1.0 1.0 1.0 1.0 1.0 1.0 1.0 1.0 1.0 1.0 1.0 1.0 1.0 1.0 1.0 1.0 1.0 1.0 1.0 1.0 1.0 1.0 1.0 1.0 
1.0 1.0 1.0 1.0 1.0 0.0 1.0 1.0 1.0 1.0 1.0 1.0 1.0 1.0 1.0 1.0 1.0 1.0 1.0 1.0 1.0 1.0 1.0 1.0 1.0 1.0 1.0 1.0 1.0 1.0 1.0 1.0 1.0 1.0 1.0 1.0 1.0 1.0 1.0 1.0 1.0 1.0 1.0 1.0 1.0 1.0 1.0 1.0 1.0 1.0 1.0 1.0 1.0 1.0 1.0 1.0 1.0 1.0 1.0 1.0 1.0 1.0 1.0 1.0 
1.0 1.0 1.0 1.0 1.0 1.0 0.0 1.0 1.0 1.0 1.0 1.0 1.0 1.0 1.0 1.0 1.0 1.0 1.0 1.0 1.0 1.0 1.0 1.0 1.0 1.0 1.0 1.0 1.0 1.0 1.0 1.0 1.0 1.0 1.0 1.0 1.0 1.0 1.0 1.0 1.0 1.0 1.0 1.0 1.0 1.0 1.0 1.0 1.0 1.0 1.0 1.0 1.0 1.0 1.0 1.0 1.0 1.0 1.0 1.0 1.0 1.0 1.0 1.0 
1.0 1.0 1.0 1.0 1.0 1.0 1.0 0.0 1.0 1.0 1.0 1.0 1.0 1.0 1.0 1.0 1.0 1.0 1.0 1.0 1.0 1.0 1.0 1.0 1.0 1.0 1.0 1.0 1.0 1.0 1.0 1.0 1.0 1.0 1.0 1.0 1.0 1.0 1.0 1.0 1.0 1.0 1.0 1.0 1.0 1.0 1.0 1.0 1.0 1.0 1.0 1.0 1.0 1.0 1.0 1.0 1.0 1.0 1.0 1.0 1.0 1.0 1.0 1.0 
1.0 1.0 1.0 1.0 1.0 1.0 1.0 1.0 0.0 1.0 1.0 1.0 1.0 1.0 1.0 1.0 1.0 1.0 1.0 1.0 1.0 1.0 1.0 1.0 1.0 1.0 1.0 1.0 1.0 1.0 1.0 1.0 1.0 1.0 1.0 1.0 1.0 1.0 1.0 1.0 1.0 1.0 1.0 1.0 1.0 1.0 1.0 1.0 1.0 1.0 1.0 1.0 1.0 1.0 1.0 1.0 1.0 1.0 1.0 1.0 1.0 1.0 1.0 1.0 
1.0 1.0 1.0 1.0 1.0 1.0 1.0 1.0 1.0 0.0 1.0 1.0 1.0 1.0 1.0 1.0 1.0 1.0 1.0 1.0 1.0 1.0 1.0 1.0 1.0 1.0 1.0 1.0 1.0 1.0 1.0 1.0 1.0 1.0 1.0 1.0 1.0 1.0 1.0 1.0 1.0 1.0 1.0 1.0 1.0 1.0 1.0 1.0 1.0 1.0 1.0 1.0 1.0 1.0 1.0 1.0 1.0 1.0 1.0 1.0 1.0 1.0 1.0 1.0 
1.0 1.0 1.0 1.0 1.0 1.0 1.0 1.0 1.0 1.0 0.0 1.0 1.0 1.0 1.0 1.0 1.0 1.0 1.0 1.0 1.0 1.0 1.0 1.0 1.0 1.0 1.0 1.0 1.0 1.0 1.0 1.0 1.0 1.0 1.0 1.0 1.0 1.0 1.0 1.0 1.0 1.0 1.0 1.0 1.0 1.0 1.0 1.0 1.0 1.0 1.0 1.0 1.0 1.0 1.0 1.0 1.0 1.0 1.0 1.0 1.0 1.0 1.0 1.0 
1.0 1.0 1.0 1.0 1.0 1.0 1.0 1.0 1.0 1.0 1.0 0.0 1.0 1.0 1.0 1.0 1.0 1.0 1.0 1.0 1.0 1.0 1.0 1.0 1.0 1.0 1.0 1.0 1.0 1.0 1.0 1.0 1.0 1.0 1.0 1.0 1.0 1.0 1.0 1.0 1.0 1.0 1.0 1.0 1.0 1.0 1.0 1.0 1.0 1.0 1.0 1.0 1.0 1.0 1.0 1.0 1.0 1.0 1.0 1.0 1.0 1.0 1.0 1.0 
1.0 1.0 1.0 1.0 1.0 1.0 1.0 1.0 1.0 1.0 1.0 1.0 0.0 1.0 1.0 1.0 1.0 1.0 1.0 1.0 1.0 1.0 1.0 1.0 1.0 1.0 1.0 1.0 1.0 1.0 1.0 1.0 1.0 1.0 1.0 1.0 1.0 1.0 1.0 1.0 1.0 1.0 1.0 1.0 1.0 1.0 1.0 1.0 1.0 1.0 1.0 1.0 1.0 1.0 1.0 1.0 1.0 1.0 1.0 1.0 1.0 1.0 1.0 1.0 
1.0 1.0 1.0 1.0 1.0 1.0 1.0 1.0 1.0 1.0 1.0 1.0 1.0 0.0 1.0 1.0 1.0 1.0 1.0 1.0 1.0 1.0 1.0 1.0 1.0 1.0 1.0 1.0 1.0 1.0 1.0 1.0 1.0 1.0 1.0 1.0 1.0 1.0 1.0 1.0 1.0 1.0 1.0 1.0 1.0 1.0 1.0 1.0 1.0 1.0 1.0 1.0 1.0 1.0 1.0 1.0 1.0 1.0 1.0 1.0 1.0 1.0 1.0 1.0 
1.0 1.0 1.0 1.0 1.0 1.0 1.0 1.0 1.0 1.0 1.0 1.0 1.0 1.0 0.0 1.0 1.0 1.0 1.0 1.0 1.0 1.0 1.0 1.0 1.0 1.0 1.0 1.0 1.0 1.0 1.0 1.0 1.0 1.0 1.0 1.0 1.0 1.0 1.0 1.0 1.0 1.0 1.0 1.0 1.0 1.0 1.0 1.0 1.0 1.0 1.0 1.0 1.0 1.0 1.0 1.0 1.0 1.0 1.0 1.0 1.0 1.0 1.0 1.0 
1.0 1.0 1.0 1.0 1.0 1.0 1.0 1.0 1.0 1.0 1.0 1.0 1.0 1.0 1.0 0.0 1.0 1.0 1.0 1.0 1.0 1.0 1.0 1.0 1.0 1.0 1.0 1.0 1.0 1.0 1.0 1.0 1.0 1.0 1.0 1.0 1.0 1.0 1.0 1.0 1.0 1.0 1.0 1.0 1.0 1.0 1.0 1.0 1.0 1.0 1.0 1.0 1.0 1.0 1.0 1.0 1.0 1.0 1.0 1.0 1.0 1.0 1.0 1.0 
1.0 1.0 1.0 1.0 1.0 1.0 1.0 1.0 1.0 1.0 1.0 1.0 1.0 1.0 1.0 1.0 0.0 1.0 1.0 1.0 1.0 1.0 1.0 1.0 1.0 1.0 1.0 1.0 1.0 1.0 1.0 1.0 1.0 1.0 1.0 1.0 1.0 1.0 1.0 1.0 1.0 1.0 1.0 1.0 1.0 1.0 1.0 1.0 1.0 1.0 1.0 1.0 1.0 1.0 1.0 1.0 1.0 1.0 1.0 1.0 1.0 1.0 1.0 1.0 
1.0 1.0 1.0 1.0 1.0 1.0 1.0 1.0 1.0 1.0 1.0 1.0 1.0 1.0 1.0 1.0 1.0 0.0 1.0 1.0 1.0 1.0 1.0 1.0 1.0 1.0 1.0 1.0 1.0 1.0 1.0 1.0 1.0 1.0 1.0 1.0 1.0 1.0 1.0 1.0 1.0 1.0 1.0 1.0 1.0 1.0 1.0 1.0 1.0 1.0 1.0 1.0 1.0 1.0 1.0 1.0 1.0 1.0 1.0 1.0 1.0 1.0 1.0 1.0 
1.0 1.0 1.0 1.0 1.0 1.0 1.0 1.0 1.0 1.0 1.0 1.0 1.0 1.0 1.0 1.0 1.0 1.0 0.0 1.0 1.0 1.0 1.0 1.0 1.0 1.0 1.0 1.0 1.0 1.0 1.0 1.0 1.0 1.0 1.0 1.0 1.0 1.0 1.0 1.0 1.0 1.0 1.0 1.0 1.0 1.0 1.0 1.0 1.0 1.0 1.0 1.0 1.0 1.0 1.0 1.0 1.0 1.0 1.0 1.0 1.0 1.0 1.0 1.0 
1.0 1.0 1.0 1.0 1.0 1.0 1.0 1.0 1.0 1.0 1.0 1.0 1.0 1.0 1.0 1.0 1.0 1.0 1.0 0.0 1.0 1.0 1.0 1.0 1.0 1.0 1.0 1.0 1.0 1.0 1.0 1.0 1.0 1.0 1.0 1.0 1.0 1.0 1.0 1.0 1.0 1.0 1.0 1.0 1.0 1.0 1.0 1.0 1.0 1.0 1.0 1.0 1.0 1.0 1.0 1.0 1.0 1.0 1.0 1.0 1.0 1.0 1.0 1.0 
1.0 1.0 1.0 1.0 1.0 1.0 1.0 1.0 1.0 1.0 1.0 1.0 1.0 1.0 1.0 1.0 1.0 1.0 1.0 1.0 0.0 1.0 1.0 1.0 1.0 1.0 1.0 1.0 1.0 1.0 1.0 1.0 1.0 1.0 1.0 1.0 1.0 1.0 1.0 1.0 1.0 1.0 1.0 1.0 1.0 1.0 1.0 1.0 1.0 1.0 1.0 1.0 1.0 1.0 1.0 1.0 1.0 1.0 1.0 1.0 1.0 1.0 1.0 1.0 
1.0 1.0 1.0 1.0 1.0 1.0 1.0 1.0 1.0 1.0 1.0 1.0 1.0 1.0 1.0 1.0 1.0 1.0 1.0 1.0 1.0 0.0 1.0 1.0 1.0 1.0 1.0 1.0 1.0 1.0 1.0 1.0 1.0 1.0 1.0 1.0 1.0 1.0 1.0 1.0 1.0 1.0 1.0 1.0 1.0 1.0 1.0 1.0 1.0 1.0 1.0 1.0 1.0 1.0 1.0 1.0 1.0 1.0 1.0 1.0 1.0 1.0 1.0 1.0 
1.0 1.0 1.0 1.0 1.0 1.0 1.0 1.0 1.0 1.0 1.0 1.0 1.0 1.0 1.0 1.0 1.0 1.0 1.0 1.0 1.0 1.0 0.0 1.0 1.0 1.0 1.0 1.0 1.0 1.0 1.0 1.0 1.0 1.0 1.0 1.0 1.0 1.0 1.0 1.0 1.0 1.0 1.0 1.0 1.0 1.0 1.0 1.0 1.0 1.0 1.0 1.0 1.0 1.0 1.0 1.0 1.0 1.0 1.0 1.0 1.0 1.0 1.0 1.0 
1.0 1.0 1.0 1.0 1.0 1.0 1.0 1.0 1.0 1.0 1.0 1.0 1.0 1.0 1.0 1.0 1.0 1.0 1.0 1.0 1.0 1.0 1.0 0.0 1.0 1.0 1.0 1.0 1.0 1.0 1.0 1.0 1.0 1.0 1.0 1.0 1.0 1.0 1.0 1.0 1.0 1.0 1.0 1.0 1.0 1.0 1.0 1.0 1.0 1.0 1.0 1.0 1.0 1.0 1.0 1.0 1.0 1.0 1.0 1.0 1.0 1.0 1.0 1.0 
1.0 1.0 1.0 1.0 1.0 1.0 1.0 1.0 1.0 1.0 1.0 1.0 1.0 1.0 1.0 1.0 1.0 1.0 1.0 1.0 1.0 1.0 1.0 1.0 0.0 1.0 1.0 1.0 1.0 1.0 1.0 1.0 1.0 1.0 1.0 1.0 1.0 1.0 1.0 1.0 1.0 1.0 1.0 1.0 1.0 1.0 1.0 1.0 1.0 1.0 1.0 1.0 1.0 1.0 1.0 1.0 1.0 1.0 1.0 1.0 1.0 1.0 1.0 1.0 
1.0 1.0 1.0 1.0 1.0 1.0 1.0 1.0 1.0 1.0 1.0 1.0 1.0 1.0 1.0 1.0 1.0 1.0 1.0 1.0 1.0 1.0 1.0 1.0 1.0 0.0 1.0 1.0 1.0 1.0 1.0 1.0 1.0 1.0 1.0 1.0 1.0 1.0 1.0 1.0 1.0 1.0 1.0 1.0 1.0 1.0 1.0 1.0 1.0 1.0 1.0 1.0 1.0 1.0 1.0 1.0 1.0 1.0 1.0 1.0 1.0 1.0 1.0 1.0 
1.0 1.0 1.0 1.0 1.0 1.0 1.0 1.0 1.0 1.0 1.0 1.0 1.0 1.0 1.0 1.0 1.0 1.0 1.0 1.0 1.0 1.0 1.0 1.0 1.0 1.0 0.0 1.0 1.0 1.0 1.0 1.0 1.0 1.0 1.0 1.0 1.0 1.0 1.0 1.0 1.0 1.0 1.0 1.0 1.0 1.0 1.0 1.0 1.0 1.0 1.0 1.0 1.0 1.0 1.0 1.0 1.0 1.0 1.0 1.0 1.0 1.0 1.0 1.0 
1.0 1.0 1.0 1.0 1.0 1.0 1.0 1.0 1.0 1.0 1.0 1.0 1.0 1.0 1.0 1.0 1.0 1.0 1.0 1.0 1.0 1.0 1.0 1.0 1.0 1.0 1.0 0.0 1.0 1.0 1.0 1.0 1.0 1.0 1.0 1.0 1.0 1.0 1.0 1.0 1.0 1.0 1.0 1.0 1.0 1.0 1.0 1.0 1.0 1.0 1.0 1.0 1.0 1.0 1.0 1.0 1.0 1.0 1.0 1.0 1.0 1.0 1.0 1.0 
1.0 1.0 1.0 1.0 1.0 1.0 1.0 1.0 1.0 1.0 1.0 1.0 1.0 1.0 1.0 1.0 1.0 1.0 1.0 1.0 1.0 1.0 1.0 1.0 1.0 1.0 1.0 1.0 0.0 1.0 1.0 1.0 1.0 1.0 1.0 1.0 1.0 1.0 1.0 1.0 1.0 1.0 1.0 1.0 1.0 1.0 1.0 1.0 1.0 1.0 1.0 1.0 1.0 1.0 1.0 1.0 1.0 1.0 1.0 1.0 1.0 1.0 1.0 1.0 
1.0 1.0 1.0 1.0 1.0 1.0 1.0 1.0 1.0 1.0 1.0 1.0 1.0 1.0 1.0 1.0 1.0 1.0 1.0 1.0 1.0 1.0 1.0 1.0 1.0 1.0 1.0 1.0 1.0 0.0 1.0 1.0 1.0 1.0 1.0 1.0 1.0 1.0 1.0 1.0 1.0 1.0 1.0 1.0 1.0 1.0 1.0 1.0 1.0 1.0 1.0 1.0 1.0 1.0 1.0 1.0 1.0 1.0 1.0 1.0 1.0 1.0 1.0 1.0 
1.0 1.0 1.0 1.0 1.0 1.0 1.0 1.0 1.0 1.0 1.0 1.0 1.0 1.0 1.0 1.0 1.0 1.0 1.0 1.0 1.0 1.0 1.0 1.0 1.0 1.0 1.0 1.0 1.0 1.0 0.0 1.0 1.0 1.0 1.0 1.0 1.0 1.0 1.0 1.0 1.0 1.0 1.0 1.0 1.0 1.0 1.0 1.0 1.0 1.0 1.0 1.0 1.0 1.0 1.0 1.0 1.0 1.0 1.0 1.0 1.0 1.0 1.0 1.0 
1.0 1.0 1.0 1.0 1.0 1.0 1.0 1.0 1.0 1.0 1.0 1.0 1.0 1.0 1.0 1.0 1.0 1.0 1.0 1.0 1.0 1.0 1.0 1.0 1.0 1.0 1.0 1.0 1.0 1.0 1.0 0.0 1.0 1.0 1.0 1.0 1.0 1.0 1.0 1.0 1.0 1.0 1.0 1.0 1.0 1.0 1.0 1.0 1.0 1.0 1.0 1.0 1.0 1.0 1.0 1.0 1.0 1.0 1.0 1.0 1.0 1.0 1.0 1.0 
1.0 1.0 1.0 1.0 1.0 1.0 1.0 1.0 1.0 1.0 1.0 1.0 1.0 1.0 1.0 1.0 1.0 1.0 1.0 1.0 1.0 1.0 1.0 1.0 1.0 1.0 1.0 1.0 1.0 1.0 1.0 1.0 0.0 1.0 1.0 1.0 1.0 1.0 1.0 1.0 1.0 1.0 1.0 1.0 1.0 1.0 1.0 1.0 1.0 1.0 1.0 1.0 1.0 1.0 1.0 1.0 1.0 1.0 1.0 1.0 1.0 1.0 1.0 1.0 
1.0 1.0 1.0 1.0 1.0 1.0 1.0 1.0 1.0 1.0 1.0 1.0 1.0 1.0 1.0 1.0 1.0 1.0 1.0 1.0 1.0 1.0 1.0 1.0 1.0 1.0 1.0 1.0 1.0 1.0 1.0 1.0 1.0 0.0 1.0 1.0 1.0 1.0 1.0 1.0 1.0 1.0 1.0 1.0 1.0 1.0 1.0 1.0 1.0 1.0 1.0 1.0 1.0 1.0 1.0 1.0 1.0 1.0 1.0 1.0 1.0 1.0 1.0 1.0 
1.0 1.0 1.0 1.0 1.0 1.0 1.0 1.0 1.0 1.0 1.0 1.0 1.0 1.0 1.0 1.0 1.0 1.0 1.0 1.0 1.0 1.0 1.0 1.0 1.0 1.0 1.0 1.0 1.0 1.0 1.0 1.0 1.0 1.0 0.0 1.0 1.0 1.0 1.0 1.0 1.0 1.0 1.0 1.0 1.0 1.0 1.0 1.0 1.0 1.0 1.0 1.0 1.0 1.0 1.0 1.0 1.0 1.0 1.0 1.0 1.0 1.0 1.0 1.0 
1.0 1.0 1.0 1.0 1.0 1.0 1.0 1.0 1.0 1.0 1.0 1.0 1.0 1.0 1.0 1.0 1.0 1.0 1.0 1.0 1.0 1.0 1.0 1.0 1.0 1.0 1.0 1.0 1.0 1.0 1.0 1.0 1.0 1.0 1.0 0.0 1.0 1.0 1.0 1.0 1.0 1.0 1.0 1.0 1.0 1.0 1.0 1.0 1.0 1.0 1.0 1.0 1.0 1.0 1.0 1.0 1.0 1.0 1.0 1.0 1.0 1.0 1.0 1.0 
1.0 1.0 1.0 1.0 1.0 1.0 1.0 1.0 1.0 1.0 1.0 1.0 1.0 1.0 1.0 1.0 1.0 1.0 1.0 1.0 1.0 1.0 1.0 1.0 1.0 1.0 1.0 1.0 1.0 1.0 1.0 1.0 1.0 1.0 1.0 1.0 0.0 1.0 1.0 1.0 1.0 1.0 1.0 1.0 1.0 1.0 1.0 1.0 1.0 1.0 1.0 1.0 1.0 1.0 1.0 1.0 1.0 1.0 1.0 1.0 1.0 1.0 1.0 1.0 
1.0 1.0 1.0 1.0 1.0 1.0 1.0 1.0 1.0 1.0 1.0 1.0 1.0 1.0 1.0 1.0 1.0 1.0 1.0 1.0 1.0 1.0 1.0 1.0 1.0 1.0 1.0 1.0 1.0 1.0 1.0 1.0 1.0 1.0 1.0 1.0 1.0 0.0 1.0 1.0 1.0 1.0 1.0 1.0 1.0 1.0 1.0 1.0 1.0 1.0 1.0 1.0 1.0 1.0 1.0 1.0 1.0 1.0 1.0 1.0 1.0 1.0 1.0 1.0 
1.0 1.0 1.0 1.0 1.0 1.0 1.0 1.0 1.0 1.0 1.0 1.0 1.0 1.0 1.0 1.0 1.0 1.0 1.0 1.0 1.0 1.0 1.0 1.0 1.0 1.0 1.0 1.0 1.0 1.0 1.0 1.0 1.0 1.0 1.0 1.0 1.0 1.0 0.0 1.0 1.0 1.0 1.0 1.0 1.0 1.0 1.0 1.0 1.0 1.0 1.0 1.0 1.0 1.0 1.0 1.0 1.0 1.0 1.0 1.0 1.0 1.0 1.0 1.0 
1.0 1.0 1.0 1.0 1.0 1.0 1.0 1.0 1.0 1.0 1.0 1.0 1.0 1.0 1.0 1.0 1.0 1.0 1.0 1.0 1.0 1.0 1.0 1.0 1.0 1.0 1.0 1.0 1.0 1.0 1.0 1.0 1.0 1.0 1.0 1.0 1.0 1.0 1.0 0.0 1.0 1.0 1.0 1.0 1.0 1.0 1.0 1.0 1.0 1.0 1.0 1.0 1.0 1.0 1.0 1.0 1.0 1.0 1.0 1.0 1.0 1.0 1.0 1.0 
1.0 1.0 1.0 1.0 1.0 1.0 1.0 1.0 1.0 1.0 1.0 1.0 1.0 1.0 1.0 1.0 1.0 1.0 1.0 1.0 1.0 1.0 1.0 1.0 1.0 1.0 1.0 1.0 1.0 1.0 1.0 1.0 1.0 1.0 1.0 1.0 1.0 1.0 1.0 1.0 0.0 1.0 1.0 1.0 1.0 1.0 1.0 1.0 1.0 1.0 1.0 1.0 1.0 1.0 1.0 1.0 1.0 1.0 1.0 1.0 1.0 1.0 1.0 1.0 
1.0 1.0 1.0 1.0 1.0 1.0 1.0 1.0 1.0 1.0 1.0 1.0 1.0 1.0 1.0 1.0 1.0 1.0 1.0 1.0 1.0 1.0 1.0 1.0 1.0 1.0 1.0 1.0 1.0 1.0 1.0 1.0 1.0 1.0 1.0 1.0 1.0 1.0 1.0 1.0 1.0 0.0 1.0 1.0 1.0 1.0 1.0 1.0 1.0 1.0 1.0 1.0 1.0 1.0 1.0 1.0 1.0 1.0 1.0 1.0 1.0 1.0 1.0 1.0 
1.0 1.0 1.0 1.0 1.0 1.0 1.0 1.0 1.0 1.0 1.0 1.0 1.0 1.0 1.0 1.0 1.0 1.0 1.0 1.0 1.0 1.0 1.0 1.0 1.0 1.0 1.0 1.0 1.0 1.0 1.0 1.0 1.0 1.0 1.0 1.0 1.0 1.0 1.0 1.0 1.0 1.0 0.0 1.0 1.0 1.0 1.0 1.0 1.0 1.0 1.0 1.0 1.0 1.0 1.0 1.0 1.0 1.0 1.0 1.0 1.0 1.0 1.0 1.0 
1.0 1.0 1.0 1.0 1.0 1.0 1.0 1.0 1.0 1.0 1.0 1.0 1.0 1.0 1.0 1.0 1.0 1.0 1.0 1.0 1.0 1.0 1.0 1.0 1.0 1.0 1.0 1.0 1.0 1.0 1.0 1.0 1.0 1.0 1.0 1.0 1.0 1.0 1.0 1.0 1.0 1.0 1.0 0.0 1.0 1.0 1.0 1.0 1.0 1.0 1.0 1.0 1.0 1.0 1.0 1.0 1.0 1.0 1.0 1.0 1.0 1.0 1.0 1.0 
1.0 1.0 1.0 1.0 1.0 1.0 1.0 1.0 1.0 1.0 1.0 1.0 1.0 1.0 1.0 1.0 1.0 1.0 1.0 1.0 1.0 1.0 1.0 1.0 1.0 1.0 1.0 1.0 1.0 1.0 1.0 1.0 1.0 1.0 1.0 1.0 1.0 1.0 1.0 1.0 1.0 1.0 1.0 1.0 0.0 1.0 1.0 1.0 1.0 1.0 1.0 1.0 1.0 1.0 1.0 1.0 1.0 1.0 1.0 1.0 1.0 1.0 1.0 1.0 
1.0 1.0 1.0 1.0 1.0 1.0 1.0 1.0 1.0 1.0 1.0 1.0 1.0 1.0 1.0 1.0 1.0 1.0 1.0 1.0 1.0 1.0 1.0 1.0 1.0 1.0 1.0 1.0 1.0 1.0 1.0 1.0 1.0 1.0 1.0 1.0 1.0 1.0 1.0 1.0 1.0 1.0 1.0 1.0 1.0 0.0 1.0 1.0 1.0 1.0 1.0 1.0 1.0 1.0 1.0 1.0 1.0 1.0 1.0 1.0 1.0 1.0 1.0 1.0 
1.0 1.0 1.0 1.0 1.0 1.0 1.0 1.0 1.0 1.0 1.0 1.0 1.0 1.0 1.0 1.0 1.0 1.0 1.0 1.0 1.0 1.0 1.0 1.0 1.0 1.0 1.0 1.0 1.0 1.0 1.0 1.0 1.0 1.0 1.0 1.0 1.0 1.0 1.0 1.0 1.0 1.0 1.0 1.0 1.0 1.0 0.0 1.0 1.0 1.0 1.0 1.0 1.0 1.0 1.0 1.0 1.0 1.0 1.0 1.0 1.0 1.0 1.0 1.0 
1.0 1.0 1.0 1.0 1.0 1.0 1.0 1.0 1.0 1.0 1.0 1.0 1.0 1.0 1.0 1.0 1.0 1.0 1.0 1.0 1.0 1.0 1.0 1.0 1.0 1.0 1.0 1.0 1.0 1.0 1.0 1.0 1.0 1.0 1.0 1.0 1.0 1.0 1.0 1.0 1.0 1.0 1.0 1.0 1.0 1.0 1.0 0.0 1.0 1.0 1.0 1.0 1.0 1.0 1.0 1.0 1.0 1.0 1.0 1.0 1.0 1.0 1.0 1.0 
1.0 1.0 1.0 1.0 1.0 1.0 1.0 1.0 1.0 1.0 1.0 1.0 1.0 1.0 1.0 1.0 1.0 1.0 1.0 1.0 1.0 1.0 1.0 1.0 1.0 1.0 1.0 1.0 1.0 1.0 1.0 1.0 1.0 1.0 1.0 1.0 1.0 1.0 1.0 1.0 1.0 1.0 1.0 1.0 1.0 1.0 1.0 1.0 0.0 1.0 1.0 1.0 1.0 1.0 1.0 1.0 1.0 1.0 1.0 1.0 1.0 1.0 1.0 1.0 
1.0 1.0 1.0 1.0 1.0 1.0 1.0 1.0 1.0 1.0 1.0 1.0 1.0 1.0 1.0 1.0 1.0 1.0 1.0 1.0 1.0 1.0 1.0 1.0 1.0 1.0 1.0 1.0 1.0 1.0 1.0 1.0 1.0 1.0 1.0 1.0 1.0 1.0 1.0 1.0 1.0 1.0 1.0 1.0 1.0 1.0 1.0 1.0 1.0 0.0 1.0 1.0 1.0 1.0 1.0 1.0 1.0 1.0 1.0 1.0 1.0 1.0 1.0 1.0 
1.0 1.0 1.0 1.0 1.0 1.0 1.0 1.0 1.0 1.0 1.0 1.0 1.0 1.0 1.0 1.0 1.0 1.0 1.0 1.0 1.0 1.0 1.0 1.0 1.0 1.0 1.0 1.0 1.0 1.0 1.0 1.0 1.0 1.0 1.0 1.0 1.0 1.0 1.0 1.0 1.0 1.0 1.0 1.0 1.0 1.0 1.0 1.0 1.0 1.0 0.0 1.0 1.0 1.0 1.0 1.0 1.0 1.0 1.0 1.0 1.0 1.0 1.0 1.0 
1.0 1.0 1.0 1.0 1.0 1.0 1.0 1.0 1.0 1.0 1.0 1.0 1.0 1.0 1.0 1.0 1.0 1.0 1.0 1.0 1.0 1.0 1.0 1.0 1.0 1.0 1.0 1.0 1.0 1.0 1.0 1.0 1.0 1.0 1.0 1.0 1.0 1.0 1.0 1.0 1.0 1.0 1.0 1.0 1.0 1.0 1.0 1.0 1.0 1.0 1.0 0.0 1.0 1.0 1.0 1.0 1.0 1.0 1.0 1.0 1.0 1.0 1.0 1.0 
1.0 1.0 1.0 1.0 1.0 1.0 1.0 1.0 1.0 1.0 1.0 1.0 1.0 1.0 1.0 1.0 1.0 1.0 1.0 1.0 1.0 1.0 1.0 1.0 1.0 1.0 1.0 1.0 1.0 1.0 1.0 1.0 1.0 1.0 1.0 1.0 1.0 1.0 1.0 1.0 1.0 1.0 1.0 1.0 1.0 1.0 1.0 1.0 1.0 1.0 1.0 1.0 0.0 1.0 1.0 1.0 1.0 1.0 1.0 1.0 1.0 1.0 1.0 1.0 
1.0 1.0 1.0 1.0 1.0 1.0 1.0 1.0 1.0 1.0 1.0 1.0 1.0 1.0 1.0 1.0 1.0 1.0 1.0 1.0 1.0 1.0 1.0 1.0 1.0 1.0 1.0 1.0 1.0 1.0 1.0 1.0 1.0 1.0 1.0 1.0 1.0 1.0 1.0 1.0 1.0 1.0 1.0 1.0 1.0 1.0 1.0 1.0 1.0 1.0 1.0 1.0 1.0 0.0 1.0 1.0 1.0 1.0 1.0 1.0 1.0 1.0 1.0 1.0 
1.0 1.0 1.0 1.0 1.0 1.0 1.0 1.0 1.0 1.0 1.0 1.0 1.0 1.0 1.0 1.0 1.0 1.0 1.0 1.0 1.0 1.0 1.0 1.0 1.0 1.0 1.0 1.0 1.0 1.0 1.0 1.0 1.0 1.0 1.0 1.0 1.0 1.0 1.0 1.0 1.0 1.0 1.0 1.0 1.0 1.0 1.0 1.0 1.0 1.0 1.0 1.0 1.0 1.0 0.0 1.0 1.0 1.0 1.0 1.0 1.0 1.0 1.0 1.0 
1.0 1.0 1.0 1.0 1.0 1.0 1.0 1.0 1.0 1.0 1.0 1.0 1.0 1.0 1.0 1.0 1.0 1.0 1.0 1.0 1.0 1.0 1.0 1.0 1.0 1.0 1.0 1.0 1.0 1.0 1.0 1.0 1.0 1.0 1.0 1.0 1.0 1.0 1.0 1.0 1.0 1.0 1.0 1.0 1.0 1.0 1.0 1.0 1.0 1.0 1.0 1.0 1.0 1.0 1.0 0.0 1.0 1.0 1.0 1.0 1.0 1.0 1.0 1.0 
1.0 1.0 1.0 1.0 1.0 1.0 1.0 1.0 1.0 1.0 1.0 1.0 1.0 1.0 1.0 1.0 1.0 1.0 1.0 1.0 1.0 1.0 1.0 1.0 1.0 1.0 1.0 1.0 1.0 1.0 1.0 1.0 1.0 1.0 1.0 1.0 1.0 1.0 1.0 1.0 1.0 1.0 1.0 1.0 1.0 1.0 1.0 1.0 1.0 1.0 1.0 1.0 1.0 1.0 1.0 1.0 0.0 1.0 1.0 1.0 1.0 1.0 1.0 1.0 
1.0 1.0 1.0 1.0 1.0 1.0 1.0 1.0 1.0 1.0 1.0 1.0 1.0 1.0 1.0 1.0 1.0 1.0 1.0 1.0 1.0 1.0 1.0 1.0 1.0 1.0 1.0 1.0 1.0 1.0 1.0 1.0 1.0 1.0 1.0 1.0 1.0 1.0 1.0 1.0 1.0 1.0 1.0 1.0 1.0 1.0 1.0 1.0 1.0 1.0 1.0 1.0 1.0 1.0 1.0 1.0 1.0 0.0 1.0 1.0 1.0 1.0 1.0 1.0 
1.0 1.0 1.0 1.0 1.0 1.0 1.0 1.0 1.0 1.0 1.0 1.0 1.0 1.0 1.0 1.0 1.0 1.0 1.0 1.0 1.0 1.0 1.0 1.0 1.0 1.0 1.0 1.0 1.0 1.0 1.0 1.0 1.0 1.0 1.0 1.0 1.0 1.0 1.0 1.0 1.0 1.0 1.0 1.0 1.0 1.0 1.0 1.0 1.0 1.0 1.0 1.0 1.0 1.0 1.0 1.0 1.0 1.0 0.0 1.0 1.0 1.0 1.0 1.0 
1.0 1.0 1.0 1.0 1.0 1.0 1.0 1.0 1.0 1.0 1.0 1.0 1.0 1.0 1.0 1.0 1.0 1.0 1.0 1.0 1.0 1.0 1.0 1.0 1.0 1.0 1.0 1.0 1.0 1.0 1.0 1.0 1.0 1.0 1.0 1.0 1.0 1.0 1.0 1.0 1.0 1.0 1.0 1.0 1.0 1.0 1.0 1.0 1.0 1.0 1.0 1.0 1.0 1.0 1.0 1.0 1.0 1.0 1.0 0.0 1.0 1.0 1.0 1.0 
1.0 1.0 1.0 1.0 1.0 1.0 1.0 1.0 1.0 1.0 1.0 1.0 1.0 1.0 1.0 1.0 1.0 1.0 1.0 1.0 1.0 1.0 1.0 1.0 1.0 1.0 1.0 1.0 1.0 1.0 1.0 1.0 1.0 1.0 1.0 1.0 1.0 1.0 1.0 1.0 1.0 1.0 1.0 1.0 1.0 1.0 1.0 1.0 1.0 1.0 1.0 1.0 1.0 1.0 1.0 1.0 1.0 1.0 1.0 1.0 0.0 1.0 1.0 1.0 
1.0 1.0 1.0 1.0 1.0 1.0 1.0 1.0 1.0 1.0 1.0 1.0 1.0 1.0 1.0 1.0 1.0 1.0 1.0 1.0 1.0 1.0 1.0 1.0 1.0 1.0 1.0 1.0 1.0 1.0 1.0 1.0 1.0 1.0 1.0 1.0 1.0 1.0 1.0 1.0 1.0 1.0 1.0 1.0 1.0 1.0 1.0 1.0 1.0 1.0 1.0 1.0 1.0 1.0 1.0 1.0 1.0 1.0 1.0 1.0 1.0 0.0 1.0 1.0 
1.0 1.0 1.0 1.0 1.0 1.0 1.0 1.0 1.0 1.0 1.0 1.0 1.0 1.0 1.0 1.0 1.0 1.0 1.0 1.0 1.0 1.0 1.0 1.0 1.0 1.0 1.0 1.0 1.0 1.0 1.0 1.0 1.0 1.0 1.0 1.0 1.0 1.0 1.0 1.0 1.0 1.0 1.0 1.0 1.0 1.0 1.0 1.0 1.0 1.0 1.0 1.0 1.0 1.0 1.0 1.0 1.0 1.0 1.0 1.0 1.0 1.0 0.0 1.0 
1.0 1.0 1.0 1.0 1.0 1.0 1.0 1.0 1.0 1.0 1.0 1.0 1.0 1.0 1.0 1.0 1.0 1.0 1.0 1.0 1.0 1.0 1.0 1.0 1.0 1.0 1.0 1.0 1.0 1.0 1.0 1.0 1.0 1.0 1.0 1.0 1.0 1.0 1.0 1.0 1.0 1.0 1.0 1.0 1.0 1.0 1.0 1.0 1.0 1.0 1.0 1.0 1.0 1.0 1.0 1.0 1.0 1.0 1.0 1.0 1.0 1.0 1.0 0.0 