16
60 2 27 86 25 14 50 17 86 71 61 10 5 23 51 78 
50 34 68 81 4 23 22 13 10 82 47 57 40 3 66 3 
13 58 77 63 86 57 89 33 79 22 82 88 60 40 53 76 
48 92 67 54 54 42 65 42 92 16 41 33 39 45 89 100 
4 43 74 96 69 41 9 51 44 67 98 43 75 92 19 53 
99 69 27 2 87 62 29 17 86 46 86 31 24 17 58 44 
81 1 28 90 45 60 28 53 94 54 78 34 37 70 37 2 
68 93 33 94 84 48 83 25 85 63 26 4 43 24 95 90 
74 72 42 96 71 10 45 49 69 17 24 1 100 50 22 68 
23 1 84 53 91 98 56 73 97 39 76 17 93 12 99 10 
50 68 7 36 27 14 94 98 69 77 100 22 33 29 83 20 
80 74 39 45 57 84 38 92 37 68 96 46 45 85 3 55 
46 92 52 37 56 2 29 33 46 99 2 70 99 75 93 85 
2 73 65 28 65 87 94 97 57 98 79 47 72 70 98 41 
68 53 92 92 37 15 99 89 55 14 84 22 35 20 25 5 
89 7 51 2 22 91 51 9 98 67 33 23 17 6 35 76 
0.0 1.0 1.0 1.0 1.0 1.0 1.0 1.0 1.0 1.0 1.0 1.0 1.0 1.0 1.0 1.0 
1.0 0.0 1.0 1.0 1.0 1.0 1.0 1.0 1.0 1.0 1.0 1.0 1.0 1.0 1.0 1.0 
1.0 1.0 0.0 1.0 1.0 1.0 1.0 1.0 1.0 1.0 1.0 1.0 1.0 1.0 1.0 1.0 
1.0 1.0 1.0 0.0 1.0 1.0 1.0 1.0 1.0 1.0 1.0 1.0 1.0 1.0 1.0 1.0 
1.0 1.0 1.0 1.0 0.0 1.0 1.0 1.0 1.0 1.0 1.0 1.0 1.0 1.0 1.0 1.0 
1.0 1.0 1.0 1.0 1.0 0.0 1.0 1.0 1.0 1.0 1.0 1.0 1.0 1.0 1.0 1.0 
1.0 1.0 1.0 1.0 1.0 1.0 0.0 1.0 1.0 1.0 1.0 1.0 1.0 1.0 1.0 1.0 
1.0 1.0 1.0 1.0 1.0 1.0 1.0 0.0 1.0 1.0 1.0 1.0 1.0 1.0 1.0 1.0 
1.0 1.0 1.0 1.0 1.0 1.0 1.0 1.0 0.0 1.0 1.0 1.0 1.0 1.0 1.0 1.0 
1.0 1.0 1.0 1.0 1.0 1.0 1.0 1.0 1.0 0.0 1.0 1.0 1.0 1.0 1.0 1.0 
1.0 1.0 1.0 1.0 1.0 1.0 1.0 1.0 1.0 1.0 0.0 1.0 1.0 1.0 1.0 1.0 
1.0 1.0 1.0 1.0 1.0 1.0 1.0 1.0 1.0 1.0 1.0 0.0 1.0 1.0 1.0 1.0 
1.0 1.0 1.0 1.0 1.0 1.0 1.0 1.0 1.0 1.0 1.0 1.0 0.0 1.0 1.0 1.0 
1.0 1.0 1.0 1.0 1.0 1.0 1.0 1.0 1.0 1.0 1.0 1.0 1.0 0.0 1.0 1.0 
1.0 1.0 1.0 1.0 1.0 1.0 1.0 1.0 1.0 1.0 1.0 1.0 1.0 1.0 0.0 1.0 
1.0 1.0 1.0 1.0 1.0 1.0 1.0 1.0 1.0 1.0 1.0 1.0 1.0 1.0 1.0 0.0 