64
73 63 73 62 55 53 76 97 6 55 82 50 44 52 89 53 15 37 85 2 96 75 87 63 81 17 73 44 3 98 52 40 70 37 23 39 56 34 83 37 70 18 45 99 1 73 9 53 29 9 78 45 93 87 38 56 3 41 12 74 50 14 69 6 
74 40 93 42 13 70 28 61 81 78 17 1 96 82 24 64 15 60 87 1 98 97 18 93 80 43 50 36 54 13 12 72 72 19 100 40 56 6 82 98 43 22 16 58 64 17 31 57 56 29 35 25 38 75 99 85 59 53 73 15 36 59 6 74 
58 29 50 89 12 1 93 46 79 54 2 98 35 39 65 4 42 59 68 49 45 5 60 57 96 32 64 93 94 50 79 70 56 6 80 96 46 48 26 33 94 72 11 12 8 61 7 96 40 27 34 69 24 14 8 65 32 92 68 50 50 36 7 87 
24 64 63 17 73 12 58 94 80 75 62 55 95 75 88 51 85 99 43 73 10 36 19 84 82 53 7 12 17 33 25 10 48 10 99 1 31 18 48 54 25 26 73 76 3 29 76 41 34 29 30 82 9 74 100 94 34 85 38 69 91 96 46 68 
68 80 81 67 18 36 97 28 10 92 62 78 38 8 70 67 16 32 99 8 49 90 50 95 62 52 75 28 67 18 76 8 7 89 97 58 23 59 17 42 7 37 28 5 63 3 86 47 95 88 13 65 3 43 86 99 83 48 78 5 57 59 51 83 
66 83 20 62 80 27 48 36 59 98 37 54 96 77 69 89 21 19 23 99 76 60 84 52 88 9 19 51 28 17 30 28 67 41 46 67 78 16 76 29 38 80 52 41 72 77 42 52 42 82 15 13 37 89 15 27 29 46 90 60 80 53 81 27 
79 46 19 79 19 10 67 99 91 5 13 69 45 19 99 32 73 96 87 55 45 5 26 29 28 42 19 95 47 11 90 51 15 97 46 27 82 26 54 18 39 41 94 13 50 15 90 25 69 55 44 80 5 40 85 50 55 11 72 84 35 56 42 41 
43 93 4 50 30 66 51 92 69 43 4 69 60 20 87 91 94 47 33 44 22 45 83 16 84 91 66 73 51 92 93 82 29 79 73 70 68 31 55 63 60 91 14 15 17 63 25 15 15 32 57 8 91 44 100 9 39 86 84 19 70 87 29 93 
2 90 20 88 68 39 64 98 20 31 80 79 30 59 8 100 9 51 94 93 23 41 80 8 90 93 3 5 55 19 90 32 15 14 89 38 13 91 25 43 15 19 32 83 68 44 27 97 58 38 41 73 23 93 26 57 7 9 37 17 23 33 63 9 
35 58 5 85 50 15 8 18 40 45 86 88 87 25 66 58 57 15 65 57 94 72 86 8 25 27 93 54 71 23 100 11 18 43 30 22 6 96 29 58 81 39 17 33 78 78 43 38 99 70 5 25 59 87 30 100 60 23 87 89 73 40 42 19 
66 65 9 46 93 6 37 63 41 19 2 50 57 22 24 64 74 83 57 65 4 75 33 83 76 73 7 85 76 99 48 17 39 50 81 61 2 38 92 57 99 45 35 32 85 30 68 10 80 96 8 56 78 1 52 64 60 97 67 85 39 34 5 26 
77 94 96 25 77 90 98 66 88 38 91 49 21 62 48 72 46 65 55 8 57 28 57 5 46 90 97 72 45 56 43 61 67 52 79 80 45 94 10 82 25 91 69 52 23 79 35 8 95 7 88 85 42 12 71 59 47 32 61 56 63 87 75 25 
92 79 94 79 75 10 61 66 97 40 85 87 67 79 69 85 84 27 93 98 99 1 72 27 30 1 90 66 75 15 8 35 85 11 26 73 76 87 58 52 5 28 29 45 27 87 67 83 44 6 5 12 22 65 33 38 62 71 58 37 42 82 10 2 
34 24 79 46 74 57 4 32 59 19 77 67 41 78 33 6 9 39 52 20 37 38 40 27 37 11 42 11 3 11 9 15 4 74 92 12 46 12 98 22 97 34 87 26 71 72 34 36 10 77 83 64 57 74 82 1 25 16 66 40 40 98 89 37 
35 13 42 41 31 66 98 32 48 45 72 37 28 13 92 45 15 32 27 76 100 86 41 45 9 78 94 97 34 55 98 8 75 86 35 68 12 79 50 54 75 81 94 74 52 2 48 46 59 64 77 36 93 85 21 4 34 22 21 21 4 29 79 60 
5 90 87 66 24 24 27 69 97 94 78 68 79 98 4 2 69 45 34 28 41 7 5 41 48 86 67 75 72 38 61 11 21 94 49 7 95 94 83 61 47 88 30 33 50 37 93 100 84 21 34 16 64 38 55 61 61 1 94 16 41 96 43 28 
38 63 75 27 98 51 75 99 18 54 27 59 23 67 14 47 22 56 79 29 97 30 84 5 31 30 7 88 40 60 36 97 93 4 9 33 41 97 17 24 86 24 88 94 39 88 65 79 63 44 95 54 17 72 71 22 68 56 95 33 71 60 25 93 
91 22 74 25 23 55 90 1 42 36 83 49 2 64 19 8 100 25 14 54 13 47 56 80 60 15 37 29 27 20 60 47 14 12 58 27 65 18 70 61 54 94 93 78 43 68 90 80 9 2 56 14 2 46 92 46 93 92 5 80 15 94 66 38 
32 43 13 53 70 60 97 92 60 64 96 56 85 79 7 51 43 58 85 66 31 78 59 19 44 57 55 56 73 60 84 45 93 1 84 79 91 94 49 50 27 5 21 95 39 9 71 3 81 49 43 81 21 36 55 49 80 27 100 58 54 63 65 37 
3 86 15 3 12 54 18 57 46 50 89 28 73 71 72 22 9 63 78 91 91 77 40 54 21 51 27 24 28 47 49 74 48 67 5 50 54 39 67 96 68 33 82 34 50 88 32 37 67 10 65 23 29 29 18 26 10 35 15 14 46 45 18 8 
95 15 48 70 97 83 14 14 76 94 10 39 40 41 51 16 21 32 88 3 93 14 96 40 91 48 99 50 86 87 41 6 82 75 84 44 98 58 96 84 38 35 95 15 55 42 61 19 91 15 51 4 90 10 9 56 91 2 2 73 41 74 31 49 
85 47 8 14 29 57 38 18 9 93 71 29 57 44 33 34 76 83 23 68 98 15 96 87 34 94 59 26 31 43 31 44 21 16 56 43 26 5 87 84 25 40 63 19 47 52 91 88 21 15 88 80 5 2 81 12 19 46 48 73 69 5 31 78 
25 67 81 49 22 32 35 99 35 40 13 29 96 15 25 67 74 41 18 49 20 53 87 85 57 8 55 51 45 21 33 52 16 46 61 43 25 76 95 54 86 97 7 25 56 4 49 30 85 87 63 95 8 42 46 33 82 90 82 100 47 14 94 33 
5 76 67 70 82 36 27 5 49 72 75 82 90 58 20 56 1 39 69 13 90 96 45 94 88 45 26 57 21 31 93 37 34 73 100 72 66 82 16 3 94 74 95 36 42 46 66 13 36 94 38 83 45 61 87 58 28 98 96 73 35 89 14 53 
4 36 23 12 77 59 54 7 7 91 30 88 19 70 96 75 42 18 54 85 9 81 3 76 76 40 32 25 76 69 89 89 9 36 90 50 76 81 37 33 61 59 94 27 63 87 85 51 96 84 69 5 38 23 48 42 61 4 56 58 37 45 67 63 
61 1 73 42 42 30 99 83 32 91 42 70 62 14 76 100 17 56 66 21 6 20 33 18 20 8 28 34 83 99 36 82 54 88 5 84 78 18 75 35 55 32 77 4 27 11 31 35 40 56 76 35 64 42 60 96 19 79 14 17 21 11 16 27 
94 52 23 82 58 78 82 67 84 84 66 99 64 54 60 28 71 29 74 70 30 87 66 35 78 67 37 21 87 50 35 73 48 2 10 39 41 12 21 62 91 68 2 98 68 67 84 67 66 18 44 77 97 40 34 29 23 50 28 85 37 79 39 46 
16 16 31 1 30 71 78 75 73 20 38 15 51 19 99 75 92 98 13 8 22 96 82 78 98 18 22 2 19 46 38 70 15 64 69 90 48 58 21 71 13 60 99 80 52 11 71 35 97 25 38 41 65 78 24 53 75 20 53 25 47 65 83 16 
57 60 76 40 61 69 40 67 12 34 93 12 79 35 78 10 20 11 24 74 82 63 80 87 94 31 12 80 76 46 63 17 13 87 72 87 60 76 98 1 59 21 11 10 91 73 36 19 46 63 75 76 4 70 34 18 13 43 29 41 51 7 12 45 
30 62 83 54 64 30 48 59 52 6 36 81 73 96 48 72 45 73 50 53 58 34 18 50 68 57 3 74 85 95 66 46 95 90 48 29 68 81 28 81 36 99 85 67 33 77 57 94 1 16 14 77 55 100 89 43 43 35 4 86 5 87 59 99 
22 8 84 42 34 19 5 24 100 48 23 49 66 12 35 67 69 61 80 47 48 58 22 76 19 86 58 53 9 49 48 37 98 3 3 59 86 31 72 72 83 95 100 66 18 32 2 99 34 95 84 62 70 35 77 24 61 97 92 75 37 51 44 13 
75 95 50 10 57 14 29 74 46 4 3 48 52 34 42 28 17 90 72 84 17 94 29 44 37 40 32 8 11 100 6 30 63 92 79 18 61 51 55 63 88 76 66 64 90 81 98 55 85 42 36 97 88 25 50 28 36 53 8 85 19 55 18 52 
87 53 97 90 41 1 2 57 44 25 83 7 99 73 85 67 15 41 32 89 5 32 7 60 33 36 34 38 25 55 37 83 44 38 24 17 11 18 70 11 32 62 95 52 11 7 41 19 76 37 22 39 95 13 81 10 82 13 84 70 78 12 24 41 
63 2 54 62 9 95 30 25 60 73 44 58 46 13 71 2 75 25 34 31 10 43 73 94 84 80 81 42 84 68 41 98 49 3 67 43 79 59 50 36 76 62 36 8 37 79 23 34 9 98 10 34 51 17 48 37 66 73 96 88 65 38 79 36 
65 79 56 25 26 20 30 68 85 12 16 17 37 20 64 93 44 73 17 79 43 54 57 28 10 50 76 19 83 10 97 69 25 68 15 84 41 19 42 80 88 19 25 52 3 49 51 36 82 42 17 81 54 5 37 41 41 25 99 57 4 83 58 12 
27 13 74 74 20 7 50 17 91 38 96 77 3 12 38 54 76 10 1 90 57 40 3 60 80 71 46 6 95 82 46 58 53 40 75 72 77 16 70 86 58 30 67 66 94 22 22 85 95 54 41 77 55 16 7 61 99 77 63 68 6 17 12 98 
53 8 65 59 16 89 90 86 99 82 63 14 12 34 69 86 15 90 43 67 56 12 97 53 74 10 58 22 55 32 77 82 99 82 63 79 47 76 82 15 15 49 55 45 59 32 70 65 9 43 83 26 32 38 13 83 2 81 100 51 91 48 53 70 
29 77 61 69 92 41 54 92 60 37 49 36 8 49 35 47 52 51 73 29 37 61 4 41 82 85 70 36 64 84 25 71 36 36 69 77 33 9 61 55 27 70 87 36 52 41 88 47 47 7 68 7 97 61 11 12 4 34 63 83 69 54 74 27 
54 94 3 63 53 41 1 31 39 76 29 27 75 24 46 63 82 59 71 8 4 52 1 51 43 26 72 21 92 10 36 23 3 89 56 52 3 60 59 94 79 83 52 37 35 19 72 83 45 73 82 46 42 13 89 39 84 51 26 44 48 67 80 82 
71 20 29 31 38 98 26 88 88 25 68 32 54 33 52 3 49 29 93 77 13 54 44 67 31 79 56 61 42 6 50 67 64 22 97 17 25 57 67 10 98 26 65 87 61 68 43 94 99 19 26 3 11 84 17 40 21 55 95 12 61 13 61 20 
68 2 53 81 22 45 73 81 69 83 86 38 40 93 11 97 99 99 39 35 92 18 76 14 9 68 19 84 6 71 96 95 35 74 15 82 2 70 1 86 20 39 58 43 92 83 30 55 8 5 65 76 96 33 79 37 52 27 72 75 19 54 94 63 
83 94 38 26 88 40 99 35 2 67 20 100 82 90 55 91 93 5 30 47 40 7 40 43 41 23 37 50 5 22 28 17 72 90 99 28 47 17 12 48 96 18 15 86 59 80 22 73 38 91 26 87 58 48 17 35 7 92 3 74 31 30 75 39 
7 36 39 92 100 71 37 43 64 91 85 59 19 93 87 80 46 22 51 64 80 77 48 43 42 99 16 2 47 89 5 82 48 33 8 26 97 84 98 52 75 88 4 30 54 97 57 69 29 83 15 35 91 64 72 47 32 43 26 74 27 47 36 72 
15 70 62 18 71 67 83 93 15 91 5 83 24 98 83 42 35 88 2 1 96 29 83 50 2 49 43 64 95 32 74 41 90 18 100 58 65 33 41 56 99 73 88 26 2 1 72 57 83 58 56 59 6 91 98 71 41 7 52 85 41 23 14 2 
55 4 26 39 29 59 3 56 77 5 14 90 40 78 32 62 29 40 87 47 41 97 53 41 14 73 76 77 43 18 58 31 72 81 100 7 59 48 54 15 25 11 73 88 45 41 70 68 67 53 4 81 67 22 20 61 44 24 19 34 47 90 56 41 
96 41 9 8 99 16 29 87 85 2 76 30 32 67 33 17 17 92 38 23 11 50 42 97 20 39 42 100 50 74 37 84 93 92 59 28 51 70 75 15 63 24 37 85 53 37 2 6 28 33 66 14 17 77 64 52 91 84 79 31 55 66 80 88 
11 100 40 98 21 6 94 6 63 67 51 28 3 100 90 49 22 76 14 91 92 4 70 56 64 84 7 12 48 92 87 11 92 27 67 25 3 46 22 80 58 30 34 10 27 53 7 78 20 27 11 34 99 29 27 56 85 97 88 85 45 35 48 12 
96 48 50 2 91 54 36 66 44 88 89 67 30 88 74 60 51 82 6 54 14 65 10 5 3 73 12 53 81 1 13 81 26 18 4 94 94 63 94 5 24 87 64 95 51 47 8 43 22 33 29 87 27 99 8 21 64 56 86 52 53 50 80 74 
10 56 81 40 90 59 31 48 50 34 42 13 38 37 27 86 50 96 16 49 90 58 65 68 54 77 52 49 73 50 67 14 92 59 76 52 21 10 63 68 43 21 33 78 96 29 75 68 8 94 54 93 2 31 70 37 27 19 50 34 4 94 35 85 
62 86 99 42 81 94 54 40 75 14 76 68 59 95 73 45 29 47 73 2 69 44 13 11 28 76 20 81 60 79 74 37 11 35 82 93 91 10 34 1 65 7 38 46 18 47 96 65 8 52 60 64 48 70 94 62 59 42 4 43 38 16 91 83 
71 66 32 44 26 89 37 19 4 100 10 81 21 74 53 49 91 53 79 94 13 16 4 94 59 73 69 60 97 25 40 68 52 72 8 22 39 49 2 25 87 55 77 85 46 65 24 59 52 25 84 44 43 51 54 33 86 63 20 39 45 65 40 24 
21 59 62 15 98 14 87 2 18 67 25 79 77 55 48 22 48 19 54 55 99 17 34 79 83 17 44 50 24 41 45 70 15 49 29 74 93 5 22 50 45 98 2 90 7 47 15 8 26 50 16 22 12 11 94 83 76 60 76 93 8 9 2 72 
23 28 48 6 11 50 78 25 74 62 19 36 86 20 72 97 27 35 74 77 42 5 29 57 26 42 64 29 4 29 25 17 90 7 39 44 7 21 84 16 45 61 94 29 80 63 2 53 70 48 47 68 86 43 62 74 80 65 31 90 92 96 43 23 
71 17 41 66 70 70 23 7 62 82 3 5 32 6 16 51 96 56 33 7 72 74 14 63 63 20 39 15 72 55 73 40 10 87 21 42 80 72 44 7 50 64 80 59 63 92 19 37 51 93 61 54 94 60 49 78 31 39 31 31 73 55 50 50 
13 51 57 49 93 64 46 7 64 46 41 61 91 32 15 34 3 65 27 85 5 15 12 51 23 43 32 27 51 54 30 29 95 41 53 75 71 70 41 86 24 68 79 65 36 35 25 6 10 8 28 51 91 51 35 16 46 41 32 59 90 47 37 24 
93 50 42 81 67 34 98 41 11 17 71 68 37 66 54 77 45 38 53 31 40 89 13 27 86 29 62 61 93 66 36 59 68 19 22 46 54 87 36 17 34 100 97 8 31 44 25 13 54 77 35 14 88 92 10 88 20 25 10 82 90 37 7 5 
49 16 69 73 93 84 45 81 32 40 20 9 61 60 93 37 23 6 97 49 88 97 64 55 90 89 56 11 24 79 14 24 54 80 22 62 75 54 76 64 47 4 69 71 78 90 5 66 1 95 72 18 46 60 63 95 31 1 3 23 16 62 87 39 
28 90 74 68 37 54 47 9 98 38 42 68 89 20 63 49 53 54 16 13 27 86 59 10 31 100 73 6 77 91 44 99 78 9 31 10 92 80 9 71 42 63 47 14 9 65 21 73 77 88 27 48 82 40 74 94 13 65 61 79 55 85 91 83 
79 65 98 87 65 26 86 35 97 35 56 80 16 6 2 22 83 1 40 71 18 52 81 11 81 80 97 93 25 42 28 46 63 42 4 23 84 32 93 74 50 16 94 61 30 90 27 98 56 84 27 14 87 2 41 22 65 96 65 33 49 92 4 29 
54 55 85 92 90 21 57 69 21 27 96 52 90 85 70 95 6 14 28 81 78 28 5 67 81 9 85 74 80 41 17 9 1 93 32 62 56 64 47 16 91 14 95 84 79 45 2 98 35 45 29 82 45 88 52 83 49 97 76 51 10 61 99 21 
59 73 10 78 98 2 14 65 70 61 68 68 17 70 34 28 30 49 50 87 76 65 3 29 44 35 98 77 95 67 72 46 55 23 97 6 78 37 30 83 65 81 69 22 67 52 75 26 23 37 100 57 72 41 23 58 100 87 85 82 29 91 88 68 
6 60 75 16 3 18 93 50 73 97 19 72 47 85 2 97 100 59 90 16 35 100 92 66 67 47 70 4 11 56 19 97 18 70 1 52 82 51 49 91 52 90 24 24 56 47 83 69 43 60 36 4 69 88 69 6 16 2 90 89 31 4 46 47 
80 25 46 78 5 74 44 47 76 5 34 98 65 15 83 16 7 86 38 94 11 8 2 22 15 57 68 51 21 36 56 72 70 92 70 8 22 18 7 12 78 55 84 30 91 13 57 4 88 19 27 91 57 70 83 27 94 57 69 79 26 83 4 82 
54 77 66 37 96 98 39 34 61 95 49 74 31 2 91 6 39 76 71 96 56 53 15 72 71 4 16 30 50 61 18 85 8 50 15 32 27 91 33 43 39 46 57 22 52 8 67 94 61 14 26 77 34 52 88 85 99 77 68 97 96 73 51 22 
0.0 1.0 1.0 1.0 1.0 1.0 1.0 1.0 1.0 1.0 1.0 1.0 1.0 1.0 1.0 1.0 1.0 1.0 1.0 1.0 1.0 1.0 1.0 1.0 1.0 1.0 1.0 1.0 1.0 1.0 1.0 1.0 1.0 1.0 1.0 1.0 1.0 1.0 1.0 1.0 1.0 1.0 1.0 1.0 1.0 1.0 1.0 1.0 1.0 1.0 1.0 1.0 1.0 1.0 1.0 1.0 1.0 1.0 1.0 1.0 1.0 1.0 1.0 1.0 
1.0 0.0 1.0 1.0 1.0 1.0 1.0 1.0 1.0 1.0 1.0 1.0 1.0 1.0 1.0 1.0 1.0 1.0 1.0 1.0 1.0 1.0 1.0 1.0 1.0 1.0 1.0 1.0 1.0 1.0 1.0 1.0 1.0 1.0 1.0 1.0 1.0 1.0 1.0 1.0 1.0 1.0 1.0 1.0 1.0 1.0 1.0 1.0 1.0 1.0 1.0 1.0 1.0 1.0 1.0 1.0 1.0 1.0 1.0 1.0 1.0 1.0 1.0 1.0 
1.0 1.0 0.0 1.0 1.0 1.0 1.0 1.0 1.0 1.0 1.0 1.0 1.0 1.0 1.0 1.0 1.0 1.0 1.0 1.0 1.0 1.0 1.0 1.0 1.0 1.0 1.0 1.0 1.0 1.0 1.0 1.0 1.0 1.0 1.0 1.0 1.0 1.0 1.0 1.0 1.0 1.0 1.0 1.0 1.0 1.0 1.0 1.0 1.0 1.0 1.0 1.0 1.0 1.0 1.0 1.0 1.0 1.0 1.0 1.0 1.0 1.0 1.0 1.0 
1.0 1.0 1.0 0.0 1.0 1.0 1.0 1.0 1.0 1.0 1.0 1.0 1.0 1.0 1.0 1.0 1.0 1.0 1.0 1.0 1.0 1.0 1.0 1.0 1.0 1.0 1.0 1.0 1.0 1.0 1.0 1.0 1.0 1.0 1.0 1.0 1.0 1.0 1.0 1.0 1.0 1.0 1.0 1.0 1.0 1.0 1.0 1.0 1.0 1.0 1.0 1.0 1.0 1.0 1.0 1.0 1.0 1.0 1.0 1.0 1.0 1.0 1.0 1.0 
1.0 1.0 1.0 1.0 0.0 1.0 1.0 1.0 1.0 1.0 1.0 1.0 1.0 1.0 1.0 1.0 1.0 1.0 1.0 1.0 1.0 1.0 1.0 1.0 1.0 1.0 1.0 1.0 1.0 1.0 1.0 1.0 1.0 1.0 1.0 1.0 1.0 1.0 1.0 1.0 1.0 1.0 1.0 1.0 1.0 1.0 1.0 1.0 1.0 1.0 1.0 1.0 1.0 1.0 1.0 1.0 1.0 1.0 1.0 1.0 1.0 1.0 1.0 1.0 
1.0 1.0 1.0 1.0 1.0 0.0 1.0 1.0 1.0 1.0 1.0 1.0 1.0 1.0 1.0 1.0 1.0 1.0 1.0 1.0 1.0 1.0 1.0 1.0 1.0 1.0 1.0 1.0 1.0 1.0 1.0 1.0 1.0 1.0 1.0 1.0 1.0 1.0 1.0 1.0 1.0 1.0 1.0 1.0 1.0 1.0 1.0 1.0 1.0 1.0 1.0 1.0 1.0 1.0 1.0 1.0 1.0 1.0 1.0 1.0 1.0 1.0 1.0 1.0 
1.0 1.0 1.0 1.0 1.0 1.0 0.0 1.0 1.0 1.0 1.0 1.0 1.0 1.0 1.0 1.0 1.0 1.0 1.0 1.0 1.0 1.0 1.0 1.0 1.0 1.0 1.0 1.0 1.0 1.0 1.0 1.0 1.0 1.0 1.0 1.0 1.0 1.0 1.0 1.0 1.0 1.0 1.0 1.0 1.0 1.0 1.0 1.0 1.0 1.0 1.0 1.0 1.0 1.0 1.0 1.0 1.0 1.0 1.0 1.0 1.0 1.0 1.0 1.0 
1.0 1.0 1.0 1.0 1.0 1.0 1.0 0.0 1.0 1.0 1.0 1.0 1.0 1.0 1.0 1.0 1.0 1.0 1.0 1.0 1.0 1.0 1.0 1.0 1.0 1.0 1.0 1.0 1.0 1.0 1.0 1.0 1.0 1.0 1.0 1.0 1.0 1.0 1.0 1.0 1.0 1.0 1.0 1.0 1.0 1.0 1.0 1.0 1.0 1.0 1.0 1.0 1.0 1.0 1.0 1.0 1.0 1.0 1.0 1.0 1.0 1.0 1.0 1.0 
1.0 1.0 1.0 1.0 1.0 1.0 1.0 1.0 0.0 1.0 1.0 1.0 1.0 1.0 1.0 1.0 1.0 1.0 1.0 1.0 1.0 1.0 1.0 1.0 1.0 1.0 1.0 1.0 1.0 1.0 1.0 1.0 1.0 1.0 1.0 1.0 1.0 1.0 1.0 1.0 1.0 1.0 1.0 1.0 1.0 1.0 1.0 1.0 1.0 1.0 1.0 1.0 1.0 1.0 1.0 1.0 1.0 1.0 1.0 1.0 1.0 1.0 1.0 1.0 
1.0 1.0 1.0 1.0 1.0 1.0 1.0 1.0 1.0 0.0 1.0 1.0 1.0 1.0 1.0 1.0 1.0 1.0 1.0 1.0 1.0 1.0 1.0 1.0 1.0 1.0 1.0 1.0 1.0 1.0 1.0 1.0 1.0 1.0 1.0 1.0 1.0 1.0 1.0 1.0 1.0 1.0 1.0 1.0 1.0 1.0 1.0 1.0 1.0 1.0 1.0 1.0 1.0 1.0 1.0 1.0 1.0 1.0 1.0 1.0 1.0 1.0 1.0 1.0 
1.0 1.0 1.0 1.0 1.0 1.0 1.0 1.0 1.0 1.0 0.0 1.0 1.0 1.0 1.0 1.0 1.0 1.0 1.0 1.0 1.0 1.0 1.0 1.0 1.0 1.0 1.0 1.0 1.0 1.0 1.0 1.0 1.0 1.0 1.0 1.0 1.0 1.0 1.0 1.0 1.0 1.0 1.0 1.0 1.0 1.0 1.0 1.0 1.0 1.0 1.0 1.0 1.0 1.0 1.0 1.0 1.0 1.0 1.0 1.0 1.0 1.0 1.0 1.0 
1.0 1.0 1.0 1.0 1.0 1.0 1.0 1.0 1.0 1.0 1.0 0.0 1.0 1.0 1.0 1.0 1.0 1.0 1.0 1.0 1.0 1.0 1.0 1.0 1.0 1.0 1.0 1.0 1.0 1.0 1.0 1.0 1.0 1.0 1.0 1.0 1.0 1.0 1.0 1.0 1.0 1.0 1.0 1.0 1.0 1.0 1.0 1.0 1.0 1.0 1.0 1.0 1.0 1.0 1.0 1.0 1.0 1.0 1.0 1.0 1.0 1.0 1.0 1.0 
1.0 1.0 1.0 1.0 1.0 1.0 1.0 1.0 1.0 1.0 1.0 1.0 0.0 1.0 1.0 1.0 1.0 1.0 1.0 1.0 1.0 1.0 1.0 1.0 1.0 1.0 1.0 1.0 1.0 1.0 1.0 1.0 1.0 1.0 1.0 1.0 1.0 1.0 1.0 1.0 1.0 1.0 1.0 1.0 1.0 1.0 1.0 1.0 1.0 1.0 1.0 1.0 1.0 1.0 1.0 1.0 1.0 1.0 1.0 1.0 1.0 1.0 1.0 1.0 
1.0 1.0 1.0 1.0 1.0 1.0 1.0 1.0 1.0 1.0 1.0 1.0 1.0 0.0 1.0 1.0 1.0 1.0 1.0 1.0 1.0 1.0 1.0 1.0 1.0 1.0 1.0 1.0 1.0 1.0 1.0 1.0 1.0 1.0 1.0 1.0 1.0 1.0 1.0 1.0 1.0 1.0 1.0 1.0 1.0 1.0 1.0 1.0 1.0 1.0 1.0 1.0 1.0 1.0 1.0 1.0 1.0 1.0 1.0 1.0 1.0 1.0 1.0 1.0 
1.0 1.0 1.0 1.0 1.0 1.0 1.0 1.0 1.0 1.0 1.0 1.0 1.0 1.0 0.0 1.0 1.0 1.0 1.0 1.0 1.0 1.0 1.0 1.0 1.0 1.0 1.0 1.0 1.0 1.0 1.0 1.0 1.0 1.0 1.0 1.0 1.0 1.0 1.0 1.0 1.0 1.0 1.0 1.0 1.0 1.0 1.0 1.0 1.0 1.0 1.0 1.0 1.0 1.0 1.0 1.0 1.0 1.0 1.0 1.0 1.0 1.0 1.0 1.0 
1.0 1.0 1.0 1.0 1.0 1.0 1.0 1.0 1.0 1.0 1.0 1.0 1.0 1.0 1.0 0.0 1.0 1.0 1.0 1.0 1.0 1.0 1.0 1.0 1.0 1.0 1.0 1.0 1.0 1.0 1.0 1.0 1.0 1.0 1.0 1.0 1.0 1.0 1.0 1.0 1.0 1.0 1.0 1.0 1.0 1.0 1.0 1.0 1.0 1.0 1.0 1.0 1.0 1.0 1.0 1.0 1.0 1.0 1.0 1.0 1.0 1.0 1.0 1.0 
1.0 1.0 1.0 1.0 1.0 1.0 1.0 1.0 1.0 1.0 1.0 1.0 1.0 1.0 1.0 1.0 0.0 1.0 1.0 1.0 1.0 1.0 1.0 1.0 1.0 1.0 1.0 1.0 1.0 1.0 1.0 1.0 1.0 1.0 1.0 1.0 1.0 1.0 1.0 1.0 1.0 1.0 1.0 1.0 1.0 1.0 1.0 1.0 1.0 1.0 1.0 1.0 1.0 1.0 1.0 1.0 1.0 1.0 1.0 1.0 1.0 1.0 1.0 1.0 
1.0 1.0 1.0 1.0 1.0 1.0 1.0 1.0 1.0 1.0 1.0 1.0 1.0 1.0 1.0 1.0 1.0 0.0 1.0 1.0 1.0 1.0 1.0 1.0 1.0 1.0 1.0 1.0 1.0 1.0 1.0 1.0 1.0 1.0 1.0 1.0 1.0 1.0 1.0 1.0 1.0 1.0 1.0 1.0 1.0 1.0 1.0 1.0 1.0 1.0 1.0 1.0 1.0 1.0 1.0 1.0 1.0 1.0 1.0 1.0 1.0 1.0 1.0 1.0 
1.0 1.0 1.0 1.0 1.0 1.0 1.0 1.0 1.0 1.0 1.0 1.0 1.0 1.0 1.0 1.0 1.0 1.0 0.0 1.0 1.0 1.0 1.0 1.0 1.0 1.0 1.0 1.0 1.0 1.0 1.0 1.0 1.0 1.0 1.0 1.0 1.0 1.0 1.0 1.0 1.0 1.0 1.0 1.0 1.0 1.0 1.0 1.0 1.0 1.0 1.0 1.0 1.0 1.0 1.0 1.0 1.0 1.0 1.0 1.0 1.0 1.0 1.0 1.0 
1.0 1.0 1.0 1.0 1.0 1.0 1.0 1.0 1.0 1.0 1.0 1.0 1.0 1.0 1.0 1.0 1.0 1.0 1.0 0.0 1.0 1.0 1.0 1.0 1.0 1.0 1.0 1.0 1.0 1.0 1.0 1.0 1.0 1.0 1.0 1.0 1.0 1.0 1.0 1.0 1.0 1.0 1.0 1.0 1.0 1.0 1.0 1.0 1.0 1.0 1.0 1.0 1.0 1.0 1.0 1.0 1.0 1.0 1.0 1.0 1.0 1.0 1.0 1.0 
1.0 1.0 1.0 1.0 1.0 1.0 1.0 1.0 1.0 1.0 1.0 1.0 1.0 1.0 1.0 1.0 1.0 1.0 1.0 1.0 0.0 1.0 1.0 1.0 1.0 1.0 1.0 1.0 1.0 1.0 1.0 1.0 1.0 1.0 1.0 1.0 1.0 1.0 1.0 1.0 1.0 1.0 1.0 1.0 1.0 1.0 1.0 1.0 1.0 1.0 1.0 1.0 1.0 1.0 1.0 1.0 1.0 1.0 1.0 1.0 1.0 1.0 1.0 1.0 
1.0 1.0 1.0 1.0 1.0 1.0 1.0 1.0 1.0 1.0 1.0 1.0 1.0 1.0 1.0 1.0 1.0 1.0 1.0 1.0 1.0 0.0 1.0 1.0 1.0 1.0 1.0 1.0 1.0 1.0 1.0 1.0 1.0 1.0 1.0 1.0 1.0 1.0 1.0 1.0 1.0 1.0 1.0 1.0 1.0 1.0 1.0 1.0 1.0 1.0 1.0 1.0 1.0 1.0 1.0 1.0 1.0 1.0 1.0 1.0 1.0 1.0 1.0 1.0 
1.0 1.0 1.0 1.0 1.0 1.0 1.0 1.0 1.0 1.0 1.0 1.0 1.0 1.0 1.0 1.0 1.0 1.0 1.0 1.0 1.0 1.0 0.0 1.0 1.0 1.0 1.0 1.0 1.0 1.0 1.0 1.0 1.0 1.0 1.0 1.0 1.0 1.0 1.0 1.0 1.0 1.0 1.0 1.0 1.0 1.0 1.0 1.0 1.0 1.0 1.0 1.0 1.0 1.0 1.0 1.0 1.0 1.0 1.0 1.0 1.0 1.0 1.0 1.0 
1.0 1.0 1.0 1.0 1.0 1.0 1.0 1.0 1.0 1.0 1.0 1.0 1.0 1.0 1.0 1.0 1.0 1.0 1.0 1.0 1.0 1.0 1.0 0.0 1.0 1.0 1.0 1.0 1.0 1.0 1.0 1.0 1.0 1.0 1.0 1.0 1.0 1.0 1.0 1.0 1.0 1.0 1.0 1.0 1.0 1.0 1.0 1.0 1.0 1.0 1.0 1.0 1.0 1.0 1.0 1.0 1.0 1.0 1.0 1.0 1.0 1.0 1.0 1.0 
1.0 1.0 1.0 1.0 1.0 1.0 1.0 1.0 1.0 1.0 1.0 1.0 1.0 1.0 1.0 1.0 1.0 1.0 1.0 1.0 1.0 1.0 1.0 1.0 0.0 1.0 1.0 1.0 1.0 1.0 1.0 1.0 1.0 1.0 1.0 1.0 1.0 1.0 1.0 1.0 1.0 1.0 1.0 1.0 1.0 1.0 1.0 1.0 1.0 1.0 1.0 1.0 1.0 1.0 1.0 1.0 1.0 1.0 1.0 1.0 1.0 1.0 1.0 1.0 
1.0 1.0 1.0 1.0 1.0 1.0 1.0 1.0 1.0 1.0 1.0 1.0 1.0 1.0 1.0 1.0 1.0 1.0 1.0 1.0 1.0 1.0 1.0 1.0 1.0 0.0 1.0 1.0 1.0 1.0 1.0 1.0 1.0 1.0 1.0 1.0 1.0 1.0 1.0 1.0 1.0 1.0 1.0 1.0 1.0 1.0 1.0 1.0 1.0 1.0 1.0 1.0 1.0 1.0 1.0 1.0 1.0 1.0 1.0 1.0 1.0 1.0 1.0 1.0 
1.0 1.0 1.0 1.0 1.0 1.0 1.0 1.0 1.0 1.0 1.0 1.0 1.0 1.0 1.0 1.0 1.0 1.0 1.0 1.0 1.0 1.0 1.0 1.0 1.0 1.0 0.0 1.0 1.0 1.0 1.0 1.0 1.0 1.0 1.0 1.0 1.0 1.0 1.0 1.0 1.0 1.0 1.0 1.0 1.0 1.0 1.0 1.0 1.0 1.0 1.0 1.0 1.0 1.0 1.0 1.0 1.0 1.0 1.0 1.0 1.0 1.0 1.0 1.0 
1.0 1.0 1.0 1.0 1.0 1.0 1.0 1.0 1.0 1.0 1.0 1.0 1.0 1.0 1.0 1.0 1.0 1.0 1.0 1.0 1.0 1.0 1.0 1.0 1.0 1.0 1.0 0.0 1.0 1.0 1.0 1.0 1.0 1.0 1.0 1.0 1.0 1.0 1.0 1.0 1.0 1.0 1.0 1.0 1.0 1.0 1.0 1.0 1.0 1.0 1.0 1.0 1.0 1.0 1.0 1.0 1.0 1.0 1.0 1.0 1.0 1.0 1.0 1.0 
1.0 1.0 1.0 1.0 1.0 1.0 1.0 1.0 1.0 1.0 1.0 1.0 1.0 1.0 1.0 1.0 1.0 1.0 1.0 1.0 1.0 1.0 1.0 1.0 1.0 1.0 1.0 1.0 0.0 1.0 1.0 1.0 1.0 1.0 1.0 1.0 1.0 1.0 1.0 1.0 1.0 1.0 1.0 1.0 1.0 1.0 1.0 1.0 1.0 1.0 1.0 1.0 1.0 1.0 1.0 1.0 1.0 1.0 1.0 1.0 1.0 1.0 1.0 1.0 
1.0 1.0 1.0 1.0 1.0 1.0 1.0 1.0 1.0 1.0 1.0 1.0 1.0 1.0 1.0 1.0 1.0 1.0 1.0 1.0 1.0 1.0 1.0 1.0 1.0 1.0 1.0 1.0 1.0 0.0 1.0 1.0 1.0 1.0 1.0 1.0 1.0 1.0 1.0 1.0 1.0 1.0 1.0 1.0 1.0 1.0 1.0 1.0 1.0 1.0 1.0 1.0 1.0 1.0 1.0 1.0 1.0 1.0 1.0 1.0 1.0 1.0 1.0 1.0 
1.0 1.0 1.0 1.0 1.0 1.0 1.0 1.0 1.0 1.0 1.0 1.0 1.0 1.0 1.0 1.0 1.0 1.0 1.0 1.0 1.0 1.0 1.0 1.0 1.0 1.0 1.0 1.0 1.0 1.0 0.0 1.0 1.0 1.0 1.0 1.0 1.0 1.0 1.0 1.0 1.0 1.0 1.0 1.0 1.0 1.0 1.0 1.0 1.0 1.0 1.0 1.0 1.0 1.0 1.0 1.0 1.0 1.0 1.0 1.0 1.0 1.0 1.0 1.0 
1.0 1.0 1.0 1.0 1.0 1.0 1.0 1.0 1.0 1.0 1.0 1.0 1.0 1.0 1.0 1.0 1.0 1.0 1.0 1.0 1.0 1.0 1.0 1.0 1.0 1.0 1.0 1.0 1.0 1.0 1.0 0.0 1.0 1.0 1.0 1.0 1.0 1.0 1.0 1.0 1.0 1.0 1.0 1.0 1.0 1.0 1.0 1.0 1.0 1.0 1.0 1.0 1.0 1.0 1.0 1.0 1.0 1.0 1.0 1.0 1.0 1.0 1.0 1.0 
1.0 1.0 1.0 1.0 1.0 1.0 1.0 1.0 1.0 1.0 1.0 1.0 1.0 1.0 1.0 1.0 1.0 1.0 1.0 1.0 1.0 1.0 1.0 1.0 1.0 1.0 1.0 1.0 1.0 1.0 1.0 1.0 0.0 1.0 1.0 1.0 1.0 1.0 1.0 1.0 1.0 1.0 1.0 1.0 1.0 1.0 1.0 1.0 1.0 1.0 1.0 1.0 1.0 1.0 1.0 1.0 1.0 1.0 1.0 1.0 1.0 1.0 1.0 1.0 
1.0 1.0 1.0 1.0 1.0 1.0 1.0 1.0 1.0 1.0 1.0 1.0 1.0 1.0 1.0 1.0 1.0 1.0 1.0 1.0 1.0 1.0 1.0 1.0 1.0 1.0 1.0 1.0 1.0 1.0 1.0 1.0 1.0 0.0 1.0 1.0 1.0 1.0 1.0 1.0 1.0 1.0 1.0 1.0 1.0 1.0 1.0 1.0 1.0 1.0 1.0 1.0 1.0 1.0 1.0 1.0 1.0 1.0 1.0 1.0 1.0 1.0 1.0 1.0 
1.0 1.0 1.0 1.0 1.0 1.0 1.0 1.0 1.0 1.0 1.0 1.0 1.0 1.0 1.0 1.0 1.0 1.0 1.0 1.0 1.0 1.0 1.0 1.0 1.0 1.0 1.0 1.0 1.0 1.0 1.0 1.0 1.0 1.0 0.0 1.0 1.0 1.0 1.0 1.0 1.0 1.0 1.0 1.0 1.0 1.0 1.0 1.0 1.0 1.0 1.0 1.0 1.0 1.0 1.0 1.0 1.0 1.0 1.0 1.0 1.0 1.0 1.0 1.0 
1.0 1.0 1.0 1.0 1.0 1.0 1.0 1.0 1.0 1.0 1.0 1.0 1.0 1.0 1.0 1.0 1.0 1.0 1.0 1.0 1.0 1.0 1.0 1.0 1.0 1.0 1.0 1.0 1.0 1.0 1.0 1.0 1.0 1.0 1.0 0.0 1.0 1.0 1.0 1.0 1.0 1.0 1.0 1.0 1.0 1.0 1.0 1.0 1.0 1.0 1.0 1.0 1.0 1.0 1.0 1.0 1.0 1.0 1.0 1.0 1.0 1.0 1.0 1.0 
1.0 1.0 1.0 1.0 1.0 1.0 1.0 1.0 1.0 1.0 1.0 1.0 1.0 1.0 1.0 1.0 1.0 1.0 1.0 1.0 1.0 1.0 1.0 1.0 1.0 1.0 1.0 1.0 1.0 1.0 1.0 1.0 1.0 1.0 1.0 1.0 0.0 1.0 1.0 1.0 1.0 1.0 1.0 1.0 1.0 1.0 1.0 1.0 1.0 1.0 1.0 1.0 1.0 1.0 1.0 1.0 1.0 1.0 1.0 1.0 1.0 1.0 1.0 1.0 
1.0 1.0 1.0 1.0 1.0 1.0 1.0 1.0 1.0 1.0 1.0 1.0 1.0 1.0 1.0 1.0 1.0 1.0 1.0 1.0 1.0 1.0 1.0 1.0 1.0 1.0 1.0 1.0 1.0 1.0 1.0 1.0 1.0 1.0 1.0 1.0 1.0 0.0 1.0 1.0 1.0 1.0 1.0 1.0 1.0 1.0 1.0 1.0 1.0 1.0 1.0 1.0 1.0 1.0 1.0 1.0 1.0 1.0 1.0 1.0 1.0 1.0 1.0 1.0 
1.0 1.0 1.0 1.0 1.0 1.0 1.0 1.0 1.0 1.0 1.0 1.0 1.0 1.0 1.0 1.0 1.0 1.0 1.0 1.0 1.0 1.0 1.0 1.0 1.0 1.0 1.0 1.0 1.0 1.0 1.0 1.0 1.0 1.0 1.0 1.0 1.0 1.0 0.0 1.0 1.0 1.0 1.0 1.0 1.0 1.0 1.0 1.0 1.0 1.0 1.0 1.0 1.0 1.0 1.0 1.0 1.0 1.0 1.0 1.0 1.0 1.0 1.0 1.0 
1.0 1.0 1.0 1.0 1.0 1.0 1.0 1.0 1.0 1.0 1.0 1.0 1.0 1.0 1.0 1.0 1.0 1.0 1.0 1.0 1.0 1.0 1.0 1.0 1.0 1.0 1.0 1.0 1.0 1.0 1.0 1.0 1.0 1.0 1.0 1.0 1.0 1.0 1.0 0.0 1.0 1.0 1.0 1.0 1.0 1.0 1.0 1.0 1.0 1.0 1.0 1.0 1.0 1.0 1.0 1.0 1.0 1.0 1.0 1.0 1.0 1.0 1.0 1.0 
1.0 1.0 1.0 1.0 1.0 1.0 1.0 1.0 1.0 1.0 1.0 1.0 1.0 1.0 1.0 1.0 1.0 1.0 1.0 1.0 1.0 1.0 1.0 1.0 1.0 1.0 1.0 1.0 1.0 1.0 1.0 1.0 1.0 1.0 1.0 1.0 1.0 1.0 1.0 1.0 0.0 1.0 1.0 1.0 1.0 1.0 1.0 1.0 1.0 1.0 1.0 1.0 1.0 1.0 1.0 1.0 1.0 1.0 1.0 1.0 1.0 1.0 1.0 1.0 
1.0 1.0 1.0 1.0 1.0 1.0 1.0 1.0 1.0 1.0 1.0 1.0 1.0 1.0 1.0 1.0 1.0 1.0 1.0 1.0 1.0 1.0 1.0 1.0 1.0 1.0 1.0 1.0 1.0 1.0 1.0 1.0 1.0 1.0 1.0 1.0 1.0 1.0 1.0 1.0 1.0 0.0 1.0 1.0 1.0 1.0 1.0 1.0 1.0 1.0 1.0 1.0 1.0 1.0 1.0 1.0 1.0 1.0 1.0 1.0 1.0 1.0 1.0 1.0 
1.0 1.0 1.0 1.0 1.0 1.0 1.0 1.0 1.0 1.0 1.0 1.0 1.0 1.0 1.0 1.0 1.0 1.0 1.0 1.0 1.0 1.0 1.0 1.0 1.0 1.0 1.0 1.0 1.0 1.0 1.0 1.0 1.0 1.0 1.0 1.0 1.0 1.0 1.0 1.0 1.0 1.0 0.0 1.0 1.0 1.0 1.0 1.0 1.0 1.0 1.0 1.0 1.0 1.0 1.0 1.0 1.0 1.0 1.0 1.0 1.0 1.0 1.0 1.0 
1.0 1.0 1.0 1.0 1.0 1.0 1.0 1.0 1.0 1.0 1.0 1.0 1.0 1.0 1.0 1.0 1.0 1.0 1.0 1.0 1.0 1.0 1.0 1.0 1.0 1.0 1.0 1.0 1.0 1.0 1.0 1.0 1.0 1.0 1.0 1.0 1.0 1.0 1.0 1.0 1.0 1.0 1.0 0.0 1.0 1.0 1.0 1.0 1.0 1.0 1.0 1.0 1.0 1.0 1.0 1.0 1.0 1.0 1.0 1.0 1.0 1.0 1.0 1.0 
1.0 1.0 1.0 1.0 1.0 1.0 1.0 1.0 1.0 1.0 1.0 1.0 1.0 1.0 1.0 1.0 1.0 1.0 1.0 1.0 1.0 1.0 1.0 1.0 1.0 1.0 1.0 1.0 1.0 1.0 1.0 1.0 1.0 1.0 1.0 1.0 1.0 1.0 1.0 1.0 1.0 1.0 1.0 1.0 0.0 1.0 1.0 1.0 1.0 1.0 1.0 1.0 1.0 1.0 1.0 1.0 1.0 1.0 1.0 1.0 1.0 1.0 1.0 1.0 
1.0 1.0 1.0 1.0 1.0 1.0 1.0 1.0 1.0 1.0 1.0 1.0 1.0 1.0 1.0 1.0 1.0 1.0 1.0 1.0 1.0 1.0 1.0 1.0 1.0 1.0 1.0 1.0 1.0 1.0 1.0 1.0 1.0 1.0 1.0 1.0 1.0 1.0 1.0 1.0 1.0 1.0 1.0 1.0 1.0 0.0 1.0 1.0 1.0 1.0 1.0 1.0 1.0 1.0 1.0 1.0 1.0 1.0 1.0 1.0 1.0 1.0 1.0 1.0 
1.0 1.0 1.0 1.0 1.0 1.0 1.0 1.0 1.0 1.0 1.0 1.0 1.0 1.0 1.0 1.0 1.0 1.0 1.0 1.0 1.0 1.0 1.0 1.0 1.0 1.0 1.0 1.0 1.0 1.0 1.0 1.0 1.0 1.0 1.0 1.0 1.0 1.0 1.0 1.0 1.0 1.0 1.0 1.0 1.0 1.0 0.0 1.0 1.0 1.0 1.0 1.0 1.0 1.0 1.0 1.0 1.0 1.0 1.0 1.0 1.0 1.0 1.0 1.0 
1.0 1.0 1.0 1.0 1.0 1.0 1.0 1.0 1.0 1.0 1.0 1.0 1.0 1.0 1.0 1.0 1.0 1.0 1.0 1.0 1.0 1.0 1.0 1.0 1.0 1.0 1.0 1.0 1.0 1.0 1.0 1.0 1.0 1.0 1.0 1.0 1.0 1.0 1.0 1.0 1.0 1.0 1.0 1.0 1.0 1.0 1.0 0.0 1.0 1.0 1.0 1.0 1.0 1.0 1.0 1.0 1.0 1.0 1.0 1.0 1.0 1.0 1.0 1.0 
1.0 1.0 1.0 1.0 1.0 1.0 1.0 1.0 1.0 1.0 1.0 1.0 1.0 1.0 1.0 1.0 1.0 1.0 1.0 1.0 1.0 1.0 1.0 1.0 1.0 1.0 1.0 1.0 1.0 1.0 1.0 1.0 1.0 1.0 1.0 1.0 1.0 1.0 1.0 1.0 1.0 1.0 1.0 1.0 1.0 1.0 1.0 1.0 0.0 1.0 1.0 1.0 1.0 1.0 1.0 1.0 1.0 1.0 1.0 1.0 1.0 1.0 1.0 1.0 
1.0 1.0 1.0 1.0 1.0 1.0 1.0 1.0 1.0 1.0 1.0 1.0 1.0 1.0 1.0 1.0 1.0 1.0 1.0 1.0 1.0 1.0 1.0 1.0 1.0 1.0 1.0 1.0 1.0 1.0 1.0 1.0 1.0 1.0 1.0 1.0 1.0 1.0 1.0 1.0 1.0 1.0 1.0 1.0 1.0 1.0 1.0 1.0 1.0 0.0 1.0 1.0 1.0 1.0 1.0 1.0 1.0 1.0 1.0 1.0 1.0 1.0 1.0 1.0 
1.0 1.0 1.0 1.0 1.0 1.0 1.0 1.0 1.0 1.0 1.0 1.0 1.0 1.0 1.0 1.0 1.0 1.0 1.0 1.0 1.0 1.0 1.0 1.0 1.0 1.0 1.0 1.0 1.0 1.0 1.0 1.0 1.0 1.0 1.0 1.0 1.0 1.0 1.0 1.0 1.0 1.0 1.0 1.0 1.0 1.0 1.0 1.0 1.0 1.0 0.0 1.0 1.0 1.0 1.0 1.0 1.0 1.0 1.0 1.0 1.0 1.0 1.0 1.0 
1.0 1.0 1.0 1.0 1.0 1.0 1.0 1.0 1.0 1.0 1.0 1.0 1.0 1.0 1.0 1.0 1.0 1.0 1.0 1.0 1.0 1.0 1.0 1.0 1.0 1.0 1.0 1.0 1.0 1.0 1.0 1.0 1.0 1.0 1.0 1.0 1.0 1.0 1.0 1.0 1.0 1.0 1.0 1.0 1.0 1.0 1.0 1.0 1.0 1.0 1.0 0.0 1.0 1.0 1.0 1.0 1.0 1.0 1.0 1.0 1.0 1.0 1.0 1.0 
1.0 1.0 1.0 1.0 1.0 1.0 1.0 1.0 1.0 1.0 1.0 1.0 1.0 1.0 1.0 1.0 1.0 1.0 1.0 1.0 1.0 1.0 1.0 1.0 1.0 1.0 1.0 1.0 1.0 1.0 1.0 1.0 1.0 1.0 1.0 1.0 1.0 1.0 1.0 1.0 1.0 1.0 1.0 1.0 1.0 1.0 1.0 1.0 1.0 1.0 1.0 1.0 0.0 1.0 1.0 1.0 1.0 1.0 1.0 1.0 1.0 1.0 1.0 1.0 
1.0 1.0 1.0 1.0 1.0 1.0 1.0 1.0 1.0 1.0 1.0 1.0 1.0 1.0 1.0 1.0 1.0 1.0 1.0 1.0 1.0 1.0 1.0 1.0 1.0 1.0 1.0 1.0 1.0 1.0 1.0 1.0 1.0 1.0 1.0 1.0 1.0 1.0 1.0 1.0 1.0 1.0 1.0 1.0 1.0 1.0 1.0 1.0 1.0 1.0 1.0 1.0 1.0 0.0 1.0 1.0 1.0 1.0 1.0 1.0 1.0 1.0 1.0 1.0 
1.0 1.0 1.0 1.0 1.0 1.0 1.0 1.0 1.0 1.0 1.0 1.0 1.0 1.0 1.0 1.0 1.0 1.0 1.0 1.0 1.0 1.0 1.0 1.0 1.0 1.0 1.0 1.0 1.0 1.0 1.0 1.0 1.0 1.0 1.0 1.0 1.0 1.0 1.0 1.0 1.0 1.0 1.0 1.0 1.0 1.0 1.0 1.0 1.0 1.0 1.0 1.0 1.0 1.0 0.0 1.0 1.0 1.0 1.0 1.0 1.0 1.0 1.0 1.0 
1.0 1.0 1.0 1.0 1.0 1.0 1.0 1.0 1.0 1.0 1.0 1.0 1.0 1.0 1.0 1.0 1.0 1.0 1.0 1.0 1.0 1.0 1.0 1.0 1.0 1.0 1.0 1.0 1.0 1.0 1.0 1.0 1.0 1.0 1.0 1.0 1.0 1.0 1.0 1.0 1.0 1.0 1.0 1.0 1.0 1.0 1.0 1.0 1.0 1.0 1.0 1.0 1.0 1.0 1.0 0.0 1.0 1.0 1.0 1.0 1.0 1.0 1.0 1.0 
1.0 1.0 1.0 1.0 1.0 1.0 1.0 1.0 1.0 1.0 1.0 1.0 1.0 1.0 1.0 1.0 1.0 1.0 1.0 1.0 1.0 1.0 1.0 1.0 1.0 1.0 1.0 1.0 1.0 1.0 1.0 1.0 1.0 1.0 1.0 1.0 1.0 1.0 1.0 1.0 1.0 1.0 1.0 1.0 1.0 1.0 1.0 1.0 1.0 1.0 1.0 1.0 1.0 1.0 1.0 1.0 0.0 1.0 1.0 1.0 1.0 1.0 1.0 1.0 
1.0 1.0 1.0 1.0 1.0 1.0 1.0 1.0 1.0 1.0 1.0 1.0 1.0 1.0 1.0 1.0 1.0 1.0 1.0 1.0 1.0 1.0 1.0 1.0 1.0 1.0 1.0 1.0 1.0 1.0 1.0 1.0 1.0 1.0 1.0 1.0 1.0 1.0 1.0 1.0 1.0 1.0 1.0 1.0 1.0 1.0 1.0 1.0 1.0 1.0 1.0 1.0 1.0 1.0 1.0 1.0 1.0 0.0 1.0 1.0 1.0 1.0 1.0 1.0 
1.0 1.0 1.0 1.0 1.0 1.0 1.0 1.0 1.0 1.0 1.0 1.0 1.0 1.0 1.0 1.0 1.0 1.0 1.0 1.0 1.0 1.0 1.0 1.0 1.0 1.0 1.0 1.0 1.0 1.0 1.0 1.0 1.0 1.0 1.0 1.0 1.0 1.0 1.0 1.0 1.0 1.0 1.0 1.0 1.0 1.0 1.0 1.0 1.0 1.0 1.0 1.0 1.0 1.0 1.0 1.0 1.0 1.0 0.0 1.0 1.0 1.0 1.0 1.0 
1.0 1.0 1.0 1.0 1.0 1.0 1.0 1.0 1.0 1.0 1.0 1.0 1.0 1.0 1.0 1.0 1.0 1.0 1.0 1.0 1.0 1.0 1.0 1.0 1.0 1.0 1.0 1.0 1.0 1.0 1.0 1.0 1.0 1.0 1.0 1.0 1.0 1.0 1.0 1.0 1.0 1.0 1.0 1.0 1.0 1.0 1.0 1.0 1.0 1.0 1.0 1.0 1.0 1.0 1.0 1.0 1.0 1.0 1.0 0.0 1.0 1.0 1.0 1.0 
1.0 1.0 1.0 1.0 1.0 1.0 1.0 1.0 1.0 1.0 1.0 1.0 1.0 1.0 1.0 1.0 1.0 1.0 1.0 1.0 1.0 1.0 1.0 1.0 1.0 1.0 1.0 1.0 1.0 1.0 1.0 1.0 1.0 1.0 1.0 1.0 1.0 1.0 1.0 1.0 1.0 1.0 1.0 1.0 1.0 1.0 1.0 1.0 1.0 1.0 1.0 1.0 1.0 1.0 1.0 1.0 1.0 1.0 1.0 1.0 0.0 1.0 1.0 1.0 
1.0 1.0 1.0 1.0 1.0 1.0 1.0 1.0 1.0 1.0 1.0 1.0 1.0 1.0 1.0 1.0 1.0 1.0 1.0 1.0 1.0 1.0 1.0 1.0 1.0 1.0 1.0 1.0 1.0 1.0 1.0 1.0 1.0 1.0 1.0 1.0 1.0 1.0 1.0 1.0 1.0 1.0 1.0 1.0 1.0 1.0 1.0 1.0 1.0 1.0 1.0 1.0 1.0 1.0 1.0 1.0 1.0 1.0 1.0 1.0 1.0 0.0 1.0 1.0 
1.0 1.0 1.0 1.0 1.0 1.0 1.0 1.0 1.0 1.0 1.0 1.0 1.0 1.0 1.0 1.0 1.0 1.0 1.0 1.0 1.0 1.0 1.0 1.0 1.0 1.0 1.0 1.0 1.0 1.0 1.0 1.0 1.0 1.0 1.0 1.0 1.0 1.0 1.0 1.0 1.0 1.0 1.0 1.0 1.0 1.0 1.0 1.0 1.0 1.0 1.0 1.0 1.0 1.0 1.0 1.0 1.0 1.0 1.0 1.0 1.0 1.0 0.0 1.0 
1.0 1.0 1.0 1.0 1.0 1.0 1.0 1.0 1.0 1.0 1.0 1.0 1.0 1.0 1.0 1.0 1.0 1.0 1.0 1.0 1.0 1.0 1.0 1.0 1.0 1.0 1.0 1.0 1.0 1.0 1.0 1.0 1.0 1.0 1.0 1.0 1.0 1.0 1.0 1.0 1.0 1.0 1.0 1.0 1.0 1.0 1.0 1.0 1.0 1.0 1.0 1.0 1.0 1.0 1.0 1.0 1.0 1.0 1.0 1.0 1.0 1.0 1.0 0.0 