64
56 34 30 45 29 10 4 71 77 53 26 68 27 37 28 18 87 3 68 78 64 12 33 41 62 37 76 79 97 13 52 39 9 14 18 31 39 59 1 95 4 84 36 100 8 40 8 82 37 14 21 82 79 91 29 9 99 59 76 40 35 58 8 37 
82 64 98 90 70 67 99 54 9 12 12 76 56 52 98 4 65 65 22 84 11 27 12 83 19 46 65 24 62 93 45 47 79 6 80 73 48 67 84 57 30 57 3 38 81 30 51 67 24 51 37 60 27 41 99 21 75 55 53 74 78 22 49 19 
61 9 16 66 78 60 86 8 40 77 74 49 47 79 54 89 59 67 70 11 73 74 37 18 41 66 45 19 17 28 12 6 66 12 55 51 14 50 31 26 80 36 3 80 32 2 93 85 46 85 14 85 46 32 6 46 4 87 63 29 84 92 48 67 
14 99 80 63 40 30 21 100 13 92 55 33 84 93 78 90 15 82 95 15 5 79 36 60 30 69 72 98 18 2 49 11 19 33 74 53 12 82 49 88 21 31 11 60 59 81 38 63 60 35 46 36 9 24 46 31 99 6 62 8 44 62 35 49 
82 32 47 71 8 77 26 60 37 80 48 59 38 71 37 39 31 51 14 38 7 19 77 70 85 38 84 86 17 80 2 7 25 47 80 73 70 25 46 11 26 87 32 47 62 26 30 99 52 95 7 22 12 69 71 41 57 37 73 33 7 72 86 49 
40 54 100 27 10 16 26 78 64 68 77 48 29 85 91 41 26 84 22 9 66 26 60 24 66 65 2 6 38 10 43 79 49 23 11 34 87 92 36 43 67 37 60 26 37 43 81 35 98 70 32 49 21 43 95 23 53 16 88 61 69 85 48 21 
36 100 38 79 26 96 60 11 65 87 91 7 37 60 7 85 41 83 46 80 61 69 14 40 74 3 44 42 15 3 92 75 10 2 59 4 32 25 8 11 54 74 22 82 33 48 96 52 4 32 23 65 62 87 34 82 35 58 32 65 40 70 87 64 
38 85 2 81 37 87 23 60 26 18 67 40 49 88 54 51 71 33 25 19 63 85 54 22 84 43 90 82 84 5 15 94 98 38 35 34 4 67 79 81 51 54 9 18 89 88 69 22 28 93 29 77 94 8 32 22 47 53 70 90 99 8 71 66 
50 64 67 87 77 32 30 62 78 78 81 46 38 97 77 71 22 45 59 13 27 37 16 39 94 50 65 9 43 19 22 76 7 61 3 79 25 57 71 24 15 57 58 5 74 54 72 70 63 2 43 92 19 10 91 28 23 50 57 45 42 7 35 81 
57 86 29 77 88 85 17 66 64 18 87 7 58 5 79 31 65 11 86 1 80 40 90 80 58 54 86 97 56 58 83 36 32 68 75 84 27 99 56 7 25 25 77 70 36 48 52 61 12 16 55 85 16 18 16 64 55 28 45 52 3 14 84 32 
90 43 94 27 33 94 96 52 96 81 32 52 66 99 42 90 99 91 24 63 16 33 10 21 25 25 90 8 14 94 88 36 28 92 96 31 83 64 69 56 86 36 39 16 72 6 14 37 60 32 31 33 2 24 52 54 34 23 81 5 28 17 18 82 
57 46 59 82 76 54 39 77 60 55 57 71 88 40 26 4 44 79 38 39 89 78 50 15 1 26 91 93 99 35 16 75 76 63 72 88 95 98 87 91 31 54 67 34 52 52 67 46 78 32 59 70 97 28 98 19 81 24 12 60 87 74 56 53 
41 60 45 67 5 13 1 83 70 40 39 65 78 65 75 16 75 96 89 3 51 22 27 60 73 2 56 94 28 99 5 25 98 60 38 9 34 7 52 97 93 35 77 9 20 34 79 26 14 57 11 29 82 98 73 37 28 17 13 18 79 96 15 96 
27 97 47 91 79 89 17 29 63 55 67 61 85 92 82 20 62 51 66 9 7 56 18 55 68 45 7 8 89 68 57 24 29 19 16 100 8 94 10 6 71 3 73 18 3 18 62 93 61 33 18 43 26 51 27 81 17 12 64 37 44 78 31 33 
50 73 94 40 16 73 59 96 27 63 57 26 90 21 18 50 95 87 63 51 5 5 53 46 72 18 80 65 9 6 30 88 28 99 14 81 32 44 65 35 78 16 29 97 42 19 84 81 6 68 32 16 27 12 25 43 38 34 74 73 39 66 15 31 
50 37 51 96 65 34 36 50 38 94 89 30 39 95 27 38 72 66 76 52 33 89 51 36 99 75 61 2 97 52 52 50 41 7 47 99 5 92 97 33 24 65 45 53 22 7 18 27 42 43 92 48 46 71 90 16 29 42 24 89 79 54 100 38 
93 1 5 8 86 84 33 58 35 23 16 30 11 46 64 66 49 95 6 8 24 78 11 96 48 81 6 42 88 80 6 17 15 27 62 78 59 77 97 96 24 48 49 98 48 8 91 6 52 32 22 84 93 30 75 10 3 31 89 56 18 83 46 13 
55 17 31 36 13 55 94 73 97 75 20 51 19 71 51 79 10 16 88 27 63 80 64 91 79 70 73 28 45 67 46 80 58 2 83 61 47 11 16 53 84 6 76 98 78 91 70 10 75 62 51 5 88 81 79 24 10 65 15 76 27 40 2 69 
9 80 33 70 85 31 60 83 45 87 4 9 32 50 18 63 19 94 55 14 32 36 45 45 17 7 61 92 26 58 59 51 75 99 87 88 26 78 13 70 29 25 65 70 68 21 96 84 85 31 19 16 24 97 8 89 55 19 91 6 49 29 7 55 
89 5 84 40 21 82 97 61 55 8 67 37 81 24 53 32 66 69 87 66 61 4 36 31 87 89 12 89 67 18 36 98 59 9 52 93 50 12 93 80 2 90 51 47 61 62 80 37 20 7 23 43 80 55 42 29 86 71 35 94 75 25 56 23 
33 42 81 55 52 81 28 56 30 39 94 66 85 18 74 48 38 92 28 65 72 49 56 77 84 91 63 89 78 1 22 20 13 75 46 86 44 83 42 14 33 71 87 85 89 67 56 12 22 67 17 38 70 93 80 88 82 61 28 49 51 96 97 15 
53 67 50 98 74 48 11 56 62 61 17 28 7 69 82 91 10 84 89 2 55 18 92 36 76 80 6 45 4 51 86 5 98 8 53 31 73 63 45 18 28 97 63 83 71 18 7 22 12 64 37 79 42 53 25 79 89 4 89 18 15 13 51 76 
45 95 47 53 35 23 72 35 4 70 63 86 99 46 90 49 15 59 50 13 30 28 30 89 64 69 25 75 8 64 12 31 100 89 88 42 61 57 24 88 23 37 66 38 13 91 38 47 32 51 38 26 4 6 69 6 49 84 59 67 46 87 46 89 
87 69 94 4 17 97 90 80 59 63 70 97 60 33 55 55 69 27 7 95 97 98 65 53 42 51 33 62 97 48 32 86 41 54 52 9 58 54 58 68 78 13 13 52 26 94 41 9 10 70 97 65 69 99 78 46 28 81 93 3 90 79 56 96 
63 43 90 44 92 27 70 2 75 19 82 37 78 61 50 62 69 51 45 33 32 49 41 5 29 68 6 21 3 91 88 4 81 6 87 78 23 35 15 13 43 37 57 4 13 33 60 84 78 48 34 20 5 37 52 47 48 68 46 14 31 62 18 27 
24 5 16 57 83 39 35 62 70 25 74 89 99 5 90 60 74 61 74 42 35 40 23 55 30 54 56 83 13 76 36 61 16 12 62 49 26 17 85 96 96 97 15 83 73 89 18 5 67 58 97 38 53 96 65 39 36 38 59 72 69 16 54 34 
11 6 40 59 49 95 36 17 21 80 54 51 56 62 39 98 94 84 24 61 74 95 31 37 76 73 62 32 19 17 52 82 2 19 80 56 47 91 26 34 65 96 91 27 99 54 70 89 59 31 42 83 55 1 8 93 25 12 49 3 57 19 6 12 
70 52 27 16 31 18 39 53 18 98 11 100 31 84 1 42 41 48 10 7 45 21 96 80 87 34 15 90 48 60 34 100 33 89 57 14 42 20 25 48 30 56 7 7 24 50 82 81 71 89 39 93 4 30 30 59 25 55 75 6 16 64 50 14 
66 32 42 25 37 28 38 21 23 49 8 48 71 46 17 27 47 19 16 63 68 7 9 67 46 77 36 15 69 43 73 44 98 31 90 8 73 21 17 84 15 81 4 69 98 21 61 49 20 19 93 37 54 10 3 26 71 72 81 62 14 14 27 6 
47 89 41 88 68 66 91 91 99 73 73 72 1 78 22 61 92 31 77 79 56 20 73 42 41 22 13 25 28 92 32 59 96 8 79 94 69 59 37 77 59 4 41 29 49 70 49 91 81 72 81 5 18 76 91 43 52 18 62 13 87 73 69 95 
67 51 21 7 67 95 30 16 89 18 28 56 24 23 27 24 37 97 63 99 87 39 83 12 67 52 26 55 81 50 46 56 85 26 91 1 14 8 4 46 4 36 43 26 89 21 89 47 53 92 100 72 3 87 64 80 13 17 38 26 37 72 87 87 
49 38 77 86 27 19 82 56 59 42 91 26 50 79 26 62 33 95 88 13 32 35 13 7 34 64 63 93 88 80 86 73 4 25 26 8 74 15 21 80 94 46 23 91 56 53 90 55 69 42 58 16 49 10 58 15 10 96 71 38 22 26 92 70 
36 30 42 86 15 71 22 10 71 84 29 2 7 11 80 50 51 68 33 63 17 68 53 40 86 32 75 65 32 41 33 6 31 21 60 73 20 92 46 42 68 26 8 75 97 49 8 97 100 18 37 99 4 52 32 23 38 84 73 89 88 64 66 36 
55 9 88 13 67 53 13 35 31 7 48 61 100 83 87 80 33 25 4 72 85 15 7 22 71 83 62 30 16 95 76 94 30 85 33 73 58 19 3 42 67 46 92 28 12 71 52 64 38 17 45 78 65 91 54 57 90 94 44 52 65 38 41 37 
1 95 18 66 31 27 47 33 84 66 59 15 90 86 30 68 42 80 100 27 70 40 80 40 98 89 30 97 78 92 70 70 28 31 31 94 25 67 41 19 70 65 17 8 36 16 94 35 29 69 88 36 80 89 46 43 11 15 21 59 55 48 85 28 
29 8 98 5 19 25 75 30 31 79 94 90 39 86 23 91 92 52 50 80 95 46 93 39 34 18 25 94 7 5 32 15 12 20 84 64 57 95 96 77 11 42 77 94 78 25 99 66 37 65 55 11 1 91 44 94 40 86 8 62 71 74 64 98 
56 11 74 64 60 94 88 91 18 20 69 26 83 85 42 64 45 54 73 59 100 48 40 35 57 66 22 64 83 55 14 18 60 53 88 42 43 99 35 6 65 36 6 90 3 40 82 85 70 81 50 71 49 35 42 59 31 88 91 75 11 20 96 26 
85 93 44 87 7 62 97 90 95 79 5 29 5 22 43 54 56 72 73 49 68 99 49 95 13 24 13 68 100 53 3 68 14 54 68 11 33 51 45 75 58 96 69 86 37 49 28 36 62 35 36 6 68 10 72 1 37 4 77 21 20 91 89 16 
76 26 82 82 86 52 69 96 89 99 20 89 50 56 71 6 49 30 4 51 2 65 65 26 22 69 94 18 23 53 14 21 84 33 12 96 46 31 96 50 38 78 92 55 12 27 86 76 64 53 64 65 72 93 32 72 66 27 83 73 52 44 24 95 
88 52 100 18 76 22 64 36 20 82 12 66 43 6 29 38 12 29 64 96 10 19 47 40 85 52 18 87 13 88 59 100 65 57 12 11 94 16 74 64 49 40 93 30 57 51 7 60 95 20 66 13 17 62 31 84 67 6 89 33 92 54 69 63 
46 26 12 29 51 23 32 45 42 10 91 94 53 61 92 11 76 29 97 72 12 53 68 18 55 28 64 51 9 59 68 8 83 38 47 41 4 48 20 21 90 38 69 36 80 42 23 34 75 44 73 95 13 55 5 41 34 25 12 15 87 97 52 43 
61 96 26 82 48 29 9 14 3 64 45 32 45 51 35 10 9 15 84 40 11 67 89 23 93 32 34 54 61 56 8 45 16 77 16 11 88 65 25 89 7 28 36 44 27 97 96 51 14 74 87 98 36 81 71 70 40 4 13 9 10 41 91 38 
18 42 90 1 88 15 20 65 20 53 48 83 80 96 97 28 30 21 38 20 91 94 95 87 82 60 97 54 32 67 47 36 51 56 3 3 58 10 50 92 9 2 26 96 20 8 85 1 93 21 40 93 80 73 67 91 89 92 49 51 37 47 36 53 
14 68 24 58 79 54 17 2 97 49 16 98 43 28 74 86 40 67 8 23 49 66 45 63 67 70 20 75 89 2 37 2 37 51 22 2 19 40 42 15 1 41 88 30 72 16 10 22 1 66 92 22 42 77 62 17 84 99 6 79 91 18 34 38 
72 90 61 97 67 29 78 89 71 66 56 80 55 33 25 87 72 34 98 100 15 95 35 29 16 7 49 94 66 50 49 40 91 38 57 78 7 24 91 22 40 66 23 46 93 63 41 62 4 45 69 13 32 40 79 48 4 67 14 18 61 65 24 98 
13 46 100 2 49 51 80 51 55 5 88 28 27 22 72 58 39 30 86 38 11 51 68 22 11 80 80 26 16 59 79 52 42 24 36 13 11 12 78 67 20 69 6 38 78 2 15 93 64 23 41 49 90 46 8 56 26 26 33 46 56 16 74 33 
6 36 26 6 99 38 31 42 17 52 90 79 60 49 88 41 7 72 53 7 91 46 54 43 77 38 53 69 29 89 59 11 17 93 85 37 10 97 1 37 100 24 14 87 56 22 30 8 43 2 92 5 53 91 32 73 20 42 7 14 2 28 84 56 
54 41 6 27 59 70 38 19 92 22 27 64 100 78 28 39 98 78 42 32 31 100 18 42 74 25 94 100 33 80 50 69 98 30 84 5 41 29 32 72 36 61 56 94 18 26 31 11 43 56 31 78 45 25 58 84 67 86 19 31 34 5 94 10 
41 67 36 40 64 50 42 76 92 45 95 47 96 47 39 86 6 58 42 72 29 63 17 59 74 11 19 84 2 38 84 20 22 2 22 99 75 62 98 59 56 29 97 97 28 55 98 77 98 56 24 87 15 45 81 19 82 84 7 71 16 31 10 76 
9 66 53 34 11 81 39 38 64 51 88 60 90 20 88 85 17 90 85 68 98 59 55 14 19 77 99 4 39 62 81 41 36 88 93 76 76 83 66 72 78 44 74 13 45 84 44 45 68 93 77 13 50 70 33 75 74 91 42 26 72 86 77 72 
31 51 14 95 61 53 28 46 18 97 10 98 77 2 27 56 7 4 85 38 93 41 43 76 78 73 92 51 9 26 11 60 64 81 50 39 9 84 73 46 63 83 68 29 86 100 55 37 23 29 10 66 9 77 28 82 51 55 78 17 84 28 42 70 
80 7 26 33 20 56 51 63 77 84 74 35 54 19 66 60 90 40 26 42 49 84 38 69 3 77 74 88 47 69 62 67 87 95 80 26 68 81 71 93 31 30 21 63 83 39 46 88 71 39 21 14 50 65 38 84 17 44 41 48 98 93 88 90 
37 36 11 64 66 100 42 95 39 2 59 27 36 47 95 100 83 69 79 13 11 83 18 89 94 56 49 24 55 76 18 24 76 100 51 4 96 33 94 29 100 8 35 53 94 30 73 98 76 6 53 65 88 41 92 81 75 54 94 81 77 79 45 59 
80 99 12 91 72 71 56 9 30 65 25 12 99 71 100 79 88 35 59 34 65 97 97 30 66 53 35 87 86 84 61 94 51 93 33 57 40 57 54 86 22 64 49 31 58 34 67 57 86 46 63 11 23 92 5 56 68 53 8 17 44 50 46 29 
10 95 20 43 10 79 28 39 14 15 34 27 73 7 26 93 3 90 46 13 21 3 71 29 22 1 41 49 84 39 63 77 35 68 62 72 86 96 82 63 52 33 7 81 97 5 21 67 11 27 60 8 80 32 47 56 79 65 21 20 17 39 15 92 
51 19 17 80 85 91 8 12 64 13 62 15 61 82 63 66 44 80 10 16 69 22 22 31 24 13 91 48 34 40 22 42 52 46 7 54 43 19 28 14 5 47 92 2 100 97 50 47 68 53 36 18 19 54 91 30 1 39 45 50 26 44 60 15 
6 53 44 8 71 81 63 85 34 70 14 94 77 2 22 54 45 88 94 68 81 92 25 13 85 67 28 26 12 79 100 62 61 98 9 61 71 18 16 98 41 86 82 96 50 67 1 31 65 53 39 47 40 49 4 71 68 2 46 59 56 77 90 91 
48 33 63 94 22 32 2 67 28 91 31 56 69 45 66 75 97 66 74 50 67 98 98 19 95 15 60 30 23 52 88 9 5 5 33 52 59 42 29 96 43 31 66 62 33 41 62 1 65 51 13 47 27 56 53 9 31 79 91 75 52 58 43 65 
20 60 60 63 35 3 87 41 42 86 95 24 90 49 47 11 89 11 99 90 91 86 60 97 6 22 45 69 4 15 8 11 93 89 26 62 83 49 28 30 23 21 88 61 30 69 38 71 76 27 40 45 64 60 75 82 85 46 81 4 81 71 21 17 
47 2 18 53 65 39 5 50 74 51 72 51 86 76 77 56 100 23 29 25 34 34 56 62 90 42 58 43 89 48 63 90 14 63 84 40 8 65 63 85 5 96 81 74 32 96 1 71 48 15 31 35 28 1 30 71 73 28 63 11 50 58 41 12 
86 68 45 77 20 14 15 62 33 41 1 67 26 29 81 78 91 65 11 24 25 17 78 39 18 23 52 92 39 38 60 40 99 67 21 69 84 17 81 49 76 63 29 50 30 24 88 8 34 51 55 97 28 76 97 30 90 100 51 38 16 84 78 34 
81 38 10 8 87 37 17 81 94 9 54 57 90 48 46 17 32 74 53 39 82 34 86 5 4 19 33 93 38 51 42 19 44 37 78 77 72 29 97 63 43 51 8 88 62 73 21 56 75 57 67 99 31 62 96 77 57 58 84 99 95 85 1 40 
61 50 50 93 56 89 43 20 82 92 33 8 47 7 94 94 37 18 78 8 32 28 46 34 57 75 15 6 38 41 13 17 34 99 83 67 87 8 25 53 62 43 45 20 90 51 79 19 87 8 11 8 92 71 71 43 11 17 34 32 44 35 93 74 
51 12 82 2 88 97 54 51 43 87 49 77 8 56 79 62 61 66 7 61 99 72 86 32 46 99 34 79 2 52 20 95 56 89 79 39 43 21 34 51 64 11 92 74 92 46 83 18 16 46 91 82 32 62 1 45 76 63 61 16 21 41 5 79 
0.0 1.0 1.0 1.0 1.0 1.0 1.0 1.0 1.0 1.0 1.0 1.0 1.0 1.0 1.0 1.0 1.0 1.0 1.0 1.0 1.0 1.0 1.0 1.0 1.0 1.0 1.0 1.0 1.0 1.0 1.0 1.0 1.0 1.0 1.0 1.0 1.0 1.0 1.0 1.0 1.0 1.0 1.0 1.0 1.0 1.0 1.0 1.0 1.0 1.0 1.0 1.0 1.0 1.0 1.0 1.0 1.0 1.0 1.0 1.0 1.0 1.0 1.0 1.0 
1.0 0.0 1.0 1.0 1.0 1.0 1.0 1.0 1.0 1.0 1.0 1.0 1.0 1.0 1.0 1.0 1.0 1.0 1.0 1.0 1.0 1.0 1.0 1.0 1.0 1.0 1.0 1.0 1.0 1.0 1.0 1.0 1.0 1.0 1.0 1.0 1.0 1.0 1.0 1.0 1.0 1.0 1.0 1.0 1.0 1.0 1.0 1.0 1.0 1.0 1.0 1.0 1.0 1.0 1.0 1.0 1.0 1.0 1.0 1.0 1.0 1.0 1.0 1.0 
1.0 1.0 0.0 1.0 1.0 1.0 1.0 1.0 1.0 1.0 1.0 1.0 1.0 1.0 1.0 1.0 1.0 1.0 1.0 1.0 1.0 1.0 1.0 1.0 1.0 1.0 1.0 1.0 1.0 1.0 1.0 1.0 1.0 1.0 1.0 1.0 1.0 1.0 1.0 1.0 1.0 1.0 1.0 1.0 1.0 1.0 1.0 1.0 1.0 1.0 1.0 1.0 1.0 1.0 1.0 1.0 1.0 1.0 1.0 1.0 1.0 1.0 1.0 1.0 
1.0 1.0 1.0 0.0 1.0 1.0 1.0 1.0 1.0 1.0 1.0 1.0 1.0 1.0 1.0 1.0 1.0 1.0 1.0 1.0 1.0 1.0 1.0 1.0 1.0 1.0 1.0 1.0 1.0 1.0 1.0 1.0 1.0 1.0 1.0 1.0 1.0 1.0 1.0 1.0 1.0 1.0 1.0 1.0 1.0 1.0 1.0 1.0 1.0 1.0 1.0 1.0 1.0 1.0 1.0 1.0 1.0 1.0 1.0 1.0 1.0 1.0 1.0 1.0 
1.0 1.0 1.0 1.0 0.0 1.0 1.0 1.0 1.0 1.0 1.0 1.0 1.0 1.0 1.0 1.0 1.0 1.0 1.0 1.0 1.0 1.0 1.0 1.0 1.0 1.0 1.0 1.0 1.0 1.0 1.0 1.0 1.0 1.0 1.0 1.0 1.0 1.0 1.0 1.0 1.0 1.0 1.0 1.0 1.0 1.0 1.0 1.0 1.0 1.0 1.0 1.0 1.0 1.0 1.0 1.0 1.0 1.0 1.0 1.0 1.0 1.0 1.0 1.0 
1.0 1.0 1.0 1.0 1.0 0.0 1.0 1.0 1.0 1.0 1.0 1.0 1.0 1.0 1.0 1.0 1.0 1.0 1.0 1.0 1.0 1.0 1.0 1.0 1.0 1.0 1.0 1.0 1.0 1.0 1.0 1.0 1.0 1.0 1.0 1.0 1.0 1.0 1.0 1.0 1.0 1.0 1.0 1.0 1.0 1.0 1.0 1.0 1.0 1.0 1.0 1.0 1.0 1.0 1.0 1.0 1.0 1.0 1.0 1.0 1.0 1.0 1.0 1.0 
1.0 1.0 1.0 1.0 1.0 1.0 0.0 1.0 1.0 1.0 1.0 1.0 1.0 1.0 1.0 1.0 1.0 1.0 1.0 1.0 1.0 1.0 1.0 1.0 1.0 1.0 1.0 1.0 1.0 1.0 1.0 1.0 1.0 1.0 1.0 1.0 1.0 1.0 1.0 1.0 1.0 1.0 1.0 1.0 1.0 1.0 1.0 1.0 1.0 1.0 1.0 1.0 1.0 1.0 1.0 1.0 1.0 1.0 1.0 1.0 1.0 1.0 1.0 1.0 
1.0 1.0 1.0 1.0 1.0 1.0 1.0 0.0 1.0 1.0 1.0 1.0 1.0 1.0 1.0 1.0 1.0 1.0 1.0 1.0 1.0 1.0 1.0 1.0 1.0 1.0 1.0 1.0 1.0 1.0 1.0 1.0 1.0 1.0 1.0 1.0 1.0 1.0 1.0 1.0 1.0 1.0 1.0 1.0 1.0 1.0 1.0 1.0 1.0 1.0 1.0 1.0 1.0 1.0 1.0 1.0 1.0 1.0 1.0 1.0 1.0 1.0 1.0 1.0 
1.0 1.0 1.0 1.0 1.0 1.0 1.0 1.0 0.0 1.0 1.0 1.0 1.0 1.0 1.0 1.0 1.0 1.0 1.0 1.0 1.0 1.0 1.0 1.0 1.0 1.0 1.0 1.0 1.0 1.0 1.0 1.0 1.0 1.0 1.0 1.0 1.0 1.0 1.0 1.0 1.0 1.0 1.0 1.0 1.0 1.0 1.0 1.0 1.0 1.0 1.0 1.0 1.0 1.0 1.0 1.0 1.0 1.0 1.0 1.0 1.0 1.0 1.0 1.0 
1.0 1.0 1.0 1.0 1.0 1.0 1.0 1.0 1.0 0.0 1.0 1.0 1.0 1.0 1.0 1.0 1.0 1.0 1.0 1.0 1.0 1.0 1.0 1.0 1.0 1.0 1.0 1.0 1.0 1.0 1.0 1.0 1.0 1.0 1.0 1.0 1.0 1.0 1.0 1.0 1.0 1.0 1.0 1.0 1.0 1.0 1.0 1.0 1.0 1.0 1.0 1.0 1.0 1.0 1.0 1.0 1.0 1.0 1.0 1.0 1.0 1.0 1.0 1.0 
1.0 1.0 1.0 1.0 1.0 1.0 1.0 1.0 1.0 1.0 0.0 1.0 1.0 1.0 1.0 1.0 1.0 1.0 1.0 1.0 1.0 1.0 1.0 1.0 1.0 1.0 1.0 1.0 1.0 1.0 1.0 1.0 1.0 1.0 1.0 1.0 1.0 1.0 1.0 1.0 1.0 1.0 1.0 1.0 1.0 1.0 1.0 1.0 1.0 1.0 1.0 1.0 1.0 1.0 1.0 1.0 1.0 1.0 1.0 1.0 1.0 1.0 1.0 1.0 
1.0 1.0 1.0 1.0 1.0 1.0 1.0 1.0 1.0 1.0 1.0 0.0 1.0 1.0 1.0 1.0 1.0 1.0 1.0 1.0 1.0 1.0 1.0 1.0 1.0 1.0 1.0 1.0 1.0 1.0 1.0 1.0 1.0 1.0 1.0 1.0 1.0 1.0 1.0 1.0 1.0 1.0 1.0 1.0 1.0 1.0 1.0 1.0 1.0 1.0 1.0 1.0 1.0 1.0 1.0 1.0 1.0 1.0 1.0 1.0 1.0 1.0 1.0 1.0 
1.0 1.0 1.0 1.0 1.0 1.0 1.0 1.0 1.0 1.0 1.0 1.0 0.0 1.0 1.0 1.0 1.0 1.0 1.0 1.0 1.0 1.0 1.0 1.0 1.0 1.0 1.0 1.0 1.0 1.0 1.0 1.0 1.0 1.0 1.0 1.0 1.0 1.0 1.0 1.0 1.0 1.0 1.0 1.0 1.0 1.0 1.0 1.0 1.0 1.0 1.0 1.0 1.0 1.0 1.0 1.0 1.0 1.0 1.0 1.0 1.0 1.0 1.0 1.0 
1.0 1.0 1.0 1.0 1.0 1.0 1.0 1.0 1.0 1.0 1.0 1.0 1.0 0.0 1.0 1.0 1.0 1.0 1.0 1.0 1.0 1.0 1.0 1.0 1.0 1.0 1.0 1.0 1.0 1.0 1.0 1.0 1.0 1.0 1.0 1.0 1.0 1.0 1.0 1.0 1.0 1.0 1.0 1.0 1.0 1.0 1.0 1.0 1.0 1.0 1.0 1.0 1.0 1.0 1.0 1.0 1.0 1.0 1.0 1.0 1.0 1.0 1.0 1.0 
1.0 1.0 1.0 1.0 1.0 1.0 1.0 1.0 1.0 1.0 1.0 1.0 1.0 1.0 0.0 1.0 1.0 1.0 1.0 1.0 1.0 1.0 1.0 1.0 1.0 1.0 1.0 1.0 1.0 1.0 1.0 1.0 1.0 1.0 1.0 1.0 1.0 1.0 1.0 1.0 1.0 1.0 1.0 1.0 1.0 1.0 1.0 1.0 1.0 1.0 1.0 1.0 1.0 1.0 1.0 1.0 1.0 1.0 1.0 1.0 1.0 1.0 1.0 1.0 
1.0 1.0 1.0 1.0 1.0 1.0 1.0 1.0 1.0 1.0 1.0 1.0 1.0 1.0 1.0 0.0 1.0 1.0 1.0 1.0 1.0 1.0 1.0 1.0 1.0 1.0 1.0 1.0 1.0 1.0 1.0 1.0 1.0 1.0 1.0 1.0 1.0 1.0 1.0 1.0 1.0 1.0 1.0 1.0 1.0 1.0 1.0 1.0 1.0 1.0 1.0 1.0 1.0 1.0 1.0 1.0 1.0 1.0 1.0 1.0 1.0 1.0 1.0 1.0 
1.0 1.0 1.0 1.0 1.0 1.0 1.0 1.0 1.0 1.0 1.0 1.0 1.0 1.0 1.0 1.0 0.0 1.0 1.0 1.0 1.0 1.0 1.0 1.0 1.0 1.0 1.0 1.0 1.0 1.0 1.0 1.0 1.0 1.0 1.0 1.0 1.0 1.0 1.0 1.0 1.0 1.0 1.0 1.0 1.0 1.0 1.0 1.0 1.0 1.0 1.0 1.0 1.0 1.0 1.0 1.0 1.0 1.0 1.0 1.0 1.0 1.0 1.0 1.0 
1.0 1.0 1.0 1.0 1.0 1.0 1.0 1.0 1.0 1.0 1.0 1.0 1.0 1.0 1.0 1.0 1.0 0.0 1.0 1.0 1.0 1.0 1.0 1.0 1.0 1.0 1.0 1.0 1.0 1.0 1.0 1.0 1.0 1.0 1.0 1.0 1.0 1.0 1.0 1.0 1.0 1.0 1.0 1.0 1.0 1.0 1.0 1.0 1.0 1.0 1.0 1.0 1.0 1.0 1.0 1.0 1.0 1.0 1.0 1.0 1.0 1.0 1.0 1.0 
1.0 1.0 1.0 1.0 1.0 1.0 1.0 1.0 1.0 1.0 1.0 1.0 1.0 1.0 1.0 1.0 1.0 1.0 0.0 1.0 1.0 1.0 1.0 1.0 1.0 1.0 1.0 1.0 1.0 1.0 1.0 1.0 1.0 1.0 1.0 1.0 1.0 1.0 1.0 1.0 1.0 1.0 1.0 1.0 1.0 1.0 1.0 1.0 1.0 1.0 1.0 1.0 1.0 1.0 1.0 1.0 1.0 1.0 1.0 1.0 1.0 1.0 1.0 1.0 
1.0 1.0 1.0 1.0 1.0 1.0 1.0 1.0 1.0 1.0 1.0 1.0 1.0 1.0 1.0 1.0 1.0 1.0 1.0 0.0 1.0 1.0 1.0 1.0 1.0 1.0 1.0 1.0 1.0 1.0 1.0 1.0 1.0 1.0 1.0 1.0 1.0 1.0 1.0 1.0 1.0 1.0 1.0 1.0 1.0 1.0 1.0 1.0 1.0 1.0 1.0 1.0 1.0 1.0 1.0 1.0 1.0 1.0 1.0 1.0 1.0 1.0 1.0 1.0 
1.0 1.0 1.0 1.0 1.0 1.0 1.0 1.0 1.0 1.0 1.0 1.0 1.0 1.0 1.0 1.0 1.0 1.0 1.0 1.0 0.0 1.0 1.0 1.0 1.0 1.0 1.0 1.0 1.0 1.0 1.0 1.0 1.0 1.0 1.0 1.0 1.0 1.0 1.0 1.0 1.0 1.0 1.0 1.0 1.0 1.0 1.0 1.0 1.0 1.0 1.0 1.0 1.0 1.0 1.0 1.0 1.0 1.0 1.0 1.0 1.0 1.0 1.0 1.0 
1.0 1.0 1.0 1.0 1.0 1.0 1.0 1.0 1.0 1.0 1.0 1.0 1.0 1.0 1.0 1.0 1.0 1.0 1.0 1.0 1.0 0.0 1.0 1.0 1.0 1.0 1.0 1.0 1.0 1.0 1.0 1.0 1.0 1.0 1.0 1.0 1.0 1.0 1.0 1.0 1.0 1.0 1.0 1.0 1.0 1.0 1.0 1.0 1.0 1.0 1.0 1.0 1.0 1.0 1.0 1.0 1.0 1.0 1.0 1.0 1.0 1.0 1.0 1.0 
1.0 1.0 1.0 1.0 1.0 1.0 1.0 1.0 1.0 1.0 1.0 1.0 1.0 1.0 1.0 1.0 1.0 1.0 1.0 1.0 1.0 1.0 0.0 1.0 1.0 1.0 1.0 1.0 1.0 1.0 1.0 1.0 1.0 1.0 1.0 1.0 1.0 1.0 1.0 1.0 1.0 1.0 1.0 1.0 1.0 1.0 1.0 1.0 1.0 1.0 1.0 1.0 1.0 1.0 1.0 1.0 1.0 1.0 1.0 1.0 1.0 1.0 1.0 1.0 
1.0 1.0 1.0 1.0 1.0 1.0 1.0 1.0 1.0 1.0 1.0 1.0 1.0 1.0 1.0 1.0 1.0 1.0 1.0 1.0 1.0 1.0 1.0 0.0 1.0 1.0 1.0 1.0 1.0 1.0 1.0 1.0 1.0 1.0 1.0 1.0 1.0 1.0 1.0 1.0 1.0 1.0 1.0 1.0 1.0 1.0 1.0 1.0 1.0 1.0 1.0 1.0 1.0 1.0 1.0 1.0 1.0 1.0 1.0 1.0 1.0 1.0 1.0 1.0 
1.0 1.0 1.0 1.0 1.0 1.0 1.0 1.0 1.0 1.0 1.0 1.0 1.0 1.0 1.0 1.0 1.0 1.0 1.0 1.0 1.0 1.0 1.0 1.0 0.0 1.0 1.0 1.0 1.0 1.0 1.0 1.0 1.0 1.0 1.0 1.0 1.0 1.0 1.0 1.0 1.0 1.0 1.0 1.0 1.0 1.0 1.0 1.0 1.0 1.0 1.0 1.0 1.0 1.0 1.0 1.0 1.0 1.0 1.0 1.0 1.0 1.0 1.0 1.0 
1.0 1.0 1.0 1.0 1.0 1.0 1.0 1.0 1.0 1.0 1.0 1.0 1.0 1.0 1.0 1.0 1.0 1.0 1.0 1.0 1.0 1.0 1.0 1.0 1.0 0.0 1.0 1.0 1.0 1.0 1.0 1.0 1.0 1.0 1.0 1.0 1.0 1.0 1.0 1.0 1.0 1.0 1.0 1.0 1.0 1.0 1.0 1.0 1.0 1.0 1.0 1.0 1.0 1.0 1.0 1.0 1.0 1.0 1.0 1.0 1.0 1.0 1.0 1.0 
1.0 1.0 1.0 1.0 1.0 1.0 1.0 1.0 1.0 1.0 1.0 1.0 1.0 1.0 1.0 1.0 1.0 1.0 1.0 1.0 1.0 1.0 1.0 1.0 1.0 1.0 0.0 1.0 1.0 1.0 1.0 1.0 1.0 1.0 1.0 1.0 1.0 1.0 1.0 1.0 1.0 1.0 1.0 1.0 1.0 1.0 1.0 1.0 1.0 1.0 1.0 1.0 1.0 1.0 1.0 1.0 1.0 1.0 1.0 1.0 1.0 1.0 1.0 1.0 
1.0 1.0 1.0 1.0 1.0 1.0 1.0 1.0 1.0 1.0 1.0 1.0 1.0 1.0 1.0 1.0 1.0 1.0 1.0 1.0 1.0 1.0 1.0 1.0 1.0 1.0 1.0 0.0 1.0 1.0 1.0 1.0 1.0 1.0 1.0 1.0 1.0 1.0 1.0 1.0 1.0 1.0 1.0 1.0 1.0 1.0 1.0 1.0 1.0 1.0 1.0 1.0 1.0 1.0 1.0 1.0 1.0 1.0 1.0 1.0 1.0 1.0 1.0 1.0 
1.0 1.0 1.0 1.0 1.0 1.0 1.0 1.0 1.0 1.0 1.0 1.0 1.0 1.0 1.0 1.0 1.0 1.0 1.0 1.0 1.0 1.0 1.0 1.0 1.0 1.0 1.0 1.0 0.0 1.0 1.0 1.0 1.0 1.0 1.0 1.0 1.0 1.0 1.0 1.0 1.0 1.0 1.0 1.0 1.0 1.0 1.0 1.0 1.0 1.0 1.0 1.0 1.0 1.0 1.0 1.0 1.0 1.0 1.0 1.0 1.0 1.0 1.0 1.0 
1.0 1.0 1.0 1.0 1.0 1.0 1.0 1.0 1.0 1.0 1.0 1.0 1.0 1.0 1.0 1.0 1.0 1.0 1.0 1.0 1.0 1.0 1.0 1.0 1.0 1.0 1.0 1.0 1.0 0.0 1.0 1.0 1.0 1.0 1.0 1.0 1.0 1.0 1.0 1.0 1.0 1.0 1.0 1.0 1.0 1.0 1.0 1.0 1.0 1.0 1.0 1.0 1.0 1.0 1.0 1.0 1.0 1.0 1.0 1.0 1.0 1.0 1.0 1.0 
1.0 1.0 1.0 1.0 1.0 1.0 1.0 1.0 1.0 1.0 1.0 1.0 1.0 1.0 1.0 1.0 1.0 1.0 1.0 1.0 1.0 1.0 1.0 1.0 1.0 1.0 1.0 1.0 1.0 1.0 0.0 1.0 1.0 1.0 1.0 1.0 1.0 1.0 1.0 1.0 1.0 1.0 1.0 1.0 1.0 1.0 1.0 1.0 1.0 1.0 1.0 1.0 1.0 1.0 1.0 1.0 1.0 1.0 1.0 1.0 1.0 1.0 1.0 1.0 
1.0 1.0 1.0 1.0 1.0 1.0 1.0 1.0 1.0 1.0 1.0 1.0 1.0 1.0 1.0 1.0 1.0 1.0 1.0 1.0 1.0 1.0 1.0 1.0 1.0 1.0 1.0 1.0 1.0 1.0 1.0 0.0 1.0 1.0 1.0 1.0 1.0 1.0 1.0 1.0 1.0 1.0 1.0 1.0 1.0 1.0 1.0 1.0 1.0 1.0 1.0 1.0 1.0 1.0 1.0 1.0 1.0 1.0 1.0 1.0 1.0 1.0 1.0 1.0 
1.0 1.0 1.0 1.0 1.0 1.0 1.0 1.0 1.0 1.0 1.0 1.0 1.0 1.0 1.0 1.0 1.0 1.0 1.0 1.0 1.0 1.0 1.0 1.0 1.0 1.0 1.0 1.0 1.0 1.0 1.0 1.0 0.0 1.0 1.0 1.0 1.0 1.0 1.0 1.0 1.0 1.0 1.0 1.0 1.0 1.0 1.0 1.0 1.0 1.0 1.0 1.0 1.0 1.0 1.0 1.0 1.0 1.0 1.0 1.0 1.0 1.0 1.0 1.0 
1.0 1.0 1.0 1.0 1.0 1.0 1.0 1.0 1.0 1.0 1.0 1.0 1.0 1.0 1.0 1.0 1.0 1.0 1.0 1.0 1.0 1.0 1.0 1.0 1.0 1.0 1.0 1.0 1.0 1.0 1.0 1.0 1.0 0.0 1.0 1.0 1.0 1.0 1.0 1.0 1.0 1.0 1.0 1.0 1.0 1.0 1.0 1.0 1.0 1.0 1.0 1.0 1.0 1.0 1.0 1.0 1.0 1.0 1.0 1.0 1.0 1.0 1.0 1.0 
1.0 1.0 1.0 1.0 1.0 1.0 1.0 1.0 1.0 1.0 1.0 1.0 1.0 1.0 1.0 1.0 1.0 1.0 1.0 1.0 1.0 1.0 1.0 1.0 1.0 1.0 1.0 1.0 1.0 1.0 1.0 1.0 1.0 1.0 0.0 1.0 1.0 1.0 1.0 1.0 1.0 1.0 1.0 1.0 1.0 1.0 1.0 1.0 1.0 1.0 1.0 1.0 1.0 1.0 1.0 1.0 1.0 1.0 1.0 1.0 1.0 1.0 1.0 1.0 
1.0 1.0 1.0 1.0 1.0 1.0 1.0 1.0 1.0 1.0 1.0 1.0 1.0 1.0 1.0 1.0 1.0 1.0 1.0 1.0 1.0 1.0 1.0 1.0 1.0 1.0 1.0 1.0 1.0 1.0 1.0 1.0 1.0 1.0 1.0 0.0 1.0 1.0 1.0 1.0 1.0 1.0 1.0 1.0 1.0 1.0 1.0 1.0 1.0 1.0 1.0 1.0 1.0 1.0 1.0 1.0 1.0 1.0 1.0 1.0 1.0 1.0 1.0 1.0 
1.0 1.0 1.0 1.0 1.0 1.0 1.0 1.0 1.0 1.0 1.0 1.0 1.0 1.0 1.0 1.0 1.0 1.0 1.0 1.0 1.0 1.0 1.0 1.0 1.0 1.0 1.0 1.0 1.0 1.0 1.0 1.0 1.0 1.0 1.0 1.0 0.0 1.0 1.0 1.0 1.0 1.0 1.0 1.0 1.0 1.0 1.0 1.0 1.0 1.0 1.0 1.0 1.0 1.0 1.0 1.0 1.0 1.0 1.0 1.0 1.0 1.0 1.0 1.0 
1.0 1.0 1.0 1.0 1.0 1.0 1.0 1.0 1.0 1.0 1.0 1.0 1.0 1.0 1.0 1.0 1.0 1.0 1.0 1.0 1.0 1.0 1.0 1.0 1.0 1.0 1.0 1.0 1.0 1.0 1.0 1.0 1.0 1.0 1.0 1.0 1.0 0.0 1.0 1.0 1.0 1.0 1.0 1.0 1.0 1.0 1.0 1.0 1.0 1.0 1.0 1.0 1.0 1.0 1.0 1.0 1.0 1.0 1.0 1.0 1.0 1.0 1.0 1.0 
1.0 1.0 1.0 1.0 1.0 1.0 1.0 1.0 1.0 1.0 1.0 1.0 1.0 1.0 1.0 1.0 1.0 1.0 1.0 1.0 1.0 1.0 1.0 1.0 1.0 1.0 1.0 1.0 1.0 1.0 1.0 1.0 1.0 1.0 1.0 1.0 1.0 1.0 0.0 1.0 1.0 1.0 1.0 1.0 1.0 1.0 1.0 1.0 1.0 1.0 1.0 1.0 1.0 1.0 1.0 1.0 1.0 1.0 1.0 1.0 1.0 1.0 1.0 1.0 
1.0 1.0 1.0 1.0 1.0 1.0 1.0 1.0 1.0 1.0 1.0 1.0 1.0 1.0 1.0 1.0 1.0 1.0 1.0 1.0 1.0 1.0 1.0 1.0 1.0 1.0 1.0 1.0 1.0 1.0 1.0 1.0 1.0 1.0 1.0 1.0 1.0 1.0 1.0 0.0 1.0 1.0 1.0 1.0 1.0 1.0 1.0 1.0 1.0 1.0 1.0 1.0 1.0 1.0 1.0 1.0 1.0 1.0 1.0 1.0 1.0 1.0 1.0 1.0 
1.0 1.0 1.0 1.0 1.0 1.0 1.0 1.0 1.0 1.0 1.0 1.0 1.0 1.0 1.0 1.0 1.0 1.0 1.0 1.0 1.0 1.0 1.0 1.0 1.0 1.0 1.0 1.0 1.0 1.0 1.0 1.0 1.0 1.0 1.0 1.0 1.0 1.0 1.0 1.0 0.0 1.0 1.0 1.0 1.0 1.0 1.0 1.0 1.0 1.0 1.0 1.0 1.0 1.0 1.0 1.0 1.0 1.0 1.0 1.0 1.0 1.0 1.0 1.0 
1.0 1.0 1.0 1.0 1.0 1.0 1.0 1.0 1.0 1.0 1.0 1.0 1.0 1.0 1.0 1.0 1.0 1.0 1.0 1.0 1.0 1.0 1.0 1.0 1.0 1.0 1.0 1.0 1.0 1.0 1.0 1.0 1.0 1.0 1.0 1.0 1.0 1.0 1.0 1.0 1.0 0.0 1.0 1.0 1.0 1.0 1.0 1.0 1.0 1.0 1.0 1.0 1.0 1.0 1.0 1.0 1.0 1.0 1.0 1.0 1.0 1.0 1.0 1.0 
1.0 1.0 1.0 1.0 1.0 1.0 1.0 1.0 1.0 1.0 1.0 1.0 1.0 1.0 1.0 1.0 1.0 1.0 1.0 1.0 1.0 1.0 1.0 1.0 1.0 1.0 1.0 1.0 1.0 1.0 1.0 1.0 1.0 1.0 1.0 1.0 1.0 1.0 1.0 1.0 1.0 1.0 0.0 1.0 1.0 1.0 1.0 1.0 1.0 1.0 1.0 1.0 1.0 1.0 1.0 1.0 1.0 1.0 1.0 1.0 1.0 1.0 1.0 1.0 
1.0 1.0 1.0 1.0 1.0 1.0 1.0 1.0 1.0 1.0 1.0 1.0 1.0 1.0 1.0 1.0 1.0 1.0 1.0 1.0 1.0 1.0 1.0 1.0 1.0 1.0 1.0 1.0 1.0 1.0 1.0 1.0 1.0 1.0 1.0 1.0 1.0 1.0 1.0 1.0 1.0 1.0 1.0 0.0 1.0 1.0 1.0 1.0 1.0 1.0 1.0 1.0 1.0 1.0 1.0 1.0 1.0 1.0 1.0 1.0 1.0 1.0 1.0 1.0 
1.0 1.0 1.0 1.0 1.0 1.0 1.0 1.0 1.0 1.0 1.0 1.0 1.0 1.0 1.0 1.0 1.0 1.0 1.0 1.0 1.0 1.0 1.0 1.0 1.0 1.0 1.0 1.0 1.0 1.0 1.0 1.0 1.0 1.0 1.0 1.0 1.0 1.0 1.0 1.0 1.0 1.0 1.0 1.0 0.0 1.0 1.0 1.0 1.0 1.0 1.0 1.0 1.0 1.0 1.0 1.0 1.0 1.0 1.0 1.0 1.0 1.0 1.0 1.0 
1.0 1.0 1.0 1.0 1.0 1.0 1.0 1.0 1.0 1.0 1.0 1.0 1.0 1.0 1.0 1.0 1.0 1.0 1.0 1.0 1.0 1.0 1.0 1.0 1.0 1.0 1.0 1.0 1.0 1.0 1.0 1.0 1.0 1.0 1.0 1.0 1.0 1.0 1.0 1.0 1.0 1.0 1.0 1.0 1.0 0.0 1.0 1.0 1.0 1.0 1.0 1.0 1.0 1.0 1.0 1.0 1.0 1.0 1.0 1.0 1.0 1.0 1.0 1.0 
1.0 1.0 1.0 1.0 1.0 1.0 1.0 1.0 1.0 1.0 1.0 1.0 1.0 1.0 1.0 1.0 1.0 1.0 1.0 1.0 1.0 1.0 1.0 1.0 1.0 1.0 1.0 1.0 1.0 1.0 1.0 1.0 1.0 1.0 1.0 1.0 1.0 1.0 1.0 1.0 1.0 1.0 1.0 1.0 1.0 1.0 0.0 1.0 1.0 1.0 1.0 1.0 1.0 1.0 1.0 1.0 1.0 1.0 1.0 1.0 1.0 1.0 1.0 1.0 
1.0 1.0 1.0 1.0 1.0 1.0 1.0 1.0 1.0 1.0 1.0 1.0 1.0 1.0 1.0 1.0 1.0 1.0 1.0 1.0 1.0 1.0 1.0 1.0 1.0 1.0 1.0 1.0 1.0 1.0 1.0 1.0 1.0 1.0 1.0 1.0 1.0 1.0 1.0 1.0 1.0 1.0 1.0 1.0 1.0 1.0 1.0 0.0 1.0 1.0 1.0 1.0 1.0 1.0 1.0 1.0 1.0 1.0 1.0 1.0 1.0 1.0 1.0 1.0 
1.0 1.0 1.0 1.0 1.0 1.0 1.0 1.0 1.0 1.0 1.0 1.0 1.0 1.0 1.0 1.0 1.0 1.0 1.0 1.0 1.0 1.0 1.0 1.0 1.0 1.0 1.0 1.0 1.0 1.0 1.0 1.0 1.0 1.0 1.0 1.0 1.0 1.0 1.0 1.0 1.0 1.0 1.0 1.0 1.0 1.0 1.0 1.0 0.0 1.0 1.0 1.0 1.0 1.0 1.0 1.0 1.0 1.0 1.0 1.0 1.0 1.0 1.0 1.0 
1.0 1.0 1.0 1.0 1.0 1.0 1.0 1.0 1.0 1.0 1.0 1.0 1.0 1.0 1.0 1.0 1.0 1.0 1.0 1.0 1.0 1.0 1.0 1.0 1.0 1.0 1.0 1.0 1.0 1.0 1.0 1.0 1.0 1.0 1.0 1.0 1.0 1.0 1.0 1.0 1.0 1.0 1.0 1.0 1.0 1.0 1.0 1.0 1.0 0.0 1.0 1.0 1.0 1.0 1.0 1.0 1.0 1.0 1.0 1.0 1.0 1.0 1.0 1.0 
1.0 1.0 1.0 1.0 1.0 1.0 1.0 1.0 1.0 1.0 1.0 1.0 1.0 1.0 1.0 1.0 1.0 1.0 1.0 1.0 1.0 1.0 1.0 1.0 1.0 1.0 1.0 1.0 1.0 1.0 1.0 1.0 1.0 1.0 1.0 1.0 1.0 1.0 1.0 1.0 1.0 1.0 1.0 1.0 1.0 1.0 1.0 1.0 1.0 1.0 0.0 1.0 1.0 1.0 1.0 1.0 1.0 1.0 1.0 1.0 1.0 1.0 1.0 1.0 
1.0 1.0 1.0 1.0 1.0 1.0 1.0 1.0 1.0 1.0 1.0 1.0 1.0 1.0 1.0 1.0 1.0 1.0 1.0 1.0 1.0 1.0 1.0 1.0 1.0 1.0 1.0 1.0 1.0 1.0 1.0 1.0 1.0 1.0 1.0 1.0 1.0 1.0 1.0 1.0 1.0 1.0 1.0 1.0 1.0 1.0 1.0 1.0 1.0 1.0 1.0 0.0 1.0 1.0 1.0 1.0 1.0 1.0 1.0 1.0 1.0 1.0 1.0 1.0 
1.0 1.0 1.0 1.0 1.0 1.0 1.0 1.0 1.0 1.0 1.0 1.0 1.0 1.0 1.0 1.0 1.0 1.0 1.0 1.0 1.0 1.0 1.0 1.0 1.0 1.0 1.0 1.0 1.0 1.0 1.0 1.0 1.0 1.0 1.0 1.0 1.0 1.0 1.0 1.0 1.0 1.0 1.0 1.0 1.0 1.0 1.0 1.0 1.0 1.0 1.0 1.0 0.0 1.0 1.0 1.0 1.0 1.0 1.0 1.0 1.0 1.0 1.0 1.0 
1.0 1.0 1.0 1.0 1.0 1.0 1.0 1.0 1.0 1.0 1.0 1.0 1.0 1.0 1.0 1.0 1.0 1.0 1.0 1.0 1.0 1.0 1.0 1.0 1.0 1.0 1.0 1.0 1.0 1.0 1.0 1.0 1.0 1.0 1.0 1.0 1.0 1.0 1.0 1.0 1.0 1.0 1.0 1.0 1.0 1.0 1.0 1.0 1.0 1.0 1.0 1.0 1.0 0.0 1.0 1.0 1.0 1.0 1.0 1.0 1.0 1.0 1.0 1.0 
1.0 1.0 1.0 1.0 1.0 1.0 1.0 1.0 1.0 1.0 1.0 1.0 1.0 1.0 1.0 1.0 1.0 1.0 1.0 1.0 1.0 1.0 1.0 1.0 1.0 1.0 1.0 1.0 1.0 1.0 1.0 1.0 1.0 1.0 1.0 1.0 1.0 1.0 1.0 1.0 1.0 1.0 1.0 1.0 1.0 1.0 1.0 1.0 1.0 1.0 1.0 1.0 1.0 1.0 0.0 1.0 1.0 1.0 1.0 1.0 1.0 1.0 1.0 1.0 
1.0 1.0 1.0 1.0 1.0 1.0 1.0 1.0 1.0 1.0 1.0 1.0 1.0 1.0 1.0 1.0 1.0 1.0 1.0 1.0 1.0 1.0 1.0 1.0 1.0 1.0 1.0 1.0 1.0 1.0 1.0 1.0 1.0 1.0 1.0 1.0 1.0 1.0 1.0 1.0 1.0 1.0 1.0 1.0 1.0 1.0 1.0 1.0 1.0 1.0 1.0 1.0 1.0 1.0 1.0 0.0 1.0 1.0 1.0 1.0 1.0 1.0 1.0 1.0 
1.0 1.0 1.0 1.0 1.0 1.0 1.0 1.0 1.0 1.0 1.0 1.0 1.0 1.0 1.0 1.0 1.0 1.0 1.0 1.0 1.0 1.0 1.0 1.0 1.0 1.0 1.0 1.0 1.0 1.0 1.0 1.0 1.0 1.0 1.0 1.0 1.0 1.0 1.0 1.0 1.0 1.0 1.0 1.0 1.0 1.0 1.0 1.0 1.0 1.0 1.0 1.0 1.0 1.0 1.0 1.0 0.0 1.0 1.0 1.0 1.0 1.0 1.0 1.0 
1.0 1.0 1.0 1.0 1.0 1.0 1.0 1.0 1.0 1.0 1.0 1.0 1.0 1.0 1.0 1.0 1.0 1.0 1.0 1.0 1.0 1.0 1.0 1.0 1.0 1.0 1.0 1.0 1.0 1.0 1.0 1.0 1.0 1.0 1.0 1.0 1.0 1.0 1.0 1.0 1.0 1.0 1.0 1.0 1.0 1.0 1.0 1.0 1.0 1.0 1.0 1.0 1.0 1.0 1.0 1.0 1.0 0.0 1.0 1.0 1.0 1.0 1.0 1.0 
1.0 1.0 1.0 1.0 1.0 1.0 1.0 1.0 1.0 1.0 1.0 1.0 1.0 1.0 1.0 1.0 1.0 1.0 1.0 1.0 1.0 1.0 1.0 1.0 1.0 1.0 1.0 1.0 1.0 1.0 1.0 1.0 1.0 1.0 1.0 1.0 1.0 1.0 1.0 1.0 1.0 1.0 1.0 1.0 1.0 1.0 1.0 1.0 1.0 1.0 1.0 1.0 1.0 1.0 1.0 1.0 1.0 1.0 0.0 1.0 1.0 1.0 1.0 1.0 
1.0 1.0 1.0 1.0 1.0 1.0 1.0 1.0 1.0 1.0 1.0 1.0 1.0 1.0 1.0 1.0 1.0 1.0 1.0 1.0 1.0 1.0 1.0 1.0 1.0 1.0 1.0 1.0 1.0 1.0 1.0 1.0 1.0 1.0 1.0 1.0 1.0 1.0 1.0 1.0 1.0 1.0 1.0 1.0 1.0 1.0 1.0 1.0 1.0 1.0 1.0 1.0 1.0 1.0 1.0 1.0 1.0 1.0 1.0 0.0 1.0 1.0 1.0 1.0 
1.0 1.0 1.0 1.0 1.0 1.0 1.0 1.0 1.0 1.0 1.0 1.0 1.0 1.0 1.0 1.0 1.0 1.0 1.0 1.0 1.0 1.0 1.0 1.0 1.0 1.0 1.0 1.0 1.0 1.0 1.0 1.0 1.0 1.0 1.0 1.0 1.0 1.0 1.0 1.0 1.0 1.0 1.0 1.0 1.0 1.0 1.0 1.0 1.0 1.0 1.0 1.0 1.0 1.0 1.0 1.0 1.0 1.0 1.0 1.0 0.0 1.0 1.0 1.0 
1.0 1.0 1.0 1.0 1.0 1.0 1.0 1.0 1.0 1.0 1.0 1.0 1.0 1.0 1.0 1.0 1.0 1.0 1.0 1.0 1.0 1.0 1.0 1.0 1.0 1.0 1.0 1.0 1.0 1.0 1.0 1.0 1.0 1.0 1.0 1.0 1.0 1.0 1.0 1.0 1.0 1.0 1.0 1.0 1.0 1.0 1.0 1.0 1.0 1.0 1.0 1.0 1.0 1.0 1.0 1.0 1.0 1.0 1.0 1.0 1.0 0.0 1.0 1.0 
1.0 1.0 1.0 1.0 1.0 1.0 1.0 1.0 1.0 1.0 1.0 1.0 1.0 1.0 1.0 1.0 1.0 1.0 1.0 1.0 1.0 1.0 1.0 1.0 1.0 1.0 1.0 1.0 1.0 1.0 1.0 1.0 1.0 1.0 1.0 1.0 1.0 1.0 1.0 1.0 1.0 1.0 1.0 1.0 1.0 1.0 1.0 1.0 1.0 1.0 1.0 1.0 1.0 1.0 1.0 1.0 1.0 1.0 1.0 1.0 1.0 1.0 0.0 1.0 
1.0 1.0 1.0 1.0 1.0 1.0 1.0 1.0 1.0 1.0 1.0 1.0 1.0 1.0 1.0 1.0 1.0 1.0 1.0 1.0 1.0 1.0 1.0 1.0 1.0 1.0 1.0 1.0 1.0 1.0 1.0 1.0 1.0 1.0 1.0 1.0 1.0 1.0 1.0 1.0 1.0 1.0 1.0 1.0 1.0 1.0 1.0 1.0 1.0 1.0 1.0 1.0 1.0 1.0 1.0 1.0 1.0 1.0 1.0 1.0 1.0 1.0 1.0 0.0 