32
32 63 38 74 65 32 84 72 64 22 61 77 53 44 1 39 11 95 4 73 36 30 68 24 92 51 11 59 22 55 1 19 
48 22 3 92 75 82 92 95 84 6 41 52 100 24 64 82 63 58 40 48 22 35 88 26 61 12 19 62 85 81 65 14 
24 23 64 59 70 75 67 85 78 98 5 38 26 72 42 56 54 99 39 70 48 34 38 31 35 21 21 20 12 14 46 14 
32 94 99 77 58 13 76 13 35 50 68 69 1 37 73 43 86 96 35 83 51 100 47 83 12 53 31 61 92 27 37 7 
62 45 32 14 74 19 19 58 90 18 31 5 74 8 29 54 19 85 19 86 34 17 8 80 37 26 6 7 6 69 79 77 
25 70 15 87 17 83 51 95 9 24 91 69 94 71 81 3 85 13 37 30 7 37 68 49 58 25 3 93 91 51 90 31 
56 80 81 95 3 40 53 13 84 87 2 24 71 88 76 43 63 39 5 70 19 10 41 59 64 60 85 18 44 6 21 90 
89 54 91 87 60 100 6 64 68 95 57 65 25 44 18 69 79 6 69 95 84 48 82 59 46 80 88 1 62 23 87 19 
48 39 41 73 25 86 9 21 55 44 54 89 18 25 19 50 85 20 69 27 66 47 16 60 55 9 100 23 41 40 82 50 
60 47 39 20 58 50 92 91 91 8 3 62 67 32 33 21 39 49 99 61 15 28 50 13 52 48 16 64 22 100 91 78 
46 13 47 9 67 7 54 38 20 89 34 39 69 3 65 64 99 74 58 36 76 99 18 12 27 90 46 35 61 41 60 73 
87 10 28 86 94 68 19 95 71 77 30 32 53 30 30 97 39 2 10 62 31 18 16 36 68 7 50 74 33 48 38 25 
79 13 36 1 67 55 20 42 21 39 51 65 78 28 83 82 100 53 47 27 88 56 100 84 55 38 40 17 10 79 95 46 
18 22 27 100 46 56 80 92 95 18 50 87 38 86 14 64 21 23 76 10 57 51 27 16 85 26 52 60 51 45 58 10 
35 44 100 96 1 7 26 52 85 63 38 79 39 20 84 62 9 94 4 97 76 27 38 69 29 39 88 76 54 80 98 72 
49 18 56 30 97 50 28 37 87 31 13 53 45 27 26 44 23 13 49 84 22 55 12 99 53 89 39 69 37 94 44 15 
25 22 36 52 74 24 52 49 85 24 67 51 77 61 84 75 43 32 36 43 14 87 65 22 52 56 70 39 8 85 54 82 
1 18 8 21 17 42 64 83 29 83 74 24 43 4 98 80 84 67 62 3 51 45 78 46 10 10 93 40 71 56 33 16 
9 48 68 69 19 58 16 67 54 33 80 9 86 88 66 34 51 68 34 3 1 11 17 84 87 69 42 18 56 90 29 31 
73 61 89 83 82 39 74 5 96 46 48 31 75 10 21 35 1 24 66 44 84 72 22 32 83 52 22 47 88 31 33 2 
99 32 30 34 93 27 5 89 57 75 83 48 29 33 5 75 9 18 56 21 18 98 76 78 89 23 23 96 71 57 54 29 
93 47 44 88 67 38 81 98 66 53 50 99 44 12 87 82 1 40 80 71 4 63 80 40 12 85 14 18 16 95 28 52 
99 80 21 96 31 47 39 11 18 83 85 73 67 63 13 78 15 97 64 10 79 47 88 66 75 90 72 70 32 17 63 67 
59 64 1 43 41 39 55 77 88 77 34 21 55 56 75 99 13 54 1 98 89 26 71 7 1 69 39 93 22 11 95 36 
72 10 86 51 83 65 1 91 58 81 100 17 2 57 75 17 95 31 32 12 50 38 65 96 7 64 7 47 26 74 32 36 
28 44 74 56 50 83 60 11 93 79 84 68 83 100 12 85 3 74 38 52 35 22 47 99 96 4 86 63 23 55 92 18 
45 17 30 93 37 80 73 17 75 37 65 17 100 70 100 64 32 62 52 83 6 13 77 97 17 33 10 94 55 86 39 77 
1 42 34 94 51 67 28 100 60 12 11 36 2 42 28 26 66 28 9 39 65 55 82 96 84 46 78 35 53 44 77 19 
77 87 90 54 96 45 1 84 88 50 46 72 91 56 17 80 19 19 50 83 37 74 14 88 7 34 12 79 35 84 45 69 
55 39 85 89 99 85 20 58 2 13 54 34 70 25 86 85 25 29 2 60 76 88 31 55 60 9 67 90 56 1 57 40 
26 38 81 39 81 93 36 77 90 41 60 80 90 95 50 66 2 23 56 64 100 92 56 74 19 10 52 66 20 89 53 94 
26 59 44 28 13 14 71 23 60 22 92 91 66 53 47 6 96 35 12 76 14 75 45 72 61 57 42 60 10 50 19 100 
0.0 1.0 1.0 1.0 1.0 1.0 1.0 1.0 1.0 1.0 1.0 1.0 1.0 1.0 1.0 1.0 1.0 1.0 1.0 1.0 1.0 1.0 1.0 1.0 1.0 1.0 1.0 1.0 1.0 1.0 1.0 1.0 
1.0 0.0 1.0 1.0 1.0 1.0 1.0 1.0 1.0 1.0 1.0 1.0 1.0 1.0 1.0 1.0 1.0 1.0 1.0 1.0 1.0 1.0 1.0 1.0 1.0 1.0 1.0 1.0 1.0 1.0 1.0 1.0 
1.0 1.0 0.0 1.0 1.0 1.0 1.0 1.0 1.0 1.0 1.0 1.0 1.0 1.0 1.0 1.0 1.0 1.0 1.0 1.0 1.0 1.0 1.0 1.0 1.0 1.0 1.0 1.0 1.0 1.0 1.0 1.0 
1.0 1.0 1.0 0.0 1.0 1.0 1.0 1.0 1.0 1.0 1.0 1.0 1.0 1.0 1.0 1.0 1.0 1.0 1.0 1.0 1.0 1.0 1.0 1.0 1.0 1.0 1.0 1.0 1.0 1.0 1.0 1.0 
1.0 1.0 1.0 1.0 0.0 1.0 1.0 1.0 1.0 1.0 1.0 1.0 1.0 1.0 1.0 1.0 1.0 1.0 1.0 1.0 1.0 1.0 1.0 1.0 1.0 1.0 1.0 1.0 1.0 1.0 1.0 1.0 
1.0 1.0 1.0 1.0 1.0 0.0 1.0 1.0 1.0 1.0 1.0 1.0 1.0 1.0 1.0 1.0 1.0 1.0 1.0 1.0 1.0 1.0 1.0 1.0 1.0 1.0 1.0 1.0 1.0 1.0 1.0 1.0 
1.0 1.0 1.0 1.0 1.0 1.0 0.0 1.0 1.0 1.0 1.0 1.0 1.0 1.0 1.0 1.0 1.0 1.0 1.0 1.0 1.0 1.0 1.0 1.0 1.0 1.0 1.0 1.0 1.0 1.0 1.0 1.0 
1.0 1.0 1.0 1.0 1.0 1.0 1.0 0.0 1.0 1.0 1.0 1.0 1.0 1.0 1.0 1.0 1.0 1.0 1.0 1.0 1.0 1.0 1.0 1.0 1.0 1.0 1.0 1.0 1.0 1.0 1.0 1.0 
1.0 1.0 1.0 1.0 1.0 1.0 1.0 1.0 0.0 1.0 1.0 1.0 1.0 1.0 1.0 1.0 1.0 1.0 1.0 1.0 1.0 1.0 1.0 1.0 1.0 1.0 1.0 1.0 1.0 1.0 1.0 1.0 
1.0 1.0 1.0 1.0 1.0 1.0 1.0 1.0 1.0 0.0 1.0 1.0 1.0 1.0 1.0 1.0 1.0 1.0 1.0 1.0 1.0 1.0 1.0 1.0 1.0 1.0 1.0 1.0 1.0 1.0 1.0 1.0 
1.0 1.0 1.0 1.0 1.0 1.0 1.0 1.0 1.0 1.0 0.0 1.0 1.0 1.0 1.0 1.0 1.0 1.0 1.0 1.0 1.0 1.0 1.0 1.0 1.0 1.0 1.0 1.0 1.0 1.0 1.0 1.0 
1.0 1.0 1.0 1.0 1.0 1.0 1.0 1.0 1.0 1.0 1.0 0.0 1.0 1.0 1.0 1.0 1.0 1.0 1.0 1.0 1.0 1.0 1.0 1.0 1.0 1.0 1.0 1.0 1.0 1.0 1.0 1.0 
1.0 1.0 1.0 1.0 1.0 1.0 1.0 1.0 1.0 1.0 1.0 1.0 0.0 1.0 1.0 1.0 1.0 1.0 1.0 1.0 1.0 1.0 1.0 1.0 1.0 1.0 1.0 1.0 1.0 1.0 1.0 1.0 
1.0 1.0 1.0 1.0 1.0 1.0 1.0 1.0 1.0 1.0 1.0 1.0 1.0 0.0 1.0 1.0 1.0 1.0 1.0 1.0 1.0 1.0 1.0 1.0 1.0 1.0 1.0 1.0 1.0 1.0 1.0 1.0 
1.0 1.0 1.0 1.0 1.0 1.0 1.0 1.0 1.0 1.0 1.0 1.0 1.0 1.0 0.0 1.0 1.0 1.0 1.0 1.0 1.0 1.0 1.0 1.0 1.0 1.0 1.0 1.0 1.0 1.0 1.0 1.0 
1.0 1.0 1.0 1.0 1.0 1.0 1.0 1.0 1.0 1.0 1.0 1.0 1.0 1.0 1.0 0.0 1.0 1.0 1.0 1.0 1.0 1.0 1.0 1.0 1.0 1.0 1.0 1.0 1.0 1.0 1.0 1.0 
1.0 1.0 1.0 1.0 1.0 1.0 1.0 1.0 1.0 1.0 1.0 1.0 1.0 1.0 1.0 1.0 0.0 1.0 1.0 1.0 1.0 1.0 1.0 1.0 1.0 1.0 1.0 1.0 1.0 1.0 1.0 1.0 
1.0 1.0 1.0 1.0 1.0 1.0 1.0 1.0 1.0 1.0 1.0 1.0 1.0 1.0 1.0 1.0 1.0 0.0 1.0 1.0 1.0 1.0 1.0 1.0 1.0 1.0 1.0 1.0 1.0 1.0 1.0 1.0 
1.0 1.0 1.0 1.0 1.0 1.0 1.0 1.0 1.0 1.0 1.0 1.0 1.0 1.0 1.0 1.0 1.0 1.0 0.0 1.0 1.0 1.0 1.0 1.0 1.0 1.0 1.0 1.0 1.0 1.0 1.0 1.0 
1.0 1.0 1.0 1.0 1.0 1.0 1.0 1.0 1.0 1.0 1.0 1.0 1.0 1.0 1.0 1.0 1.0 1.0 1.0 0.0 1.0 1.0 1.0 1.0 1.0 1.0 1.0 1.0 1.0 1.0 1.0 1.0 
1.0 1.0 1.0 1.0 1.0 1.0 1.0 1.0 1.0 1.0 1.0 1.0 1.0 1.0 1.0 1.0 1.0 1.0 1.0 1.0 0.0 1.0 1.0 1.0 1.0 1.0 1.0 1.0 1.0 1.0 1.0 1.0 
1.0 1.0 1.0 1.0 1.0 1.0 1.0 1.0 1.0 1.0 1.0 1.0 1.0 1.0 1.0 1.0 1.0 1.0 1.0 1.0 1.0 0.0 1.0 1.0 1.0 1.0 1.0 1.0 1.0 1.0 1.0 1.0 
1.0 1.0 1.0 1.0 1.0 1.0 1.0 1.0 1.0 1.0 1.0 1.0 1.0 1.0 1.0 1.0 1.0 1.0 1.0 1.0 1.0 1.0 0.0 1.0 1.0 1.0 1.0 1.0 1.0 1.0 1.0 1.0 
1.0 1.0 1.0 1.0 1.0 1.0 1.0 1.0 1.0 1.0 1.0 1.0 1.0 1.0 1.0 1.0 1.0 1.0 1.0 1.0 1.0 1.0 1.0 0.0 1.0 1.0 1.0 1.0 1.0 1.0 1.0 1.0 
1.0 1.0 1.0 1.0 1.0 1.0 1.0 1.0 1.0 1.0 1.0 1.0 1.0 1.0 1.0 1.0 1.0 1.0 1.0 1.0 1.0 1.0 1.0 1.0 0.0 1.0 1.0 1.0 1.0 1.0 1.0 1.0 
1.0 1.0 1.0 1.0 1.0 1.0 1.0 1.0 1.0 1.0 1.0 1.0 1.0 1.0 1.0 1.0 1.0 1.0 1.0 1.0 1.0 1.0 1.0 1.0 1.0 0.0 1.0 1.0 1.0 1.0 1.0 1.0 
1.0 1.0 1.0 1.0 1.0 1.0 1.0 1.0 1.0 1.0 1.0 1.0 1.0 1.0 1.0 1.0 1.0 1.0 1.0 1.0 1.0 1.0 1.0 1.0 1.0 1.0 0.0 1.0 1.0 1.0 1.0 1.0 
1.0 1.0 1.0 1.0 1.0 1.0 1.0 1.0 1.0 1.0 1.0 1.0 1.0 1.0 1.0 1.0 1.0 1.0 1.0 1.0 1.0 1.0 1.0 1.0 1.0 1.0 1.0 0.0 1.0 1.0 1.0 1.0 
1.0 1.0 1.0 1.0 1.0 1.0 1.0 1.0 1.0 1.0 1.0 1.0 1.0 1.0 1.0 1.0 1.0 1.0 1.0 1.0 1.0 1.0 1.0 1.0 1.0 1.0 1.0 1.0 0.0 1.0 1.0 1.0 
1.0 1.0 1.0 1.0 1.0 1.0 1.0 1.0 1.0 1.0 1.0 1.0 1.0 1.0 1.0 1.0 1.0 1.0 1.0 1.0 1.0 1.0 1.0 1.0 1.0 1.0 1.0 1.0 1.0 0.0 1.0 1.0 
1.0 1.0 1.0 1.0 1.0 1.0 1.0 1.0 1.0 1.0 1.0 1.0 1.0 1.0 1.0 1.0 1.0 1.0 1.0 1.0 1.0 1.0 1.0 1.0 1.0 1.0 1.0 1.0 1.0 1.0 0.0 1.0 
1.0 1.0 1.0 1.0 1.0 1.0 1.0 1.0 1.0 1.0 1.0 1.0 1.0 1.0 1.0 1.0 1.0 1.0 1.0 1.0 1.0 1.0 1.0 1.0 1.0 1.0 1.0 1.0 1.0 1.0 1.0 0.0 