16
92 42 59 74 83 99 87 20 2 72 30 18 57 81 41 94 
42 7 81 26 37 33 26 46 62 21 43 29 94 48 79 50 
63 72 2 4 25 88 18 23 24 80 87 26 19 24 59 47 
28 90 51 90 36 68 23 99 99 64 59 3 21 56 25 87 
48 96 65 13 12 49 67 7 57 13 25 30 28 65 86 61 
61 32 79 100 60 41 31 97 53 84 62 97 97 17 84 10 
100 42 91 16 82 35 54 5 27 70 29 78 40 59 60 27 
56 69 43 45 6 36 25 81 1 51 36 58 80 29 35 79 
57 88 68 19 34 87 42 21 71 73 26 11 96 100 54 30 
39 62 52 89 77 67 73 55 52 44 65 21 78 3 19 48 
8 56 32 81 26 40 100 67 57 83 11 61 74 37 44 24 
12 60 95 80 88 17 64 41 46 23 98 37 49 13 2 66 
6 42 84 99 14 30 23 52 44 59 18 12 64 11 32 28 
100 50 86 32 51 12 3 94 4 24 1 91 39 64 100 12 
30 42 62 47 48 34 31 87 40 6 75 43 94 60 54 68 
27 63 32 72 71 83 24 77 26 57 96 84 7 10 20 5 
0.0 1.0 1.0 1.0 1.0 1.0 1.0 1.0 1.0 1.0 1.0 1.0 1.0 1.0 1.0 1.0 
1.0 0.0 1.0 1.0 1.0 1.0 1.0 1.0 1.0 1.0 1.0 1.0 1.0 1.0 1.0 1.0 
1.0 1.0 0.0 1.0 1.0 1.0 1.0 1.0 1.0 1.0 1.0 1.0 1.0 1.0 1.0 1.0 
1.0 1.0 1.0 0.0 1.0 1.0 1.0 1.0 1.0 1.0 1.0 1.0 1.0 1.0 1.0 1.0 
1.0 1.0 1.0 1.0 0.0 1.0 1.0 1.0 1.0 1.0 1.0 1.0 1.0 1.0 1.0 1.0 
1.0 1.0 1.0 1.0 1.0 0.0 1.0 1.0 1.0 1.0 1.0 1.0 1.0 1.0 1.0 1.0 
1.0 1.0 1.0 1.0 1.0 1.0 0.0 1.0 1.0 1.0 1.0 1.0 1.0 1.0 1.0 1.0 
1.0 1.0 1.0 1.0 1.0 1.0 1.0 0.0 1.0 1.0 1.0 1.0 1.0 1.0 1.0 1.0 
1.0 1.0 1.0 1.0 1.0 1.0 1.0 1.0 0.0 1.0 1.0 1.0 1.0 1.0 1.0 1.0 
1.0 1.0 1.0 1.0 1.0 1.0 1.0 1.0 1.0 0.0 1.0 1.0 1.0 1.0 1.0 1.0 
1.0 1.0 1.0 1.0 1.0 1.0 1.0 1.0 1.0 1.0 0.0 1.0 1.0 1.0 1.0 1.0 
1.0 1.0 1.0 1.0 1.0 1.0 1.0 1.0 1.0 1.0 1.0 0.0 1.0 1.0 1.0 1.0 
1.0 1.0 1.0 1.0 1.0 1.0 1.0 1.0 1.0 1.0 1.0 1.0 0.0 1.0 1.0 1.0 
1.0 1.0 1.0 1.0 1.0 1.0 1.0 1.0 1.0 1.0 1.0 1.0 1.0 0.0 1.0 1.0 
1.0 1.0 1.0 1.0 1.0 1.0 1.0 1.0 1.0 1.0 1.0 1.0 1.0 1.0 0.0 1.0 
1.0 1.0 1.0 1.0 1.0 1.0 1.0 1.0 1.0 1.0 1.0 1.0 1.0 1.0 1.0 0.0 