32
87 52 67 69 24 35 94 56 34 30 87 21 4 76 43 87 21 16 32 18 95 85 22 100 98 74 39 18 99 93 35 100 
89 6 79 51 79 32 44 79 73 54 76 51 25 21 86 97 49 91 53 17 26 41 47 58 79 92 100 18 61 20 24 80 
24 37 59 30 7 30 81 57 52 34 95 28 1 97 16 25 51 45 22 5 98 67 53 19 41 92 50 99 30 63 45 94 
22 91 31 76 42 27 99 81 81 54 49 80 42 64 95 16 10 77 17 81 97 78 25 19 8 44 76 86 32 93 80 61 
80 81 62 41 46 61 44 90 83 38 27 70 33 10 34 42 79 49 28 38 95 74 95 64 22 90 52 96 24 61 90 18 
62 45 12 64 42 17 31 13 19 99 64 63 88 68 11 88 4 29 21 5 77 9 14 86 67 2 24 73 37 5 35 4 
95 82 46 93 20 88 88 66 6 26 19 84 3 60 36 58 52 11 93 48 35 59 63 66 93 49 31 75 66 21 2 55 
15 68 28 93 90 28 89 33 51 21 53 12 7 96 50 26 24 8 56 71 91 70 45 95 80 57 68 87 36 26 16 84 
47 29 57 67 57 12 16 34 31 17 79 67 100 18 70 49 84 65 74 71 49 13 28 84 73 29 86 38 20 56 59 55 
30 27 88 22 38 76 6 46 3 1 29 54 24 60 60 17 7 100 93 78 57 23 59 46 3 43 66 32 45 29 67 63 
56 19 49 33 68 63 76 98 20 83 29 26 76 84 28 82 11 72 13 96 79 54 95 41 23 22 50 37 52 49 33 74 
5 90 90 36 74 16 58 100 75 3 99 53 25 58 59 52 70 12 19 19 59 4 7 96 2 53 36 29 68 51 62 48 
10 62 98 18 94 2 57 17 40 81 42 75 31 48 50 39 99 76 39 89 38 31 26 97 67 70 67 12 91 49 84 50 
47 58 33 52 52 50 21 19 1 50 85 62 3 83 66 53 65 32 66 97 71 48 68 34 59 66 94 25 68 67 7 95 
24 36 25 51 41 91 15 22 71 84 15 65 87 74 49 39 91 99 64 91 33 85 59 24 55 21 94 12 31 35 95 46 
100 97 23 7 86 10 10 31 75 39 65 43 63 29 25 76 10 58 30 32 69 8 36 18 13 10 82 25 74 67 15 42 
44 90 80 97 100 60 20 63 27 39 28 19 27 47 49 26 97 2 8 67 50 87 55 3 79 91 86 95 34 68 38 71 
85 67 80 21 45 28 22 37 22 49 55 36 48 20 94 79 43 76 23 12 78 68 1 36 26 68 83 4 83 98 42 82 
96 11 17 51 66 19 19 77 61 12 30 68 45 8 96 92 52 33 59 5 37 79 60 91 19 85 76 67 14 65 74 68 
44 49 44 72 38 41 62 43 71 88 32 95 48 52 72 65 97 56 4 10 64 89 48 39 73 27 15 26 1 86 97 87 
38 47 42 31 99 85 49 64 86 4 3 58 94 34 68 14 73 25 89 98 29 42 79 24 79 70 23 66 38 15 80 26 
11 41 14 32 46 58 84 56 58 14 32 69 95 46 18 83 25 11 71 68 73 35 36 70 76 15 4 76 62 100 31 54 
55 37 90 25 19 79 42 13 69 81 45 59 39 89 4 30 93 87 46 61 76 77 3 53 7 29 86 52 7 41 88 20 
64 32 83 4 60 17 100 5 69 51 32 54 3 24 42 46 31 42 54 68 49 97 64 33 48 85 93 44 32 56 76 94 
81 21 5 65 28 62 69 68 62 26 93 30 6 19 7 75 27 76 7 70 84 2 65 99 94 35 78 61 80 32 58 29 
92 36 29 29 70 12 82 50 69 14 90 21 13 65 74 4 95 68 64 25 4 98 2 48 82 62 15 94 59 72 94 28 
100 52 1 21 75 48 18 30 73 10 20 72 85 8 90 57 61 36 98 63 95 18 42 81 68 81 49 42 25 56 19 38 
13 87 9 20 79 14 59 78 3 51 1 60 73 24 46 5 87 15 68 32 33 100 88 51 22 5 39 72 79 76 47 8 
25 8 69 44 10 91 85 3 63 69 73 69 94 47 44 50 50 71 11 41 1 91 72 69 78 55 91 24 53 23 17 17 
41 62 43 33 42 5 91 25 92 65 41 19 69 91 78 77 71 11 6 57 100 73 74 75 35 98 11 45 87 50 68 33 
99 64 48 92 44 70 41 75 62 88 86 10 71 66 4 71 58 7 70 17 43 80 34 91 58 69 58 62 41 61 85 43 
51 60 27 31 43 54 60 65 94 12 57 69 36 60 47 60 74 7 10 29 38 98 46 71 28 99 28 56 12 59 55 66 
0.0 1.0 1.0 1.0 1.0 1.0 1.0 1.0 1.0 1.0 1.0 1.0 1.0 1.0 1.0 1.0 1.0 1.0 1.0 1.0 1.0 1.0 1.0 1.0 1.0 1.0 1.0 1.0 1.0 1.0 1.0 1.0 
1.0 0.0 1.0 1.0 1.0 1.0 1.0 1.0 1.0 1.0 1.0 1.0 1.0 1.0 1.0 1.0 1.0 1.0 1.0 1.0 1.0 1.0 1.0 1.0 1.0 1.0 1.0 1.0 1.0 1.0 1.0 1.0 
1.0 1.0 0.0 1.0 1.0 1.0 1.0 1.0 1.0 1.0 1.0 1.0 1.0 1.0 1.0 1.0 1.0 1.0 1.0 1.0 1.0 1.0 1.0 1.0 1.0 1.0 1.0 1.0 1.0 1.0 1.0 1.0 
1.0 1.0 1.0 0.0 1.0 1.0 1.0 1.0 1.0 1.0 1.0 1.0 1.0 1.0 1.0 1.0 1.0 1.0 1.0 1.0 1.0 1.0 1.0 1.0 1.0 1.0 1.0 1.0 1.0 1.0 1.0 1.0 
1.0 1.0 1.0 1.0 0.0 1.0 1.0 1.0 1.0 1.0 1.0 1.0 1.0 1.0 1.0 1.0 1.0 1.0 1.0 1.0 1.0 1.0 1.0 1.0 1.0 1.0 1.0 1.0 1.0 1.0 1.0 1.0 
1.0 1.0 1.0 1.0 1.0 0.0 1.0 1.0 1.0 1.0 1.0 1.0 1.0 1.0 1.0 1.0 1.0 1.0 1.0 1.0 1.0 1.0 1.0 1.0 1.0 1.0 1.0 1.0 1.0 1.0 1.0 1.0 
1.0 1.0 1.0 1.0 1.0 1.0 0.0 1.0 1.0 1.0 1.0 1.0 1.0 1.0 1.0 1.0 1.0 1.0 1.0 1.0 1.0 1.0 1.0 1.0 1.0 1.0 1.0 1.0 1.0 1.0 1.0 1.0 
1.0 1.0 1.0 1.0 1.0 1.0 1.0 0.0 1.0 1.0 1.0 1.0 1.0 1.0 1.0 1.0 1.0 1.0 1.0 1.0 1.0 1.0 1.0 1.0 1.0 1.0 1.0 1.0 1.0 1.0 1.0 1.0 
1.0 1.0 1.0 1.0 1.0 1.0 1.0 1.0 0.0 1.0 1.0 1.0 1.0 1.0 1.0 1.0 1.0 1.0 1.0 1.0 1.0 1.0 1.0 1.0 1.0 1.0 1.0 1.0 1.0 1.0 1.0 1.0 
1.0 1.0 1.0 1.0 1.0 1.0 1.0 1.0 1.0 0.0 1.0 1.0 1.0 1.0 1.0 1.0 1.0 1.0 1.0 1.0 1.0 1.0 1.0 1.0 1.0 1.0 1.0 1.0 1.0 1.0 1.0 1.0 
1.0 1.0 1.0 1.0 1.0 1.0 1.0 1.0 1.0 1.0 0.0 1.0 1.0 1.0 1.0 1.0 1.0 1.0 1.0 1.0 1.0 1.0 1.0 1.0 1.0 1.0 1.0 1.0 1.0 1.0 1.0 1.0 
1.0 1.0 1.0 1.0 1.0 1.0 1.0 1.0 1.0 1.0 1.0 0.0 1.0 1.0 1.0 1.0 1.0 1.0 1.0 1.0 1.0 1.0 1.0 1.0 1.0 1.0 1.0 1.0 1.0 1.0 1.0 1.0 
1.0 1.0 1.0 1.0 1.0 1.0 1.0 1.0 1.0 1.0 1.0 1.0 0.0 1.0 1.0 1.0 1.0 1.0 1.0 1.0 1.0 1.0 1.0 1.0 1.0 1.0 1.0 1.0 1.0 1.0 1.0 1.0 
1.0 1.0 1.0 1.0 1.0 1.0 1.0 1.0 1.0 1.0 1.0 1.0 1.0 0.0 1.0 1.0 1.0 1.0 1.0 1.0 1.0 1.0 1.0 1.0 1.0 1.0 1.0 1.0 1.0 1.0 1.0 1.0 
1.0 1.0 1.0 1.0 1.0 1.0 1.0 1.0 1.0 1.0 1.0 1.0 1.0 1.0 0.0 1.0 1.0 1.0 1.0 1.0 1.0 1.0 1.0 1.0 1.0 1.0 1.0 1.0 1.0 1.0 1.0 1.0 
1.0 1.0 1.0 1.0 1.0 1.0 1.0 1.0 1.0 1.0 1.0 1.0 1.0 1.0 1.0 0.0 1.0 1.0 1.0 1.0 1.0 1.0 1.0 1.0 1.0 1.0 1.0 1.0 1.0 1.0 1.0 1.0 
1.0 1.0 1.0 1.0 1.0 1.0 1.0 1.0 1.0 1.0 1.0 1.0 1.0 1.0 1.0 1.0 0.0 1.0 1.0 1.0 1.0 1.0 1.0 1.0 1.0 1.0 1.0 1.0 1.0 1.0 1.0 1.0 
1.0 1.0 1.0 1.0 1.0 1.0 1.0 1.0 1.0 1.0 1.0 1.0 1.0 1.0 1.0 1.0 1.0 0.0 1.0 1.0 1.0 1.0 1.0 1.0 1.0 1.0 1.0 1.0 1.0 1.0 1.0 1.0 
1.0 1.0 1.0 1.0 1.0 1.0 1.0 1.0 1.0 1.0 1.0 1.0 1.0 1.0 1.0 1.0 1.0 1.0 0.0 1.0 1.0 1.0 1.0 1.0 1.0 1.0 1.0 1.0 1.0 1.0 1.0 1.0 
1.0 1.0 1.0 1.0 1.0 1.0 1.0 1.0 1.0 1.0 1.0 1.0 1.0 1.0 1.0 1.0 1.0 1.0 1.0 0.0 1.0 1.0 1.0 1.0 1.0 1.0 1.0 1.0 1.0 1.0 1.0 1.0 
1.0 1.0 1.0 1.0 1.0 1.0 1.0 1.0 1.0 1.0 1.0 1.0 1.0 1.0 1.0 1.0 1.0 1.0 1.0 1.0 0.0 1.0 1.0 1.0 1.0 1.0 1.0 1.0 1.0 1.0 1.0 1.0 
1.0 1.0 1.0 1.0 1.0 1.0 1.0 1.0 1.0 1.0 1.0 1.0 1.0 1.0 1.0 1.0 1.0 1.0 1.0 1.0 1.0 0.0 1.0 1.0 1.0 1.0 1.0 1.0 1.0 1.0 1.0 1.0 
1.0 1.0 1.0 1.0 1.0 1.0 1.0 1.0 1.0 1.0 1.0 1.0 1.0 1.0 1.0 1.0 1.0 1.0 1.0 1.0 1.0 1.0 0.0 1.0 1.0 1.0 1.0 1.0 1.0 1.0 1.0 1.0 
1.0 1.0 1.0 1.0 1.0 1.0 1.0 1.0 1.0 1.0 1.0 1.0 1.0 1.0 1.0 1.0 1.0 1.0 1.0 1.0 1.0 1.0 1.0 0.0 1.0 1.0 1.0 1.0 1.0 1.0 1.0 1.0 
1.0 1.0 1.0 1.0 1.0 1.0 1.0 1.0 1.0 1.0 1.0 1.0 1.0 1.0 1.0 1.0 1.0 1.0 1.0 1.0 1.0 1.0 1.0 1.0 0.0 1.0 1.0 1.0 1.0 1.0 1.0 1.0 
1.0 1.0 1.0 1.0 1.0 1.0 1.0 1.0 1.0 1.0 1.0 1.0 1.0 1.0 1.0 1.0 1.0 1.0 1.0 1.0 1.0 1.0 1.0 1.0 1.0 0.0 1.0 1.0 1.0 1.0 1.0 1.0 
1.0 1.0 1.0 1.0 1.0 1.0 1.0 1.0 1.0 1.0 1.0 1.0 1.0 1.0 1.0 1.0 1.0 1.0 1.0 1.0 1.0 1.0 1.0 1.0 1.0 1.0 0.0 1.0 1.0 1.0 1.0 1.0 
1.0 1.0 1.0 1.0 1.0 1.0 1.0 1.0 1.0 1.0 1.0 1.0 1.0 1.0 1.0 1.0 1.0 1.0 1.0 1.0 1.0 1.0 1.0 1.0 1.0 1.0 1.0 0.0 1.0 1.0 1.0 1.0 
1.0 1.0 1.0 1.0 1.0 1.0 1.0 1.0 1.0 1.0 1.0 1.0 1.0 1.0 1.0 1.0 1.0 1.0 1.0 1.0 1.0 1.0 1.0 1.0 1.0 1.0 1.0 1.0 0.0 1.0 1.0 1.0 
1.0 1.0 1.0 1.0 1.0 1.0 1.0 1.0 1.0 1.0 1.0 1.0 1.0 1.0 1.0 1.0 1.0 1.0 1.0 1.0 1.0 1.0 1.0 1.0 1.0 1.0 1.0 1.0 1.0 0.0 1.0 1.0 
1.0 1.0 1.0 1.0 1.0 1.0 1.0 1.0 1.0 1.0 1.0 1.0 1.0 1.0 1.0 1.0 1.0 1.0 1.0 1.0 1.0 1.0 1.0 1.0 1.0 1.0 1.0 1.0 1.0 1.0 0.0 1.0 
1.0 1.0 1.0 1.0 1.0 1.0 1.0 1.0 1.0 1.0 1.0 1.0 1.0 1.0 1.0 1.0 1.0 1.0 1.0 1.0 1.0 1.0 1.0 1.0 1.0 1.0 1.0 1.0 1.0 1.0 1.0 0.0 