16
56 62 11 37 61 83 24 50 47 2 55 95 70 45 54 93 
20 95 67 44 56 54 24 71 49 31 34 23 63 28 11 76 
17 81 58 49 93 56 29 22 89 61 52 21 94 45 18 92 
7 71 28 4 30 86 25 40 5 26 18 15 62 100 22 65 
63 61 20 98 16 61 80 66 39 47 91 15 31 44 69 91 
3 74 43 86 58 28 75 42 34 48 74 90 64 39 3 36 
35 60 13 53 90 99 22 51 77 31 40 46 71 100 33 7 
33 6 96 86 8 82 69 59 31 81 93 83 60 59 9 88 
42 32 73 25 91 63 12 95 85 24 64 50 18 76 9 91 
42 64 22 6 23 53 57 21 45 28 42 91 25 87 65 15 
16 9 79 4 58 62 70 100 57 49 72 7 2 38 94 60 
47 63 78 54 95 52 90 45 58 87 12 27 38 84 78 91 
21 38 98 76 9 90 60 53 80 43 89 32 13 88 8 94 
76 82 42 42 51 26 81 100 81 13 100 23 82 67 6 9 
62 12 78 85 12 50 16 31 45 60 26 88 6 5 31 42 
11 61 72 9 22 63 8 36 54 40 98 92 10 9 56 71 
0.0 1.0 1.0 1.0 1.0 1.0 1.0 1.0 1.0 1.0 1.0 1.0 1.0 1.0 1.0 1.0 
1.0 0.0 1.0 1.0 1.0 1.0 1.0 1.0 1.0 1.0 1.0 1.0 1.0 1.0 1.0 1.0 
1.0 1.0 0.0 1.0 1.0 1.0 1.0 1.0 1.0 1.0 1.0 1.0 1.0 1.0 1.0 1.0 
1.0 1.0 1.0 0.0 1.0 1.0 1.0 1.0 1.0 1.0 1.0 1.0 1.0 1.0 1.0 1.0 
1.0 1.0 1.0 1.0 0.0 1.0 1.0 1.0 1.0 1.0 1.0 1.0 1.0 1.0 1.0 1.0 
1.0 1.0 1.0 1.0 1.0 0.0 1.0 1.0 1.0 1.0 1.0 1.0 1.0 1.0 1.0 1.0 
1.0 1.0 1.0 1.0 1.0 1.0 0.0 1.0 1.0 1.0 1.0 1.0 1.0 1.0 1.0 1.0 
1.0 1.0 1.0 1.0 1.0 1.0 1.0 0.0 1.0 1.0 1.0 1.0 1.0 1.0 1.0 1.0 
1.0 1.0 1.0 1.0 1.0 1.0 1.0 1.0 0.0 1.0 1.0 1.0 1.0 1.0 1.0 1.0 
1.0 1.0 1.0 1.0 1.0 1.0 1.0 1.0 1.0 0.0 1.0 1.0 1.0 1.0 1.0 1.0 
1.0 1.0 1.0 1.0 1.0 1.0 1.0 1.0 1.0 1.0 0.0 1.0 1.0 1.0 1.0 1.0 
1.0 1.0 1.0 1.0 1.0 1.0 1.0 1.0 1.0 1.0 1.0 0.0 1.0 1.0 1.0 1.0 
1.0 1.0 1.0 1.0 1.0 1.0 1.0 1.0 1.0 1.0 1.0 1.0 0.0 1.0 1.0 1.0 
1.0 1.0 1.0 1.0 1.0 1.0 1.0 1.0 1.0 1.0 1.0 1.0 1.0 0.0 1.0 1.0 
1.0 1.0 1.0 1.0 1.0 1.0 1.0 1.0 1.0 1.0 1.0 1.0 1.0 1.0 0.0 1.0 
1.0 1.0 1.0 1.0 1.0 1.0 1.0 1.0 1.0 1.0 1.0 1.0 1.0 1.0 1.0 0.0 