32
16 32 58 42 97 88 96 80 62 48 63 5 67 58 28 51 70 23 31 95 9 45 44 55 59 47 64 99 71 89 45 20 
64 91 22 86 7 63 75 51 32 37 44 55 34 65 68 16 41 90 17 32 34 92 81 62 63 55 34 74 51 75 72 1 
67 96 42 56 92 80 5 59 12 26 18 81 46 1 93 32 30 14 33 1 61 39 61 55 82 74 43 9 58 6 45 89 
71 55 34 9 7 92 74 95 81 67 69 62 30 100 95 84 39 86 67 16 11 98 87 68 62 18 1 43 88 20 6 88 
29 70 34 97 6 95 97 89 16 81 99 2 23 100 30 9 43 75 84 97 37 65 53 99 16 56 55 71 94 6 81 22 
14 64 91 18 73 4 7 5 41 17 20 97 8 51 18 70 38 96 53 47 64 94 86 38 81 68 90 99 2 94 14 24 
2 100 81 32 77 32 100 75 62 60 76 22 25 81 85 45 81 39 24 31 44 39 61 74 78 55 27 43 26 25 76 21 
3 84 79 19 36 54 1 25 4 97 74 57 62 26 88 15 94 37 2 12 84 63 59 100 64 42 3 20 74 59 40 1 
7 36 21 71 72 11 8 21 7 68 15 80 78 82 66 63 28 48 73 27 11 57 76 66 46 55 4 72 97 43 4 5 
79 31 6 57 77 52 22 84 52 11 71 78 10 38 77 85 94 11 97 35 27 18 19 76 18 82 69 60 82 13 68 39 
27 54 3 99 42 94 37 56 74 5 89 79 14 51 4 48 56 45 60 56 39 88 50 73 42 76 9 29 57 100 87 95 
44 98 76 66 75 6 89 9 58 45 80 76 6 41 96 21 47 6 41 52 60 36 21 58 28 58 37 73 11 33 63 53 
14 69 40 25 3 13 81 87 99 33 17 43 67 39 65 89 67 64 29 87 42 85 55 88 3 97 90 49 48 33 1 50 
40 72 62 75 54 57 3 17 31 79 17 95 97 4 72 80 71 79 29 4 70 50 71 11 17 15 90 6 77 11 79 88 
59 22 82 30 17 66 94 21 99 86 47 67 31 70 42 1 41 18 37 50 22 58 73 78 2 64 54 84 57 16 59 34 
91 8 56 94 4 2 10 51 10 26 51 2 19 77 82 84 12 53 2 100 14 97 27 87 71 81 71 51 43 58 12 29 
61 34 55 59 10 84 36 13 79 56 4 37 57 44 73 21 45 37 22 66 25 16 21 63 11 96 27 34 56 15 78 4 
39 36 18 23 70 26 28 13 69 91 50 31 74 69 59 74 87 36 13 54 37 65 8 30 6 18 58 85 32 85 53 83 
76 49 40 63 98 1 8 57 28 34 46 85 85 41 56 39 1 28 73 9 35 85 30 39 81 19 94 58 16 9 79 76 
46 90 46 71 71 22 85 29 72 8 25 54 82 22 90 76 21 35 5 26 7 46 64 39 59 64 76 35 72 99 58 88 
88 61 82 81 72 53 49 24 64 33 76 27 50 55 45 22 23 6 16 46 21 4 64 86 42 41 31 66 43 84 44 99 
72 98 73 92 13 43 47 78 97 24 43 7 71 8 14 27 45 85 88 43 22 14 66 17 65 64 25 19 59 52 14 15 
97 15 70 87 39 71 83 53 28 60 49 85 87 2 61 23 18 64 86 81 50 61 60 20 67 65 75 8 26 95 10 54 
56 70 10 34 4 57 17 94 57 18 44 68 33 42 31 79 64 77 44 4 3 45 11 4 88 46 94 10 53 9 35 32 
82 88 67 80 70 52 25 76 1 76 9 52 61 90 26 93 83 32 11 23 83 30 3 62 24 60 29 1 56 39 65 56 
40 53 62 97 7 8 29 19 9 95 19 14 93 26 77 79 61 89 51 15 33 36 76 25 30 22 20 83 74 26 70 66 
34 41 28 97 32 63 57 90 93 20 6 77 61 52 30 70 66 40 61 50 44 3 23 75 93 36 23 69 77 29 32 41 
97 1 39 19 38 91 98 36 82 88 91 15 15 16 71 85 38 76 66 53 63 8 56 56 94 72 95 95 26 70 49 75 
92 6 28 6 84 87 55 55 44 33 40 43 48 39 20 42 56 8 24 24 36 9 8 91 59 59 25 40 2 97 32 18 
31 52 65 83 61 23 47 63 40 90 65 25 67 2 91 88 49 66 2 73 19 71 48 35 31 77 88 84 53 91 44 35 
76 13 26 22 89 14 97 79 72 16 42 80 15 54 7 6 69 21 24 49 85 22 61 65 66 40 45 91 57 95 99 29 
73 67 75 22 9 35 14 30 15 49 82 100 42 21 1 90 76 81 29 12 54 57 77 79 18 24 77 30 95 21 21 34 
0.0 1.0 1.0 1.0 1.0 1.0 1.0 1.0 1.0 1.0 1.0 1.0 1.0 1.0 1.0 1.0 1.0 1.0 1.0 1.0 1.0 1.0 1.0 1.0 1.0 1.0 1.0 1.0 1.0 1.0 1.0 1.0 
1.0 0.0 1.0 1.0 1.0 1.0 1.0 1.0 1.0 1.0 1.0 1.0 1.0 1.0 1.0 1.0 1.0 1.0 1.0 1.0 1.0 1.0 1.0 1.0 1.0 1.0 1.0 1.0 1.0 1.0 1.0 1.0 
1.0 1.0 0.0 1.0 1.0 1.0 1.0 1.0 1.0 1.0 1.0 1.0 1.0 1.0 1.0 1.0 1.0 1.0 1.0 1.0 1.0 1.0 1.0 1.0 1.0 1.0 1.0 1.0 1.0 1.0 1.0 1.0 
1.0 1.0 1.0 0.0 1.0 1.0 1.0 1.0 1.0 1.0 1.0 1.0 1.0 1.0 1.0 1.0 1.0 1.0 1.0 1.0 1.0 1.0 1.0 1.0 1.0 1.0 1.0 1.0 1.0 1.0 1.0 1.0 
1.0 1.0 1.0 1.0 0.0 1.0 1.0 1.0 1.0 1.0 1.0 1.0 1.0 1.0 1.0 1.0 1.0 1.0 1.0 1.0 1.0 1.0 1.0 1.0 1.0 1.0 1.0 1.0 1.0 1.0 1.0 1.0 
1.0 1.0 1.0 1.0 1.0 0.0 1.0 1.0 1.0 1.0 1.0 1.0 1.0 1.0 1.0 1.0 1.0 1.0 1.0 1.0 1.0 1.0 1.0 1.0 1.0 1.0 1.0 1.0 1.0 1.0 1.0 1.0 
1.0 1.0 1.0 1.0 1.0 1.0 0.0 1.0 1.0 1.0 1.0 1.0 1.0 1.0 1.0 1.0 1.0 1.0 1.0 1.0 1.0 1.0 1.0 1.0 1.0 1.0 1.0 1.0 1.0 1.0 1.0 1.0 
1.0 1.0 1.0 1.0 1.0 1.0 1.0 0.0 1.0 1.0 1.0 1.0 1.0 1.0 1.0 1.0 1.0 1.0 1.0 1.0 1.0 1.0 1.0 1.0 1.0 1.0 1.0 1.0 1.0 1.0 1.0 1.0 
1.0 1.0 1.0 1.0 1.0 1.0 1.0 1.0 0.0 1.0 1.0 1.0 1.0 1.0 1.0 1.0 1.0 1.0 1.0 1.0 1.0 1.0 1.0 1.0 1.0 1.0 1.0 1.0 1.0 1.0 1.0 1.0 
1.0 1.0 1.0 1.0 1.0 1.0 1.0 1.0 1.0 0.0 1.0 1.0 1.0 1.0 1.0 1.0 1.0 1.0 1.0 1.0 1.0 1.0 1.0 1.0 1.0 1.0 1.0 1.0 1.0 1.0 1.0 1.0 
1.0 1.0 1.0 1.0 1.0 1.0 1.0 1.0 1.0 1.0 0.0 1.0 1.0 1.0 1.0 1.0 1.0 1.0 1.0 1.0 1.0 1.0 1.0 1.0 1.0 1.0 1.0 1.0 1.0 1.0 1.0 1.0 
1.0 1.0 1.0 1.0 1.0 1.0 1.0 1.0 1.0 1.0 1.0 0.0 1.0 1.0 1.0 1.0 1.0 1.0 1.0 1.0 1.0 1.0 1.0 1.0 1.0 1.0 1.0 1.0 1.0 1.0 1.0 1.0 
1.0 1.0 1.0 1.0 1.0 1.0 1.0 1.0 1.0 1.0 1.0 1.0 0.0 1.0 1.0 1.0 1.0 1.0 1.0 1.0 1.0 1.0 1.0 1.0 1.0 1.0 1.0 1.0 1.0 1.0 1.0 1.0 
1.0 1.0 1.0 1.0 1.0 1.0 1.0 1.0 1.0 1.0 1.0 1.0 1.0 0.0 1.0 1.0 1.0 1.0 1.0 1.0 1.0 1.0 1.0 1.0 1.0 1.0 1.0 1.0 1.0 1.0 1.0 1.0 
1.0 1.0 1.0 1.0 1.0 1.0 1.0 1.0 1.0 1.0 1.0 1.0 1.0 1.0 0.0 1.0 1.0 1.0 1.0 1.0 1.0 1.0 1.0 1.0 1.0 1.0 1.0 1.0 1.0 1.0 1.0 1.0 
1.0 1.0 1.0 1.0 1.0 1.0 1.0 1.0 1.0 1.0 1.0 1.0 1.0 1.0 1.0 0.0 1.0 1.0 1.0 1.0 1.0 1.0 1.0 1.0 1.0 1.0 1.0 1.0 1.0 1.0 1.0 1.0 
1.0 1.0 1.0 1.0 1.0 1.0 1.0 1.0 1.0 1.0 1.0 1.0 1.0 1.0 1.0 1.0 0.0 1.0 1.0 1.0 1.0 1.0 1.0 1.0 1.0 1.0 1.0 1.0 1.0 1.0 1.0 1.0 
1.0 1.0 1.0 1.0 1.0 1.0 1.0 1.0 1.0 1.0 1.0 1.0 1.0 1.0 1.0 1.0 1.0 0.0 1.0 1.0 1.0 1.0 1.0 1.0 1.0 1.0 1.0 1.0 1.0 1.0 1.0 1.0 
1.0 1.0 1.0 1.0 1.0 1.0 1.0 1.0 1.0 1.0 1.0 1.0 1.0 1.0 1.0 1.0 1.0 1.0 0.0 1.0 1.0 1.0 1.0 1.0 1.0 1.0 1.0 1.0 1.0 1.0 1.0 1.0 
1.0 1.0 1.0 1.0 1.0 1.0 1.0 1.0 1.0 1.0 1.0 1.0 1.0 1.0 1.0 1.0 1.0 1.0 1.0 0.0 1.0 1.0 1.0 1.0 1.0 1.0 1.0 1.0 1.0 1.0 1.0 1.0 
1.0 1.0 1.0 1.0 1.0 1.0 1.0 1.0 1.0 1.0 1.0 1.0 1.0 1.0 1.0 1.0 1.0 1.0 1.0 1.0 0.0 1.0 1.0 1.0 1.0 1.0 1.0 1.0 1.0 1.0 1.0 1.0 
1.0 1.0 1.0 1.0 1.0 1.0 1.0 1.0 1.0 1.0 1.0 1.0 1.0 1.0 1.0 1.0 1.0 1.0 1.0 1.0 1.0 0.0 1.0 1.0 1.0 1.0 1.0 1.0 1.0 1.0 1.0 1.0 
1.0 1.0 1.0 1.0 1.0 1.0 1.0 1.0 1.0 1.0 1.0 1.0 1.0 1.0 1.0 1.0 1.0 1.0 1.0 1.0 1.0 1.0 0.0 1.0 1.0 1.0 1.0 1.0 1.0 1.0 1.0 1.0 
1.0 1.0 1.0 1.0 1.0 1.0 1.0 1.0 1.0 1.0 1.0 1.0 1.0 1.0 1.0 1.0 1.0 1.0 1.0 1.0 1.0 1.0 1.0 0.0 1.0 1.0 1.0 1.0 1.0 1.0 1.0 1.0 
1.0 1.0 1.0 1.0 1.0 1.0 1.0 1.0 1.0 1.0 1.0 1.0 1.0 1.0 1.0 1.0 1.0 1.0 1.0 1.0 1.0 1.0 1.0 1.0 0.0 1.0 1.0 1.0 1.0 1.0 1.0 1.0 
1.0 1.0 1.0 1.0 1.0 1.0 1.0 1.0 1.0 1.0 1.0 1.0 1.0 1.0 1.0 1.0 1.0 1.0 1.0 1.0 1.0 1.0 1.0 1.0 1.0 0.0 1.0 1.0 1.0 1.0 1.0 1.0 
1.0 1.0 1.0 1.0 1.0 1.0 1.0 1.0 1.0 1.0 1.0 1.0 1.0 1.0 1.0 1.0 1.0 1.0 1.0 1.0 1.0 1.0 1.0 1.0 1.0 1.0 0.0 1.0 1.0 1.0 1.0 1.0 
1.0 1.0 1.0 1.0 1.0 1.0 1.0 1.0 1.0 1.0 1.0 1.0 1.0 1.0 1.0 1.0 1.0 1.0 1.0 1.0 1.0 1.0 1.0 1.0 1.0 1.0 1.0 0.0 1.0 1.0 1.0 1.0 
1.0 1.0 1.0 1.0 1.0 1.0 1.0 1.0 1.0 1.0 1.0 1.0 1.0 1.0 1.0 1.0 1.0 1.0 1.0 1.0 1.0 1.0 1.0 1.0 1.0 1.0 1.0 1.0 0.0 1.0 1.0 1.0 
1.0 1.0 1.0 1.0 1.0 1.0 1.0 1.0 1.0 1.0 1.0 1.0 1.0 1.0 1.0 1.0 1.0 1.0 1.0 1.0 1.0 1.0 1.0 1.0 1.0 1.0 1.0 1.0 1.0 0.0 1.0 1.0 
1.0 1.0 1.0 1.0 1.0 1.0 1.0 1.0 1.0 1.0 1.0 1.0 1.0 1.0 1.0 1.0 1.0 1.0 1.0 1.0 1.0 1.0 1.0 1.0 1.0 1.0 1.0 1.0 1.0 1.0 0.0 1.0 
1.0 1.0 1.0 1.0 1.0 1.0 1.0 1.0 1.0 1.0 1.0 1.0 1.0 1.0 1.0 1.0 1.0 1.0 1.0 1.0 1.0 1.0 1.0 1.0 1.0 1.0 1.0 1.0 1.0 1.0 1.0 0.0 