32
93 89 86 59 17 74 97 55 23 44 20 90 60 46 88 96 79 53 98 23 90 46 79 1 79 70 79 58 53 92 85 45 
71 61 91 93 95 10 40 30 2 70 66 46 99 60 77 17 78 22 8 66 16 43 84 19 41 9 45 59 26 29 37 51 
41 60 75 99 96 26 54 76 2 94 34 42 64 18 18 4 56 82 39 45 20 22 29 82 43 48 29 99 59 5 19 49 
6 54 72 20 31 4 81 37 17 80 72 39 98 62 13 80 31 81 93 7 34 38 92 88 41 10 51 29 100 26 75 47 
3 62 49 74 85 37 64 51 72 23 56 58 30 29 65 12 59 71 53 59 88 61 100 4 17 62 38 97 92 61 3 90 
20 93 15 44 95 35 92 13 4 74 62 76 61 23 76 55 68 67 77 50 7 36 36 40 41 36 1 32 62 63 98 21 
52 53 32 66 41 40 8 64 81 48 60 21 17 51 59 51 89 14 23 25 67 13 33 64 77 57 60 35 84 54 37 99 
28 33 83 29 43 48 92 36 79 34 93 12 2 51 84 55 46 35 22 18 98 89 11 42 21 4 67 81 1 92 53 56 
38 1 13 66 27 51 74 81 57 21 40 90 45 52 74 28 45 72 80 90 88 15 47 70 93 82 44 69 36 97 97 29 
92 29 92 87 29 36 86 22 87 84 90 28 29 21 74 31 39 28 30 40 79 61 89 93 12 64 93 7 47 63 73 1 
42 71 29 37 50 43 55 55 30 38 5 80 49 41 19 58 66 51 58 14 90 79 57 28 18 85 54 63 12 88 54 28 
32 8 42 6 97 4 59 58 65 59 82 70 63 28 40 91 6 43 15 6 49 11 15 23 100 94 94 63 76 89 84 5 
84 89 59 38 52 78 81 12 3 29 68 94 23 31 79 18 88 83 71 34 90 39 48 42 37 51 3 68 4 55 97 89 
61 94 54 90 88 76 84 48 86 18 46 15 43 88 1 36 84 8 69 17 44 9 97 77 28 51 50 87 94 71 56 32 
7 55 19 13 5 92 16 79 22 81 63 10 34 26 56 34 2 51 9 22 93 100 67 30 18 14 71 84 70 46 32 79 
41 91 84 34 79 17 32 21 10 45 58 21 65 84 78 61 20 89 100 98 15 7 55 41 79 92 37 29 93 49 65 27 
59 72 13 82 75 78 20 25 93 14 33 57 73 75 88 93 78 47 10 8 54 66 38 61 63 5 89 62 39 98 95 28 
89 9 34 28 94 68 77 56 68 33 16 18 85 66 43 11 8 65 32 43 29 55 15 70 18 87 89 65 67 66 98 68 
18 81 35 25 53 85 39 13 80 40 63 57 44 30 72 64 2 51 85 2 36 95 35 56 31 4 38 29 60 96 35 51 
48 4 39 93 25 36 19 45 58 69 62 3 30 82 66 35 22 99 6 25 19 69 61 89 31 26 12 1 29 10 77 78 
16 40 58 50 29 24 88 14 83 17 51 91 20 22 54 1 77 18 36 43 27 40 32 71 57 8 36 52 28 33 43 84 
67 34 52 77 60 54 25 29 21 94 62 6 13 73 97 36 66 17 9 82 56 22 38 64 46 43 73 17 55 75 26 40 
67 16 86 30 38 49 70 37 94 96 16 21 87 50 42 83 57 23 82 7 31 25 47 92 23 83 39 16 82 72 89 54 
50 42 2 27 75 22 18 85 99 50 35 86 81 19 66 40 6 6 95 39 66 79 59 29 31 26 55 46 29 67 38 68 
11 4 97 94 67 55 2 11 70 77 85 47 18 59 76 97 40 10 56 62 88 93 25 73 3 37 98 42 5 34 14 21 
45 65 19 42 49 38 57 40 71 91 53 31 47 89 74 97 85 9 56 18 40 30 27 49 13 47 87 54 19 10 64 84 
90 15 1 43 96 85 89 35 15 16 19 33 82 33 90 8 31 26 94 39 49 63 61 80 44 96 51 45 23 81 3 25 
86 70 26 91 80 26 61 56 77 18 10 44 85 97 31 42 95 96 32 71 97 45 98 81 22 94 96 57 65 27 57 74 
84 31 88 23 4 92 79 25 93 2 46 40 66 66 83 61 46 43 12 86 14 69 82 43 7 59 31 29 58 94 33 20 
5 62 62 9 29 24 5 42 92 90 6 90 56 44 42 67 27 78 59 95 11 12 49 45 80 68 92 71 58 85 100 45 
41 57 26 98 73 17 46 65 96 57 90 89 6 26 44 6 64 51 37 89 15 68 21 29 78 97 12 97 81 61 4 10 
31 8 12 41 4 32 42 59 50 52 13 26 63 49 33 15 85 71 5 80 1 43 61 10 85 52 14 33 30 28 34 15 
0.0 1.0 1.0 1.0 1.0 1.0 1.0 1.0 1.0 1.0 1.0 1.0 1.0 1.0 1.0 1.0 1.0 1.0 1.0 1.0 1.0 1.0 1.0 1.0 1.0 1.0 1.0 1.0 1.0 1.0 1.0 1.0 
1.0 0.0 1.0 1.0 1.0 1.0 1.0 1.0 1.0 1.0 1.0 1.0 1.0 1.0 1.0 1.0 1.0 1.0 1.0 1.0 1.0 1.0 1.0 1.0 1.0 1.0 1.0 1.0 1.0 1.0 1.0 1.0 
1.0 1.0 0.0 1.0 1.0 1.0 1.0 1.0 1.0 1.0 1.0 1.0 1.0 1.0 1.0 1.0 1.0 1.0 1.0 1.0 1.0 1.0 1.0 1.0 1.0 1.0 1.0 1.0 1.0 1.0 1.0 1.0 
1.0 1.0 1.0 0.0 1.0 1.0 1.0 1.0 1.0 1.0 1.0 1.0 1.0 1.0 1.0 1.0 1.0 1.0 1.0 1.0 1.0 1.0 1.0 1.0 1.0 1.0 1.0 1.0 1.0 1.0 1.0 1.0 
1.0 1.0 1.0 1.0 0.0 1.0 1.0 1.0 1.0 1.0 1.0 1.0 1.0 1.0 1.0 1.0 1.0 1.0 1.0 1.0 1.0 1.0 1.0 1.0 1.0 1.0 1.0 1.0 1.0 1.0 1.0 1.0 
1.0 1.0 1.0 1.0 1.0 0.0 1.0 1.0 1.0 1.0 1.0 1.0 1.0 1.0 1.0 1.0 1.0 1.0 1.0 1.0 1.0 1.0 1.0 1.0 1.0 1.0 1.0 1.0 1.0 1.0 1.0 1.0 
1.0 1.0 1.0 1.0 1.0 1.0 0.0 1.0 1.0 1.0 1.0 1.0 1.0 1.0 1.0 1.0 1.0 1.0 1.0 1.0 1.0 1.0 1.0 1.0 1.0 1.0 1.0 1.0 1.0 1.0 1.0 1.0 
1.0 1.0 1.0 1.0 1.0 1.0 1.0 0.0 1.0 1.0 1.0 1.0 1.0 1.0 1.0 1.0 1.0 1.0 1.0 1.0 1.0 1.0 1.0 1.0 1.0 1.0 1.0 1.0 1.0 1.0 1.0 1.0 
1.0 1.0 1.0 1.0 1.0 1.0 1.0 1.0 0.0 1.0 1.0 1.0 1.0 1.0 1.0 1.0 1.0 1.0 1.0 1.0 1.0 1.0 1.0 1.0 1.0 1.0 1.0 1.0 1.0 1.0 1.0 1.0 
1.0 1.0 1.0 1.0 1.0 1.0 1.0 1.0 1.0 0.0 1.0 1.0 1.0 1.0 1.0 1.0 1.0 1.0 1.0 1.0 1.0 1.0 1.0 1.0 1.0 1.0 1.0 1.0 1.0 1.0 1.0 1.0 
1.0 1.0 1.0 1.0 1.0 1.0 1.0 1.0 1.0 1.0 0.0 1.0 1.0 1.0 1.0 1.0 1.0 1.0 1.0 1.0 1.0 1.0 1.0 1.0 1.0 1.0 1.0 1.0 1.0 1.0 1.0 1.0 
1.0 1.0 1.0 1.0 1.0 1.0 1.0 1.0 1.0 1.0 1.0 0.0 1.0 1.0 1.0 1.0 1.0 1.0 1.0 1.0 1.0 1.0 1.0 1.0 1.0 1.0 1.0 1.0 1.0 1.0 1.0 1.0 
1.0 1.0 1.0 1.0 1.0 1.0 1.0 1.0 1.0 1.0 1.0 1.0 0.0 1.0 1.0 1.0 1.0 1.0 1.0 1.0 1.0 1.0 1.0 1.0 1.0 1.0 1.0 1.0 1.0 1.0 1.0 1.0 
1.0 1.0 1.0 1.0 1.0 1.0 1.0 1.0 1.0 1.0 1.0 1.0 1.0 0.0 1.0 1.0 1.0 1.0 1.0 1.0 1.0 1.0 1.0 1.0 1.0 1.0 1.0 1.0 1.0 1.0 1.0 1.0 
1.0 1.0 1.0 1.0 1.0 1.0 1.0 1.0 1.0 1.0 1.0 1.0 1.0 1.0 0.0 1.0 1.0 1.0 1.0 1.0 1.0 1.0 1.0 1.0 1.0 1.0 1.0 1.0 1.0 1.0 1.0 1.0 
1.0 1.0 1.0 1.0 1.0 1.0 1.0 1.0 1.0 1.0 1.0 1.0 1.0 1.0 1.0 0.0 1.0 1.0 1.0 1.0 1.0 1.0 1.0 1.0 1.0 1.0 1.0 1.0 1.0 1.0 1.0 1.0 
1.0 1.0 1.0 1.0 1.0 1.0 1.0 1.0 1.0 1.0 1.0 1.0 1.0 1.0 1.0 1.0 0.0 1.0 1.0 1.0 1.0 1.0 1.0 1.0 1.0 1.0 1.0 1.0 1.0 1.0 1.0 1.0 
1.0 1.0 1.0 1.0 1.0 1.0 1.0 1.0 1.0 1.0 1.0 1.0 1.0 1.0 1.0 1.0 1.0 0.0 1.0 1.0 1.0 1.0 1.0 1.0 1.0 1.0 1.0 1.0 1.0 1.0 1.0 1.0 
1.0 1.0 1.0 1.0 1.0 1.0 1.0 1.0 1.0 1.0 1.0 1.0 1.0 1.0 1.0 1.0 1.0 1.0 0.0 1.0 1.0 1.0 1.0 1.0 1.0 1.0 1.0 1.0 1.0 1.0 1.0 1.0 
1.0 1.0 1.0 1.0 1.0 1.0 1.0 1.0 1.0 1.0 1.0 1.0 1.0 1.0 1.0 1.0 1.0 1.0 1.0 0.0 1.0 1.0 1.0 1.0 1.0 1.0 1.0 1.0 1.0 1.0 1.0 1.0 
1.0 1.0 1.0 1.0 1.0 1.0 1.0 1.0 1.0 1.0 1.0 1.0 1.0 1.0 1.0 1.0 1.0 1.0 1.0 1.0 0.0 1.0 1.0 1.0 1.0 1.0 1.0 1.0 1.0 1.0 1.0 1.0 
1.0 1.0 1.0 1.0 1.0 1.0 1.0 1.0 1.0 1.0 1.0 1.0 1.0 1.0 1.0 1.0 1.0 1.0 1.0 1.0 1.0 0.0 1.0 1.0 1.0 1.0 1.0 1.0 1.0 1.0 1.0 1.0 
1.0 1.0 1.0 1.0 1.0 1.0 1.0 1.0 1.0 1.0 1.0 1.0 1.0 1.0 1.0 1.0 1.0 1.0 1.0 1.0 1.0 1.0 0.0 1.0 1.0 1.0 1.0 1.0 1.0 1.0 1.0 1.0 
1.0 1.0 1.0 1.0 1.0 1.0 1.0 1.0 1.0 1.0 1.0 1.0 1.0 1.0 1.0 1.0 1.0 1.0 1.0 1.0 1.0 1.0 1.0 0.0 1.0 1.0 1.0 1.0 1.0 1.0 1.0 1.0 
1.0 1.0 1.0 1.0 1.0 1.0 1.0 1.0 1.0 1.0 1.0 1.0 1.0 1.0 1.0 1.0 1.0 1.0 1.0 1.0 1.0 1.0 1.0 1.0 0.0 1.0 1.0 1.0 1.0 1.0 1.0 1.0 
1.0 1.0 1.0 1.0 1.0 1.0 1.0 1.0 1.0 1.0 1.0 1.0 1.0 1.0 1.0 1.0 1.0 1.0 1.0 1.0 1.0 1.0 1.0 1.0 1.0 0.0 1.0 1.0 1.0 1.0 1.0 1.0 
1.0 1.0 1.0 1.0 1.0 1.0 1.0 1.0 1.0 1.0 1.0 1.0 1.0 1.0 1.0 1.0 1.0 1.0 1.0 1.0 1.0 1.0 1.0 1.0 1.0 1.0 0.0 1.0 1.0 1.0 1.0 1.0 
1.0 1.0 1.0 1.0 1.0 1.0 1.0 1.0 1.0 1.0 1.0 1.0 1.0 1.0 1.0 1.0 1.0 1.0 1.0 1.0 1.0 1.0 1.0 1.0 1.0 1.0 1.0 0.0 1.0 1.0 1.0 1.0 
1.0 1.0 1.0 1.0 1.0 1.0 1.0 1.0 1.0 1.0 1.0 1.0 1.0 1.0 1.0 1.0 1.0 1.0 1.0 1.0 1.0 1.0 1.0 1.0 1.0 1.0 1.0 1.0 0.0 1.0 1.0 1.0 
1.0 1.0 1.0 1.0 1.0 1.0 1.0 1.0 1.0 1.0 1.0 1.0 1.0 1.0 1.0 1.0 1.0 1.0 1.0 1.0 1.0 1.0 1.0 1.0 1.0 1.0 1.0 1.0 1.0 0.0 1.0 1.0 
1.0 1.0 1.0 1.0 1.0 1.0 1.0 1.0 1.0 1.0 1.0 1.0 1.0 1.0 1.0 1.0 1.0 1.0 1.0 1.0 1.0 1.0 1.0 1.0 1.0 1.0 1.0 1.0 1.0 1.0 0.0 1.0 
1.0 1.0 1.0 1.0 1.0 1.0 1.0 1.0 1.0 1.0 1.0 1.0 1.0 1.0 1.0 1.0 1.0 1.0 1.0 1.0 1.0 1.0 1.0 1.0 1.0 1.0 1.0 1.0 1.0 1.0 1.0 0.0 