64
42 38 32 1 40 52 74 65 75 19 46 100 100 43 84 60 98 93 8 51 72 93 22 72 35 11 63 90 11 32 52 23 39 98 13 56 77 22 51 58 86 24 22 43 36 91 21 51 34 75 30 21 43 100 34 62 79 73 23 55 6 51 74 22 
8 66 36 30 87 35 91 9 72 31 44 44 3 82 5 16 51 6 94 97 72 87 22 100 46 6 28 63 84 16 73 76 5 34 82 4 46 32 65 83 40 47 97 19 64 50 12 44 67 66 42 61 97 64 49 32 7 33 35 89 18 75 43 13 
16 85 38 66 85 25 61 9 1 57 1 73 81 86 2 89 87 44 69 22 96 57 19 66 6 56 80 69 77 58 60 69 51 93 65 25 25 60 10 20 57 41 71 16 95 45 90 51 19 73 24 79 6 27 17 80 14 37 80 90 54 74 71 24 
26 1 67 21 65 81 22 63 21 47 10 91 23 73 13 5 28 85 14 26 83 9 90 16 10 26 2 86 31 62 60 89 45 71 48 43 92 8 66 82 39 32 43 92 17 94 23 66 12 23 76 30 84 50 72 41 80 49 4 73 16 92 34 59 
51 22 69 86 71 39 77 30 50 62 10 47 40 16 63 41 88 8 38 98 64 90 60 18 66 8 27 2 61 54 81 73 54 14 56 5 95 3 1 49 16 92 100 86 43 7 93 46 9 99 5 84 56 19 35 12 77 65 1 71 11 59 65 93 
98 66 20 18 20 6 19 12 31 43 49 6 81 78 96 92 32 70 96 17 9 9 46 46 11 19 68 3 79 89 86 11 75 32 65 77 53 29 77 11 23 15 87 49 97 97 46 25 60 60 32 21 78 42 69 30 37 66 52 5 11 47 29 54 
43 9 73 35 58 53 71 96 25 6 91 32 80 59 46 51 69 81 42 33 70 58 55 43 34 23 27 36 86 54 87 32 63 63 65 81 17 18 34 23 49 63 92 100 24 87 53 85 83 49 30 20 11 97 76 82 30 79 35 60 36 34 6 15 
73 89 19 53 52 44 6 50 39 43 53 84 94 11 8 100 92 78 94 60 79 31 13 42 95 74 48 97 52 37 43 96 90 32 43 61 31 12 50 68 85 60 3 84 73 37 14 63 60 34 5 70 97 83 32 19 53 50 71 56 38 20 74 47 
20 53 57 64 36 35 5 35 37 40 42 60 99 74 54 39 72 86 90 82 17 55 52 37 99 5 14 60 62 66 8 27 9 43 45 33 13 75 18 64 80 85 45 67 39 30 8 72 45 96 90 75 83 99 67 97 58 72 41 62 57 5 1 56 
28 99 92 69 73 78 19 30 30 56 5 19 81 20 52 52 57 91 31 94 88 56 35 23 10 35 63 58 77 53 94 76 83 70 26 6 56 88 79 99 48 6 10 75 42 21 87 14 54 77 87 23 96 20 98 94 98 84 74 3 37 24 64 61 
92 89 98 85 6 55 35 13 54 9 67 7 1 3 6 50 10 76 60 16 66 66 24 51 31 68 60 53 12 41 62 56 91 33 31 70 100 96 42 74 78 16 13 84 42 86 41 70 2 38 84 80 19 51 50 9 8 14 98 100 31 94 67 85 
63 83 36 80 72 82 37 63 98 39 56 63 52 58 88 56 31 3 78 5 1 31 2 77 6 50 67 69 2 32 27 39 71 58 25 57 18 83 37 87 80 16 4 55 30 84 52 57 65 83 83 84 36 73 23 93 51 14 86 19 36 56 76 64 
35 26 80 60 22 84 41 17 73 40 31 71 4 50 80 10 22 61 88 26 28 35 87 58 81 19 89 27 87 37 4 17 38 22 93 25 68 14 69 10 86 15 85 80 39 59 20 76 3 9 31 12 28 11 50 9 14 54 64 3 96 50 87 81 
85 50 3 20 35 12 81 100 94 25 91 1 33 82 81 44 12 38 18 69 98 71 10 40 25 17 78 95 92 27 43 77 12 9 7 59 79 88 82 95 20 7 9 30 17 28 34 96 67 65 81 27 63 57 28 59 11 83 94 1 6 12 13 8 
50 65 83 54 10 61 25 8 28 56 48 18 53 49 62 80 65 76 76 51 25 90 31 16 87 4 73 70 41 17 12 98 35 69 47 75 65 68 13 62 88 11 19 71 29 71 77 78 19 60 3 97 66 74 53 85 28 59 40 44 30 78 80 4 
20 5 99 92 76 43 28 100 51 37 16 49 23 61 29 91 48 74 44 55 84 27 60 83 78 47 16 3 8 88 49 49 38 17 88 57 39 55 8 23 96 35 20 75 31 12 41 99 8 52 67 26 72 75 70 48 81 7 25 89 47 12 68 88 
1 97 38 69 31 35 7 99 54 79 77 33 89 54 7 27 74 67 25 34 1 9 67 11 13 16 75 79 72 16 18 18 81 88 29 99 100 11 14 9 93 27 3 95 43 97 34 19 49 69 36 30 92 2 66 33 35 98 85 17 66 81 22 23 
7 89 93 63 32 15 83 72 73 85 76 27 58 91 6 48 86 73 57 51 57 1 12 61 48 11 58 69 5 65 29 21 1 90 80 47 14 24 25 98 76 93 79 13 13 27 46 12 62 78 85 45 57 45 49 60 5 23 59 57 92 97 39 95 
53 66 81 73 76 42 42 67 58 24 77 33 98 21 32 80 72 58 64 8 11 87 13 59 91 70 68 46 6 65 15 22 60 98 25 40 57 42 100 67 27 64 38 36 20 55 42 52 48 93 70 79 66 83 54 2 79 100 79 57 7 47 67 11 
83 18 25 5 19 75 64 48 13 4 60 18 52 85 24 25 95 64 60 32 42 40 58 3 43 47 72 11 94 90 15 17 74 48 2 14 97 7 36 33 44 46 55 66 70 91 92 44 99 99 27 22 80 9 59 7 71 41 6 61 36 43 59 66 
54 34 2 87 11 76 4 61 95 100 97 14 7 1 10 25 34 15 99 63 44 86 39 48 43 82 3 42 80 23 6 6 71 77 49 15 14 39 52 63 42 85 58 90 78 92 11 37 45 12 17 86 71 33 5 73 44 13 68 43 42 40 4 74 
26 24 28 22 89 17 85 60 29 98 53 71 70 88 67 15 40 35 32 16 83 23 42 73 72 14 95 79 5 77 20 46 66 87 37 56 48 51 100 57 37 14 56 56 95 80 74 90 100 91 60 63 21 97 73 10 13 15 10 21 61 60 25 16 
61 98 58 50 95 37 52 68 53 11 71 63 19 96 23 38 100 79 80 98 23 81 36 52 5 21 93 97 5 28 39 79 73 16 54 38 95 83 96 12 11 53 2 100 89 99 8 96 56 84 11 92 57 65 38 70 3 17 82 10 73 45 64 34 
93 63 90 19 93 83 24 69 24 12 24 74 19 74 80 76 76 53 19 2 39 98 43 72 91 28 68 84 89 16 67 16 100 95 79 44 10 77 53 3 43 83 26 77 72 20 24 18 66 3 71 29 35 44 85 72 96 3 99 92 20 1 16 58 
60 37 25 87 76 57 6 66 10 62 93 96 95 39 28 85 62 31 38 32 96 90 40 27 90 71 71 53 89 33 47 86 78 15 8 30 33 3 68 51 23 97 22 14 18 13 25 76 19 3 31 2 30 19 15 75 33 16 93 99 36 83 90 36 
58 23 16 60 10 62 39 16 5 3 64 50 48 83 63 21 58 60 27 67 81 58 3 51 96 22 11 92 12 25 99 18 93 68 86 98 5 28 96 99 34 34 18 54 58 41 16 57 78 91 13 88 39 78 33 7 34 77 90 18 81 47 49 26 
35 100 15 13 38 97 23 26 37 22 34 39 72 64 57 62 45 15 85 1 7 71 44 14 57 26 28 95 22 75 2 20 93 7 3 64 33 12 91 79 7 61 68 84 24 13 15 34 2 58 80 86 35 23 65 87 43 10 50 4 69 98 75 44 
34 16 12 18 13 75 92 16 9 32 15 10 44 53 9 76 63 76 26 9 13 52 56 87 19 64 8 11 30 73 77 87 92 83 94 89 54 22 67 46 7 43 5 97 92 21 3 4 12 75 96 28 76 86 83 9 93 78 96 11 96 14 27 4 
33 78 34 64 100 42 25 92 17 74 23 96 79 34 36 65 53 26 31 96 31 77 92 48 69 41 7 42 25 89 100 30 4 11 9 44 33 17 68 74 3 93 34 36 96 4 94 38 65 42 1 77 7 2 45 29 50 81 30 7 45 77 19 97 
22 49 94 38 82 66 62 33 53 62 94 43 44 38 25 85 95 51 67 55 25 55 37 62 10 71 68 59 70 90 54 100 45 24 27 10 83 74 1 86 54 46 11 63 39 24 50 40 83 67 43 91 80 60 31 49 13 91 38 81 6 69 24 15 
48 90 59 1 93 95 37 74 2 50 18 5 57 58 61 16 5 6 46 60 64 47 84 48 75 58 84 57 16 62 8 63 46 76 15 22 46 47 51 20 40 50 66 88 87 45 17 59 6 37 83 92 2 72 59 82 51 29 58 43 48 34 94 79 
82 42 61 29 22 49 6 91 79 8 15 56 28 100 5 1 58 9 92 4 21 79 60 67 9 9 53 52 37 22 49 50 32 8 70 82 79 57 20 6 73 4 75 89 86 80 36 10 94 94 27 99 12 44 20 43 64 10 99 38 69 63 40 77 
48 38 45 68 2 4 17 48 19 58 59 20 39 2 62 46 63 21 100 21 28 58 78 81 35 67 59 74 22 48 85 40 14 19 1 40 44 94 3 90 39 82 38 43 86 91 87 62 44 65 14 88 67 67 54 46 22 85 37 41 48 32 62 4 
24 83 90 48 8 68 19 22 33 81 35 24 52 81 70 40 72 87 23 32 93 46 17 55 11 56 39 87 26 66 34 37 42 39 11 8 40 6 23 91 52 51 81 14 15 50 23 43 21 2 65 19 6 40 8 19 26 62 19 56 26 42 30 73 
94 41 44 61 21 17 15 79 46 76 24 30 6 35 52 89 57 81 66 84 33 78 60 78 39 55 49 51 7 11 70 64 35 48 44 5 29 63 6 56 59 40 76 68 10 61 19 60 38 9 43 16 14 11 89 60 42 52 71 49 77 86 46 77 
28 17 3 79 16 52 73 39 50 29 67 95 2 88 25 85 15 96 83 47 33 52 41 80 8 77 34 63 37 35 7 62 86 45 30 8 25 42 13 71 86 67 38 23 18 40 26 98 85 11 57 78 13 86 82 18 57 67 85 15 88 17 23 17 
59 7 11 12 2 91 73 86 47 99 78 33 75 66 87 92 53 67 77 48 38 48 89 94 85 30 46 28 1 50 63 68 15 53 44 77 6 67 15 5 27 17 50 25 18 32 61 50 90 63 63 93 14 39 79 43 83 6 96 52 5 10 26 18 
71 74 90 41 31 3 76 78 72 7 61 28 8 24 56 12 20 25 91 23 72 59 38 54 47 28 17 38 57 70 77 3 59 8 78 95 56 24 90 92 22 95 21 32 47 41 1 14 73 44 87 50 14 6 76 66 58 7 34 54 39 62 61 24 
72 47 76 31 25 27 45 86 100 78 10 45 48 52 76 66 98 59 34 89 83 3 17 60 94 59 76 39 10 62 98 83 68 74 60 93 36 72 70 5 92 88 62 64 29 97 7 12 83 67 68 14 69 76 62 38 31 54 55 82 40 89 4 19 
72 36 70 60 4 67 45 63 62 87 60 46 91 29 42 60 72 78 94 25 80 52 85 64 52 35 46 100 14 78 4 78 100 55 23 27 78 84 95 97 38 3 82 58 65 20 34 46 16 49 82 48 62 71 39 36 51 42 23 85 51 30 52 26 
4 74 4 63 93 97 82 97 80 52 41 6 77 57 62 10 95 61 18 75 81 2 83 3 93 13 22 78 78 67 47 61 6 38 42 67 60 20 9 92 67 55 49 17 84 80 9 84 5 61 9 100 49 42 80 90 97 72 44 59 53 3 79 54 
64 10 78 17 94 46 51 49 61 77 92 15 95 51 92 60 32 75 85 84 51 52 14 41 22 77 79 6 25 23 95 81 82 63 93 88 80 46 78 19 83 87 45 28 5 67 49 33 30 9 26 37 32 14 58 68 52 25 53 67 45 32 31 4 
29 55 76 81 97 62 99 99 26 35 13 75 32 55 95 8 70 97 82 88 1 43 49 8 53 59 52 18 59 7 89 79 18 18 52 72 24 51 74 44 71 28 25 54 77 26 25 17 2 59 3 15 52 54 20 32 70 18 2 49 61 73 80 54 
78 37 66 41 51 10 71 1 54 96 60 25 25 92 8 20 6 41 98 4 12 51 62 64 28 95 81 36 49 4 88 94 75 22 27 76 99 5 18 22 56 85 31 14 14 78 46 100 67 73 4 62 73 31 63 21 100 53 85 26 99 34 76 50 
50 28 44 9 64 95 63 49 52 29 86 83 9 61 30 95 19 82 50 10 42 17 44 63 63 55 52 49 100 25 59 84 17 6 61 62 66 87 63 68 51 7 59 45 50 92 84 76 53 66 52 44 43 38 29 15 94 9 61 45 69 84 95 64 
92 72 46 14 46 40 76 5 37 20 96 88 23 60 7 78 60 24 33 76 24 52 55 30 1 4 77 63 31 70 13 10 100 49 44 83 88 66 9 1 78 40 48 93 30 53 35 32 91 46 39 21 44 20 17 61 60 50 55 12 1 75 68 16 
9 40 59 54 98 52 76 100 37 13 1 13 22 15 67 46 41 54 96 91 60 4 78 99 53 6 49 81 3 9 20 31 6 81 63 4 23 74 43 17 4 89 57 88 22 67 8 65 21 2 67 14 60 34 3 83 79 88 100 39 29 69 14 55 
100 64 73 50 64 100 54 96 99 80 49 64 62 38 78 31 79 40 31 96 43 13 40 24 37 46 39 74 40 52 89 55 37 60 34 97 5 80 65 13 56 64 76 60 89 13 95 61 37 78 42 12 15 90 51 43 5 74 9 31 73 30 6 40 
12 2 2 47 69 34 56 10 59 18 2 97 76 21 71 4 15 68 32 57 65 74 19 87 1 43 46 76 100 52 72 74 50 74 63 43 57 19 8 26 61 48 72 47 25 88 59 100 16 1 7 7 32 13 26 4 9 62 99 47 1 39 47 74 
20 36 18 72 72 51 75 81 60 34 44 95 2 8 71 98 60 48 100 84 38 51 29 49 95 7 87 79 8 32 11 56 36 86 79 31 10 56 93 60 11 98 68 60 22 74 98 45 95 80 67 10 9 88 30 96 87 47 58 16 26 29 37 68 
86 47 66 60 29 15 16 25 16 25 70 59 96 69 62 98 66 11 96 72 88 54 85 41 85 38 35 8 36 21 75 59 58 69 68 46 16 66 23 45 38 95 72 2 42 55 15 28 65 18 59 34 69 2 19 59 64 40 9 75 80 80 23 97 
19 11 13 51 60 53 42 44 51 30 19 3 64 68 20 28 25 7 71 34 17 71 65 91 32 96 24 88 51 63 16 61 28 79 25 64 80 42 33 56 98 43 86 75 24 98 44 34 46 41 23 40 89 32 74 19 54 24 92 98 62 16 41 65 
98 18 72 53 81 6 55 11 48 18 86 27 17 70 77 81 94 23 44 16 55 2 28 48 90 50 31 26 21 24 78 47 9 76 100 57 6 84 15 6 18 37 36 68 34 14 9 79 12 43 94 90 23 74 80 44 30 98 87 21 72 74 8 33 
85 15 82 7 33 69 2 24 20 6 40 41 22 34 100 40 24 3 76 56 91 54 59 7 76 87 1 45 79 2 55 75 25 89 92 25 28 9 5 99 11 17 56 38 5 18 58 41 69 92 100 10 16 1 76 32 80 91 86 36 97 48 71 70 
8 10 81 38 18 63 96 24 73 51 43 22 80 9 17 34 48 49 13 96 44 80 34 92 62 88 21 45 32 1 55 67 83 93 59 3 63 43 93 11 46 47 42 12 71 4 77 13 47 4 16 92 15 30 16 87 68 39 67 90 37 58 61 39 
47 62 5 40 55 38 43 8 44 71 32 89 58 91 83 47 76 61 14 96 41 81 39 67 49 70 65 19 1 14 6 48 48 19 65 99 31 7 60 20 31 89 87 7 83 81 63 83 89 23 1 51 28 68 88 20 16 2 91 18 30 7 71 21 
28 75 85 55 100 91 78 34 93 39 66 90 83 3 86 95 97 31 70 21 23 92 56 47 58 98 17 59 100 74 42 96 47 17 67 64 82 99 46 35 92 3 87 70 72 10 23 87 77 4 47 100 55 74 64 68 46 27 79 3 87 86 44 66 
19 88 23 89 100 51 23 99 97 84 62 33 88 1 75 15 54 71 89 36 86 16 99 20 86 81 22 14 19 99 55 19 51 83 78 72 39 53 88 69 21 55 15 33 31 100 78 34 29 81 10 100 50 30 32 48 34 46 56 87 68 76 100 8 
40 73 64 93 58 43 82 9 54 52 21 55 19 84 74 100 52 26 69 61 54 35 70 13 81 20 63 22 33 13 7 4 12 24 37 55 5 92 37 57 23 30 77 5 27 31 29 41 49 64 40 65 79 48 76 89 100 78 65 16 22 92 93 49 
75 1 94 67 82 92 44 94 27 60 64 7 6 91 84 86 5 88 18 70 67 2 32 59 22 48 5 32 67 40 100 62 55 35 66 99 66 3 8 94 10 27 59 20 17 77 60 58 49 19 4 30 96 52 14 94 36 56 99 84 73 63 29 65 
59 73 61 26 82 23 43 46 33 98 70 50 44 25 50 90 84 7 31 54 77 76 76 76 92 81 26 58 45 55 34 5 86 87 38 60 58 58 58 90 19 53 24 45 8 39 27 30 16 53 31 17 52 61 50 18 14 67 57 73 51 6 93 25 
3 41 71 85 37 45 55 54 77 75 3 36 52 81 29 31 27 79 39 35 85 21 40 38 94 72 94 34 83 100 29 98 87 41 41 100 5 13 16 49 26 80 92 25 42 66 57 96 84 10 79 93 39 75 80 14 46 88 12 62 57 62 11 30 
42 18 82 35 49 68 81 81 35 68 14 93 83 56 48 95 21 37 90 46 74 11 37 52 49 43 99 44 74 30 27 46 96 66 26 18 28 40 8 2 88 91 49 79 42 48 34 45 61 100 25 38 47 9 86 60 42 28 41 27 56 77 40 11 
7 67 50 69 4 85 95 35 21 44 5 56 15 49 75 20 27 41 75 9 57 20 1 54 54 40 20 87 65 30 62 98 54 95 50 34 87 48 54 12 57 38 1 67 42 89 2 93 48 46 40 99 3 32 99 29 25 54 23 32 30 93 36 35 
0.0 1.0 1.0 1.0 1.0 1.0 1.0 1.0 1.0 1.0 1.0 1.0 1.0 1.0 1.0 1.0 1.0 1.0 1.0 1.0 1.0 1.0 1.0 1.0 1.0 1.0 1.0 1.0 1.0 1.0 1.0 1.0 1.0 1.0 1.0 1.0 1.0 1.0 1.0 1.0 1.0 1.0 1.0 1.0 1.0 1.0 1.0 1.0 1.0 1.0 1.0 1.0 1.0 1.0 1.0 1.0 1.0 1.0 1.0 1.0 1.0 1.0 1.0 1.0 
1.0 0.0 1.0 1.0 1.0 1.0 1.0 1.0 1.0 1.0 1.0 1.0 1.0 1.0 1.0 1.0 1.0 1.0 1.0 1.0 1.0 1.0 1.0 1.0 1.0 1.0 1.0 1.0 1.0 1.0 1.0 1.0 1.0 1.0 1.0 1.0 1.0 1.0 1.0 1.0 1.0 1.0 1.0 1.0 1.0 1.0 1.0 1.0 1.0 1.0 1.0 1.0 1.0 1.0 1.0 1.0 1.0 1.0 1.0 1.0 1.0 1.0 1.0 1.0 
1.0 1.0 0.0 1.0 1.0 1.0 1.0 1.0 1.0 1.0 1.0 1.0 1.0 1.0 1.0 1.0 1.0 1.0 1.0 1.0 1.0 1.0 1.0 1.0 1.0 1.0 1.0 1.0 1.0 1.0 1.0 1.0 1.0 1.0 1.0 1.0 1.0 1.0 1.0 1.0 1.0 1.0 1.0 1.0 1.0 1.0 1.0 1.0 1.0 1.0 1.0 1.0 1.0 1.0 1.0 1.0 1.0 1.0 1.0 1.0 1.0 1.0 1.0 1.0 
1.0 1.0 1.0 0.0 1.0 1.0 1.0 1.0 1.0 1.0 1.0 1.0 1.0 1.0 1.0 1.0 1.0 1.0 1.0 1.0 1.0 1.0 1.0 1.0 1.0 1.0 1.0 1.0 1.0 1.0 1.0 1.0 1.0 1.0 1.0 1.0 1.0 1.0 1.0 1.0 1.0 1.0 1.0 1.0 1.0 1.0 1.0 1.0 1.0 1.0 1.0 1.0 1.0 1.0 1.0 1.0 1.0 1.0 1.0 1.0 1.0 1.0 1.0 1.0 
1.0 1.0 1.0 1.0 0.0 1.0 1.0 1.0 1.0 1.0 1.0 1.0 1.0 1.0 1.0 1.0 1.0 1.0 1.0 1.0 1.0 1.0 1.0 1.0 1.0 1.0 1.0 1.0 1.0 1.0 1.0 1.0 1.0 1.0 1.0 1.0 1.0 1.0 1.0 1.0 1.0 1.0 1.0 1.0 1.0 1.0 1.0 1.0 1.0 1.0 1.0 1.0 1.0 1.0 1.0 1.0 1.0 1.0 1.0 1.0 1.0 1.0 1.0 1.0 
1.0 1.0 1.0 1.0 1.0 0.0 1.0 1.0 1.0 1.0 1.0 1.0 1.0 1.0 1.0 1.0 1.0 1.0 1.0 1.0 1.0 1.0 1.0 1.0 1.0 1.0 1.0 1.0 1.0 1.0 1.0 1.0 1.0 1.0 1.0 1.0 1.0 1.0 1.0 1.0 1.0 1.0 1.0 1.0 1.0 1.0 1.0 1.0 1.0 1.0 1.0 1.0 1.0 1.0 1.0 1.0 1.0 1.0 1.0 1.0 1.0 1.0 1.0 1.0 
1.0 1.0 1.0 1.0 1.0 1.0 0.0 1.0 1.0 1.0 1.0 1.0 1.0 1.0 1.0 1.0 1.0 1.0 1.0 1.0 1.0 1.0 1.0 1.0 1.0 1.0 1.0 1.0 1.0 1.0 1.0 1.0 1.0 1.0 1.0 1.0 1.0 1.0 1.0 1.0 1.0 1.0 1.0 1.0 1.0 1.0 1.0 1.0 1.0 1.0 1.0 1.0 1.0 1.0 1.0 1.0 1.0 1.0 1.0 1.0 1.0 1.0 1.0 1.0 
1.0 1.0 1.0 1.0 1.0 1.0 1.0 0.0 1.0 1.0 1.0 1.0 1.0 1.0 1.0 1.0 1.0 1.0 1.0 1.0 1.0 1.0 1.0 1.0 1.0 1.0 1.0 1.0 1.0 1.0 1.0 1.0 1.0 1.0 1.0 1.0 1.0 1.0 1.0 1.0 1.0 1.0 1.0 1.0 1.0 1.0 1.0 1.0 1.0 1.0 1.0 1.0 1.0 1.0 1.0 1.0 1.0 1.0 1.0 1.0 1.0 1.0 1.0 1.0 
1.0 1.0 1.0 1.0 1.0 1.0 1.0 1.0 0.0 1.0 1.0 1.0 1.0 1.0 1.0 1.0 1.0 1.0 1.0 1.0 1.0 1.0 1.0 1.0 1.0 1.0 1.0 1.0 1.0 1.0 1.0 1.0 1.0 1.0 1.0 1.0 1.0 1.0 1.0 1.0 1.0 1.0 1.0 1.0 1.0 1.0 1.0 1.0 1.0 1.0 1.0 1.0 1.0 1.0 1.0 1.0 1.0 1.0 1.0 1.0 1.0 1.0 1.0 1.0 
1.0 1.0 1.0 1.0 1.0 1.0 1.0 1.0 1.0 0.0 1.0 1.0 1.0 1.0 1.0 1.0 1.0 1.0 1.0 1.0 1.0 1.0 1.0 1.0 1.0 1.0 1.0 1.0 1.0 1.0 1.0 1.0 1.0 1.0 1.0 1.0 1.0 1.0 1.0 1.0 1.0 1.0 1.0 1.0 1.0 1.0 1.0 1.0 1.0 1.0 1.0 1.0 1.0 1.0 1.0 1.0 1.0 1.0 1.0 1.0 1.0 1.0 1.0 1.0 
1.0 1.0 1.0 1.0 1.0 1.0 1.0 1.0 1.0 1.0 0.0 1.0 1.0 1.0 1.0 1.0 1.0 1.0 1.0 1.0 1.0 1.0 1.0 1.0 1.0 1.0 1.0 1.0 1.0 1.0 1.0 1.0 1.0 1.0 1.0 1.0 1.0 1.0 1.0 1.0 1.0 1.0 1.0 1.0 1.0 1.0 1.0 1.0 1.0 1.0 1.0 1.0 1.0 1.0 1.0 1.0 1.0 1.0 1.0 1.0 1.0 1.0 1.0 1.0 
1.0 1.0 1.0 1.0 1.0 1.0 1.0 1.0 1.0 1.0 1.0 0.0 1.0 1.0 1.0 1.0 1.0 1.0 1.0 1.0 1.0 1.0 1.0 1.0 1.0 1.0 1.0 1.0 1.0 1.0 1.0 1.0 1.0 1.0 1.0 1.0 1.0 1.0 1.0 1.0 1.0 1.0 1.0 1.0 1.0 1.0 1.0 1.0 1.0 1.0 1.0 1.0 1.0 1.0 1.0 1.0 1.0 1.0 1.0 1.0 1.0 1.0 1.0 1.0 
1.0 1.0 1.0 1.0 1.0 1.0 1.0 1.0 1.0 1.0 1.0 1.0 0.0 1.0 1.0 1.0 1.0 1.0 1.0 1.0 1.0 1.0 1.0 1.0 1.0 1.0 1.0 1.0 1.0 1.0 1.0 1.0 1.0 1.0 1.0 1.0 1.0 1.0 1.0 1.0 1.0 1.0 1.0 1.0 1.0 1.0 1.0 1.0 1.0 1.0 1.0 1.0 1.0 1.0 1.0 1.0 1.0 1.0 1.0 1.0 1.0 1.0 1.0 1.0 
1.0 1.0 1.0 1.0 1.0 1.0 1.0 1.0 1.0 1.0 1.0 1.0 1.0 0.0 1.0 1.0 1.0 1.0 1.0 1.0 1.0 1.0 1.0 1.0 1.0 1.0 1.0 1.0 1.0 1.0 1.0 1.0 1.0 1.0 1.0 1.0 1.0 1.0 1.0 1.0 1.0 1.0 1.0 1.0 1.0 1.0 1.0 1.0 1.0 1.0 1.0 1.0 1.0 1.0 1.0 1.0 1.0 1.0 1.0 1.0 1.0 1.0 1.0 1.0 
1.0 1.0 1.0 1.0 1.0 1.0 1.0 1.0 1.0 1.0 1.0 1.0 1.0 1.0 0.0 1.0 1.0 1.0 1.0 1.0 1.0 1.0 1.0 1.0 1.0 1.0 1.0 1.0 1.0 1.0 1.0 1.0 1.0 1.0 1.0 1.0 1.0 1.0 1.0 1.0 1.0 1.0 1.0 1.0 1.0 1.0 1.0 1.0 1.0 1.0 1.0 1.0 1.0 1.0 1.0 1.0 1.0 1.0 1.0 1.0 1.0 1.0 1.0 1.0 
1.0 1.0 1.0 1.0 1.0 1.0 1.0 1.0 1.0 1.0 1.0 1.0 1.0 1.0 1.0 0.0 1.0 1.0 1.0 1.0 1.0 1.0 1.0 1.0 1.0 1.0 1.0 1.0 1.0 1.0 1.0 1.0 1.0 1.0 1.0 1.0 1.0 1.0 1.0 1.0 1.0 1.0 1.0 1.0 1.0 1.0 1.0 1.0 1.0 1.0 1.0 1.0 1.0 1.0 1.0 1.0 1.0 1.0 1.0 1.0 1.0 1.0 1.0 1.0 
1.0 1.0 1.0 1.0 1.0 1.0 1.0 1.0 1.0 1.0 1.0 1.0 1.0 1.0 1.0 1.0 0.0 1.0 1.0 1.0 1.0 1.0 1.0 1.0 1.0 1.0 1.0 1.0 1.0 1.0 1.0 1.0 1.0 1.0 1.0 1.0 1.0 1.0 1.0 1.0 1.0 1.0 1.0 1.0 1.0 1.0 1.0 1.0 1.0 1.0 1.0 1.0 1.0 1.0 1.0 1.0 1.0 1.0 1.0 1.0 1.0 1.0 1.0 1.0 
1.0 1.0 1.0 1.0 1.0 1.0 1.0 1.0 1.0 1.0 1.0 1.0 1.0 1.0 1.0 1.0 1.0 0.0 1.0 1.0 1.0 1.0 1.0 1.0 1.0 1.0 1.0 1.0 1.0 1.0 1.0 1.0 1.0 1.0 1.0 1.0 1.0 1.0 1.0 1.0 1.0 1.0 1.0 1.0 1.0 1.0 1.0 1.0 1.0 1.0 1.0 1.0 1.0 1.0 1.0 1.0 1.0 1.0 1.0 1.0 1.0 1.0 1.0 1.0 
1.0 1.0 1.0 1.0 1.0 1.0 1.0 1.0 1.0 1.0 1.0 1.0 1.0 1.0 1.0 1.0 1.0 1.0 0.0 1.0 1.0 1.0 1.0 1.0 1.0 1.0 1.0 1.0 1.0 1.0 1.0 1.0 1.0 1.0 1.0 1.0 1.0 1.0 1.0 1.0 1.0 1.0 1.0 1.0 1.0 1.0 1.0 1.0 1.0 1.0 1.0 1.0 1.0 1.0 1.0 1.0 1.0 1.0 1.0 1.0 1.0 1.0 1.0 1.0 
1.0 1.0 1.0 1.0 1.0 1.0 1.0 1.0 1.0 1.0 1.0 1.0 1.0 1.0 1.0 1.0 1.0 1.0 1.0 0.0 1.0 1.0 1.0 1.0 1.0 1.0 1.0 1.0 1.0 1.0 1.0 1.0 1.0 1.0 1.0 1.0 1.0 1.0 1.0 1.0 1.0 1.0 1.0 1.0 1.0 1.0 1.0 1.0 1.0 1.0 1.0 1.0 1.0 1.0 1.0 1.0 1.0 1.0 1.0 1.0 1.0 1.0 1.0 1.0 
1.0 1.0 1.0 1.0 1.0 1.0 1.0 1.0 1.0 1.0 1.0 1.0 1.0 1.0 1.0 1.0 1.0 1.0 1.0 1.0 0.0 1.0 1.0 1.0 1.0 1.0 1.0 1.0 1.0 1.0 1.0 1.0 1.0 1.0 1.0 1.0 1.0 1.0 1.0 1.0 1.0 1.0 1.0 1.0 1.0 1.0 1.0 1.0 1.0 1.0 1.0 1.0 1.0 1.0 1.0 1.0 1.0 1.0 1.0 1.0 1.0 1.0 1.0 1.0 
1.0 1.0 1.0 1.0 1.0 1.0 1.0 1.0 1.0 1.0 1.0 1.0 1.0 1.0 1.0 1.0 1.0 1.0 1.0 1.0 1.0 0.0 1.0 1.0 1.0 1.0 1.0 1.0 1.0 1.0 1.0 1.0 1.0 1.0 1.0 1.0 1.0 1.0 1.0 1.0 1.0 1.0 1.0 1.0 1.0 1.0 1.0 1.0 1.0 1.0 1.0 1.0 1.0 1.0 1.0 1.0 1.0 1.0 1.0 1.0 1.0 1.0 1.0 1.0 
1.0 1.0 1.0 1.0 1.0 1.0 1.0 1.0 1.0 1.0 1.0 1.0 1.0 1.0 1.0 1.0 1.0 1.0 1.0 1.0 1.0 1.0 0.0 1.0 1.0 1.0 1.0 1.0 1.0 1.0 1.0 1.0 1.0 1.0 1.0 1.0 1.0 1.0 1.0 1.0 1.0 1.0 1.0 1.0 1.0 1.0 1.0 1.0 1.0 1.0 1.0 1.0 1.0 1.0 1.0 1.0 1.0 1.0 1.0 1.0 1.0 1.0 1.0 1.0 
1.0 1.0 1.0 1.0 1.0 1.0 1.0 1.0 1.0 1.0 1.0 1.0 1.0 1.0 1.0 1.0 1.0 1.0 1.0 1.0 1.0 1.0 1.0 0.0 1.0 1.0 1.0 1.0 1.0 1.0 1.0 1.0 1.0 1.0 1.0 1.0 1.0 1.0 1.0 1.0 1.0 1.0 1.0 1.0 1.0 1.0 1.0 1.0 1.0 1.0 1.0 1.0 1.0 1.0 1.0 1.0 1.0 1.0 1.0 1.0 1.0 1.0 1.0 1.0 
1.0 1.0 1.0 1.0 1.0 1.0 1.0 1.0 1.0 1.0 1.0 1.0 1.0 1.0 1.0 1.0 1.0 1.0 1.0 1.0 1.0 1.0 1.0 1.0 0.0 1.0 1.0 1.0 1.0 1.0 1.0 1.0 1.0 1.0 1.0 1.0 1.0 1.0 1.0 1.0 1.0 1.0 1.0 1.0 1.0 1.0 1.0 1.0 1.0 1.0 1.0 1.0 1.0 1.0 1.0 1.0 1.0 1.0 1.0 1.0 1.0 1.0 1.0 1.0 
1.0 1.0 1.0 1.0 1.0 1.0 1.0 1.0 1.0 1.0 1.0 1.0 1.0 1.0 1.0 1.0 1.0 1.0 1.0 1.0 1.0 1.0 1.0 1.0 1.0 0.0 1.0 1.0 1.0 1.0 1.0 1.0 1.0 1.0 1.0 1.0 1.0 1.0 1.0 1.0 1.0 1.0 1.0 1.0 1.0 1.0 1.0 1.0 1.0 1.0 1.0 1.0 1.0 1.0 1.0 1.0 1.0 1.0 1.0 1.0 1.0 1.0 1.0 1.0 
1.0 1.0 1.0 1.0 1.0 1.0 1.0 1.0 1.0 1.0 1.0 1.0 1.0 1.0 1.0 1.0 1.0 1.0 1.0 1.0 1.0 1.0 1.0 1.0 1.0 1.0 0.0 1.0 1.0 1.0 1.0 1.0 1.0 1.0 1.0 1.0 1.0 1.0 1.0 1.0 1.0 1.0 1.0 1.0 1.0 1.0 1.0 1.0 1.0 1.0 1.0 1.0 1.0 1.0 1.0 1.0 1.0 1.0 1.0 1.0 1.0 1.0 1.0 1.0 
1.0 1.0 1.0 1.0 1.0 1.0 1.0 1.0 1.0 1.0 1.0 1.0 1.0 1.0 1.0 1.0 1.0 1.0 1.0 1.0 1.0 1.0 1.0 1.0 1.0 1.0 1.0 0.0 1.0 1.0 1.0 1.0 1.0 1.0 1.0 1.0 1.0 1.0 1.0 1.0 1.0 1.0 1.0 1.0 1.0 1.0 1.0 1.0 1.0 1.0 1.0 1.0 1.0 1.0 1.0 1.0 1.0 1.0 1.0 1.0 1.0 1.0 1.0 1.0 
1.0 1.0 1.0 1.0 1.0 1.0 1.0 1.0 1.0 1.0 1.0 1.0 1.0 1.0 1.0 1.0 1.0 1.0 1.0 1.0 1.0 1.0 1.0 1.0 1.0 1.0 1.0 1.0 0.0 1.0 1.0 1.0 1.0 1.0 1.0 1.0 1.0 1.0 1.0 1.0 1.0 1.0 1.0 1.0 1.0 1.0 1.0 1.0 1.0 1.0 1.0 1.0 1.0 1.0 1.0 1.0 1.0 1.0 1.0 1.0 1.0 1.0 1.0 1.0 
1.0 1.0 1.0 1.0 1.0 1.0 1.0 1.0 1.0 1.0 1.0 1.0 1.0 1.0 1.0 1.0 1.0 1.0 1.0 1.0 1.0 1.0 1.0 1.0 1.0 1.0 1.0 1.0 1.0 0.0 1.0 1.0 1.0 1.0 1.0 1.0 1.0 1.0 1.0 1.0 1.0 1.0 1.0 1.0 1.0 1.0 1.0 1.0 1.0 1.0 1.0 1.0 1.0 1.0 1.0 1.0 1.0 1.0 1.0 1.0 1.0 1.0 1.0 1.0 
1.0 1.0 1.0 1.0 1.0 1.0 1.0 1.0 1.0 1.0 1.0 1.0 1.0 1.0 1.0 1.0 1.0 1.0 1.0 1.0 1.0 1.0 1.0 1.0 1.0 1.0 1.0 1.0 1.0 1.0 0.0 1.0 1.0 1.0 1.0 1.0 1.0 1.0 1.0 1.0 1.0 1.0 1.0 1.0 1.0 1.0 1.0 1.0 1.0 1.0 1.0 1.0 1.0 1.0 1.0 1.0 1.0 1.0 1.0 1.0 1.0 1.0 1.0 1.0 
1.0 1.0 1.0 1.0 1.0 1.0 1.0 1.0 1.0 1.0 1.0 1.0 1.0 1.0 1.0 1.0 1.0 1.0 1.0 1.0 1.0 1.0 1.0 1.0 1.0 1.0 1.0 1.0 1.0 1.0 1.0 0.0 1.0 1.0 1.0 1.0 1.0 1.0 1.0 1.0 1.0 1.0 1.0 1.0 1.0 1.0 1.0 1.0 1.0 1.0 1.0 1.0 1.0 1.0 1.0 1.0 1.0 1.0 1.0 1.0 1.0 1.0 1.0 1.0 
1.0 1.0 1.0 1.0 1.0 1.0 1.0 1.0 1.0 1.0 1.0 1.0 1.0 1.0 1.0 1.0 1.0 1.0 1.0 1.0 1.0 1.0 1.0 1.0 1.0 1.0 1.0 1.0 1.0 1.0 1.0 1.0 0.0 1.0 1.0 1.0 1.0 1.0 1.0 1.0 1.0 1.0 1.0 1.0 1.0 1.0 1.0 1.0 1.0 1.0 1.0 1.0 1.0 1.0 1.0 1.0 1.0 1.0 1.0 1.0 1.0 1.0 1.0 1.0 
1.0 1.0 1.0 1.0 1.0 1.0 1.0 1.0 1.0 1.0 1.0 1.0 1.0 1.0 1.0 1.0 1.0 1.0 1.0 1.0 1.0 1.0 1.0 1.0 1.0 1.0 1.0 1.0 1.0 1.0 1.0 1.0 1.0 0.0 1.0 1.0 1.0 1.0 1.0 1.0 1.0 1.0 1.0 1.0 1.0 1.0 1.0 1.0 1.0 1.0 1.0 1.0 1.0 1.0 1.0 1.0 1.0 1.0 1.0 1.0 1.0 1.0 1.0 1.0 
1.0 1.0 1.0 1.0 1.0 1.0 1.0 1.0 1.0 1.0 1.0 1.0 1.0 1.0 1.0 1.0 1.0 1.0 1.0 1.0 1.0 1.0 1.0 1.0 1.0 1.0 1.0 1.0 1.0 1.0 1.0 1.0 1.0 1.0 0.0 1.0 1.0 1.0 1.0 1.0 1.0 1.0 1.0 1.0 1.0 1.0 1.0 1.0 1.0 1.0 1.0 1.0 1.0 1.0 1.0 1.0 1.0 1.0 1.0 1.0 1.0 1.0 1.0 1.0 
1.0 1.0 1.0 1.0 1.0 1.0 1.0 1.0 1.0 1.0 1.0 1.0 1.0 1.0 1.0 1.0 1.0 1.0 1.0 1.0 1.0 1.0 1.0 1.0 1.0 1.0 1.0 1.0 1.0 1.0 1.0 1.0 1.0 1.0 1.0 0.0 1.0 1.0 1.0 1.0 1.0 1.0 1.0 1.0 1.0 1.0 1.0 1.0 1.0 1.0 1.0 1.0 1.0 1.0 1.0 1.0 1.0 1.0 1.0 1.0 1.0 1.0 1.0 1.0 
1.0 1.0 1.0 1.0 1.0 1.0 1.0 1.0 1.0 1.0 1.0 1.0 1.0 1.0 1.0 1.0 1.0 1.0 1.0 1.0 1.0 1.0 1.0 1.0 1.0 1.0 1.0 1.0 1.0 1.0 1.0 1.0 1.0 1.0 1.0 1.0 0.0 1.0 1.0 1.0 1.0 1.0 1.0 1.0 1.0 1.0 1.0 1.0 1.0 1.0 1.0 1.0 1.0 1.0 1.0 1.0 1.0 1.0 1.0 1.0 1.0 1.0 1.0 1.0 
1.0 1.0 1.0 1.0 1.0 1.0 1.0 1.0 1.0 1.0 1.0 1.0 1.0 1.0 1.0 1.0 1.0 1.0 1.0 1.0 1.0 1.0 1.0 1.0 1.0 1.0 1.0 1.0 1.0 1.0 1.0 1.0 1.0 1.0 1.0 1.0 1.0 0.0 1.0 1.0 1.0 1.0 1.0 1.0 1.0 1.0 1.0 1.0 1.0 1.0 1.0 1.0 1.0 1.0 1.0 1.0 1.0 1.0 1.0 1.0 1.0 1.0 1.0 1.0 
1.0 1.0 1.0 1.0 1.0 1.0 1.0 1.0 1.0 1.0 1.0 1.0 1.0 1.0 1.0 1.0 1.0 1.0 1.0 1.0 1.0 1.0 1.0 1.0 1.0 1.0 1.0 1.0 1.0 1.0 1.0 1.0 1.0 1.0 1.0 1.0 1.0 1.0 0.0 1.0 1.0 1.0 1.0 1.0 1.0 1.0 1.0 1.0 1.0 1.0 1.0 1.0 1.0 1.0 1.0 1.0 1.0 1.0 1.0 1.0 1.0 1.0 1.0 1.0 
1.0 1.0 1.0 1.0 1.0 1.0 1.0 1.0 1.0 1.0 1.0 1.0 1.0 1.0 1.0 1.0 1.0 1.0 1.0 1.0 1.0 1.0 1.0 1.0 1.0 1.0 1.0 1.0 1.0 1.0 1.0 1.0 1.0 1.0 1.0 1.0 1.0 1.0 1.0 0.0 1.0 1.0 1.0 1.0 1.0 1.0 1.0 1.0 1.0 1.0 1.0 1.0 1.0 1.0 1.0 1.0 1.0 1.0 1.0 1.0 1.0 1.0 1.0 1.0 
1.0 1.0 1.0 1.0 1.0 1.0 1.0 1.0 1.0 1.0 1.0 1.0 1.0 1.0 1.0 1.0 1.0 1.0 1.0 1.0 1.0 1.0 1.0 1.0 1.0 1.0 1.0 1.0 1.0 1.0 1.0 1.0 1.0 1.0 1.0 1.0 1.0 1.0 1.0 1.0 0.0 1.0 1.0 1.0 1.0 1.0 1.0 1.0 1.0 1.0 1.0 1.0 1.0 1.0 1.0 1.0 1.0 1.0 1.0 1.0 1.0 1.0 1.0 1.0 
1.0 1.0 1.0 1.0 1.0 1.0 1.0 1.0 1.0 1.0 1.0 1.0 1.0 1.0 1.0 1.0 1.0 1.0 1.0 1.0 1.0 1.0 1.0 1.0 1.0 1.0 1.0 1.0 1.0 1.0 1.0 1.0 1.0 1.0 1.0 1.0 1.0 1.0 1.0 1.0 1.0 0.0 1.0 1.0 1.0 1.0 1.0 1.0 1.0 1.0 1.0 1.0 1.0 1.0 1.0 1.0 1.0 1.0 1.0 1.0 1.0 1.0 1.0 1.0 
1.0 1.0 1.0 1.0 1.0 1.0 1.0 1.0 1.0 1.0 1.0 1.0 1.0 1.0 1.0 1.0 1.0 1.0 1.0 1.0 1.0 1.0 1.0 1.0 1.0 1.0 1.0 1.0 1.0 1.0 1.0 1.0 1.0 1.0 1.0 1.0 1.0 1.0 1.0 1.0 1.0 1.0 0.0 1.0 1.0 1.0 1.0 1.0 1.0 1.0 1.0 1.0 1.0 1.0 1.0 1.0 1.0 1.0 1.0 1.0 1.0 1.0 1.0 1.0 
1.0 1.0 1.0 1.0 1.0 1.0 1.0 1.0 1.0 1.0 1.0 1.0 1.0 1.0 1.0 1.0 1.0 1.0 1.0 1.0 1.0 1.0 1.0 1.0 1.0 1.0 1.0 1.0 1.0 1.0 1.0 1.0 1.0 1.0 1.0 1.0 1.0 1.0 1.0 1.0 1.0 1.0 1.0 0.0 1.0 1.0 1.0 1.0 1.0 1.0 1.0 1.0 1.0 1.0 1.0 1.0 1.0 1.0 1.0 1.0 1.0 1.0 1.0 1.0 
1.0 1.0 1.0 1.0 1.0 1.0 1.0 1.0 1.0 1.0 1.0 1.0 1.0 1.0 1.0 1.0 1.0 1.0 1.0 1.0 1.0 1.0 1.0 1.0 1.0 1.0 1.0 1.0 1.0 1.0 1.0 1.0 1.0 1.0 1.0 1.0 1.0 1.0 1.0 1.0 1.0 1.0 1.0 1.0 0.0 1.0 1.0 1.0 1.0 1.0 1.0 1.0 1.0 1.0 1.0 1.0 1.0 1.0 1.0 1.0 1.0 1.0 1.0 1.0 
1.0 1.0 1.0 1.0 1.0 1.0 1.0 1.0 1.0 1.0 1.0 1.0 1.0 1.0 1.0 1.0 1.0 1.0 1.0 1.0 1.0 1.0 1.0 1.0 1.0 1.0 1.0 1.0 1.0 1.0 1.0 1.0 1.0 1.0 1.0 1.0 1.0 1.0 1.0 1.0 1.0 1.0 1.0 1.0 1.0 0.0 1.0 1.0 1.0 1.0 1.0 1.0 1.0 1.0 1.0 1.0 1.0 1.0 1.0 1.0 1.0 1.0 1.0 1.0 
1.0 1.0 1.0 1.0 1.0 1.0 1.0 1.0 1.0 1.0 1.0 1.0 1.0 1.0 1.0 1.0 1.0 1.0 1.0 1.0 1.0 1.0 1.0 1.0 1.0 1.0 1.0 1.0 1.0 1.0 1.0 1.0 1.0 1.0 1.0 1.0 1.0 1.0 1.0 1.0 1.0 1.0 1.0 1.0 1.0 1.0 0.0 1.0 1.0 1.0 1.0 1.0 1.0 1.0 1.0 1.0 1.0 1.0 1.0 1.0 1.0 1.0 1.0 1.0 
1.0 1.0 1.0 1.0 1.0 1.0 1.0 1.0 1.0 1.0 1.0 1.0 1.0 1.0 1.0 1.0 1.0 1.0 1.0 1.0 1.0 1.0 1.0 1.0 1.0 1.0 1.0 1.0 1.0 1.0 1.0 1.0 1.0 1.0 1.0 1.0 1.0 1.0 1.0 1.0 1.0 1.0 1.0 1.0 1.0 1.0 1.0 0.0 1.0 1.0 1.0 1.0 1.0 1.0 1.0 1.0 1.0 1.0 1.0 1.0 1.0 1.0 1.0 1.0 
1.0 1.0 1.0 1.0 1.0 1.0 1.0 1.0 1.0 1.0 1.0 1.0 1.0 1.0 1.0 1.0 1.0 1.0 1.0 1.0 1.0 1.0 1.0 1.0 1.0 1.0 1.0 1.0 1.0 1.0 1.0 1.0 1.0 1.0 1.0 1.0 1.0 1.0 1.0 1.0 1.0 1.0 1.0 1.0 1.0 1.0 1.0 1.0 0.0 1.0 1.0 1.0 1.0 1.0 1.0 1.0 1.0 1.0 1.0 1.0 1.0 1.0 1.0 1.0 
1.0 1.0 1.0 1.0 1.0 1.0 1.0 1.0 1.0 1.0 1.0 1.0 1.0 1.0 1.0 1.0 1.0 1.0 1.0 1.0 1.0 1.0 1.0 1.0 1.0 1.0 1.0 1.0 1.0 1.0 1.0 1.0 1.0 1.0 1.0 1.0 1.0 1.0 1.0 1.0 1.0 1.0 1.0 1.0 1.0 1.0 1.0 1.0 1.0 0.0 1.0 1.0 1.0 1.0 1.0 1.0 1.0 1.0 1.0 1.0 1.0 1.0 1.0 1.0 
1.0 1.0 1.0 1.0 1.0 1.0 1.0 1.0 1.0 1.0 1.0 1.0 1.0 1.0 1.0 1.0 1.0 1.0 1.0 1.0 1.0 1.0 1.0 1.0 1.0 1.0 1.0 1.0 1.0 1.0 1.0 1.0 1.0 1.0 1.0 1.0 1.0 1.0 1.0 1.0 1.0 1.0 1.0 1.0 1.0 1.0 1.0 1.0 1.0 1.0 0.0 1.0 1.0 1.0 1.0 1.0 1.0 1.0 1.0 1.0 1.0 1.0 1.0 1.0 
1.0 1.0 1.0 1.0 1.0 1.0 1.0 1.0 1.0 1.0 1.0 1.0 1.0 1.0 1.0 1.0 1.0 1.0 1.0 1.0 1.0 1.0 1.0 1.0 1.0 1.0 1.0 1.0 1.0 1.0 1.0 1.0 1.0 1.0 1.0 1.0 1.0 1.0 1.0 1.0 1.0 1.0 1.0 1.0 1.0 1.0 1.0 1.0 1.0 1.0 1.0 0.0 1.0 1.0 1.0 1.0 1.0 1.0 1.0 1.0 1.0 1.0 1.0 1.0 
1.0 1.0 1.0 1.0 1.0 1.0 1.0 1.0 1.0 1.0 1.0 1.0 1.0 1.0 1.0 1.0 1.0 1.0 1.0 1.0 1.0 1.0 1.0 1.0 1.0 1.0 1.0 1.0 1.0 1.0 1.0 1.0 1.0 1.0 1.0 1.0 1.0 1.0 1.0 1.0 1.0 1.0 1.0 1.0 1.0 1.0 1.0 1.0 1.0 1.0 1.0 1.0 0.0 1.0 1.0 1.0 1.0 1.0 1.0 1.0 1.0 1.0 1.0 1.0 
1.0 1.0 1.0 1.0 1.0 1.0 1.0 1.0 1.0 1.0 1.0 1.0 1.0 1.0 1.0 1.0 1.0 1.0 1.0 1.0 1.0 1.0 1.0 1.0 1.0 1.0 1.0 1.0 1.0 1.0 1.0 1.0 1.0 1.0 1.0 1.0 1.0 1.0 1.0 1.0 1.0 1.0 1.0 1.0 1.0 1.0 1.0 1.0 1.0 1.0 1.0 1.0 1.0 0.0 1.0 1.0 1.0 1.0 1.0 1.0 1.0 1.0 1.0 1.0 
1.0 1.0 1.0 1.0 1.0 1.0 1.0 1.0 1.0 1.0 1.0 1.0 1.0 1.0 1.0 1.0 1.0 1.0 1.0 1.0 1.0 1.0 1.0 1.0 1.0 1.0 1.0 1.0 1.0 1.0 1.0 1.0 1.0 1.0 1.0 1.0 1.0 1.0 1.0 1.0 1.0 1.0 1.0 1.0 1.0 1.0 1.0 1.0 1.0 1.0 1.0 1.0 1.0 1.0 0.0 1.0 1.0 1.0 1.0 1.0 1.0 1.0 1.0 1.0 
1.0 1.0 1.0 1.0 1.0 1.0 1.0 1.0 1.0 1.0 1.0 1.0 1.0 1.0 1.0 1.0 1.0 1.0 1.0 1.0 1.0 1.0 1.0 1.0 1.0 1.0 1.0 1.0 1.0 1.0 1.0 1.0 1.0 1.0 1.0 1.0 1.0 1.0 1.0 1.0 1.0 1.0 1.0 1.0 1.0 1.0 1.0 1.0 1.0 1.0 1.0 1.0 1.0 1.0 1.0 0.0 1.0 1.0 1.0 1.0 1.0 1.0 1.0 1.0 
1.0 1.0 1.0 1.0 1.0 1.0 1.0 1.0 1.0 1.0 1.0 1.0 1.0 1.0 1.0 1.0 1.0 1.0 1.0 1.0 1.0 1.0 1.0 1.0 1.0 1.0 1.0 1.0 1.0 1.0 1.0 1.0 1.0 1.0 1.0 1.0 1.0 1.0 1.0 1.0 1.0 1.0 1.0 1.0 1.0 1.0 1.0 1.0 1.0 1.0 1.0 1.0 1.0 1.0 1.0 1.0 0.0 1.0 1.0 1.0 1.0 1.0 1.0 1.0 
1.0 1.0 1.0 1.0 1.0 1.0 1.0 1.0 1.0 1.0 1.0 1.0 1.0 1.0 1.0 1.0 1.0 1.0 1.0 1.0 1.0 1.0 1.0 1.0 1.0 1.0 1.0 1.0 1.0 1.0 1.0 1.0 1.0 1.0 1.0 1.0 1.0 1.0 1.0 1.0 1.0 1.0 1.0 1.0 1.0 1.0 1.0 1.0 1.0 1.0 1.0 1.0 1.0 1.0 1.0 1.0 1.0 0.0 1.0 1.0 1.0 1.0 1.0 1.0 
1.0 1.0 1.0 1.0 1.0 1.0 1.0 1.0 1.0 1.0 1.0 1.0 1.0 1.0 1.0 1.0 1.0 1.0 1.0 1.0 1.0 1.0 1.0 1.0 1.0 1.0 1.0 1.0 1.0 1.0 1.0 1.0 1.0 1.0 1.0 1.0 1.0 1.0 1.0 1.0 1.0 1.0 1.0 1.0 1.0 1.0 1.0 1.0 1.0 1.0 1.0 1.0 1.0 1.0 1.0 1.0 1.0 1.0 0.0 1.0 1.0 1.0 1.0 1.0 
1.0 1.0 1.0 1.0 1.0 1.0 1.0 1.0 1.0 1.0 1.0 1.0 1.0 1.0 1.0 1.0 1.0 1.0 1.0 1.0 1.0 1.0 1.0 1.0 1.0 1.0 1.0 1.0 1.0 1.0 1.0 1.0 1.0 1.0 1.0 1.0 1.0 1.0 1.0 1.0 1.0 1.0 1.0 1.0 1.0 1.0 1.0 1.0 1.0 1.0 1.0 1.0 1.0 1.0 1.0 1.0 1.0 1.0 1.0 0.0 1.0 1.0 1.0 1.0 
1.0 1.0 1.0 1.0 1.0 1.0 1.0 1.0 1.0 1.0 1.0 1.0 1.0 1.0 1.0 1.0 1.0 1.0 1.0 1.0 1.0 1.0 1.0 1.0 1.0 1.0 1.0 1.0 1.0 1.0 1.0 1.0 1.0 1.0 1.0 1.0 1.0 1.0 1.0 1.0 1.0 1.0 1.0 1.0 1.0 1.0 1.0 1.0 1.0 1.0 1.0 1.0 1.0 1.0 1.0 1.0 1.0 1.0 1.0 1.0 0.0 1.0 1.0 1.0 
1.0 1.0 1.0 1.0 1.0 1.0 1.0 1.0 1.0 1.0 1.0 1.0 1.0 1.0 1.0 1.0 1.0 1.0 1.0 1.0 1.0 1.0 1.0 1.0 1.0 1.0 1.0 1.0 1.0 1.0 1.0 1.0 1.0 1.0 1.0 1.0 1.0 1.0 1.0 1.0 1.0 1.0 1.0 1.0 1.0 1.0 1.0 1.0 1.0 1.0 1.0 1.0 1.0 1.0 1.0 1.0 1.0 1.0 1.0 1.0 1.0 0.0 1.0 1.0 
1.0 1.0 1.0 1.0 1.0 1.0 1.0 1.0 1.0 1.0 1.0 1.0 1.0 1.0 1.0 1.0 1.0 1.0 1.0 1.0 1.0 1.0 1.0 1.0 1.0 1.0 1.0 1.0 1.0 1.0 1.0 1.0 1.0 1.0 1.0 1.0 1.0 1.0 1.0 1.0 1.0 1.0 1.0 1.0 1.0 1.0 1.0 1.0 1.0 1.0 1.0 1.0 1.0 1.0 1.0 1.0 1.0 1.0 1.0 1.0 1.0 1.0 0.0 1.0 
1.0 1.0 1.0 1.0 1.0 1.0 1.0 1.0 1.0 1.0 1.0 1.0 1.0 1.0 1.0 1.0 1.0 1.0 1.0 1.0 1.0 1.0 1.0 1.0 1.0 1.0 1.0 1.0 1.0 1.0 1.0 1.0 1.0 1.0 1.0 1.0 1.0 1.0 1.0 1.0 1.0 1.0 1.0 1.0 1.0 1.0 1.0 1.0 1.0 1.0 1.0 1.0 1.0 1.0 1.0 1.0 1.0 1.0 1.0 1.0 1.0 1.0 1.0 0.0 