64
77 33 78 72 51 20 17 90 88 6 25 72 22 58 56 41 75 67 64 7 7 30 76 37 15 4 25 66 24 40 67 79 9 85 8 36 66 92 47 19 41 86 76 88 7 14 78 6 90 70 29 25 81 31 29 41 71 5 7 44 27 73 30 72 
36 40 49 36 11 5 6 62 18 30 87 20 30 2 55 56 89 25 35 71 42 71 16 49 47 63 8 60 57 97 62 39 89 48 21 60 43 23 7 78 22 5 50 26 22 28 45 50 49 16 63 46 22 42 78 50 95 63 2 17 36 100 24 26 
21 47 87 46 48 36 88 54 42 75 90 13 97 90 91 82 45 93 11 59 47 38 77 18 86 93 5 25 16 99 76 20 88 41 62 87 83 80 49 32 83 12 95 51 97 35 69 53 62 86 85 57 98 28 26 87 92 8 10 24 24 61 31 3 
56 20 32 29 96 17 39 93 6 50 7 22 80 73 28 24 1 24 50 40 43 71 49 80 12 28 51 81 9 11 21 22 66 94 56 81 72 23 99 53 8 22 50 21 17 90 93 19 10 37 100 84 57 8 48 72 56 24 63 55 40 50 96 38 
46 35 76 44 13 35 84 14 74 15 91 21 26 95 85 98 45 68 9 90 28 60 42 59 17 46 1 12 31 9 99 8 68 14 11 1 66 29 93 96 7 54 20 68 19 94 86 57 12 60 81 15 62 1 3 54 40 1 94 77 8 86 57 51 
87 2 69 5 53 70 28 56 49 11 21 87 28 81 59 19 22 8 44 86 67 49 43 75 34 53 54 63 22 17 26 69 13 59 59 49 3 93 70 5 62 95 98 98 70 32 61 33 30 67 42 44 92 76 90 21 5 20 45 75 94 90 27 98 
91 67 19 39 13 2 88 73 74 22 48 97 43 28 1 47 11 14 51 89 55 55 62 20 42 79 32 8 36 48 72 41 34 37 17 88 75 50 84 16 96 72 47 4 58 23 54 41 19 23 3 28 33 55 46 17 1 15 65 95 86 16 9 62 
13 65 59 33 42 57 71 31 28 22 13 79 57 5 49 89 29 5 75 92 83 73 100 87 32 23 87 92 21 47 92 80 61 82 30 42 55 11 7 69 22 54 32 90 65 97 30 67 44 66 2 90 12 52 100 70 9 7 85 45 84 50 2 7 
94 46 95 94 57 50 99 93 99 95 53 34 4 86 20 3 69 50 98 71 53 3 29 26 68 74 69 55 78 36 34 6 39 11 12 23 71 30 32 42 27 89 87 56 58 48 100 31 63 2 4 11 92 2 80 54 64 89 45 61 37 33 36 45 
37 10 10 58 80 29 28 81 21 15 24 15 77 71 85 11 10 47 34 72 94 46 32 31 14 20 89 89 99 5 38 2 54 33 100 57 5 50 50 87 80 33 6 59 92 44 37 62 91 77 6 9 23 3 16 22 64 49 96 84 20 13 72 49 
44 97 96 89 45 44 74 42 90 8 92 98 52 9 79 90 77 92 45 94 75 47 99 86 73 42 56 38 27 46 100 20 99 90 15 19 55 63 40 8 22 19 20 30 99 6 98 91 22 28 1 86 9 54 47 17 79 76 30 55 38 80 7 46 
5 82 91 46 43 24 63 55 27 84 20 58 99 30 85 56 95 3 58 4 36 91 63 14 32 72 39 3 50 85 2 85 37 15 87 93 5 31 9 20 44 53 80 52 88 90 3 41 82 75 53 21 12 67 13 84 48 15 18 50 73 11 51 46 
92 68 20 35 68 18 85 75 45 45 55 30 37 15 77 68 82 26 2 88 58 47 67 98 23 38 3 50 66 40 28 9 16 81 48 51 70 1 24 97 38 79 88 19 93 57 27 19 47 23 97 8 19 9 84 60 87 58 65 33 73 88 62 89 
36 38 14 4 2 13 34 35 45 47 71 76 6 84 60 42 72 29 68 4 22 55 70 80 37 82 87 100 91 3 67 44 85 40 57 91 1 3 50 83 56 96 13 43 31 37 47 95 50 91 31 64 86 48 31 61 37 93 59 47 59 95 23 63 
100 50 75 54 91 71 71 32 48 17 47 68 48 83 18 54 38 4 20 38 35 36 49 5 32 31 80 43 73 6 74 32 92 18 64 89 43 10 49 5 56 85 52 28 53 27 3 24 62 97 34 8 57 89 36 50 7 35 87 30 100 61 39 86 
65 31 57 57 43 4 64 53 28 73 58 53 52 56 98 10 52 4 91 15 83 80 91 1 49 42 35 3 65 32 92 84 30 78 10 55 63 65 59 73 88 34 19 11 72 57 8 85 70 99 17 7 3 38 70 74 4 51 81 74 80 65 89 87 
98 30 89 65 38 58 15 78 42 22 68 100 46 79 94 62 87 76 47 95 37 40 23 84 12 29 27 18 70 58 6 60 36 14 74 28 54 55 1 24 53 75 79 31 13 2 80 58 90 14 7 3 19 29 15 38 16 27 93 75 71 80 67 27 
80 98 89 41 39 15 96 90 56 13 87 13 47 68 33 94 23 36 82 63 61 12 88 92 25 100 100 27 37 54 23 64 11 60 83 16 58 7 89 75 63 26 2 20 91 96 62 30 72 80 78 60 90 90 95 57 19 27 2 74 14 2 5 80 
39 7 28 40 71 43 31 63 62 38 10 37 12 10 85 12 92 18 2 77 82 59 1 94 20 20 39 66 26 66 18 85 61 76 41 52 36 37 80 73 75 23 73 99 90 31 21 64 26 76 100 52 82 72 35 59 48 70 83 99 3 72 96 87 
75 66 51 86 64 72 67 15 12 43 93 97 3 81 99 39 45 47 8 76 10 86 6 52 32 64 14 50 4 51 31 55 67 69 47 65 24 18 36 22 17 53 65 80 61 5 51 15 64 87 87 96 1 59 81 70 32 36 14 32 2 75 65 62 
24 91 95 90 91 71 75 63 85 47 92 14 11 11 76 39 39 44 34 52 52 94 73 33 3 41 50 62 54 91 55 28 28 96 62 39 53 1 69 28 76 40 91 81 89 56 15 61 30 96 38 28 62 61 18 85 73 57 65 56 63 28 81 69 
50 97 59 31 33 51 75 50 1 60 82 86 91 69 55 12 87 81 69 23 40 38 88 81 51 70 95 46 67 50 21 47 43 3 50 16 15 83 99 44 97 10 22 60 30 33 73 40 16 55 47 66 71 40 64 95 61 73 75 45 86 88 27 5 
98 6 55 17 20 79 84 40 54 51 91 7 56 60 47 38 33 37 75 75 65 38 91 97 72 78 33 27 71 88 99 53 27 23 63 61 6 1 5 22 3 56 15 30 26 27 34 4 95 39 100 98 73 56 95 25 59 26 10 26 12 83 9 34 
7 19 67 22 4 29 91 17 61 10 54 61 47 10 8 20 73 24 75 42 69 14 40 52 97 14 40 79 38 69 37 2 94 71 44 23 10 26 19 27 34 80 6 29 21 47 15 29 45 16 28 51 79 74 4 47 63 60 25 83 45 70 13 50 
15 2 42 93 93 41 55 36 77 22 96 63 98 75 64 86 91 54 100 38 38 22 58 81 19 72 3 19 12 65 65 29 4 88 55 93 95 68 73 3 31 36 59 98 5 10 100 11 68 44 63 61 47 55 50 78 16 82 62 65 96 78 43 99 
11 40 50 43 86 24 19 63 89 88 26 34 88 89 38 79 14 55 32 22 47 54 9 95 83 6 75 18 27 96 57 30 72 66 25 29 93 42 32 49 37 8 16 64 41 3 67 41 76 72 19 28 84 89 2 59 46 61 86 20 59 65 66 1 
88 70 2 67 74 31 40 84 14 10 6 43 64 99 44 97 88 71 10 36 46 97 43 76 69 31 86 91 14 87 24 21 22 56 82 79 11 13 56 63 93 93 78 38 84 4 59 71 95 25 75 67 7 1 89 17 96 4 55 64 34 8 31 1 
100 63 73 12 41 21 14 81 49 70 16 9 85 72 85 66 77 6 22 60 29 53 90 71 12 45 28 84 8 87 20 70 59 83 98 13 60 67 13 76 17 75 26 74 74 24 61 89 46 67 44 87 62 25 37 24 71 56 35 71 34 52 38 21 
44 9 99 20 62 81 7 29 1 53 76 12 19 74 72 58 25 28 10 59 53 89 1 79 5 42 82 37 96 88 4 32 77 97 96 45 33 66 30 42 74 15 44 78 5 31 61 13 31 55 20 79 61 87 15 96 7 33 40 74 43 79 56 73 
80 14 29 76 12 70 48 59 37 10 43 85 98 64 99 94 81 28 5 67 25 76 15 23 3 30 30 86 52 77 4 57 21 16 80 100 15 10 51 28 41 23 20 70 25 13 97 21 78 5 99 12 40 25 96 74 11 35 82 30 43 29 62 77 
17 66 18 79 9 63 65 19 35 28 48 99 27 68 79 31 58 95 95 78 8 38 4 57 26 52 14 76 76 25 20 78 37 37 70 76 32 60 69 4 90 34 28 93 79 23 37 26 19 4 15 7 32 94 67 20 83 71 36 57 90 77 51 40 
56 19 63 23 68 49 79 66 80 45 55 31 19 76 88 41 12 91 70 35 54 6 64 8 40 79 58 16 71 43 58 42 13 70 99 52 48 2 44 57 9 82 55 24 1 19 17 43 43 58 46 76 77 66 91 51 97 55 93 66 68 77 45 22 
29 83 74 54 12 92 57 69 26 20 17 90 44 41 88 70 96 96 27 13 53 4 88 58 55 100 88 89 94 17 98 35 8 4 87 5 4 47 35 98 27 3 81 76 54 56 54 48 55 89 87 50 94 22 7 10 70 8 24 41 100 12 99 76 
91 10 95 66 38 54 5 56 5 23 19 62 85 60 45 96 87 1 56 84 33 32 9 30 1 33 85 27 54 23 28 86 58 78 33 2 53 45 57 24 38 67 84 16 57 57 77 93 13 92 26 82 65 70 51 22 29 34 4 31 41 81 29 51 
62 64 76 69 61 37 10 52 100 21 72 64 52 41 5 41 86 9 79 5 26 37 100 58 92 10 71 97 81 17 93 56 65 51 72 81 8 92 39 84 63 67 20 70 66 16 26 82 4 77 48 11 65 51 3 6 31 92 98 39 94 6 86 89 
45 41 7 44 91 23 77 82 44 1 49 47 40 32 77 47 68 13 96 100 38 58 9 37 6 3 69 23 63 24 12 46 67 96 45 39 76 87 11 49 67 41 75 86 87 67 51 56 78 58 68 33 15 89 51 70 77 93 78 37 39 40 80 91 
45 74 74 87 99 46 5 28 21 95 14 3 99 98 72 23 81 50 78 2 63 81 58 27 79 26 100 41 76 54 21 91 20 46 71 94 93 84 44 96 83 77 60 91 28 5 85 5 82 52 42 73 61 93 90 68 96 84 13 11 89 79 23 47 
3 16 14 9 21 35 88 11 43 19 9 72 57 50 73 35 30 90 85 23 1 91 1 88 53 69 67 38 4 93 3 73 4 13 72 39 83 45 27 84 87 23 47 71 52 53 35 79 65 46 47 47 55 26 18 87 81 46 17 45 30 80 49 37 
23 68 51 92 30 50 61 81 78 13 84 39 97 49 5 10 51 96 71 33 25 19 90 59 45 6 21 47 31 42 36 22 58 70 18 27 5 43 54 67 72 67 14 96 25 2 44 9 83 55 88 15 28 42 91 20 15 35 67 23 63 65 24 18 
51 81 15 9 18 73 84 67 63 18 75 24 78 63 14 82 58 29 64 10 57 76 92 89 90 79 36 31 76 10 8 71 32 15 31 16 32 37 86 75 68 20 67 71 98 28 20 12 81 87 63 47 64 67 57 100 41 38 24 25 26 80 38 83 
7 71 1 85 93 50 32 44 75 98 23 9 85 94 74 31 65 20 37 100 32 82 67 99 62 47 32 36 19 8 53 39 87 55 20 2 32 41 28 92 81 97 92 8 12 47 98 22 43 73 94 8 94 75 98 98 47 85 100 48 21 65 8 8 
60 42 46 54 27 38 99 83 21 45 7 18 76 20 32 52 24 4 23 81 70 75 7 58 72 88 95 71 45 30 27 13 64 76 95 76 39 41 45 1 84 19 72 26 50 60 35 86 28 88 55 86 99 29 55 82 76 76 9 24 20 34 39 99 
55 32 72 12 59 95 27 96 49 40 16 74 72 17 89 46 59 54 17 2 79 62 62 7 97 83 25 1 47 43 78 56 26 62 34 25 24 83 43 60 53 11 83 64 39 28 74 73 92 33 73 73 86 35 60 2 12 80 20 58 98 25 60 6 
52 15 47 60 13 15 17 34 35 21 6 36 14 17 78 42 73 83 100 85 8 99 61 32 93 74 34 37 69 70 6 53 94 18 63 67 52 1 45 35 98 21 3 64 69 78 94 70 70 3 65 52 22 21 79 58 16 36 35 68 47 49 50 46 
2 87 32 75 62 12 54 96 5 26 69 90 11 44 78 75 79 76 95 36 62 39 10 27 46 60 59 60 83 89 91 55 19 16 74 86 43 81 7 53 100 94 32 67 59 47 15 91 68 92 66 69 39 91 82 59 41 47 49 24 52 62 34 41 
89 3 21 40 18 24 24 73 82 55 68 41 52 67 72 18 75 66 39 1 80 70 66 41 80 12 50 94 48 61 46 38 81 17 15 86 56 80 36 67 24 60 78 8 68 99 7 10 50 56 68 30 18 70 81 6 55 89 92 52 6 36 40 97 
85 79 37 100 48 99 36 72 9 29 9 3 69 28 59 80 43 95 97 14 88 12 67 47 61 77 87 67 96 33 96 62 12 44 92 51 35 26 93 37 22 50 8 51 16 15 22 10 11 25 85 28 37 31 64 1 25 55 67 38 49 84 81 18 
4 100 79 75 93 68 99 79 75 95 23 21 54 8 45 25 50 52 94 7 15 50 72 33 30 25 11 1 82 81 98 32 45 50 100 93 76 13 90 49 99 18 70 89 62 64 89 88 72 71 52 22 34 85 57 57 8 2 87 12 7 25 4 71 
16 63 58 14 48 19 27 11 16 58 92 79 33 96 48 83 51 6 100 6 45 59 88 68 97 2 66 48 18 51 63 89 34 82 95 70 42 74 87 68 63 18 73 37 73 47 49 58 32 66 36 67 69 23 47 53 31 42 97 56 13 66 18 4 
60 81 78 85 82 81 47 10 97 3 45 64 61 2 59 13 69 100 6 93 24 95 89 76 37 17 46 96 12 32 95 92 78 46 3 87 5 48 52 75 10 58 37 6 86 51 89 62 79 18 56 11 20 78 30 3 85 35 87 29 48 17 81 65 
94 12 11 98 85 60 44 88 89 98 2 70 38 97 6 78 84 13 53 78 73 55 8 33 91 42 66 14 40 83 73 1 20 7 63 43 96 45 91 71 10 87 20 72 63 18 94 14 42 92 82 73 63 43 29 91 42 69 72 51 38 84 34 5 
58 37 54 10 3 37 29 12 91 37 25 55 87 94 92 73 32 80 47 49 56 91 30 16 48 26 14 39 96 41 75 51 20 86 16 72 68 57 95 14 20 35 96 78 76 32 1 49 52 47 96 78 72 8 81 51 26 1 10 3 82 93 47 36 
38 57 5 53 49 42 68 16 54 6 76 44 78 81 3 2 91 81 98 97 62 3 37 75 1 100 77 11 6 72 77 15 73 87 51 33 54 37 96 47 54 65 55 54 13 32 98 36 94 17 73 27 3 91 10 11 95 99 100 67 7 24 24 2 
46 26 74 91 88 51 82 26 28 79 66 8 9 9 73 60 75 61 30 95 28 95 92 92 29 36 51 74 49 36 12 27 38 96 98 79 72 31 16 27 2 90 65 82 83 23 79 49 6 2 67 19 99 25 62 76 10 7 68 56 96 25 10 82 
89 56 50 8 96 91 70 98 24 31 87 19 55 69 83 93 34 90 1 71 73 18 6 92 89 99 88 5 76 87 51 16 75 75 54 51 28 97 60 55 55 17 3 71 73 40 52 48 34 2 72 76 61 76 5 23 64 44 72 21 84 91 91 3 
100 99 27 75 98 70 48 77 32 25 67 97 37 36 80 19 61 86 1 48 87 8 48 25 67 46 34 46 43 69 39 43 86 13 6 2 8 99 12 51 3 7 85 1 36 10 20 22 37 43 49 95 45 87 9 12 88 91 70 6 14 56 91 24 
80 5 43 97 23 41 4 48 99 37 65 49 13 4 79 13 38 10 14 38 86 44 97 54 82 12 85 16 43 63 77 11 96 78 55 86 94 82 88 24 25 94 38 65 36 46 9 29 62 17 95 56 59 46 32 56 25 63 80 86 12 60 40 10 
55 20 61 91 41 68 71 38 33 1 34 13 18 22 46 63 88 79 32 94 80 30 11 40 99 87 41 9 20 22 68 87 12 53 75 19 44 14 59 100 67 75 64 75 91 21 1 67 72 19 51 96 43 77 9 72 11 74 95 45 73 16 63 34 
13 79 55 42 94 91 8 31 83 72 91 17 66 32 2 53 97 83 28 9 30 67 3 62 89 80 5 47 85 77 43 22 94 55 73 26 96 16 77 36 2 29 46 95 7 18 7 2 2 95 53 54 92 39 91 86 88 62 3 72 37 52 57 64 
3 97 53 52 54 36 55 79 23 43 98 31 57 7 76 45 21 59 64 71 28 99 28 46 63 77 7 98 31 39 27 52 36 27 81 87 51 86 46 35 76 80 29 7 33 56 68 18 11 52 49 23 95 52 53 54 23 9 49 87 74 19 97 90 
90 30 100 19 16 7 9 37 79 85 17 30 75 47 64 8 22 98 39 29 94 6 73 9 18 90 100 3 84 70 35 2 23 59 52 5 60 100 70 100 78 66 70 64 82 77 12 41 12 65 64 1 9 20 25 54 37 28 46 14 86 59 58 54 
34 58 62 60 34 88 10 15 58 91 47 66 19 72 72 25 19 83 46 23 46 79 47 50 3 6 1 98 69 73 26 53 42 86 77 21 40 2 19 81 14 63 36 27 12 17 53 85 5 29 29 100 92 38 33 90 93 83 57 100 79 83 14 85 
26 89 18 61 64 90 65 99 7 50 20 64 67 20 72 56 17 81 82 91 49 22 78 75 17 39 51 65 89 32 76 73 16 34 41 38 59 89 29 90 56 36 34 16 78 78 39 53 17 5 100 41 81 38 53 27 97 68 66 29 94 71 84 52 
8 12 54 39 64 89 9 58 85 65 80 73 73 39 19 15 58 59 68 31 84 35 51 24 10 45 20 19 96 14 30 19 73 93 58 4 44 45 27 21 100 16 50 58 76 70 47 23 92 24 42 95 100 99 42 78 99 80 59 49 2 65 81 11 
0.0 1.0 1.0 1.0 1.0 1.0 1.0 1.0 1.0 1.0 1.0 1.0 1.0 1.0 1.0 1.0 1.0 1.0 1.0 1.0 1.0 1.0 1.0 1.0 1.0 1.0 1.0 1.0 1.0 1.0 1.0 1.0 1.0 1.0 1.0 1.0 1.0 1.0 1.0 1.0 1.0 1.0 1.0 1.0 1.0 1.0 1.0 1.0 1.0 1.0 1.0 1.0 1.0 1.0 1.0 1.0 1.0 1.0 1.0 1.0 1.0 1.0 1.0 1.0 
1.0 0.0 1.0 1.0 1.0 1.0 1.0 1.0 1.0 1.0 1.0 1.0 1.0 1.0 1.0 1.0 1.0 1.0 1.0 1.0 1.0 1.0 1.0 1.0 1.0 1.0 1.0 1.0 1.0 1.0 1.0 1.0 1.0 1.0 1.0 1.0 1.0 1.0 1.0 1.0 1.0 1.0 1.0 1.0 1.0 1.0 1.0 1.0 1.0 1.0 1.0 1.0 1.0 1.0 1.0 1.0 1.0 1.0 1.0 1.0 1.0 1.0 1.0 1.0 
1.0 1.0 0.0 1.0 1.0 1.0 1.0 1.0 1.0 1.0 1.0 1.0 1.0 1.0 1.0 1.0 1.0 1.0 1.0 1.0 1.0 1.0 1.0 1.0 1.0 1.0 1.0 1.0 1.0 1.0 1.0 1.0 1.0 1.0 1.0 1.0 1.0 1.0 1.0 1.0 1.0 1.0 1.0 1.0 1.0 1.0 1.0 1.0 1.0 1.0 1.0 1.0 1.0 1.0 1.0 1.0 1.0 1.0 1.0 1.0 1.0 1.0 1.0 1.0 
1.0 1.0 1.0 0.0 1.0 1.0 1.0 1.0 1.0 1.0 1.0 1.0 1.0 1.0 1.0 1.0 1.0 1.0 1.0 1.0 1.0 1.0 1.0 1.0 1.0 1.0 1.0 1.0 1.0 1.0 1.0 1.0 1.0 1.0 1.0 1.0 1.0 1.0 1.0 1.0 1.0 1.0 1.0 1.0 1.0 1.0 1.0 1.0 1.0 1.0 1.0 1.0 1.0 1.0 1.0 1.0 1.0 1.0 1.0 1.0 1.0 1.0 1.0 1.0 
1.0 1.0 1.0 1.0 0.0 1.0 1.0 1.0 1.0 1.0 1.0 1.0 1.0 1.0 1.0 1.0 1.0 1.0 1.0 1.0 1.0 1.0 1.0 1.0 1.0 1.0 1.0 1.0 1.0 1.0 1.0 1.0 1.0 1.0 1.0 1.0 1.0 1.0 1.0 1.0 1.0 1.0 1.0 1.0 1.0 1.0 1.0 1.0 1.0 1.0 1.0 1.0 1.0 1.0 1.0 1.0 1.0 1.0 1.0 1.0 1.0 1.0 1.0 1.0 
1.0 1.0 1.0 1.0 1.0 0.0 1.0 1.0 1.0 1.0 1.0 1.0 1.0 1.0 1.0 1.0 1.0 1.0 1.0 1.0 1.0 1.0 1.0 1.0 1.0 1.0 1.0 1.0 1.0 1.0 1.0 1.0 1.0 1.0 1.0 1.0 1.0 1.0 1.0 1.0 1.0 1.0 1.0 1.0 1.0 1.0 1.0 1.0 1.0 1.0 1.0 1.0 1.0 1.0 1.0 1.0 1.0 1.0 1.0 1.0 1.0 1.0 1.0 1.0 
1.0 1.0 1.0 1.0 1.0 1.0 0.0 1.0 1.0 1.0 1.0 1.0 1.0 1.0 1.0 1.0 1.0 1.0 1.0 1.0 1.0 1.0 1.0 1.0 1.0 1.0 1.0 1.0 1.0 1.0 1.0 1.0 1.0 1.0 1.0 1.0 1.0 1.0 1.0 1.0 1.0 1.0 1.0 1.0 1.0 1.0 1.0 1.0 1.0 1.0 1.0 1.0 1.0 1.0 1.0 1.0 1.0 1.0 1.0 1.0 1.0 1.0 1.0 1.0 
1.0 1.0 1.0 1.0 1.0 1.0 1.0 0.0 1.0 1.0 1.0 1.0 1.0 1.0 1.0 1.0 1.0 1.0 1.0 1.0 1.0 1.0 1.0 1.0 1.0 1.0 1.0 1.0 1.0 1.0 1.0 1.0 1.0 1.0 1.0 1.0 1.0 1.0 1.0 1.0 1.0 1.0 1.0 1.0 1.0 1.0 1.0 1.0 1.0 1.0 1.0 1.0 1.0 1.0 1.0 1.0 1.0 1.0 1.0 1.0 1.0 1.0 1.0 1.0 
1.0 1.0 1.0 1.0 1.0 1.0 1.0 1.0 0.0 1.0 1.0 1.0 1.0 1.0 1.0 1.0 1.0 1.0 1.0 1.0 1.0 1.0 1.0 1.0 1.0 1.0 1.0 1.0 1.0 1.0 1.0 1.0 1.0 1.0 1.0 1.0 1.0 1.0 1.0 1.0 1.0 1.0 1.0 1.0 1.0 1.0 1.0 1.0 1.0 1.0 1.0 1.0 1.0 1.0 1.0 1.0 1.0 1.0 1.0 1.0 1.0 1.0 1.0 1.0 
1.0 1.0 1.0 1.0 1.0 1.0 1.0 1.0 1.0 0.0 1.0 1.0 1.0 1.0 1.0 1.0 1.0 1.0 1.0 1.0 1.0 1.0 1.0 1.0 1.0 1.0 1.0 1.0 1.0 1.0 1.0 1.0 1.0 1.0 1.0 1.0 1.0 1.0 1.0 1.0 1.0 1.0 1.0 1.0 1.0 1.0 1.0 1.0 1.0 1.0 1.0 1.0 1.0 1.0 1.0 1.0 1.0 1.0 1.0 1.0 1.0 1.0 1.0 1.0 
1.0 1.0 1.0 1.0 1.0 1.0 1.0 1.0 1.0 1.0 0.0 1.0 1.0 1.0 1.0 1.0 1.0 1.0 1.0 1.0 1.0 1.0 1.0 1.0 1.0 1.0 1.0 1.0 1.0 1.0 1.0 1.0 1.0 1.0 1.0 1.0 1.0 1.0 1.0 1.0 1.0 1.0 1.0 1.0 1.0 1.0 1.0 1.0 1.0 1.0 1.0 1.0 1.0 1.0 1.0 1.0 1.0 1.0 1.0 1.0 1.0 1.0 1.0 1.0 
1.0 1.0 1.0 1.0 1.0 1.0 1.0 1.0 1.0 1.0 1.0 0.0 1.0 1.0 1.0 1.0 1.0 1.0 1.0 1.0 1.0 1.0 1.0 1.0 1.0 1.0 1.0 1.0 1.0 1.0 1.0 1.0 1.0 1.0 1.0 1.0 1.0 1.0 1.0 1.0 1.0 1.0 1.0 1.0 1.0 1.0 1.0 1.0 1.0 1.0 1.0 1.0 1.0 1.0 1.0 1.0 1.0 1.0 1.0 1.0 1.0 1.0 1.0 1.0 
1.0 1.0 1.0 1.0 1.0 1.0 1.0 1.0 1.0 1.0 1.0 1.0 0.0 1.0 1.0 1.0 1.0 1.0 1.0 1.0 1.0 1.0 1.0 1.0 1.0 1.0 1.0 1.0 1.0 1.0 1.0 1.0 1.0 1.0 1.0 1.0 1.0 1.0 1.0 1.0 1.0 1.0 1.0 1.0 1.0 1.0 1.0 1.0 1.0 1.0 1.0 1.0 1.0 1.0 1.0 1.0 1.0 1.0 1.0 1.0 1.0 1.0 1.0 1.0 
1.0 1.0 1.0 1.0 1.0 1.0 1.0 1.0 1.0 1.0 1.0 1.0 1.0 0.0 1.0 1.0 1.0 1.0 1.0 1.0 1.0 1.0 1.0 1.0 1.0 1.0 1.0 1.0 1.0 1.0 1.0 1.0 1.0 1.0 1.0 1.0 1.0 1.0 1.0 1.0 1.0 1.0 1.0 1.0 1.0 1.0 1.0 1.0 1.0 1.0 1.0 1.0 1.0 1.0 1.0 1.0 1.0 1.0 1.0 1.0 1.0 1.0 1.0 1.0 
1.0 1.0 1.0 1.0 1.0 1.0 1.0 1.0 1.0 1.0 1.0 1.0 1.0 1.0 0.0 1.0 1.0 1.0 1.0 1.0 1.0 1.0 1.0 1.0 1.0 1.0 1.0 1.0 1.0 1.0 1.0 1.0 1.0 1.0 1.0 1.0 1.0 1.0 1.0 1.0 1.0 1.0 1.0 1.0 1.0 1.0 1.0 1.0 1.0 1.0 1.0 1.0 1.0 1.0 1.0 1.0 1.0 1.0 1.0 1.0 1.0 1.0 1.0 1.0 
1.0 1.0 1.0 1.0 1.0 1.0 1.0 1.0 1.0 1.0 1.0 1.0 1.0 1.0 1.0 0.0 1.0 1.0 1.0 1.0 1.0 1.0 1.0 1.0 1.0 1.0 1.0 1.0 1.0 1.0 1.0 1.0 1.0 1.0 1.0 1.0 1.0 1.0 1.0 1.0 1.0 1.0 1.0 1.0 1.0 1.0 1.0 1.0 1.0 1.0 1.0 1.0 1.0 1.0 1.0 1.0 1.0 1.0 1.0 1.0 1.0 1.0 1.0 1.0 
1.0 1.0 1.0 1.0 1.0 1.0 1.0 1.0 1.0 1.0 1.0 1.0 1.0 1.0 1.0 1.0 0.0 1.0 1.0 1.0 1.0 1.0 1.0 1.0 1.0 1.0 1.0 1.0 1.0 1.0 1.0 1.0 1.0 1.0 1.0 1.0 1.0 1.0 1.0 1.0 1.0 1.0 1.0 1.0 1.0 1.0 1.0 1.0 1.0 1.0 1.0 1.0 1.0 1.0 1.0 1.0 1.0 1.0 1.0 1.0 1.0 1.0 1.0 1.0 
1.0 1.0 1.0 1.0 1.0 1.0 1.0 1.0 1.0 1.0 1.0 1.0 1.0 1.0 1.0 1.0 1.0 0.0 1.0 1.0 1.0 1.0 1.0 1.0 1.0 1.0 1.0 1.0 1.0 1.0 1.0 1.0 1.0 1.0 1.0 1.0 1.0 1.0 1.0 1.0 1.0 1.0 1.0 1.0 1.0 1.0 1.0 1.0 1.0 1.0 1.0 1.0 1.0 1.0 1.0 1.0 1.0 1.0 1.0 1.0 1.0 1.0 1.0 1.0 
1.0 1.0 1.0 1.0 1.0 1.0 1.0 1.0 1.0 1.0 1.0 1.0 1.0 1.0 1.0 1.0 1.0 1.0 0.0 1.0 1.0 1.0 1.0 1.0 1.0 1.0 1.0 1.0 1.0 1.0 1.0 1.0 1.0 1.0 1.0 1.0 1.0 1.0 1.0 1.0 1.0 1.0 1.0 1.0 1.0 1.0 1.0 1.0 1.0 1.0 1.0 1.0 1.0 1.0 1.0 1.0 1.0 1.0 1.0 1.0 1.0 1.0 1.0 1.0 
1.0 1.0 1.0 1.0 1.0 1.0 1.0 1.0 1.0 1.0 1.0 1.0 1.0 1.0 1.0 1.0 1.0 1.0 1.0 0.0 1.0 1.0 1.0 1.0 1.0 1.0 1.0 1.0 1.0 1.0 1.0 1.0 1.0 1.0 1.0 1.0 1.0 1.0 1.0 1.0 1.0 1.0 1.0 1.0 1.0 1.0 1.0 1.0 1.0 1.0 1.0 1.0 1.0 1.0 1.0 1.0 1.0 1.0 1.0 1.0 1.0 1.0 1.0 1.0 
1.0 1.0 1.0 1.0 1.0 1.0 1.0 1.0 1.0 1.0 1.0 1.0 1.0 1.0 1.0 1.0 1.0 1.0 1.0 1.0 0.0 1.0 1.0 1.0 1.0 1.0 1.0 1.0 1.0 1.0 1.0 1.0 1.0 1.0 1.0 1.0 1.0 1.0 1.0 1.0 1.0 1.0 1.0 1.0 1.0 1.0 1.0 1.0 1.0 1.0 1.0 1.0 1.0 1.0 1.0 1.0 1.0 1.0 1.0 1.0 1.0 1.0 1.0 1.0 
1.0 1.0 1.0 1.0 1.0 1.0 1.0 1.0 1.0 1.0 1.0 1.0 1.0 1.0 1.0 1.0 1.0 1.0 1.0 1.0 1.0 0.0 1.0 1.0 1.0 1.0 1.0 1.0 1.0 1.0 1.0 1.0 1.0 1.0 1.0 1.0 1.0 1.0 1.0 1.0 1.0 1.0 1.0 1.0 1.0 1.0 1.0 1.0 1.0 1.0 1.0 1.0 1.0 1.0 1.0 1.0 1.0 1.0 1.0 1.0 1.0 1.0 1.0 1.0 
1.0 1.0 1.0 1.0 1.0 1.0 1.0 1.0 1.0 1.0 1.0 1.0 1.0 1.0 1.0 1.0 1.0 1.0 1.0 1.0 1.0 1.0 0.0 1.0 1.0 1.0 1.0 1.0 1.0 1.0 1.0 1.0 1.0 1.0 1.0 1.0 1.0 1.0 1.0 1.0 1.0 1.0 1.0 1.0 1.0 1.0 1.0 1.0 1.0 1.0 1.0 1.0 1.0 1.0 1.0 1.0 1.0 1.0 1.0 1.0 1.0 1.0 1.0 1.0 
1.0 1.0 1.0 1.0 1.0 1.0 1.0 1.0 1.0 1.0 1.0 1.0 1.0 1.0 1.0 1.0 1.0 1.0 1.0 1.0 1.0 1.0 1.0 0.0 1.0 1.0 1.0 1.0 1.0 1.0 1.0 1.0 1.0 1.0 1.0 1.0 1.0 1.0 1.0 1.0 1.0 1.0 1.0 1.0 1.0 1.0 1.0 1.0 1.0 1.0 1.0 1.0 1.0 1.0 1.0 1.0 1.0 1.0 1.0 1.0 1.0 1.0 1.0 1.0 
1.0 1.0 1.0 1.0 1.0 1.0 1.0 1.0 1.0 1.0 1.0 1.0 1.0 1.0 1.0 1.0 1.0 1.0 1.0 1.0 1.0 1.0 1.0 1.0 0.0 1.0 1.0 1.0 1.0 1.0 1.0 1.0 1.0 1.0 1.0 1.0 1.0 1.0 1.0 1.0 1.0 1.0 1.0 1.0 1.0 1.0 1.0 1.0 1.0 1.0 1.0 1.0 1.0 1.0 1.0 1.0 1.0 1.0 1.0 1.0 1.0 1.0 1.0 1.0 
1.0 1.0 1.0 1.0 1.0 1.0 1.0 1.0 1.0 1.0 1.0 1.0 1.0 1.0 1.0 1.0 1.0 1.0 1.0 1.0 1.0 1.0 1.0 1.0 1.0 0.0 1.0 1.0 1.0 1.0 1.0 1.0 1.0 1.0 1.0 1.0 1.0 1.0 1.0 1.0 1.0 1.0 1.0 1.0 1.0 1.0 1.0 1.0 1.0 1.0 1.0 1.0 1.0 1.0 1.0 1.0 1.0 1.0 1.0 1.0 1.0 1.0 1.0 1.0 
1.0 1.0 1.0 1.0 1.0 1.0 1.0 1.0 1.0 1.0 1.0 1.0 1.0 1.0 1.0 1.0 1.0 1.0 1.0 1.0 1.0 1.0 1.0 1.0 1.0 1.0 0.0 1.0 1.0 1.0 1.0 1.0 1.0 1.0 1.0 1.0 1.0 1.0 1.0 1.0 1.0 1.0 1.0 1.0 1.0 1.0 1.0 1.0 1.0 1.0 1.0 1.0 1.0 1.0 1.0 1.0 1.0 1.0 1.0 1.0 1.0 1.0 1.0 1.0 
1.0 1.0 1.0 1.0 1.0 1.0 1.0 1.0 1.0 1.0 1.0 1.0 1.0 1.0 1.0 1.0 1.0 1.0 1.0 1.0 1.0 1.0 1.0 1.0 1.0 1.0 1.0 0.0 1.0 1.0 1.0 1.0 1.0 1.0 1.0 1.0 1.0 1.0 1.0 1.0 1.0 1.0 1.0 1.0 1.0 1.0 1.0 1.0 1.0 1.0 1.0 1.0 1.0 1.0 1.0 1.0 1.0 1.0 1.0 1.0 1.0 1.0 1.0 1.0 
1.0 1.0 1.0 1.0 1.0 1.0 1.0 1.0 1.0 1.0 1.0 1.0 1.0 1.0 1.0 1.0 1.0 1.0 1.0 1.0 1.0 1.0 1.0 1.0 1.0 1.0 1.0 1.0 0.0 1.0 1.0 1.0 1.0 1.0 1.0 1.0 1.0 1.0 1.0 1.0 1.0 1.0 1.0 1.0 1.0 1.0 1.0 1.0 1.0 1.0 1.0 1.0 1.0 1.0 1.0 1.0 1.0 1.0 1.0 1.0 1.0 1.0 1.0 1.0 
1.0 1.0 1.0 1.0 1.0 1.0 1.0 1.0 1.0 1.0 1.0 1.0 1.0 1.0 1.0 1.0 1.0 1.0 1.0 1.0 1.0 1.0 1.0 1.0 1.0 1.0 1.0 1.0 1.0 0.0 1.0 1.0 1.0 1.0 1.0 1.0 1.0 1.0 1.0 1.0 1.0 1.0 1.0 1.0 1.0 1.0 1.0 1.0 1.0 1.0 1.0 1.0 1.0 1.0 1.0 1.0 1.0 1.0 1.0 1.0 1.0 1.0 1.0 1.0 
1.0 1.0 1.0 1.0 1.0 1.0 1.0 1.0 1.0 1.0 1.0 1.0 1.0 1.0 1.0 1.0 1.0 1.0 1.0 1.0 1.0 1.0 1.0 1.0 1.0 1.0 1.0 1.0 1.0 1.0 0.0 1.0 1.0 1.0 1.0 1.0 1.0 1.0 1.0 1.0 1.0 1.0 1.0 1.0 1.0 1.0 1.0 1.0 1.0 1.0 1.0 1.0 1.0 1.0 1.0 1.0 1.0 1.0 1.0 1.0 1.0 1.0 1.0 1.0 
1.0 1.0 1.0 1.0 1.0 1.0 1.0 1.0 1.0 1.0 1.0 1.0 1.0 1.0 1.0 1.0 1.0 1.0 1.0 1.0 1.0 1.0 1.0 1.0 1.0 1.0 1.0 1.0 1.0 1.0 1.0 0.0 1.0 1.0 1.0 1.0 1.0 1.0 1.0 1.0 1.0 1.0 1.0 1.0 1.0 1.0 1.0 1.0 1.0 1.0 1.0 1.0 1.0 1.0 1.0 1.0 1.0 1.0 1.0 1.0 1.0 1.0 1.0 1.0 
1.0 1.0 1.0 1.0 1.0 1.0 1.0 1.0 1.0 1.0 1.0 1.0 1.0 1.0 1.0 1.0 1.0 1.0 1.0 1.0 1.0 1.0 1.0 1.0 1.0 1.0 1.0 1.0 1.0 1.0 1.0 1.0 0.0 1.0 1.0 1.0 1.0 1.0 1.0 1.0 1.0 1.0 1.0 1.0 1.0 1.0 1.0 1.0 1.0 1.0 1.0 1.0 1.0 1.0 1.0 1.0 1.0 1.0 1.0 1.0 1.0 1.0 1.0 1.0 
1.0 1.0 1.0 1.0 1.0 1.0 1.0 1.0 1.0 1.0 1.0 1.0 1.0 1.0 1.0 1.0 1.0 1.0 1.0 1.0 1.0 1.0 1.0 1.0 1.0 1.0 1.0 1.0 1.0 1.0 1.0 1.0 1.0 0.0 1.0 1.0 1.0 1.0 1.0 1.0 1.0 1.0 1.0 1.0 1.0 1.0 1.0 1.0 1.0 1.0 1.0 1.0 1.0 1.0 1.0 1.0 1.0 1.0 1.0 1.0 1.0 1.0 1.0 1.0 
1.0 1.0 1.0 1.0 1.0 1.0 1.0 1.0 1.0 1.0 1.0 1.0 1.0 1.0 1.0 1.0 1.0 1.0 1.0 1.0 1.0 1.0 1.0 1.0 1.0 1.0 1.0 1.0 1.0 1.0 1.0 1.0 1.0 1.0 0.0 1.0 1.0 1.0 1.0 1.0 1.0 1.0 1.0 1.0 1.0 1.0 1.0 1.0 1.0 1.0 1.0 1.0 1.0 1.0 1.0 1.0 1.0 1.0 1.0 1.0 1.0 1.0 1.0 1.0 
1.0 1.0 1.0 1.0 1.0 1.0 1.0 1.0 1.0 1.0 1.0 1.0 1.0 1.0 1.0 1.0 1.0 1.0 1.0 1.0 1.0 1.0 1.0 1.0 1.0 1.0 1.0 1.0 1.0 1.0 1.0 1.0 1.0 1.0 1.0 0.0 1.0 1.0 1.0 1.0 1.0 1.0 1.0 1.0 1.0 1.0 1.0 1.0 1.0 1.0 1.0 1.0 1.0 1.0 1.0 1.0 1.0 1.0 1.0 1.0 1.0 1.0 1.0 1.0 
1.0 1.0 1.0 1.0 1.0 1.0 1.0 1.0 1.0 1.0 1.0 1.0 1.0 1.0 1.0 1.0 1.0 1.0 1.0 1.0 1.0 1.0 1.0 1.0 1.0 1.0 1.0 1.0 1.0 1.0 1.0 1.0 1.0 1.0 1.0 1.0 0.0 1.0 1.0 1.0 1.0 1.0 1.0 1.0 1.0 1.0 1.0 1.0 1.0 1.0 1.0 1.0 1.0 1.0 1.0 1.0 1.0 1.0 1.0 1.0 1.0 1.0 1.0 1.0 
1.0 1.0 1.0 1.0 1.0 1.0 1.0 1.0 1.0 1.0 1.0 1.0 1.0 1.0 1.0 1.0 1.0 1.0 1.0 1.0 1.0 1.0 1.0 1.0 1.0 1.0 1.0 1.0 1.0 1.0 1.0 1.0 1.0 1.0 1.0 1.0 1.0 0.0 1.0 1.0 1.0 1.0 1.0 1.0 1.0 1.0 1.0 1.0 1.0 1.0 1.0 1.0 1.0 1.0 1.0 1.0 1.0 1.0 1.0 1.0 1.0 1.0 1.0 1.0 
1.0 1.0 1.0 1.0 1.0 1.0 1.0 1.0 1.0 1.0 1.0 1.0 1.0 1.0 1.0 1.0 1.0 1.0 1.0 1.0 1.0 1.0 1.0 1.0 1.0 1.0 1.0 1.0 1.0 1.0 1.0 1.0 1.0 1.0 1.0 1.0 1.0 1.0 0.0 1.0 1.0 1.0 1.0 1.0 1.0 1.0 1.0 1.0 1.0 1.0 1.0 1.0 1.0 1.0 1.0 1.0 1.0 1.0 1.0 1.0 1.0 1.0 1.0 1.0 
1.0 1.0 1.0 1.0 1.0 1.0 1.0 1.0 1.0 1.0 1.0 1.0 1.0 1.0 1.0 1.0 1.0 1.0 1.0 1.0 1.0 1.0 1.0 1.0 1.0 1.0 1.0 1.0 1.0 1.0 1.0 1.0 1.0 1.0 1.0 1.0 1.0 1.0 1.0 0.0 1.0 1.0 1.0 1.0 1.0 1.0 1.0 1.0 1.0 1.0 1.0 1.0 1.0 1.0 1.0 1.0 1.0 1.0 1.0 1.0 1.0 1.0 1.0 1.0 
1.0 1.0 1.0 1.0 1.0 1.0 1.0 1.0 1.0 1.0 1.0 1.0 1.0 1.0 1.0 1.0 1.0 1.0 1.0 1.0 1.0 1.0 1.0 1.0 1.0 1.0 1.0 1.0 1.0 1.0 1.0 1.0 1.0 1.0 1.0 1.0 1.0 1.0 1.0 1.0 0.0 1.0 1.0 1.0 1.0 1.0 1.0 1.0 1.0 1.0 1.0 1.0 1.0 1.0 1.0 1.0 1.0 1.0 1.0 1.0 1.0 1.0 1.0 1.0 
1.0 1.0 1.0 1.0 1.0 1.0 1.0 1.0 1.0 1.0 1.0 1.0 1.0 1.0 1.0 1.0 1.0 1.0 1.0 1.0 1.0 1.0 1.0 1.0 1.0 1.0 1.0 1.0 1.0 1.0 1.0 1.0 1.0 1.0 1.0 1.0 1.0 1.0 1.0 1.0 1.0 0.0 1.0 1.0 1.0 1.0 1.0 1.0 1.0 1.0 1.0 1.0 1.0 1.0 1.0 1.0 1.0 1.0 1.0 1.0 1.0 1.0 1.0 1.0 
1.0 1.0 1.0 1.0 1.0 1.0 1.0 1.0 1.0 1.0 1.0 1.0 1.0 1.0 1.0 1.0 1.0 1.0 1.0 1.0 1.0 1.0 1.0 1.0 1.0 1.0 1.0 1.0 1.0 1.0 1.0 1.0 1.0 1.0 1.0 1.0 1.0 1.0 1.0 1.0 1.0 1.0 0.0 1.0 1.0 1.0 1.0 1.0 1.0 1.0 1.0 1.0 1.0 1.0 1.0 1.0 1.0 1.0 1.0 1.0 1.0 1.0 1.0 1.0 
1.0 1.0 1.0 1.0 1.0 1.0 1.0 1.0 1.0 1.0 1.0 1.0 1.0 1.0 1.0 1.0 1.0 1.0 1.0 1.0 1.0 1.0 1.0 1.0 1.0 1.0 1.0 1.0 1.0 1.0 1.0 1.0 1.0 1.0 1.0 1.0 1.0 1.0 1.0 1.0 1.0 1.0 1.0 0.0 1.0 1.0 1.0 1.0 1.0 1.0 1.0 1.0 1.0 1.0 1.0 1.0 1.0 1.0 1.0 1.0 1.0 1.0 1.0 1.0 
1.0 1.0 1.0 1.0 1.0 1.0 1.0 1.0 1.0 1.0 1.0 1.0 1.0 1.0 1.0 1.0 1.0 1.0 1.0 1.0 1.0 1.0 1.0 1.0 1.0 1.0 1.0 1.0 1.0 1.0 1.0 1.0 1.0 1.0 1.0 1.0 1.0 1.0 1.0 1.0 1.0 1.0 1.0 1.0 0.0 1.0 1.0 1.0 1.0 1.0 1.0 1.0 1.0 1.0 1.0 1.0 1.0 1.0 1.0 1.0 1.0 1.0 1.0 1.0 
1.0 1.0 1.0 1.0 1.0 1.0 1.0 1.0 1.0 1.0 1.0 1.0 1.0 1.0 1.0 1.0 1.0 1.0 1.0 1.0 1.0 1.0 1.0 1.0 1.0 1.0 1.0 1.0 1.0 1.0 1.0 1.0 1.0 1.0 1.0 1.0 1.0 1.0 1.0 1.0 1.0 1.0 1.0 1.0 1.0 0.0 1.0 1.0 1.0 1.0 1.0 1.0 1.0 1.0 1.0 1.0 1.0 1.0 1.0 1.0 1.0 1.0 1.0 1.0 
1.0 1.0 1.0 1.0 1.0 1.0 1.0 1.0 1.0 1.0 1.0 1.0 1.0 1.0 1.0 1.0 1.0 1.0 1.0 1.0 1.0 1.0 1.0 1.0 1.0 1.0 1.0 1.0 1.0 1.0 1.0 1.0 1.0 1.0 1.0 1.0 1.0 1.0 1.0 1.0 1.0 1.0 1.0 1.0 1.0 1.0 0.0 1.0 1.0 1.0 1.0 1.0 1.0 1.0 1.0 1.0 1.0 1.0 1.0 1.0 1.0 1.0 1.0 1.0 
1.0 1.0 1.0 1.0 1.0 1.0 1.0 1.0 1.0 1.0 1.0 1.0 1.0 1.0 1.0 1.0 1.0 1.0 1.0 1.0 1.0 1.0 1.0 1.0 1.0 1.0 1.0 1.0 1.0 1.0 1.0 1.0 1.0 1.0 1.0 1.0 1.0 1.0 1.0 1.0 1.0 1.0 1.0 1.0 1.0 1.0 1.0 0.0 1.0 1.0 1.0 1.0 1.0 1.0 1.0 1.0 1.0 1.0 1.0 1.0 1.0 1.0 1.0 1.0 
1.0 1.0 1.0 1.0 1.0 1.0 1.0 1.0 1.0 1.0 1.0 1.0 1.0 1.0 1.0 1.0 1.0 1.0 1.0 1.0 1.0 1.0 1.0 1.0 1.0 1.0 1.0 1.0 1.0 1.0 1.0 1.0 1.0 1.0 1.0 1.0 1.0 1.0 1.0 1.0 1.0 1.0 1.0 1.0 1.0 1.0 1.0 1.0 0.0 1.0 1.0 1.0 1.0 1.0 1.0 1.0 1.0 1.0 1.0 1.0 1.0 1.0 1.0 1.0 
1.0 1.0 1.0 1.0 1.0 1.0 1.0 1.0 1.0 1.0 1.0 1.0 1.0 1.0 1.0 1.0 1.0 1.0 1.0 1.0 1.0 1.0 1.0 1.0 1.0 1.0 1.0 1.0 1.0 1.0 1.0 1.0 1.0 1.0 1.0 1.0 1.0 1.0 1.0 1.0 1.0 1.0 1.0 1.0 1.0 1.0 1.0 1.0 1.0 0.0 1.0 1.0 1.0 1.0 1.0 1.0 1.0 1.0 1.0 1.0 1.0 1.0 1.0 1.0 
1.0 1.0 1.0 1.0 1.0 1.0 1.0 1.0 1.0 1.0 1.0 1.0 1.0 1.0 1.0 1.0 1.0 1.0 1.0 1.0 1.0 1.0 1.0 1.0 1.0 1.0 1.0 1.0 1.0 1.0 1.0 1.0 1.0 1.0 1.0 1.0 1.0 1.0 1.0 1.0 1.0 1.0 1.0 1.0 1.0 1.0 1.0 1.0 1.0 1.0 0.0 1.0 1.0 1.0 1.0 1.0 1.0 1.0 1.0 1.0 1.0 1.0 1.0 1.0 
1.0 1.0 1.0 1.0 1.0 1.0 1.0 1.0 1.0 1.0 1.0 1.0 1.0 1.0 1.0 1.0 1.0 1.0 1.0 1.0 1.0 1.0 1.0 1.0 1.0 1.0 1.0 1.0 1.0 1.0 1.0 1.0 1.0 1.0 1.0 1.0 1.0 1.0 1.0 1.0 1.0 1.0 1.0 1.0 1.0 1.0 1.0 1.0 1.0 1.0 1.0 0.0 1.0 1.0 1.0 1.0 1.0 1.0 1.0 1.0 1.0 1.0 1.0 1.0 
1.0 1.0 1.0 1.0 1.0 1.0 1.0 1.0 1.0 1.0 1.0 1.0 1.0 1.0 1.0 1.0 1.0 1.0 1.0 1.0 1.0 1.0 1.0 1.0 1.0 1.0 1.0 1.0 1.0 1.0 1.0 1.0 1.0 1.0 1.0 1.0 1.0 1.0 1.0 1.0 1.0 1.0 1.0 1.0 1.0 1.0 1.0 1.0 1.0 1.0 1.0 1.0 0.0 1.0 1.0 1.0 1.0 1.0 1.0 1.0 1.0 1.0 1.0 1.0 
1.0 1.0 1.0 1.0 1.0 1.0 1.0 1.0 1.0 1.0 1.0 1.0 1.0 1.0 1.0 1.0 1.0 1.0 1.0 1.0 1.0 1.0 1.0 1.0 1.0 1.0 1.0 1.0 1.0 1.0 1.0 1.0 1.0 1.0 1.0 1.0 1.0 1.0 1.0 1.0 1.0 1.0 1.0 1.0 1.0 1.0 1.0 1.0 1.0 1.0 1.0 1.0 1.0 0.0 1.0 1.0 1.0 1.0 1.0 1.0 1.0 1.0 1.0 1.0 
1.0 1.0 1.0 1.0 1.0 1.0 1.0 1.0 1.0 1.0 1.0 1.0 1.0 1.0 1.0 1.0 1.0 1.0 1.0 1.0 1.0 1.0 1.0 1.0 1.0 1.0 1.0 1.0 1.0 1.0 1.0 1.0 1.0 1.0 1.0 1.0 1.0 1.0 1.0 1.0 1.0 1.0 1.0 1.0 1.0 1.0 1.0 1.0 1.0 1.0 1.0 1.0 1.0 1.0 0.0 1.0 1.0 1.0 1.0 1.0 1.0 1.0 1.0 1.0 
1.0 1.0 1.0 1.0 1.0 1.0 1.0 1.0 1.0 1.0 1.0 1.0 1.0 1.0 1.0 1.0 1.0 1.0 1.0 1.0 1.0 1.0 1.0 1.0 1.0 1.0 1.0 1.0 1.0 1.0 1.0 1.0 1.0 1.0 1.0 1.0 1.0 1.0 1.0 1.0 1.0 1.0 1.0 1.0 1.0 1.0 1.0 1.0 1.0 1.0 1.0 1.0 1.0 1.0 1.0 0.0 1.0 1.0 1.0 1.0 1.0 1.0 1.0 1.0 
1.0 1.0 1.0 1.0 1.0 1.0 1.0 1.0 1.0 1.0 1.0 1.0 1.0 1.0 1.0 1.0 1.0 1.0 1.0 1.0 1.0 1.0 1.0 1.0 1.0 1.0 1.0 1.0 1.0 1.0 1.0 1.0 1.0 1.0 1.0 1.0 1.0 1.0 1.0 1.0 1.0 1.0 1.0 1.0 1.0 1.0 1.0 1.0 1.0 1.0 1.0 1.0 1.0 1.0 1.0 1.0 0.0 1.0 1.0 1.0 1.0 1.0 1.0 1.0 
1.0 1.0 1.0 1.0 1.0 1.0 1.0 1.0 1.0 1.0 1.0 1.0 1.0 1.0 1.0 1.0 1.0 1.0 1.0 1.0 1.0 1.0 1.0 1.0 1.0 1.0 1.0 1.0 1.0 1.0 1.0 1.0 1.0 1.0 1.0 1.0 1.0 1.0 1.0 1.0 1.0 1.0 1.0 1.0 1.0 1.0 1.0 1.0 1.0 1.0 1.0 1.0 1.0 1.0 1.0 1.0 1.0 0.0 1.0 1.0 1.0 1.0 1.0 1.0 
1.0 1.0 1.0 1.0 1.0 1.0 1.0 1.0 1.0 1.0 1.0 1.0 1.0 1.0 1.0 1.0 1.0 1.0 1.0 1.0 1.0 1.0 1.0 1.0 1.0 1.0 1.0 1.0 1.0 1.0 1.0 1.0 1.0 1.0 1.0 1.0 1.0 1.0 1.0 1.0 1.0 1.0 1.0 1.0 1.0 1.0 1.0 1.0 1.0 1.0 1.0 1.0 1.0 1.0 1.0 1.0 1.0 1.0 0.0 1.0 1.0 1.0 1.0 1.0 
1.0 1.0 1.0 1.0 1.0 1.0 1.0 1.0 1.0 1.0 1.0 1.0 1.0 1.0 1.0 1.0 1.0 1.0 1.0 1.0 1.0 1.0 1.0 1.0 1.0 1.0 1.0 1.0 1.0 1.0 1.0 1.0 1.0 1.0 1.0 1.0 1.0 1.0 1.0 1.0 1.0 1.0 1.0 1.0 1.0 1.0 1.0 1.0 1.0 1.0 1.0 1.0 1.0 1.0 1.0 1.0 1.0 1.0 1.0 0.0 1.0 1.0 1.0 1.0 
1.0 1.0 1.0 1.0 1.0 1.0 1.0 1.0 1.0 1.0 1.0 1.0 1.0 1.0 1.0 1.0 1.0 1.0 1.0 1.0 1.0 1.0 1.0 1.0 1.0 1.0 1.0 1.0 1.0 1.0 1.0 1.0 1.0 1.0 1.0 1.0 1.0 1.0 1.0 1.0 1.0 1.0 1.0 1.0 1.0 1.0 1.0 1.0 1.0 1.0 1.0 1.0 1.0 1.0 1.0 1.0 1.0 1.0 1.0 1.0 0.0 1.0 1.0 1.0 
1.0 1.0 1.0 1.0 1.0 1.0 1.0 1.0 1.0 1.0 1.0 1.0 1.0 1.0 1.0 1.0 1.0 1.0 1.0 1.0 1.0 1.0 1.0 1.0 1.0 1.0 1.0 1.0 1.0 1.0 1.0 1.0 1.0 1.0 1.0 1.0 1.0 1.0 1.0 1.0 1.0 1.0 1.0 1.0 1.0 1.0 1.0 1.0 1.0 1.0 1.0 1.0 1.0 1.0 1.0 1.0 1.0 1.0 1.0 1.0 1.0 0.0 1.0 1.0 
1.0 1.0 1.0 1.0 1.0 1.0 1.0 1.0 1.0 1.0 1.0 1.0 1.0 1.0 1.0 1.0 1.0 1.0 1.0 1.0 1.0 1.0 1.0 1.0 1.0 1.0 1.0 1.0 1.0 1.0 1.0 1.0 1.0 1.0 1.0 1.0 1.0 1.0 1.0 1.0 1.0 1.0 1.0 1.0 1.0 1.0 1.0 1.0 1.0 1.0 1.0 1.0 1.0 1.0 1.0 1.0 1.0 1.0 1.0 1.0 1.0 1.0 0.0 1.0 
1.0 1.0 1.0 1.0 1.0 1.0 1.0 1.0 1.0 1.0 1.0 1.0 1.0 1.0 1.0 1.0 1.0 1.0 1.0 1.0 1.0 1.0 1.0 1.0 1.0 1.0 1.0 1.0 1.0 1.0 1.0 1.0 1.0 1.0 1.0 1.0 1.0 1.0 1.0 1.0 1.0 1.0 1.0 1.0 1.0 1.0 1.0 1.0 1.0 1.0 1.0 1.0 1.0 1.0 1.0 1.0 1.0 1.0 1.0 1.0 1.0 1.0 1.0 0.0 