64
68 91 22 42 48 6 18 37 17 18 39 12 69 34 4 94 60 87 85 66 28 65 64 81 76 94 78 65 54 74 55 10 58 95 74 61 33 24 47 17 68 2 24 65 73 68 61 88 11 47 20 59 37 13 83 30 63 39 25 65 20 22 32 43 
93 95 36 93 45 69 40 20 93 22 51 91 5 97 58 14 92 100 90 80 6 46 94 51 22 90 27 7 66 18 70 84 26 96 89 34 35 48 94 9 86 55 14 15 39 97 61 86 68 61 59 72 11 92 54 19 53 23 10 29 54 95 84 66 
36 30 10 4 87 25 68 72 35 92 9 45 59 34 45 19 31 25 42 86 63 57 84 10 52 43 100 70 37 69 23 6 24 38 64 79 32 7 79 63 84 12 64 26 6 35 36 55 74 86 46 83 66 34 11 24 26 44 62 10 63 77 77 77 
20 74 71 8 19 40 84 79 4 63 17 70 55 14 95 52 91 2 15 49 76 87 73 64 71 62 90 79 67 88 58 93 38 95 1 79 10 96 68 62 62 51 17 67 35 76 83 86 18 82 20 61 73 25 16 7 71 71 1 68 86 54 39 74 
85 16 50 89 11 90 93 89 3 91 41 44 94 85 22 93 25 29 1 65 28 65 64 11 8 65 18 54 11 63 10 99 57 73 99 94 1 53 88 95 42 62 68 71 70 17 14 21 30 79 74 67 4 59 61 5 81 62 87 99 1 23 10 59 
8 72 12 59 17 30 23 98 40 49 91 15 8 29 30 19 69 76 51 81 58 8 94 85 52 16 71 92 29 21 4 88 86 54 97 57 65 90 62 30 17 22 25 99 55 2 12 69 58 99 79 81 22 48 79 54 63 60 94 25 39 63 85 14 
36 98 40 90 74 5 61 76 89 60 91 37 66 67 1 51 42 25 91 13 63 78 9 53 25 65 85 45 18 32 9 77 77 10 17 67 20 40 4 74 92 40 93 33 24 93 16 1 34 82 34 8 82 76 100 65 2 31 50 44 90 91 44 71 
72 83 78 77 95 6 50 14 43 23 85 85 20 79 8 84 67 4 84 19 29 28 26 3 2 80 37 36 64 90 81 6 21 74 2 60 100 29 72 52 46 58 51 48 50 82 36 19 59 44 52 72 33 86 59 44 44 78 62 40 18 41 19 40 
87 29 98 71 35 64 77 26 71 47 44 50 30 54 61 41 40 69 79 56 9 81 14 86 93 38 33 91 66 14 66 96 57 4 65 88 10 34 5 30 78 7 9 24 60 70 17 38 25 18 96 66 21 33 24 74 33 87 97 37 26 69 28 53 
87 8 2 59 70 64 47 79 84 100 90 65 75 20 45 83 88 67 87 24 49 26 82 72 83 94 89 68 96 30 4 39 34 68 47 63 80 21 60 14 34 89 91 20 28 66 65 4 49 6 65 73 83 14 82 3 60 19 17 73 78 70 21 33 
32 64 52 78 38 100 44 90 36 54 23 38 55 2 72 66 93 4 8 16 93 90 43 98 73 48 21 25 40 48 13 15 67 75 23 67 88 70 57 81 70 68 87 14 36 62 84 56 45 99 44 68 14 82 33 29 63 6 87 84 86 42 13 67 
9 59 27 68 27 34 59 8 21 6 3 77 75 62 49 23 1 13 17 40 69 45 75 93 14 89 88 13 54 98 68 75 95 84 25 82 96 32 71 96 87 1 23 15 25 26 46 33 35 57 8 1 49 13 66 17 31 46 82 8 4 19 49 26 
27 5 75 54 21 66 64 8 63 96 62 46 91 39 4 49 24 100 8 2 72 7 10 80 5 2 25 99 72 68 11 63 76 88 56 29 42 31 28 38 21 82 21 71 88 13 4 14 72 92 57 26 38 33 45 6 60 49 34 35 80 67 86 37 
6 49 33 79 89 50 64 75 33 85 97 14 17 37 91 53 49 71 42 91 6 22 73 29 65 39 70 56 67 47 78 11 39 96 89 8 22 59 17 13 28 45 25 47 81 89 74 96 59 87 55 16 24 73 59 78 49 24 9 89 34 67 63 32 
25 81 28 89 29 12 53 73 95 76 97 20 26 24 13 87 37 90 8 8 68 2 32 74 63 66 91 63 70 20 92 90 39 12 41 81 4 14 46 47 57 52 74 79 56 72 88 31 42 31 20 58 77 23 31 24 29 48 10 95 24 21 62 62 
69 78 61 93 57 45 75 79 6 26 28 1 5 51 100 74 74 41 79 15 25 13 82 22 48 98 85 62 62 42 53 5 34 8 70 37 73 74 5 45 66 67 93 55 50 76 20 20 61 53 2 64 74 50 60 87 88 85 3 64 85 56 89 81 
82 10 22 1 81 80 95 58 90 66 32 73 38 30 3 79 36 3 75 67 46 100 42 72 85 70 50 73 30 59 43 98 53 53 44 76 82 10 11 49 86 80 24 98 84 40 51 6 38 43 92 56 84 54 68 55 84 11 25 77 83 64 98 7 
23 81 60 38 58 60 20 62 57 53 24 98 15 69 90 98 95 31 61 26 50 83 1 84 2 65 80 9 45 79 19 88 92 11 42 96 1 36 8 17 16 91 6 46 61 24 87 42 81 57 23 26 94 21 67 97 21 5 69 19 31 98 26 84 
23 99 13 17 66 69 95 25 47 13 44 54 91 49 58 47 46 32 53 20 22 46 80 50 12 1 17 74 30 76 77 5 98 91 15 46 55 57 20 85 6 34 100 1 48 18 99 90 4 2 54 39 53 3 11 6 55 80 100 19 63 10 45 10 
11 8 13 95 86 35 50 61 81 98 43 93 40 22 44 77 64 53 59 51 68 59 54 94 97 16 24 86 86 60 56 36 5 11 45 99 78 94 87 96 92 89 22 77 2 56 55 60 59 89 66 22 35 70 78 74 89 2 93 58 100 67 40 88 
22 92 35 36 18 68 4 21 43 79 93 100 57 39 47 29 94 56 15 91 32 45 28 68 11 10 14 86 100 25 83 41 34 48 12 88 16 57 74 32 27 5 15 64 57 46 30 37 94 78 81 93 84 97 1 22 69 41 25 99 63 37 79 20 
78 98 58 50 11 77 52 68 32 8 57 41 37 53 11 26 97 70 37 89 24 39 34 19 6 40 50 93 87 29 43 99 77 97 72 79 45 64 68 76 70 19 70 27 96 88 59 67 39 61 98 90 59 29 46 44 7 64 8 95 9 62 59 87 
98 35 49 33 53 25 40 53 98 37 21 35 42 73 5 41 53 7 1 19 45 73 17 50 11 56 27 24 74 75 60 8 64 43 13 84 14 81 89 8 72 80 7 31 2 13 18 69 1 57 5 7 86 99 15 97 33 39 60 98 79 48 22 31 
83 91 19 97 96 55 25 66 88 44 62 4 62 15 31 83 78 63 29 88 2 63 2 74 83 71 85 31 18 45 24 13 18 100 24 31 91 37 68 98 88 29 97 83 37 10 44 28 85 100 10 77 4 73 54 11 1 13 9 8 41 79 63 74 
95 32 65 90 47 6 99 35 41 71 14 77 10 78 20 26 32 15 38 80 69 30 34 84 48 3 87 77 95 26 35 65 36 21 30 13 38 56 75 38 52 15 11 8 14 54 92 87 86 94 99 24 28 35 10 36 62 16 68 36 84 29 24 58 
86 25 38 33 1 10 24 57 83 66 99 83 52 80 41 42 91 42 12 38 12 13 61 73 39 94 11 82 41 21 86 83 70 77 77 17 22 70 92 24 53 29 64 43 72 43 75 12 20 98 17 90 47 61 69 82 82 63 15 73 11 62 67 83 
57 30 77 36 17 93 53 73 27 85 66 75 81 65 39 95 44 46 2 27 66 48 53 8 63 62 19 99 23 3 86 68 99 44 42 10 78 52 86 23 2 7 90 71 82 54 17 60 15 4 47 31 47 72 6 59 52 67 60 37 27 72 78 60 
72 56 45 59 15 28 27 94 4 65 47 15 7 87 50 49 60 86 60 31 68 71 76 7 44 27 6 67 73 22 27 8 27 98 45 7 20 75 12 22 12 71 59 54 1 16 15 65 80 35 66 27 22 32 17 40 45 92 75 54 78 1 95 100 
73 20 16 85 38 15 34 23 24 55 4 40 9 12 23 71 10 54 43 46 18 3 50 78 90 5 84 21 31 62 53 78 21 83 93 99 39 31 2 83 17 56 14 5 64 28 81 23 20 43 93 76 18 58 8 6 78 60 2 2 39 55 100 26 
11 43 66 87 91 91 10 51 33 23 28 45 61 60 3 93 10 81 55 69 97 41 6 67 39 34 15 93 66 16 70 27 44 98 28 72 89 100 23 4 16 46 94 84 41 98 97 61 26 85 49 49 2 11 68 69 94 40 61 48 44 10 9 67 
97 33 83 23 49 77 62 41 90 31 100 89 9 25 52 80 24 77 48 44 42 76 79 64 11 99 66 69 67 76 12 49 83 62 4 15 33 40 33 55 16 53 14 76 79 95 64 83 73 3 12 16 93 51 21 45 63 69 71 79 99 10 24 42 
15 5 18 59 8 3 37 56 30 46 35 45 21 10 28 8 8 13 35 40 62 44 38 72 64 5 80 96 95 99 20 70 58 17 78 72 75 21 14 75 59 74 14 51 39 34 100 20 71 70 53 44 21 17 44 21 90 68 82 80 61 33 49 33 
49 23 2 58 50 1 26 8 8 21 97 86 84 14 44 50 82 45 18 75 52 61 72 81 69 16 70 66 13 73 51 3 47 54 78 76 81 54 54 70 59 18 15 39 85 66 90 29 5 69 80 63 54 54 48 86 76 19 32 87 27 80 12 36 
46 30 100 94 44 62 18 22 54 60 39 98 44 79 42 13 24 32 7 51 79 40 6 27 79 43 62 88 7 5 60 25 63 93 64 55 85 21 99 29 37 58 56 28 37 72 52 92 75 13 62 21 53 87 68 24 100 79 8 47 19 22 90 27 
44 46 76 86 35 39 14 85 98 20 77 32 9 32 25 81 45 81 55 14 42 17 98 88 58 37 65 9 59 94 9 28 24 71 84 37 39 36 34 42 59 50 21 59 88 39 55 68 7 95 40 94 7 97 72 36 2 37 50 53 28 34 18 66 
36 60 10 34 30 96 72 51 31 85 16 19 88 2 93 17 8 78 10 56 47 18 12 86 71 83 93 91 32 26 49 51 48 4 5 79 65 27 78 73 67 25 67 6 21 32 75 96 62 91 87 16 90 78 11 90 88 9 15 29 61 78 94 20 
63 90 86 29 14 71 85 7 69 26 92 80 10 75 45 93 60 94 27 5 18 54 39 23 24 73 18 53 91 57 21 55 83 22 49 89 74 3 59 29 71 11 57 29 75 96 11 17 66 81 86 78 84 64 65 3 73 85 40 89 31 41 16 60 
51 74 95 54 94 52 96 50 56 16 82 25 65 55 58 7 85 64 28 60 49 45 77 60 62 100 52 99 85 1 46 63 12 15 39 49 8 29 94 63 67 87 54 61 36 59 15 29 8 90 78 9 91 22 29 61 76 3 32 15 99 90 30 100 
82 99 6 23 45 69 87 45 35 27 30 75 64 46 78 95 90 83 12 67 55 8 45 73 28 12 23 15 62 29 77 96 84 38 31 19 20 25 92 58 4 60 34 56 45 88 94 79 68 12 38 61 69 7 5 78 15 54 85 64 55 29 44 2 
78 44 20 64 61 38 34 69 57 73 60 75 31 52 66 41 95 77 13 54 83 25 16 81 71 53 61 33 6 24 76 39 54 59 18 15 100 67 19 79 8 43 52 18 49 10 9 63 65 9 20 16 88 20 90 83 15 66 16 16 29 91 93 50 
69 74 89 76 20 20 81 81 54 96 45 62 36 89 79 39 9 35 70 76 82 83 57 52 60 7 66 71 27 86 6 62 44 67 16 32 9 47 55 62 96 44 20 1 47 69 56 32 82 7 64 23 83 22 37 10 77 32 10 50 29 42 46 2 
18 21 61 49 98 88 89 91 29 10 25 28 40 11 24 53 88 9 99 74 4 22 66 92 6 32 99 86 82 76 28 1 78 20 31 85 17 62 91 72 28 95 30 14 19 70 59 74 44 100 34 82 26 2 35 41 25 8 46 45 80 50 49 44 
45 29 100 53 58 32 38 28 29 97 87 63 43 38 96 76 12 19 8 68 93 35 96 52 8 57 39 14 31 37 69 80 53 55 10 15 72 1 67 96 85 35 74 48 1 99 75 44 55 71 82 7 79 55 77 98 59 63 77 33 57 50 28 63 
90 67 45 73 37 38 58 32 70 14 95 44 25 43 63 16 63 92 97 27 49 35 72 10 12 47 93 80 39 99 15 92 36 94 81 51 64 66 30 58 90 7 78 5 22 56 52 64 35 32 77 25 9 49 70 61 95 88 43 89 57 97 15 40 
62 33 31 82 80 81 44 67 93 29 36 75 8 50 67 29 39 69 13 42 21 47 72 62 55 64 32 70 7 34 23 40 50 93 40 91 97 8 83 74 58 7 8 14 1 67 99 99 36 11 8 87 89 52 85 92 35 71 4 51 14 30 29 62 
1 69 78 9 17 60 14 78 36 97 83 59 6 11 69 35 52 74 90 68 4 3 9 91 56 71 100 71 89 51 9 12 55 29 45 72 30 99 4 72 12 25 64 39 58 4 81 15 27 72 28 76 52 23 27 32 57 12 40 28 18 77 37 9 
93 60 5 19 27 17 38 47 24 16 99 4 43 21 84 55 76 99 36 88 39 71 99 65 47 71 42 25 95 50 42 81 3 66 58 88 100 71 39 46 23 84 9 28 52 17 82 28 3 37 55 12 31 75 13 41 5 84 20 77 38 35 30 36 
99 86 83 55 87 35 29 58 51 12 27 99 19 39 90 25 32 30 83 68 1 83 3 75 75 88 53 14 50 64 97 54 11 99 99 31 8 54 94 64 97 11 33 32 63 83 78 51 15 71 85 59 10 72 65 96 44 49 74 95 21 72 39 21 
14 94 58 63 1 39 12 18 89 61 19 44 30 91 59 6 64 14 14 43 41 6 28 59 49 71 15 50 84 73 98 87 47 79 39 48 87 78 69 44 89 27 97 91 78 66 42 29 23 92 94 19 76 89 68 49 34 26 93 19 31 69 59 50 
7 45 41 59 58 10 96 69 50 39 67 63 14 11 12 50 48 77 96 97 62 28 19 2 76 47 100 84 21 11 23 45 24 73 47 61 41 4 13 77 39 24 89 77 16 9 48 56 3 79 57 73 95 35 91 95 99 50 91 25 76 13 14 22 
88 25 91 10 9 98 22 80 93 80 62 88 43 34 55 4 87 85 29 30 41 8 56 8 10 22 51 65 2 79 64 11 31 72 46 83 88 34 4 55 75 43 84 68 3 18 7 26 50 76 7 71 16 36 93 84 100 11 90 4 56 54 29 17 
1 5 87 18 70 71 59 53 95 46 15 58 97 56 19 54 81 65 33 89 23 44 46 23 67 51 30 45 71 90 88 8 84 85 78 20 19 6 40 96 56 96 2 39 80 80 1 8 82 35 1 40 98 88 3 18 75 32 32 30 51 37 38 82 
22 14 85 45 23 37 89 22 61 56 70 39 63 93 8 19 86 19 44 96 64 12 95 21 27 2 22 98 14 4 25 54 92 96 82 67 89 60 7 15 92 5 13 89 25 85 57 71 32 43 42 99 65 4 99 30 93 61 48 65 17 75 36 38 
78 45 85 41 99 20 22 36 43 65 66 6 85 76 55 81 15 48 91 95 38 32 14 5 6 53 38 43 23 2 39 17 81 64 87 11 24 49 93 82 83 26 38 43 11 99 47 93 46 6 63 96 57 31 53 49 76 18 34 93 20 25 41 93 
76 58 11 25 61 83 43 84 39 8 39 99 46 90 68 11 34 54 62 64 84 48 14 5 20 11 1 3 11 47 13 32 41 62 49 92 24 68 71 57 61 72 34 22 22 80 83 49 62 84 53 84 44 47 13 59 25 83 82 38 70 80 86 27 
40 23 30 56 50 41 38 25 76 68 37 62 3 48 30 84 60 68 69 74 35 50 66 22 62 99 48 50 19 41 73 77 7 36 52 30 53 89 53 76 53 28 82 46 78 61 52 69 92 21 85 93 85 50 47 70 78 53 92 26 75 33 35 24 
81 81 65 30 48 95 87 41 62 82 31 2 63 45 71 32 98 77 22 24 59 58 88 27 65 36 35 38 5 58 37 58 64 10 50 27 19 11 52 44 28 18 13 3 71 78 51 47 44 4 28 100 43 52 100 67 13 100 42 24 37 5 44 4 
24 99 22 21 51 52 21 87 23 33 64 45 10 68 7 46 87 62 79 75 23 21 88 3 33 94 86 79 17 46 48 89 82 65 58 22 47 40 96 45 42 75 34 54 57 9 14 19 57 95 8 94 37 85 34 100 27 89 32 90 29 26 92 21 
16 36 33 64 80 51 70 53 69 57 6 85 98 11 25 54 10 43 4 59 55 58 27 65 17 31 67 99 16 7 15 15 88 2 40 97 35 35 67 30 84 52 90 11 65 54 1 78 36 46 12 43 29 73 37 34 80 84 25 93 33 41 66 76 
87 100 5 53 70 25 30 83 67 66 59 7 5 37 60 59 77 59 78 3 38 35 57 29 50 98 47 81 86 4 96 81 33 56 15 16 36 19 76 71 55 97 65 40 45 8 88 99 30 56 59 21 36 60 100 23 9 33 88 14 50 61 97 21 
94 15 33 72 40 51 16 24 86 19 60 62 35 58 94 79 76 72 76 14 93 53 13 88 26 75 24 13 89 28 16 85 1 48 48 50 61 87 31 86 26 35 43 28 98 83 89 22 5 33 62 61 23 37 65 2 87 41 67 10 49 55 12 70 
64 32 41 86 50 50 97 32 18 1 8 80 27 47 48 55 37 1 45 6 2 18 32 2 90 77 86 20 54 48 93 24 96 41 5 86 88 39 50 22 80 38 35 60 50 23 75 23 48 35 49 72 17 60 29 40 78 86 3 100 72 82 26 81 
1 94 52 98 41 60 9 59 64 97 32 88 18 84 64 32 65 40 43 57 99 55 90 35 39 50 94 84 11 85 24 61 2 22 73 73 56 13 55 74 50 85 2 7 4 77 95 22 26 63 67 17 73 3 90 24 60 29 3 42 58 6 8 96 
34 38 79 21 51 90 43 69 78 9 33 24 18 59 51 45 69 33 14 33 5 9 37 57 87 64 66 2 18 78 72 64 23 55 47 10 9 67 82 59 100 88 79 56 77 39 76 100 99 59 96 33 26 90 73 100 90 83 82 63 60 75 77 67 
0.0 1.0 1.0 1.0 1.0 1.0 1.0 1.0 1.0 1.0 1.0 1.0 1.0 1.0 1.0 1.0 1.0 1.0 1.0 1.0 1.0 1.0 1.0 1.0 1.0 1.0 1.0 1.0 1.0 1.0 1.0 1.0 1.0 1.0 1.0 1.0 1.0 1.0 1.0 1.0 1.0 1.0 1.0 1.0 1.0 1.0 1.0 1.0 1.0 1.0 1.0 1.0 1.0 1.0 1.0 1.0 1.0 1.0 1.0 1.0 1.0 1.0 1.0 1.0 
1.0 0.0 1.0 1.0 1.0 1.0 1.0 1.0 1.0 1.0 1.0 1.0 1.0 1.0 1.0 1.0 1.0 1.0 1.0 1.0 1.0 1.0 1.0 1.0 1.0 1.0 1.0 1.0 1.0 1.0 1.0 1.0 1.0 1.0 1.0 1.0 1.0 1.0 1.0 1.0 1.0 1.0 1.0 1.0 1.0 1.0 1.0 1.0 1.0 1.0 1.0 1.0 1.0 1.0 1.0 1.0 1.0 1.0 1.0 1.0 1.0 1.0 1.0 1.0 
1.0 1.0 0.0 1.0 1.0 1.0 1.0 1.0 1.0 1.0 1.0 1.0 1.0 1.0 1.0 1.0 1.0 1.0 1.0 1.0 1.0 1.0 1.0 1.0 1.0 1.0 1.0 1.0 1.0 1.0 1.0 1.0 1.0 1.0 1.0 1.0 1.0 1.0 1.0 1.0 1.0 1.0 1.0 1.0 1.0 1.0 1.0 1.0 1.0 1.0 1.0 1.0 1.0 1.0 1.0 1.0 1.0 1.0 1.0 1.0 1.0 1.0 1.0 1.0 
1.0 1.0 1.0 0.0 1.0 1.0 1.0 1.0 1.0 1.0 1.0 1.0 1.0 1.0 1.0 1.0 1.0 1.0 1.0 1.0 1.0 1.0 1.0 1.0 1.0 1.0 1.0 1.0 1.0 1.0 1.0 1.0 1.0 1.0 1.0 1.0 1.0 1.0 1.0 1.0 1.0 1.0 1.0 1.0 1.0 1.0 1.0 1.0 1.0 1.0 1.0 1.0 1.0 1.0 1.0 1.0 1.0 1.0 1.0 1.0 1.0 1.0 1.0 1.0 
1.0 1.0 1.0 1.0 0.0 1.0 1.0 1.0 1.0 1.0 1.0 1.0 1.0 1.0 1.0 1.0 1.0 1.0 1.0 1.0 1.0 1.0 1.0 1.0 1.0 1.0 1.0 1.0 1.0 1.0 1.0 1.0 1.0 1.0 1.0 1.0 1.0 1.0 1.0 1.0 1.0 1.0 1.0 1.0 1.0 1.0 1.0 1.0 1.0 1.0 1.0 1.0 1.0 1.0 1.0 1.0 1.0 1.0 1.0 1.0 1.0 1.0 1.0 1.0 
1.0 1.0 1.0 1.0 1.0 0.0 1.0 1.0 1.0 1.0 1.0 1.0 1.0 1.0 1.0 1.0 1.0 1.0 1.0 1.0 1.0 1.0 1.0 1.0 1.0 1.0 1.0 1.0 1.0 1.0 1.0 1.0 1.0 1.0 1.0 1.0 1.0 1.0 1.0 1.0 1.0 1.0 1.0 1.0 1.0 1.0 1.0 1.0 1.0 1.0 1.0 1.0 1.0 1.0 1.0 1.0 1.0 1.0 1.0 1.0 1.0 1.0 1.0 1.0 
1.0 1.0 1.0 1.0 1.0 1.0 0.0 1.0 1.0 1.0 1.0 1.0 1.0 1.0 1.0 1.0 1.0 1.0 1.0 1.0 1.0 1.0 1.0 1.0 1.0 1.0 1.0 1.0 1.0 1.0 1.0 1.0 1.0 1.0 1.0 1.0 1.0 1.0 1.0 1.0 1.0 1.0 1.0 1.0 1.0 1.0 1.0 1.0 1.0 1.0 1.0 1.0 1.0 1.0 1.0 1.0 1.0 1.0 1.0 1.0 1.0 1.0 1.0 1.0 
1.0 1.0 1.0 1.0 1.0 1.0 1.0 0.0 1.0 1.0 1.0 1.0 1.0 1.0 1.0 1.0 1.0 1.0 1.0 1.0 1.0 1.0 1.0 1.0 1.0 1.0 1.0 1.0 1.0 1.0 1.0 1.0 1.0 1.0 1.0 1.0 1.0 1.0 1.0 1.0 1.0 1.0 1.0 1.0 1.0 1.0 1.0 1.0 1.0 1.0 1.0 1.0 1.0 1.0 1.0 1.0 1.0 1.0 1.0 1.0 1.0 1.0 1.0 1.0 
1.0 1.0 1.0 1.0 1.0 1.0 1.0 1.0 0.0 1.0 1.0 1.0 1.0 1.0 1.0 1.0 1.0 1.0 1.0 1.0 1.0 1.0 1.0 1.0 1.0 1.0 1.0 1.0 1.0 1.0 1.0 1.0 1.0 1.0 1.0 1.0 1.0 1.0 1.0 1.0 1.0 1.0 1.0 1.0 1.0 1.0 1.0 1.0 1.0 1.0 1.0 1.0 1.0 1.0 1.0 1.0 1.0 1.0 1.0 1.0 1.0 1.0 1.0 1.0 
1.0 1.0 1.0 1.0 1.0 1.0 1.0 1.0 1.0 0.0 1.0 1.0 1.0 1.0 1.0 1.0 1.0 1.0 1.0 1.0 1.0 1.0 1.0 1.0 1.0 1.0 1.0 1.0 1.0 1.0 1.0 1.0 1.0 1.0 1.0 1.0 1.0 1.0 1.0 1.0 1.0 1.0 1.0 1.0 1.0 1.0 1.0 1.0 1.0 1.0 1.0 1.0 1.0 1.0 1.0 1.0 1.0 1.0 1.0 1.0 1.0 1.0 1.0 1.0 
1.0 1.0 1.0 1.0 1.0 1.0 1.0 1.0 1.0 1.0 0.0 1.0 1.0 1.0 1.0 1.0 1.0 1.0 1.0 1.0 1.0 1.0 1.0 1.0 1.0 1.0 1.0 1.0 1.0 1.0 1.0 1.0 1.0 1.0 1.0 1.0 1.0 1.0 1.0 1.0 1.0 1.0 1.0 1.0 1.0 1.0 1.0 1.0 1.0 1.0 1.0 1.0 1.0 1.0 1.0 1.0 1.0 1.0 1.0 1.0 1.0 1.0 1.0 1.0 
1.0 1.0 1.0 1.0 1.0 1.0 1.0 1.0 1.0 1.0 1.0 0.0 1.0 1.0 1.0 1.0 1.0 1.0 1.0 1.0 1.0 1.0 1.0 1.0 1.0 1.0 1.0 1.0 1.0 1.0 1.0 1.0 1.0 1.0 1.0 1.0 1.0 1.0 1.0 1.0 1.0 1.0 1.0 1.0 1.0 1.0 1.0 1.0 1.0 1.0 1.0 1.0 1.0 1.0 1.0 1.0 1.0 1.0 1.0 1.0 1.0 1.0 1.0 1.0 
1.0 1.0 1.0 1.0 1.0 1.0 1.0 1.0 1.0 1.0 1.0 1.0 0.0 1.0 1.0 1.0 1.0 1.0 1.0 1.0 1.0 1.0 1.0 1.0 1.0 1.0 1.0 1.0 1.0 1.0 1.0 1.0 1.0 1.0 1.0 1.0 1.0 1.0 1.0 1.0 1.0 1.0 1.0 1.0 1.0 1.0 1.0 1.0 1.0 1.0 1.0 1.0 1.0 1.0 1.0 1.0 1.0 1.0 1.0 1.0 1.0 1.0 1.0 1.0 
1.0 1.0 1.0 1.0 1.0 1.0 1.0 1.0 1.0 1.0 1.0 1.0 1.0 0.0 1.0 1.0 1.0 1.0 1.0 1.0 1.0 1.0 1.0 1.0 1.0 1.0 1.0 1.0 1.0 1.0 1.0 1.0 1.0 1.0 1.0 1.0 1.0 1.0 1.0 1.0 1.0 1.0 1.0 1.0 1.0 1.0 1.0 1.0 1.0 1.0 1.0 1.0 1.0 1.0 1.0 1.0 1.0 1.0 1.0 1.0 1.0 1.0 1.0 1.0 
1.0 1.0 1.0 1.0 1.0 1.0 1.0 1.0 1.0 1.0 1.0 1.0 1.0 1.0 0.0 1.0 1.0 1.0 1.0 1.0 1.0 1.0 1.0 1.0 1.0 1.0 1.0 1.0 1.0 1.0 1.0 1.0 1.0 1.0 1.0 1.0 1.0 1.0 1.0 1.0 1.0 1.0 1.0 1.0 1.0 1.0 1.0 1.0 1.0 1.0 1.0 1.0 1.0 1.0 1.0 1.0 1.0 1.0 1.0 1.0 1.0 1.0 1.0 1.0 
1.0 1.0 1.0 1.0 1.0 1.0 1.0 1.0 1.0 1.0 1.0 1.0 1.0 1.0 1.0 0.0 1.0 1.0 1.0 1.0 1.0 1.0 1.0 1.0 1.0 1.0 1.0 1.0 1.0 1.0 1.0 1.0 1.0 1.0 1.0 1.0 1.0 1.0 1.0 1.0 1.0 1.0 1.0 1.0 1.0 1.0 1.0 1.0 1.0 1.0 1.0 1.0 1.0 1.0 1.0 1.0 1.0 1.0 1.0 1.0 1.0 1.0 1.0 1.0 
1.0 1.0 1.0 1.0 1.0 1.0 1.0 1.0 1.0 1.0 1.0 1.0 1.0 1.0 1.0 1.0 0.0 1.0 1.0 1.0 1.0 1.0 1.0 1.0 1.0 1.0 1.0 1.0 1.0 1.0 1.0 1.0 1.0 1.0 1.0 1.0 1.0 1.0 1.0 1.0 1.0 1.0 1.0 1.0 1.0 1.0 1.0 1.0 1.0 1.0 1.0 1.0 1.0 1.0 1.0 1.0 1.0 1.0 1.0 1.0 1.0 1.0 1.0 1.0 
1.0 1.0 1.0 1.0 1.0 1.0 1.0 1.0 1.0 1.0 1.0 1.0 1.0 1.0 1.0 1.0 1.0 0.0 1.0 1.0 1.0 1.0 1.0 1.0 1.0 1.0 1.0 1.0 1.0 1.0 1.0 1.0 1.0 1.0 1.0 1.0 1.0 1.0 1.0 1.0 1.0 1.0 1.0 1.0 1.0 1.0 1.0 1.0 1.0 1.0 1.0 1.0 1.0 1.0 1.0 1.0 1.0 1.0 1.0 1.0 1.0 1.0 1.0 1.0 
1.0 1.0 1.0 1.0 1.0 1.0 1.0 1.0 1.0 1.0 1.0 1.0 1.0 1.0 1.0 1.0 1.0 1.0 0.0 1.0 1.0 1.0 1.0 1.0 1.0 1.0 1.0 1.0 1.0 1.0 1.0 1.0 1.0 1.0 1.0 1.0 1.0 1.0 1.0 1.0 1.0 1.0 1.0 1.0 1.0 1.0 1.0 1.0 1.0 1.0 1.0 1.0 1.0 1.0 1.0 1.0 1.0 1.0 1.0 1.0 1.0 1.0 1.0 1.0 
1.0 1.0 1.0 1.0 1.0 1.0 1.0 1.0 1.0 1.0 1.0 1.0 1.0 1.0 1.0 1.0 1.0 1.0 1.0 0.0 1.0 1.0 1.0 1.0 1.0 1.0 1.0 1.0 1.0 1.0 1.0 1.0 1.0 1.0 1.0 1.0 1.0 1.0 1.0 1.0 1.0 1.0 1.0 1.0 1.0 1.0 1.0 1.0 1.0 1.0 1.0 1.0 1.0 1.0 1.0 1.0 1.0 1.0 1.0 1.0 1.0 1.0 1.0 1.0 
1.0 1.0 1.0 1.0 1.0 1.0 1.0 1.0 1.0 1.0 1.0 1.0 1.0 1.0 1.0 1.0 1.0 1.0 1.0 1.0 0.0 1.0 1.0 1.0 1.0 1.0 1.0 1.0 1.0 1.0 1.0 1.0 1.0 1.0 1.0 1.0 1.0 1.0 1.0 1.0 1.0 1.0 1.0 1.0 1.0 1.0 1.0 1.0 1.0 1.0 1.0 1.0 1.0 1.0 1.0 1.0 1.0 1.0 1.0 1.0 1.0 1.0 1.0 1.0 
1.0 1.0 1.0 1.0 1.0 1.0 1.0 1.0 1.0 1.0 1.0 1.0 1.0 1.0 1.0 1.0 1.0 1.0 1.0 1.0 1.0 0.0 1.0 1.0 1.0 1.0 1.0 1.0 1.0 1.0 1.0 1.0 1.0 1.0 1.0 1.0 1.0 1.0 1.0 1.0 1.0 1.0 1.0 1.0 1.0 1.0 1.0 1.0 1.0 1.0 1.0 1.0 1.0 1.0 1.0 1.0 1.0 1.0 1.0 1.0 1.0 1.0 1.0 1.0 
1.0 1.0 1.0 1.0 1.0 1.0 1.0 1.0 1.0 1.0 1.0 1.0 1.0 1.0 1.0 1.0 1.0 1.0 1.0 1.0 1.0 1.0 0.0 1.0 1.0 1.0 1.0 1.0 1.0 1.0 1.0 1.0 1.0 1.0 1.0 1.0 1.0 1.0 1.0 1.0 1.0 1.0 1.0 1.0 1.0 1.0 1.0 1.0 1.0 1.0 1.0 1.0 1.0 1.0 1.0 1.0 1.0 1.0 1.0 1.0 1.0 1.0 1.0 1.0 
1.0 1.0 1.0 1.0 1.0 1.0 1.0 1.0 1.0 1.0 1.0 1.0 1.0 1.0 1.0 1.0 1.0 1.0 1.0 1.0 1.0 1.0 1.0 0.0 1.0 1.0 1.0 1.0 1.0 1.0 1.0 1.0 1.0 1.0 1.0 1.0 1.0 1.0 1.0 1.0 1.0 1.0 1.0 1.0 1.0 1.0 1.0 1.0 1.0 1.0 1.0 1.0 1.0 1.0 1.0 1.0 1.0 1.0 1.0 1.0 1.0 1.0 1.0 1.0 
1.0 1.0 1.0 1.0 1.0 1.0 1.0 1.0 1.0 1.0 1.0 1.0 1.0 1.0 1.0 1.0 1.0 1.0 1.0 1.0 1.0 1.0 1.0 1.0 0.0 1.0 1.0 1.0 1.0 1.0 1.0 1.0 1.0 1.0 1.0 1.0 1.0 1.0 1.0 1.0 1.0 1.0 1.0 1.0 1.0 1.0 1.0 1.0 1.0 1.0 1.0 1.0 1.0 1.0 1.0 1.0 1.0 1.0 1.0 1.0 1.0 1.0 1.0 1.0 
1.0 1.0 1.0 1.0 1.0 1.0 1.0 1.0 1.0 1.0 1.0 1.0 1.0 1.0 1.0 1.0 1.0 1.0 1.0 1.0 1.0 1.0 1.0 1.0 1.0 0.0 1.0 1.0 1.0 1.0 1.0 1.0 1.0 1.0 1.0 1.0 1.0 1.0 1.0 1.0 1.0 1.0 1.0 1.0 1.0 1.0 1.0 1.0 1.0 1.0 1.0 1.0 1.0 1.0 1.0 1.0 1.0 1.0 1.0 1.0 1.0 1.0 1.0 1.0 
1.0 1.0 1.0 1.0 1.0 1.0 1.0 1.0 1.0 1.0 1.0 1.0 1.0 1.0 1.0 1.0 1.0 1.0 1.0 1.0 1.0 1.0 1.0 1.0 1.0 1.0 0.0 1.0 1.0 1.0 1.0 1.0 1.0 1.0 1.0 1.0 1.0 1.0 1.0 1.0 1.0 1.0 1.0 1.0 1.0 1.0 1.0 1.0 1.0 1.0 1.0 1.0 1.0 1.0 1.0 1.0 1.0 1.0 1.0 1.0 1.0 1.0 1.0 1.0 
1.0 1.0 1.0 1.0 1.0 1.0 1.0 1.0 1.0 1.0 1.0 1.0 1.0 1.0 1.0 1.0 1.0 1.0 1.0 1.0 1.0 1.0 1.0 1.0 1.0 1.0 1.0 0.0 1.0 1.0 1.0 1.0 1.0 1.0 1.0 1.0 1.0 1.0 1.0 1.0 1.0 1.0 1.0 1.0 1.0 1.0 1.0 1.0 1.0 1.0 1.0 1.0 1.0 1.0 1.0 1.0 1.0 1.0 1.0 1.0 1.0 1.0 1.0 1.0 
1.0 1.0 1.0 1.0 1.0 1.0 1.0 1.0 1.0 1.0 1.0 1.0 1.0 1.0 1.0 1.0 1.0 1.0 1.0 1.0 1.0 1.0 1.0 1.0 1.0 1.0 1.0 1.0 0.0 1.0 1.0 1.0 1.0 1.0 1.0 1.0 1.0 1.0 1.0 1.0 1.0 1.0 1.0 1.0 1.0 1.0 1.0 1.0 1.0 1.0 1.0 1.0 1.0 1.0 1.0 1.0 1.0 1.0 1.0 1.0 1.0 1.0 1.0 1.0 
1.0 1.0 1.0 1.0 1.0 1.0 1.0 1.0 1.0 1.0 1.0 1.0 1.0 1.0 1.0 1.0 1.0 1.0 1.0 1.0 1.0 1.0 1.0 1.0 1.0 1.0 1.0 1.0 1.0 0.0 1.0 1.0 1.0 1.0 1.0 1.0 1.0 1.0 1.0 1.0 1.0 1.0 1.0 1.0 1.0 1.0 1.0 1.0 1.0 1.0 1.0 1.0 1.0 1.0 1.0 1.0 1.0 1.0 1.0 1.0 1.0 1.0 1.0 1.0 
1.0 1.0 1.0 1.0 1.0 1.0 1.0 1.0 1.0 1.0 1.0 1.0 1.0 1.0 1.0 1.0 1.0 1.0 1.0 1.0 1.0 1.0 1.0 1.0 1.0 1.0 1.0 1.0 1.0 1.0 0.0 1.0 1.0 1.0 1.0 1.0 1.0 1.0 1.0 1.0 1.0 1.0 1.0 1.0 1.0 1.0 1.0 1.0 1.0 1.0 1.0 1.0 1.0 1.0 1.0 1.0 1.0 1.0 1.0 1.0 1.0 1.0 1.0 1.0 
1.0 1.0 1.0 1.0 1.0 1.0 1.0 1.0 1.0 1.0 1.0 1.0 1.0 1.0 1.0 1.0 1.0 1.0 1.0 1.0 1.0 1.0 1.0 1.0 1.0 1.0 1.0 1.0 1.0 1.0 1.0 0.0 1.0 1.0 1.0 1.0 1.0 1.0 1.0 1.0 1.0 1.0 1.0 1.0 1.0 1.0 1.0 1.0 1.0 1.0 1.0 1.0 1.0 1.0 1.0 1.0 1.0 1.0 1.0 1.0 1.0 1.0 1.0 1.0 
1.0 1.0 1.0 1.0 1.0 1.0 1.0 1.0 1.0 1.0 1.0 1.0 1.0 1.0 1.0 1.0 1.0 1.0 1.0 1.0 1.0 1.0 1.0 1.0 1.0 1.0 1.0 1.0 1.0 1.0 1.0 1.0 0.0 1.0 1.0 1.0 1.0 1.0 1.0 1.0 1.0 1.0 1.0 1.0 1.0 1.0 1.0 1.0 1.0 1.0 1.0 1.0 1.0 1.0 1.0 1.0 1.0 1.0 1.0 1.0 1.0 1.0 1.0 1.0 
1.0 1.0 1.0 1.0 1.0 1.0 1.0 1.0 1.0 1.0 1.0 1.0 1.0 1.0 1.0 1.0 1.0 1.0 1.0 1.0 1.0 1.0 1.0 1.0 1.0 1.0 1.0 1.0 1.0 1.0 1.0 1.0 1.0 0.0 1.0 1.0 1.0 1.0 1.0 1.0 1.0 1.0 1.0 1.0 1.0 1.0 1.0 1.0 1.0 1.0 1.0 1.0 1.0 1.0 1.0 1.0 1.0 1.0 1.0 1.0 1.0 1.0 1.0 1.0 
1.0 1.0 1.0 1.0 1.0 1.0 1.0 1.0 1.0 1.0 1.0 1.0 1.0 1.0 1.0 1.0 1.0 1.0 1.0 1.0 1.0 1.0 1.0 1.0 1.0 1.0 1.0 1.0 1.0 1.0 1.0 1.0 1.0 1.0 0.0 1.0 1.0 1.0 1.0 1.0 1.0 1.0 1.0 1.0 1.0 1.0 1.0 1.0 1.0 1.0 1.0 1.0 1.0 1.0 1.0 1.0 1.0 1.0 1.0 1.0 1.0 1.0 1.0 1.0 
1.0 1.0 1.0 1.0 1.0 1.0 1.0 1.0 1.0 1.0 1.0 1.0 1.0 1.0 1.0 1.0 1.0 1.0 1.0 1.0 1.0 1.0 1.0 1.0 1.0 1.0 1.0 1.0 1.0 1.0 1.0 1.0 1.0 1.0 1.0 0.0 1.0 1.0 1.0 1.0 1.0 1.0 1.0 1.0 1.0 1.0 1.0 1.0 1.0 1.0 1.0 1.0 1.0 1.0 1.0 1.0 1.0 1.0 1.0 1.0 1.0 1.0 1.0 1.0 
1.0 1.0 1.0 1.0 1.0 1.0 1.0 1.0 1.0 1.0 1.0 1.0 1.0 1.0 1.0 1.0 1.0 1.0 1.0 1.0 1.0 1.0 1.0 1.0 1.0 1.0 1.0 1.0 1.0 1.0 1.0 1.0 1.0 1.0 1.0 1.0 0.0 1.0 1.0 1.0 1.0 1.0 1.0 1.0 1.0 1.0 1.0 1.0 1.0 1.0 1.0 1.0 1.0 1.0 1.0 1.0 1.0 1.0 1.0 1.0 1.0 1.0 1.0 1.0 
1.0 1.0 1.0 1.0 1.0 1.0 1.0 1.0 1.0 1.0 1.0 1.0 1.0 1.0 1.0 1.0 1.0 1.0 1.0 1.0 1.0 1.0 1.0 1.0 1.0 1.0 1.0 1.0 1.0 1.0 1.0 1.0 1.0 1.0 1.0 1.0 1.0 0.0 1.0 1.0 1.0 1.0 1.0 1.0 1.0 1.0 1.0 1.0 1.0 1.0 1.0 1.0 1.0 1.0 1.0 1.0 1.0 1.0 1.0 1.0 1.0 1.0 1.0 1.0 
1.0 1.0 1.0 1.0 1.0 1.0 1.0 1.0 1.0 1.0 1.0 1.0 1.0 1.0 1.0 1.0 1.0 1.0 1.0 1.0 1.0 1.0 1.0 1.0 1.0 1.0 1.0 1.0 1.0 1.0 1.0 1.0 1.0 1.0 1.0 1.0 1.0 1.0 0.0 1.0 1.0 1.0 1.0 1.0 1.0 1.0 1.0 1.0 1.0 1.0 1.0 1.0 1.0 1.0 1.0 1.0 1.0 1.0 1.0 1.0 1.0 1.0 1.0 1.0 
1.0 1.0 1.0 1.0 1.0 1.0 1.0 1.0 1.0 1.0 1.0 1.0 1.0 1.0 1.0 1.0 1.0 1.0 1.0 1.0 1.0 1.0 1.0 1.0 1.0 1.0 1.0 1.0 1.0 1.0 1.0 1.0 1.0 1.0 1.0 1.0 1.0 1.0 1.0 0.0 1.0 1.0 1.0 1.0 1.0 1.0 1.0 1.0 1.0 1.0 1.0 1.0 1.0 1.0 1.0 1.0 1.0 1.0 1.0 1.0 1.0 1.0 1.0 1.0 
1.0 1.0 1.0 1.0 1.0 1.0 1.0 1.0 1.0 1.0 1.0 1.0 1.0 1.0 1.0 1.0 1.0 1.0 1.0 1.0 1.0 1.0 1.0 1.0 1.0 1.0 1.0 1.0 1.0 1.0 1.0 1.0 1.0 1.0 1.0 1.0 1.0 1.0 1.0 1.0 0.0 1.0 1.0 1.0 1.0 1.0 1.0 1.0 1.0 1.0 1.0 1.0 1.0 1.0 1.0 1.0 1.0 1.0 1.0 1.0 1.0 1.0 1.0 1.0 
1.0 1.0 1.0 1.0 1.0 1.0 1.0 1.0 1.0 1.0 1.0 1.0 1.0 1.0 1.0 1.0 1.0 1.0 1.0 1.0 1.0 1.0 1.0 1.0 1.0 1.0 1.0 1.0 1.0 1.0 1.0 1.0 1.0 1.0 1.0 1.0 1.0 1.0 1.0 1.0 1.0 0.0 1.0 1.0 1.0 1.0 1.0 1.0 1.0 1.0 1.0 1.0 1.0 1.0 1.0 1.0 1.0 1.0 1.0 1.0 1.0 1.0 1.0 1.0 
1.0 1.0 1.0 1.0 1.0 1.0 1.0 1.0 1.0 1.0 1.0 1.0 1.0 1.0 1.0 1.0 1.0 1.0 1.0 1.0 1.0 1.0 1.0 1.0 1.0 1.0 1.0 1.0 1.0 1.0 1.0 1.0 1.0 1.0 1.0 1.0 1.0 1.0 1.0 1.0 1.0 1.0 0.0 1.0 1.0 1.0 1.0 1.0 1.0 1.0 1.0 1.0 1.0 1.0 1.0 1.0 1.0 1.0 1.0 1.0 1.0 1.0 1.0 1.0 
1.0 1.0 1.0 1.0 1.0 1.0 1.0 1.0 1.0 1.0 1.0 1.0 1.0 1.0 1.0 1.0 1.0 1.0 1.0 1.0 1.0 1.0 1.0 1.0 1.0 1.0 1.0 1.0 1.0 1.0 1.0 1.0 1.0 1.0 1.0 1.0 1.0 1.0 1.0 1.0 1.0 1.0 1.0 0.0 1.0 1.0 1.0 1.0 1.0 1.0 1.0 1.0 1.0 1.0 1.0 1.0 1.0 1.0 1.0 1.0 1.0 1.0 1.0 1.0 
1.0 1.0 1.0 1.0 1.0 1.0 1.0 1.0 1.0 1.0 1.0 1.0 1.0 1.0 1.0 1.0 1.0 1.0 1.0 1.0 1.0 1.0 1.0 1.0 1.0 1.0 1.0 1.0 1.0 1.0 1.0 1.0 1.0 1.0 1.0 1.0 1.0 1.0 1.0 1.0 1.0 1.0 1.0 1.0 0.0 1.0 1.0 1.0 1.0 1.0 1.0 1.0 1.0 1.0 1.0 1.0 1.0 1.0 1.0 1.0 1.0 1.0 1.0 1.0 
1.0 1.0 1.0 1.0 1.0 1.0 1.0 1.0 1.0 1.0 1.0 1.0 1.0 1.0 1.0 1.0 1.0 1.0 1.0 1.0 1.0 1.0 1.0 1.0 1.0 1.0 1.0 1.0 1.0 1.0 1.0 1.0 1.0 1.0 1.0 1.0 1.0 1.0 1.0 1.0 1.0 1.0 1.0 1.0 1.0 0.0 1.0 1.0 1.0 1.0 1.0 1.0 1.0 1.0 1.0 1.0 1.0 1.0 1.0 1.0 1.0 1.0 1.0 1.0 
1.0 1.0 1.0 1.0 1.0 1.0 1.0 1.0 1.0 1.0 1.0 1.0 1.0 1.0 1.0 1.0 1.0 1.0 1.0 1.0 1.0 1.0 1.0 1.0 1.0 1.0 1.0 1.0 1.0 1.0 1.0 1.0 1.0 1.0 1.0 1.0 1.0 1.0 1.0 1.0 1.0 1.0 1.0 1.0 1.0 1.0 0.0 1.0 1.0 1.0 1.0 1.0 1.0 1.0 1.0 1.0 1.0 1.0 1.0 1.0 1.0 1.0 1.0 1.0 
1.0 1.0 1.0 1.0 1.0 1.0 1.0 1.0 1.0 1.0 1.0 1.0 1.0 1.0 1.0 1.0 1.0 1.0 1.0 1.0 1.0 1.0 1.0 1.0 1.0 1.0 1.0 1.0 1.0 1.0 1.0 1.0 1.0 1.0 1.0 1.0 1.0 1.0 1.0 1.0 1.0 1.0 1.0 1.0 1.0 1.0 1.0 0.0 1.0 1.0 1.0 1.0 1.0 1.0 1.0 1.0 1.0 1.0 1.0 1.0 1.0 1.0 1.0 1.0 
1.0 1.0 1.0 1.0 1.0 1.0 1.0 1.0 1.0 1.0 1.0 1.0 1.0 1.0 1.0 1.0 1.0 1.0 1.0 1.0 1.0 1.0 1.0 1.0 1.0 1.0 1.0 1.0 1.0 1.0 1.0 1.0 1.0 1.0 1.0 1.0 1.0 1.0 1.0 1.0 1.0 1.0 1.0 1.0 1.0 1.0 1.0 1.0 0.0 1.0 1.0 1.0 1.0 1.0 1.0 1.0 1.0 1.0 1.0 1.0 1.0 1.0 1.0 1.0 
1.0 1.0 1.0 1.0 1.0 1.0 1.0 1.0 1.0 1.0 1.0 1.0 1.0 1.0 1.0 1.0 1.0 1.0 1.0 1.0 1.0 1.0 1.0 1.0 1.0 1.0 1.0 1.0 1.0 1.0 1.0 1.0 1.0 1.0 1.0 1.0 1.0 1.0 1.0 1.0 1.0 1.0 1.0 1.0 1.0 1.0 1.0 1.0 1.0 0.0 1.0 1.0 1.0 1.0 1.0 1.0 1.0 1.0 1.0 1.0 1.0 1.0 1.0 1.0 
1.0 1.0 1.0 1.0 1.0 1.0 1.0 1.0 1.0 1.0 1.0 1.0 1.0 1.0 1.0 1.0 1.0 1.0 1.0 1.0 1.0 1.0 1.0 1.0 1.0 1.0 1.0 1.0 1.0 1.0 1.0 1.0 1.0 1.0 1.0 1.0 1.0 1.0 1.0 1.0 1.0 1.0 1.0 1.0 1.0 1.0 1.0 1.0 1.0 1.0 0.0 1.0 1.0 1.0 1.0 1.0 1.0 1.0 1.0 1.0 1.0 1.0 1.0 1.0 
1.0 1.0 1.0 1.0 1.0 1.0 1.0 1.0 1.0 1.0 1.0 1.0 1.0 1.0 1.0 1.0 1.0 1.0 1.0 1.0 1.0 1.0 1.0 1.0 1.0 1.0 1.0 1.0 1.0 1.0 1.0 1.0 1.0 1.0 1.0 1.0 1.0 1.0 1.0 1.0 1.0 1.0 1.0 1.0 1.0 1.0 1.0 1.0 1.0 1.0 1.0 0.0 1.0 1.0 1.0 1.0 1.0 1.0 1.0 1.0 1.0 1.0 1.0 1.0 
1.0 1.0 1.0 1.0 1.0 1.0 1.0 1.0 1.0 1.0 1.0 1.0 1.0 1.0 1.0 1.0 1.0 1.0 1.0 1.0 1.0 1.0 1.0 1.0 1.0 1.0 1.0 1.0 1.0 1.0 1.0 1.0 1.0 1.0 1.0 1.0 1.0 1.0 1.0 1.0 1.0 1.0 1.0 1.0 1.0 1.0 1.0 1.0 1.0 1.0 1.0 1.0 0.0 1.0 1.0 1.0 1.0 1.0 1.0 1.0 1.0 1.0 1.0 1.0 
1.0 1.0 1.0 1.0 1.0 1.0 1.0 1.0 1.0 1.0 1.0 1.0 1.0 1.0 1.0 1.0 1.0 1.0 1.0 1.0 1.0 1.0 1.0 1.0 1.0 1.0 1.0 1.0 1.0 1.0 1.0 1.0 1.0 1.0 1.0 1.0 1.0 1.0 1.0 1.0 1.0 1.0 1.0 1.0 1.0 1.0 1.0 1.0 1.0 1.0 1.0 1.0 1.0 0.0 1.0 1.0 1.0 1.0 1.0 1.0 1.0 1.0 1.0 1.0 
1.0 1.0 1.0 1.0 1.0 1.0 1.0 1.0 1.0 1.0 1.0 1.0 1.0 1.0 1.0 1.0 1.0 1.0 1.0 1.0 1.0 1.0 1.0 1.0 1.0 1.0 1.0 1.0 1.0 1.0 1.0 1.0 1.0 1.0 1.0 1.0 1.0 1.0 1.0 1.0 1.0 1.0 1.0 1.0 1.0 1.0 1.0 1.0 1.0 1.0 1.0 1.0 1.0 1.0 0.0 1.0 1.0 1.0 1.0 1.0 1.0 1.0 1.0 1.0 
1.0 1.0 1.0 1.0 1.0 1.0 1.0 1.0 1.0 1.0 1.0 1.0 1.0 1.0 1.0 1.0 1.0 1.0 1.0 1.0 1.0 1.0 1.0 1.0 1.0 1.0 1.0 1.0 1.0 1.0 1.0 1.0 1.0 1.0 1.0 1.0 1.0 1.0 1.0 1.0 1.0 1.0 1.0 1.0 1.0 1.0 1.0 1.0 1.0 1.0 1.0 1.0 1.0 1.0 1.0 0.0 1.0 1.0 1.0 1.0 1.0 1.0 1.0 1.0 
1.0 1.0 1.0 1.0 1.0 1.0 1.0 1.0 1.0 1.0 1.0 1.0 1.0 1.0 1.0 1.0 1.0 1.0 1.0 1.0 1.0 1.0 1.0 1.0 1.0 1.0 1.0 1.0 1.0 1.0 1.0 1.0 1.0 1.0 1.0 1.0 1.0 1.0 1.0 1.0 1.0 1.0 1.0 1.0 1.0 1.0 1.0 1.0 1.0 1.0 1.0 1.0 1.0 1.0 1.0 1.0 0.0 1.0 1.0 1.0 1.0 1.0 1.0 1.0 
1.0 1.0 1.0 1.0 1.0 1.0 1.0 1.0 1.0 1.0 1.0 1.0 1.0 1.0 1.0 1.0 1.0 1.0 1.0 1.0 1.0 1.0 1.0 1.0 1.0 1.0 1.0 1.0 1.0 1.0 1.0 1.0 1.0 1.0 1.0 1.0 1.0 1.0 1.0 1.0 1.0 1.0 1.0 1.0 1.0 1.0 1.0 1.0 1.0 1.0 1.0 1.0 1.0 1.0 1.0 1.0 1.0 0.0 1.0 1.0 1.0 1.0 1.0 1.0 
1.0 1.0 1.0 1.0 1.0 1.0 1.0 1.0 1.0 1.0 1.0 1.0 1.0 1.0 1.0 1.0 1.0 1.0 1.0 1.0 1.0 1.0 1.0 1.0 1.0 1.0 1.0 1.0 1.0 1.0 1.0 1.0 1.0 1.0 1.0 1.0 1.0 1.0 1.0 1.0 1.0 1.0 1.0 1.0 1.0 1.0 1.0 1.0 1.0 1.0 1.0 1.0 1.0 1.0 1.0 1.0 1.0 1.0 0.0 1.0 1.0 1.0 1.0 1.0 
1.0 1.0 1.0 1.0 1.0 1.0 1.0 1.0 1.0 1.0 1.0 1.0 1.0 1.0 1.0 1.0 1.0 1.0 1.0 1.0 1.0 1.0 1.0 1.0 1.0 1.0 1.0 1.0 1.0 1.0 1.0 1.0 1.0 1.0 1.0 1.0 1.0 1.0 1.0 1.0 1.0 1.0 1.0 1.0 1.0 1.0 1.0 1.0 1.0 1.0 1.0 1.0 1.0 1.0 1.0 1.0 1.0 1.0 1.0 0.0 1.0 1.0 1.0 1.0 
1.0 1.0 1.0 1.0 1.0 1.0 1.0 1.0 1.0 1.0 1.0 1.0 1.0 1.0 1.0 1.0 1.0 1.0 1.0 1.0 1.0 1.0 1.0 1.0 1.0 1.0 1.0 1.0 1.0 1.0 1.0 1.0 1.0 1.0 1.0 1.0 1.0 1.0 1.0 1.0 1.0 1.0 1.0 1.0 1.0 1.0 1.0 1.0 1.0 1.0 1.0 1.0 1.0 1.0 1.0 1.0 1.0 1.0 1.0 1.0 0.0 1.0 1.0 1.0 
1.0 1.0 1.0 1.0 1.0 1.0 1.0 1.0 1.0 1.0 1.0 1.0 1.0 1.0 1.0 1.0 1.0 1.0 1.0 1.0 1.0 1.0 1.0 1.0 1.0 1.0 1.0 1.0 1.0 1.0 1.0 1.0 1.0 1.0 1.0 1.0 1.0 1.0 1.0 1.0 1.0 1.0 1.0 1.0 1.0 1.0 1.0 1.0 1.0 1.0 1.0 1.0 1.0 1.0 1.0 1.0 1.0 1.0 1.0 1.0 1.0 0.0 1.0 1.0 
1.0 1.0 1.0 1.0 1.0 1.0 1.0 1.0 1.0 1.0 1.0 1.0 1.0 1.0 1.0 1.0 1.0 1.0 1.0 1.0 1.0 1.0 1.0 1.0 1.0 1.0 1.0 1.0 1.0 1.0 1.0 1.0 1.0 1.0 1.0 1.0 1.0 1.0 1.0 1.0 1.0 1.0 1.0 1.0 1.0 1.0 1.0 1.0 1.0 1.0 1.0 1.0 1.0 1.0 1.0 1.0 1.0 1.0 1.0 1.0 1.0 1.0 0.0 1.0 
1.0 1.0 1.0 1.0 1.0 1.0 1.0 1.0 1.0 1.0 1.0 1.0 1.0 1.0 1.0 1.0 1.0 1.0 1.0 1.0 1.0 1.0 1.0 1.0 1.0 1.0 1.0 1.0 1.0 1.0 1.0 1.0 1.0 1.0 1.0 1.0 1.0 1.0 1.0 1.0 1.0 1.0 1.0 1.0 1.0 1.0 1.0 1.0 1.0 1.0 1.0 1.0 1.0 1.0 1.0 1.0 1.0 1.0 1.0 1.0 1.0 1.0 1.0 0.0 