16
92 83 50 18 47 13 64 33 90 71 15 45 29 75 62 65 
98 8 34 27 33 9 65 67 33 98 38 86 74 100 28 76 
43 34 89 55 95 64 65 93 20 35 90 86 37 92 40 57 
87 19 27 7 32 69 98 83 49 15 52 87 35 54 4 44 
24 26 8 72 8 85 36 65 56 82 42 10 34 88 44 93 
16 75 31 1 8 59 52 98 5 6 54 14 79 38 65 39 
61 93 2 82 37 36 44 62 98 7 82 80 79 54 6 59 
44 97 58 65 87 84 52 34 46 99 86 25 47 8 40 91 
25 8 96 34 21 34 12 23 6 27 4 94 38 39 28 60 
26 65 47 22 68 47 21 43 76 30 89 69 86 8 98 92 
92 65 44 38 65 6 73 97 25 72 39 89 95 61 28 28 
19 2 67 51 21 16 92 41 1 80 18 90 37 83 34 89 
82 8 6 66 22 21 85 96 64 80 48 66 80 40 50 49 
84 16 63 65 94 38 64 16 81 77 67 5 26 6 83 76 
79 81 78 43 43 52 100 42 37 58 76 48 68 34 51 3 
6 57 53 8 86 36 52 1 70 70 100 53 46 93 15 6 
0.0 1.0 1.0 1.0 1.0 1.0 1.0 1.0 1.0 1.0 1.0 1.0 1.0 1.0 1.0 1.0 
1.0 0.0 1.0 1.0 1.0 1.0 1.0 1.0 1.0 1.0 1.0 1.0 1.0 1.0 1.0 1.0 
1.0 1.0 0.0 1.0 1.0 1.0 1.0 1.0 1.0 1.0 1.0 1.0 1.0 1.0 1.0 1.0 
1.0 1.0 1.0 0.0 1.0 1.0 1.0 1.0 1.0 1.0 1.0 1.0 1.0 1.0 1.0 1.0 
1.0 1.0 1.0 1.0 0.0 1.0 1.0 1.0 1.0 1.0 1.0 1.0 1.0 1.0 1.0 1.0 
1.0 1.0 1.0 1.0 1.0 0.0 1.0 1.0 1.0 1.0 1.0 1.0 1.0 1.0 1.0 1.0 
1.0 1.0 1.0 1.0 1.0 1.0 0.0 1.0 1.0 1.0 1.0 1.0 1.0 1.0 1.0 1.0 
1.0 1.0 1.0 1.0 1.0 1.0 1.0 0.0 1.0 1.0 1.0 1.0 1.0 1.0 1.0 1.0 
1.0 1.0 1.0 1.0 1.0 1.0 1.0 1.0 0.0 1.0 1.0 1.0 1.0 1.0 1.0 1.0 
1.0 1.0 1.0 1.0 1.0 1.0 1.0 1.0 1.0 0.0 1.0 1.0 1.0 1.0 1.0 1.0 
1.0 1.0 1.0 1.0 1.0 1.0 1.0 1.0 1.0 1.0 0.0 1.0 1.0 1.0 1.0 1.0 
1.0 1.0 1.0 1.0 1.0 1.0 1.0 1.0 1.0 1.0 1.0 0.0 1.0 1.0 1.0 1.0 
1.0 1.0 1.0 1.0 1.0 1.0 1.0 1.0 1.0 1.0 1.0 1.0 0.0 1.0 1.0 1.0 
1.0 1.0 1.0 1.0 1.0 1.0 1.0 1.0 1.0 1.0 1.0 1.0 1.0 0.0 1.0 1.0 
1.0 1.0 1.0 1.0 1.0 1.0 1.0 1.0 1.0 1.0 1.0 1.0 1.0 1.0 0.0 1.0 
1.0 1.0 1.0 1.0 1.0 1.0 1.0 1.0 1.0 1.0 1.0 1.0 1.0 1.0 1.0 0.0 