16
84 11 6 53 21 29 63 64 96 86 37 38 20 14 64 80 
53 53 4 10 33 72 57 53 43 70 90 52 57 29 22 84 
69 17 37 95 87 85 76 7 48 8 96 79 70 78 67 32 
87 37 94 90 14 75 2 34 46 63 78 15 35 26 27 85 
86 49 67 25 78 72 14 73 16 2 49 64 40 2 44 97 
92 28 62 5 54 94 15 17 66 53 27 46 37 55 46 78 
63 63 40 32 30 46 95 51 39 74 28 17 51 47 44 41 
30 10 10 60 79 74 56 87 47 97 26 25 36 68 11 5 
53 63 37 91 9 63 71 26 53 30 33 19 66 88 62 58 
27 82 87 66 42 43 25 32 70 100 15 90 99 83 23 42 
41 6 85 59 50 85 47 25 32 3 73 5 50 5 76 70 
34 58 14 5 34 88 95 91 68 14 52 69 3 3 87 9 
4 15 11 11 100 66 37 34 65 13 47 92 2 44 35 35 
56 20 21 94 96 30 20 94 49 84 16 4 43 89 59 30 
46 55 86 43 84 17 43 45 35 62 5 50 77 16 83 94 
11 69 46 17 24 72 31 48 66 39 9 2 96 31 83 64 
0.0 1.0 1.0 1.0 1.0 1.0 1.0 1.0 1.0 1.0 1.0 1.0 1.0 1.0 1.0 1.0 
1.0 0.0 1.0 1.0 1.0 1.0 1.0 1.0 1.0 1.0 1.0 1.0 1.0 1.0 1.0 1.0 
1.0 1.0 0.0 1.0 1.0 1.0 1.0 1.0 1.0 1.0 1.0 1.0 1.0 1.0 1.0 1.0 
1.0 1.0 1.0 0.0 1.0 1.0 1.0 1.0 1.0 1.0 1.0 1.0 1.0 1.0 1.0 1.0 
1.0 1.0 1.0 1.0 0.0 1.0 1.0 1.0 1.0 1.0 1.0 1.0 1.0 1.0 1.0 1.0 
1.0 1.0 1.0 1.0 1.0 0.0 1.0 1.0 1.0 1.0 1.0 1.0 1.0 1.0 1.0 1.0 
1.0 1.0 1.0 1.0 1.0 1.0 0.0 1.0 1.0 1.0 1.0 1.0 1.0 1.0 1.0 1.0 
1.0 1.0 1.0 1.0 1.0 1.0 1.0 0.0 1.0 1.0 1.0 1.0 1.0 1.0 1.0 1.0 
1.0 1.0 1.0 1.0 1.0 1.0 1.0 1.0 0.0 1.0 1.0 1.0 1.0 1.0 1.0 1.0 
1.0 1.0 1.0 1.0 1.0 1.0 1.0 1.0 1.0 0.0 1.0 1.0 1.0 1.0 1.0 1.0 
1.0 1.0 1.0 1.0 1.0 1.0 1.0 1.0 1.0 1.0 0.0 1.0 1.0 1.0 1.0 1.0 
1.0 1.0 1.0 1.0 1.0 1.0 1.0 1.0 1.0 1.0 1.0 0.0 1.0 1.0 1.0 1.0 
1.0 1.0 1.0 1.0 1.0 1.0 1.0 1.0 1.0 1.0 1.0 1.0 0.0 1.0 1.0 1.0 
1.0 1.0 1.0 1.0 1.0 1.0 1.0 1.0 1.0 1.0 1.0 1.0 1.0 0.0 1.0 1.0 
1.0 1.0 1.0 1.0 1.0 1.0 1.0 1.0 1.0 1.0 1.0 1.0 1.0 1.0 0.0 1.0 
1.0 1.0 1.0 1.0 1.0 1.0 1.0 1.0 1.0 1.0 1.0 1.0 1.0 1.0 1.0 0.0 