16
2 8 1 1 2 1 7 4 1 4 9 2 5 10 8 9 
4 6 2 10 5 5 9 9 5 2 6 1 5 10 4 10 
5 3 3 8 7 3 3 10 4 9 6 7 9 5 10 9 
1 7 7 10 8 1 6 7 3 2 6 8 2 1 5 4 
9 9 4 10 4 5 9 8 6 8 1 3 10 3 4 9 
10 6 2 3 3 9 1 1 5 9 9 8 2 7 3 2 
7 3 3 7 7 3 3 5 2 7 4 9 7 2 1 6 
8 5 1 6 8 5 3 4 10 1 2 3 9 8 2 10 
7 2 2 10 3 9 1 3 9 4 10 6 9 1 8 10 
1 6 6 1 5 7 5 9 1 10 9 7 8 5 2 7 
8 7 6 9 7 8 10 1 2 4 2 5 2 8 7 2 
3 6 7 8 1 5 1 9 9 5 5 9 10 10 9 3 
3 5 9 2 10 2 6 1 6 2 7 6 2 5 7 9 
1 5 9 2 7 4 4 6 9 7 6 4 3 2 3 4 
9 1 1 2 6 1 5 7 3 10 1 9 1 7 10 1 
1 7 10 8 5 4 7 1 6 10 8 2 2 5 3 9 
0.0 1.0 1.0 1.0 1.0 1.0 1.0 1.0 1.0 1.0 1.0 1.0 1.0 1.0 1.0 1.0 
1.0 0.0 1.0 1.0 1.0 1.0 1.0 1.0 1.0 1.0 1.0 1.0 1.0 1.0 1.0 1.0 
1.0 1.0 0.0 1.0 1.0 1.0 1.0 1.0 1.0 1.0 1.0 1.0 1.0 1.0 1.0 1.0 
1.0 1.0 1.0 0.0 1.0 1.0 1.0 1.0 1.0 1.0 1.0 1.0 1.0 1.0 1.0 1.0 
1.0 1.0 1.0 1.0 0.0 1.0 1.0 1.0 1.0 1.0 1.0 1.0 1.0 1.0 1.0 1.0 
1.0 1.0 1.0 1.0 1.0 0.0 1.0 1.0 1.0 1.0 1.0 1.0 1.0 1.0 1.0 1.0 
1.0 1.0 1.0 1.0 1.0 1.0 0.0 1.0 1.0 1.0 1.0 1.0 1.0 1.0 1.0 1.0 
1.0 1.0 1.0 1.0 1.0 1.0 1.0 0.0 1.0 1.0 1.0 1.0 1.0 1.0 1.0 1.0 
1.0 1.0 1.0 1.0 1.0 1.0 1.0 1.0 0.0 1.0 1.0 1.0 1.0 1.0 1.0 1.0 
1.0 1.0 1.0 1.0 1.0 1.0 1.0 1.0 1.0 0.0 1.0 1.0 1.0 1.0 1.0 1.0 
1.0 1.0 1.0 1.0 1.0 1.0 1.0 1.0 1.0 1.0 0.0 1.0 1.0 1.0 1.0 1.0 
1.0 1.0 1.0 1.0 1.0 1.0 1.0 1.0 1.0 1.0 1.0 0.0 1.0 1.0 1.0 1.0 
1.0 1.0 1.0 1.0 1.0 1.0 1.0 1.0 1.0 1.0 1.0 1.0 0.0 1.0 1.0 1.0 
1.0 1.0 1.0 1.0 1.0 1.0 1.0 1.0 1.0 1.0 1.0 1.0 1.0 0.0 1.0 1.0 
1.0 1.0 1.0 1.0 1.0 1.0 1.0 1.0 1.0 1.0 1.0 1.0 1.0 1.0 0.0 1.0 
1.0 1.0 1.0 1.0 1.0 1.0 1.0 1.0 1.0 1.0 1.0 1.0 1.0 1.0 1.0 0.0 