16
7 6 5 5 1 8 10 6 2 5 6 2 9 2 7 9 
7 5 2 6 4 5 5 8 10 9 2 6 9 10 10 6 
5 1 7 3 9 10 5 2 9 2 10 6 4 7 10 1 
9 10 3 5 5 5 1 9 4 1 8 10 5 6 4 3 
7 4 10 7 6 8 9 4 7 9 1 1 6 4 4 2 
1 6 1 2 8 2 3 10 4 3 9 10 7 1 1 7 
2 6 2 6 2 4 10 6 8 1 1 9 4 6 1 4 
9 7 9 10 1 10 3 1 9 5 8 3 6 7 9 2 
4 1 1 4 8 6 7 5 7 10 8 7 3 6 6 7 
9 9 5 6 3 8 7 9 1 6 2 2 10 7 5 5 
6 4 4 8 7 3 2 2 6 4 10 7 5 6 3 4 
7 1 5 9 9 1 4 1 9 7 7 1 8 7 10 3 
5 10 7 6 10 7 6 1 10 8 9 3 5 8 8 3 
3 6 7 3 6 2 4 6 6 2 1 5 4 4 6 3 
9 4 8 3 1 3 8 9 3 5 1 8 4 3 8 6 
10 6 6 6 7 3 7 5 3 7 10 4 6 3 5 3 
0.0 1.0 1.0 1.0 1.0 1.0 1.0 1.0 1.0 1.0 1.0 1.0 1.0 1.0 1.0 1.0 
1.0 0.0 1.0 1.0 1.0 1.0 1.0 1.0 1.0 1.0 1.0 1.0 1.0 1.0 1.0 1.0 
1.0 1.0 0.0 1.0 1.0 1.0 1.0 1.0 1.0 1.0 1.0 1.0 1.0 1.0 1.0 1.0 
1.0 1.0 1.0 0.0 1.0 1.0 1.0 1.0 1.0 1.0 1.0 1.0 1.0 1.0 1.0 1.0 
1.0 1.0 1.0 1.0 0.0 1.0 1.0 1.0 1.0 1.0 1.0 1.0 1.0 1.0 1.0 1.0 
1.0 1.0 1.0 1.0 1.0 0.0 1.0 1.0 1.0 1.0 1.0 1.0 1.0 1.0 1.0 1.0 
1.0 1.0 1.0 1.0 1.0 1.0 0.0 1.0 1.0 1.0 1.0 1.0 1.0 1.0 1.0 1.0 
1.0 1.0 1.0 1.0 1.0 1.0 1.0 0.0 1.0 1.0 1.0 1.0 1.0 1.0 1.0 1.0 
1.0 1.0 1.0 1.0 1.0 1.0 1.0 1.0 0.0 1.0 1.0 1.0 1.0 1.0 1.0 1.0 
1.0 1.0 1.0 1.0 1.0 1.0 1.0 1.0 1.0 0.0 1.0 1.0 1.0 1.0 1.0 1.0 
1.0 1.0 1.0 1.0 1.0 1.0 1.0 1.0 1.0 1.0 0.0 1.0 1.0 1.0 1.0 1.0 
1.0 1.0 1.0 1.0 1.0 1.0 1.0 1.0 1.0 1.0 1.0 0.0 1.0 1.0 1.0 1.0 
1.0 1.0 1.0 1.0 1.0 1.0 1.0 1.0 1.0 1.0 1.0 1.0 0.0 1.0 1.0 1.0 
1.0 1.0 1.0 1.0 1.0 1.0 1.0 1.0 1.0 1.0 1.0 1.0 1.0 0.0 1.0 1.0 
1.0 1.0 1.0 1.0 1.0 1.0 1.0 1.0 1.0 1.0 1.0 1.0 1.0 1.0 0.0 1.0 
1.0 1.0 1.0 1.0 1.0 1.0 1.0 1.0 1.0 1.0 1.0 1.0 1.0 1.0 1.0 0.0 