32
68 3 17 1 53 97 20 43 83 2 87 43 74 75 81 63 93 88 30 56 86 76 75 77 18 22 40 57 24 53 41 91 
72 6 60 29 46 56 79 11 96 1 45 37 42 28 17 18 15 31 35 32 27 33 94 10 37 18 48 38 26 10 18 51 
71 9 25 18 54 22 52 34 99 65 23 31 2 64 13 13 52 4 15 40 21 20 70 5 19 37 62 80 51 8 63 39 
43 90 70 13 18 33 73 65 21 27 9 6 67 100 82 61 52 13 63 95 46 35 86 34 17 43 35 1 69 53 96 60 
86 100 16 54 81 47 88 8 76 46 78 83 59 16 62 27 59 39 75 19 59 90 78 32 39 5 25 1 90 1 79 83 
93 84 61 49 85 86 51 40 47 33 75 56 46 28 33 81 9 80 9 81 97 30 88 85 76 27 57 95 100 77 28 89 
5 89 99 88 99 27 94 16 89 52 28 29 60 51 20 52 55 82 1 83 75 45 42 87 80 27 48 28 89 62 99 64 
7 36 9 41 89 26 4 58 61 57 30 88 43 56 16 86 81 59 6 64 4 71 52 81 1 20 70 15 11 95 44 34 
1 87 21 62 25 98 66 37 7 91 97 10 22 32 67 84 61 17 53 47 31 13 10 83 70 58 72 56 25 73 6 73 
14 16 1 82 26 44 34 32 7 84 46 93 43 1 29 68 19 36 11 81 1 86 94 18 72 86 47 92 25 36 89 89 
10 72 67 17 24 97 7 74 23 25 21 16 56 15 64 73 69 79 53 87 95 80 53 9 36 8 25 47 69 1 1 95 
49 81 31 38 58 87 29 84 70 44 91 18 77 79 20 70 69 12 41 92 14 91 66 35 73 57 66 90 72 71 90 54 
35 25 2 5 34 13 71 74 35 22 92 92 31 81 72 7 32 72 25 54 47 8 82 36 57 14 91 75 69 37 80 19 
2 67 29 51 5 51 60 12 20 59 68 35 91 19 43 42 31 37 67 90 19 69 20 64 28 22 26 81 28 1 83 63 
80 3 74 65 5 60 26 77 27 20 37 35 29 25 88 26 33 76 46 52 8 97 53 43 54 62 94 11 74 96 98 24 
34 54 78 73 33 90 17 79 84 31 60 13 37 3 43 19 66 80 16 77 20 36 71 50 51 82 88 46 45 47 82 58 
22 48 33 77 6 72 49 72 92 77 56 31 18 26 41 85 13 67 38 62 6 19 3 31 18 86 29 80 25 21 57 79 
4 68 17 75 65 99 23 74 45 41 96 59 81 75 80 72 57 32 35 6 97 2 79 11 52 4 82 10 96 78 95 73 
43 71 4 29 22 13 92 54 59 30 94 11 49 88 32 78 48 17 80 88 50 34 17 88 29 16 33 38 99 36 75 26 
66 17 27 43 86 5 66 92 41 75 68 34 47 7 57 67 65 73 64 21 15 1 80 81 85 96 43 69 100 62 63 72 
31 52 95 39 56 42 16 48 33 19 54 86 70 91 33 99 20 87 19 83 20 49 2 37 79 58 62 44 55 89 44 69 
51 35 24 42 67 83 73 5 90 98 50 62 72 62 51 95 80 31 17 10 43 60 63 91 84 34 64 41 84 81 35 54 
99 25 53 74 8 10 18 37 61 49 88 84 14 86 37 34 45 30 96 52 31 20 85 64 26 67 1 81 43 91 2 83 
23 1 38 95 58 41 7 19 85 81 32 39 17 81 68 17 50 48 11 39 84 98 9 44 40 40 58 58 59 45 18 33 
16 35 5 34 86 59 59 83 52 59 90 87 3 22 81 82 82 41 69 6 53 41 95 22 45 76 6 45 34 62 87 100 
61 64 16 70 37 39 96 79 3 31 67 17 48 76 62 9 4 73 97 84 98 59 52 76 27 79 59 3 28 70 58 75 
16 86 37 38 76 15 100 32 86 98 17 15 11 51 51 87 19 46 5 35 93 55 9 22 13 53 20 9 30 58 76 80 
93 69 97 46 11 84 46 54 11 67 28 35 87 72 21 24 25 26 13 20 17 70 30 91 90 78 84 29 87 46 63 14 
61 17 47 49 35 20 6 31 26 19 38 34 78 92 63 49 79 68 90 1 10 62 51 42 36 21 73 61 49 76 100 21 
83 23 86 30 30 37 37 43 77 50 58 86 7 39 57 46 50 24 10 30 61 93 43 40 57 77 19 83 7 51 44 22 
31 61 4 35 49 48 66 2 41 62 27 55 98 100 78 95 59 30 82 95 64 65 78 69 51 56 72 60 97 61 8 81 
78 55 84 59 15 44 96 2 49 95 54 62 31 19 96 18 33 88 100 8 65 98 92 77 65 12 29 16 84 40 8 30 
0.0 1.0 1.0 1.0 1.0 1.0 1.0 1.0 1.0 1.0 1.0 1.0 1.0 1.0 1.0 1.0 1.0 1.0 1.0 1.0 1.0 1.0 1.0 1.0 1.0 1.0 1.0 1.0 1.0 1.0 1.0 1.0 
1.0 0.0 1.0 1.0 1.0 1.0 1.0 1.0 1.0 1.0 1.0 1.0 1.0 1.0 1.0 1.0 1.0 1.0 1.0 1.0 1.0 1.0 1.0 1.0 1.0 1.0 1.0 1.0 1.0 1.0 1.0 1.0 
1.0 1.0 0.0 1.0 1.0 1.0 1.0 1.0 1.0 1.0 1.0 1.0 1.0 1.0 1.0 1.0 1.0 1.0 1.0 1.0 1.0 1.0 1.0 1.0 1.0 1.0 1.0 1.0 1.0 1.0 1.0 1.0 
1.0 1.0 1.0 0.0 1.0 1.0 1.0 1.0 1.0 1.0 1.0 1.0 1.0 1.0 1.0 1.0 1.0 1.0 1.0 1.0 1.0 1.0 1.0 1.0 1.0 1.0 1.0 1.0 1.0 1.0 1.0 1.0 
1.0 1.0 1.0 1.0 0.0 1.0 1.0 1.0 1.0 1.0 1.0 1.0 1.0 1.0 1.0 1.0 1.0 1.0 1.0 1.0 1.0 1.0 1.0 1.0 1.0 1.0 1.0 1.0 1.0 1.0 1.0 1.0 
1.0 1.0 1.0 1.0 1.0 0.0 1.0 1.0 1.0 1.0 1.0 1.0 1.0 1.0 1.0 1.0 1.0 1.0 1.0 1.0 1.0 1.0 1.0 1.0 1.0 1.0 1.0 1.0 1.0 1.0 1.0 1.0 
1.0 1.0 1.0 1.0 1.0 1.0 0.0 1.0 1.0 1.0 1.0 1.0 1.0 1.0 1.0 1.0 1.0 1.0 1.0 1.0 1.0 1.0 1.0 1.0 1.0 1.0 1.0 1.0 1.0 1.0 1.0 1.0 
1.0 1.0 1.0 1.0 1.0 1.0 1.0 0.0 1.0 1.0 1.0 1.0 1.0 1.0 1.0 1.0 1.0 1.0 1.0 1.0 1.0 1.0 1.0 1.0 1.0 1.0 1.0 1.0 1.0 1.0 1.0 1.0 
1.0 1.0 1.0 1.0 1.0 1.0 1.0 1.0 0.0 1.0 1.0 1.0 1.0 1.0 1.0 1.0 1.0 1.0 1.0 1.0 1.0 1.0 1.0 1.0 1.0 1.0 1.0 1.0 1.0 1.0 1.0 1.0 
1.0 1.0 1.0 1.0 1.0 1.0 1.0 1.0 1.0 0.0 1.0 1.0 1.0 1.0 1.0 1.0 1.0 1.0 1.0 1.0 1.0 1.0 1.0 1.0 1.0 1.0 1.0 1.0 1.0 1.0 1.0 1.0 
1.0 1.0 1.0 1.0 1.0 1.0 1.0 1.0 1.0 1.0 0.0 1.0 1.0 1.0 1.0 1.0 1.0 1.0 1.0 1.0 1.0 1.0 1.0 1.0 1.0 1.0 1.0 1.0 1.0 1.0 1.0 1.0 
1.0 1.0 1.0 1.0 1.0 1.0 1.0 1.0 1.0 1.0 1.0 0.0 1.0 1.0 1.0 1.0 1.0 1.0 1.0 1.0 1.0 1.0 1.0 1.0 1.0 1.0 1.0 1.0 1.0 1.0 1.0 1.0 
1.0 1.0 1.0 1.0 1.0 1.0 1.0 1.0 1.0 1.0 1.0 1.0 0.0 1.0 1.0 1.0 1.0 1.0 1.0 1.0 1.0 1.0 1.0 1.0 1.0 1.0 1.0 1.0 1.0 1.0 1.0 1.0 
1.0 1.0 1.0 1.0 1.0 1.0 1.0 1.0 1.0 1.0 1.0 1.0 1.0 0.0 1.0 1.0 1.0 1.0 1.0 1.0 1.0 1.0 1.0 1.0 1.0 1.0 1.0 1.0 1.0 1.0 1.0 1.0 
1.0 1.0 1.0 1.0 1.0 1.0 1.0 1.0 1.0 1.0 1.0 1.0 1.0 1.0 0.0 1.0 1.0 1.0 1.0 1.0 1.0 1.0 1.0 1.0 1.0 1.0 1.0 1.0 1.0 1.0 1.0 1.0 
1.0 1.0 1.0 1.0 1.0 1.0 1.0 1.0 1.0 1.0 1.0 1.0 1.0 1.0 1.0 0.0 1.0 1.0 1.0 1.0 1.0 1.0 1.0 1.0 1.0 1.0 1.0 1.0 1.0 1.0 1.0 1.0 
1.0 1.0 1.0 1.0 1.0 1.0 1.0 1.0 1.0 1.0 1.0 1.0 1.0 1.0 1.0 1.0 0.0 1.0 1.0 1.0 1.0 1.0 1.0 1.0 1.0 1.0 1.0 1.0 1.0 1.0 1.0 1.0 
1.0 1.0 1.0 1.0 1.0 1.0 1.0 1.0 1.0 1.0 1.0 1.0 1.0 1.0 1.0 1.0 1.0 0.0 1.0 1.0 1.0 1.0 1.0 1.0 1.0 1.0 1.0 1.0 1.0 1.0 1.0 1.0 
1.0 1.0 1.0 1.0 1.0 1.0 1.0 1.0 1.0 1.0 1.0 1.0 1.0 1.0 1.0 1.0 1.0 1.0 0.0 1.0 1.0 1.0 1.0 1.0 1.0 1.0 1.0 1.0 1.0 1.0 1.0 1.0 
1.0 1.0 1.0 1.0 1.0 1.0 1.0 1.0 1.0 1.0 1.0 1.0 1.0 1.0 1.0 1.0 1.0 1.0 1.0 0.0 1.0 1.0 1.0 1.0 1.0 1.0 1.0 1.0 1.0 1.0 1.0 1.0 
1.0 1.0 1.0 1.0 1.0 1.0 1.0 1.0 1.0 1.0 1.0 1.0 1.0 1.0 1.0 1.0 1.0 1.0 1.0 1.0 0.0 1.0 1.0 1.0 1.0 1.0 1.0 1.0 1.0 1.0 1.0 1.0 
1.0 1.0 1.0 1.0 1.0 1.0 1.0 1.0 1.0 1.0 1.0 1.0 1.0 1.0 1.0 1.0 1.0 1.0 1.0 1.0 1.0 0.0 1.0 1.0 1.0 1.0 1.0 1.0 1.0 1.0 1.0 1.0 
1.0 1.0 1.0 1.0 1.0 1.0 1.0 1.0 1.0 1.0 1.0 1.0 1.0 1.0 1.0 1.0 1.0 1.0 1.0 1.0 1.0 1.0 0.0 1.0 1.0 1.0 1.0 1.0 1.0 1.0 1.0 1.0 
1.0 1.0 1.0 1.0 1.0 1.0 1.0 1.0 1.0 1.0 1.0 1.0 1.0 1.0 1.0 1.0 1.0 1.0 1.0 1.0 1.0 1.0 1.0 0.0 1.0 1.0 1.0 1.0 1.0 1.0 1.0 1.0 
1.0 1.0 1.0 1.0 1.0 1.0 1.0 1.0 1.0 1.0 1.0 1.0 1.0 1.0 1.0 1.0 1.0 1.0 1.0 1.0 1.0 1.0 1.0 1.0 0.0 1.0 1.0 1.0 1.0 1.0 1.0 1.0 
1.0 1.0 1.0 1.0 1.0 1.0 1.0 1.0 1.0 1.0 1.0 1.0 1.0 1.0 1.0 1.0 1.0 1.0 1.0 1.0 1.0 1.0 1.0 1.0 1.0 0.0 1.0 1.0 1.0 1.0 1.0 1.0 
1.0 1.0 1.0 1.0 1.0 1.0 1.0 1.0 1.0 1.0 1.0 1.0 1.0 1.0 1.0 1.0 1.0 1.0 1.0 1.0 1.0 1.0 1.0 1.0 1.0 1.0 0.0 1.0 1.0 1.0 1.0 1.0 
1.0 1.0 1.0 1.0 1.0 1.0 1.0 1.0 1.0 1.0 1.0 1.0 1.0 1.0 1.0 1.0 1.0 1.0 1.0 1.0 1.0 1.0 1.0 1.0 1.0 1.0 1.0 0.0 1.0 1.0 1.0 1.0 
1.0 1.0 1.0 1.0 1.0 1.0 1.0 1.0 1.0 1.0 1.0 1.0 1.0 1.0 1.0 1.0 1.0 1.0 1.0 1.0 1.0 1.0 1.0 1.0 1.0 1.0 1.0 1.0 0.0 1.0 1.0 1.0 
1.0 1.0 1.0 1.0 1.0 1.0 1.0 1.0 1.0 1.0 1.0 1.0 1.0 1.0 1.0 1.0 1.0 1.0 1.0 1.0 1.0 1.0 1.0 1.0 1.0 1.0 1.0 1.0 1.0 0.0 1.0 1.0 
1.0 1.0 1.0 1.0 1.0 1.0 1.0 1.0 1.0 1.0 1.0 1.0 1.0 1.0 1.0 1.0 1.0 1.0 1.0 1.0 1.0 1.0 1.0 1.0 1.0 1.0 1.0 1.0 1.0 1.0 0.0 1.0 
1.0 1.0 1.0 1.0 1.0 1.0 1.0 1.0 1.0 1.0 1.0 1.0 1.0 1.0 1.0 1.0 1.0 1.0 1.0 1.0 1.0 1.0 1.0 1.0 1.0 1.0 1.0 1.0 1.0 1.0 1.0 0.0 