16
61 48 35 78 31 94 16 41 37 18 25 84 2 95 29 27 
37 32 30 19 1 76 80 2 21 7 4 25 67 62 40 73 
18 42 88 85 33 23 77 79 97 3 68 87 25 26 30 21 
93 50 4 32 6 13 66 70 94 22 97 8 17 79 38 74 
25 86 42 34 63 45 30 89 46 77 18 72 23 48 23 77 
33 13 81 28 58 48 78 16 15 100 80 91 32 25 26 33 
80 27 57 76 7 45 22 43 67 60 38 77 42 18 55 36 
43 46 52 44 40 83 73 18 44 88 72 52 37 67 4 100 
18 10 69 50 19 90 79 8 27 62 93 85 65 33 71 12 
56 76 92 34 40 2 96 57 86 24 75 57 11 53 19 28 
88 15 36 98 22 56 61 87 3 22 55 26 89 50 84 92 
2 91 31 28 32 31 97 74 97 85 49 36 12 71 67 75 
74 3 28 26 21 49 54 68 93 70 77 27 33 77 83 48 
36 98 29 23 28 39 74 80 61 85 66 45 42 18 70 29 
26 5 8 48 40 24 58 77 60 62 11 8 8 29 43 9 
95 97 90 34 41 100 49 6 90 53 8 67 46 38 31 65 
0.0 1.0 1.0 1.0 1.0 1.0 1.0 1.0 1.0 1.0 1.0 1.0 1.0 1.0 1.0 1.0 
1.0 0.0 1.0 1.0 1.0 1.0 1.0 1.0 1.0 1.0 1.0 1.0 1.0 1.0 1.0 1.0 
1.0 1.0 0.0 1.0 1.0 1.0 1.0 1.0 1.0 1.0 1.0 1.0 1.0 1.0 1.0 1.0 
1.0 1.0 1.0 0.0 1.0 1.0 1.0 1.0 1.0 1.0 1.0 1.0 1.0 1.0 1.0 1.0 
1.0 1.0 1.0 1.0 0.0 1.0 1.0 1.0 1.0 1.0 1.0 1.0 1.0 1.0 1.0 1.0 
1.0 1.0 1.0 1.0 1.0 0.0 1.0 1.0 1.0 1.0 1.0 1.0 1.0 1.0 1.0 1.0 
1.0 1.0 1.0 1.0 1.0 1.0 0.0 1.0 1.0 1.0 1.0 1.0 1.0 1.0 1.0 1.0 
1.0 1.0 1.0 1.0 1.0 1.0 1.0 0.0 1.0 1.0 1.0 1.0 1.0 1.0 1.0 1.0 
1.0 1.0 1.0 1.0 1.0 1.0 1.0 1.0 0.0 1.0 1.0 1.0 1.0 1.0 1.0 1.0 
1.0 1.0 1.0 1.0 1.0 1.0 1.0 1.0 1.0 0.0 1.0 1.0 1.0 1.0 1.0 1.0 
1.0 1.0 1.0 1.0 1.0 1.0 1.0 1.0 1.0 1.0 0.0 1.0 1.0 1.0 1.0 1.0 
1.0 1.0 1.0 1.0 1.0 1.0 1.0 1.0 1.0 1.0 1.0 0.0 1.0 1.0 1.0 1.0 
1.0 1.0 1.0 1.0 1.0 1.0 1.0 1.0 1.0 1.0 1.0 1.0 0.0 1.0 1.0 1.0 
1.0 1.0 1.0 1.0 1.0 1.0 1.0 1.0 1.0 1.0 1.0 1.0 1.0 0.0 1.0 1.0 
1.0 1.0 1.0 1.0 1.0 1.0 1.0 1.0 1.0 1.0 1.0 1.0 1.0 1.0 0.0 1.0 
1.0 1.0 1.0 1.0 1.0 1.0 1.0 1.0 1.0 1.0 1.0 1.0 1.0 1.0 1.0 0.0 