32
69 83 53 83 46 46 94 2 93 1 66 64 75 16 16 41 40 26 83 22 55 27 42 41 23 20 59 80 20 14 68 20 
50 23 98 61 76 78 6 6 2 73 72 50 28 1 37 91 38 52 6 41 58 4 87 75 60 96 3 59 20 71 90 16 
92 72 17 61 59 26 76 3 69 48 54 48 1 8 28 86 1 27 17 32 10 12 95 33 16 18 97 64 14 8 91 82 
35 48 56 59 93 69 92 22 61 33 48 7 63 56 97 81 76 37 87 61 82 99 40 72 31 38 10 37 14 52 79 48 
64 76 24 13 37 20 52 90 53 71 33 87 97 97 44 92 66 25 66 39 37 83 10 94 35 88 42 87 24 1 82 81 
65 28 57 64 55 100 6 25 80 25 76 78 45 86 93 54 34 1 26 30 71 97 28 4 30 100 48 58 99 24 5 47 
49 14 27 72 39 23 97 18 12 44 53 25 11 66 19 15 65 41 31 43 8 61 53 100 39 20 79 88 4 61 93 7 
98 17 55 6 47 71 40 38 88 85 73 67 30 5 50 8 93 69 26 50 23 72 88 28 88 86 47 98 64 42 33 7 
49 43 99 71 99 21 75 99 99 42 26 15 84 1 74 67 29 92 59 63 80 45 46 3 20 42 30 46 71 66 56 68 
23 68 94 32 17 35 49 49 92 22 69 5 51 15 89 55 51 44 22 39 77 41 13 47 16 50 87 91 52 31 17 60 
72 88 39 47 45 64 65 61 77 47 8 75 97 70 35 42 82 76 15 97 99 58 99 65 75 33 79 76 5 95 66 76 
83 66 94 42 26 22 7 3 88 64 65 99 56 77 3 41 57 62 55 81 46 4 22 77 42 78 48 60 65 89 89 38 
87 32 55 12 91 51 6 60 62 97 58 43 40 44 89 41 9 70 34 98 7 49 65 44 17 22 99 63 54 8 19 71 
85 97 96 23 3 93 70 72 19 37 99 89 31 80 8 19 61 93 93 30 45 14 93 63 96 58 77 51 57 81 4 75 
79 69 65 98 35 48 4 9 41 33 8 68 29 97 22 57 57 12 13 92 87 17 64 20 26 66 83 95 32 92 68 84 
86 81 57 24 94 54 75 63 97 20 28 24 33 29 24 44 55 41 63 100 88 52 78 65 48 30 57 9 3 37 56 40 
1 5 40 14 57 68 50 99 93 26 51 31 13 2 5 35 91 89 47 90 62 85 98 42 17 28 94 58 88 70 24 68 
100 66 38 3 51 56 83 43 10 31 89 85 29 63 55 81 90 44 60 57 74 49 31 8 90 42 59 97 23 37 59 4 
95 51 93 54 64 85 88 24 33 59 11 37 89 7 27 64 71 19 16 6 15 55 63 43 5 36 92 69 81 17 54 93 
80 26 57 58 36 23 48 2 37 25 77 30 1 6 10 44 48 60 29 59 89 15 48 94 78 76 25 28 73 11 98 96 
59 5 19 30 14 28 70 58 11 25 40 60 77 84 26 5 77 92 10 48 48 56 15 94 38 22 48 76 73 29 53 28 
17 94 82 27 43 71 73 87 73 78 31 23 16 5 78 4 30 87 51 26 42 36 31 31 35 81 90 98 49 36 18 19 
3 88 98 24 68 15 73 81 50 20 59 72 46 95 11 73 96 12 57 16 15 72 63 29 23 52 5 14 62 94 3 59 
85 93 11 52 67 64 100 29 58 75 94 28 10 10 56 10 46 45 15 8 49 15 97 64 4 24 85 39 81 17 40 23 
48 70 3 58 49 97 42 2 70 18 87 72 51 39 60 51 43 29 2 8 14 42 23 92 47 48 47 5 41 59 2 95 
32 17 58 18 32 3 54 5 3 17 61 11 83 7 98 38 96 86 74 5 97 19 100 51 30 56 42 69 69 6 13 73 
4 44 88 46 82 85 50 1 56 96 2 48 29 28 6 94 10 90 8 53 67 92 27 45 85 21 83 88 52 3 77 42 
36 63 9 95 51 28 11 6 22 100 55 86 59 25 41 51 97 20 62 96 66 36 46 87 49 47 65 81 64 5 67 46 
80 66 50 26 13 42 60 45 77 93 14 91 82 19 38 16 23 73 43 27 21 66 33 99 81 11 17 6 25 52 88 94 
79 18 76 53 54 53 37 88 71 81 98 79 15 88 94 95 69 49 42 36 4 21 14 1 66 37 25 2 77 52 78 70 
62 64 15 52 26 67 24 12 59 55 15 79 44 44 65 84 45 100 37 20 22 36 22 94 43 21 90 74 15 42 40 5 
27 63 15 83 22 66 56 87 65 13 81 96 76 34 60 34 89 43 92 64 100 6 34 5 18 81 12 43 75 83 93 90 
0.0 1.0 1.0 1.0 1.0 1.0 1.0 1.0 1.0 1.0 1.0 1.0 1.0 1.0 1.0 1.0 1.0 1.0 1.0 1.0 1.0 1.0 1.0 1.0 1.0 1.0 1.0 1.0 1.0 1.0 1.0 1.0 
1.0 0.0 1.0 1.0 1.0 1.0 1.0 1.0 1.0 1.0 1.0 1.0 1.0 1.0 1.0 1.0 1.0 1.0 1.0 1.0 1.0 1.0 1.0 1.0 1.0 1.0 1.0 1.0 1.0 1.0 1.0 1.0 
1.0 1.0 0.0 1.0 1.0 1.0 1.0 1.0 1.0 1.0 1.0 1.0 1.0 1.0 1.0 1.0 1.0 1.0 1.0 1.0 1.0 1.0 1.0 1.0 1.0 1.0 1.0 1.0 1.0 1.0 1.0 1.0 
1.0 1.0 1.0 0.0 1.0 1.0 1.0 1.0 1.0 1.0 1.0 1.0 1.0 1.0 1.0 1.0 1.0 1.0 1.0 1.0 1.0 1.0 1.0 1.0 1.0 1.0 1.0 1.0 1.0 1.0 1.0 1.0 
1.0 1.0 1.0 1.0 0.0 1.0 1.0 1.0 1.0 1.0 1.0 1.0 1.0 1.0 1.0 1.0 1.0 1.0 1.0 1.0 1.0 1.0 1.0 1.0 1.0 1.0 1.0 1.0 1.0 1.0 1.0 1.0 
1.0 1.0 1.0 1.0 1.0 0.0 1.0 1.0 1.0 1.0 1.0 1.0 1.0 1.0 1.0 1.0 1.0 1.0 1.0 1.0 1.0 1.0 1.0 1.0 1.0 1.0 1.0 1.0 1.0 1.0 1.0 1.0 
1.0 1.0 1.0 1.0 1.0 1.0 0.0 1.0 1.0 1.0 1.0 1.0 1.0 1.0 1.0 1.0 1.0 1.0 1.0 1.0 1.0 1.0 1.0 1.0 1.0 1.0 1.0 1.0 1.0 1.0 1.0 1.0 
1.0 1.0 1.0 1.0 1.0 1.0 1.0 0.0 1.0 1.0 1.0 1.0 1.0 1.0 1.0 1.0 1.0 1.0 1.0 1.0 1.0 1.0 1.0 1.0 1.0 1.0 1.0 1.0 1.0 1.0 1.0 1.0 
1.0 1.0 1.0 1.0 1.0 1.0 1.0 1.0 0.0 1.0 1.0 1.0 1.0 1.0 1.0 1.0 1.0 1.0 1.0 1.0 1.0 1.0 1.0 1.0 1.0 1.0 1.0 1.0 1.0 1.0 1.0 1.0 
1.0 1.0 1.0 1.0 1.0 1.0 1.0 1.0 1.0 0.0 1.0 1.0 1.0 1.0 1.0 1.0 1.0 1.0 1.0 1.0 1.0 1.0 1.0 1.0 1.0 1.0 1.0 1.0 1.0 1.0 1.0 1.0 
1.0 1.0 1.0 1.0 1.0 1.0 1.0 1.0 1.0 1.0 0.0 1.0 1.0 1.0 1.0 1.0 1.0 1.0 1.0 1.0 1.0 1.0 1.0 1.0 1.0 1.0 1.0 1.0 1.0 1.0 1.0 1.0 
1.0 1.0 1.0 1.0 1.0 1.0 1.0 1.0 1.0 1.0 1.0 0.0 1.0 1.0 1.0 1.0 1.0 1.0 1.0 1.0 1.0 1.0 1.0 1.0 1.0 1.0 1.0 1.0 1.0 1.0 1.0 1.0 
1.0 1.0 1.0 1.0 1.0 1.0 1.0 1.0 1.0 1.0 1.0 1.0 0.0 1.0 1.0 1.0 1.0 1.0 1.0 1.0 1.0 1.0 1.0 1.0 1.0 1.0 1.0 1.0 1.0 1.0 1.0 1.0 
1.0 1.0 1.0 1.0 1.0 1.0 1.0 1.0 1.0 1.0 1.0 1.0 1.0 0.0 1.0 1.0 1.0 1.0 1.0 1.0 1.0 1.0 1.0 1.0 1.0 1.0 1.0 1.0 1.0 1.0 1.0 1.0 
1.0 1.0 1.0 1.0 1.0 1.0 1.0 1.0 1.0 1.0 1.0 1.0 1.0 1.0 0.0 1.0 1.0 1.0 1.0 1.0 1.0 1.0 1.0 1.0 1.0 1.0 1.0 1.0 1.0 1.0 1.0 1.0 
1.0 1.0 1.0 1.0 1.0 1.0 1.0 1.0 1.0 1.0 1.0 1.0 1.0 1.0 1.0 0.0 1.0 1.0 1.0 1.0 1.0 1.0 1.0 1.0 1.0 1.0 1.0 1.0 1.0 1.0 1.0 1.0 
1.0 1.0 1.0 1.0 1.0 1.0 1.0 1.0 1.0 1.0 1.0 1.0 1.0 1.0 1.0 1.0 0.0 1.0 1.0 1.0 1.0 1.0 1.0 1.0 1.0 1.0 1.0 1.0 1.0 1.0 1.0 1.0 
1.0 1.0 1.0 1.0 1.0 1.0 1.0 1.0 1.0 1.0 1.0 1.0 1.0 1.0 1.0 1.0 1.0 0.0 1.0 1.0 1.0 1.0 1.0 1.0 1.0 1.0 1.0 1.0 1.0 1.0 1.0 1.0 
1.0 1.0 1.0 1.0 1.0 1.0 1.0 1.0 1.0 1.0 1.0 1.0 1.0 1.0 1.0 1.0 1.0 1.0 0.0 1.0 1.0 1.0 1.0 1.0 1.0 1.0 1.0 1.0 1.0 1.0 1.0 1.0 
1.0 1.0 1.0 1.0 1.0 1.0 1.0 1.0 1.0 1.0 1.0 1.0 1.0 1.0 1.0 1.0 1.0 1.0 1.0 0.0 1.0 1.0 1.0 1.0 1.0 1.0 1.0 1.0 1.0 1.0 1.0 1.0 
1.0 1.0 1.0 1.0 1.0 1.0 1.0 1.0 1.0 1.0 1.0 1.0 1.0 1.0 1.0 1.0 1.0 1.0 1.0 1.0 0.0 1.0 1.0 1.0 1.0 1.0 1.0 1.0 1.0 1.0 1.0 1.0 
1.0 1.0 1.0 1.0 1.0 1.0 1.0 1.0 1.0 1.0 1.0 1.0 1.0 1.0 1.0 1.0 1.0 1.0 1.0 1.0 1.0 0.0 1.0 1.0 1.0 1.0 1.0 1.0 1.0 1.0 1.0 1.0 
1.0 1.0 1.0 1.0 1.0 1.0 1.0 1.0 1.0 1.0 1.0 1.0 1.0 1.0 1.0 1.0 1.0 1.0 1.0 1.0 1.0 1.0 0.0 1.0 1.0 1.0 1.0 1.0 1.0 1.0 1.0 1.0 
1.0 1.0 1.0 1.0 1.0 1.0 1.0 1.0 1.0 1.0 1.0 1.0 1.0 1.0 1.0 1.0 1.0 1.0 1.0 1.0 1.0 1.0 1.0 0.0 1.0 1.0 1.0 1.0 1.0 1.0 1.0 1.0 
1.0 1.0 1.0 1.0 1.0 1.0 1.0 1.0 1.0 1.0 1.0 1.0 1.0 1.0 1.0 1.0 1.0 1.0 1.0 1.0 1.0 1.0 1.0 1.0 0.0 1.0 1.0 1.0 1.0 1.0 1.0 1.0 
1.0 1.0 1.0 1.0 1.0 1.0 1.0 1.0 1.0 1.0 1.0 1.0 1.0 1.0 1.0 1.0 1.0 1.0 1.0 1.0 1.0 1.0 1.0 1.0 1.0 0.0 1.0 1.0 1.0 1.0 1.0 1.0 
1.0 1.0 1.0 1.0 1.0 1.0 1.0 1.0 1.0 1.0 1.0 1.0 1.0 1.0 1.0 1.0 1.0 1.0 1.0 1.0 1.0 1.0 1.0 1.0 1.0 1.0 0.0 1.0 1.0 1.0 1.0 1.0 
1.0 1.0 1.0 1.0 1.0 1.0 1.0 1.0 1.0 1.0 1.0 1.0 1.0 1.0 1.0 1.0 1.0 1.0 1.0 1.0 1.0 1.0 1.0 1.0 1.0 1.0 1.0 0.0 1.0 1.0 1.0 1.0 
1.0 1.0 1.0 1.0 1.0 1.0 1.0 1.0 1.0 1.0 1.0 1.0 1.0 1.0 1.0 1.0 1.0 1.0 1.0 1.0 1.0 1.0 1.0 1.0 1.0 1.0 1.0 1.0 0.0 1.0 1.0 1.0 
1.0 1.0 1.0 1.0 1.0 1.0 1.0 1.0 1.0 1.0 1.0 1.0 1.0 1.0 1.0 1.0 1.0 1.0 1.0 1.0 1.0 1.0 1.0 1.0 1.0 1.0 1.0 1.0 1.0 0.0 1.0 1.0 
1.0 1.0 1.0 1.0 1.0 1.0 1.0 1.0 1.0 1.0 1.0 1.0 1.0 1.0 1.0 1.0 1.0 1.0 1.0 1.0 1.0 1.0 1.0 1.0 1.0 1.0 1.0 1.0 1.0 1.0 0.0 1.0 
1.0 1.0 1.0 1.0 1.0 1.0 1.0 1.0 1.0 1.0 1.0 1.0 1.0 1.0 1.0 1.0 1.0 1.0 1.0 1.0 1.0 1.0 1.0 1.0 1.0 1.0 1.0 1.0 1.0 1.0 1.0 0.0 