32
36 95 81 16 36 64 28 48 66 76 85 78 42 90 62 37 75 72 40 33 48 2 5 97 51 21 77 67 14 32 6 17 
5 30 21 14 26 74 75 93 89 78 54 7 22 41 54 91 47 60 66 4 94 22 33 32 76 78 90 32 44 94 85 68 
93 1 3 97 56 47 18 1 29 50 48 63 28 27 56 86 96 60 81 5 99 67 95 16 53 30 81 22 27 26 31 20 
51 77 64 9 33 32 4 93 76 48 26 93 30 8 50 95 49 99 36 86 86 78 86 83 44 6 35 34 65 54 13 69 
34 82 29 86 82 83 72 45 38 27 35 62 92 12 36 16 4 58 74 28 26 55 20 33 10 25 72 10 6 36 33 43 
93 35 79 22 94 52 49 82 40 34 53 97 98 16 51 2 93 68 23 47 14 45 3 73 30 31 22 80 84 87 33 39 
32 80 54 2 59 85 94 11 29 97 19 77 56 85 89 69 80 6 22 16 89 50 70 94 18 84 25 6 88 84 29 15 
82 16 20 20 69 5 52 7 99 5 99 95 84 52 64 65 44 79 90 32 57 72 72 56 84 99 88 96 7 19 3 53 
4 32 1 32 95 28 26 52 61 65 90 53 79 31 52 12 74 58 100 42 73 84 91 82 29 17 58 35 90 60 93 13 
65 57 71 37 68 3 64 30 75 1 87 39 1 60 58 23 28 67 34 38 82 23 52 64 37 48 88 11 40 37 78 40 
53 61 55 15 67 88 17 57 7 79 52 95 40 23 21 30 55 61 22 34 3 62 91 93 56 34 49 84 48 8 96 75 
62 41 58 37 85 98 91 86 27 93 84 65 52 35 54 87 84 3 33 41 3 85 14 45 13 81 72 56 54 77 79 36 
48 63 38 19 34 88 64 15 45 53 94 91 5 41 70 85 88 72 28 51 58 48 12 20 96 93 1 9 34 69 18 24 
46 26 21 48 72 76 89 49 49 80 60 92 13 85 65 53 39 45 94 24 13 24 38 95 79 66 21 98 37 71 99 8 
36 8 17 39 79 84 98 32 70 19 31 5 73 80 67 26 43 86 14 56 26 11 62 77 22 7 29 52 10 5 61 82 
67 66 52 41 77 23 55 51 82 21 27 77 10 2 56 59 54 85 47 90 12 27 13 16 14 89 54 79 10 33 23 13 
42 93 87 72 75 50 77 53 87 19 17 70 20 88 57 54 86 30 5 78 56 70 40 62 56 30 68 3 16 15 49 66 
15 70 4 90 37 44 22 46 13 54 44 81 66 95 46 36 82 85 29 20 97 66 79 50 9 36 61 71 11 35 52 71 
49 50 40 17 19 9 2 90 16 4 44 99 47 77 71 89 83 13 77 25 80 51 10 74 81 53 77 23 28 33 84 81 
87 83 26 43 49 82 76 67 1 53 52 31 36 95 78 33 57 92 11 94 2 44 42 90 74 18 68 47 93 31 91 20 
75 69 73 63 16 71 45 47 50 16 81 95 94 86 34 78 68 74 79 17 55 74 53 74 14 45 53 1 82 69 94 35 
85 61 77 27 45 83 24 90 13 45 26 33 13 56 37 63 87 41 84 93 4 90 44 69 20 38 47 11 86 49 56 85 
59 49 86 49 51 83 47 46 63 30 29 81 63 85 61 78 20 86 92 7 46 14 7 19 18 93 83 98 82 45 38 96 
16 65 55 12 13 82 82 22 9 38 56 43 55 86 77 73 44 61 37 38 61 85 79 23 56 23 73 76 55 83 59 55 
12 34 17 90 42 15 58 5 76 4 97 81 1 36 74 20 73 69 83 62 90 35 3 62 11 57 9 25 54 10 80 99 
27 52 13 13 91 7 42 5 13 36 39 19 77 55 100 51 13 50 15 51 86 58 37 68 65 3 2 3 74 63 98 3 
2 16 75 35 78 1 34 50 35 80 26 1 3 6 6 91 84 76 77 45 19 22 100 39 88 23 46 96 58 88 7 17 
74 59 5 11 94 45 25 69 36 27 26 31 96 31 54 65 79 2 44 56 79 95 4 70 36 86 5 44 54 23 39 77 
77 80 18 10 77 78 27 94 84 6 45 60 29 89 8 32 70 50 90 23 56 31 83 32 64 87 61 97 49 30 96 37 
1 96 60 36 94 36 79 35 16 96 79 45 2 22 70 93 52 44 12 68 47 47 71 76 30 62 59 100 98 74 5 14 
25 78 13 23 34 94 30 6 97 15 91 43 21 47 12 37 2 50 88 48 54 12 5 71 21 92 50 93 8 53 55 92 
43 14 10 3 20 77 78 83 40 9 97 25 1 92 59 32 92 49 60 47 3 53 30 10 83 27 61 8 9 91 35 20 
0.0 1.0 1.0 1.0 1.0 1.0 1.0 1.0 1.0 1.0 1.0 1.0 1.0 1.0 1.0 1.0 1.0 1.0 1.0 1.0 1.0 1.0 1.0 1.0 1.0 1.0 1.0 1.0 1.0 1.0 1.0 1.0 
1.0 0.0 1.0 1.0 1.0 1.0 1.0 1.0 1.0 1.0 1.0 1.0 1.0 1.0 1.0 1.0 1.0 1.0 1.0 1.0 1.0 1.0 1.0 1.0 1.0 1.0 1.0 1.0 1.0 1.0 1.0 1.0 
1.0 1.0 0.0 1.0 1.0 1.0 1.0 1.0 1.0 1.0 1.0 1.0 1.0 1.0 1.0 1.0 1.0 1.0 1.0 1.0 1.0 1.0 1.0 1.0 1.0 1.0 1.0 1.0 1.0 1.0 1.0 1.0 
1.0 1.0 1.0 0.0 1.0 1.0 1.0 1.0 1.0 1.0 1.0 1.0 1.0 1.0 1.0 1.0 1.0 1.0 1.0 1.0 1.0 1.0 1.0 1.0 1.0 1.0 1.0 1.0 1.0 1.0 1.0 1.0 
1.0 1.0 1.0 1.0 0.0 1.0 1.0 1.0 1.0 1.0 1.0 1.0 1.0 1.0 1.0 1.0 1.0 1.0 1.0 1.0 1.0 1.0 1.0 1.0 1.0 1.0 1.0 1.0 1.0 1.0 1.0 1.0 
1.0 1.0 1.0 1.0 1.0 0.0 1.0 1.0 1.0 1.0 1.0 1.0 1.0 1.0 1.0 1.0 1.0 1.0 1.0 1.0 1.0 1.0 1.0 1.0 1.0 1.0 1.0 1.0 1.0 1.0 1.0 1.0 
1.0 1.0 1.0 1.0 1.0 1.0 0.0 1.0 1.0 1.0 1.0 1.0 1.0 1.0 1.0 1.0 1.0 1.0 1.0 1.0 1.0 1.0 1.0 1.0 1.0 1.0 1.0 1.0 1.0 1.0 1.0 1.0 
1.0 1.0 1.0 1.0 1.0 1.0 1.0 0.0 1.0 1.0 1.0 1.0 1.0 1.0 1.0 1.0 1.0 1.0 1.0 1.0 1.0 1.0 1.0 1.0 1.0 1.0 1.0 1.0 1.0 1.0 1.0 1.0 
1.0 1.0 1.0 1.0 1.0 1.0 1.0 1.0 0.0 1.0 1.0 1.0 1.0 1.0 1.0 1.0 1.0 1.0 1.0 1.0 1.0 1.0 1.0 1.0 1.0 1.0 1.0 1.0 1.0 1.0 1.0 1.0 
1.0 1.0 1.0 1.0 1.0 1.0 1.0 1.0 1.0 0.0 1.0 1.0 1.0 1.0 1.0 1.0 1.0 1.0 1.0 1.0 1.0 1.0 1.0 1.0 1.0 1.0 1.0 1.0 1.0 1.0 1.0 1.0 
1.0 1.0 1.0 1.0 1.0 1.0 1.0 1.0 1.0 1.0 0.0 1.0 1.0 1.0 1.0 1.0 1.0 1.0 1.0 1.0 1.0 1.0 1.0 1.0 1.0 1.0 1.0 1.0 1.0 1.0 1.0 1.0 
1.0 1.0 1.0 1.0 1.0 1.0 1.0 1.0 1.0 1.0 1.0 0.0 1.0 1.0 1.0 1.0 1.0 1.0 1.0 1.0 1.0 1.0 1.0 1.0 1.0 1.0 1.0 1.0 1.0 1.0 1.0 1.0 
1.0 1.0 1.0 1.0 1.0 1.0 1.0 1.0 1.0 1.0 1.0 1.0 0.0 1.0 1.0 1.0 1.0 1.0 1.0 1.0 1.0 1.0 1.0 1.0 1.0 1.0 1.0 1.0 1.0 1.0 1.0 1.0 
1.0 1.0 1.0 1.0 1.0 1.0 1.0 1.0 1.0 1.0 1.0 1.0 1.0 0.0 1.0 1.0 1.0 1.0 1.0 1.0 1.0 1.0 1.0 1.0 1.0 1.0 1.0 1.0 1.0 1.0 1.0 1.0 
1.0 1.0 1.0 1.0 1.0 1.0 1.0 1.0 1.0 1.0 1.0 1.0 1.0 1.0 0.0 1.0 1.0 1.0 1.0 1.0 1.0 1.0 1.0 1.0 1.0 1.0 1.0 1.0 1.0 1.0 1.0 1.0 
1.0 1.0 1.0 1.0 1.0 1.0 1.0 1.0 1.0 1.0 1.0 1.0 1.0 1.0 1.0 0.0 1.0 1.0 1.0 1.0 1.0 1.0 1.0 1.0 1.0 1.0 1.0 1.0 1.0 1.0 1.0 1.0 
1.0 1.0 1.0 1.0 1.0 1.0 1.0 1.0 1.0 1.0 1.0 1.0 1.0 1.0 1.0 1.0 0.0 1.0 1.0 1.0 1.0 1.0 1.0 1.0 1.0 1.0 1.0 1.0 1.0 1.0 1.0 1.0 
1.0 1.0 1.0 1.0 1.0 1.0 1.0 1.0 1.0 1.0 1.0 1.0 1.0 1.0 1.0 1.0 1.0 0.0 1.0 1.0 1.0 1.0 1.0 1.0 1.0 1.0 1.0 1.0 1.0 1.0 1.0 1.0 
1.0 1.0 1.0 1.0 1.0 1.0 1.0 1.0 1.0 1.0 1.0 1.0 1.0 1.0 1.0 1.0 1.0 1.0 0.0 1.0 1.0 1.0 1.0 1.0 1.0 1.0 1.0 1.0 1.0 1.0 1.0 1.0 
1.0 1.0 1.0 1.0 1.0 1.0 1.0 1.0 1.0 1.0 1.0 1.0 1.0 1.0 1.0 1.0 1.0 1.0 1.0 0.0 1.0 1.0 1.0 1.0 1.0 1.0 1.0 1.0 1.0 1.0 1.0 1.0 
1.0 1.0 1.0 1.0 1.0 1.0 1.0 1.0 1.0 1.0 1.0 1.0 1.0 1.0 1.0 1.0 1.0 1.0 1.0 1.0 0.0 1.0 1.0 1.0 1.0 1.0 1.0 1.0 1.0 1.0 1.0 1.0 
1.0 1.0 1.0 1.0 1.0 1.0 1.0 1.0 1.0 1.0 1.0 1.0 1.0 1.0 1.0 1.0 1.0 1.0 1.0 1.0 1.0 0.0 1.0 1.0 1.0 1.0 1.0 1.0 1.0 1.0 1.0 1.0 
1.0 1.0 1.0 1.0 1.0 1.0 1.0 1.0 1.0 1.0 1.0 1.0 1.0 1.0 1.0 1.0 1.0 1.0 1.0 1.0 1.0 1.0 0.0 1.0 1.0 1.0 1.0 1.0 1.0 1.0 1.0 1.0 
1.0 1.0 1.0 1.0 1.0 1.0 1.0 1.0 1.0 1.0 1.0 1.0 1.0 1.0 1.0 1.0 1.0 1.0 1.0 1.0 1.0 1.0 1.0 0.0 1.0 1.0 1.0 1.0 1.0 1.0 1.0 1.0 
1.0 1.0 1.0 1.0 1.0 1.0 1.0 1.0 1.0 1.0 1.0 1.0 1.0 1.0 1.0 1.0 1.0 1.0 1.0 1.0 1.0 1.0 1.0 1.0 0.0 1.0 1.0 1.0 1.0 1.0 1.0 1.0 
1.0 1.0 1.0 1.0 1.0 1.0 1.0 1.0 1.0 1.0 1.0 1.0 1.0 1.0 1.0 1.0 1.0 1.0 1.0 1.0 1.0 1.0 1.0 1.0 1.0 0.0 1.0 1.0 1.0 1.0 1.0 1.0 
1.0 1.0 1.0 1.0 1.0 1.0 1.0 1.0 1.0 1.0 1.0 1.0 1.0 1.0 1.0 1.0 1.0 1.0 1.0 1.0 1.0 1.0 1.0 1.0 1.0 1.0 0.0 1.0 1.0 1.0 1.0 1.0 
1.0 1.0 1.0 1.0 1.0 1.0 1.0 1.0 1.0 1.0 1.0 1.0 1.0 1.0 1.0 1.0 1.0 1.0 1.0 1.0 1.0 1.0 1.0 1.0 1.0 1.0 1.0 0.0 1.0 1.0 1.0 1.0 
1.0 1.0 1.0 1.0 1.0 1.0 1.0 1.0 1.0 1.0 1.0 1.0 1.0 1.0 1.0 1.0 1.0 1.0 1.0 1.0 1.0 1.0 1.0 1.0 1.0 1.0 1.0 1.0 0.0 1.0 1.0 1.0 
1.0 1.0 1.0 1.0 1.0 1.0 1.0 1.0 1.0 1.0 1.0 1.0 1.0 1.0 1.0 1.0 1.0 1.0 1.0 1.0 1.0 1.0 1.0 1.0 1.0 1.0 1.0 1.0 1.0 0.0 1.0 1.0 
1.0 1.0 1.0 1.0 1.0 1.0 1.0 1.0 1.0 1.0 1.0 1.0 1.0 1.0 1.0 1.0 1.0 1.0 1.0 1.0 1.0 1.0 1.0 1.0 1.0 1.0 1.0 1.0 1.0 1.0 0.0 1.0 
1.0 1.0 1.0 1.0 1.0 1.0 1.0 1.0 1.0 1.0 1.0 1.0 1.0 1.0 1.0 1.0 1.0 1.0 1.0 1.0 1.0 1.0 1.0 1.0 1.0 1.0 1.0 1.0 1.0 1.0 1.0 0.0 