16
5 1 3 10 7 3 8 2 8 4 8 7 5 7 10 6 
8 2 4 2 8 4 8 6 8 8 1 9 6 6 1 4 
6 5 2 9 9 9 5 7 2 6 1 4 7 3 5 7 
1 1 6 5 2 6 6 3 7 4 10 9 5 2 1 2 
5 2 7 3 10 4 9 10 2 3 7 1 8 3 9 1 
2 8 3 5 7 6 7 1 7 3 3 6 3 9 2 5 
2 9 4 4 3 2 5 2 4 10 8 4 5 4 1 7 
3 3 9 9 2 10 2 6 6 3 1 5 7 5 7 4 
6 6 2 2 8 4 8 3 3 6 2 5 6 4 9 7 
1 2 8 7 5 2 7 10 9 9 1 8 6 2 8 4 
4 8 10 7 1 9 1 10 3 10 8 10 1 9 9 2 
7 3 1 1 3 9 3 1 3 8 4 5 5 5 5 9 
10 3 3 3 1 1 4 1 7 7 2 9 1 5 4 6 
2 10 3 9 6 3 10 3 7 8 7 5 3 1 6 10 
5 10 4 10 8 10 1 3 9 8 5 6 8 6 6 10 
8 2 3 4 4 3 3 3 3 4 3 5 9 5 9 5 
0.0 1.0 1.0 1.0 1.0 1.0 1.0 1.0 1.0 1.0 1.0 1.0 1.0 1.0 1.0 1.0 
1.0 0.0 1.0 1.0 1.0 1.0 1.0 1.0 1.0 1.0 1.0 1.0 1.0 1.0 1.0 1.0 
1.0 1.0 0.0 1.0 1.0 1.0 1.0 1.0 1.0 1.0 1.0 1.0 1.0 1.0 1.0 1.0 
1.0 1.0 1.0 0.0 1.0 1.0 1.0 1.0 1.0 1.0 1.0 1.0 1.0 1.0 1.0 1.0 
1.0 1.0 1.0 1.0 0.0 1.0 1.0 1.0 1.0 1.0 1.0 1.0 1.0 1.0 1.0 1.0 
1.0 1.0 1.0 1.0 1.0 0.0 1.0 1.0 1.0 1.0 1.0 1.0 1.0 1.0 1.0 1.0 
1.0 1.0 1.0 1.0 1.0 1.0 0.0 1.0 1.0 1.0 1.0 1.0 1.0 1.0 1.0 1.0 
1.0 1.0 1.0 1.0 1.0 1.0 1.0 0.0 1.0 1.0 1.0 1.0 1.0 1.0 1.0 1.0 
1.0 1.0 1.0 1.0 1.0 1.0 1.0 1.0 0.0 1.0 1.0 1.0 1.0 1.0 1.0 1.0 
1.0 1.0 1.0 1.0 1.0 1.0 1.0 1.0 1.0 0.0 1.0 1.0 1.0 1.0 1.0 1.0 
1.0 1.0 1.0 1.0 1.0 1.0 1.0 1.0 1.0 1.0 0.0 1.0 1.0 1.0 1.0 1.0 
1.0 1.0 1.0 1.0 1.0 1.0 1.0 1.0 1.0 1.0 1.0 0.0 1.0 1.0 1.0 1.0 
1.0 1.0 1.0 1.0 1.0 1.0 1.0 1.0 1.0 1.0 1.0 1.0 0.0 1.0 1.0 1.0 
1.0 1.0 1.0 1.0 1.0 1.0 1.0 1.0 1.0 1.0 1.0 1.0 1.0 0.0 1.0 1.0 
1.0 1.0 1.0 1.0 1.0 1.0 1.0 1.0 1.0 1.0 1.0 1.0 1.0 1.0 0.0 1.0 
1.0 1.0 1.0 1.0 1.0 1.0 1.0 1.0 1.0 1.0 1.0 1.0 1.0 1.0 1.0 0.0 