64
83 10 6 58 52 58 93 14 30 67 70 50 11 34 60 89 17 58 3 2 33 91 42 89 87 91 26 6 56 28 91 10 97 55 1 76 48 7 52 9 26 27 41 79 88 63 12 47 3 46 95 54 36 90 61 37 64 64 79 31 49 63 43 100 
31 15 68 24 23 75 100 12 28 45 38 19 2 22 49 93 14 15 40 36 51 17 48 34 99 94 25 82 86 28 90 74 53 2 31 70 66 82 24 78 93 42 29 74 77 98 49 91 12 65 22 59 53 30 27 93 48 81 19 43 26 57 75 9 
39 20 100 19 56 60 71 64 22 47 59 90 14 87 54 60 93 47 94 3 52 49 61 55 65 30 49 41 92 87 73 55 41 20 7 18 98 76 20 10 68 32 100 62 43 44 74 14 76 72 32 11 70 76 1 40 81 12 3 41 2 78 22 36 
42 38 55 6 12 16 44 45 70 86 89 52 53 62 87 42 28 40 95 100 53 11 58 50 62 85 37 38 86 60 87 7 72 46 15 65 84 36 37 18 91 5 36 61 67 34 44 50 56 23 97 78 22 21 6 32 45 51 99 63 40 71 9 7 
21 46 96 17 43 59 97 55 7 16 37 56 80 67 86 75 27 45 68 42 47 42 18 50 39 10 26 83 70 3 77 43 81 36 93 95 26 30 86 42 77 1 77 29 33 6 75 40 78 35 87 19 12 74 40 63 89 59 93 27 87 71 51 32 
27 38 25 55 80 46 10 60 83 59 1 13 83 100 38 90 99 54 5 94 92 61 15 17 97 12 95 14 20 94 43 81 74 2 97 68 28 61 48 55 38 42 3 96 6 89 8 20 6 52 12 39 5 28 42 87 21 72 75 3 96 74 50 55 
12 12 86 35 11 92 11 76 5 1 12 83 38 74 38 59 56 54 25 10 86 53 6 77 28 11 8 29 40 78 35 98 26 22 24 89 41 95 5 7 31 3 42 18 94 18 59 68 19 8 8 91 33 80 7 31 86 89 20 13 89 96 50 69 
33 88 73 32 60 9 62 35 33 23 78 43 74 24 44 5 100 13 33 53 92 68 91 17 39 77 54 51 51 55 59 66 97 21 99 51 81 5 61 3 55 59 64 88 2 11 71 28 48 95 56 40 87 66 63 84 28 14 70 97 47 55 19 11 
31 40 28 31 10 68 90 26 21 68 7 69 39 45 86 27 30 15 71 41 88 94 75 46 27 26 41 26 60 91 36 26 34 67 50 24 87 17 5 99 8 60 98 11 85 20 86 70 17 61 57 61 44 36 38 25 11 61 28 74 6 27 16 96 
58 99 27 37 34 69 61 5 9 56 46 51 89 49 30 19 88 26 66 86 29 75 28 54 53 80 58 67 14 50 66 52 58 25 30 91 15 70 9 10 81 86 90 49 4 6 96 33 73 41 67 8 42 2 5 11 77 37 50 69 90 46 75 43 
47 50 95 21 34 51 99 46 41 61 59 88 44 31 7 34 11 81 30 1 48 20 73 80 6 91 54 57 66 5 19 77 72 92 93 90 82 53 79 78 34 28 98 8 99 92 31 22 67 63 74 23 53 96 14 67 31 79 87 66 88 53 62 28 
44 27 68 63 68 38 27 26 80 34 33 27 42 26 50 60 94 6 77 22 36 54 100 32 39 75 94 6 31 75 15 16 55 36 23 55 98 32 60 93 29 93 20 65 88 51 23 10 11 64 27 55 36 5 39 57 64 45 31 34 2 9 1 39 
48 45 67 95 53 35 12 32 82 12 94 43 66 17 37 43 46 94 47 82 44 65 3 21 44 57 77 8 6 2 2 29 9 76 91 19 67 78 53 63 96 60 40 23 44 74 48 44 57 70 65 36 6 21 6 39 81 28 1 48 83 39 9 36 
50 72 39 40 36 50 93 26 22 13 49 9 97 10 90 1 86 29 2 59 69 15 85 48 31 81 75 83 7 16 13 98 61 63 21 29 83 33 14 80 24 71 30 3 25 53 86 3 6 38 59 27 3 70 72 48 83 77 58 47 86 68 71 32 
24 33 17 67 33 53 59 7 38 66 56 25 42 98 20 14 22 25 29 8 15 41 63 40 45 77 95 87 72 7 68 56 37 36 69 47 12 36 4 67 86 2 34 24 16 74 4 31 88 54 86 40 96 32 53 93 42 33 27 7 98 53 73 94 
45 1 85 93 62 9 30 78 30 27 77 65 3 44 65 9 12 72 43 44 27 44 37 61 12 44 87 83 32 45 80 68 31 7 8 43 35 19 37 2 4 66 36 36 90 37 26 33 98 1 22 30 54 23 74 46 92 5 23 5 27 79 93 45 
59 95 91 26 88 17 18 33 9 96 64 85 86 22 22 44 64 10 78 72 13 77 45 92 9 98 50 98 56 25 90 100 7 32 99 32 39 76 85 98 71 74 99 22 30 62 18 66 92 44 76 43 83 66 6 48 99 4 59 69 44 2 72 32 
17 56 63 52 4 98 38 72 29 53 78 8 54 79 82 89 91 5 7 2 20 3 15 49 9 61 4 77 83 45 33 74 50 36 64 63 41 63 37 41 96 20 93 47 33 58 50 55 5 52 80 1 22 46 90 8 96 79 79 79 14 33 46 47 
50 9 52 44 34 12 53 52 43 98 98 84 7 74 95 7 32 20 17 30 26 3 1 60 17 28 40 25 69 52 46 70 34 18 20 10 62 20 100 15 100 10 36 53 1 74 79 15 17 63 33 36 39 64 37 52 20 55 47 50 10 26 51 72 
77 82 73 27 11 65 44 5 55 85 56 85 75 23 46 58 75 64 5 33 51 70 66 90 72 5 7 83 42 10 88 55 99 74 48 78 83 23 65 80 76 97 8 76 6 33 86 88 71 98 38 52 82 77 69 41 16 10 17 21 42 74 59 78 
35 48 11 66 74 32 35 46 84 74 53 11 29 85 70 83 56 62 39 5 75 3 66 82 16 42 29 39 70 51 53 78 56 32 14 11 57 94 66 42 76 85 76 97 34 47 79 18 51 62 38 43 75 80 13 68 1 5 86 22 26 14 92 5 
61 66 26 86 42 14 58 2 57 70 85 1 72 51 70 19 100 46 16 45 29 17 89 76 8 26 25 28 57 86 40 92 89 40 72 44 18 14 34 91 86 20 11 21 11 48 53 51 51 46 80 29 33 79 27 78 52 84 9 32 16 91 100 76 
40 18 49 26 11 36 49 78 80 52 72 51 32 22 42 66 99 45 68 18 67 67 75 86 25 21 65 77 82 55 65 57 77 1 5 77 38 48 64 61 73 29 81 59 84 28 20 99 78 57 65 17 55 70 13 37 15 47 71 90 15 39 92 86 
66 67 1 48 37 87 11 96 10 52 38 54 14 66 43 38 89 76 56 6 42 6 90 94 95 61 58 89 92 37 52 2 56 7 33 89 45 17 99 41 8 74 5 21 7 26 79 20 87 40 51 12 87 92 76 25 92 26 67 81 36 69 31 33 
14 60 44 63 39 38 97 4 66 36 37 52 83 100 34 18 61 1 80 23 44 59 45 69 15 35 82 82 57 53 12 82 23 11 22 90 3 29 10 87 41 12 79 90 80 41 55 56 33 4 34 23 96 70 18 52 7 64 61 57 68 71 31 9 
43 81 36 37 13 72 79 90 44 49 97 79 14 61 57 88 96 61 63 35 21 86 37 72 54 79 62 52 45 20 8 93 2 25 26 86 15 55 9 68 11 33 58 75 8 24 5 95 52 60 74 93 19 38 84 98 93 1 81 90 42 56 99 2 
36 8 1 65 52 45 53 30 12 38 66 47 6 19 78 44 14 80 82 88 74 11 50 78 77 28 17 27 51 61 12 51 20 71 22 69 63 64 27 29 43 15 94 98 94 6 1 92 22 17 48 29 33 7 26 52 44 30 7 53 40 65 5 32 
53 1 81 52 89 61 15 59 54 97 41 77 28 96 56 73 27 97 82 19 77 70 80 88 40 41 49 58 7 73 16 13 4 31 9 37 9 72 1 54 44 21 94 46 46 49 61 46 28 38 91 61 30 72 89 97 45 25 40 92 87 18 34 60 
77 68 39 92 100 70 66 56 10 59 76 24 79 39 29 53 26 89 99 94 67 62 92 50 11 60 21 57 50 24 100 83 91 17 5 68 61 2 13 80 61 43 6 43 90 8 20 17 16 50 12 50 47 14 7 91 6 97 65 76 6 83 48 37 
41 79 65 29 3 97 3 79 95 84 64 24 92 89 84 74 20 38 44 45 76 82 95 64 25 39 33 52 89 93 53 94 54 51 43 8 90 16 62 71 90 47 1 41 14 67 34 51 100 92 70 59 100 30 88 74 32 7 11 91 87 90 62 49 
37 11 78 53 58 57 90 10 75 100 5 78 98 20 80 49 2 21 47 95 23 73 4 79 17 95 32 19 50 59 31 44 46 49 97 72 72 12 35 8 56 18 12 74 95 36 82 91 77 7 85 81 72 6 34 24 1 56 20 14 9 1 56 31 
29 45 92 90 51 79 100 39 45 83 45 35 73 1 75 52 47 80 65 37 31 52 70 54 19 89 2 21 22 32 28 28 40 57 2 72 32 62 40 93 76 51 12 85 16 16 27 96 31 46 14 80 38 50 39 74 46 99 8 41 89 16 95 68 
51 35 65 47 52 17 38 69 21 42 69 39 28 50 84 9 28 53 4 7 6 55 10 13 1 49 9 21 82 98 68 97 30 38 4 48 63 81 73 85 5 77 32 87 80 77 6 53 32 11 23 66 65 59 58 26 17 80 75 27 52 75 72 80 
98 73 2 75 74 17 79 68 77 29 41 75 44 67 80 31 89 36 95 14 26 77 48 13 40 94 85 48 27 28 9 39 38 15 89 62 59 62 8 89 25 26 31 67 84 8 68 29 42 49 54 30 95 66 27 24 42 20 93 47 7 27 12 98 
1 61 52 62 71 52 45 81 43 30 69 40 17 40 49 42 57 9 50 66 83 63 35 79 18 28 57 52 99 55 50 65 72 81 6 16 57 36 49 46 20 41 65 90 61 42 59 68 67 19 56 25 37 64 77 66 65 100 39 96 93 60 91 33 
57 79 63 26 76 74 80 38 31 30 86 26 97 71 13 95 34 60 69 97 80 72 1 95 46 99 16 99 43 36 52 70 93 87 93 57 6 17 49 54 72 16 32 44 32 62 68 14 80 27 89 11 57 41 9 57 67 54 81 52 73 56 2 60 
77 28 10 67 63 28 66 89 65 19 46 25 14 61 59 26 15 83 84 67 55 77 89 20 64 48 100 26 4 89 16 45 88 65 33 58 89 4 84 2 9 84 57 100 90 72 95 71 19 24 7 94 15 25 51 27 3 56 98 94 60 78 39 21 
99 74 5 78 7 70 94 16 35 18 69 68 73 28 71 15 43 100 68 27 90 64 90 8 71 76 59 41 70 7 98 39 8 94 92 35 94 33 94 1 40 81 71 94 100 35 71 55 51 61 34 88 15 37 66 91 83 56 7 4 56 19 44 90 
77 89 4 83 90 98 58 12 14 88 87 57 96 91 97 25 7 70 43 3 62 59 17 96 66 5 60 46 29 46 42 43 21 27 3 23 83 46 29 7 71 96 68 4 79 41 86 94 52 27 61 51 95 4 84 74 73 56 16 63 17 50 72 10 
86 26 50 57 23 70 68 56 74 25 11 99 89 67 31 14 64 92 5 98 6 78 49 59 31 37 31 7 62 86 40 21 89 7 97 80 97 100 88 3 86 33 22 65 92 37 17 100 79 69 48 17 21 49 39 71 12 80 58 38 53 17 3 7 
90 56 40 32 91 87 47 69 74 88 3 8 98 93 40 25 99 99 44 75 74 31 28 20 99 65 67 61 31 29 37 11 24 29 62 35 5 62 6 21 65 11 69 16 92 52 27 61 68 24 30 82 73 47 84 65 15 14 90 74 83 15 54 95 
80 26 42 30 84 79 82 24 14 96 2 95 24 21 68 29 89 99 17 8 75 39 21 91 36 57 36 4 48 16 2 5 20 7 79 15 70 85 61 97 77 27 73 59 21 77 89 48 84 28 26 29 69 19 17 32 97 87 89 29 90 44 36 100 
9 52 18 55 49 32 71 43 4 59 29 94 5 38 75 25 60 19 73 76 62 61 78 50 22 71 70 56 40 44 79 66 6 29 45 74 50 59 76 70 97 100 35 37 53 31 59 97 71 4 5 84 64 30 50 52 62 42 78 9 24 98 62 27 
51 29 2 6 43 73 23 58 56 71 67 11 72 34 28 51 97 10 67 42 57 75 10 19 17 28 67 4 82 16 65 73 64 43 46 70 37 43 9 97 27 86 65 36 36 99 57 8 40 10 39 12 14 79 37 93 90 95 72 23 55 52 3 60 
21 61 84 76 99 73 66 43 34 30 30 47 65 46 61 71 66 37 90 9 5 69 37 37 42 8 62 57 64 61 97 24 49 95 75 23 72 68 67 45 98 53 19 27 31 95 80 96 71 23 48 9 66 19 21 40 88 11 13 73 29 35 73 44 
23 93 64 42 13 95 100 70 11 23 46 20 29 47 15 92 47 80 11 43 30 33 97 17 100 83 88 40 44 91 87 56 20 8 31 40 84 42 17 39 80 18 11 46 87 84 100 26 17 79 61 48 29 35 86 100 89 47 35 36 16 84 67 37 
28 25 63 78 50 6 96 88 48 94 30 48 83 29 9 39 42 82 97 29 13 84 82 43 79 32 3 84 51 70 40 8 82 21 2 83 5 65 21 59 81 9 72 5 41 65 38 7 29 66 58 28 21 100 45 28 34 13 92 37 17 85 61 40 
67 51 63 15 28 91 60 25 83 24 82 48 91 20 81 26 75 13 54 83 91 90 46 11 95 11 14 3 40 58 90 85 85 94 58 59 37 88 39 65 23 55 8 27 69 80 57 99 35 49 87 46 5 7 23 52 96 38 76 6 42 39 55 40 
58 85 57 8 41 95 10 6 93 40 36 1 88 15 94 59 23 45 85 99 84 47 24 45 62 36 95 64 94 77 91 59 38 74 37 68 1 42 84 40 36 14 80 83 9 69 25 36 54 89 39 31 35 41 56 89 43 57 49 80 63 22 19 58 
94 61 65 87 26 46 75 66 2 82 49 64 57 76 41 76 99 37 29 70 65 45 35 72 40 85 67 97 17 13 8 97 99 97 5 69 80 75 17 94 45 78 96 35 26 65 49 91 75 14 2 5 55 42 77 34 32 68 94 95 25 85 17 16 
22 9 78 90 99 57 15 56 100 53 59 62 15 71 82 10 32 46 15 73 58 89 62 72 73 6 38 90 52 38 62 59 3 10 26 49 10 52 83 86 3 20 88 99 91 73 95 25 43 23 51 74 6 7 67 14 47 55 53 34 25 27 19 93 
69 69 60 59 73 28 14 85 31 51 61 61 69 57 41 35 30 97 72 57 86 32 60 87 4 29 15 25 66 84 95 30 15 73 20 26 22 33 58 42 97 28 1 45 9 79 64 100 50 85 83 46 21 71 60 92 59 9 45 38 2 69 10 70 
8 51 75 81 2 23 38 47 35 13 69 14 60 30 42 82 35 61 43 22 93 51 32 52 12 23 3 31 1 99 94 74 7 40 17 58 69 89 45 58 92 9 36 29 77 13 72 93 7 34 62 80 26 85 4 46 67 52 10 77 38 69 85 34 
43 95 4 90 1 33 57 86 43 88 39 10 88 41 57 22 79 5 33 52 92 92 58 51 71 52 39 48 55 8 60 86 19 58 29 23 81 34 100 65 7 85 6 82 90 9 47 20 62 53 97 93 96 55 6 29 21 4 64 46 48 90 6 52 
80 31 92 5 89 24 55 81 25 65 41 78 31 55 97 53 63 61 43 29 50 86 65 25 10 77 54 78 98 24 86 25 97 33 9 22 57 28 51 31 28 1 5 75 83 100 17 38 64 26 61 21 35 74 86 1 88 45 3 46 99 5 14 41 
41 50 39 44 53 35 90 51 32 4 1 15 88 47 62 17 91 82 17 12 61 32 68 16 38 20 94 89 49 11 24 75 45 41 87 44 44 6 72 58 30 17 99 88 32 14 74 16 25 90 12 63 5 53 3 83 78 67 97 29 99 46 64 54 
50 78 49 59 2 96 35 82 60 64 45 52 44 49 64 73 34 31 26 9 18 63 32 4 97 28 68 75 44 76 47 66 84 68 4 73 83 100 44 50 80 4 97 95 8 100 58 16 62 43 67 64 79 86 50 38 4 73 54 26 56 12 13 99 
76 79 48 62 42 67 61 43 47 32 50 31 74 95 51 57 7 21 59 70 46 100 31 41 26 83 99 60 60 73 85 41 56 71 61 12 56 85 53 65 42 59 9 25 61 91 51 14 32 74 13 41 61 77 55 68 23 61 31 92 46 34 22 9 
52 88 71 73 92 1 9 51 63 24 45 3 27 47 39 52 4 98 13 49 16 48 6 89 85 84 51 97 98 76 61 11 73 95 58 24 41 2 71 98 18 19 41 86 23 59 55 17 20 48 16 47 58 10 27 83 25 1 32 9 31 28 17 70 
82 59 2 76 6 7 16 39 98 44 38 29 18 12 2 38 89 5 35 14 45 83 80 35 74 60 68 9 94 13 77 53 80 35 27 47 91 96 64 73 70 52 13 19 82 74 28 73 61 79 59 95 22 28 8 31 98 64 43 71 29 17 4 35 
11 97 94 47 14 74 35 82 82 96 11 73 77 44 94 55 83 76 16 46 90 24 82 41 76 52 80 55 77 35 34 40 18 8 100 5 1 99 75 56 98 14 72 81 47 32 90 1 95 59 19 71 16 34 23 66 64 2 50 77 83 15 97 71 
48 3 43 94 93 17 74 35 28 65 72 58 78 94 100 18 7 97 8 41 38 22 60 31 52 8 82 45 52 55 11 28 87 55 80 83 3 31 96 50 2 79 47 41 99 75 56 33 24 68 65 21 47 1 59 37 77 3 56 76 36 99 16 45 
64 26 72 41 96 33 23 80 3 39 33 70 15 27 64 80 53 96 63 76 18 70 87 65 5 92 8 92 17 24 67 24 15 46 48 95 86 49 84 75 100 5 58 80 35 24 11 43 22 59 98 23 52 31 22 40 49 24 31 99 54 67 81 61 
58 8 37 2 14 46 8 80 64 27 1 84 13 5 60 77 5 63 8 15 12 21 15 23 65 92 14 87 54 74 80 56 35 8 4 30 15 28 69 96 51 78 66 39 12 11 94 91 29 9 39 19 69 93 32 14 94 24 19 30 44 67 38 28 
0.0 1.0 1.0 1.0 1.0 1.0 1.0 1.0 1.0 1.0 1.0 1.0 1.0 1.0 1.0 1.0 1.0 1.0 1.0 1.0 1.0 1.0 1.0 1.0 1.0 1.0 1.0 1.0 1.0 1.0 1.0 1.0 1.0 1.0 1.0 1.0 1.0 1.0 1.0 1.0 1.0 1.0 1.0 1.0 1.0 1.0 1.0 1.0 1.0 1.0 1.0 1.0 1.0 1.0 1.0 1.0 1.0 1.0 1.0 1.0 1.0 1.0 1.0 1.0 
1.0 0.0 1.0 1.0 1.0 1.0 1.0 1.0 1.0 1.0 1.0 1.0 1.0 1.0 1.0 1.0 1.0 1.0 1.0 1.0 1.0 1.0 1.0 1.0 1.0 1.0 1.0 1.0 1.0 1.0 1.0 1.0 1.0 1.0 1.0 1.0 1.0 1.0 1.0 1.0 1.0 1.0 1.0 1.0 1.0 1.0 1.0 1.0 1.0 1.0 1.0 1.0 1.0 1.0 1.0 1.0 1.0 1.0 1.0 1.0 1.0 1.0 1.0 1.0 
1.0 1.0 0.0 1.0 1.0 1.0 1.0 1.0 1.0 1.0 1.0 1.0 1.0 1.0 1.0 1.0 1.0 1.0 1.0 1.0 1.0 1.0 1.0 1.0 1.0 1.0 1.0 1.0 1.0 1.0 1.0 1.0 1.0 1.0 1.0 1.0 1.0 1.0 1.0 1.0 1.0 1.0 1.0 1.0 1.0 1.0 1.0 1.0 1.0 1.0 1.0 1.0 1.0 1.0 1.0 1.0 1.0 1.0 1.0 1.0 1.0 1.0 1.0 1.0 
1.0 1.0 1.0 0.0 1.0 1.0 1.0 1.0 1.0 1.0 1.0 1.0 1.0 1.0 1.0 1.0 1.0 1.0 1.0 1.0 1.0 1.0 1.0 1.0 1.0 1.0 1.0 1.0 1.0 1.0 1.0 1.0 1.0 1.0 1.0 1.0 1.0 1.0 1.0 1.0 1.0 1.0 1.0 1.0 1.0 1.0 1.0 1.0 1.0 1.0 1.0 1.0 1.0 1.0 1.0 1.0 1.0 1.0 1.0 1.0 1.0 1.0 1.0 1.0 
1.0 1.0 1.0 1.0 0.0 1.0 1.0 1.0 1.0 1.0 1.0 1.0 1.0 1.0 1.0 1.0 1.0 1.0 1.0 1.0 1.0 1.0 1.0 1.0 1.0 1.0 1.0 1.0 1.0 1.0 1.0 1.0 1.0 1.0 1.0 1.0 1.0 1.0 1.0 1.0 1.0 1.0 1.0 1.0 1.0 1.0 1.0 1.0 1.0 1.0 1.0 1.0 1.0 1.0 1.0 1.0 1.0 1.0 1.0 1.0 1.0 1.0 1.0 1.0 
1.0 1.0 1.0 1.0 1.0 0.0 1.0 1.0 1.0 1.0 1.0 1.0 1.0 1.0 1.0 1.0 1.0 1.0 1.0 1.0 1.0 1.0 1.0 1.0 1.0 1.0 1.0 1.0 1.0 1.0 1.0 1.0 1.0 1.0 1.0 1.0 1.0 1.0 1.0 1.0 1.0 1.0 1.0 1.0 1.0 1.0 1.0 1.0 1.0 1.0 1.0 1.0 1.0 1.0 1.0 1.0 1.0 1.0 1.0 1.0 1.0 1.0 1.0 1.0 
1.0 1.0 1.0 1.0 1.0 1.0 0.0 1.0 1.0 1.0 1.0 1.0 1.0 1.0 1.0 1.0 1.0 1.0 1.0 1.0 1.0 1.0 1.0 1.0 1.0 1.0 1.0 1.0 1.0 1.0 1.0 1.0 1.0 1.0 1.0 1.0 1.0 1.0 1.0 1.0 1.0 1.0 1.0 1.0 1.0 1.0 1.0 1.0 1.0 1.0 1.0 1.0 1.0 1.0 1.0 1.0 1.0 1.0 1.0 1.0 1.0 1.0 1.0 1.0 
1.0 1.0 1.0 1.0 1.0 1.0 1.0 0.0 1.0 1.0 1.0 1.0 1.0 1.0 1.0 1.0 1.0 1.0 1.0 1.0 1.0 1.0 1.0 1.0 1.0 1.0 1.0 1.0 1.0 1.0 1.0 1.0 1.0 1.0 1.0 1.0 1.0 1.0 1.0 1.0 1.0 1.0 1.0 1.0 1.0 1.0 1.0 1.0 1.0 1.0 1.0 1.0 1.0 1.0 1.0 1.0 1.0 1.0 1.0 1.0 1.0 1.0 1.0 1.0 
1.0 1.0 1.0 1.0 1.0 1.0 1.0 1.0 0.0 1.0 1.0 1.0 1.0 1.0 1.0 1.0 1.0 1.0 1.0 1.0 1.0 1.0 1.0 1.0 1.0 1.0 1.0 1.0 1.0 1.0 1.0 1.0 1.0 1.0 1.0 1.0 1.0 1.0 1.0 1.0 1.0 1.0 1.0 1.0 1.0 1.0 1.0 1.0 1.0 1.0 1.0 1.0 1.0 1.0 1.0 1.0 1.0 1.0 1.0 1.0 1.0 1.0 1.0 1.0 
1.0 1.0 1.0 1.0 1.0 1.0 1.0 1.0 1.0 0.0 1.0 1.0 1.0 1.0 1.0 1.0 1.0 1.0 1.0 1.0 1.0 1.0 1.0 1.0 1.0 1.0 1.0 1.0 1.0 1.0 1.0 1.0 1.0 1.0 1.0 1.0 1.0 1.0 1.0 1.0 1.0 1.0 1.0 1.0 1.0 1.0 1.0 1.0 1.0 1.0 1.0 1.0 1.0 1.0 1.0 1.0 1.0 1.0 1.0 1.0 1.0 1.0 1.0 1.0 
1.0 1.0 1.0 1.0 1.0 1.0 1.0 1.0 1.0 1.0 0.0 1.0 1.0 1.0 1.0 1.0 1.0 1.0 1.0 1.0 1.0 1.0 1.0 1.0 1.0 1.0 1.0 1.0 1.0 1.0 1.0 1.0 1.0 1.0 1.0 1.0 1.0 1.0 1.0 1.0 1.0 1.0 1.0 1.0 1.0 1.0 1.0 1.0 1.0 1.0 1.0 1.0 1.0 1.0 1.0 1.0 1.0 1.0 1.0 1.0 1.0 1.0 1.0 1.0 
1.0 1.0 1.0 1.0 1.0 1.0 1.0 1.0 1.0 1.0 1.0 0.0 1.0 1.0 1.0 1.0 1.0 1.0 1.0 1.0 1.0 1.0 1.0 1.0 1.0 1.0 1.0 1.0 1.0 1.0 1.0 1.0 1.0 1.0 1.0 1.0 1.0 1.0 1.0 1.0 1.0 1.0 1.0 1.0 1.0 1.0 1.0 1.0 1.0 1.0 1.0 1.0 1.0 1.0 1.0 1.0 1.0 1.0 1.0 1.0 1.0 1.0 1.0 1.0 
1.0 1.0 1.0 1.0 1.0 1.0 1.0 1.0 1.0 1.0 1.0 1.0 0.0 1.0 1.0 1.0 1.0 1.0 1.0 1.0 1.0 1.0 1.0 1.0 1.0 1.0 1.0 1.0 1.0 1.0 1.0 1.0 1.0 1.0 1.0 1.0 1.0 1.0 1.0 1.0 1.0 1.0 1.0 1.0 1.0 1.0 1.0 1.0 1.0 1.0 1.0 1.0 1.0 1.0 1.0 1.0 1.0 1.0 1.0 1.0 1.0 1.0 1.0 1.0 
1.0 1.0 1.0 1.0 1.0 1.0 1.0 1.0 1.0 1.0 1.0 1.0 1.0 0.0 1.0 1.0 1.0 1.0 1.0 1.0 1.0 1.0 1.0 1.0 1.0 1.0 1.0 1.0 1.0 1.0 1.0 1.0 1.0 1.0 1.0 1.0 1.0 1.0 1.0 1.0 1.0 1.0 1.0 1.0 1.0 1.0 1.0 1.0 1.0 1.0 1.0 1.0 1.0 1.0 1.0 1.0 1.0 1.0 1.0 1.0 1.0 1.0 1.0 1.0 
1.0 1.0 1.0 1.0 1.0 1.0 1.0 1.0 1.0 1.0 1.0 1.0 1.0 1.0 0.0 1.0 1.0 1.0 1.0 1.0 1.0 1.0 1.0 1.0 1.0 1.0 1.0 1.0 1.0 1.0 1.0 1.0 1.0 1.0 1.0 1.0 1.0 1.0 1.0 1.0 1.0 1.0 1.0 1.0 1.0 1.0 1.0 1.0 1.0 1.0 1.0 1.0 1.0 1.0 1.0 1.0 1.0 1.0 1.0 1.0 1.0 1.0 1.0 1.0 
1.0 1.0 1.0 1.0 1.0 1.0 1.0 1.0 1.0 1.0 1.0 1.0 1.0 1.0 1.0 0.0 1.0 1.0 1.0 1.0 1.0 1.0 1.0 1.0 1.0 1.0 1.0 1.0 1.0 1.0 1.0 1.0 1.0 1.0 1.0 1.0 1.0 1.0 1.0 1.0 1.0 1.0 1.0 1.0 1.0 1.0 1.0 1.0 1.0 1.0 1.0 1.0 1.0 1.0 1.0 1.0 1.0 1.0 1.0 1.0 1.0 1.0 1.0 1.0 
1.0 1.0 1.0 1.0 1.0 1.0 1.0 1.0 1.0 1.0 1.0 1.0 1.0 1.0 1.0 1.0 0.0 1.0 1.0 1.0 1.0 1.0 1.0 1.0 1.0 1.0 1.0 1.0 1.0 1.0 1.0 1.0 1.0 1.0 1.0 1.0 1.0 1.0 1.0 1.0 1.0 1.0 1.0 1.0 1.0 1.0 1.0 1.0 1.0 1.0 1.0 1.0 1.0 1.0 1.0 1.0 1.0 1.0 1.0 1.0 1.0 1.0 1.0 1.0 
1.0 1.0 1.0 1.0 1.0 1.0 1.0 1.0 1.0 1.0 1.0 1.0 1.0 1.0 1.0 1.0 1.0 0.0 1.0 1.0 1.0 1.0 1.0 1.0 1.0 1.0 1.0 1.0 1.0 1.0 1.0 1.0 1.0 1.0 1.0 1.0 1.0 1.0 1.0 1.0 1.0 1.0 1.0 1.0 1.0 1.0 1.0 1.0 1.0 1.0 1.0 1.0 1.0 1.0 1.0 1.0 1.0 1.0 1.0 1.0 1.0 1.0 1.0 1.0 
1.0 1.0 1.0 1.0 1.0 1.0 1.0 1.0 1.0 1.0 1.0 1.0 1.0 1.0 1.0 1.0 1.0 1.0 0.0 1.0 1.0 1.0 1.0 1.0 1.0 1.0 1.0 1.0 1.0 1.0 1.0 1.0 1.0 1.0 1.0 1.0 1.0 1.0 1.0 1.0 1.0 1.0 1.0 1.0 1.0 1.0 1.0 1.0 1.0 1.0 1.0 1.0 1.0 1.0 1.0 1.0 1.0 1.0 1.0 1.0 1.0 1.0 1.0 1.0 
1.0 1.0 1.0 1.0 1.0 1.0 1.0 1.0 1.0 1.0 1.0 1.0 1.0 1.0 1.0 1.0 1.0 1.0 1.0 0.0 1.0 1.0 1.0 1.0 1.0 1.0 1.0 1.0 1.0 1.0 1.0 1.0 1.0 1.0 1.0 1.0 1.0 1.0 1.0 1.0 1.0 1.0 1.0 1.0 1.0 1.0 1.0 1.0 1.0 1.0 1.0 1.0 1.0 1.0 1.0 1.0 1.0 1.0 1.0 1.0 1.0 1.0 1.0 1.0 
1.0 1.0 1.0 1.0 1.0 1.0 1.0 1.0 1.0 1.0 1.0 1.0 1.0 1.0 1.0 1.0 1.0 1.0 1.0 1.0 0.0 1.0 1.0 1.0 1.0 1.0 1.0 1.0 1.0 1.0 1.0 1.0 1.0 1.0 1.0 1.0 1.0 1.0 1.0 1.0 1.0 1.0 1.0 1.0 1.0 1.0 1.0 1.0 1.0 1.0 1.0 1.0 1.0 1.0 1.0 1.0 1.0 1.0 1.0 1.0 1.0 1.0 1.0 1.0 
1.0 1.0 1.0 1.0 1.0 1.0 1.0 1.0 1.0 1.0 1.0 1.0 1.0 1.0 1.0 1.0 1.0 1.0 1.0 1.0 1.0 0.0 1.0 1.0 1.0 1.0 1.0 1.0 1.0 1.0 1.0 1.0 1.0 1.0 1.0 1.0 1.0 1.0 1.0 1.0 1.0 1.0 1.0 1.0 1.0 1.0 1.0 1.0 1.0 1.0 1.0 1.0 1.0 1.0 1.0 1.0 1.0 1.0 1.0 1.0 1.0 1.0 1.0 1.0 
1.0 1.0 1.0 1.0 1.0 1.0 1.0 1.0 1.0 1.0 1.0 1.0 1.0 1.0 1.0 1.0 1.0 1.0 1.0 1.0 1.0 1.0 0.0 1.0 1.0 1.0 1.0 1.0 1.0 1.0 1.0 1.0 1.0 1.0 1.0 1.0 1.0 1.0 1.0 1.0 1.0 1.0 1.0 1.0 1.0 1.0 1.0 1.0 1.0 1.0 1.0 1.0 1.0 1.0 1.0 1.0 1.0 1.0 1.0 1.0 1.0 1.0 1.0 1.0 
1.0 1.0 1.0 1.0 1.0 1.0 1.0 1.0 1.0 1.0 1.0 1.0 1.0 1.0 1.0 1.0 1.0 1.0 1.0 1.0 1.0 1.0 1.0 0.0 1.0 1.0 1.0 1.0 1.0 1.0 1.0 1.0 1.0 1.0 1.0 1.0 1.0 1.0 1.0 1.0 1.0 1.0 1.0 1.0 1.0 1.0 1.0 1.0 1.0 1.0 1.0 1.0 1.0 1.0 1.0 1.0 1.0 1.0 1.0 1.0 1.0 1.0 1.0 1.0 
1.0 1.0 1.0 1.0 1.0 1.0 1.0 1.0 1.0 1.0 1.0 1.0 1.0 1.0 1.0 1.0 1.0 1.0 1.0 1.0 1.0 1.0 1.0 1.0 0.0 1.0 1.0 1.0 1.0 1.0 1.0 1.0 1.0 1.0 1.0 1.0 1.0 1.0 1.0 1.0 1.0 1.0 1.0 1.0 1.0 1.0 1.0 1.0 1.0 1.0 1.0 1.0 1.0 1.0 1.0 1.0 1.0 1.0 1.0 1.0 1.0 1.0 1.0 1.0 
1.0 1.0 1.0 1.0 1.0 1.0 1.0 1.0 1.0 1.0 1.0 1.0 1.0 1.0 1.0 1.0 1.0 1.0 1.0 1.0 1.0 1.0 1.0 1.0 1.0 0.0 1.0 1.0 1.0 1.0 1.0 1.0 1.0 1.0 1.0 1.0 1.0 1.0 1.0 1.0 1.0 1.0 1.0 1.0 1.0 1.0 1.0 1.0 1.0 1.0 1.0 1.0 1.0 1.0 1.0 1.0 1.0 1.0 1.0 1.0 1.0 1.0 1.0 1.0 
1.0 1.0 1.0 1.0 1.0 1.0 1.0 1.0 1.0 1.0 1.0 1.0 1.0 1.0 1.0 1.0 1.0 1.0 1.0 1.0 1.0 1.0 1.0 1.0 1.0 1.0 0.0 1.0 1.0 1.0 1.0 1.0 1.0 1.0 1.0 1.0 1.0 1.0 1.0 1.0 1.0 1.0 1.0 1.0 1.0 1.0 1.0 1.0 1.0 1.0 1.0 1.0 1.0 1.0 1.0 1.0 1.0 1.0 1.0 1.0 1.0 1.0 1.0 1.0 
1.0 1.0 1.0 1.0 1.0 1.0 1.0 1.0 1.0 1.0 1.0 1.0 1.0 1.0 1.0 1.0 1.0 1.0 1.0 1.0 1.0 1.0 1.0 1.0 1.0 1.0 1.0 0.0 1.0 1.0 1.0 1.0 1.0 1.0 1.0 1.0 1.0 1.0 1.0 1.0 1.0 1.0 1.0 1.0 1.0 1.0 1.0 1.0 1.0 1.0 1.0 1.0 1.0 1.0 1.0 1.0 1.0 1.0 1.0 1.0 1.0 1.0 1.0 1.0 
1.0 1.0 1.0 1.0 1.0 1.0 1.0 1.0 1.0 1.0 1.0 1.0 1.0 1.0 1.0 1.0 1.0 1.0 1.0 1.0 1.0 1.0 1.0 1.0 1.0 1.0 1.0 1.0 0.0 1.0 1.0 1.0 1.0 1.0 1.0 1.0 1.0 1.0 1.0 1.0 1.0 1.0 1.0 1.0 1.0 1.0 1.0 1.0 1.0 1.0 1.0 1.0 1.0 1.0 1.0 1.0 1.0 1.0 1.0 1.0 1.0 1.0 1.0 1.0 
1.0 1.0 1.0 1.0 1.0 1.0 1.0 1.0 1.0 1.0 1.0 1.0 1.0 1.0 1.0 1.0 1.0 1.0 1.0 1.0 1.0 1.0 1.0 1.0 1.0 1.0 1.0 1.0 1.0 0.0 1.0 1.0 1.0 1.0 1.0 1.0 1.0 1.0 1.0 1.0 1.0 1.0 1.0 1.0 1.0 1.0 1.0 1.0 1.0 1.0 1.0 1.0 1.0 1.0 1.0 1.0 1.0 1.0 1.0 1.0 1.0 1.0 1.0 1.0 
1.0 1.0 1.0 1.0 1.0 1.0 1.0 1.0 1.0 1.0 1.0 1.0 1.0 1.0 1.0 1.0 1.0 1.0 1.0 1.0 1.0 1.0 1.0 1.0 1.0 1.0 1.0 1.0 1.0 1.0 0.0 1.0 1.0 1.0 1.0 1.0 1.0 1.0 1.0 1.0 1.0 1.0 1.0 1.0 1.0 1.0 1.0 1.0 1.0 1.0 1.0 1.0 1.0 1.0 1.0 1.0 1.0 1.0 1.0 1.0 1.0 1.0 1.0 1.0 
1.0 1.0 1.0 1.0 1.0 1.0 1.0 1.0 1.0 1.0 1.0 1.0 1.0 1.0 1.0 1.0 1.0 1.0 1.0 1.0 1.0 1.0 1.0 1.0 1.0 1.0 1.0 1.0 1.0 1.0 1.0 0.0 1.0 1.0 1.0 1.0 1.0 1.0 1.0 1.0 1.0 1.0 1.0 1.0 1.0 1.0 1.0 1.0 1.0 1.0 1.0 1.0 1.0 1.0 1.0 1.0 1.0 1.0 1.0 1.0 1.0 1.0 1.0 1.0 
1.0 1.0 1.0 1.0 1.0 1.0 1.0 1.0 1.0 1.0 1.0 1.0 1.0 1.0 1.0 1.0 1.0 1.0 1.0 1.0 1.0 1.0 1.0 1.0 1.0 1.0 1.0 1.0 1.0 1.0 1.0 1.0 0.0 1.0 1.0 1.0 1.0 1.0 1.0 1.0 1.0 1.0 1.0 1.0 1.0 1.0 1.0 1.0 1.0 1.0 1.0 1.0 1.0 1.0 1.0 1.0 1.0 1.0 1.0 1.0 1.0 1.0 1.0 1.0 
1.0 1.0 1.0 1.0 1.0 1.0 1.0 1.0 1.0 1.0 1.0 1.0 1.0 1.0 1.0 1.0 1.0 1.0 1.0 1.0 1.0 1.0 1.0 1.0 1.0 1.0 1.0 1.0 1.0 1.0 1.0 1.0 1.0 0.0 1.0 1.0 1.0 1.0 1.0 1.0 1.0 1.0 1.0 1.0 1.0 1.0 1.0 1.0 1.0 1.0 1.0 1.0 1.0 1.0 1.0 1.0 1.0 1.0 1.0 1.0 1.0 1.0 1.0 1.0 
1.0 1.0 1.0 1.0 1.0 1.0 1.0 1.0 1.0 1.0 1.0 1.0 1.0 1.0 1.0 1.0 1.0 1.0 1.0 1.0 1.0 1.0 1.0 1.0 1.0 1.0 1.0 1.0 1.0 1.0 1.0 1.0 1.0 1.0 0.0 1.0 1.0 1.0 1.0 1.0 1.0 1.0 1.0 1.0 1.0 1.0 1.0 1.0 1.0 1.0 1.0 1.0 1.0 1.0 1.0 1.0 1.0 1.0 1.0 1.0 1.0 1.0 1.0 1.0 
1.0 1.0 1.0 1.0 1.0 1.0 1.0 1.0 1.0 1.0 1.0 1.0 1.0 1.0 1.0 1.0 1.0 1.0 1.0 1.0 1.0 1.0 1.0 1.0 1.0 1.0 1.0 1.0 1.0 1.0 1.0 1.0 1.0 1.0 1.0 0.0 1.0 1.0 1.0 1.0 1.0 1.0 1.0 1.0 1.0 1.0 1.0 1.0 1.0 1.0 1.0 1.0 1.0 1.0 1.0 1.0 1.0 1.0 1.0 1.0 1.0 1.0 1.0 1.0 
1.0 1.0 1.0 1.0 1.0 1.0 1.0 1.0 1.0 1.0 1.0 1.0 1.0 1.0 1.0 1.0 1.0 1.0 1.0 1.0 1.0 1.0 1.0 1.0 1.0 1.0 1.0 1.0 1.0 1.0 1.0 1.0 1.0 1.0 1.0 1.0 0.0 1.0 1.0 1.0 1.0 1.0 1.0 1.0 1.0 1.0 1.0 1.0 1.0 1.0 1.0 1.0 1.0 1.0 1.0 1.0 1.0 1.0 1.0 1.0 1.0 1.0 1.0 1.0 
1.0 1.0 1.0 1.0 1.0 1.0 1.0 1.0 1.0 1.0 1.0 1.0 1.0 1.0 1.0 1.0 1.0 1.0 1.0 1.0 1.0 1.0 1.0 1.0 1.0 1.0 1.0 1.0 1.0 1.0 1.0 1.0 1.0 1.0 1.0 1.0 1.0 0.0 1.0 1.0 1.0 1.0 1.0 1.0 1.0 1.0 1.0 1.0 1.0 1.0 1.0 1.0 1.0 1.0 1.0 1.0 1.0 1.0 1.0 1.0 1.0 1.0 1.0 1.0 
1.0 1.0 1.0 1.0 1.0 1.0 1.0 1.0 1.0 1.0 1.0 1.0 1.0 1.0 1.0 1.0 1.0 1.0 1.0 1.0 1.0 1.0 1.0 1.0 1.0 1.0 1.0 1.0 1.0 1.0 1.0 1.0 1.0 1.0 1.0 1.0 1.0 1.0 0.0 1.0 1.0 1.0 1.0 1.0 1.0 1.0 1.0 1.0 1.0 1.0 1.0 1.0 1.0 1.0 1.0 1.0 1.0 1.0 1.0 1.0 1.0 1.0 1.0 1.0 
1.0 1.0 1.0 1.0 1.0 1.0 1.0 1.0 1.0 1.0 1.0 1.0 1.0 1.0 1.0 1.0 1.0 1.0 1.0 1.0 1.0 1.0 1.0 1.0 1.0 1.0 1.0 1.0 1.0 1.0 1.0 1.0 1.0 1.0 1.0 1.0 1.0 1.0 1.0 0.0 1.0 1.0 1.0 1.0 1.0 1.0 1.0 1.0 1.0 1.0 1.0 1.0 1.0 1.0 1.0 1.0 1.0 1.0 1.0 1.0 1.0 1.0 1.0 1.0 
1.0 1.0 1.0 1.0 1.0 1.0 1.0 1.0 1.0 1.0 1.0 1.0 1.0 1.0 1.0 1.0 1.0 1.0 1.0 1.0 1.0 1.0 1.0 1.0 1.0 1.0 1.0 1.0 1.0 1.0 1.0 1.0 1.0 1.0 1.0 1.0 1.0 1.0 1.0 1.0 0.0 1.0 1.0 1.0 1.0 1.0 1.0 1.0 1.0 1.0 1.0 1.0 1.0 1.0 1.0 1.0 1.0 1.0 1.0 1.0 1.0 1.0 1.0 1.0 
1.0 1.0 1.0 1.0 1.0 1.0 1.0 1.0 1.0 1.0 1.0 1.0 1.0 1.0 1.0 1.0 1.0 1.0 1.0 1.0 1.0 1.0 1.0 1.0 1.0 1.0 1.0 1.0 1.0 1.0 1.0 1.0 1.0 1.0 1.0 1.0 1.0 1.0 1.0 1.0 1.0 0.0 1.0 1.0 1.0 1.0 1.0 1.0 1.0 1.0 1.0 1.0 1.0 1.0 1.0 1.0 1.0 1.0 1.0 1.0 1.0 1.0 1.0 1.0 
1.0 1.0 1.0 1.0 1.0 1.0 1.0 1.0 1.0 1.0 1.0 1.0 1.0 1.0 1.0 1.0 1.0 1.0 1.0 1.0 1.0 1.0 1.0 1.0 1.0 1.0 1.0 1.0 1.0 1.0 1.0 1.0 1.0 1.0 1.0 1.0 1.0 1.0 1.0 1.0 1.0 1.0 0.0 1.0 1.0 1.0 1.0 1.0 1.0 1.0 1.0 1.0 1.0 1.0 1.0 1.0 1.0 1.0 1.0 1.0 1.0 1.0 1.0 1.0 
1.0 1.0 1.0 1.0 1.0 1.0 1.0 1.0 1.0 1.0 1.0 1.0 1.0 1.0 1.0 1.0 1.0 1.0 1.0 1.0 1.0 1.0 1.0 1.0 1.0 1.0 1.0 1.0 1.0 1.0 1.0 1.0 1.0 1.0 1.0 1.0 1.0 1.0 1.0 1.0 1.0 1.0 1.0 0.0 1.0 1.0 1.0 1.0 1.0 1.0 1.0 1.0 1.0 1.0 1.0 1.0 1.0 1.0 1.0 1.0 1.0 1.0 1.0 1.0 
1.0 1.0 1.0 1.0 1.0 1.0 1.0 1.0 1.0 1.0 1.0 1.0 1.0 1.0 1.0 1.0 1.0 1.0 1.0 1.0 1.0 1.0 1.0 1.0 1.0 1.0 1.0 1.0 1.0 1.0 1.0 1.0 1.0 1.0 1.0 1.0 1.0 1.0 1.0 1.0 1.0 1.0 1.0 1.0 0.0 1.0 1.0 1.0 1.0 1.0 1.0 1.0 1.0 1.0 1.0 1.0 1.0 1.0 1.0 1.0 1.0 1.0 1.0 1.0 
1.0 1.0 1.0 1.0 1.0 1.0 1.0 1.0 1.0 1.0 1.0 1.0 1.0 1.0 1.0 1.0 1.0 1.0 1.0 1.0 1.0 1.0 1.0 1.0 1.0 1.0 1.0 1.0 1.0 1.0 1.0 1.0 1.0 1.0 1.0 1.0 1.0 1.0 1.0 1.0 1.0 1.0 1.0 1.0 1.0 0.0 1.0 1.0 1.0 1.0 1.0 1.0 1.0 1.0 1.0 1.0 1.0 1.0 1.0 1.0 1.0 1.0 1.0 1.0 
1.0 1.0 1.0 1.0 1.0 1.0 1.0 1.0 1.0 1.0 1.0 1.0 1.0 1.0 1.0 1.0 1.0 1.0 1.0 1.0 1.0 1.0 1.0 1.0 1.0 1.0 1.0 1.0 1.0 1.0 1.0 1.0 1.0 1.0 1.0 1.0 1.0 1.0 1.0 1.0 1.0 1.0 1.0 1.0 1.0 1.0 0.0 1.0 1.0 1.0 1.0 1.0 1.0 1.0 1.0 1.0 1.0 1.0 1.0 1.0 1.0 1.0 1.0 1.0 
1.0 1.0 1.0 1.0 1.0 1.0 1.0 1.0 1.0 1.0 1.0 1.0 1.0 1.0 1.0 1.0 1.0 1.0 1.0 1.0 1.0 1.0 1.0 1.0 1.0 1.0 1.0 1.0 1.0 1.0 1.0 1.0 1.0 1.0 1.0 1.0 1.0 1.0 1.0 1.0 1.0 1.0 1.0 1.0 1.0 1.0 1.0 0.0 1.0 1.0 1.0 1.0 1.0 1.0 1.0 1.0 1.0 1.0 1.0 1.0 1.0 1.0 1.0 1.0 
1.0 1.0 1.0 1.0 1.0 1.0 1.0 1.0 1.0 1.0 1.0 1.0 1.0 1.0 1.0 1.0 1.0 1.0 1.0 1.0 1.0 1.0 1.0 1.0 1.0 1.0 1.0 1.0 1.0 1.0 1.0 1.0 1.0 1.0 1.0 1.0 1.0 1.0 1.0 1.0 1.0 1.0 1.0 1.0 1.0 1.0 1.0 1.0 0.0 1.0 1.0 1.0 1.0 1.0 1.0 1.0 1.0 1.0 1.0 1.0 1.0 1.0 1.0 1.0 
1.0 1.0 1.0 1.0 1.0 1.0 1.0 1.0 1.0 1.0 1.0 1.0 1.0 1.0 1.0 1.0 1.0 1.0 1.0 1.0 1.0 1.0 1.0 1.0 1.0 1.0 1.0 1.0 1.0 1.0 1.0 1.0 1.0 1.0 1.0 1.0 1.0 1.0 1.0 1.0 1.0 1.0 1.0 1.0 1.0 1.0 1.0 1.0 1.0 0.0 1.0 1.0 1.0 1.0 1.0 1.0 1.0 1.0 1.0 1.0 1.0 1.0 1.0 1.0 
1.0 1.0 1.0 1.0 1.0 1.0 1.0 1.0 1.0 1.0 1.0 1.0 1.0 1.0 1.0 1.0 1.0 1.0 1.0 1.0 1.0 1.0 1.0 1.0 1.0 1.0 1.0 1.0 1.0 1.0 1.0 1.0 1.0 1.0 1.0 1.0 1.0 1.0 1.0 1.0 1.0 1.0 1.0 1.0 1.0 1.0 1.0 1.0 1.0 1.0 0.0 1.0 1.0 1.0 1.0 1.0 1.0 1.0 1.0 1.0 1.0 1.0 1.0 1.0 
1.0 1.0 1.0 1.0 1.0 1.0 1.0 1.0 1.0 1.0 1.0 1.0 1.0 1.0 1.0 1.0 1.0 1.0 1.0 1.0 1.0 1.0 1.0 1.0 1.0 1.0 1.0 1.0 1.0 1.0 1.0 1.0 1.0 1.0 1.0 1.0 1.0 1.0 1.0 1.0 1.0 1.0 1.0 1.0 1.0 1.0 1.0 1.0 1.0 1.0 1.0 0.0 1.0 1.0 1.0 1.0 1.0 1.0 1.0 1.0 1.0 1.0 1.0 1.0 
1.0 1.0 1.0 1.0 1.0 1.0 1.0 1.0 1.0 1.0 1.0 1.0 1.0 1.0 1.0 1.0 1.0 1.0 1.0 1.0 1.0 1.0 1.0 1.0 1.0 1.0 1.0 1.0 1.0 1.0 1.0 1.0 1.0 1.0 1.0 1.0 1.0 1.0 1.0 1.0 1.0 1.0 1.0 1.0 1.0 1.0 1.0 1.0 1.0 1.0 1.0 1.0 0.0 1.0 1.0 1.0 1.0 1.0 1.0 1.0 1.0 1.0 1.0 1.0 
1.0 1.0 1.0 1.0 1.0 1.0 1.0 1.0 1.0 1.0 1.0 1.0 1.0 1.0 1.0 1.0 1.0 1.0 1.0 1.0 1.0 1.0 1.0 1.0 1.0 1.0 1.0 1.0 1.0 1.0 1.0 1.0 1.0 1.0 1.0 1.0 1.0 1.0 1.0 1.0 1.0 1.0 1.0 1.0 1.0 1.0 1.0 1.0 1.0 1.0 1.0 1.0 1.0 0.0 1.0 1.0 1.0 1.0 1.0 1.0 1.0 1.0 1.0 1.0 
1.0 1.0 1.0 1.0 1.0 1.0 1.0 1.0 1.0 1.0 1.0 1.0 1.0 1.0 1.0 1.0 1.0 1.0 1.0 1.0 1.0 1.0 1.0 1.0 1.0 1.0 1.0 1.0 1.0 1.0 1.0 1.0 1.0 1.0 1.0 1.0 1.0 1.0 1.0 1.0 1.0 1.0 1.0 1.0 1.0 1.0 1.0 1.0 1.0 1.0 1.0 1.0 1.0 1.0 0.0 1.0 1.0 1.0 1.0 1.0 1.0 1.0 1.0 1.0 
1.0 1.0 1.0 1.0 1.0 1.0 1.0 1.0 1.0 1.0 1.0 1.0 1.0 1.0 1.0 1.0 1.0 1.0 1.0 1.0 1.0 1.0 1.0 1.0 1.0 1.0 1.0 1.0 1.0 1.0 1.0 1.0 1.0 1.0 1.0 1.0 1.0 1.0 1.0 1.0 1.0 1.0 1.0 1.0 1.0 1.0 1.0 1.0 1.0 1.0 1.0 1.0 1.0 1.0 1.0 0.0 1.0 1.0 1.0 1.0 1.0 1.0 1.0 1.0 
1.0 1.0 1.0 1.0 1.0 1.0 1.0 1.0 1.0 1.0 1.0 1.0 1.0 1.0 1.0 1.0 1.0 1.0 1.0 1.0 1.0 1.0 1.0 1.0 1.0 1.0 1.0 1.0 1.0 1.0 1.0 1.0 1.0 1.0 1.0 1.0 1.0 1.0 1.0 1.0 1.0 1.0 1.0 1.0 1.0 1.0 1.0 1.0 1.0 1.0 1.0 1.0 1.0 1.0 1.0 1.0 0.0 1.0 1.0 1.0 1.0 1.0 1.0 1.0 
1.0 1.0 1.0 1.0 1.0 1.0 1.0 1.0 1.0 1.0 1.0 1.0 1.0 1.0 1.0 1.0 1.0 1.0 1.0 1.0 1.0 1.0 1.0 1.0 1.0 1.0 1.0 1.0 1.0 1.0 1.0 1.0 1.0 1.0 1.0 1.0 1.0 1.0 1.0 1.0 1.0 1.0 1.0 1.0 1.0 1.0 1.0 1.0 1.0 1.0 1.0 1.0 1.0 1.0 1.0 1.0 1.0 0.0 1.0 1.0 1.0 1.0 1.0 1.0 
1.0 1.0 1.0 1.0 1.0 1.0 1.0 1.0 1.0 1.0 1.0 1.0 1.0 1.0 1.0 1.0 1.0 1.0 1.0 1.0 1.0 1.0 1.0 1.0 1.0 1.0 1.0 1.0 1.0 1.0 1.0 1.0 1.0 1.0 1.0 1.0 1.0 1.0 1.0 1.0 1.0 1.0 1.0 1.0 1.0 1.0 1.0 1.0 1.0 1.0 1.0 1.0 1.0 1.0 1.0 1.0 1.0 1.0 0.0 1.0 1.0 1.0 1.0 1.0 
1.0 1.0 1.0 1.0 1.0 1.0 1.0 1.0 1.0 1.0 1.0 1.0 1.0 1.0 1.0 1.0 1.0 1.0 1.0 1.0 1.0 1.0 1.0 1.0 1.0 1.0 1.0 1.0 1.0 1.0 1.0 1.0 1.0 1.0 1.0 1.0 1.0 1.0 1.0 1.0 1.0 1.0 1.0 1.0 1.0 1.0 1.0 1.0 1.0 1.0 1.0 1.0 1.0 1.0 1.0 1.0 1.0 1.0 1.0 0.0 1.0 1.0 1.0 1.0 
1.0 1.0 1.0 1.0 1.0 1.0 1.0 1.0 1.0 1.0 1.0 1.0 1.0 1.0 1.0 1.0 1.0 1.0 1.0 1.0 1.0 1.0 1.0 1.0 1.0 1.0 1.0 1.0 1.0 1.0 1.0 1.0 1.0 1.0 1.0 1.0 1.0 1.0 1.0 1.0 1.0 1.0 1.0 1.0 1.0 1.0 1.0 1.0 1.0 1.0 1.0 1.0 1.0 1.0 1.0 1.0 1.0 1.0 1.0 1.0 0.0 1.0 1.0 1.0 
1.0 1.0 1.0 1.0 1.0 1.0 1.0 1.0 1.0 1.0 1.0 1.0 1.0 1.0 1.0 1.0 1.0 1.0 1.0 1.0 1.0 1.0 1.0 1.0 1.0 1.0 1.0 1.0 1.0 1.0 1.0 1.0 1.0 1.0 1.0 1.0 1.0 1.0 1.0 1.0 1.0 1.0 1.0 1.0 1.0 1.0 1.0 1.0 1.0 1.0 1.0 1.0 1.0 1.0 1.0 1.0 1.0 1.0 1.0 1.0 1.0 0.0 1.0 1.0 
1.0 1.0 1.0 1.0 1.0 1.0 1.0 1.0 1.0 1.0 1.0 1.0 1.0 1.0 1.0 1.0 1.0 1.0 1.0 1.0 1.0 1.0 1.0 1.0 1.0 1.0 1.0 1.0 1.0 1.0 1.0 1.0 1.0 1.0 1.0 1.0 1.0 1.0 1.0 1.0 1.0 1.0 1.0 1.0 1.0 1.0 1.0 1.0 1.0 1.0 1.0 1.0 1.0 1.0 1.0 1.0 1.0 1.0 1.0 1.0 1.0 1.0 0.0 1.0 
1.0 1.0 1.0 1.0 1.0 1.0 1.0 1.0 1.0 1.0 1.0 1.0 1.0 1.0 1.0 1.0 1.0 1.0 1.0 1.0 1.0 1.0 1.0 1.0 1.0 1.0 1.0 1.0 1.0 1.0 1.0 1.0 1.0 1.0 1.0 1.0 1.0 1.0 1.0 1.0 1.0 1.0 1.0 1.0 1.0 1.0 1.0 1.0 1.0 1.0 1.0 1.0 1.0 1.0 1.0 1.0 1.0 1.0 1.0 1.0 1.0 1.0 1.0 0.0 