64
93 38 66 29 37 99 69 41 55 84 14 96 19 50 98 42 31 59 82 51 44 22 16 21 34 84 55 88 64 52 64 53 81 15 27 40 34 38 62 77 82 94 33 94 77 46 94 83 76 30 76 59 44 60 13 85 31 75 56 73 95 8 21 8 
92 82 7 18 88 27 70 30 3 15 57 93 4 18 25 18 99 88 92 9 34 15 64 34 48 56 80 76 72 98 90 38 26 47 50 56 49 77 49 38 7 80 45 69 43 82 50 42 55 2 50 45 75 31 47 8 93 15 45 83 66 10 1 43 
24 65 49 26 97 25 66 18 86 50 66 69 21 7 93 90 4 36 47 52 2 31 63 54 21 42 51 94 95 56 98 29 95 88 44 6 55 21 86 12 29 57 8 92 86 42 46 52 1 48 45 67 65 30 3 62 83 33 58 73 14 1 27 89 
41 45 23 74 7 97 28 28 47 38 49 1 26 81 47 19 82 70 28 69 46 54 67 100 74 71 11 55 6 45 52 23 35 31 91 49 59 8 97 78 67 62 48 69 41 82 29 82 15 100 5 26 8 14 2 70 84 2 59 4 47 16 37 17 
8 28 22 65 77 93 69 56 74 91 43 89 55 24 78 35 3 16 73 69 93 29 79 32 12 100 75 70 95 47 96 26 14 95 99 71 31 56 33 80 65 69 73 68 80 65 28 59 8 34 78 38 44 32 70 51 53 34 72 75 45 57 100 29 
33 75 51 21 74 18 38 19 77 11 59 30 2 9 51 74 31 5 88 11 6 31 81 1 9 57 35 62 64 58 86 17 79 1 100 69 20 47 35 42 62 40 19 99 9 63 94 6 23 2 54 81 53 39 74 73 4 60 42 96 100 93 27 15 
45 99 93 94 64 50 98 76 47 51 31 68 97 20 53 17 99 75 6 40 29 40 51 59 76 18 6 96 69 47 98 77 68 81 78 81 60 86 42 20 95 94 13 88 29 37 9 8 61 96 16 40 68 18 56 23 40 61 2 93 58 39 55 57 
77 56 72 3 9 11 90 85 60 99 29 23 60 88 1 12 4 35 3 85 42 92 69 5 50 79 62 88 69 58 45 9 3 20 83 60 48 99 22 51 7 91 81 90 24 56 38 36 71 44 26 10 15 97 13 44 65 98 57 90 92 57 21 64 
2 58 22 43 5 64 52 51 27 63 97 20 67 42 64 56 96 6 13 78 96 72 62 72 3 48 84 100 49 69 92 69 76 8 58 23 97 3 55 63 1 16 49 44 78 62 9 76 74 60 41 81 18 91 36 8 73 50 25 43 63 70 65 49 
1 24 87 35 40 18 92 36 12 54 44 91 24 36 44 24 34 68 24 45 28 42 23 9 73 39 83 23 9 62 27 100 75 81 48 51 79 42 63 15 71 35 77 89 31 71 38 80 34 32 11 54 94 16 85 86 72 11 46 43 64 23 69 71 
11 22 11 5 75 24 44 2 85 6 35 54 19 46 59 8 75 75 69 9 81 46 45 41 38 33 13 27 95 2 88 35 8 84 91 80 41 22 93 87 90 10 72 48 23 30 2 47 12 81 29 24 49 24 37 43 21 88 64 61 17 45 88 39 
29 51 92 59 79 83 61 30 34 42 1 79 5 47 4 66 12 55 36 76 32 91 91 93 63 48 46 28 30 32 67 77 81 77 16 39 79 96 50 87 18 21 17 79 33 4 41 100 10 29 99 33 51 83 19 28 45 48 42 48 4 2 25 5 
43 58 48 72 12 66 24 1 52 91 62 50 47 49 71 71 22 45 21 47 27 18 55 53 18 3 29 93 19 33 25 12 83 1 71 65 98 92 33 76 98 65 7 72 60 46 53 28 93 91 45 96 21 46 93 18 38 44 84 2 48 22 17 49 
61 87 65 75 47 49 49 19 71 21 17 96 89 5 40 87 79 86 23 57 61 77 37 53 24 46 92 60 32 53 8 71 24 9 79 77 7 99 83 64 41 67 96 48 53 35 90 96 79 54 28 42 74 76 22 87 5 10 44 2 97 28 82 4 
32 12 30 1 1 36 9 63 73 1 67 95 19 22 38 74 5 97 3 73 50 60 3 67 27 100 8 50 1 81 33 47 47 57 37 73 83 38 1 19 10 53 55 97 57 57 85 4 4 37 46 50 66 7 37 47 35 69 25 71 99 73 9 90 
93 16 51 74 99 25 54 27 34 33 100 95 82 92 1 12 51 33 2 65 25 25 87 67 96 79 30 69 16 4 81 15 46 94 88 54 37 86 92 4 31 95 38 23 94 75 72 31 63 35 44 51 28 86 52 64 99 61 15 7 33 40 89 30 
11 61 28 89 86 58 89 34 30 34 78 79 70 61 52 23 72 98 95 87 3 19 13 46 84 71 36 69 7 95 12 16 15 44 87 68 85 34 71 10 87 41 82 14 46 98 43 38 98 90 82 60 65 16 62 11 82 76 67 89 66 60 47 45 
84 77 56 39 11 55 99 78 27 61 8 53 23 65 70 63 95 94 39 10 43 35 48 56 44 22 53 77 35 88 32 73 9 75 1 64 94 86 66 66 87 29 30 78 58 15 5 7 71 85 59 73 51 40 39 81 79 29 80 21 72 8 44 64 
54 51 28 77 21 100 98 39 62 16 82 94 24 3 57 75 18 65 22 73 37 58 89 53 77 77 1 91 48 98 25 30 21 53 17 98 84 85 93 51 73 62 11 68 62 94 98 12 76 13 43 3 86 85 4 38 44 65 86 82 67 9 8 35 
69 59 5 71 49 22 61 14 35 10 28 53 79 61 90 59 9 64 75 3 15 32 86 74 14 67 93 7 36 43 78 62 66 71 22 44 6 92 69 9 36 28 70 59 62 59 84 11 65 38 69 51 58 55 95 6 13 11 13 76 68 4 60 86 
57 27 29 61 50 68 42 82 46 73 47 26 89 88 64 28 82 39 85 81 47 95 53 81 67 76 76 2 91 99 69 49 70 35 46 89 32 47 34 34 50 49 26 39 35 69 30 57 78 17 67 92 51 64 27 42 76 98 34 91 58 1 26 74 
96 54 21 12 37 77 75 5 58 7 55 17 74 21 99 71 12 17 4 97 78 61 39 98 30 84 48 70 76 71 94 67 49 14 11 32 66 6 56 63 1 50 26 77 88 6 93 14 53 5 6 12 89 98 99 62 17 91 99 58 65 65 99 91 
53 16 7 92 60 14 93 54 29 53 4 29 43 71 12 73 92 97 84 66 78 59 14 99 50 87 8 12 41 59 51 100 98 28 27 48 21 14 36 51 30 87 84 99 6 2 13 98 54 71 45 40 2 65 96 82 67 39 75 41 22 92 13 58 
79 18 4 79 24 82 15 50 39 31 38 37 69 46 61 53 98 92 78 55 43 29 78 73 78 82 43 1 42 44 1 91 97 48 41 92 12 21 20 64 90 69 8 95 51 87 80 11 33 12 83 59 96 17 19 24 28 58 95 79 6 10 64 90 
40 26 74 4 80 27 84 22 98 95 67 51 11 49 24 59 75 34 57 32 20 26 5 17 59 83 37 23 5 94 12 93 29 81 50 45 14 19 35 20 33 31 1 82 6 98 59 3 86 45 13 91 16 63 63 25 35 37 11 36 76 32 69 52 
36 18 83 58 66 75 55 58 41 98 37 93 4 4 23 82 72 45 68 41 12 51 59 69 32 39 30 62 50 66 37 3 75 72 4 40 22 25 74 16 39 11 61 57 89 82 35 94 71 41 29 52 97 36 72 8 74 95 20 68 41 32 50 72 
100 39 3 17 8 15 32 63 80 97 95 13 80 77 60 82 77 27 83 78 61 39 60 52 71 66 96 78 14 35 73 80 81 87 98 74 17 83 72 17 79 50 44 2 91 27 82 52 40 11 83 26 45 26 11 9 1 55 70 6 45 100 31 86 
43 67 78 45 77 64 65 48 21 61 100 2 50 25 12 42 26 64 8 23 55 6 55 8 72 77 75 41 76 17 67 33 15 97 74 75 26 90 8 53 9 93 99 38 24 97 61 38 96 86 14 39 88 42 95 60 66 41 62 10 58 28 11 72 
22 63 28 24 20 28 93 17 7 17 71 23 95 98 67 53 82 45 4 18 19 9 23 80 29 58 50 75 14 38 37 5 9 100 43 8 17 100 33 49 53 32 31 92 17 27 28 34 70 98 71 28 98 59 100 77 23 64 28 18 50 91 92 67 
57 83 7 40 90 63 91 58 75 55 33 98 79 100 29 53 76 9 21 90 33 89 58 57 1 79 40 37 52 2 62 11 84 13 4 11 76 73 17 94 61 62 80 93 65 14 33 3 60 18 78 44 80 26 64 14 12 68 9 81 97 62 92 1 
85 17 47 2 94 35 56 48 48 37 28 2 61 12 56 28 73 44 24 25 32 18 21 66 45 95 71 41 67 24 9 22 60 49 95 70 27 52 16 86 68 64 60 55 33 82 6 19 50 77 40 11 34 42 29 36 86 55 49 97 8 98 75 24 
25 40 79 3 57 74 18 62 69 96 92 2 40 84 29 42 96 14 73 86 64 26 35 42 79 28 63 12 83 35 57 97 46 34 53 52 19 37 59 65 89 69 36 94 60 48 7 82 15 79 66 16 42 52 87 71 39 61 99 44 62 24 6 74 
70 15 2 6 28 26 48 72 49 40 83 27 38 52 100 98 78 72 68 42 7 43 83 31 31 8 9 67 41 14 19 69 81 7 7 13 1 24 74 68 44 40 52 50 33 8 88 98 72 18 16 20 59 25 36 27 80 23 69 33 16 64 95 26 
40 62 49 46 25 78 40 59 92 68 2 53 53 17 30 34 32 36 14 54 85 40 38 3 51 3 88 25 11 46 74 92 92 74 4 98 42 8 1 48 1 31 1 75 38 37 85 51 31 16 21 1 86 82 63 24 9 1 24 68 68 93 26 3 
87 55 34 59 60 1 81 37 29 1 47 30 49 49 65 54 22 68 13 16 89 11 4 12 55 38 69 99 28 58 38 89 34 71 47 14 17 51 77 79 39 74 95 39 82 89 91 33 30 84 88 30 95 61 45 22 87 24 93 79 65 25 56 26 
41 69 54 97 48 49 51 62 48 8 43 90 28 43 38 2 88 82 93 86 94 68 66 10 7 25 5 85 13 91 67 45 71 36 56 2 43 100 59 78 6 61 23 25 9 74 6 7 74 60 34 2 95 86 83 9 4 87 19 36 28 69 83 39 
71 14 1 51 60 4 57 100 71 49 18 65 79 6 14 43 56 77 48 93 35 74 50 68 46 18 96 29 23 40 93 7 3 22 62 90 89 50 64 85 33 4 27 17 18 73 17 72 20 67 71 59 44 39 50 43 47 42 14 25 16 78 1 82 
93 15 1 30 95 56 25 70 97 9 68 82 87 33 11 26 99 86 81 14 41 25 85 100 36 41 26 14 63 16 95 88 25 67 19 36 97 99 18 67 57 13 59 53 20 80 70 25 95 94 10 38 96 84 46 46 6 31 94 78 77 55 1 85 
5 78 62 47 24 47 83 44 56 84 91 6 43 40 25 65 52 31 97 84 27 46 97 80 11 36 50 15 45 33 2 23 6 7 53 95 37 95 18 55 64 15 4 78 43 66 7 14 70 70 3 82 26 65 36 1 40 2 44 18 86 29 29 73 
26 15 18 11 66 63 100 42 47 36 65 2 58 21 15 31 75 85 35 97 77 24 33 36 50 25 50 8 80 85 58 35 18 63 5 64 34 55 74 12 52 72 43 35 74 20 39 94 1 66 77 25 88 88 31 64 10 67 55 50 92 24 49 90 
10 6 26 65 46 26 90 24 18 14 84 93 94 36 69 43 63 62 53 71 65 84 67 12 62 13 46 53 74 53 95 6 44 74 80 37 34 69 54 27 20 13 71 25 62 55 22 38 88 24 34 65 28 7 3 42 95 73 76 93 89 38 39 48 
70 58 80 90 49 76 48 96 12 99 37 46 18 80 69 94 92 41 53 66 72 4 69 13 5 71 21 78 87 78 47 96 25 46 17 97 14 68 63 96 65 86 39 9 97 8 28 89 87 1 84 2 69 89 1 84 27 33 64 52 94 79 49 38 
62 99 6 80 13 13 49 11 75 6 36 86 82 40 81 6 89 2 27 94 48 21 7 23 25 100 92 85 26 32 30 80 41 44 29 22 97 32 88 42 92 11 34 28 87 64 13 31 62 58 24 8 7 92 51 57 40 36 14 54 56 20 80 42 
55 70 63 23 2 12 36 76 47 55 39 46 47 71 85 79 61 62 57 77 81 81 33 30 44 15 80 20 16 78 78 35 84 48 42 57 67 24 65 99 62 97 7 92 66 45 1 23 61 61 34 99 51 63 34 91 23 65 87 43 13 60 97 33 
96 21 25 53 8 90 46 28 18 38 78 42 81 30 26 50 23 46 71 2 99 73 62 3 44 4 11 39 86 42 78 20 18 31 43 36 56 84 89 58 32 69 16 2 13 89 73 59 68 13 75 26 31 76 54 23 63 97 16 83 87 22 68 4 
28 47 89 18 1 15 59 35 51 40 96 45 59 4 58 77 78 22 78 18 32 12 92 3 25 27 96 56 49 42 27 8 30 36 2 55 6 98 99 73 93 91 91 50 71 97 74 36 40 2 54 15 66 32 56 28 93 46 22 91 20 72 53 65 
35 74 49 31 96 100 60 44 44 47 48 49 26 67 25 28 66 56 35 68 41 96 11 7 64 76 17 51 46 76 89 20 22 30 50 8 56 99 62 14 12 34 22 42 42 72 37 1 36 64 46 23 51 89 17 8 52 78 82 37 92 61 86 83 
59 71 55 62 50 77 12 73 28 58 76 5 6 28 94 59 94 100 85 92 8 61 81 73 10 50 9 5 54 89 56 52 16 81 38 8 51 87 1 66 21 52 71 28 30 54 96 58 24 25 26 76 51 86 24 1 54 30 2 71 34 47 9 97 
89 96 88 89 14 97 80 29 40 93 11 97 65 65 9 45 92 25 70 32 9 37 22 76 8 92 30 80 12 21 9 46 31 83 67 34 3 62 50 16 51 94 63 37 2 46 69 92 99 47 26 63 48 86 95 87 40 81 14 83 92 86 34 61 
75 13 18 49 18 47 44 42 70 46 28 48 8 85 31 49 94 15 61 62 75 85 48 33 51 68 37 36 92 97 62 87 51 30 49 89 71 57 82 93 18 14 93 77 70 96 92 28 57 96 50 75 14 59 45 38 19 57 45 38 59 82 27 37 
24 60 31 58 5 38 60 26 43 38 88 23 24 100 52 6 11 60 57 67 23 55 99 81 78 1 18 66 92 97 37 45 36 55 59 49 78 51 79 57 45 5 4 8 25 76 47 82 69 53 96 8 36 34 76 7 51 21 37 61 16 88 16 45 
78 74 44 52 100 27 38 54 71 41 8 38 18 23 71 1 16 60 21 66 96 38 50 34 61 71 28 48 84 70 33 12 23 6 42 64 3 96 98 97 41 28 7 28 46 32 67 35 65 26 57 6 48 45 18 26 43 70 51 86 31 68 90 17 
9 38 3 7 47 91 77 65 1 16 81 31 99 73 29 89 100 63 6 76 96 62 34 62 93 70 3 99 61 20 90 100 63 78 98 5 39 43 40 70 4 58 48 53 22 84 40 72 40 88 18 77 58 94 79 5 33 55 22 13 89 44 90 41 
18 33 80 73 68 55 71 15 89 19 77 89 15 39 28 15 86 48 50 97 20 43 63 72 99 39 70 73 58 53 34 35 53 79 31 9 85 7 1 2 39 71 26 12 70 51 47 32 73 10 51 97 4 34 78 64 83 79 77 100 20 76 25 99 
23 88 27 4 4 56 46 3 59 15 9 49 13 11 16 98 90 67 31 72 89 35 94 60 60 76 20 11 75 77 83 52 27 51 73 10 7 76 34 68 61 89 19 49 14 30 38 69 98 4 44 7 60 82 73 48 78 25 3 58 40 43 97 92 
23 81 85 91 52 41 75 68 86 88 78 88 19 68 35 64 63 59 73 95 91 81 2 66 93 71 87 79 26 19 48 91 88 46 4 26 90 59 71 71 46 34 83 2 10 22 56 8 98 90 7 69 16 45 14 24 97 11 66 25 38 93 65 93 
17 43 85 76 66 77 90 40 56 9 12 64 12 70 55 34 93 9 45 17 24 36 25 81 19 29 66 87 42 32 51 47 93 44 82 77 55 10 81 82 81 64 22 45 16 90 68 55 59 98 66 24 47 11 59 37 5 32 99 78 58 3 42 11 
57 31 36 42 31 53 91 29 67 59 39 9 98 6 58 72 89 49 69 57 98 28 3 91 4 99 33 61 3 68 54 3 1 96 57 63 27 11 85 52 1 8 52 91 64 17 3 40 30 56 43 46 94 88 8 66 38 83 65 29 64 24 97 82 
58 13 41 60 32 65 10 61 17 100 62 36 15 59 25 72 69 46 84 12 76 74 37 68 32 22 13 47 22 57 75 40 6 18 45 84 26 37 84 21 95 31 50 69 23 26 78 72 71 93 74 66 13 85 78 64 16 16 6 24 72 24 97 29 
56 97 54 49 63 14 78 57 87 2 28 3 14 63 36 76 42 40 40 92 23 88 99 17 44 59 78 45 54 99 49 56 27 76 25 23 55 77 31 69 75 56 34 48 58 61 11 21 27 22 79 48 18 99 23 37 33 76 26 27 38 42 59 78 
19 44 3 49 6 96 55 74 75 38 36 8 38 96 72 20 9 7 42 86 21 21 4 12 82 85 93 39 16 5 65 23 23 76 23 40 61 97 35 38 12 37 63 49 41 66 51 65 77 48 34 32 20 40 93 56 54 36 29 28 90 9 57 27 
73 83 83 79 68 35 21 86 84 79 100 9 10 53 34 27 68 4 70 45 50 54 7 44 50 79 37 9 99 35 91 38 25 29 30 25 16 15 3 52 26 21 9 66 15 82 8 84 20 100 72 6 51 86 52 19 60 88 44 79 61 54 20 15 
37 96 45 32 86 22 40 91 13 28 8 48 94 75 97 49 44 82 74 6 56 63 55 30 82 74 4 22 96 30 72 40 100 70 95 33 85 33 100 59 47 29 56 21 38 29 3 96 56 11 58 7 22 49 70 90 6 90 39 49 98 81 9 48 
11 92 46 54 98 2 28 87 33 78 84 96 83 13 39 3 22 99 71 61 72 64 81 18 77 94 31 68 96 86 44 53 98 19 63 61 21 96 27 31 77 77 43 49 20 17 15 89 60 12 3 84 96 9 48 35 50 100 4 56 72 22 32 73 
0.0 1.0 1.0 1.0 1.0 1.0 1.0 1.0 1.0 1.0 1.0 1.0 1.0 1.0 1.0 1.0 1.0 1.0 1.0 1.0 1.0 1.0 1.0 1.0 1.0 1.0 1.0 1.0 1.0 1.0 1.0 1.0 1.0 1.0 1.0 1.0 1.0 1.0 1.0 1.0 1.0 1.0 1.0 1.0 1.0 1.0 1.0 1.0 1.0 1.0 1.0 1.0 1.0 1.0 1.0 1.0 1.0 1.0 1.0 1.0 1.0 1.0 1.0 1.0 
1.0 0.0 1.0 1.0 1.0 1.0 1.0 1.0 1.0 1.0 1.0 1.0 1.0 1.0 1.0 1.0 1.0 1.0 1.0 1.0 1.0 1.0 1.0 1.0 1.0 1.0 1.0 1.0 1.0 1.0 1.0 1.0 1.0 1.0 1.0 1.0 1.0 1.0 1.0 1.0 1.0 1.0 1.0 1.0 1.0 1.0 1.0 1.0 1.0 1.0 1.0 1.0 1.0 1.0 1.0 1.0 1.0 1.0 1.0 1.0 1.0 1.0 1.0 1.0 
1.0 1.0 0.0 1.0 1.0 1.0 1.0 1.0 1.0 1.0 1.0 1.0 1.0 1.0 1.0 1.0 1.0 1.0 1.0 1.0 1.0 1.0 1.0 1.0 1.0 1.0 1.0 1.0 1.0 1.0 1.0 1.0 1.0 1.0 1.0 1.0 1.0 1.0 1.0 1.0 1.0 1.0 1.0 1.0 1.0 1.0 1.0 1.0 1.0 1.0 1.0 1.0 1.0 1.0 1.0 1.0 1.0 1.0 1.0 1.0 1.0 1.0 1.0 1.0 
1.0 1.0 1.0 0.0 1.0 1.0 1.0 1.0 1.0 1.0 1.0 1.0 1.0 1.0 1.0 1.0 1.0 1.0 1.0 1.0 1.0 1.0 1.0 1.0 1.0 1.0 1.0 1.0 1.0 1.0 1.0 1.0 1.0 1.0 1.0 1.0 1.0 1.0 1.0 1.0 1.0 1.0 1.0 1.0 1.0 1.0 1.0 1.0 1.0 1.0 1.0 1.0 1.0 1.0 1.0 1.0 1.0 1.0 1.0 1.0 1.0 1.0 1.0 1.0 
1.0 1.0 1.0 1.0 0.0 1.0 1.0 1.0 1.0 1.0 1.0 1.0 1.0 1.0 1.0 1.0 1.0 1.0 1.0 1.0 1.0 1.0 1.0 1.0 1.0 1.0 1.0 1.0 1.0 1.0 1.0 1.0 1.0 1.0 1.0 1.0 1.0 1.0 1.0 1.0 1.0 1.0 1.0 1.0 1.0 1.0 1.0 1.0 1.0 1.0 1.0 1.0 1.0 1.0 1.0 1.0 1.0 1.0 1.0 1.0 1.0 1.0 1.0 1.0 
1.0 1.0 1.0 1.0 1.0 0.0 1.0 1.0 1.0 1.0 1.0 1.0 1.0 1.0 1.0 1.0 1.0 1.0 1.0 1.0 1.0 1.0 1.0 1.0 1.0 1.0 1.0 1.0 1.0 1.0 1.0 1.0 1.0 1.0 1.0 1.0 1.0 1.0 1.0 1.0 1.0 1.0 1.0 1.0 1.0 1.0 1.0 1.0 1.0 1.0 1.0 1.0 1.0 1.0 1.0 1.0 1.0 1.0 1.0 1.0 1.0 1.0 1.0 1.0 
1.0 1.0 1.0 1.0 1.0 1.0 0.0 1.0 1.0 1.0 1.0 1.0 1.0 1.0 1.0 1.0 1.0 1.0 1.0 1.0 1.0 1.0 1.0 1.0 1.0 1.0 1.0 1.0 1.0 1.0 1.0 1.0 1.0 1.0 1.0 1.0 1.0 1.0 1.0 1.0 1.0 1.0 1.0 1.0 1.0 1.0 1.0 1.0 1.0 1.0 1.0 1.0 1.0 1.0 1.0 1.0 1.0 1.0 1.0 1.0 1.0 1.0 1.0 1.0 
1.0 1.0 1.0 1.0 1.0 1.0 1.0 0.0 1.0 1.0 1.0 1.0 1.0 1.0 1.0 1.0 1.0 1.0 1.0 1.0 1.0 1.0 1.0 1.0 1.0 1.0 1.0 1.0 1.0 1.0 1.0 1.0 1.0 1.0 1.0 1.0 1.0 1.0 1.0 1.0 1.0 1.0 1.0 1.0 1.0 1.0 1.0 1.0 1.0 1.0 1.0 1.0 1.0 1.0 1.0 1.0 1.0 1.0 1.0 1.0 1.0 1.0 1.0 1.0 
1.0 1.0 1.0 1.0 1.0 1.0 1.0 1.0 0.0 1.0 1.0 1.0 1.0 1.0 1.0 1.0 1.0 1.0 1.0 1.0 1.0 1.0 1.0 1.0 1.0 1.0 1.0 1.0 1.0 1.0 1.0 1.0 1.0 1.0 1.0 1.0 1.0 1.0 1.0 1.0 1.0 1.0 1.0 1.0 1.0 1.0 1.0 1.0 1.0 1.0 1.0 1.0 1.0 1.0 1.0 1.0 1.0 1.0 1.0 1.0 1.0 1.0 1.0 1.0 
1.0 1.0 1.0 1.0 1.0 1.0 1.0 1.0 1.0 0.0 1.0 1.0 1.0 1.0 1.0 1.0 1.0 1.0 1.0 1.0 1.0 1.0 1.0 1.0 1.0 1.0 1.0 1.0 1.0 1.0 1.0 1.0 1.0 1.0 1.0 1.0 1.0 1.0 1.0 1.0 1.0 1.0 1.0 1.0 1.0 1.0 1.0 1.0 1.0 1.0 1.0 1.0 1.0 1.0 1.0 1.0 1.0 1.0 1.0 1.0 1.0 1.0 1.0 1.0 
1.0 1.0 1.0 1.0 1.0 1.0 1.0 1.0 1.0 1.0 0.0 1.0 1.0 1.0 1.0 1.0 1.0 1.0 1.0 1.0 1.0 1.0 1.0 1.0 1.0 1.0 1.0 1.0 1.0 1.0 1.0 1.0 1.0 1.0 1.0 1.0 1.0 1.0 1.0 1.0 1.0 1.0 1.0 1.0 1.0 1.0 1.0 1.0 1.0 1.0 1.0 1.0 1.0 1.0 1.0 1.0 1.0 1.0 1.0 1.0 1.0 1.0 1.0 1.0 
1.0 1.0 1.0 1.0 1.0 1.0 1.0 1.0 1.0 1.0 1.0 0.0 1.0 1.0 1.0 1.0 1.0 1.0 1.0 1.0 1.0 1.0 1.0 1.0 1.0 1.0 1.0 1.0 1.0 1.0 1.0 1.0 1.0 1.0 1.0 1.0 1.0 1.0 1.0 1.0 1.0 1.0 1.0 1.0 1.0 1.0 1.0 1.0 1.0 1.0 1.0 1.0 1.0 1.0 1.0 1.0 1.0 1.0 1.0 1.0 1.0 1.0 1.0 1.0 
1.0 1.0 1.0 1.0 1.0 1.0 1.0 1.0 1.0 1.0 1.0 1.0 0.0 1.0 1.0 1.0 1.0 1.0 1.0 1.0 1.0 1.0 1.0 1.0 1.0 1.0 1.0 1.0 1.0 1.0 1.0 1.0 1.0 1.0 1.0 1.0 1.0 1.0 1.0 1.0 1.0 1.0 1.0 1.0 1.0 1.0 1.0 1.0 1.0 1.0 1.0 1.0 1.0 1.0 1.0 1.0 1.0 1.0 1.0 1.0 1.0 1.0 1.0 1.0 
1.0 1.0 1.0 1.0 1.0 1.0 1.0 1.0 1.0 1.0 1.0 1.0 1.0 0.0 1.0 1.0 1.0 1.0 1.0 1.0 1.0 1.0 1.0 1.0 1.0 1.0 1.0 1.0 1.0 1.0 1.0 1.0 1.0 1.0 1.0 1.0 1.0 1.0 1.0 1.0 1.0 1.0 1.0 1.0 1.0 1.0 1.0 1.0 1.0 1.0 1.0 1.0 1.0 1.0 1.0 1.0 1.0 1.0 1.0 1.0 1.0 1.0 1.0 1.0 
1.0 1.0 1.0 1.0 1.0 1.0 1.0 1.0 1.0 1.0 1.0 1.0 1.0 1.0 0.0 1.0 1.0 1.0 1.0 1.0 1.0 1.0 1.0 1.0 1.0 1.0 1.0 1.0 1.0 1.0 1.0 1.0 1.0 1.0 1.0 1.0 1.0 1.0 1.0 1.0 1.0 1.0 1.0 1.0 1.0 1.0 1.0 1.0 1.0 1.0 1.0 1.0 1.0 1.0 1.0 1.0 1.0 1.0 1.0 1.0 1.0 1.0 1.0 1.0 
1.0 1.0 1.0 1.0 1.0 1.0 1.0 1.0 1.0 1.0 1.0 1.0 1.0 1.0 1.0 0.0 1.0 1.0 1.0 1.0 1.0 1.0 1.0 1.0 1.0 1.0 1.0 1.0 1.0 1.0 1.0 1.0 1.0 1.0 1.0 1.0 1.0 1.0 1.0 1.0 1.0 1.0 1.0 1.0 1.0 1.0 1.0 1.0 1.0 1.0 1.0 1.0 1.0 1.0 1.0 1.0 1.0 1.0 1.0 1.0 1.0 1.0 1.0 1.0 
1.0 1.0 1.0 1.0 1.0 1.0 1.0 1.0 1.0 1.0 1.0 1.0 1.0 1.0 1.0 1.0 0.0 1.0 1.0 1.0 1.0 1.0 1.0 1.0 1.0 1.0 1.0 1.0 1.0 1.0 1.0 1.0 1.0 1.0 1.0 1.0 1.0 1.0 1.0 1.0 1.0 1.0 1.0 1.0 1.0 1.0 1.0 1.0 1.0 1.0 1.0 1.0 1.0 1.0 1.0 1.0 1.0 1.0 1.0 1.0 1.0 1.0 1.0 1.0 
1.0 1.0 1.0 1.0 1.0 1.0 1.0 1.0 1.0 1.0 1.0 1.0 1.0 1.0 1.0 1.0 1.0 0.0 1.0 1.0 1.0 1.0 1.0 1.0 1.0 1.0 1.0 1.0 1.0 1.0 1.0 1.0 1.0 1.0 1.0 1.0 1.0 1.0 1.0 1.0 1.0 1.0 1.0 1.0 1.0 1.0 1.0 1.0 1.0 1.0 1.0 1.0 1.0 1.0 1.0 1.0 1.0 1.0 1.0 1.0 1.0 1.0 1.0 1.0 
1.0 1.0 1.0 1.0 1.0 1.0 1.0 1.0 1.0 1.0 1.0 1.0 1.0 1.0 1.0 1.0 1.0 1.0 0.0 1.0 1.0 1.0 1.0 1.0 1.0 1.0 1.0 1.0 1.0 1.0 1.0 1.0 1.0 1.0 1.0 1.0 1.0 1.0 1.0 1.0 1.0 1.0 1.0 1.0 1.0 1.0 1.0 1.0 1.0 1.0 1.0 1.0 1.0 1.0 1.0 1.0 1.0 1.0 1.0 1.0 1.0 1.0 1.0 1.0 
1.0 1.0 1.0 1.0 1.0 1.0 1.0 1.0 1.0 1.0 1.0 1.0 1.0 1.0 1.0 1.0 1.0 1.0 1.0 0.0 1.0 1.0 1.0 1.0 1.0 1.0 1.0 1.0 1.0 1.0 1.0 1.0 1.0 1.0 1.0 1.0 1.0 1.0 1.0 1.0 1.0 1.0 1.0 1.0 1.0 1.0 1.0 1.0 1.0 1.0 1.0 1.0 1.0 1.0 1.0 1.0 1.0 1.0 1.0 1.0 1.0 1.0 1.0 1.0 
1.0 1.0 1.0 1.0 1.0 1.0 1.0 1.0 1.0 1.0 1.0 1.0 1.0 1.0 1.0 1.0 1.0 1.0 1.0 1.0 0.0 1.0 1.0 1.0 1.0 1.0 1.0 1.0 1.0 1.0 1.0 1.0 1.0 1.0 1.0 1.0 1.0 1.0 1.0 1.0 1.0 1.0 1.0 1.0 1.0 1.0 1.0 1.0 1.0 1.0 1.0 1.0 1.0 1.0 1.0 1.0 1.0 1.0 1.0 1.0 1.0 1.0 1.0 1.0 
1.0 1.0 1.0 1.0 1.0 1.0 1.0 1.0 1.0 1.0 1.0 1.0 1.0 1.0 1.0 1.0 1.0 1.0 1.0 1.0 1.0 0.0 1.0 1.0 1.0 1.0 1.0 1.0 1.0 1.0 1.0 1.0 1.0 1.0 1.0 1.0 1.0 1.0 1.0 1.0 1.0 1.0 1.0 1.0 1.0 1.0 1.0 1.0 1.0 1.0 1.0 1.0 1.0 1.0 1.0 1.0 1.0 1.0 1.0 1.0 1.0 1.0 1.0 1.0 
1.0 1.0 1.0 1.0 1.0 1.0 1.0 1.0 1.0 1.0 1.0 1.0 1.0 1.0 1.0 1.0 1.0 1.0 1.0 1.0 1.0 1.0 0.0 1.0 1.0 1.0 1.0 1.0 1.0 1.0 1.0 1.0 1.0 1.0 1.0 1.0 1.0 1.0 1.0 1.0 1.0 1.0 1.0 1.0 1.0 1.0 1.0 1.0 1.0 1.0 1.0 1.0 1.0 1.0 1.0 1.0 1.0 1.0 1.0 1.0 1.0 1.0 1.0 1.0 
1.0 1.0 1.0 1.0 1.0 1.0 1.0 1.0 1.0 1.0 1.0 1.0 1.0 1.0 1.0 1.0 1.0 1.0 1.0 1.0 1.0 1.0 1.0 0.0 1.0 1.0 1.0 1.0 1.0 1.0 1.0 1.0 1.0 1.0 1.0 1.0 1.0 1.0 1.0 1.0 1.0 1.0 1.0 1.0 1.0 1.0 1.0 1.0 1.0 1.0 1.0 1.0 1.0 1.0 1.0 1.0 1.0 1.0 1.0 1.0 1.0 1.0 1.0 1.0 
1.0 1.0 1.0 1.0 1.0 1.0 1.0 1.0 1.0 1.0 1.0 1.0 1.0 1.0 1.0 1.0 1.0 1.0 1.0 1.0 1.0 1.0 1.0 1.0 0.0 1.0 1.0 1.0 1.0 1.0 1.0 1.0 1.0 1.0 1.0 1.0 1.0 1.0 1.0 1.0 1.0 1.0 1.0 1.0 1.0 1.0 1.0 1.0 1.0 1.0 1.0 1.0 1.0 1.0 1.0 1.0 1.0 1.0 1.0 1.0 1.0 1.0 1.0 1.0 
1.0 1.0 1.0 1.0 1.0 1.0 1.0 1.0 1.0 1.0 1.0 1.0 1.0 1.0 1.0 1.0 1.0 1.0 1.0 1.0 1.0 1.0 1.0 1.0 1.0 0.0 1.0 1.0 1.0 1.0 1.0 1.0 1.0 1.0 1.0 1.0 1.0 1.0 1.0 1.0 1.0 1.0 1.0 1.0 1.0 1.0 1.0 1.0 1.0 1.0 1.0 1.0 1.0 1.0 1.0 1.0 1.0 1.0 1.0 1.0 1.0 1.0 1.0 1.0 
1.0 1.0 1.0 1.0 1.0 1.0 1.0 1.0 1.0 1.0 1.0 1.0 1.0 1.0 1.0 1.0 1.0 1.0 1.0 1.0 1.0 1.0 1.0 1.0 1.0 1.0 0.0 1.0 1.0 1.0 1.0 1.0 1.0 1.0 1.0 1.0 1.0 1.0 1.0 1.0 1.0 1.0 1.0 1.0 1.0 1.0 1.0 1.0 1.0 1.0 1.0 1.0 1.0 1.0 1.0 1.0 1.0 1.0 1.0 1.0 1.0 1.0 1.0 1.0 
1.0 1.0 1.0 1.0 1.0 1.0 1.0 1.0 1.0 1.0 1.0 1.0 1.0 1.0 1.0 1.0 1.0 1.0 1.0 1.0 1.0 1.0 1.0 1.0 1.0 1.0 1.0 0.0 1.0 1.0 1.0 1.0 1.0 1.0 1.0 1.0 1.0 1.0 1.0 1.0 1.0 1.0 1.0 1.0 1.0 1.0 1.0 1.0 1.0 1.0 1.0 1.0 1.0 1.0 1.0 1.0 1.0 1.0 1.0 1.0 1.0 1.0 1.0 1.0 
1.0 1.0 1.0 1.0 1.0 1.0 1.0 1.0 1.0 1.0 1.0 1.0 1.0 1.0 1.0 1.0 1.0 1.0 1.0 1.0 1.0 1.0 1.0 1.0 1.0 1.0 1.0 1.0 0.0 1.0 1.0 1.0 1.0 1.0 1.0 1.0 1.0 1.0 1.0 1.0 1.0 1.0 1.0 1.0 1.0 1.0 1.0 1.0 1.0 1.0 1.0 1.0 1.0 1.0 1.0 1.0 1.0 1.0 1.0 1.0 1.0 1.0 1.0 1.0 
1.0 1.0 1.0 1.0 1.0 1.0 1.0 1.0 1.0 1.0 1.0 1.0 1.0 1.0 1.0 1.0 1.0 1.0 1.0 1.0 1.0 1.0 1.0 1.0 1.0 1.0 1.0 1.0 1.0 0.0 1.0 1.0 1.0 1.0 1.0 1.0 1.0 1.0 1.0 1.0 1.0 1.0 1.0 1.0 1.0 1.0 1.0 1.0 1.0 1.0 1.0 1.0 1.0 1.0 1.0 1.0 1.0 1.0 1.0 1.0 1.0 1.0 1.0 1.0 
1.0 1.0 1.0 1.0 1.0 1.0 1.0 1.0 1.0 1.0 1.0 1.0 1.0 1.0 1.0 1.0 1.0 1.0 1.0 1.0 1.0 1.0 1.0 1.0 1.0 1.0 1.0 1.0 1.0 1.0 0.0 1.0 1.0 1.0 1.0 1.0 1.0 1.0 1.0 1.0 1.0 1.0 1.0 1.0 1.0 1.0 1.0 1.0 1.0 1.0 1.0 1.0 1.0 1.0 1.0 1.0 1.0 1.0 1.0 1.0 1.0 1.0 1.0 1.0 
1.0 1.0 1.0 1.0 1.0 1.0 1.0 1.0 1.0 1.0 1.0 1.0 1.0 1.0 1.0 1.0 1.0 1.0 1.0 1.0 1.0 1.0 1.0 1.0 1.0 1.0 1.0 1.0 1.0 1.0 1.0 0.0 1.0 1.0 1.0 1.0 1.0 1.0 1.0 1.0 1.0 1.0 1.0 1.0 1.0 1.0 1.0 1.0 1.0 1.0 1.0 1.0 1.0 1.0 1.0 1.0 1.0 1.0 1.0 1.0 1.0 1.0 1.0 1.0 
1.0 1.0 1.0 1.0 1.0 1.0 1.0 1.0 1.0 1.0 1.0 1.0 1.0 1.0 1.0 1.0 1.0 1.0 1.0 1.0 1.0 1.0 1.0 1.0 1.0 1.0 1.0 1.0 1.0 1.0 1.0 1.0 0.0 1.0 1.0 1.0 1.0 1.0 1.0 1.0 1.0 1.0 1.0 1.0 1.0 1.0 1.0 1.0 1.0 1.0 1.0 1.0 1.0 1.0 1.0 1.0 1.0 1.0 1.0 1.0 1.0 1.0 1.0 1.0 
1.0 1.0 1.0 1.0 1.0 1.0 1.0 1.0 1.0 1.0 1.0 1.0 1.0 1.0 1.0 1.0 1.0 1.0 1.0 1.0 1.0 1.0 1.0 1.0 1.0 1.0 1.0 1.0 1.0 1.0 1.0 1.0 1.0 0.0 1.0 1.0 1.0 1.0 1.0 1.0 1.0 1.0 1.0 1.0 1.0 1.0 1.0 1.0 1.0 1.0 1.0 1.0 1.0 1.0 1.0 1.0 1.0 1.0 1.0 1.0 1.0 1.0 1.0 1.0 
1.0 1.0 1.0 1.0 1.0 1.0 1.0 1.0 1.0 1.0 1.0 1.0 1.0 1.0 1.0 1.0 1.0 1.0 1.0 1.0 1.0 1.0 1.0 1.0 1.0 1.0 1.0 1.0 1.0 1.0 1.0 1.0 1.0 1.0 0.0 1.0 1.0 1.0 1.0 1.0 1.0 1.0 1.0 1.0 1.0 1.0 1.0 1.0 1.0 1.0 1.0 1.0 1.0 1.0 1.0 1.0 1.0 1.0 1.0 1.0 1.0 1.0 1.0 1.0 
1.0 1.0 1.0 1.0 1.0 1.0 1.0 1.0 1.0 1.0 1.0 1.0 1.0 1.0 1.0 1.0 1.0 1.0 1.0 1.0 1.0 1.0 1.0 1.0 1.0 1.0 1.0 1.0 1.0 1.0 1.0 1.0 1.0 1.0 1.0 0.0 1.0 1.0 1.0 1.0 1.0 1.0 1.0 1.0 1.0 1.0 1.0 1.0 1.0 1.0 1.0 1.0 1.0 1.0 1.0 1.0 1.0 1.0 1.0 1.0 1.0 1.0 1.0 1.0 
1.0 1.0 1.0 1.0 1.0 1.0 1.0 1.0 1.0 1.0 1.0 1.0 1.0 1.0 1.0 1.0 1.0 1.0 1.0 1.0 1.0 1.0 1.0 1.0 1.0 1.0 1.0 1.0 1.0 1.0 1.0 1.0 1.0 1.0 1.0 1.0 0.0 1.0 1.0 1.0 1.0 1.0 1.0 1.0 1.0 1.0 1.0 1.0 1.0 1.0 1.0 1.0 1.0 1.0 1.0 1.0 1.0 1.0 1.0 1.0 1.0 1.0 1.0 1.0 
1.0 1.0 1.0 1.0 1.0 1.0 1.0 1.0 1.0 1.0 1.0 1.0 1.0 1.0 1.0 1.0 1.0 1.0 1.0 1.0 1.0 1.0 1.0 1.0 1.0 1.0 1.0 1.0 1.0 1.0 1.0 1.0 1.0 1.0 1.0 1.0 1.0 0.0 1.0 1.0 1.0 1.0 1.0 1.0 1.0 1.0 1.0 1.0 1.0 1.0 1.0 1.0 1.0 1.0 1.0 1.0 1.0 1.0 1.0 1.0 1.0 1.0 1.0 1.0 
1.0 1.0 1.0 1.0 1.0 1.0 1.0 1.0 1.0 1.0 1.0 1.0 1.0 1.0 1.0 1.0 1.0 1.0 1.0 1.0 1.0 1.0 1.0 1.0 1.0 1.0 1.0 1.0 1.0 1.0 1.0 1.0 1.0 1.0 1.0 1.0 1.0 1.0 0.0 1.0 1.0 1.0 1.0 1.0 1.0 1.0 1.0 1.0 1.0 1.0 1.0 1.0 1.0 1.0 1.0 1.0 1.0 1.0 1.0 1.0 1.0 1.0 1.0 1.0 
1.0 1.0 1.0 1.0 1.0 1.0 1.0 1.0 1.0 1.0 1.0 1.0 1.0 1.0 1.0 1.0 1.0 1.0 1.0 1.0 1.0 1.0 1.0 1.0 1.0 1.0 1.0 1.0 1.0 1.0 1.0 1.0 1.0 1.0 1.0 1.0 1.0 1.0 1.0 0.0 1.0 1.0 1.0 1.0 1.0 1.0 1.0 1.0 1.0 1.0 1.0 1.0 1.0 1.0 1.0 1.0 1.0 1.0 1.0 1.0 1.0 1.0 1.0 1.0 
1.0 1.0 1.0 1.0 1.0 1.0 1.0 1.0 1.0 1.0 1.0 1.0 1.0 1.0 1.0 1.0 1.0 1.0 1.0 1.0 1.0 1.0 1.0 1.0 1.0 1.0 1.0 1.0 1.0 1.0 1.0 1.0 1.0 1.0 1.0 1.0 1.0 1.0 1.0 1.0 0.0 1.0 1.0 1.0 1.0 1.0 1.0 1.0 1.0 1.0 1.0 1.0 1.0 1.0 1.0 1.0 1.0 1.0 1.0 1.0 1.0 1.0 1.0 1.0 
1.0 1.0 1.0 1.0 1.0 1.0 1.0 1.0 1.0 1.0 1.0 1.0 1.0 1.0 1.0 1.0 1.0 1.0 1.0 1.0 1.0 1.0 1.0 1.0 1.0 1.0 1.0 1.0 1.0 1.0 1.0 1.0 1.0 1.0 1.0 1.0 1.0 1.0 1.0 1.0 1.0 0.0 1.0 1.0 1.0 1.0 1.0 1.0 1.0 1.0 1.0 1.0 1.0 1.0 1.0 1.0 1.0 1.0 1.0 1.0 1.0 1.0 1.0 1.0 
1.0 1.0 1.0 1.0 1.0 1.0 1.0 1.0 1.0 1.0 1.0 1.0 1.0 1.0 1.0 1.0 1.0 1.0 1.0 1.0 1.0 1.0 1.0 1.0 1.0 1.0 1.0 1.0 1.0 1.0 1.0 1.0 1.0 1.0 1.0 1.0 1.0 1.0 1.0 1.0 1.0 1.0 0.0 1.0 1.0 1.0 1.0 1.0 1.0 1.0 1.0 1.0 1.0 1.0 1.0 1.0 1.0 1.0 1.0 1.0 1.0 1.0 1.0 1.0 
1.0 1.0 1.0 1.0 1.0 1.0 1.0 1.0 1.0 1.0 1.0 1.0 1.0 1.0 1.0 1.0 1.0 1.0 1.0 1.0 1.0 1.0 1.0 1.0 1.0 1.0 1.0 1.0 1.0 1.0 1.0 1.0 1.0 1.0 1.0 1.0 1.0 1.0 1.0 1.0 1.0 1.0 1.0 0.0 1.0 1.0 1.0 1.0 1.0 1.0 1.0 1.0 1.0 1.0 1.0 1.0 1.0 1.0 1.0 1.0 1.0 1.0 1.0 1.0 
1.0 1.0 1.0 1.0 1.0 1.0 1.0 1.0 1.0 1.0 1.0 1.0 1.0 1.0 1.0 1.0 1.0 1.0 1.0 1.0 1.0 1.0 1.0 1.0 1.0 1.0 1.0 1.0 1.0 1.0 1.0 1.0 1.0 1.0 1.0 1.0 1.0 1.0 1.0 1.0 1.0 1.0 1.0 1.0 0.0 1.0 1.0 1.0 1.0 1.0 1.0 1.0 1.0 1.0 1.0 1.0 1.0 1.0 1.0 1.0 1.0 1.0 1.0 1.0 
1.0 1.0 1.0 1.0 1.0 1.0 1.0 1.0 1.0 1.0 1.0 1.0 1.0 1.0 1.0 1.0 1.0 1.0 1.0 1.0 1.0 1.0 1.0 1.0 1.0 1.0 1.0 1.0 1.0 1.0 1.0 1.0 1.0 1.0 1.0 1.0 1.0 1.0 1.0 1.0 1.0 1.0 1.0 1.0 1.0 0.0 1.0 1.0 1.0 1.0 1.0 1.0 1.0 1.0 1.0 1.0 1.0 1.0 1.0 1.0 1.0 1.0 1.0 1.0 
1.0 1.0 1.0 1.0 1.0 1.0 1.0 1.0 1.0 1.0 1.0 1.0 1.0 1.0 1.0 1.0 1.0 1.0 1.0 1.0 1.0 1.0 1.0 1.0 1.0 1.0 1.0 1.0 1.0 1.0 1.0 1.0 1.0 1.0 1.0 1.0 1.0 1.0 1.0 1.0 1.0 1.0 1.0 1.0 1.0 1.0 0.0 1.0 1.0 1.0 1.0 1.0 1.0 1.0 1.0 1.0 1.0 1.0 1.0 1.0 1.0 1.0 1.0 1.0 
1.0 1.0 1.0 1.0 1.0 1.0 1.0 1.0 1.0 1.0 1.0 1.0 1.0 1.0 1.0 1.0 1.0 1.0 1.0 1.0 1.0 1.0 1.0 1.0 1.0 1.0 1.0 1.0 1.0 1.0 1.0 1.0 1.0 1.0 1.0 1.0 1.0 1.0 1.0 1.0 1.0 1.0 1.0 1.0 1.0 1.0 1.0 0.0 1.0 1.0 1.0 1.0 1.0 1.0 1.0 1.0 1.0 1.0 1.0 1.0 1.0 1.0 1.0 1.0 
1.0 1.0 1.0 1.0 1.0 1.0 1.0 1.0 1.0 1.0 1.0 1.0 1.0 1.0 1.0 1.0 1.0 1.0 1.0 1.0 1.0 1.0 1.0 1.0 1.0 1.0 1.0 1.0 1.0 1.0 1.0 1.0 1.0 1.0 1.0 1.0 1.0 1.0 1.0 1.0 1.0 1.0 1.0 1.0 1.0 1.0 1.0 1.0 0.0 1.0 1.0 1.0 1.0 1.0 1.0 1.0 1.0 1.0 1.0 1.0 1.0 1.0 1.0 1.0 
1.0 1.0 1.0 1.0 1.0 1.0 1.0 1.0 1.0 1.0 1.0 1.0 1.0 1.0 1.0 1.0 1.0 1.0 1.0 1.0 1.0 1.0 1.0 1.0 1.0 1.0 1.0 1.0 1.0 1.0 1.0 1.0 1.0 1.0 1.0 1.0 1.0 1.0 1.0 1.0 1.0 1.0 1.0 1.0 1.0 1.0 1.0 1.0 1.0 0.0 1.0 1.0 1.0 1.0 1.0 1.0 1.0 1.0 1.0 1.0 1.0 1.0 1.0 1.0 
1.0 1.0 1.0 1.0 1.0 1.0 1.0 1.0 1.0 1.0 1.0 1.0 1.0 1.0 1.0 1.0 1.0 1.0 1.0 1.0 1.0 1.0 1.0 1.0 1.0 1.0 1.0 1.0 1.0 1.0 1.0 1.0 1.0 1.0 1.0 1.0 1.0 1.0 1.0 1.0 1.0 1.0 1.0 1.0 1.0 1.0 1.0 1.0 1.0 1.0 0.0 1.0 1.0 1.0 1.0 1.0 1.0 1.0 1.0 1.0 1.0 1.0 1.0 1.0 
1.0 1.0 1.0 1.0 1.0 1.0 1.0 1.0 1.0 1.0 1.0 1.0 1.0 1.0 1.0 1.0 1.0 1.0 1.0 1.0 1.0 1.0 1.0 1.0 1.0 1.0 1.0 1.0 1.0 1.0 1.0 1.0 1.0 1.0 1.0 1.0 1.0 1.0 1.0 1.0 1.0 1.0 1.0 1.0 1.0 1.0 1.0 1.0 1.0 1.0 1.0 0.0 1.0 1.0 1.0 1.0 1.0 1.0 1.0 1.0 1.0 1.0 1.0 1.0 
1.0 1.0 1.0 1.0 1.0 1.0 1.0 1.0 1.0 1.0 1.0 1.0 1.0 1.0 1.0 1.0 1.0 1.0 1.0 1.0 1.0 1.0 1.0 1.0 1.0 1.0 1.0 1.0 1.0 1.0 1.0 1.0 1.0 1.0 1.0 1.0 1.0 1.0 1.0 1.0 1.0 1.0 1.0 1.0 1.0 1.0 1.0 1.0 1.0 1.0 1.0 1.0 0.0 1.0 1.0 1.0 1.0 1.0 1.0 1.0 1.0 1.0 1.0 1.0 
1.0 1.0 1.0 1.0 1.0 1.0 1.0 1.0 1.0 1.0 1.0 1.0 1.0 1.0 1.0 1.0 1.0 1.0 1.0 1.0 1.0 1.0 1.0 1.0 1.0 1.0 1.0 1.0 1.0 1.0 1.0 1.0 1.0 1.0 1.0 1.0 1.0 1.0 1.0 1.0 1.0 1.0 1.0 1.0 1.0 1.0 1.0 1.0 1.0 1.0 1.0 1.0 1.0 0.0 1.0 1.0 1.0 1.0 1.0 1.0 1.0 1.0 1.0 1.0 
1.0 1.0 1.0 1.0 1.0 1.0 1.0 1.0 1.0 1.0 1.0 1.0 1.0 1.0 1.0 1.0 1.0 1.0 1.0 1.0 1.0 1.0 1.0 1.0 1.0 1.0 1.0 1.0 1.0 1.0 1.0 1.0 1.0 1.0 1.0 1.0 1.0 1.0 1.0 1.0 1.0 1.0 1.0 1.0 1.0 1.0 1.0 1.0 1.0 1.0 1.0 1.0 1.0 1.0 0.0 1.0 1.0 1.0 1.0 1.0 1.0 1.0 1.0 1.0 
1.0 1.0 1.0 1.0 1.0 1.0 1.0 1.0 1.0 1.0 1.0 1.0 1.0 1.0 1.0 1.0 1.0 1.0 1.0 1.0 1.0 1.0 1.0 1.0 1.0 1.0 1.0 1.0 1.0 1.0 1.0 1.0 1.0 1.0 1.0 1.0 1.0 1.0 1.0 1.0 1.0 1.0 1.0 1.0 1.0 1.0 1.0 1.0 1.0 1.0 1.0 1.0 1.0 1.0 1.0 0.0 1.0 1.0 1.0 1.0 1.0 1.0 1.0 1.0 
1.0 1.0 1.0 1.0 1.0 1.0 1.0 1.0 1.0 1.0 1.0 1.0 1.0 1.0 1.0 1.0 1.0 1.0 1.0 1.0 1.0 1.0 1.0 1.0 1.0 1.0 1.0 1.0 1.0 1.0 1.0 1.0 1.0 1.0 1.0 1.0 1.0 1.0 1.0 1.0 1.0 1.0 1.0 1.0 1.0 1.0 1.0 1.0 1.0 1.0 1.0 1.0 1.0 1.0 1.0 1.0 0.0 1.0 1.0 1.0 1.0 1.0 1.0 1.0 
1.0 1.0 1.0 1.0 1.0 1.0 1.0 1.0 1.0 1.0 1.0 1.0 1.0 1.0 1.0 1.0 1.0 1.0 1.0 1.0 1.0 1.0 1.0 1.0 1.0 1.0 1.0 1.0 1.0 1.0 1.0 1.0 1.0 1.0 1.0 1.0 1.0 1.0 1.0 1.0 1.0 1.0 1.0 1.0 1.0 1.0 1.0 1.0 1.0 1.0 1.0 1.0 1.0 1.0 1.0 1.0 1.0 0.0 1.0 1.0 1.0 1.0 1.0 1.0 
1.0 1.0 1.0 1.0 1.0 1.0 1.0 1.0 1.0 1.0 1.0 1.0 1.0 1.0 1.0 1.0 1.0 1.0 1.0 1.0 1.0 1.0 1.0 1.0 1.0 1.0 1.0 1.0 1.0 1.0 1.0 1.0 1.0 1.0 1.0 1.0 1.0 1.0 1.0 1.0 1.0 1.0 1.0 1.0 1.0 1.0 1.0 1.0 1.0 1.0 1.0 1.0 1.0 1.0 1.0 1.0 1.0 1.0 0.0 1.0 1.0 1.0 1.0 1.0 
1.0 1.0 1.0 1.0 1.0 1.0 1.0 1.0 1.0 1.0 1.0 1.0 1.0 1.0 1.0 1.0 1.0 1.0 1.0 1.0 1.0 1.0 1.0 1.0 1.0 1.0 1.0 1.0 1.0 1.0 1.0 1.0 1.0 1.0 1.0 1.0 1.0 1.0 1.0 1.0 1.0 1.0 1.0 1.0 1.0 1.0 1.0 1.0 1.0 1.0 1.0 1.0 1.0 1.0 1.0 1.0 1.0 1.0 1.0 0.0 1.0 1.0 1.0 1.0 
1.0 1.0 1.0 1.0 1.0 1.0 1.0 1.0 1.0 1.0 1.0 1.0 1.0 1.0 1.0 1.0 1.0 1.0 1.0 1.0 1.0 1.0 1.0 1.0 1.0 1.0 1.0 1.0 1.0 1.0 1.0 1.0 1.0 1.0 1.0 1.0 1.0 1.0 1.0 1.0 1.0 1.0 1.0 1.0 1.0 1.0 1.0 1.0 1.0 1.0 1.0 1.0 1.0 1.0 1.0 1.0 1.0 1.0 1.0 1.0 0.0 1.0 1.0 1.0 
1.0 1.0 1.0 1.0 1.0 1.0 1.0 1.0 1.0 1.0 1.0 1.0 1.0 1.0 1.0 1.0 1.0 1.0 1.0 1.0 1.0 1.0 1.0 1.0 1.0 1.0 1.0 1.0 1.0 1.0 1.0 1.0 1.0 1.0 1.0 1.0 1.0 1.0 1.0 1.0 1.0 1.0 1.0 1.0 1.0 1.0 1.0 1.0 1.0 1.0 1.0 1.0 1.0 1.0 1.0 1.0 1.0 1.0 1.0 1.0 1.0 0.0 1.0 1.0 
1.0 1.0 1.0 1.0 1.0 1.0 1.0 1.0 1.0 1.0 1.0 1.0 1.0 1.0 1.0 1.0 1.0 1.0 1.0 1.0 1.0 1.0 1.0 1.0 1.0 1.0 1.0 1.0 1.0 1.0 1.0 1.0 1.0 1.0 1.0 1.0 1.0 1.0 1.0 1.0 1.0 1.0 1.0 1.0 1.0 1.0 1.0 1.0 1.0 1.0 1.0 1.0 1.0 1.0 1.0 1.0 1.0 1.0 1.0 1.0 1.0 1.0 0.0 1.0 
1.0 1.0 1.0 1.0 1.0 1.0 1.0 1.0 1.0 1.0 1.0 1.0 1.0 1.0 1.0 1.0 1.0 1.0 1.0 1.0 1.0 1.0 1.0 1.0 1.0 1.0 1.0 1.0 1.0 1.0 1.0 1.0 1.0 1.0 1.0 1.0 1.0 1.0 1.0 1.0 1.0 1.0 1.0 1.0 1.0 1.0 1.0 1.0 1.0 1.0 1.0 1.0 1.0 1.0 1.0 1.0 1.0 1.0 1.0 1.0 1.0 1.0 1.0 0.0 