32
1 14 57 79 10 81 5 49 64 26 32 25 23 8 84 86 66 6 33 64 37 9 69 9 97 90 57 6 97 86 71 41 
52 57 25 25 38 24 55 6 67 2 52 15 19 40 7 91 40 77 23 87 58 59 99 10 24 8 29 52 71 73 65 77 
71 63 94 9 14 13 92 78 25 54 49 44 28 52 75 5 74 40 31 67 85 81 47 43 43 88 50 90 27 8 95 96 
46 58 76 27 33 31 56 15 15 44 68 22 59 4 12 51 21 57 96 67 52 15 71 90 52 85 57 73 17 34 56 87 
43 37 9 13 59 35 41 31 44 80 84 45 78 38 64 67 79 30 57 40 46 20 16 35 39 97 1 93 52 90 3 11 
59 7 3 41 64 40 30 60 95 67 45 98 79 68 43 51 34 7 21 51 13 8 37 68 63 23 3 38 35 74 100 68 
43 4 10 72 52 91 53 93 89 10 90 95 64 72 83 7 65 97 46 94 82 40 38 75 39 57 52 43 6 7 18 78 
32 10 80 70 10 34 25 48 89 54 50 62 13 1 63 1 13 31 51 81 32 6 51 58 14 12 47 39 59 3 43 5 
41 8 97 63 86 25 55 11 99 54 59 91 76 27 28 91 66 17 94 1 44 15 1 38 100 4 43 64 88 61 80 19 
6 72 68 99 92 14 91 97 66 1 54 72 3 73 24 67 96 10 73 22 36 20 33 37 7 49 30 87 40 27 27 8 
99 11 75 59 20 56 3 54 45 32 44 1 56 35 3 56 80 29 92 64 89 95 44 37 22 90 8 30 37 4 44 18 
88 31 32 34 10 28 45 99 44 50 8 37 7 78 30 77 91 88 84 75 66 72 83 16 71 68 50 54 40 61 31 94 
65 99 35 29 63 4 75 23 64 99 9 15 40 89 87 78 63 84 32 87 98 57 91 3 87 28 81 2 8 61 53 16 
49 46 76 94 25 100 78 4 69 53 62 29 7 61 26 83 22 71 45 47 33 86 10 6 26 76 49 2 62 11 81 32 
89 94 34 80 53 52 39 31 9 56 13 12 73 41 36 36 26 5 37 88 72 47 16 73 9 75 81 58 79 3 68 73 
7 55 91 54 72 92 73 83 43 59 45 80 100 92 5 98 1 36 39 1 48 44 2 58 18 8 53 19 43 48 80 13 
81 10 18 61 61 71 77 9 73 99 14 20 9 4 57 39 14 77 32 65 44 27 25 88 19 55 51 32 28 44 99 50 
6 89 62 47 33 61 27 18 64 24 81 8 49 90 5 36 48 58 4 92 45 88 24 67 61 89 44 59 30 46 45 75 
60 28 30 86 49 24 31 59 27 10 19 75 21 94 48 79 20 89 29 10 38 50 87 4 31 8 47 22 42 28 98 3 
63 43 65 5 63 35 99 73 65 63 51 84 66 93 50 54 13 54 14 15 31 96 65 73 4 58 12 28 74 68 50 31 
27 35 65 7 12 89 7 34 40 53 78 100 75 76 6 25 46 43 26 50 61 99 33 7 81 8 20 24 16 70 18 21 
20 14 57 24 62 2 31 39 78 1 79 96 100 87 45 93 74 68 10 90 74 14 74 70 63 18 86 85 98 81 54 76 
63 95 61 45 24 68 23 66 12 67 82 96 51 54 94 48 37 88 13 24 27 9 55 12 99 73 61 97 51 82 78 92 
8 82 75 42 39 50 54 87 70 2 87 70 67 32 78 12 20 94 31 47 64 58 56 99 16 93 3 30 35 66 70 93 
10 87 83 5 50 17 74 64 15 96 53 88 59 98 72 48 37 4 51 22 27 98 61 92 22 5 28 43 86 62 85 10 
54 58 56 92 85 82 67 91 46 40 68 10 66 25 43 89 94 88 73 65 56 73 84 81 50 72 5 96 26 46 91 62 
9 100 24 69 21 59 54 41 94 37 50 92 4 61 6 81 53 41 87 74 83 33 29 35 30 68 85 20 43 22 90 14 
51 83 83 21 46 84 80 85 51 63 72 17 99 97 28 96 61 57 8 44 13 37 10 28 85 89 85 80 81 32 53 43 
86 25 93 100 61 81 69 69 2 37 1 63 41 18 30 45 52 70 36 14 8 76 55 64 37 22 41 57 23 28 8 57 
40 84 16 66 51 61 4 98 79 67 16 9 13 35 85 34 61 78 73 88 42 70 31 19 25 72 20 55 77 85 64 79 
48 89 69 34 60 90 3 15 60 70 82 65 32 50 45 37 36 72 22 82 20 58 38 55 31 96 19 49 47 100 67 86 
22 52 39 30 7 86 18 18 59 46 87 71 56 76 69 27 88 51 99 19 19 14 77 84 87 31 61 24 71 58 68 9 
0.0 1.0 1.0 1.0 1.0 1.0 1.0 1.0 1.0 1.0 1.0 1.0 1.0 1.0 1.0 1.0 1.0 1.0 1.0 1.0 1.0 1.0 1.0 1.0 1.0 1.0 1.0 1.0 1.0 1.0 1.0 1.0 
1.0 0.0 1.0 1.0 1.0 1.0 1.0 1.0 1.0 1.0 1.0 1.0 1.0 1.0 1.0 1.0 1.0 1.0 1.0 1.0 1.0 1.0 1.0 1.0 1.0 1.0 1.0 1.0 1.0 1.0 1.0 1.0 
1.0 1.0 0.0 1.0 1.0 1.0 1.0 1.0 1.0 1.0 1.0 1.0 1.0 1.0 1.0 1.0 1.0 1.0 1.0 1.0 1.0 1.0 1.0 1.0 1.0 1.0 1.0 1.0 1.0 1.0 1.0 1.0 
1.0 1.0 1.0 0.0 1.0 1.0 1.0 1.0 1.0 1.0 1.0 1.0 1.0 1.0 1.0 1.0 1.0 1.0 1.0 1.0 1.0 1.0 1.0 1.0 1.0 1.0 1.0 1.0 1.0 1.0 1.0 1.0 
1.0 1.0 1.0 1.0 0.0 1.0 1.0 1.0 1.0 1.0 1.0 1.0 1.0 1.0 1.0 1.0 1.0 1.0 1.0 1.0 1.0 1.0 1.0 1.0 1.0 1.0 1.0 1.0 1.0 1.0 1.0 1.0 
1.0 1.0 1.0 1.0 1.0 0.0 1.0 1.0 1.0 1.0 1.0 1.0 1.0 1.0 1.0 1.0 1.0 1.0 1.0 1.0 1.0 1.0 1.0 1.0 1.0 1.0 1.0 1.0 1.0 1.0 1.0 1.0 
1.0 1.0 1.0 1.0 1.0 1.0 0.0 1.0 1.0 1.0 1.0 1.0 1.0 1.0 1.0 1.0 1.0 1.0 1.0 1.0 1.0 1.0 1.0 1.0 1.0 1.0 1.0 1.0 1.0 1.0 1.0 1.0 
1.0 1.0 1.0 1.0 1.0 1.0 1.0 0.0 1.0 1.0 1.0 1.0 1.0 1.0 1.0 1.0 1.0 1.0 1.0 1.0 1.0 1.0 1.0 1.0 1.0 1.0 1.0 1.0 1.0 1.0 1.0 1.0 
1.0 1.0 1.0 1.0 1.0 1.0 1.0 1.0 0.0 1.0 1.0 1.0 1.0 1.0 1.0 1.0 1.0 1.0 1.0 1.0 1.0 1.0 1.0 1.0 1.0 1.0 1.0 1.0 1.0 1.0 1.0 1.0 
1.0 1.0 1.0 1.0 1.0 1.0 1.0 1.0 1.0 0.0 1.0 1.0 1.0 1.0 1.0 1.0 1.0 1.0 1.0 1.0 1.0 1.0 1.0 1.0 1.0 1.0 1.0 1.0 1.0 1.0 1.0 1.0 
1.0 1.0 1.0 1.0 1.0 1.0 1.0 1.0 1.0 1.0 0.0 1.0 1.0 1.0 1.0 1.0 1.0 1.0 1.0 1.0 1.0 1.0 1.0 1.0 1.0 1.0 1.0 1.0 1.0 1.0 1.0 1.0 
1.0 1.0 1.0 1.0 1.0 1.0 1.0 1.0 1.0 1.0 1.0 0.0 1.0 1.0 1.0 1.0 1.0 1.0 1.0 1.0 1.0 1.0 1.0 1.0 1.0 1.0 1.0 1.0 1.0 1.0 1.0 1.0 
1.0 1.0 1.0 1.0 1.0 1.0 1.0 1.0 1.0 1.0 1.0 1.0 0.0 1.0 1.0 1.0 1.0 1.0 1.0 1.0 1.0 1.0 1.0 1.0 1.0 1.0 1.0 1.0 1.0 1.0 1.0 1.0 
1.0 1.0 1.0 1.0 1.0 1.0 1.0 1.0 1.0 1.0 1.0 1.0 1.0 0.0 1.0 1.0 1.0 1.0 1.0 1.0 1.0 1.0 1.0 1.0 1.0 1.0 1.0 1.0 1.0 1.0 1.0 1.0 
1.0 1.0 1.0 1.0 1.0 1.0 1.0 1.0 1.0 1.0 1.0 1.0 1.0 1.0 0.0 1.0 1.0 1.0 1.0 1.0 1.0 1.0 1.0 1.0 1.0 1.0 1.0 1.0 1.0 1.0 1.0 1.0 
1.0 1.0 1.0 1.0 1.0 1.0 1.0 1.0 1.0 1.0 1.0 1.0 1.0 1.0 1.0 0.0 1.0 1.0 1.0 1.0 1.0 1.0 1.0 1.0 1.0 1.0 1.0 1.0 1.0 1.0 1.0 1.0 
1.0 1.0 1.0 1.0 1.0 1.0 1.0 1.0 1.0 1.0 1.0 1.0 1.0 1.0 1.0 1.0 0.0 1.0 1.0 1.0 1.0 1.0 1.0 1.0 1.0 1.0 1.0 1.0 1.0 1.0 1.0 1.0 
1.0 1.0 1.0 1.0 1.0 1.0 1.0 1.0 1.0 1.0 1.0 1.0 1.0 1.0 1.0 1.0 1.0 0.0 1.0 1.0 1.0 1.0 1.0 1.0 1.0 1.0 1.0 1.0 1.0 1.0 1.0 1.0 
1.0 1.0 1.0 1.0 1.0 1.0 1.0 1.0 1.0 1.0 1.0 1.0 1.0 1.0 1.0 1.0 1.0 1.0 0.0 1.0 1.0 1.0 1.0 1.0 1.0 1.0 1.0 1.0 1.0 1.0 1.0 1.0 
1.0 1.0 1.0 1.0 1.0 1.0 1.0 1.0 1.0 1.0 1.0 1.0 1.0 1.0 1.0 1.0 1.0 1.0 1.0 0.0 1.0 1.0 1.0 1.0 1.0 1.0 1.0 1.0 1.0 1.0 1.0 1.0 
1.0 1.0 1.0 1.0 1.0 1.0 1.0 1.0 1.0 1.0 1.0 1.0 1.0 1.0 1.0 1.0 1.0 1.0 1.0 1.0 0.0 1.0 1.0 1.0 1.0 1.0 1.0 1.0 1.0 1.0 1.0 1.0 
1.0 1.0 1.0 1.0 1.0 1.0 1.0 1.0 1.0 1.0 1.0 1.0 1.0 1.0 1.0 1.0 1.0 1.0 1.0 1.0 1.0 0.0 1.0 1.0 1.0 1.0 1.0 1.0 1.0 1.0 1.0 1.0 
1.0 1.0 1.0 1.0 1.0 1.0 1.0 1.0 1.0 1.0 1.0 1.0 1.0 1.0 1.0 1.0 1.0 1.0 1.0 1.0 1.0 1.0 0.0 1.0 1.0 1.0 1.0 1.0 1.0 1.0 1.0 1.0 
1.0 1.0 1.0 1.0 1.0 1.0 1.0 1.0 1.0 1.0 1.0 1.0 1.0 1.0 1.0 1.0 1.0 1.0 1.0 1.0 1.0 1.0 1.0 0.0 1.0 1.0 1.0 1.0 1.0 1.0 1.0 1.0 
1.0 1.0 1.0 1.0 1.0 1.0 1.0 1.0 1.0 1.0 1.0 1.0 1.0 1.0 1.0 1.0 1.0 1.0 1.0 1.0 1.0 1.0 1.0 1.0 0.0 1.0 1.0 1.0 1.0 1.0 1.0 1.0 
1.0 1.0 1.0 1.0 1.0 1.0 1.0 1.0 1.0 1.0 1.0 1.0 1.0 1.0 1.0 1.0 1.0 1.0 1.0 1.0 1.0 1.0 1.0 1.0 1.0 0.0 1.0 1.0 1.0 1.0 1.0 1.0 
1.0 1.0 1.0 1.0 1.0 1.0 1.0 1.0 1.0 1.0 1.0 1.0 1.0 1.0 1.0 1.0 1.0 1.0 1.0 1.0 1.0 1.0 1.0 1.0 1.0 1.0 0.0 1.0 1.0 1.0 1.0 1.0 
1.0 1.0 1.0 1.0 1.0 1.0 1.0 1.0 1.0 1.0 1.0 1.0 1.0 1.0 1.0 1.0 1.0 1.0 1.0 1.0 1.0 1.0 1.0 1.0 1.0 1.0 1.0 0.0 1.0 1.0 1.0 1.0 
1.0 1.0 1.0 1.0 1.0 1.0 1.0 1.0 1.0 1.0 1.0 1.0 1.0 1.0 1.0 1.0 1.0 1.0 1.0 1.0 1.0 1.0 1.0 1.0 1.0 1.0 1.0 1.0 0.0 1.0 1.0 1.0 
1.0 1.0 1.0 1.0 1.0 1.0 1.0 1.0 1.0 1.0 1.0 1.0 1.0 1.0 1.0 1.0 1.0 1.0 1.0 1.0 1.0 1.0 1.0 1.0 1.0 1.0 1.0 1.0 1.0 0.0 1.0 1.0 
1.0 1.0 1.0 1.0 1.0 1.0 1.0 1.0 1.0 1.0 1.0 1.0 1.0 1.0 1.0 1.0 1.0 1.0 1.0 1.0 1.0 1.0 1.0 1.0 1.0 1.0 1.0 1.0 1.0 1.0 0.0 1.0 
1.0 1.0 1.0 1.0 1.0 1.0 1.0 1.0 1.0 1.0 1.0 1.0 1.0 1.0 1.0 1.0 1.0 1.0 1.0 1.0 1.0 1.0 1.0 1.0 1.0 1.0 1.0 1.0 1.0 1.0 1.0 0.0 