32
92 86 25 15 72 50 23 59 76 30 6 66 21 4 60 1 60 74 10 59 80 42 69 73 54 6 53 90 34 79 8 60 
73 35 69 98 99 42 56 56 37 77 32 68 52 15 73 27 12 61 3 7 78 64 84 35 21 81 63 89 44 69 18 15 
84 93 74 33 44 29 34 26 10 37 30 17 100 53 32 17 10 19 27 88 89 43 15 32 60 100 96 77 38 47 59 82 
39 8 68 65 7 63 50 2 7 4 35 23 64 19 55 74 24 80 36 43 27 5 15 93 14 15 28 57 46 88 91 5 
91 16 37 47 20 9 89 84 99 3 15 64 75 89 42 85 84 54 29 67 42 80 30 27 19 60 51 81 4 4 19 30 
76 69 60 79 8 80 48 50 35 23 86 95 28 83 47 45 70 4 80 86 42 39 15 49 22 97 34 70 31 39 9 14 
12 70 81 61 22 62 24 45 41 24 75 36 18 28 99 71 75 23 51 2 4 57 8 21 91 4 36 75 9 98 26 63 
54 46 71 84 14 69 96 59 10 33 69 37 73 69 43 49 32 57 85 79 77 26 43 28 21 27 85 30 20 28 39 40 
83 81 43 89 31 81 15 52 39 12 68 79 42 35 31 71 91 69 72 7 64 73 90 22 26 39 89 92 82 40 76 9 
79 36 41 35 58 36 9 99 71 98 61 26 22 70 88 69 76 58 18 90 68 99 16 37 85 20 45 50 8 1 81 66 
40 19 78 98 60 63 74 59 29 65 63 13 13 16 49 46 78 45 15 49 73 5 98 85 19 99 28 39 28 37 7 24 
52 93 17 66 74 66 30 63 81 61 76 1 29 98 78 86 27 43 88 70 27 90 4 97 78 46 30 16 95 52 88 25 
92 65 65 47 1 55 42 52 6 18 83 75 90 66 100 61 74 48 58 80 47 91 38 70 97 42 39 43 75 22 99 32 
81 98 43 89 31 86 31 46 58 10 64 29 41 23 42 8 100 20 27 49 83 12 30 1 8 47 100 67 35 43 14 77 
58 56 77 40 74 20 30 29 9 81 35 24 34 81 68 14 28 79 60 9 21 15 39 24 8 41 89 57 29 39 35 80 
63 61 30 87 11 46 56 42 85 88 7 15 14 9 100 10 86 14 39 72 72 71 64 69 71 78 35 51 66 61 64 55 
97 60 82 29 89 2 81 29 18 95 97 63 30 2 90 69 32 76 100 99 47 34 4 50 19 64 27 14 9 87 35 50 
42 6 49 11 17 98 39 24 72 5 72 96 40 91 61 57 20 12 14 84 33 4 69 50 65 97 13 7 16 66 89 9 
52 35 10 77 77 42 53 61 41 6 11 40 89 92 75 12 66 75 68 56 57 85 27 96 23 56 86 26 10 11 69 39 
14 39 46 36 91 20 73 15 22 51 64 16 85 96 25 93 54 43 59 74 69 22 61 97 40 5 31 71 57 80 6 72 
29 33 24 28 48 95 56 87 10 99 79 49 72 93 97 88 41 34 52 54 62 46 90 50 44 99 47 44 83 13 19 41 
89 34 13 37 89 52 5 81 62 40 2 12 44 100 43 67 34 58 26 11 78 28 56 81 10 47 17 4 27 12 47 30 
7 76 44 71 88 68 2 68 97 32 5 14 37 73 60 21 22 50 73 65 5 20 92 90 61 70 86 53 5 82 86 27 
13 4 41 70 60 93 19 44 94 55 6 32 94 99 89 59 6 22 24 57 48 95 4 91 72 49 62 88 21 38 50 99 
22 82 36 44 71 77 79 4 82 81 71 59 25 26 25 71 18 47 4 43 27 91 82 25 86 30 7 36 65 85 95 32 
100 65 97 62 75 88 17 77 40 32 94 94 55 69 90 45 98 25 15 29 61 66 31 67 45 76 99 67 34 47 58 20 
15 18 31 19 85 50 90 90 39 42 19 62 86 8 80 18 97 27 17 96 48 99 72 23 19 97 89 35 34 13 41 60 
17 10 31 35 88 84 33 43 64 38 79 45 75 29 72 37 88 3 59 2 21 62 65 7 100 76 19 94 99 75 3 34 
19 87 30 3 59 33 32 95 51 16 61 48 17 72 71 91 47 55 32 23 21 93 20 9 13 49 1 46 16 31 5 47 
17 27 68 54 37 57 18 88 83 65 64 90 20 87 42 36 78 50 75 1 91 5 82 87 81 7 52 66 18 73 84 6 
23 41 94 6 57 62 87 23 36 83 60 23 69 11 57 84 72 65 15 6 62 82 99 93 55 16 29 68 91 49 90 63 
1 5 16 24 33 60 63 74 20 10 60 60 15 96 61 33 27 70 6 54 61 6 37 60 79 37 19 94 27 48 25 41 
0.0 1.0 2.0 3.0 4.0 5.0 6.0 7.0 8.0 9.0 10.0 11.0 12.0 13.0 14.0 15.0 16.0 15.0 14.0 13.0 12.0 11.0 10.0 9.0 8.0 7.0 6.0 5.0 4.0 3.0 2.0 1.0 
1.0 0.0 1.0 2.0 3.0 4.0 5.0 6.0 7.0 8.0 9.0 10.0 11.0 12.0 13.0 14.0 15.0 16.0 15.0 14.0 13.0 12.0 11.0 10.0 9.0 8.0 7.0 6.0 5.0 4.0 3.0 2.0 
2.0 1.0 0.0 1.0 2.0 3.0 4.0 5.0 6.0 7.0 8.0 9.0 10.0 11.0 12.0 13.0 14.0 15.0 16.0 15.0 14.0 13.0 12.0 11.0 10.0 9.0 8.0 7.0 6.0 5.0 4.0 3.0 
3.0 2.0 1.0 0.0 1.0 2.0 3.0 4.0 5.0 6.0 7.0 8.0 9.0 10.0 11.0 12.0 13.0 14.0 15.0 16.0 15.0 14.0 13.0 12.0 11.0 10.0 9.0 8.0 7.0 6.0 5.0 4.0 
4.0 3.0 2.0 1.0 0.0 1.0 2.0 3.0 4.0 5.0 6.0 7.0 8.0 9.0 10.0 11.0 12.0 13.0 14.0 15.0 16.0 15.0 14.0 13.0 12.0 11.0 10.0 9.0 8.0 7.0 6.0 5.0 
5.0 4.0 3.0 2.0 1.0 0.0 1.0 2.0 3.0 4.0 5.0 6.0 7.0 8.0 9.0 10.0 11.0 12.0 13.0 14.0 15.0 16.0 15.0 14.0 13.0 12.0 11.0 10.0 9.0 8.0 7.0 6.0 
6.0 5.0 4.0 3.0 2.0 1.0 0.0 1.0 2.0 3.0 4.0 5.0 6.0 7.0 8.0 9.0 10.0 11.0 12.0 13.0 14.0 15.0 16.0 15.0 14.0 13.0 12.0 11.0 10.0 9.0 8.0 7.0 
7.0 6.0 5.0 4.0 3.0 2.0 1.0 0.0 1.0 2.0 3.0 4.0 5.0 6.0 7.0 8.0 9.0 10.0 11.0 12.0 13.0 14.0 15.0 16.0 15.0 14.0 13.0 12.0 11.0 10.0 9.0 8.0 
8.0 7.0 6.0 5.0 4.0 3.0 2.0 1.0 0.0 1.0 2.0 3.0 4.0 5.0 6.0 7.0 8.0 9.0 10.0 11.0 12.0 13.0 14.0 15.0 16.0 15.0 14.0 13.0 12.0 11.0 10.0 9.0 
9.0 8.0 7.0 6.0 5.0 4.0 3.0 2.0 1.0 0.0 1.0 2.0 3.0 4.0 5.0 6.0 7.0 8.0 9.0 10.0 11.0 12.0 13.0 14.0 15.0 16.0 15.0 14.0 13.0 12.0 11.0 10.0 
10.0 9.0 8.0 7.0 6.0 5.0 4.0 3.0 2.0 1.0 0.0 1.0 2.0 3.0 4.0 5.0 6.0 7.0 8.0 9.0 10.0 11.0 12.0 13.0 14.0 15.0 16.0 15.0 14.0 13.0 12.0 11.0 
11.0 10.0 9.0 8.0 7.0 6.0 5.0 4.0 3.0 2.0 1.0 0.0 1.0 2.0 3.0 4.0 5.0 6.0 7.0 8.0 9.0 10.0 11.0 12.0 13.0 14.0 15.0 16.0 15.0 14.0 13.0 12.0 
12.0 11.0 10.0 9.0 8.0 7.0 6.0 5.0 4.0 3.0 2.0 1.0 0.0 1.0 2.0 3.0 4.0 5.0 6.0 7.0 8.0 9.0 10.0 11.0 12.0 13.0 14.0 15.0 16.0 15.0 14.0 13.0 
13.0 12.0 11.0 10.0 9.0 8.0 7.0 6.0 5.0 4.0 3.0 2.0 1.0 0.0 1.0 2.0 3.0 4.0 5.0 6.0 7.0 8.0 9.0 10.0 11.0 12.0 13.0 14.0 15.0 16.0 15.0 14.0 
14.0 13.0 12.0 11.0 10.0 9.0 8.0 7.0 6.0 5.0 4.0 3.0 2.0 1.0 0.0 1.0 2.0 3.0 4.0 5.0 6.0 7.0 8.0 9.0 10.0 11.0 12.0 13.0 14.0 15.0 16.0 15.0 
15.0 14.0 13.0 12.0 11.0 10.0 9.0 8.0 7.0 6.0 5.0 4.0 3.0 2.0 1.0 0.0 1.0 2.0 3.0 4.0 5.0 6.0 7.0 8.0 9.0 10.0 11.0 12.0 13.0 14.0 15.0 16.0 
16.0 15.0 14.0 13.0 12.0 11.0 10.0 9.0 8.0 7.0 6.0 5.0 4.0 3.0 2.0 1.0 0.0 1.0 2.0 3.0 4.0 5.0 6.0 7.0 8.0 9.0 10.0 11.0 12.0 13.0 14.0 15.0 
15.0 16.0 15.0 14.0 13.0 12.0 11.0 10.0 9.0 8.0 7.0 6.0 5.0 4.0 3.0 2.0 1.0 0.0 1.0 2.0 3.0 4.0 5.0 6.0 7.0 8.0 9.0 10.0 11.0 12.0 13.0 14.0 
14.0 15.0 16.0 15.0 14.0 13.0 12.0 11.0 10.0 9.0 8.0 7.0 6.0 5.0 4.0 3.0 2.0 1.0 0.0 1.0 2.0 3.0 4.0 5.0 6.0 7.0 8.0 9.0 10.0 11.0 12.0 13.0 
13.0 14.0 15.0 16.0 15.0 14.0 13.0 12.0 11.0 10.0 9.0 8.0 7.0 6.0 5.0 4.0 3.0 2.0 1.0 0.0 1.0 2.0 3.0 4.0 5.0 6.0 7.0 8.0 9.0 10.0 11.0 12.0 
12.0 13.0 14.0 15.0 16.0 15.0 14.0 13.0 12.0 11.0 10.0 9.0 8.0 7.0 6.0 5.0 4.0 3.0 2.0 1.0 0.0 1.0 2.0 3.0 4.0 5.0 6.0 7.0 8.0 9.0 10.0 11.0 
11.0 12.0 13.0 14.0 15.0 16.0 15.0 14.0 13.0 12.0 11.0 10.0 9.0 8.0 7.0 6.0 5.0 4.0 3.0 2.0 1.0 0.0 1.0 2.0 3.0 4.0 5.0 6.0 7.0 8.0 9.0 10.0 
10.0 11.0 12.0 13.0 14.0 15.0 16.0 15.0 14.0 13.0 12.0 11.0 10.0 9.0 8.0 7.0 6.0 5.0 4.0 3.0 2.0 1.0 0.0 1.0 2.0 3.0 4.0 5.0 6.0 7.0 8.0 9.0 
9.0 10.0 11.0 12.0 13.0 14.0 15.0 16.0 15.0 14.0 13.0 12.0 11.0 10.0 9.0 8.0 7.0 6.0 5.0 4.0 3.0 2.0 1.0 0.0 1.0 2.0 3.0 4.0 5.0 6.0 7.0 8.0 
8.0 9.0 10.0 11.0 12.0 13.0 14.0 15.0 16.0 15.0 14.0 13.0 12.0 11.0 10.0 9.0 8.0 7.0 6.0 5.0 4.0 3.0 2.0 1.0 0.0 1.0 2.0 3.0 4.0 5.0 6.0 7.0 
7.0 8.0 9.0 10.0 11.0 12.0 13.0 14.0 15.0 16.0 15.0 14.0 13.0 12.0 11.0 10.0 9.0 8.0 7.0 6.0 5.0 4.0 3.0 2.0 1.0 0.0 1.0 2.0 3.0 4.0 5.0 6.0 
6.0 7.0 8.0 9.0 10.0 11.0 12.0 13.0 14.0 15.0 16.0 15.0 14.0 13.0 12.0 11.0 10.0 9.0 8.0 7.0 6.0 5.0 4.0 3.0 2.0 1.0 0.0 1.0 2.0 3.0 4.0 5.0 
5.0 6.0 7.0 8.0 9.0 10.0 11.0 12.0 13.0 14.0 15.0 16.0 15.0 14.0 13.0 12.0 11.0 10.0 9.0 8.0 7.0 6.0 5.0 4.0 3.0 2.0 1.0 0.0 1.0 2.0 3.0 4.0 
4.0 5.0 6.0 7.0 8.0 9.0 10.0 11.0 12.0 13.0 14.0 15.0 16.0 15.0 14.0 13.0 12.0 11.0 10.0 9.0 8.0 7.0 6.0 5.0 4.0 3.0 2.0 1.0 0.0 1.0 2.0 3.0 
3.0 4.0 5.0 6.0 7.0 8.0 9.0 10.0 11.0 12.0 13.0 14.0 15.0 16.0 15.0 14.0 13.0 12.0 11.0 10.0 9.0 8.0 7.0 6.0 5.0 4.0 3.0 2.0 1.0 0.0 1.0 2.0 
2.0 3.0 4.0 5.0 6.0 7.0 8.0 9.0 10.0 11.0 12.0 13.0 14.0 15.0 16.0 15.0 14.0 13.0 12.0 11.0 10.0 9.0 8.0 7.0 6.0 5.0 4.0 3.0 2.0 1.0 0.0 1.0 
1.0 2.0 3.0 4.0 5.0 6.0 7.0 8.0 9.0 10.0 11.0 12.0 13.0 14.0 15.0 16.0 15.0 14.0 13.0 12.0 11.0 10.0 9.0 8.0 7.0 6.0 5.0 4.0 3.0 2.0 1.0 0.0 