64
78 54 64 38 58 63 100 75 95 75 43 45 48 60 33 7 89 40 34 67 58 78 18 10 65 27 99 40 66 22 85 35 40 97 42 13 28 41 93 88 90 68 87 78 14 29 57 82 59 47 82 5 21 22 81 18 37 3 46 80 90 93 39 24 
47 94 12 67 98 78 26 15 69 61 48 50 85 29 99 48 91 52 81 2 55 27 82 9 1 30 88 62 23 70 28 75 94 60 88 100 68 54 91 96 33 63 81 76 16 7 46 68 32 24 9 2 77 96 10 86 35 95 66 1 62 81 65 2 
5 16 1 80 50 64 24 41 31 66 55 85 79 79 89 20 31 23 21 72 99 90 95 77 83 87 71 33 49 54 25 52 29 95 3 29 2 9 62 49 25 18 76 77 65 61 6 34 4 98 82 76 1 30 2 90 60 45 98 100 61 99 65 16 
26 20 12 70 79 11 76 24 37 56 21 92 60 35 93 83 52 28 85 7 13 26 32 39 76 22 41 53 94 19 26 6 64 21 89 85 3 97 95 76 32 41 50 15 42 77 75 61 37 90 95 74 34 47 39 9 53 60 99 19 80 100 57 77 
43 63 22 31 5 28 42 28 22 36 4 9 84 14 89 29 61 72 23 49 40 99 59 4 1 57 46 36 21 63 96 40 94 74 49 64 12 3 22 4 97 13 21 88 82 63 76 2 33 11 100 66 19 94 36 73 67 23 10 81 89 66 50 91 
90 33 13 63 44 5 42 42 33 79 53 29 88 94 85 46 55 29 69 8 33 20 94 59 22 62 88 11 46 37 69 71 36 74 6 37 73 4 67 41 21 98 54 33 30 53 90 82 50 21 34 70 66 97 33 87 63 22 28 8 64 67 56 5 
44 63 46 96 27 67 83 68 96 54 45 92 49 21 93 86 39 39 76 94 46 79 43 36 41 37 36 97 25 29 63 34 42 92 26 12 23 51 91 71 47 1 98 8 25 94 42 55 85 58 16 39 62 59 32 65 97 87 34 59 36 92 64 20 
87 31 51 54 56 22 79 24 70 67 92 71 38 29 10 22 68 24 3 50 18 51 99 43 60 60 37 85 75 82 43 23 25 89 70 76 79 62 59 18 22 30 95 59 69 81 66 99 94 74 8 53 93 42 35 53 74 47 65 61 56 30 30 74 
13 59 70 87 40 80 72 54 65 99 88 54 38 5 81 12 60 4 1 24 12 43 33 17 30 39 59 90 90 96 79 59 12 93 8 89 77 83 26 11 69 68 63 60 42 49 51 58 70 39 97 24 98 27 30 58 61 43 94 67 9 99 29 57 
11 89 69 60 88 2 46 86 56 96 94 18 75 21 89 88 74 25 76 70 38 56 29 37 62 33 15 74 23 92 1 76 62 83 49 88 5 77 7 19 25 14 55 93 24 15 19 59 61 41 69 56 96 63 54 86 34 26 87 4 94 44 81 100 
4 19 90 5 10 15 44 29 59 88 66 36 43 70 84 37 75 33 43 66 18 92 73 3 12 26 73 61 6 78 39 53 60 99 15 94 80 50 76 59 1 33 7 29 97 78 62 59 77 48 53 30 48 11 18 24 84 98 38 97 43 45 6 75 
34 18 100 52 89 32 27 78 84 27 94 38 97 99 51 66 16 70 76 5 36 72 42 70 58 87 41 30 57 95 27 15 66 47 57 72 38 43 63 53 95 100 23 17 47 21 12 31 84 80 24 7 40 48 62 31 86 56 82 61 57 97 39 27 
77 34 97 25 7 49 59 57 81 34 9 55 41 36 3 33 31 2 82 2 13 17 96 46 89 46 83 12 40 43 24 44 55 58 75 87 4 10 2 74 15 32 60 23 34 43 50 58 50 52 15 50 9 91 13 13 67 40 66 36 100 4 17 64 
58 77 71 69 26 100 40 23 25 64 60 56 33 91 9 50 26 19 61 26 5 98 9 22 78 40 91 7 70 4 30 59 62 99 18 60 38 35 81 41 17 11 36 90 99 2 74 45 83 64 48 82 10 88 47 59 66 59 33 3 16 88 51 57 
3 13 65 74 52 34 36 57 89 88 13 74 93 59 4 20 74 77 35 3 66 17 90 25 20 50 57 44 77 52 97 21 22 37 62 1 15 72 93 7 20 98 90 79 10 4 93 30 74 86 60 3 32 55 41 15 26 66 84 5 68 17 53 48 
31 30 65 45 55 91 5 80 84 84 41 8 47 56 72 59 100 55 8 17 71 68 58 30 45 53 81 54 99 89 85 55 90 85 34 75 100 48 51 7 47 61 31 42 81 29 79 87 24 88 42 58 19 2 27 81 50 16 45 23 54 16 67 28 
85 66 22 66 96 40 69 2 81 57 55 11 27 84 53 88 62 71 45 9 97 16 39 66 22 86 37 49 99 85 45 14 76 45 8 79 8 85 52 47 43 78 46 73 80 8 68 15 6 82 75 26 72 58 57 41 73 73 97 52 96 74 38 77 
16 55 35 72 69 53 85 84 95 72 66 51 25 7 57 5 26 77 17 20 59 42 58 97 3 62 55 53 20 99 4 46 50 90 43 16 45 60 12 34 60 38 75 76 29 3 82 67 64 63 12 54 18 10 93 19 88 83 5 60 54 18 24 6 
80 91 86 26 51 6 41 59 68 11 90 11 71 18 59 38 89 44 42 1 41 5 35 13 2 79 62 13 98 72 31 58 93 2 3 76 13 8 26 4 39 64 54 53 43 67 7 46 89 76 8 41 95 55 14 37 31 61 49 36 90 82 89 10 
77 88 23 77 84 89 30 100 65 35 61 75 57 11 7 58 69 62 55 46 94 58 46 72 41 18 33 69 45 50 91 34 38 1 39 20 36 5 70 46 73 58 41 39 80 32 45 28 36 62 6 24 49 31 17 53 42 66 15 22 42 27 87 9 
60 77 67 58 89 53 83 89 1 96 80 87 74 36 18 27 32 40 54 50 43 98 27 73 85 78 22 17 47 82 40 97 85 9 39 58 97 5 30 87 24 51 9 54 85 59 50 88 4 73 20 48 16 39 53 8 5 94 79 51 64 46 55 63 
6 43 39 12 53 50 78 69 95 56 32 92 73 93 65 75 47 50 61 7 4 45 25 32 88 2 96 90 61 71 55 59 10 7 27 46 91 54 43 28 44 50 39 14 8 16 76 93 82 25 44 75 46 78 47 63 15 41 22 16 22 69 45 43 
32 99 14 59 60 91 18 64 86 10 4 37 29 15 76 30 43 57 85 31 7 34 55 46 2 80 1 51 48 46 70 65 21 42 53 89 21 92 70 3 3 46 14 66 69 46 48 51 71 23 3 46 33 2 69 21 91 14 9 1 71 25 35 66 
23 88 54 45 8 6 44 11 49 37 92 35 65 22 72 21 98 84 37 91 59 53 57 82 62 19 19 54 6 52 92 20 25 95 86 10 70 64 57 32 82 12 9 36 9 92 78 15 11 45 74 75 73 55 98 34 69 36 51 10 15 96 49 46 
13 83 9 55 12 25 92 43 21 94 10 14 63 68 39 34 71 35 8 46 23 96 23 25 47 78 79 90 3 86 69 91 80 25 1 95 15 56 90 39 48 21 100 100 77 22 67 33 31 26 73 59 67 52 91 25 69 36 52 95 88 7 11 89 
63 54 1 27 34 97 84 66 100 55 65 7 94 75 1 46 86 62 45 60 67 88 70 21 51 73 25 66 75 74 15 82 80 39 1 14 10 37 8 9 19 5 71 96 50 55 77 52 77 18 42 28 80 46 67 4 90 47 21 59 51 52 87 84 
38 36 76 31 15 73 26 24 15 53 6 69 47 28 94 32 33 86 13 87 92 51 49 41 72 71 44 96 74 4 49 50 14 53 23 17 87 19 89 51 98 17 58 91 33 28 61 62 55 87 46 6 59 31 14 47 22 79 42 14 2 83 14 9 
100 94 45 51 79 81 23 88 73 5 36 75 28 18 16 69 30 37 42 62 31 7 2 85 53 72 87 75 31 77 11 92 33 99 75 72 80 15 75 47 77 86 41 38 48 17 73 66 5 69 23 3 55 11 47 35 34 87 23 31 63 9 49 18 
56 50 17 97 55 26 8 100 48 25 74 47 7 65 69 54 4 67 9 2 10 15 98 68 87 99 32 36 80 88 44 37 12 88 36 41 73 88 94 94 58 50 86 52 18 52 45 58 32 74 33 49 88 15 22 55 15 89 11 25 80 53 24 1 
54 94 83 52 96 60 5 62 81 25 64 98 58 54 18 16 52 44 17 6 69 12 60 28 44 79 73 64 12 65 54 95 42 48 72 89 79 55 5 35 37 53 80 90 93 76 34 36 13 63 11 89 70 24 5 29 100 82 86 36 36 52 69 59 
40 3 48 63 46 82 26 3 57 88 91 79 27 73 98 45 74 33 58 4 30 70 1 77 100 62 20 40 48 20 25 38 88 83 52 28 53 82 41 55 4 6 63 64 54 81 48 49 23 1 99 63 88 19 4 93 80 12 73 81 55 35 78 18 
83 88 61 55 9 30 81 88 71 62 28 57 52 2 85 52 55 7 59 74 57 77 49 25 88 42 31 62 67 85 33 20 48 33 56 44 30 42 38 9 9 24 57 13 96 13 97 37 42 74 78 97 94 48 44 78 26 57 75 81 98 24 88 60 
13 30 61 58 69 58 51 46 1 34 68 28 39 13 74 1 93 59 53 75 64 27 54 72 18 91 43 32 43 58 27 7 93 18 29 67 78 63 66 66 87 26 64 43 36 98 9 76 90 73 52 31 5 20 11 16 30 3 17 25 58 35 71 57 
10 78 86 16 89 38 87 76 50 19 63 17 57 57 59 26 2 17 13 60 33 73 84 30 57 7 76 11 42 58 59 44 32 25 76 88 7 93 45 49 83 75 33 83 72 81 72 66 55 41 2 27 71 3 11 10 38 88 42 64 59 56 88 4 
65 62 56 73 46 59 25 20 38 21 29 71 21 81 78 76 15 17 32 21 97 95 15 61 15 8 46 72 60 98 4 55 37 30 10 51 57 13 54 75 51 85 77 75 52 23 5 7 45 28 99 46 50 4 68 62 33 45 92 58 47 22 31 94 
86 45 3 83 93 19 96 77 53 92 80 79 22 33 45 85 91 8 64 60 34 3 93 63 12 77 43 69 30 43 29 73 47 1 72 15 16 60 15 17 11 16 68 72 29 38 74 71 36 89 64 70 100 74 56 44 85 28 99 66 11 40 32 91 
14 28 66 14 53 62 76 97 4 34 61 2 9 20 70 76 15 65 82 88 24 65 75 95 73 3 57 89 63 51 80 75 97 49 53 66 43 61 23 1 4 85 62 62 9 38 62 47 5 87 22 66 63 12 65 60 84 37 34 39 3 95 27 42 
90 80 76 52 27 93 37 54 63 89 60 18 39 90 47 94 72 4 95 48 55 79 15 24 53 93 24 57 19 9 66 28 66 9 59 100 48 100 69 10 80 1 76 9 82 24 25 32 28 28 43 40 88 84 45 31 85 57 5 9 97 44 8 43 
88 30 23 75 34 81 27 86 63 56 46 93 21 31 78 35 98 54 96 65 13 82 92 57 99 16 29 64 60 51 55 5 34 96 10 95 82 26 47 2 89 79 21 73 1 2 8 63 2 100 1 34 3 65 9 17 5 91 59 28 59 98 99 48 
2 81 30 75 9 57 4 79 76 21 94 40 45 14 75 77 11 62 97 31 43 30 21 100 90 81 22 60 60 22 35 33 54 34 12 28 64 49 55 84 4 55 55 90 62 83 1 88 6 48 33 67 24 51 36 85 2 26 1 56 38 21 60 42 
90 100 52 39 61 55 97 70 42 1 100 70 61 78 21 6 73 52 99 88 49 18 68 28 84 99 21 57 19 69 69 66 28 65 37 24 44 41 98 77 77 83 83 39 100 35 85 93 7 89 86 79 69 15 66 10 10 55 86 6 16 87 45 95 
37 47 33 83 21 49 25 80 78 55 72 99 23 9 11 96 81 58 76 57 27 37 37 32 79 52 36 48 35 25 53 97 91 57 64 68 18 83 83 26 45 24 87 100 9 26 62 67 36 18 21 55 35 45 75 9 82 54 85 59 48 39 11 62 
45 80 20 76 50 11 93 91 15 1 74 82 17 32 53 29 80 40 98 95 58 14 19 7 12 87 27 99 39 55 77 89 18 82 13 1 31 81 4 55 42 6 98 54 87 82 100 53 44 83 85 34 56 69 4 75 63 8 5 90 69 94 42 27 
48 15 87 97 41 88 30 7 53 8 21 22 63 95 73 74 45 14 68 6 21 23 42 34 31 39 91 80 96 82 38 46 3 81 94 57 38 91 43 38 3 1 13 62 34 74 33 90 100 94 22 97 100 5 92 10 97 64 28 74 9 50 7 77 
73 4 97 97 6 1 17 34 36 81 29 86 8 2 48 34 93 55 13 97 87 75 68 29 72 32 22 16 39 61 53 25 35 69 25 23 1 41 88 15 61 87 10 94 54 43 27 35 47 57 60 42 63 17 70 98 55 9 75 33 66 70 62 81 
93 84 21 78 56 45 19 56 63 24 6 41 79 92 10 32 37 21 43 72 93 11 21 66 78 35 92 46 98 61 18 11 15 29 33 72 83 36 21 70 65 42 43 44 69 36 46 88 43 49 26 89 5 7 20 22 14 56 33 10 79 51 46 38 
67 33 19 84 95 64 39 9 78 18 53 66 92 95 85 27 7 43 32 29 41 5 95 6 29 67 25 11 11 70 20 14 9 7 11 75 92 57 24 99 70 18 67 90 42 91 19 41 40 1 57 25 66 72 88 4 77 3 6 49 83 96 14 43 
45 58 24 70 84 20 8 35 37 19 24 51 16 79 57 15 44 28 68 100 56 80 57 59 29 68 21 47 85 58 36 9 71 75 82 45 93 12 85 45 32 34 98 96 24 61 26 17 26 100 27 92 18 31 73 56 18 76 87 42 76 63 60 80 
15 18 27 33 63 1 60 57 94 93 95 9 75 71 90 77 4 79 95 77 62 44 83 40 69 30 100 36 60 12 8 30 67 88 98 32 43 32 54 94 1 61 49 67 49 45 97 89 83 89 27 18 91 30 8 83 19 47 99 23 48 16 61 62 
78 86 80 7 70 50 55 78 81 97 63 3 71 44 83 81 40 46 82 41 61 39 15 86 7 76 67 11 77 77 21 77 34 28 32 42 70 43 74 18 55 84 35 67 56 4 54 71 86 84 56 75 18 60 98 5 23 70 47 97 96 96 10 5 
52 18 83 95 17 62 26 18 95 24 19 70 48 92 50 71 82 45 88 33 41 78 32 50 6 51 54 50 29 69 74 10 11 5 5 6 96 86 83 6 13 62 63 90 22 30 71 22 52 83 14 42 15 61 40 68 3 32 33 98 20 54 76 90 
3 76 81 56 93 84 22 43 18 70 2 71 43 24 10 84 35 31 89 71 70 100 2 1 52 8 94 36 81 41 63 43 13 55 89 38 53 70 45 50 4 5 60 41 26 88 47 7 66 57 71 7 4 52 23 78 37 53 59 21 11 98 49 93 
82 39 64 42 22 3 70 90 71 50 38 82 35 66 68 26 43 31 13 24 65 7 54 74 48 8 59 46 51 78 7 31 42 79 94 35 1 46 62 5 5 8 21 79 35 98 20 76 58 69 100 30 86 82 96 21 38 2 13 31 95 74 86 65 
69 70 89 7 10 64 75 7 72 88 72 13 60 17 41 37 10 8 98 32 61 54 48 98 29 3 88 7 29 34 16 19 92 80 36 17 7 64 83 50 26 17 74 51 50 59 68 30 29 95 19 90 81 36 73 49 36 68 40 91 53 18 74 33 
70 40 53 94 95 9 2 72 12 25 17 15 16 28 40 89 4 31 43 80 7 39 5 15 26 85 66 85 39 27 41 99 46 94 57 14 71 17 93 95 34 68 12 4 38 77 11 25 93 6 1 26 7 7 85 32 18 78 10 67 36 6 49 100 
59 63 85 7 73 6 65 1 45 29 20 15 1 78 70 74 71 25 88 76 81 73 19 62 30 6 41 38 19 23 68 2 99 86 21 31 69 5 28 85 29 86 53 61 51 90 25 42 21 18 42 83 92 54 82 64 54 29 51 43 26 6 72 72 
79 90 36 78 74 73 43 14 57 79 29 4 62 8 27 9 42 80 92 23 22 82 52 43 20 80 34 76 67 9 62 90 1 69 23 24 57 48 100 47 31 14 75 9 100 10 7 16 73 75 84 50 56 76 35 75 23 76 59 82 29 24 61 68 
81 71 54 62 11 53 12 28 7 12 55 38 63 81 44 18 37 35 61 7 27 6 48 33 78 38 41 39 89 1 55 97 41 42 50 25 43 19 75 5 50 80 86 55 71 76 91 24 53 19 83 65 39 3 15 29 28 41 57 41 73 83 81 94 
66 28 36 45 11 52 48 8 33 78 5 91 26 2 66 37 50 23 40 1 60 12 57 67 35 69 78 8 88 35 94 19 44 74 61 40 5 98 57 16 53 95 96 99 58 12 17 33 3 77 55 16 77 39 98 82 29 63 69 50 64 96 81 26 
66 36 51 75 24 86 7 26 45 87 78 13 75 86 95 90 40 73 30 84 54 82 62 94 10 10 45 99 93 4 100 74 27 3 88 25 31 30 6 80 91 93 38 30 31 53 79 55 40 50 86 69 62 66 66 47 62 18 96 29 10 55 94 59 
71 75 15 52 36 16 49 58 56 21 94 79 40 93 14 55 98 26 94 37 3 26 14 64 31 100 92 28 84 1 94 42 30 98 38 67 46 37 25 31 11 60 82 15 26 31 86 97 23 37 50 100 41 55 35 80 47 52 86 17 12 78 33 83 
82 44 92 96 5 35 27 57 44 99 99 17 50 93 45 20 78 56 63 53 30 30 67 99 23 14 96 76 92 40 12 100 38 74 37 59 41 19 66 36 58 34 69 36 88 18 87 16 2 4 32 46 75 30 3 4 48 77 7 72 99 95 30 51 
41 45 63 12 23 40 53 39 24 100 98 84 30 43 38 41 17 4 79 83 61 49 27 13 94 24 83 49 30 86 53 13 96 89 48 37 11 20 16 3 8 16 45 98 47 95 17 4 40 46 54 99 70 70 11 76 59 7 53 41 82 43 44 17 
44 75 75 23 31 77 63 25 87 35 82 49 44 83 87 19 82 71 100 47 30 22 59 51 100 17 38 32 83 18 97 99 40 28 85 67 21 68 24 33 88 31 79 5 73 17 12 11 9 34 71 47 53 59 72 11 37 76 39 60 1 1 49 12 
0.0 1.0 2.0 3.0 4.0 5.0 6.0 7.0 8.0 9.0 10.0 11.0 12.0 13.0 14.0 15.0 16.0 17.0 18.0 19.0 20.0 21.0 22.0 23.0 24.0 25.0 26.0 27.0 28.0 29.0 30.0 31.0 32.0 31.0 30.0 29.0 28.0 27.0 26.0 25.0 24.0 23.0 22.0 21.0 20.0 19.0 18.0 17.0 16.0 15.0 14.0 13.0 12.0 11.0 10.0 9.0 8.0 7.0 6.0 5.0 4.0 3.0 2.0 1.0 
1.0 0.0 1.0 2.0 3.0 4.0 5.0 6.0 7.0 8.0 9.0 10.0 11.0 12.0 13.0 14.0 15.0 16.0 17.0 18.0 19.0 20.0 21.0 22.0 23.0 24.0 25.0 26.0 27.0 28.0 29.0 30.0 31.0 32.0 31.0 30.0 29.0 28.0 27.0 26.0 25.0 24.0 23.0 22.0 21.0 20.0 19.0 18.0 17.0 16.0 15.0 14.0 13.0 12.0 11.0 10.0 9.0 8.0 7.0 6.0 5.0 4.0 3.0 2.0 
2.0 1.0 0.0 1.0 2.0 3.0 4.0 5.0 6.0 7.0 8.0 9.0 10.0 11.0 12.0 13.0 14.0 15.0 16.0 17.0 18.0 19.0 20.0 21.0 22.0 23.0 24.0 25.0 26.0 27.0 28.0 29.0 30.0 31.0 32.0 31.0 30.0 29.0 28.0 27.0 26.0 25.0 24.0 23.0 22.0 21.0 20.0 19.0 18.0 17.0 16.0 15.0 14.0 13.0 12.0 11.0 10.0 9.0 8.0 7.0 6.0 5.0 4.0 3.0 
3.0 2.0 1.0 0.0 1.0 2.0 3.0 4.0 5.0 6.0 7.0 8.0 9.0 10.0 11.0 12.0 13.0 14.0 15.0 16.0 17.0 18.0 19.0 20.0 21.0 22.0 23.0 24.0 25.0 26.0 27.0 28.0 29.0 30.0 31.0 32.0 31.0 30.0 29.0 28.0 27.0 26.0 25.0 24.0 23.0 22.0 21.0 20.0 19.0 18.0 17.0 16.0 15.0 14.0 13.0 12.0 11.0 10.0 9.0 8.0 7.0 6.0 5.0 4.0 
4.0 3.0 2.0 1.0 0.0 1.0 2.0 3.0 4.0 5.0 6.0 7.0 8.0 9.0 10.0 11.0 12.0 13.0 14.0 15.0 16.0 17.0 18.0 19.0 20.0 21.0 22.0 23.0 24.0 25.0 26.0 27.0 28.0 29.0 30.0 31.0 32.0 31.0 30.0 29.0 28.0 27.0 26.0 25.0 24.0 23.0 22.0 21.0 20.0 19.0 18.0 17.0 16.0 15.0 14.0 13.0 12.0 11.0 10.0 9.0 8.0 7.0 6.0 5.0 
5.0 4.0 3.0 2.0 1.0 0.0 1.0 2.0 3.0 4.0 5.0 6.0 7.0 8.0 9.0 10.0 11.0 12.0 13.0 14.0 15.0 16.0 17.0 18.0 19.0 20.0 21.0 22.0 23.0 24.0 25.0 26.0 27.0 28.0 29.0 30.0 31.0 32.0 31.0 30.0 29.0 28.0 27.0 26.0 25.0 24.0 23.0 22.0 21.0 20.0 19.0 18.0 17.0 16.0 15.0 14.0 13.0 12.0 11.0 10.0 9.0 8.0 7.0 6.0 
6.0 5.0 4.0 3.0 2.0 1.0 0.0 1.0 2.0 3.0 4.0 5.0 6.0 7.0 8.0 9.0 10.0 11.0 12.0 13.0 14.0 15.0 16.0 17.0 18.0 19.0 20.0 21.0 22.0 23.0 24.0 25.0 26.0 27.0 28.0 29.0 30.0 31.0 32.0 31.0 30.0 29.0 28.0 27.0 26.0 25.0 24.0 23.0 22.0 21.0 20.0 19.0 18.0 17.0 16.0 15.0 14.0 13.0 12.0 11.0 10.0 9.0 8.0 7.0 
7.0 6.0 5.0 4.0 3.0 2.0 1.0 0.0 1.0 2.0 3.0 4.0 5.0 6.0 7.0 8.0 9.0 10.0 11.0 12.0 13.0 14.0 15.0 16.0 17.0 18.0 19.0 20.0 21.0 22.0 23.0 24.0 25.0 26.0 27.0 28.0 29.0 30.0 31.0 32.0 31.0 30.0 29.0 28.0 27.0 26.0 25.0 24.0 23.0 22.0 21.0 20.0 19.0 18.0 17.0 16.0 15.0 14.0 13.0 12.0 11.0 10.0 9.0 8.0 
8.0 7.0 6.0 5.0 4.0 3.0 2.0 1.0 0.0 1.0 2.0 3.0 4.0 5.0 6.0 7.0 8.0 9.0 10.0 11.0 12.0 13.0 14.0 15.0 16.0 17.0 18.0 19.0 20.0 21.0 22.0 23.0 24.0 25.0 26.0 27.0 28.0 29.0 30.0 31.0 32.0 31.0 30.0 29.0 28.0 27.0 26.0 25.0 24.0 23.0 22.0 21.0 20.0 19.0 18.0 17.0 16.0 15.0 14.0 13.0 12.0 11.0 10.0 9.0 
9.0 8.0 7.0 6.0 5.0 4.0 3.0 2.0 1.0 0.0 1.0 2.0 3.0 4.0 5.0 6.0 7.0 8.0 9.0 10.0 11.0 12.0 13.0 14.0 15.0 16.0 17.0 18.0 19.0 20.0 21.0 22.0 23.0 24.0 25.0 26.0 27.0 28.0 29.0 30.0 31.0 32.0 31.0 30.0 29.0 28.0 27.0 26.0 25.0 24.0 23.0 22.0 21.0 20.0 19.0 18.0 17.0 16.0 15.0 14.0 13.0 12.0 11.0 10.0 
10.0 9.0 8.0 7.0 6.0 5.0 4.0 3.0 2.0 1.0 0.0 1.0 2.0 3.0 4.0 5.0 6.0 7.0 8.0 9.0 10.0 11.0 12.0 13.0 14.0 15.0 16.0 17.0 18.0 19.0 20.0 21.0 22.0 23.0 24.0 25.0 26.0 27.0 28.0 29.0 30.0 31.0 32.0 31.0 30.0 29.0 28.0 27.0 26.0 25.0 24.0 23.0 22.0 21.0 20.0 19.0 18.0 17.0 16.0 15.0 14.0 13.0 12.0 11.0 
11.0 10.0 9.0 8.0 7.0 6.0 5.0 4.0 3.0 2.0 1.0 0.0 1.0 2.0 3.0 4.0 5.0 6.0 7.0 8.0 9.0 10.0 11.0 12.0 13.0 14.0 15.0 16.0 17.0 18.0 19.0 20.0 21.0 22.0 23.0 24.0 25.0 26.0 27.0 28.0 29.0 30.0 31.0 32.0 31.0 30.0 29.0 28.0 27.0 26.0 25.0 24.0 23.0 22.0 21.0 20.0 19.0 18.0 17.0 16.0 15.0 14.0 13.0 12.0 
12.0 11.0 10.0 9.0 8.0 7.0 6.0 5.0 4.0 3.0 2.0 1.0 0.0 1.0 2.0 3.0 4.0 5.0 6.0 7.0 8.0 9.0 10.0 11.0 12.0 13.0 14.0 15.0 16.0 17.0 18.0 19.0 20.0 21.0 22.0 23.0 24.0 25.0 26.0 27.0 28.0 29.0 30.0 31.0 32.0 31.0 30.0 29.0 28.0 27.0 26.0 25.0 24.0 23.0 22.0 21.0 20.0 19.0 18.0 17.0 16.0 15.0 14.0 13.0 
13.0 12.0 11.0 10.0 9.0 8.0 7.0 6.0 5.0 4.0 3.0 2.0 1.0 0.0 1.0 2.0 3.0 4.0 5.0 6.0 7.0 8.0 9.0 10.0 11.0 12.0 13.0 14.0 15.0 16.0 17.0 18.0 19.0 20.0 21.0 22.0 23.0 24.0 25.0 26.0 27.0 28.0 29.0 30.0 31.0 32.0 31.0 30.0 29.0 28.0 27.0 26.0 25.0 24.0 23.0 22.0 21.0 20.0 19.0 18.0 17.0 16.0 15.0 14.0 
14.0 13.0 12.0 11.0 10.0 9.0 8.0 7.0 6.0 5.0 4.0 3.0 2.0 1.0 0.0 1.0 2.0 3.0 4.0 5.0 6.0 7.0 8.0 9.0 10.0 11.0 12.0 13.0 14.0 15.0 16.0 17.0 18.0 19.0 20.0 21.0 22.0 23.0 24.0 25.0 26.0 27.0 28.0 29.0 30.0 31.0 32.0 31.0 30.0 29.0 28.0 27.0 26.0 25.0 24.0 23.0 22.0 21.0 20.0 19.0 18.0 17.0 16.0 15.0 
15.0 14.0 13.0 12.0 11.0 10.0 9.0 8.0 7.0 6.0 5.0 4.0 3.0 2.0 1.0 0.0 1.0 2.0 3.0 4.0 5.0 6.0 7.0 8.0 9.0 10.0 11.0 12.0 13.0 14.0 15.0 16.0 17.0 18.0 19.0 20.0 21.0 22.0 23.0 24.0 25.0 26.0 27.0 28.0 29.0 30.0 31.0 32.0 31.0 30.0 29.0 28.0 27.0 26.0 25.0 24.0 23.0 22.0 21.0 20.0 19.0 18.0 17.0 16.0 
16.0 15.0 14.0 13.0 12.0 11.0 10.0 9.0 8.0 7.0 6.0 5.0 4.0 3.0 2.0 1.0 0.0 1.0 2.0 3.0 4.0 5.0 6.0 7.0 8.0 9.0 10.0 11.0 12.0 13.0 14.0 15.0 16.0 17.0 18.0 19.0 20.0 21.0 22.0 23.0 24.0 25.0 26.0 27.0 28.0 29.0 30.0 31.0 32.0 31.0 30.0 29.0 28.0 27.0 26.0 25.0 24.0 23.0 22.0 21.0 20.0 19.0 18.0 17.0 
17.0 16.0 15.0 14.0 13.0 12.0 11.0 10.0 9.0 8.0 7.0 6.0 5.0 4.0 3.0 2.0 1.0 0.0 1.0 2.0 3.0 4.0 5.0 6.0 7.0 8.0 9.0 10.0 11.0 12.0 13.0 14.0 15.0 16.0 17.0 18.0 19.0 20.0 21.0 22.0 23.0 24.0 25.0 26.0 27.0 28.0 29.0 30.0 31.0 32.0 31.0 30.0 29.0 28.0 27.0 26.0 25.0 24.0 23.0 22.0 21.0 20.0 19.0 18.0 
18.0 17.0 16.0 15.0 14.0 13.0 12.0 11.0 10.0 9.0 8.0 7.0 6.0 5.0 4.0 3.0 2.0 1.0 0.0 1.0 2.0 3.0 4.0 5.0 6.0 7.0 8.0 9.0 10.0 11.0 12.0 13.0 14.0 15.0 16.0 17.0 18.0 19.0 20.0 21.0 22.0 23.0 24.0 25.0 26.0 27.0 28.0 29.0 30.0 31.0 32.0 31.0 30.0 29.0 28.0 27.0 26.0 25.0 24.0 23.0 22.0 21.0 20.0 19.0 
19.0 18.0 17.0 16.0 15.0 14.0 13.0 12.0 11.0 10.0 9.0 8.0 7.0 6.0 5.0 4.0 3.0 2.0 1.0 0.0 1.0 2.0 3.0 4.0 5.0 6.0 7.0 8.0 9.0 10.0 11.0 12.0 13.0 14.0 15.0 16.0 17.0 18.0 19.0 20.0 21.0 22.0 23.0 24.0 25.0 26.0 27.0 28.0 29.0 30.0 31.0 32.0 31.0 30.0 29.0 28.0 27.0 26.0 25.0 24.0 23.0 22.0 21.0 20.0 
20.0 19.0 18.0 17.0 16.0 15.0 14.0 13.0 12.0 11.0 10.0 9.0 8.0 7.0 6.0 5.0 4.0 3.0 2.0 1.0 0.0 1.0 2.0 3.0 4.0 5.0 6.0 7.0 8.0 9.0 10.0 11.0 12.0 13.0 14.0 15.0 16.0 17.0 18.0 19.0 20.0 21.0 22.0 23.0 24.0 25.0 26.0 27.0 28.0 29.0 30.0 31.0 32.0 31.0 30.0 29.0 28.0 27.0 26.0 25.0 24.0 23.0 22.0 21.0 
21.0 20.0 19.0 18.0 17.0 16.0 15.0 14.0 13.0 12.0 11.0 10.0 9.0 8.0 7.0 6.0 5.0 4.0 3.0 2.0 1.0 0.0 1.0 2.0 3.0 4.0 5.0 6.0 7.0 8.0 9.0 10.0 11.0 12.0 13.0 14.0 15.0 16.0 17.0 18.0 19.0 20.0 21.0 22.0 23.0 24.0 25.0 26.0 27.0 28.0 29.0 30.0 31.0 32.0 31.0 30.0 29.0 28.0 27.0 26.0 25.0 24.0 23.0 22.0 
22.0 21.0 20.0 19.0 18.0 17.0 16.0 15.0 14.0 13.0 12.0 11.0 10.0 9.0 8.0 7.0 6.0 5.0 4.0 3.0 2.0 1.0 0.0 1.0 2.0 3.0 4.0 5.0 6.0 7.0 8.0 9.0 10.0 11.0 12.0 13.0 14.0 15.0 16.0 17.0 18.0 19.0 20.0 21.0 22.0 23.0 24.0 25.0 26.0 27.0 28.0 29.0 30.0 31.0 32.0 31.0 30.0 29.0 28.0 27.0 26.0 25.0 24.0 23.0 
23.0 22.0 21.0 20.0 19.0 18.0 17.0 16.0 15.0 14.0 13.0 12.0 11.0 10.0 9.0 8.0 7.0 6.0 5.0 4.0 3.0 2.0 1.0 0.0 1.0 2.0 3.0 4.0 5.0 6.0 7.0 8.0 9.0 10.0 11.0 12.0 13.0 14.0 15.0 16.0 17.0 18.0 19.0 20.0 21.0 22.0 23.0 24.0 25.0 26.0 27.0 28.0 29.0 30.0 31.0 32.0 31.0 30.0 29.0 28.0 27.0 26.0 25.0 24.0 
24.0 23.0 22.0 21.0 20.0 19.0 18.0 17.0 16.0 15.0 14.0 13.0 12.0 11.0 10.0 9.0 8.0 7.0 6.0 5.0 4.0 3.0 2.0 1.0 0.0 1.0 2.0 3.0 4.0 5.0 6.0 7.0 8.0 9.0 10.0 11.0 12.0 13.0 14.0 15.0 16.0 17.0 18.0 19.0 20.0 21.0 22.0 23.0 24.0 25.0 26.0 27.0 28.0 29.0 30.0 31.0 32.0 31.0 30.0 29.0 28.0 27.0 26.0 25.0 
25.0 24.0 23.0 22.0 21.0 20.0 19.0 18.0 17.0 16.0 15.0 14.0 13.0 12.0 11.0 10.0 9.0 8.0 7.0 6.0 5.0 4.0 3.0 2.0 1.0 0.0 1.0 2.0 3.0 4.0 5.0 6.0 7.0 8.0 9.0 10.0 11.0 12.0 13.0 14.0 15.0 16.0 17.0 18.0 19.0 20.0 21.0 22.0 23.0 24.0 25.0 26.0 27.0 28.0 29.0 30.0 31.0 32.0 31.0 30.0 29.0 28.0 27.0 26.0 
26.0 25.0 24.0 23.0 22.0 21.0 20.0 19.0 18.0 17.0 16.0 15.0 14.0 13.0 12.0 11.0 10.0 9.0 8.0 7.0 6.0 5.0 4.0 3.0 2.0 1.0 0.0 1.0 2.0 3.0 4.0 5.0 6.0 7.0 8.0 9.0 10.0 11.0 12.0 13.0 14.0 15.0 16.0 17.0 18.0 19.0 20.0 21.0 22.0 23.0 24.0 25.0 26.0 27.0 28.0 29.0 30.0 31.0 32.0 31.0 30.0 29.0 28.0 27.0 
27.0 26.0 25.0 24.0 23.0 22.0 21.0 20.0 19.0 18.0 17.0 16.0 15.0 14.0 13.0 12.0 11.0 10.0 9.0 8.0 7.0 6.0 5.0 4.0 3.0 2.0 1.0 0.0 1.0 2.0 3.0 4.0 5.0 6.0 7.0 8.0 9.0 10.0 11.0 12.0 13.0 14.0 15.0 16.0 17.0 18.0 19.0 20.0 21.0 22.0 23.0 24.0 25.0 26.0 27.0 28.0 29.0 30.0 31.0 32.0 31.0 30.0 29.0 28.0 
28.0 27.0 26.0 25.0 24.0 23.0 22.0 21.0 20.0 19.0 18.0 17.0 16.0 15.0 14.0 13.0 12.0 11.0 10.0 9.0 8.0 7.0 6.0 5.0 4.0 3.0 2.0 1.0 0.0 1.0 2.0 3.0 4.0 5.0 6.0 7.0 8.0 9.0 10.0 11.0 12.0 13.0 14.0 15.0 16.0 17.0 18.0 19.0 20.0 21.0 22.0 23.0 24.0 25.0 26.0 27.0 28.0 29.0 30.0 31.0 32.0 31.0 30.0 29.0 
29.0 28.0 27.0 26.0 25.0 24.0 23.0 22.0 21.0 20.0 19.0 18.0 17.0 16.0 15.0 14.0 13.0 12.0 11.0 10.0 9.0 8.0 7.0 6.0 5.0 4.0 3.0 2.0 1.0 0.0 1.0 2.0 3.0 4.0 5.0 6.0 7.0 8.0 9.0 10.0 11.0 12.0 13.0 14.0 15.0 16.0 17.0 18.0 19.0 20.0 21.0 22.0 23.0 24.0 25.0 26.0 27.0 28.0 29.0 30.0 31.0 32.0 31.0 30.0 
30.0 29.0 28.0 27.0 26.0 25.0 24.0 23.0 22.0 21.0 20.0 19.0 18.0 17.0 16.0 15.0 14.0 13.0 12.0 11.0 10.0 9.0 8.0 7.0 6.0 5.0 4.0 3.0 2.0 1.0 0.0 1.0 2.0 3.0 4.0 5.0 6.0 7.0 8.0 9.0 10.0 11.0 12.0 13.0 14.0 15.0 16.0 17.0 18.0 19.0 20.0 21.0 22.0 23.0 24.0 25.0 26.0 27.0 28.0 29.0 30.0 31.0 32.0 31.0 
31.0 30.0 29.0 28.0 27.0 26.0 25.0 24.0 23.0 22.0 21.0 20.0 19.0 18.0 17.0 16.0 15.0 14.0 13.0 12.0 11.0 10.0 9.0 8.0 7.0 6.0 5.0 4.0 3.0 2.0 1.0 0.0 1.0 2.0 3.0 4.0 5.0 6.0 7.0 8.0 9.0 10.0 11.0 12.0 13.0 14.0 15.0 16.0 17.0 18.0 19.0 20.0 21.0 22.0 23.0 24.0 25.0 26.0 27.0 28.0 29.0 30.0 31.0 32.0 
32.0 31.0 30.0 29.0 28.0 27.0 26.0 25.0 24.0 23.0 22.0 21.0 20.0 19.0 18.0 17.0 16.0 15.0 14.0 13.0 12.0 11.0 10.0 9.0 8.0 7.0 6.0 5.0 4.0 3.0 2.0 1.0 0.0 1.0 2.0 3.0 4.0 5.0 6.0 7.0 8.0 9.0 10.0 11.0 12.0 13.0 14.0 15.0 16.0 17.0 18.0 19.0 20.0 21.0 22.0 23.0 24.0 25.0 26.0 27.0 28.0 29.0 30.0 31.0 
31.0 32.0 31.0 30.0 29.0 28.0 27.0 26.0 25.0 24.0 23.0 22.0 21.0 20.0 19.0 18.0 17.0 16.0 15.0 14.0 13.0 12.0 11.0 10.0 9.0 8.0 7.0 6.0 5.0 4.0 3.0 2.0 1.0 0.0 1.0 2.0 3.0 4.0 5.0 6.0 7.0 8.0 9.0 10.0 11.0 12.0 13.0 14.0 15.0 16.0 17.0 18.0 19.0 20.0 21.0 22.0 23.0 24.0 25.0 26.0 27.0 28.0 29.0 30.0 
30.0 31.0 32.0 31.0 30.0 29.0 28.0 27.0 26.0 25.0 24.0 23.0 22.0 21.0 20.0 19.0 18.0 17.0 16.0 15.0 14.0 13.0 12.0 11.0 10.0 9.0 8.0 7.0 6.0 5.0 4.0 3.0 2.0 1.0 0.0 1.0 2.0 3.0 4.0 5.0 6.0 7.0 8.0 9.0 10.0 11.0 12.0 13.0 14.0 15.0 16.0 17.0 18.0 19.0 20.0 21.0 22.0 23.0 24.0 25.0 26.0 27.0 28.0 29.0 
29.0 30.0 31.0 32.0 31.0 30.0 29.0 28.0 27.0 26.0 25.0 24.0 23.0 22.0 21.0 20.0 19.0 18.0 17.0 16.0 15.0 14.0 13.0 12.0 11.0 10.0 9.0 8.0 7.0 6.0 5.0 4.0 3.0 2.0 1.0 0.0 1.0 2.0 3.0 4.0 5.0 6.0 7.0 8.0 9.0 10.0 11.0 12.0 13.0 14.0 15.0 16.0 17.0 18.0 19.0 20.0 21.0 22.0 23.0 24.0 25.0 26.0 27.0 28.0 
28.0 29.0 30.0 31.0 32.0 31.0 30.0 29.0 28.0 27.0 26.0 25.0 24.0 23.0 22.0 21.0 20.0 19.0 18.0 17.0 16.0 15.0 14.0 13.0 12.0 11.0 10.0 9.0 8.0 7.0 6.0 5.0 4.0 3.0 2.0 1.0 0.0 1.0 2.0 3.0 4.0 5.0 6.0 7.0 8.0 9.0 10.0 11.0 12.0 13.0 14.0 15.0 16.0 17.0 18.0 19.0 20.0 21.0 22.0 23.0 24.0 25.0 26.0 27.0 
27.0 28.0 29.0 30.0 31.0 32.0 31.0 30.0 29.0 28.0 27.0 26.0 25.0 24.0 23.0 22.0 21.0 20.0 19.0 18.0 17.0 16.0 15.0 14.0 13.0 12.0 11.0 10.0 9.0 8.0 7.0 6.0 5.0 4.0 3.0 2.0 1.0 0.0 1.0 2.0 3.0 4.0 5.0 6.0 7.0 8.0 9.0 10.0 11.0 12.0 13.0 14.0 15.0 16.0 17.0 18.0 19.0 20.0 21.0 22.0 23.0 24.0 25.0 26.0 
26.0 27.0 28.0 29.0 30.0 31.0 32.0 31.0 30.0 29.0 28.0 27.0 26.0 25.0 24.0 23.0 22.0 21.0 20.0 19.0 18.0 17.0 16.0 15.0 14.0 13.0 12.0 11.0 10.0 9.0 8.0 7.0 6.0 5.0 4.0 3.0 2.0 1.0 0.0 1.0 2.0 3.0 4.0 5.0 6.0 7.0 8.0 9.0 10.0 11.0 12.0 13.0 14.0 15.0 16.0 17.0 18.0 19.0 20.0 21.0 22.0 23.0 24.0 25.0 
25.0 26.0 27.0 28.0 29.0 30.0 31.0 32.0 31.0 30.0 29.0 28.0 27.0 26.0 25.0 24.0 23.0 22.0 21.0 20.0 19.0 18.0 17.0 16.0 15.0 14.0 13.0 12.0 11.0 10.0 9.0 8.0 7.0 6.0 5.0 4.0 3.0 2.0 1.0 0.0 1.0 2.0 3.0 4.0 5.0 6.0 7.0 8.0 9.0 10.0 11.0 12.0 13.0 14.0 15.0 16.0 17.0 18.0 19.0 20.0 21.0 22.0 23.0 24.0 
24.0 25.0 26.0 27.0 28.0 29.0 30.0 31.0 32.0 31.0 30.0 29.0 28.0 27.0 26.0 25.0 24.0 23.0 22.0 21.0 20.0 19.0 18.0 17.0 16.0 15.0 14.0 13.0 12.0 11.0 10.0 9.0 8.0 7.0 6.0 5.0 4.0 3.0 2.0 1.0 0.0 1.0 2.0 3.0 4.0 5.0 6.0 7.0 8.0 9.0 10.0 11.0 12.0 13.0 14.0 15.0 16.0 17.0 18.0 19.0 20.0 21.0 22.0 23.0 
23.0 24.0 25.0 26.0 27.0 28.0 29.0 30.0 31.0 32.0 31.0 30.0 29.0 28.0 27.0 26.0 25.0 24.0 23.0 22.0 21.0 20.0 19.0 18.0 17.0 16.0 15.0 14.0 13.0 12.0 11.0 10.0 9.0 8.0 7.0 6.0 5.0 4.0 3.0 2.0 1.0 0.0 1.0 2.0 3.0 4.0 5.0 6.0 7.0 8.0 9.0 10.0 11.0 12.0 13.0 14.0 15.0 16.0 17.0 18.0 19.0 20.0 21.0 22.0 
22.0 23.0 24.0 25.0 26.0 27.0 28.0 29.0 30.0 31.0 32.0 31.0 30.0 29.0 28.0 27.0 26.0 25.0 24.0 23.0 22.0 21.0 20.0 19.0 18.0 17.0 16.0 15.0 14.0 13.0 12.0 11.0 10.0 9.0 8.0 7.0 6.0 5.0 4.0 3.0 2.0 1.0 0.0 1.0 2.0 3.0 4.0 5.0 6.0 7.0 8.0 9.0 10.0 11.0 12.0 13.0 14.0 15.0 16.0 17.0 18.0 19.0 20.0 21.0 
21.0 22.0 23.0 24.0 25.0 26.0 27.0 28.0 29.0 30.0 31.0 32.0 31.0 30.0 29.0 28.0 27.0 26.0 25.0 24.0 23.0 22.0 21.0 20.0 19.0 18.0 17.0 16.0 15.0 14.0 13.0 12.0 11.0 10.0 9.0 8.0 7.0 6.0 5.0 4.0 3.0 2.0 1.0 0.0 1.0 2.0 3.0 4.0 5.0 6.0 7.0 8.0 9.0 10.0 11.0 12.0 13.0 14.0 15.0 16.0 17.0 18.0 19.0 20.0 
20.0 21.0 22.0 23.0 24.0 25.0 26.0 27.0 28.0 29.0 30.0 31.0 32.0 31.0 30.0 29.0 28.0 27.0 26.0 25.0 24.0 23.0 22.0 21.0 20.0 19.0 18.0 17.0 16.0 15.0 14.0 13.0 12.0 11.0 10.0 9.0 8.0 7.0 6.0 5.0 4.0 3.0 2.0 1.0 0.0 1.0 2.0 3.0 4.0 5.0 6.0 7.0 8.0 9.0 10.0 11.0 12.0 13.0 14.0 15.0 16.0 17.0 18.0 19.0 
19.0 20.0 21.0 22.0 23.0 24.0 25.0 26.0 27.0 28.0 29.0 30.0 31.0 32.0 31.0 30.0 29.0 28.0 27.0 26.0 25.0 24.0 23.0 22.0 21.0 20.0 19.0 18.0 17.0 16.0 15.0 14.0 13.0 12.0 11.0 10.0 9.0 8.0 7.0 6.0 5.0 4.0 3.0 2.0 1.0 0.0 1.0 2.0 3.0 4.0 5.0 6.0 7.0 8.0 9.0 10.0 11.0 12.0 13.0 14.0 15.0 16.0 17.0 18.0 
18.0 19.0 20.0 21.0 22.0 23.0 24.0 25.0 26.0 27.0 28.0 29.0 30.0 31.0 32.0 31.0 30.0 29.0 28.0 27.0 26.0 25.0 24.0 23.0 22.0 21.0 20.0 19.0 18.0 17.0 16.0 15.0 14.0 13.0 12.0 11.0 10.0 9.0 8.0 7.0 6.0 5.0 4.0 3.0 2.0 1.0 0.0 1.0 2.0 3.0 4.0 5.0 6.0 7.0 8.0 9.0 10.0 11.0 12.0 13.0 14.0 15.0 16.0 17.0 
17.0 18.0 19.0 20.0 21.0 22.0 23.0 24.0 25.0 26.0 27.0 28.0 29.0 30.0 31.0 32.0 31.0 30.0 29.0 28.0 27.0 26.0 25.0 24.0 23.0 22.0 21.0 20.0 19.0 18.0 17.0 16.0 15.0 14.0 13.0 12.0 11.0 10.0 9.0 8.0 7.0 6.0 5.0 4.0 3.0 2.0 1.0 0.0 1.0 2.0 3.0 4.0 5.0 6.0 7.0 8.0 9.0 10.0 11.0 12.0 13.0 14.0 15.0 16.0 
16.0 17.0 18.0 19.0 20.0 21.0 22.0 23.0 24.0 25.0 26.0 27.0 28.0 29.0 30.0 31.0 32.0 31.0 30.0 29.0 28.0 27.0 26.0 25.0 24.0 23.0 22.0 21.0 20.0 19.0 18.0 17.0 16.0 15.0 14.0 13.0 12.0 11.0 10.0 9.0 8.0 7.0 6.0 5.0 4.0 3.0 2.0 1.0 0.0 1.0 2.0 3.0 4.0 5.0 6.0 7.0 8.0 9.0 10.0 11.0 12.0 13.0 14.0 15.0 
15.0 16.0 17.0 18.0 19.0 20.0 21.0 22.0 23.0 24.0 25.0 26.0 27.0 28.0 29.0 30.0 31.0 32.0 31.0 30.0 29.0 28.0 27.0 26.0 25.0 24.0 23.0 22.0 21.0 20.0 19.0 18.0 17.0 16.0 15.0 14.0 13.0 12.0 11.0 10.0 9.0 8.0 7.0 6.0 5.0 4.0 3.0 2.0 1.0 0.0 1.0 2.0 3.0 4.0 5.0 6.0 7.0 8.0 9.0 10.0 11.0 12.0 13.0 14.0 
14.0 15.0 16.0 17.0 18.0 19.0 20.0 21.0 22.0 23.0 24.0 25.0 26.0 27.0 28.0 29.0 30.0 31.0 32.0 31.0 30.0 29.0 28.0 27.0 26.0 25.0 24.0 23.0 22.0 21.0 20.0 19.0 18.0 17.0 16.0 15.0 14.0 13.0 12.0 11.0 10.0 9.0 8.0 7.0 6.0 5.0 4.0 3.0 2.0 1.0 0.0 1.0 2.0 3.0 4.0 5.0 6.0 7.0 8.0 9.0 10.0 11.0 12.0 13.0 
13.0 14.0 15.0 16.0 17.0 18.0 19.0 20.0 21.0 22.0 23.0 24.0 25.0 26.0 27.0 28.0 29.0 30.0 31.0 32.0 31.0 30.0 29.0 28.0 27.0 26.0 25.0 24.0 23.0 22.0 21.0 20.0 19.0 18.0 17.0 16.0 15.0 14.0 13.0 12.0 11.0 10.0 9.0 8.0 7.0 6.0 5.0 4.0 3.0 2.0 1.0 0.0 1.0 2.0 3.0 4.0 5.0 6.0 7.0 8.0 9.0 10.0 11.0 12.0 
12.0 13.0 14.0 15.0 16.0 17.0 18.0 19.0 20.0 21.0 22.0 23.0 24.0 25.0 26.0 27.0 28.0 29.0 30.0 31.0 32.0 31.0 30.0 29.0 28.0 27.0 26.0 25.0 24.0 23.0 22.0 21.0 20.0 19.0 18.0 17.0 16.0 15.0 14.0 13.0 12.0 11.0 10.0 9.0 8.0 7.0 6.0 5.0 4.0 3.0 2.0 1.0 0.0 1.0 2.0 3.0 4.0 5.0 6.0 7.0 8.0 9.0 10.0 11.0 
11.0 12.0 13.0 14.0 15.0 16.0 17.0 18.0 19.0 20.0 21.0 22.0 23.0 24.0 25.0 26.0 27.0 28.0 29.0 30.0 31.0 32.0 31.0 30.0 29.0 28.0 27.0 26.0 25.0 24.0 23.0 22.0 21.0 20.0 19.0 18.0 17.0 16.0 15.0 14.0 13.0 12.0 11.0 10.0 9.0 8.0 7.0 6.0 5.0 4.0 3.0 2.0 1.0 0.0 1.0 2.0 3.0 4.0 5.0 6.0 7.0 8.0 9.0 10.0 
10.0 11.0 12.0 13.0 14.0 15.0 16.0 17.0 18.0 19.0 20.0 21.0 22.0 23.0 24.0 25.0 26.0 27.0 28.0 29.0 30.0 31.0 32.0 31.0 30.0 29.0 28.0 27.0 26.0 25.0 24.0 23.0 22.0 21.0 20.0 19.0 18.0 17.0 16.0 15.0 14.0 13.0 12.0 11.0 10.0 9.0 8.0 7.0 6.0 5.0 4.0 3.0 2.0 1.0 0.0 1.0 2.0 3.0 4.0 5.0 6.0 7.0 8.0 9.0 
9.0 10.0 11.0 12.0 13.0 14.0 15.0 16.0 17.0 18.0 19.0 20.0 21.0 22.0 23.0 24.0 25.0 26.0 27.0 28.0 29.0 30.0 31.0 32.0 31.0 30.0 29.0 28.0 27.0 26.0 25.0 24.0 23.0 22.0 21.0 20.0 19.0 18.0 17.0 16.0 15.0 14.0 13.0 12.0 11.0 10.0 9.0 8.0 7.0 6.0 5.0 4.0 3.0 2.0 1.0 0.0 1.0 2.0 3.0 4.0 5.0 6.0 7.0 8.0 
8.0 9.0 10.0 11.0 12.0 13.0 14.0 15.0 16.0 17.0 18.0 19.0 20.0 21.0 22.0 23.0 24.0 25.0 26.0 27.0 28.0 29.0 30.0 31.0 32.0 31.0 30.0 29.0 28.0 27.0 26.0 25.0 24.0 23.0 22.0 21.0 20.0 19.0 18.0 17.0 16.0 15.0 14.0 13.0 12.0 11.0 10.0 9.0 8.0 7.0 6.0 5.0 4.0 3.0 2.0 1.0 0.0 1.0 2.0 3.0 4.0 5.0 6.0 7.0 
7.0 8.0 9.0 10.0 11.0 12.0 13.0 14.0 15.0 16.0 17.0 18.0 19.0 20.0 21.0 22.0 23.0 24.0 25.0 26.0 27.0 28.0 29.0 30.0 31.0 32.0 31.0 30.0 29.0 28.0 27.0 26.0 25.0 24.0 23.0 22.0 21.0 20.0 19.0 18.0 17.0 16.0 15.0 14.0 13.0 12.0 11.0 10.0 9.0 8.0 7.0 6.0 5.0 4.0 3.0 2.0 1.0 0.0 1.0 2.0 3.0 4.0 5.0 6.0 
6.0 7.0 8.0 9.0 10.0 11.0 12.0 13.0 14.0 15.0 16.0 17.0 18.0 19.0 20.0 21.0 22.0 23.0 24.0 25.0 26.0 27.0 28.0 29.0 30.0 31.0 32.0 31.0 30.0 29.0 28.0 27.0 26.0 25.0 24.0 23.0 22.0 21.0 20.0 19.0 18.0 17.0 16.0 15.0 14.0 13.0 12.0 11.0 10.0 9.0 8.0 7.0 6.0 5.0 4.0 3.0 2.0 1.0 0.0 1.0 2.0 3.0 4.0 5.0 
5.0 6.0 7.0 8.0 9.0 10.0 11.0 12.0 13.0 14.0 15.0 16.0 17.0 18.0 19.0 20.0 21.0 22.0 23.0 24.0 25.0 26.0 27.0 28.0 29.0 30.0 31.0 32.0 31.0 30.0 29.0 28.0 27.0 26.0 25.0 24.0 23.0 22.0 21.0 20.0 19.0 18.0 17.0 16.0 15.0 14.0 13.0 12.0 11.0 10.0 9.0 8.0 7.0 6.0 5.0 4.0 3.0 2.0 1.0 0.0 1.0 2.0 3.0 4.0 
4.0 5.0 6.0 7.0 8.0 9.0 10.0 11.0 12.0 13.0 14.0 15.0 16.0 17.0 18.0 19.0 20.0 21.0 22.0 23.0 24.0 25.0 26.0 27.0 28.0 29.0 30.0 31.0 32.0 31.0 30.0 29.0 28.0 27.0 26.0 25.0 24.0 23.0 22.0 21.0 20.0 19.0 18.0 17.0 16.0 15.0 14.0 13.0 12.0 11.0 10.0 9.0 8.0 7.0 6.0 5.0 4.0 3.0 2.0 1.0 0.0 1.0 2.0 3.0 
3.0 4.0 5.0 6.0 7.0 8.0 9.0 10.0 11.0 12.0 13.0 14.0 15.0 16.0 17.0 18.0 19.0 20.0 21.0 22.0 23.0 24.0 25.0 26.0 27.0 28.0 29.0 30.0 31.0 32.0 31.0 30.0 29.0 28.0 27.0 26.0 25.0 24.0 23.0 22.0 21.0 20.0 19.0 18.0 17.0 16.0 15.0 14.0 13.0 12.0 11.0 10.0 9.0 8.0 7.0 6.0 5.0 4.0 3.0 2.0 1.0 0.0 1.0 2.0 
2.0 3.0 4.0 5.0 6.0 7.0 8.0 9.0 10.0 11.0 12.0 13.0 14.0 15.0 16.0 17.0 18.0 19.0 20.0 21.0 22.0 23.0 24.0 25.0 26.0 27.0 28.0 29.0 30.0 31.0 32.0 31.0 30.0 29.0 28.0 27.0 26.0 25.0 24.0 23.0 22.0 21.0 20.0 19.0 18.0 17.0 16.0 15.0 14.0 13.0 12.0 11.0 10.0 9.0 8.0 7.0 6.0 5.0 4.0 3.0 2.0 1.0 0.0 1.0 
1.0 2.0 3.0 4.0 5.0 6.0 7.0 8.0 9.0 10.0 11.0 12.0 13.0 14.0 15.0 16.0 17.0 18.0 19.0 20.0 21.0 22.0 23.0 24.0 25.0 26.0 27.0 28.0 29.0 30.0 31.0 32.0 31.0 30.0 29.0 28.0 27.0 26.0 25.0 24.0 23.0 22.0 21.0 20.0 19.0 18.0 17.0 16.0 15.0 14.0 13.0 12.0 11.0 10.0 9.0 8.0 7.0 6.0 5.0 4.0 3.0 2.0 1.0 0.0 