16
1 78 87 84 69 26 70 66 5 50 88 69 89 34 82 52 
24 94 77 9 83 93 80 94 4 2 67 35 51 94 88 22 
72 88 63 62 90 37 34 88 22 76 45 88 96 42 68 42 
63 28 57 41 71 87 92 82 71 21 86 55 48 38 76 41 
27 61 59 48 80 10 14 1 97 94 16 9 52 61 27 100 
42 31 57 6 30 68 57 65 51 79 62 57 75 33 99 49 
88 48 31 54 22 35 50 17 37 58 84 14 31 79 74 20 
10 69 29 72 86 21 72 37 74 31 60 7 53 25 15 18 
1 60 78 41 50 61 69 46 99 75 93 30 37 29 37 57 
12 59 4 99 71 79 98 78 9 18 80 7 63 25 40 53 
74 17 33 26 6 84 5 84 11 61 79 23 54 58 94 82 
77 98 75 62 1 63 91 46 53 40 20 13 71 5 71 2 
63 90 57 99 67 9 44 61 4 65 18 22 85 75 68 39 
98 10 74 52 62 96 9 36 93 33 48 6 75 20 59 36 
16 66 81 2 28 13 32 48 3 29 4 21 21 17 19 80 
70 18 33 47 31 82 78 3 87 84 7 71 4 45 28 5 
0.0 1.0 2.0 3.0 4.0 5.0 6.0 7.0 8.0 7.0 6.0 5.0 4.0 3.0 2.0 1.0 
1.0 0.0 1.0 2.0 3.0 4.0 5.0 6.0 7.0 8.0 7.0 6.0 5.0 4.0 3.0 2.0 
2.0 1.0 0.0 1.0 2.0 3.0 4.0 5.0 6.0 7.0 8.0 7.0 6.0 5.0 4.0 3.0 
3.0 2.0 1.0 0.0 1.0 2.0 3.0 4.0 5.0 6.0 7.0 8.0 7.0 6.0 5.0 4.0 
4.0 3.0 2.0 1.0 0.0 1.0 2.0 3.0 4.0 5.0 6.0 7.0 8.0 7.0 6.0 5.0 
5.0 4.0 3.0 2.0 1.0 0.0 1.0 2.0 3.0 4.0 5.0 6.0 7.0 8.0 7.0 6.0 
6.0 5.0 4.0 3.0 2.0 1.0 0.0 1.0 2.0 3.0 4.0 5.0 6.0 7.0 8.0 7.0 
7.0 6.0 5.0 4.0 3.0 2.0 1.0 0.0 1.0 2.0 3.0 4.0 5.0 6.0 7.0 8.0 
8.0 7.0 6.0 5.0 4.0 3.0 2.0 1.0 0.0 1.0 2.0 3.0 4.0 5.0 6.0 7.0 
7.0 8.0 7.0 6.0 5.0 4.0 3.0 2.0 1.0 0.0 1.0 2.0 3.0 4.0 5.0 6.0 
6.0 7.0 8.0 7.0 6.0 5.0 4.0 3.0 2.0 1.0 0.0 1.0 2.0 3.0 4.0 5.0 
5.0 6.0 7.0 8.0 7.0 6.0 5.0 4.0 3.0 2.0 1.0 0.0 1.0 2.0 3.0 4.0 
4.0 5.0 6.0 7.0 8.0 7.0 6.0 5.0 4.0 3.0 2.0 1.0 0.0 1.0 2.0 3.0 
3.0 4.0 5.0 6.0 7.0 8.0 7.0 6.0 5.0 4.0 3.0 2.0 1.0 0.0 1.0 2.0 
2.0 3.0 4.0 5.0 6.0 7.0 8.0 7.0 6.0 5.0 4.0 3.0 2.0 1.0 0.0 1.0 
1.0 2.0 3.0 4.0 5.0 6.0 7.0 8.0 7.0 6.0 5.0 4.0 3.0 2.0 1.0 0.0 