32
45 74 36 46 10 57 18 42 79 10 100 83 39 36 48 59 33 20 72 36 88 4 15 16 85 53 24 64 38 100 42 69 
78 80 13 39 23 46 66 12 19 83 34 79 18 56 55 71 3 59 38 7 88 68 99 46 19 27 8 23 74 95 97 54 
70 3 49 4 45 95 72 29 49 64 6 62 75 43 54 43 71 36 39 38 3 47 67 10 91 84 39 5 36 29 92 36 
85 12 71 55 17 89 89 30 36 99 22 29 24 8 92 86 81 10 75 30 78 65 11 78 64 17 70 17 49 91 21 59 
45 77 27 18 97 48 42 25 18 12 28 88 14 16 5 83 89 62 81 38 80 84 64 68 1 97 49 17 91 2 55 80 
33 41 28 1 24 72 49 83 88 82 59 57 19 92 5 48 94 93 33 71 26 77 65 71 52 6 36 24 43 15 28 71 
67 77 95 12 6 2 40 99 98 36 1 29 26 26 16 76 63 44 29 71 65 58 88 34 64 14 8 62 64 62 10 33 
37 59 96 42 55 99 77 26 68 25 66 70 64 26 13 13 58 33 47 39 28 39 70 17 75 42 97 55 49 1 57 15 
7 26 100 14 91 89 77 69 36 48 5 59 57 83 98 28 88 43 86 74 23 52 43 19 92 59 77 85 41 97 31 84 
13 2 62 48 34 50 69 76 81 69 84 83 19 39 71 83 80 69 68 54 68 97 65 12 95 27 76 61 55 34 32 94 
31 59 34 92 4 54 23 56 22 41 77 49 86 63 42 21 64 50 31 74 36 93 53 58 88 51 23 36 19 33 7 24 
23 46 46 64 81 52 5 87 8 95 87 30 94 88 19 89 5 46 13 48 37 12 10 21 70 35 34 19 92 98 70 45 
67 79 40 29 92 37 6 84 44 88 39 60 83 60 15 53 85 71 75 14 7 45 32 34 2 97 59 6 83 9 38 57 
78 9 50 82 50 49 45 73 10 24 60 71 9 10 37 50 66 100 34 96 19 68 49 78 91 2 29 26 84 68 36 79 
4 90 4 2 52 81 12 20 48 6 24 79 64 96 4 37 10 1 3 2 18 55 5 60 15 62 10 6 11 25 27 74 
41 61 81 54 81 88 3 44 46 20 69 48 45 74 28 82 53 65 59 42 36 96 52 83 72 94 45 15 21 40 88 97 
59 80 93 58 100 34 91 73 29 3 76 28 78 51 41 31 24 29 95 89 75 68 52 10 68 65 77 49 37 5 3 20 
15 80 71 57 38 26 63 87 66 2 23 57 28 47 14 7 68 18 13 73 49 99 27 39 9 12 51 60 42 86 11 66 
99 27 14 9 35 7 16 79 12 41 91 68 29 61 30 49 53 50 4 79 57 83 45 65 84 24 39 20 94 35 24 71 
12 77 14 12 12 86 10 21 11 95 89 41 10 85 43 67 56 47 98 39 39 4 81 50 58 38 9 53 88 15 77 56 
5 55 74 34 84 39 38 4 78 21 60 41 91 62 68 9 36 70 23 3 69 9 78 12 54 79 93 33 48 77 33 57 
84 91 54 29 30 28 49 18 84 72 62 51 37 25 62 35 81 94 12 59 38 9 90 70 72 20 34 75 24 78 43 80 
72 53 46 77 45 30 52 78 17 23 10 70 18 79 74 2 59 72 13 56 10 71 21 63 6 61 5 42 53 72 74 49 
31 35 84 42 15 22 45 76 91 77 37 92 75 27 19 41 34 27 81 94 74 87 81 77 45 93 31 58 65 40 85 17 
33 33 12 30 76 17 67 98 68 45 48 97 34 21 2 31 91 63 62 23 69 40 21 13 28 53 10 97 77 25 59 44 
7 29 22 59 36 14 68 30 12 94 55 23 20 63 87 45 56 5 11 66 97 53 18 26 34 15 34 44 72 53 26 52 
70 92 55 8 23 76 10 52 54 79 20 86 4 72 31 80 1 42 83 89 87 35 15 79 84 100 38 17 9 93 38 25 
37 5 72 15 69 14 30 57 41 24 90 57 47 45 10 77 57 81 61 89 16 52 73 84 61 89 96 7 9 61 23 57 
22 8 44 24 89 97 50 89 63 79 70 36 81 96 20 99 4 43 11 27 94 88 83 85 90 55 68 70 49 69 80 68 
37 13 32 64 19 82 75 74 5 17 40 19 23 9 63 33 57 41 91 41 17 13 43 31 97 40 84 85 23 37 17 95 
10 71 7 61 26 16 40 67 38 65 4 91 89 97 86 44 6 72 65 65 69 51 23 28 53 6 21 17 64 22 85 17 
37 16 97 44 40 31 25 61 30 48 92 52 83 27 22 3 7 52 81 54 61 54 41 17 20 64 8 91 28 18 87 40 
0.0 1.0 2.0 3.0 4.0 5.0 6.0 7.0 8.0 9.0 10.0 11.0 12.0 13.0 14.0 15.0 16.0 15.0 14.0 13.0 12.0 11.0 10.0 9.0 8.0 7.0 6.0 5.0 4.0 3.0 2.0 1.0 
1.0 0.0 1.0 2.0 3.0 4.0 5.0 6.0 7.0 8.0 9.0 10.0 11.0 12.0 13.0 14.0 15.0 16.0 15.0 14.0 13.0 12.0 11.0 10.0 9.0 8.0 7.0 6.0 5.0 4.0 3.0 2.0 
2.0 1.0 0.0 1.0 2.0 3.0 4.0 5.0 6.0 7.0 8.0 9.0 10.0 11.0 12.0 13.0 14.0 15.0 16.0 15.0 14.0 13.0 12.0 11.0 10.0 9.0 8.0 7.0 6.0 5.0 4.0 3.0 
3.0 2.0 1.0 0.0 1.0 2.0 3.0 4.0 5.0 6.0 7.0 8.0 9.0 10.0 11.0 12.0 13.0 14.0 15.0 16.0 15.0 14.0 13.0 12.0 11.0 10.0 9.0 8.0 7.0 6.0 5.0 4.0 
4.0 3.0 2.0 1.0 0.0 1.0 2.0 3.0 4.0 5.0 6.0 7.0 8.0 9.0 10.0 11.0 12.0 13.0 14.0 15.0 16.0 15.0 14.0 13.0 12.0 11.0 10.0 9.0 8.0 7.0 6.0 5.0 
5.0 4.0 3.0 2.0 1.0 0.0 1.0 2.0 3.0 4.0 5.0 6.0 7.0 8.0 9.0 10.0 11.0 12.0 13.0 14.0 15.0 16.0 15.0 14.0 13.0 12.0 11.0 10.0 9.0 8.0 7.0 6.0 
6.0 5.0 4.0 3.0 2.0 1.0 0.0 1.0 2.0 3.0 4.0 5.0 6.0 7.0 8.0 9.0 10.0 11.0 12.0 13.0 14.0 15.0 16.0 15.0 14.0 13.0 12.0 11.0 10.0 9.0 8.0 7.0 
7.0 6.0 5.0 4.0 3.0 2.0 1.0 0.0 1.0 2.0 3.0 4.0 5.0 6.0 7.0 8.0 9.0 10.0 11.0 12.0 13.0 14.0 15.0 16.0 15.0 14.0 13.0 12.0 11.0 10.0 9.0 8.0 
8.0 7.0 6.0 5.0 4.0 3.0 2.0 1.0 0.0 1.0 2.0 3.0 4.0 5.0 6.0 7.0 8.0 9.0 10.0 11.0 12.0 13.0 14.0 15.0 16.0 15.0 14.0 13.0 12.0 11.0 10.0 9.0 
9.0 8.0 7.0 6.0 5.0 4.0 3.0 2.0 1.0 0.0 1.0 2.0 3.0 4.0 5.0 6.0 7.0 8.0 9.0 10.0 11.0 12.0 13.0 14.0 15.0 16.0 15.0 14.0 13.0 12.0 11.0 10.0 
10.0 9.0 8.0 7.0 6.0 5.0 4.0 3.0 2.0 1.0 0.0 1.0 2.0 3.0 4.0 5.0 6.0 7.0 8.0 9.0 10.0 11.0 12.0 13.0 14.0 15.0 16.0 15.0 14.0 13.0 12.0 11.0 
11.0 10.0 9.0 8.0 7.0 6.0 5.0 4.0 3.0 2.0 1.0 0.0 1.0 2.0 3.0 4.0 5.0 6.0 7.0 8.0 9.0 10.0 11.0 12.0 13.0 14.0 15.0 16.0 15.0 14.0 13.0 12.0 
12.0 11.0 10.0 9.0 8.0 7.0 6.0 5.0 4.0 3.0 2.0 1.0 0.0 1.0 2.0 3.0 4.0 5.0 6.0 7.0 8.0 9.0 10.0 11.0 12.0 13.0 14.0 15.0 16.0 15.0 14.0 13.0 
13.0 12.0 11.0 10.0 9.0 8.0 7.0 6.0 5.0 4.0 3.0 2.0 1.0 0.0 1.0 2.0 3.0 4.0 5.0 6.0 7.0 8.0 9.0 10.0 11.0 12.0 13.0 14.0 15.0 16.0 15.0 14.0 
14.0 13.0 12.0 11.0 10.0 9.0 8.0 7.0 6.0 5.0 4.0 3.0 2.0 1.0 0.0 1.0 2.0 3.0 4.0 5.0 6.0 7.0 8.0 9.0 10.0 11.0 12.0 13.0 14.0 15.0 16.0 15.0 
15.0 14.0 13.0 12.0 11.0 10.0 9.0 8.0 7.0 6.0 5.0 4.0 3.0 2.0 1.0 0.0 1.0 2.0 3.0 4.0 5.0 6.0 7.0 8.0 9.0 10.0 11.0 12.0 13.0 14.0 15.0 16.0 
16.0 15.0 14.0 13.0 12.0 11.0 10.0 9.0 8.0 7.0 6.0 5.0 4.0 3.0 2.0 1.0 0.0 1.0 2.0 3.0 4.0 5.0 6.0 7.0 8.0 9.0 10.0 11.0 12.0 13.0 14.0 15.0 
15.0 16.0 15.0 14.0 13.0 12.0 11.0 10.0 9.0 8.0 7.0 6.0 5.0 4.0 3.0 2.0 1.0 0.0 1.0 2.0 3.0 4.0 5.0 6.0 7.0 8.0 9.0 10.0 11.0 12.0 13.0 14.0 
14.0 15.0 16.0 15.0 14.0 13.0 12.0 11.0 10.0 9.0 8.0 7.0 6.0 5.0 4.0 3.0 2.0 1.0 0.0 1.0 2.0 3.0 4.0 5.0 6.0 7.0 8.0 9.0 10.0 11.0 12.0 13.0 
13.0 14.0 15.0 16.0 15.0 14.0 13.0 12.0 11.0 10.0 9.0 8.0 7.0 6.0 5.0 4.0 3.0 2.0 1.0 0.0 1.0 2.0 3.0 4.0 5.0 6.0 7.0 8.0 9.0 10.0 11.0 12.0 
12.0 13.0 14.0 15.0 16.0 15.0 14.0 13.0 12.0 11.0 10.0 9.0 8.0 7.0 6.0 5.0 4.0 3.0 2.0 1.0 0.0 1.0 2.0 3.0 4.0 5.0 6.0 7.0 8.0 9.0 10.0 11.0 
11.0 12.0 13.0 14.0 15.0 16.0 15.0 14.0 13.0 12.0 11.0 10.0 9.0 8.0 7.0 6.0 5.0 4.0 3.0 2.0 1.0 0.0 1.0 2.0 3.0 4.0 5.0 6.0 7.0 8.0 9.0 10.0 
10.0 11.0 12.0 13.0 14.0 15.0 16.0 15.0 14.0 13.0 12.0 11.0 10.0 9.0 8.0 7.0 6.0 5.0 4.0 3.0 2.0 1.0 0.0 1.0 2.0 3.0 4.0 5.0 6.0 7.0 8.0 9.0 
9.0 10.0 11.0 12.0 13.0 14.0 15.0 16.0 15.0 14.0 13.0 12.0 11.0 10.0 9.0 8.0 7.0 6.0 5.0 4.0 3.0 2.0 1.0 0.0 1.0 2.0 3.0 4.0 5.0 6.0 7.0 8.0 
8.0 9.0 10.0 11.0 12.0 13.0 14.0 15.0 16.0 15.0 14.0 13.0 12.0 11.0 10.0 9.0 8.0 7.0 6.0 5.0 4.0 3.0 2.0 1.0 0.0 1.0 2.0 3.0 4.0 5.0 6.0 7.0 
7.0 8.0 9.0 10.0 11.0 12.0 13.0 14.0 15.0 16.0 15.0 14.0 13.0 12.0 11.0 10.0 9.0 8.0 7.0 6.0 5.0 4.0 3.0 2.0 1.0 0.0 1.0 2.0 3.0 4.0 5.0 6.0 
6.0 7.0 8.0 9.0 10.0 11.0 12.0 13.0 14.0 15.0 16.0 15.0 14.0 13.0 12.0 11.0 10.0 9.0 8.0 7.0 6.0 5.0 4.0 3.0 2.0 1.0 0.0 1.0 2.0 3.0 4.0 5.0 
5.0 6.0 7.0 8.0 9.0 10.0 11.0 12.0 13.0 14.0 15.0 16.0 15.0 14.0 13.0 12.0 11.0 10.0 9.0 8.0 7.0 6.0 5.0 4.0 3.0 2.0 1.0 0.0 1.0 2.0 3.0 4.0 
4.0 5.0 6.0 7.0 8.0 9.0 10.0 11.0 12.0 13.0 14.0 15.0 16.0 15.0 14.0 13.0 12.0 11.0 10.0 9.0 8.0 7.0 6.0 5.0 4.0 3.0 2.0 1.0 0.0 1.0 2.0 3.0 
3.0 4.0 5.0 6.0 7.0 8.0 9.0 10.0 11.0 12.0 13.0 14.0 15.0 16.0 15.0 14.0 13.0 12.0 11.0 10.0 9.0 8.0 7.0 6.0 5.0 4.0 3.0 2.0 1.0 0.0 1.0 2.0 
2.0 3.0 4.0 5.0 6.0 7.0 8.0 9.0 10.0 11.0 12.0 13.0 14.0 15.0 16.0 15.0 14.0 13.0 12.0 11.0 10.0 9.0 8.0 7.0 6.0 5.0 4.0 3.0 2.0 1.0 0.0 1.0 
1.0 2.0 3.0 4.0 5.0 6.0 7.0 8.0 9.0 10.0 11.0 12.0 13.0 14.0 15.0 16.0 15.0 14.0 13.0 12.0 11.0 10.0 9.0 8.0 7.0 6.0 5.0 4.0 3.0 2.0 1.0 0.0 