64
42 61 63 73 5 78 41 32 70 89 88 76 29 67 6 88 11 63 10 19 17 64 55 42 75 6 87 68 67 33 36 35 10 40 66 39 17 74 22 53 63 20 87 30 5 85 81 83 98 35 84 29 56 29 66 55 67 82 1 33 90 79 70 16 
24 50 35 40 63 17 8 55 61 70 21 69 57 79 66 10 61 9 63 41 97 81 50 31 47 95 94 10 46 50 38 93 14 62 38 16 39 10 11 39 11 90 46 73 21 68 11 87 4 24 51 100 41 99 90 55 11 34 94 13 26 75 48 57 
12 54 98 92 23 68 100 72 31 40 4 37 98 100 94 73 85 8 48 7 36 10 46 38 90 30 76 54 8 7 82 32 65 59 77 77 24 53 71 90 15 98 67 38 65 45 65 78 32 84 37 31 10 77 94 80 99 94 36 28 69 38 21 3 
79 29 39 52 32 87 8 3 33 91 54 80 33 40 33 79 39 10 98 19 75 25 47 67 53 94 23 84 80 20 71 55 98 30 26 82 86 68 55 25 49 30 57 43 56 74 70 63 71 89 81 62 70 46 10 68 98 11 11 46 70 26 60 87 
51 4 93 21 42 33 49 58 78 81 9 38 28 98 67 79 96 35 46 34 9 3 30 77 78 87 93 61 87 12 68 30 90 34 35 66 5 69 19 58 72 64 20 62 41 17 6 21 87 77 42 35 20 10 55 38 66 25 95 72 45 23 1 99 
97 61 32 97 22 29 71 84 99 27 45 69 16 29 21 5 3 3 49 2 54 90 70 53 3 94 26 32 67 66 66 26 42 66 55 71 55 85 91 41 99 27 99 37 92 29 89 89 91 93 75 99 90 38 75 80 71 100 69 21 55 14 10 63 
65 87 9 23 49 21 33 90 12 46 47 42 16 92 95 14 76 69 78 2 14 97 57 67 19 58 54 60 42 74 1 72 92 38 91 15 72 21 46 42 50 26 44 54 67 24 22 21 32 51 92 100 72 34 83 43 35 61 59 15 14 19 77 69 
17 37 18 52 92 50 42 22 28 58 22 57 57 10 76 59 30 86 77 76 53 3 85 71 85 67 50 42 71 78 14 57 73 73 74 42 48 49 86 70 25 81 10 2 36 83 6 55 58 78 37 18 5 79 68 57 14 18 36 49 84 31 28 7 
99 40 41 6 80 16 19 25 38 93 58 74 77 45 42 80 51 24 66 56 81 29 20 7 67 19 77 91 87 89 38 17 90 85 94 73 44 4 36 38 4 33 59 72 15 77 2 5 78 19 79 6 38 17 72 94 34 15 61 84 8 31 80 32 
16 51 40 68 59 37 45 44 73 95 71 39 66 87 15 56 80 66 62 76 30 98 64 63 25 72 34 31 81 95 31 19 80 35 67 99 68 58 83 10 90 39 33 45 11 36 92 91 39 21 38 82 48 88 16 42 32 25 45 46 44 63 45 10 
11 55 98 43 18 63 65 12 48 59 99 30 81 76 37 96 85 91 70 53 67 7 35 64 43 38 74 29 4 55 77 31 54 45 62 74 76 97 42 72 68 36 13 56 82 31 15 55 22 74 73 88 87 72 22 22 48 38 25 94 53 79 89 51 
62 86 47 26 20 36 2 27 81 69 95 76 41 42 56 42 80 11 96 11 18 64 63 95 22 50 53 75 16 52 37 30 21 19 50 94 33 15 96 17 52 27 3 81 58 67 38 48 57 7 98 67 81 94 71 14 100 48 63 75 43 5 78 82 
31 60 16 34 72 32 17 65 38 98 24 68 70 43 94 90 96 10 75 90 26 59 60 4 88 66 40 2 62 60 94 72 7 2 9 11 26 66 84 50 19 10 71 61 39 9 10 67 60 34 61 78 48 83 54 16 65 72 27 23 63 98 79 90 
7 30 94 19 18 23 26 67 76 65 17 67 23 15 47 30 82 11 34 10 14 30 92 84 98 82 11 34 25 70 49 93 13 67 5 47 20 84 46 39 92 97 5 2 58 86 50 64 71 92 96 8 69 100 6 43 99 56 65 96 61 32 10 96 
98 32 79 22 73 71 57 19 55 31 43 86 41 39 34 63 100 28 66 2 1 7 73 28 97 4 80 30 82 72 82 6 100 36 74 36 46 11 79 11 19 38 36 96 65 98 79 76 88 48 35 41 27 22 77 32 92 100 80 79 44 100 51 25 
32 99 91 69 74 13 20 2 61 56 75 37 97 68 84 12 41 27 51 78 18 87 85 21 8 74 25 7 50 46 70 57 33 92 30 16 36 18 35 48 79 76 27 78 56 39 92 78 16 25 74 57 37 2 89 75 12 28 22 67 63 50 87 45 
47 37 64 30 78 30 85 58 26 11 10 51 98 18 87 98 87 36 20 77 100 2 50 21 22 89 5 18 55 7 16 98 72 35 87 95 64 58 52 53 86 41 83 84 21 46 72 17 71 60 77 84 6 82 93 40 20 68 63 25 64 35 65 34 
16 74 80 17 46 31 77 93 10 98 11 27 25 80 13 40 22 43 47 86 1 99 87 73 31 65 36 24 72 95 44 70 52 17 100 46 36 76 34 75 64 76 63 87 17 51 1 77 48 49 87 14 99 14 2 43 21 58 78 47 30 23 60 36 
87 60 90 3 78 91 3 54 99 6 100 71 80 94 38 31 23 52 77 65 84 63 1 20 24 90 33 66 99 24 3 38 71 90 90 36 3 51 43 91 50 70 57 87 49 22 98 45 15 90 12 24 95 93 82 39 60 4 1 95 75 34 95 88 
84 42 95 69 44 81 20 10 30 36 20 60 74 13 31 13 9 21 61 40 23 33 46 68 3 50 30 19 91 89 57 11 19 54 55 21 74 76 46 27 58 92 40 65 36 70 2 47 15 7 53 12 44 46 60 69 7 79 15 8 76 27 4 99 
86 9 45 43 19 37 44 13 89 8 83 42 39 95 57 15 44 18 19 89 44 20 80 25 100 11 12 40 14 44 30 27 43 45 30 27 79 37 87 18 38 55 64 46 2 2 2 29 23 32 59 80 75 86 1 52 92 31 46 93 3 95 52 96 
44 28 40 81 3 12 87 34 71 96 27 30 72 36 76 66 10 34 43 51 83 14 14 23 77 33 27 19 39 90 33 43 2 14 29 64 19 16 13 85 59 12 87 32 57 77 10 8 52 41 12 59 86 45 1 39 29 71 26 71 77 38 83 11 
54 85 79 30 40 94 98 21 35 59 77 58 98 62 78 82 26 23 53 53 95 44 84 55 21 44 95 7 3 8 12 22 35 4 71 28 14 79 60 1 92 100 83 7 32 58 23 37 20 91 50 55 77 67 72 70 95 41 75 7 19 56 18 59 
82 56 9 34 71 49 6 56 4 3 47 95 41 25 7 56 45 1 86 38 54 55 37 76 29 24 99 82 73 98 93 24 15 56 49 49 38 6 8 68 27 47 19 11 72 12 63 29 64 43 66 6 65 38 27 63 41 12 16 92 37 93 82 65 
80 29 60 55 35 29 30 43 88 31 65 44 2 41 64 41 95 60 13 15 21 100 59 80 69 73 1 74 76 36 53 38 24 75 28 85 8 25 7 80 78 84 6 14 9 80 97 19 33 92 90 27 98 41 46 9 66 36 100 46 61 32 30 95 
51 19 86 17 26 63 46 9 85 65 98 45 37 74 41 31 6 27 63 100 1 47 3 43 46 69 92 63 14 77 71 10 4 35 78 10 47 56 87 73 98 77 15 54 41 80 85 6 89 67 1 52 46 87 87 63 82 87 73 72 18 66 32 17 
87 2 25 10 60 40 12 86 17 51 79 34 37 38 34 11 72 60 44 85 93 65 24 60 51 61 48 17 73 74 64 22 95 100 36 29 9 54 88 82 24 69 66 53 11 71 31 3 88 84 84 90 77 27 93 46 20 52 72 64 32 81 41 59 
29 61 88 53 38 5 97 80 82 38 67 63 42 58 7 69 79 50 4 84 75 19 75 78 36 14 73 61 40 73 76 68 84 66 27 13 96 52 55 41 1 59 3 2 47 80 39 82 50 79 76 11 100 87 57 97 31 66 84 29 98 4 87 57 
86 12 53 63 94 24 79 65 25 97 47 42 4 70 96 86 5 75 83 87 86 61 20 79 80 55 95 64 32 88 40 67 49 51 26 9 2 37 36 66 58 24 54 54 70 81 50 31 76 70 95 31 25 11 96 85 21 69 5 89 52 10 21 51 
58 25 90 25 72 30 53 74 54 67 86 44 78 62 60 56 18 91 81 65 29 19 23 53 33 13 8 40 32 70 78 67 18 75 22 68 55 61 86 17 7 43 74 92 25 63 81 47 17 60 44 72 44 66 88 32 36 15 51 92 45 4 2 34 
21 70 25 23 56 87 68 85 63 39 91 7 63 99 71 56 23 19 37 69 27 64 91 36 12 7 6 89 71 9 36 78 7 87 13 69 88 24 1 95 74 32 48 93 56 27 42 92 67 60 31 20 29 1 73 91 37 7 28 97 82 40 96 73 
46 14 6 42 52 15 71 47 65 89 87 90 90 41 98 75 7 29 52 100 95 78 84 72 48 30 88 13 73 5 51 96 33 75 87 23 55 44 98 81 10 77 51 32 54 81 56 61 97 48 69 99 100 7 95 12 29 18 38 47 95 72 90 97 
20 32 90 99 74 94 25 5 11 50 38 43 92 49 70 40 41 48 40 42 17 61 37 66 23 32 56 80 56 40 83 81 9 53 94 83 90 96 58 53 31 58 51 39 5 97 40 20 18 41 26 58 76 55 67 23 32 24 50 19 43 64 45 19 
22 65 3 100 56 24 83 100 88 93 71 80 87 62 7 65 78 42 33 8 46 49 36 91 65 18 92 74 23 10 35 16 38 37 12 42 37 9 13 2 43 6 28 23 50 70 36 98 6 60 80 66 35 11 63 91 41 49 30 30 81 41 46 55 
43 80 85 9 100 97 87 66 54 63 14 52 71 63 34 23 87 23 17 76 18 36 15 98 54 17 25 80 94 18 82 59 94 24 34 88 84 20 77 1 99 60 16 78 61 31 92 63 99 84 21 5 85 64 73 38 56 55 1 17 31 25 48 18 
95 32 69 51 75 90 73 41 84 58 40 17 33 35 89 18 17 4 92 89 31 50 61 39 55 38 31 60 52 21 90 38 58 21 18 90 91 22 75 51 49 60 22 20 14 71 19 88 82 32 41 33 88 48 29 51 37 72 23 45 99 32 44 38 
11 77 46 70 76 75 16 45 69 9 43 64 25 50 56 57 95 23 91 75 19 64 72 13 48 6 24 19 8 47 80 46 10 64 18 11 27 93 81 60 55 64 71 45 77 85 55 47 91 24 39 59 100 83 18 57 38 60 24 38 46 65 30 18 
68 1 71 78 57 12 74 49 12 97 86 45 16 91 26 19 54 61 88 22 40 96 5 83 37 45 37 54 50 62 6 75 45 84 32 66 95 91 13 13 19 87 22 78 55 87 73 98 73 19 19 16 6 18 66 56 74 9 75 23 39 94 56 1 
7 24 60 29 49 4 62 66 42 6 56 71 2 78 49 58 78 37 61 48 55 61 58 50 89 22 64 98 8 100 20 86 44 93 21 47 15 95 41 4 71 83 90 2 49 12 23 94 44 21 57 69 13 81 97 46 59 76 45 73 66 87 14 69 
45 39 47 98 86 96 2 89 24 56 59 1 70 1 81 93 48 85 76 95 18 76 80 46 94 60 84 62 35 95 23 59 24 37 34 1 63 75 77 39 96 67 52 65 67 37 93 75 68 87 36 33 59 70 61 75 63 39 32 75 71 24 82 81 
20 9 34 100 1 91 66 70 49 38 44 65 82 95 34 32 70 99 47 47 39 6 2 59 34 48 9 82 72 93 39 24 28 24 91 26 41 41 78 86 31 25 1 73 42 36 56 68 1 44 51 22 19 90 23 72 40 51 9 64 57 37 59 37 
100 48 28 57 35 22 69 93 55 76 71 7 5 76 16 64 18 76 30 17 73 64 3 70 39 99 40 10 85 41 9 100 30 34 26 79 29 41 24 93 96 22 57 39 34 60 18 2 56 92 96 4 32 6 12 78 26 77 65 74 13 77 78 41 
49 15 59 67 37 55 21 8 97 12 21 68 35 17 93 98 39 76 35 28 97 55 65 40 100 1 32 4 98 16 74 93 42 3 20 45 65 1 55 1 83 34 57 89 16 39 42 100 40 10 14 4 49 29 47 42 63 18 29 38 73 35 87 48 
88 73 47 46 98 43 71 39 31 51 92 93 32 60 60 36 51 63 95 12 39 7 78 81 10 75 76 30 31 23 46 20 25 40 55 47 30 60 68 38 12 68 37 5 57 49 28 63 42 62 71 25 42 19 36 19 10 63 91 43 70 48 78 80 
59 91 81 53 25 25 4 66 37 7 82 46 62 18 75 94 41 10 88 35 9 77 16 35 80 76 30 81 29 90 75 11 57 29 64 40 58 94 42 52 92 72 57 66 30 7 18 52 7 14 58 68 13 14 89 33 85 69 77 100 57 69 7 34 
15 91 6 63 4 48 66 13 59 91 24 43 61 16 35 73 100 23 46 30 19 19 5 33 93 84 1 19 100 71 2 9 57 41 88 43 94 58 37 49 11 54 83 50 62 89 59 43 84 26 2 79 68 45 7 1 26 53 12 8 9 42 4 48 
35 48 95 72 45 83 81 68 85 43 75 99 99 21 85 49 17 89 61 30 48 33 4 95 39 55 48 37 10 55 25 16 87 44 58 73 78 19 37 72 35 45 80 18 87 54 79 45 87 33 63 50 5 19 95 72 19 82 25 89 97 35 35 83 
58 37 12 93 32 99 90 21 57 51 36 63 53 20 39 58 61 91 59 80 48 34 83 57 47 81 31 59 25 67 57 36 63 73 98 45 60 81 84 45 64 6 83 75 59 19 89 82 4 67 18 71 77 59 87 44 14 45 66 71 14 43 74 29 
51 43 37 26 94 13 54 95 67 48 87 91 63 84 68 78 98 21 14 27 86 34 28 13 89 99 6 64 99 53 27 71 59 58 52 74 60 2 84 88 98 11 82 91 84 77 49 31 37 61 36 58 80 52 97 58 41 63 73 22 49 35 72 41 
23 91 80 25 12 100 71 39 83 63 41 8 65 73 69 31 98 14 85 8 54 52 30 85 39 56 16 83 14 59 46 20 52 20 9 76 14 91 1 75 76 30 100 23 79 61 92 70 50 35 24 24 96 91 69 30 77 78 51 25 54 85 93 17 
15 48 79 98 5 59 75 15 100 70 25 32 10 25 1 33 92 43 6 96 79 62 2 49 76 56 80 42 21 34 94 78 35 34 28 64 1 57 92 86 22 96 74 47 8 3 87 89 56 63 21 92 31 48 95 13 27 19 45 88 90 3 35 26 
27 16 15 67 49 41 97 66 22 61 55 98 97 41 79 59 65 11 14 17 11 8 8 8 83 84 10 56 39 44 45 83 17 54 77 60 77 46 8 88 61 26 30 70 58 91 91 92 90 28 75 48 18 69 99 4 60 34 52 85 41 17 18 65 
56 2 42 36 27 61 51 100 92 37 21 31 66 83 31 57 13 3 70 92 9 1 43 17 58 86 16 90 22 13 62 74 6 86 73 35 21 79 66 52 40 46 67 83 41 37 56 21 47 19 84 4 70 30 2 58 72 35 5 60 61 18 48 53 
26 94 19 91 10 18 58 26 91 12 93 32 39 87 20 15 54 36 94 69 37 55 98 57 63 74 21 31 72 75 31 69 16 68 37 52 3 84 83 6 95 6 42 96 75 17 25 79 88 45 11 4 14 47 54 56 93 55 72 72 86 94 3 95 
41 47 67 75 79 73 45 74 76 12 62 11 87 77 40 46 74 31 36 27 77 84 12 85 26 17 85 19 16 42 14 1 15 28 46 7 39 9 34 98 47 50 39 43 28 20 96 38 14 33 7 16 42 65 93 88 3 91 90 3 20 30 57 83 
58 7 89 22 89 72 21 37 86 51 58 37 22 53 91 21 12 16 95 46 95 72 87 98 68 91 40 71 93 18 35 82 40 61 10 96 53 75 78 34 76 36 67 20 56 49 33 46 84 19 66 29 92 18 5 81 25 89 62 10 19 56 32 48 
23 21 14 86 17 86 40 95 40 5 24 44 90 16 53 74 99 81 69 70 4 89 59 65 62 67 60 47 54 46 99 52 84 22 97 1 63 98 47 26 16 94 40 36 71 52 51 74 14 26 54 82 96 63 79 22 94 52 52 83 34 78 37 16 
15 21 78 68 35 11 30 63 30 84 40 46 31 83 17 95 29 99 83 46 83 24 1 13 74 81 78 35 23 51 43 83 20 78 84 43 53 79 36 13 97 25 62 99 97 32 58 5 43 70 99 72 81 19 45 46 45 1 54 74 37 59 2 96 
67 44 73 39 41 31 64 24 23 11 64 47 89 12 53 16 41 76 31 67 97 42 21 31 13 26 75 11 29 71 11 44 45 45 54 77 16 48 17 19 12 97 47 93 70 9 13 84 87 42 20 62 54 34 55 26 6 94 30 13 59 70 98 8 
44 11 60 53 62 11 86 8 38 64 45 28 28 64 98 80 29 9 56 91 23 10 20 7 5 59 37 60 100 39 38 31 2 46 82 73 84 83 98 16 52 46 33 41 72 98 41 7 55 70 96 15 46 30 93 71 32 79 4 28 41 88 56 18 
54 11 75 23 79 16 16 51 28 28 55 72 66 37 99 28 49 95 72 44 2 29 74 21 58 90 53 22 89 89 55 51 17 33 52 9 7 10 29 42 56 26 26 86 90 92 16 39 56 60 61 18 56 22 59 86 89 13 58 80 32 67 78 3 
94 30 81 8 46 93 92 51 40 96 6 58 54 82 47 76 56 25 74 17 38 7 74 74 96 84 26 99 65 31 70 15 99 48 56 55 97 45 42 54 14 18 85 63 48 67 87 76 14 92 59 33 15 55 59 19 11 18 79 42 45 82 73 93 
60 74 66 71 62 98 67 27 77 60 2 73 24 87 11 1 10 24 16 15 18 1 66 58 53 58 65 32 40 21 24 66 41 67 17 73 86 98 30 37 79 5 70 90 95 80 16 34 26 74 70 47 96 45 73 99 50 44 40 89 12 13 81 86 
71 12 98 97 44 55 22 30 60 91 13 56 40 92 65 36 91 30 35 27 63 12 75 42 42 90 23 91 83 35 49 94 87 56 94 74 81 20 30 87 39 57 14 6 89 59 1 24 47 36 81 16 46 7 9 48 78 76 13 4 30 42 26 88 
0.0 1.0 2.0 3.0 4.0 5.0 6.0 7.0 8.0 9.0 10.0 11.0 12.0 13.0 14.0 15.0 16.0 17.0 18.0 19.0 20.0 21.0 22.0 23.0 24.0 25.0 26.0 27.0 28.0 29.0 30.0 31.0 32.0 31.0 30.0 29.0 28.0 27.0 26.0 25.0 24.0 23.0 22.0 21.0 20.0 19.0 18.0 17.0 16.0 15.0 14.0 13.0 12.0 11.0 10.0 9.0 8.0 7.0 6.0 5.0 4.0 3.0 2.0 1.0 
1.0 0.0 1.0 2.0 3.0 4.0 5.0 6.0 7.0 8.0 9.0 10.0 11.0 12.0 13.0 14.0 15.0 16.0 17.0 18.0 19.0 20.0 21.0 22.0 23.0 24.0 25.0 26.0 27.0 28.0 29.0 30.0 31.0 32.0 31.0 30.0 29.0 28.0 27.0 26.0 25.0 24.0 23.0 22.0 21.0 20.0 19.0 18.0 17.0 16.0 15.0 14.0 13.0 12.0 11.0 10.0 9.0 8.0 7.0 6.0 5.0 4.0 3.0 2.0 
2.0 1.0 0.0 1.0 2.0 3.0 4.0 5.0 6.0 7.0 8.0 9.0 10.0 11.0 12.0 13.0 14.0 15.0 16.0 17.0 18.0 19.0 20.0 21.0 22.0 23.0 24.0 25.0 26.0 27.0 28.0 29.0 30.0 31.0 32.0 31.0 30.0 29.0 28.0 27.0 26.0 25.0 24.0 23.0 22.0 21.0 20.0 19.0 18.0 17.0 16.0 15.0 14.0 13.0 12.0 11.0 10.0 9.0 8.0 7.0 6.0 5.0 4.0 3.0 
3.0 2.0 1.0 0.0 1.0 2.0 3.0 4.0 5.0 6.0 7.0 8.0 9.0 10.0 11.0 12.0 13.0 14.0 15.0 16.0 17.0 18.0 19.0 20.0 21.0 22.0 23.0 24.0 25.0 26.0 27.0 28.0 29.0 30.0 31.0 32.0 31.0 30.0 29.0 28.0 27.0 26.0 25.0 24.0 23.0 22.0 21.0 20.0 19.0 18.0 17.0 16.0 15.0 14.0 13.0 12.0 11.0 10.0 9.0 8.0 7.0 6.0 5.0 4.0 
4.0 3.0 2.0 1.0 0.0 1.0 2.0 3.0 4.0 5.0 6.0 7.0 8.0 9.0 10.0 11.0 12.0 13.0 14.0 15.0 16.0 17.0 18.0 19.0 20.0 21.0 22.0 23.0 24.0 25.0 26.0 27.0 28.0 29.0 30.0 31.0 32.0 31.0 30.0 29.0 28.0 27.0 26.0 25.0 24.0 23.0 22.0 21.0 20.0 19.0 18.0 17.0 16.0 15.0 14.0 13.0 12.0 11.0 10.0 9.0 8.0 7.0 6.0 5.0 
5.0 4.0 3.0 2.0 1.0 0.0 1.0 2.0 3.0 4.0 5.0 6.0 7.0 8.0 9.0 10.0 11.0 12.0 13.0 14.0 15.0 16.0 17.0 18.0 19.0 20.0 21.0 22.0 23.0 24.0 25.0 26.0 27.0 28.0 29.0 30.0 31.0 32.0 31.0 30.0 29.0 28.0 27.0 26.0 25.0 24.0 23.0 22.0 21.0 20.0 19.0 18.0 17.0 16.0 15.0 14.0 13.0 12.0 11.0 10.0 9.0 8.0 7.0 6.0 
6.0 5.0 4.0 3.0 2.0 1.0 0.0 1.0 2.0 3.0 4.0 5.0 6.0 7.0 8.0 9.0 10.0 11.0 12.0 13.0 14.0 15.0 16.0 17.0 18.0 19.0 20.0 21.0 22.0 23.0 24.0 25.0 26.0 27.0 28.0 29.0 30.0 31.0 32.0 31.0 30.0 29.0 28.0 27.0 26.0 25.0 24.0 23.0 22.0 21.0 20.0 19.0 18.0 17.0 16.0 15.0 14.0 13.0 12.0 11.0 10.0 9.0 8.0 7.0 
7.0 6.0 5.0 4.0 3.0 2.0 1.0 0.0 1.0 2.0 3.0 4.0 5.0 6.0 7.0 8.0 9.0 10.0 11.0 12.0 13.0 14.0 15.0 16.0 17.0 18.0 19.0 20.0 21.0 22.0 23.0 24.0 25.0 26.0 27.0 28.0 29.0 30.0 31.0 32.0 31.0 30.0 29.0 28.0 27.0 26.0 25.0 24.0 23.0 22.0 21.0 20.0 19.0 18.0 17.0 16.0 15.0 14.0 13.0 12.0 11.0 10.0 9.0 8.0 
8.0 7.0 6.0 5.0 4.0 3.0 2.0 1.0 0.0 1.0 2.0 3.0 4.0 5.0 6.0 7.0 8.0 9.0 10.0 11.0 12.0 13.0 14.0 15.0 16.0 17.0 18.0 19.0 20.0 21.0 22.0 23.0 24.0 25.0 26.0 27.0 28.0 29.0 30.0 31.0 32.0 31.0 30.0 29.0 28.0 27.0 26.0 25.0 24.0 23.0 22.0 21.0 20.0 19.0 18.0 17.0 16.0 15.0 14.0 13.0 12.0 11.0 10.0 9.0 
9.0 8.0 7.0 6.0 5.0 4.0 3.0 2.0 1.0 0.0 1.0 2.0 3.0 4.0 5.0 6.0 7.0 8.0 9.0 10.0 11.0 12.0 13.0 14.0 15.0 16.0 17.0 18.0 19.0 20.0 21.0 22.0 23.0 24.0 25.0 26.0 27.0 28.0 29.0 30.0 31.0 32.0 31.0 30.0 29.0 28.0 27.0 26.0 25.0 24.0 23.0 22.0 21.0 20.0 19.0 18.0 17.0 16.0 15.0 14.0 13.0 12.0 11.0 10.0 
10.0 9.0 8.0 7.0 6.0 5.0 4.0 3.0 2.0 1.0 0.0 1.0 2.0 3.0 4.0 5.0 6.0 7.0 8.0 9.0 10.0 11.0 12.0 13.0 14.0 15.0 16.0 17.0 18.0 19.0 20.0 21.0 22.0 23.0 24.0 25.0 26.0 27.0 28.0 29.0 30.0 31.0 32.0 31.0 30.0 29.0 28.0 27.0 26.0 25.0 24.0 23.0 22.0 21.0 20.0 19.0 18.0 17.0 16.0 15.0 14.0 13.0 12.0 11.0 
11.0 10.0 9.0 8.0 7.0 6.0 5.0 4.0 3.0 2.0 1.0 0.0 1.0 2.0 3.0 4.0 5.0 6.0 7.0 8.0 9.0 10.0 11.0 12.0 13.0 14.0 15.0 16.0 17.0 18.0 19.0 20.0 21.0 22.0 23.0 24.0 25.0 26.0 27.0 28.0 29.0 30.0 31.0 32.0 31.0 30.0 29.0 28.0 27.0 26.0 25.0 24.0 23.0 22.0 21.0 20.0 19.0 18.0 17.0 16.0 15.0 14.0 13.0 12.0 
12.0 11.0 10.0 9.0 8.0 7.0 6.0 5.0 4.0 3.0 2.0 1.0 0.0 1.0 2.0 3.0 4.0 5.0 6.0 7.0 8.0 9.0 10.0 11.0 12.0 13.0 14.0 15.0 16.0 17.0 18.0 19.0 20.0 21.0 22.0 23.0 24.0 25.0 26.0 27.0 28.0 29.0 30.0 31.0 32.0 31.0 30.0 29.0 28.0 27.0 26.0 25.0 24.0 23.0 22.0 21.0 20.0 19.0 18.0 17.0 16.0 15.0 14.0 13.0 
13.0 12.0 11.0 10.0 9.0 8.0 7.0 6.0 5.0 4.0 3.0 2.0 1.0 0.0 1.0 2.0 3.0 4.0 5.0 6.0 7.0 8.0 9.0 10.0 11.0 12.0 13.0 14.0 15.0 16.0 17.0 18.0 19.0 20.0 21.0 22.0 23.0 24.0 25.0 26.0 27.0 28.0 29.0 30.0 31.0 32.0 31.0 30.0 29.0 28.0 27.0 26.0 25.0 24.0 23.0 22.0 21.0 20.0 19.0 18.0 17.0 16.0 15.0 14.0 
14.0 13.0 12.0 11.0 10.0 9.0 8.0 7.0 6.0 5.0 4.0 3.0 2.0 1.0 0.0 1.0 2.0 3.0 4.0 5.0 6.0 7.0 8.0 9.0 10.0 11.0 12.0 13.0 14.0 15.0 16.0 17.0 18.0 19.0 20.0 21.0 22.0 23.0 24.0 25.0 26.0 27.0 28.0 29.0 30.0 31.0 32.0 31.0 30.0 29.0 28.0 27.0 26.0 25.0 24.0 23.0 22.0 21.0 20.0 19.0 18.0 17.0 16.0 15.0 
15.0 14.0 13.0 12.0 11.0 10.0 9.0 8.0 7.0 6.0 5.0 4.0 3.0 2.0 1.0 0.0 1.0 2.0 3.0 4.0 5.0 6.0 7.0 8.0 9.0 10.0 11.0 12.0 13.0 14.0 15.0 16.0 17.0 18.0 19.0 20.0 21.0 22.0 23.0 24.0 25.0 26.0 27.0 28.0 29.0 30.0 31.0 32.0 31.0 30.0 29.0 28.0 27.0 26.0 25.0 24.0 23.0 22.0 21.0 20.0 19.0 18.0 17.0 16.0 
16.0 15.0 14.0 13.0 12.0 11.0 10.0 9.0 8.0 7.0 6.0 5.0 4.0 3.0 2.0 1.0 0.0 1.0 2.0 3.0 4.0 5.0 6.0 7.0 8.0 9.0 10.0 11.0 12.0 13.0 14.0 15.0 16.0 17.0 18.0 19.0 20.0 21.0 22.0 23.0 24.0 25.0 26.0 27.0 28.0 29.0 30.0 31.0 32.0 31.0 30.0 29.0 28.0 27.0 26.0 25.0 24.0 23.0 22.0 21.0 20.0 19.0 18.0 17.0 
17.0 16.0 15.0 14.0 13.0 12.0 11.0 10.0 9.0 8.0 7.0 6.0 5.0 4.0 3.0 2.0 1.0 0.0 1.0 2.0 3.0 4.0 5.0 6.0 7.0 8.0 9.0 10.0 11.0 12.0 13.0 14.0 15.0 16.0 17.0 18.0 19.0 20.0 21.0 22.0 23.0 24.0 25.0 26.0 27.0 28.0 29.0 30.0 31.0 32.0 31.0 30.0 29.0 28.0 27.0 26.0 25.0 24.0 23.0 22.0 21.0 20.0 19.0 18.0 
18.0 17.0 16.0 15.0 14.0 13.0 12.0 11.0 10.0 9.0 8.0 7.0 6.0 5.0 4.0 3.0 2.0 1.0 0.0 1.0 2.0 3.0 4.0 5.0 6.0 7.0 8.0 9.0 10.0 11.0 12.0 13.0 14.0 15.0 16.0 17.0 18.0 19.0 20.0 21.0 22.0 23.0 24.0 25.0 26.0 27.0 28.0 29.0 30.0 31.0 32.0 31.0 30.0 29.0 28.0 27.0 26.0 25.0 24.0 23.0 22.0 21.0 20.0 19.0 
19.0 18.0 17.0 16.0 15.0 14.0 13.0 12.0 11.0 10.0 9.0 8.0 7.0 6.0 5.0 4.0 3.0 2.0 1.0 0.0 1.0 2.0 3.0 4.0 5.0 6.0 7.0 8.0 9.0 10.0 11.0 12.0 13.0 14.0 15.0 16.0 17.0 18.0 19.0 20.0 21.0 22.0 23.0 24.0 25.0 26.0 27.0 28.0 29.0 30.0 31.0 32.0 31.0 30.0 29.0 28.0 27.0 26.0 25.0 24.0 23.0 22.0 21.0 20.0 
20.0 19.0 18.0 17.0 16.0 15.0 14.0 13.0 12.0 11.0 10.0 9.0 8.0 7.0 6.0 5.0 4.0 3.0 2.0 1.0 0.0 1.0 2.0 3.0 4.0 5.0 6.0 7.0 8.0 9.0 10.0 11.0 12.0 13.0 14.0 15.0 16.0 17.0 18.0 19.0 20.0 21.0 22.0 23.0 24.0 25.0 26.0 27.0 28.0 29.0 30.0 31.0 32.0 31.0 30.0 29.0 28.0 27.0 26.0 25.0 24.0 23.0 22.0 21.0 
21.0 20.0 19.0 18.0 17.0 16.0 15.0 14.0 13.0 12.0 11.0 10.0 9.0 8.0 7.0 6.0 5.0 4.0 3.0 2.0 1.0 0.0 1.0 2.0 3.0 4.0 5.0 6.0 7.0 8.0 9.0 10.0 11.0 12.0 13.0 14.0 15.0 16.0 17.0 18.0 19.0 20.0 21.0 22.0 23.0 24.0 25.0 26.0 27.0 28.0 29.0 30.0 31.0 32.0 31.0 30.0 29.0 28.0 27.0 26.0 25.0 24.0 23.0 22.0 
22.0 21.0 20.0 19.0 18.0 17.0 16.0 15.0 14.0 13.0 12.0 11.0 10.0 9.0 8.0 7.0 6.0 5.0 4.0 3.0 2.0 1.0 0.0 1.0 2.0 3.0 4.0 5.0 6.0 7.0 8.0 9.0 10.0 11.0 12.0 13.0 14.0 15.0 16.0 17.0 18.0 19.0 20.0 21.0 22.0 23.0 24.0 25.0 26.0 27.0 28.0 29.0 30.0 31.0 32.0 31.0 30.0 29.0 28.0 27.0 26.0 25.0 24.0 23.0 
23.0 22.0 21.0 20.0 19.0 18.0 17.0 16.0 15.0 14.0 13.0 12.0 11.0 10.0 9.0 8.0 7.0 6.0 5.0 4.0 3.0 2.0 1.0 0.0 1.0 2.0 3.0 4.0 5.0 6.0 7.0 8.0 9.0 10.0 11.0 12.0 13.0 14.0 15.0 16.0 17.0 18.0 19.0 20.0 21.0 22.0 23.0 24.0 25.0 26.0 27.0 28.0 29.0 30.0 31.0 32.0 31.0 30.0 29.0 28.0 27.0 26.0 25.0 24.0 
24.0 23.0 22.0 21.0 20.0 19.0 18.0 17.0 16.0 15.0 14.0 13.0 12.0 11.0 10.0 9.0 8.0 7.0 6.0 5.0 4.0 3.0 2.0 1.0 0.0 1.0 2.0 3.0 4.0 5.0 6.0 7.0 8.0 9.0 10.0 11.0 12.0 13.0 14.0 15.0 16.0 17.0 18.0 19.0 20.0 21.0 22.0 23.0 24.0 25.0 26.0 27.0 28.0 29.0 30.0 31.0 32.0 31.0 30.0 29.0 28.0 27.0 26.0 25.0 
25.0 24.0 23.0 22.0 21.0 20.0 19.0 18.0 17.0 16.0 15.0 14.0 13.0 12.0 11.0 10.0 9.0 8.0 7.0 6.0 5.0 4.0 3.0 2.0 1.0 0.0 1.0 2.0 3.0 4.0 5.0 6.0 7.0 8.0 9.0 10.0 11.0 12.0 13.0 14.0 15.0 16.0 17.0 18.0 19.0 20.0 21.0 22.0 23.0 24.0 25.0 26.0 27.0 28.0 29.0 30.0 31.0 32.0 31.0 30.0 29.0 28.0 27.0 26.0 
26.0 25.0 24.0 23.0 22.0 21.0 20.0 19.0 18.0 17.0 16.0 15.0 14.0 13.0 12.0 11.0 10.0 9.0 8.0 7.0 6.0 5.0 4.0 3.0 2.0 1.0 0.0 1.0 2.0 3.0 4.0 5.0 6.0 7.0 8.0 9.0 10.0 11.0 12.0 13.0 14.0 15.0 16.0 17.0 18.0 19.0 20.0 21.0 22.0 23.0 24.0 25.0 26.0 27.0 28.0 29.0 30.0 31.0 32.0 31.0 30.0 29.0 28.0 27.0 
27.0 26.0 25.0 24.0 23.0 22.0 21.0 20.0 19.0 18.0 17.0 16.0 15.0 14.0 13.0 12.0 11.0 10.0 9.0 8.0 7.0 6.0 5.0 4.0 3.0 2.0 1.0 0.0 1.0 2.0 3.0 4.0 5.0 6.0 7.0 8.0 9.0 10.0 11.0 12.0 13.0 14.0 15.0 16.0 17.0 18.0 19.0 20.0 21.0 22.0 23.0 24.0 25.0 26.0 27.0 28.0 29.0 30.0 31.0 32.0 31.0 30.0 29.0 28.0 
28.0 27.0 26.0 25.0 24.0 23.0 22.0 21.0 20.0 19.0 18.0 17.0 16.0 15.0 14.0 13.0 12.0 11.0 10.0 9.0 8.0 7.0 6.0 5.0 4.0 3.0 2.0 1.0 0.0 1.0 2.0 3.0 4.0 5.0 6.0 7.0 8.0 9.0 10.0 11.0 12.0 13.0 14.0 15.0 16.0 17.0 18.0 19.0 20.0 21.0 22.0 23.0 24.0 25.0 26.0 27.0 28.0 29.0 30.0 31.0 32.0 31.0 30.0 29.0 
29.0 28.0 27.0 26.0 25.0 24.0 23.0 22.0 21.0 20.0 19.0 18.0 17.0 16.0 15.0 14.0 13.0 12.0 11.0 10.0 9.0 8.0 7.0 6.0 5.0 4.0 3.0 2.0 1.0 0.0 1.0 2.0 3.0 4.0 5.0 6.0 7.0 8.0 9.0 10.0 11.0 12.0 13.0 14.0 15.0 16.0 17.0 18.0 19.0 20.0 21.0 22.0 23.0 24.0 25.0 26.0 27.0 28.0 29.0 30.0 31.0 32.0 31.0 30.0 
30.0 29.0 28.0 27.0 26.0 25.0 24.0 23.0 22.0 21.0 20.0 19.0 18.0 17.0 16.0 15.0 14.0 13.0 12.0 11.0 10.0 9.0 8.0 7.0 6.0 5.0 4.0 3.0 2.0 1.0 0.0 1.0 2.0 3.0 4.0 5.0 6.0 7.0 8.0 9.0 10.0 11.0 12.0 13.0 14.0 15.0 16.0 17.0 18.0 19.0 20.0 21.0 22.0 23.0 24.0 25.0 26.0 27.0 28.0 29.0 30.0 31.0 32.0 31.0 
31.0 30.0 29.0 28.0 27.0 26.0 25.0 24.0 23.0 22.0 21.0 20.0 19.0 18.0 17.0 16.0 15.0 14.0 13.0 12.0 11.0 10.0 9.0 8.0 7.0 6.0 5.0 4.0 3.0 2.0 1.0 0.0 1.0 2.0 3.0 4.0 5.0 6.0 7.0 8.0 9.0 10.0 11.0 12.0 13.0 14.0 15.0 16.0 17.0 18.0 19.0 20.0 21.0 22.0 23.0 24.0 25.0 26.0 27.0 28.0 29.0 30.0 31.0 32.0 
32.0 31.0 30.0 29.0 28.0 27.0 26.0 25.0 24.0 23.0 22.0 21.0 20.0 19.0 18.0 17.0 16.0 15.0 14.0 13.0 12.0 11.0 10.0 9.0 8.0 7.0 6.0 5.0 4.0 3.0 2.0 1.0 0.0 1.0 2.0 3.0 4.0 5.0 6.0 7.0 8.0 9.0 10.0 11.0 12.0 13.0 14.0 15.0 16.0 17.0 18.0 19.0 20.0 21.0 22.0 23.0 24.0 25.0 26.0 27.0 28.0 29.0 30.0 31.0 
31.0 32.0 31.0 30.0 29.0 28.0 27.0 26.0 25.0 24.0 23.0 22.0 21.0 20.0 19.0 18.0 17.0 16.0 15.0 14.0 13.0 12.0 11.0 10.0 9.0 8.0 7.0 6.0 5.0 4.0 3.0 2.0 1.0 0.0 1.0 2.0 3.0 4.0 5.0 6.0 7.0 8.0 9.0 10.0 11.0 12.0 13.0 14.0 15.0 16.0 17.0 18.0 19.0 20.0 21.0 22.0 23.0 24.0 25.0 26.0 27.0 28.0 29.0 30.0 
30.0 31.0 32.0 31.0 30.0 29.0 28.0 27.0 26.0 25.0 24.0 23.0 22.0 21.0 20.0 19.0 18.0 17.0 16.0 15.0 14.0 13.0 12.0 11.0 10.0 9.0 8.0 7.0 6.0 5.0 4.0 3.0 2.0 1.0 0.0 1.0 2.0 3.0 4.0 5.0 6.0 7.0 8.0 9.0 10.0 11.0 12.0 13.0 14.0 15.0 16.0 17.0 18.0 19.0 20.0 21.0 22.0 23.0 24.0 25.0 26.0 27.0 28.0 29.0 
29.0 30.0 31.0 32.0 31.0 30.0 29.0 28.0 27.0 26.0 25.0 24.0 23.0 22.0 21.0 20.0 19.0 18.0 17.0 16.0 15.0 14.0 13.0 12.0 11.0 10.0 9.0 8.0 7.0 6.0 5.0 4.0 3.0 2.0 1.0 0.0 1.0 2.0 3.0 4.0 5.0 6.0 7.0 8.0 9.0 10.0 11.0 12.0 13.0 14.0 15.0 16.0 17.0 18.0 19.0 20.0 21.0 22.0 23.0 24.0 25.0 26.0 27.0 28.0 
28.0 29.0 30.0 31.0 32.0 31.0 30.0 29.0 28.0 27.0 26.0 25.0 24.0 23.0 22.0 21.0 20.0 19.0 18.0 17.0 16.0 15.0 14.0 13.0 12.0 11.0 10.0 9.0 8.0 7.0 6.0 5.0 4.0 3.0 2.0 1.0 0.0 1.0 2.0 3.0 4.0 5.0 6.0 7.0 8.0 9.0 10.0 11.0 12.0 13.0 14.0 15.0 16.0 17.0 18.0 19.0 20.0 21.0 22.0 23.0 24.0 25.0 26.0 27.0 
27.0 28.0 29.0 30.0 31.0 32.0 31.0 30.0 29.0 28.0 27.0 26.0 25.0 24.0 23.0 22.0 21.0 20.0 19.0 18.0 17.0 16.0 15.0 14.0 13.0 12.0 11.0 10.0 9.0 8.0 7.0 6.0 5.0 4.0 3.0 2.0 1.0 0.0 1.0 2.0 3.0 4.0 5.0 6.0 7.0 8.0 9.0 10.0 11.0 12.0 13.0 14.0 15.0 16.0 17.0 18.0 19.0 20.0 21.0 22.0 23.0 24.0 25.0 26.0 
26.0 27.0 28.0 29.0 30.0 31.0 32.0 31.0 30.0 29.0 28.0 27.0 26.0 25.0 24.0 23.0 22.0 21.0 20.0 19.0 18.0 17.0 16.0 15.0 14.0 13.0 12.0 11.0 10.0 9.0 8.0 7.0 6.0 5.0 4.0 3.0 2.0 1.0 0.0 1.0 2.0 3.0 4.0 5.0 6.0 7.0 8.0 9.0 10.0 11.0 12.0 13.0 14.0 15.0 16.0 17.0 18.0 19.0 20.0 21.0 22.0 23.0 24.0 25.0 
25.0 26.0 27.0 28.0 29.0 30.0 31.0 32.0 31.0 30.0 29.0 28.0 27.0 26.0 25.0 24.0 23.0 22.0 21.0 20.0 19.0 18.0 17.0 16.0 15.0 14.0 13.0 12.0 11.0 10.0 9.0 8.0 7.0 6.0 5.0 4.0 3.0 2.0 1.0 0.0 1.0 2.0 3.0 4.0 5.0 6.0 7.0 8.0 9.0 10.0 11.0 12.0 13.0 14.0 15.0 16.0 17.0 18.0 19.0 20.0 21.0 22.0 23.0 24.0 
24.0 25.0 26.0 27.0 28.0 29.0 30.0 31.0 32.0 31.0 30.0 29.0 28.0 27.0 26.0 25.0 24.0 23.0 22.0 21.0 20.0 19.0 18.0 17.0 16.0 15.0 14.0 13.0 12.0 11.0 10.0 9.0 8.0 7.0 6.0 5.0 4.0 3.0 2.0 1.0 0.0 1.0 2.0 3.0 4.0 5.0 6.0 7.0 8.0 9.0 10.0 11.0 12.0 13.0 14.0 15.0 16.0 17.0 18.0 19.0 20.0 21.0 22.0 23.0 
23.0 24.0 25.0 26.0 27.0 28.0 29.0 30.0 31.0 32.0 31.0 30.0 29.0 28.0 27.0 26.0 25.0 24.0 23.0 22.0 21.0 20.0 19.0 18.0 17.0 16.0 15.0 14.0 13.0 12.0 11.0 10.0 9.0 8.0 7.0 6.0 5.0 4.0 3.0 2.0 1.0 0.0 1.0 2.0 3.0 4.0 5.0 6.0 7.0 8.0 9.0 10.0 11.0 12.0 13.0 14.0 15.0 16.0 17.0 18.0 19.0 20.0 21.0 22.0 
22.0 23.0 24.0 25.0 26.0 27.0 28.0 29.0 30.0 31.0 32.0 31.0 30.0 29.0 28.0 27.0 26.0 25.0 24.0 23.0 22.0 21.0 20.0 19.0 18.0 17.0 16.0 15.0 14.0 13.0 12.0 11.0 10.0 9.0 8.0 7.0 6.0 5.0 4.0 3.0 2.0 1.0 0.0 1.0 2.0 3.0 4.0 5.0 6.0 7.0 8.0 9.0 10.0 11.0 12.0 13.0 14.0 15.0 16.0 17.0 18.0 19.0 20.0 21.0 
21.0 22.0 23.0 24.0 25.0 26.0 27.0 28.0 29.0 30.0 31.0 32.0 31.0 30.0 29.0 28.0 27.0 26.0 25.0 24.0 23.0 22.0 21.0 20.0 19.0 18.0 17.0 16.0 15.0 14.0 13.0 12.0 11.0 10.0 9.0 8.0 7.0 6.0 5.0 4.0 3.0 2.0 1.0 0.0 1.0 2.0 3.0 4.0 5.0 6.0 7.0 8.0 9.0 10.0 11.0 12.0 13.0 14.0 15.0 16.0 17.0 18.0 19.0 20.0 
20.0 21.0 22.0 23.0 24.0 25.0 26.0 27.0 28.0 29.0 30.0 31.0 32.0 31.0 30.0 29.0 28.0 27.0 26.0 25.0 24.0 23.0 22.0 21.0 20.0 19.0 18.0 17.0 16.0 15.0 14.0 13.0 12.0 11.0 10.0 9.0 8.0 7.0 6.0 5.0 4.0 3.0 2.0 1.0 0.0 1.0 2.0 3.0 4.0 5.0 6.0 7.0 8.0 9.0 10.0 11.0 12.0 13.0 14.0 15.0 16.0 17.0 18.0 19.0 
19.0 20.0 21.0 22.0 23.0 24.0 25.0 26.0 27.0 28.0 29.0 30.0 31.0 32.0 31.0 30.0 29.0 28.0 27.0 26.0 25.0 24.0 23.0 22.0 21.0 20.0 19.0 18.0 17.0 16.0 15.0 14.0 13.0 12.0 11.0 10.0 9.0 8.0 7.0 6.0 5.0 4.0 3.0 2.0 1.0 0.0 1.0 2.0 3.0 4.0 5.0 6.0 7.0 8.0 9.0 10.0 11.0 12.0 13.0 14.0 15.0 16.0 17.0 18.0 
18.0 19.0 20.0 21.0 22.0 23.0 24.0 25.0 26.0 27.0 28.0 29.0 30.0 31.0 32.0 31.0 30.0 29.0 28.0 27.0 26.0 25.0 24.0 23.0 22.0 21.0 20.0 19.0 18.0 17.0 16.0 15.0 14.0 13.0 12.0 11.0 10.0 9.0 8.0 7.0 6.0 5.0 4.0 3.0 2.0 1.0 0.0 1.0 2.0 3.0 4.0 5.0 6.0 7.0 8.0 9.0 10.0 11.0 12.0 13.0 14.0 15.0 16.0 17.0 
17.0 18.0 19.0 20.0 21.0 22.0 23.0 24.0 25.0 26.0 27.0 28.0 29.0 30.0 31.0 32.0 31.0 30.0 29.0 28.0 27.0 26.0 25.0 24.0 23.0 22.0 21.0 20.0 19.0 18.0 17.0 16.0 15.0 14.0 13.0 12.0 11.0 10.0 9.0 8.0 7.0 6.0 5.0 4.0 3.0 2.0 1.0 0.0 1.0 2.0 3.0 4.0 5.0 6.0 7.0 8.0 9.0 10.0 11.0 12.0 13.0 14.0 15.0 16.0 
16.0 17.0 18.0 19.0 20.0 21.0 22.0 23.0 24.0 25.0 26.0 27.0 28.0 29.0 30.0 31.0 32.0 31.0 30.0 29.0 28.0 27.0 26.0 25.0 24.0 23.0 22.0 21.0 20.0 19.0 18.0 17.0 16.0 15.0 14.0 13.0 12.0 11.0 10.0 9.0 8.0 7.0 6.0 5.0 4.0 3.0 2.0 1.0 0.0 1.0 2.0 3.0 4.0 5.0 6.0 7.0 8.0 9.0 10.0 11.0 12.0 13.0 14.0 15.0 
15.0 16.0 17.0 18.0 19.0 20.0 21.0 22.0 23.0 24.0 25.0 26.0 27.0 28.0 29.0 30.0 31.0 32.0 31.0 30.0 29.0 28.0 27.0 26.0 25.0 24.0 23.0 22.0 21.0 20.0 19.0 18.0 17.0 16.0 15.0 14.0 13.0 12.0 11.0 10.0 9.0 8.0 7.0 6.0 5.0 4.0 3.0 2.0 1.0 0.0 1.0 2.0 3.0 4.0 5.0 6.0 7.0 8.0 9.0 10.0 11.0 12.0 13.0 14.0 
14.0 15.0 16.0 17.0 18.0 19.0 20.0 21.0 22.0 23.0 24.0 25.0 26.0 27.0 28.0 29.0 30.0 31.0 32.0 31.0 30.0 29.0 28.0 27.0 26.0 25.0 24.0 23.0 22.0 21.0 20.0 19.0 18.0 17.0 16.0 15.0 14.0 13.0 12.0 11.0 10.0 9.0 8.0 7.0 6.0 5.0 4.0 3.0 2.0 1.0 0.0 1.0 2.0 3.0 4.0 5.0 6.0 7.0 8.0 9.0 10.0 11.0 12.0 13.0 
13.0 14.0 15.0 16.0 17.0 18.0 19.0 20.0 21.0 22.0 23.0 24.0 25.0 26.0 27.0 28.0 29.0 30.0 31.0 32.0 31.0 30.0 29.0 28.0 27.0 26.0 25.0 24.0 23.0 22.0 21.0 20.0 19.0 18.0 17.0 16.0 15.0 14.0 13.0 12.0 11.0 10.0 9.0 8.0 7.0 6.0 5.0 4.0 3.0 2.0 1.0 0.0 1.0 2.0 3.0 4.0 5.0 6.0 7.0 8.0 9.0 10.0 11.0 12.0 
12.0 13.0 14.0 15.0 16.0 17.0 18.0 19.0 20.0 21.0 22.0 23.0 24.0 25.0 26.0 27.0 28.0 29.0 30.0 31.0 32.0 31.0 30.0 29.0 28.0 27.0 26.0 25.0 24.0 23.0 22.0 21.0 20.0 19.0 18.0 17.0 16.0 15.0 14.0 13.0 12.0 11.0 10.0 9.0 8.0 7.0 6.0 5.0 4.0 3.0 2.0 1.0 0.0 1.0 2.0 3.0 4.0 5.0 6.0 7.0 8.0 9.0 10.0 11.0 
11.0 12.0 13.0 14.0 15.0 16.0 17.0 18.0 19.0 20.0 21.0 22.0 23.0 24.0 25.0 26.0 27.0 28.0 29.0 30.0 31.0 32.0 31.0 30.0 29.0 28.0 27.0 26.0 25.0 24.0 23.0 22.0 21.0 20.0 19.0 18.0 17.0 16.0 15.0 14.0 13.0 12.0 11.0 10.0 9.0 8.0 7.0 6.0 5.0 4.0 3.0 2.0 1.0 0.0 1.0 2.0 3.0 4.0 5.0 6.0 7.0 8.0 9.0 10.0 
10.0 11.0 12.0 13.0 14.0 15.0 16.0 17.0 18.0 19.0 20.0 21.0 22.0 23.0 24.0 25.0 26.0 27.0 28.0 29.0 30.0 31.0 32.0 31.0 30.0 29.0 28.0 27.0 26.0 25.0 24.0 23.0 22.0 21.0 20.0 19.0 18.0 17.0 16.0 15.0 14.0 13.0 12.0 11.0 10.0 9.0 8.0 7.0 6.0 5.0 4.0 3.0 2.0 1.0 0.0 1.0 2.0 3.0 4.0 5.0 6.0 7.0 8.0 9.0 
9.0 10.0 11.0 12.0 13.0 14.0 15.0 16.0 17.0 18.0 19.0 20.0 21.0 22.0 23.0 24.0 25.0 26.0 27.0 28.0 29.0 30.0 31.0 32.0 31.0 30.0 29.0 28.0 27.0 26.0 25.0 24.0 23.0 22.0 21.0 20.0 19.0 18.0 17.0 16.0 15.0 14.0 13.0 12.0 11.0 10.0 9.0 8.0 7.0 6.0 5.0 4.0 3.0 2.0 1.0 0.0 1.0 2.0 3.0 4.0 5.0 6.0 7.0 8.0 
8.0 9.0 10.0 11.0 12.0 13.0 14.0 15.0 16.0 17.0 18.0 19.0 20.0 21.0 22.0 23.0 24.0 25.0 26.0 27.0 28.0 29.0 30.0 31.0 32.0 31.0 30.0 29.0 28.0 27.0 26.0 25.0 24.0 23.0 22.0 21.0 20.0 19.0 18.0 17.0 16.0 15.0 14.0 13.0 12.0 11.0 10.0 9.0 8.0 7.0 6.0 5.0 4.0 3.0 2.0 1.0 0.0 1.0 2.0 3.0 4.0 5.0 6.0 7.0 
7.0 8.0 9.0 10.0 11.0 12.0 13.0 14.0 15.0 16.0 17.0 18.0 19.0 20.0 21.0 22.0 23.0 24.0 25.0 26.0 27.0 28.0 29.0 30.0 31.0 32.0 31.0 30.0 29.0 28.0 27.0 26.0 25.0 24.0 23.0 22.0 21.0 20.0 19.0 18.0 17.0 16.0 15.0 14.0 13.0 12.0 11.0 10.0 9.0 8.0 7.0 6.0 5.0 4.0 3.0 2.0 1.0 0.0 1.0 2.0 3.0 4.0 5.0 6.0 
6.0 7.0 8.0 9.0 10.0 11.0 12.0 13.0 14.0 15.0 16.0 17.0 18.0 19.0 20.0 21.0 22.0 23.0 24.0 25.0 26.0 27.0 28.0 29.0 30.0 31.0 32.0 31.0 30.0 29.0 28.0 27.0 26.0 25.0 24.0 23.0 22.0 21.0 20.0 19.0 18.0 17.0 16.0 15.0 14.0 13.0 12.0 11.0 10.0 9.0 8.0 7.0 6.0 5.0 4.0 3.0 2.0 1.0 0.0 1.0 2.0 3.0 4.0 5.0 
5.0 6.0 7.0 8.0 9.0 10.0 11.0 12.0 13.0 14.0 15.0 16.0 17.0 18.0 19.0 20.0 21.0 22.0 23.0 24.0 25.0 26.0 27.0 28.0 29.0 30.0 31.0 32.0 31.0 30.0 29.0 28.0 27.0 26.0 25.0 24.0 23.0 22.0 21.0 20.0 19.0 18.0 17.0 16.0 15.0 14.0 13.0 12.0 11.0 10.0 9.0 8.0 7.0 6.0 5.0 4.0 3.0 2.0 1.0 0.0 1.0 2.0 3.0 4.0 
4.0 5.0 6.0 7.0 8.0 9.0 10.0 11.0 12.0 13.0 14.0 15.0 16.0 17.0 18.0 19.0 20.0 21.0 22.0 23.0 24.0 25.0 26.0 27.0 28.0 29.0 30.0 31.0 32.0 31.0 30.0 29.0 28.0 27.0 26.0 25.0 24.0 23.0 22.0 21.0 20.0 19.0 18.0 17.0 16.0 15.0 14.0 13.0 12.0 11.0 10.0 9.0 8.0 7.0 6.0 5.0 4.0 3.0 2.0 1.0 0.0 1.0 2.0 3.0 
3.0 4.0 5.0 6.0 7.0 8.0 9.0 10.0 11.0 12.0 13.0 14.0 15.0 16.0 17.0 18.0 19.0 20.0 21.0 22.0 23.0 24.0 25.0 26.0 27.0 28.0 29.0 30.0 31.0 32.0 31.0 30.0 29.0 28.0 27.0 26.0 25.0 24.0 23.0 22.0 21.0 20.0 19.0 18.0 17.0 16.0 15.0 14.0 13.0 12.0 11.0 10.0 9.0 8.0 7.0 6.0 5.0 4.0 3.0 2.0 1.0 0.0 1.0 2.0 
2.0 3.0 4.0 5.0 6.0 7.0 8.0 9.0 10.0 11.0 12.0 13.0 14.0 15.0 16.0 17.0 18.0 19.0 20.0 21.0 22.0 23.0 24.0 25.0 26.0 27.0 28.0 29.0 30.0 31.0 32.0 31.0 30.0 29.0 28.0 27.0 26.0 25.0 24.0 23.0 22.0 21.0 20.0 19.0 18.0 17.0 16.0 15.0 14.0 13.0 12.0 11.0 10.0 9.0 8.0 7.0 6.0 5.0 4.0 3.0 2.0 1.0 0.0 1.0 
1.0 2.0 3.0 4.0 5.0 6.0 7.0 8.0 9.0 10.0 11.0 12.0 13.0 14.0 15.0 16.0 17.0 18.0 19.0 20.0 21.0 22.0 23.0 24.0 25.0 26.0 27.0 28.0 29.0 30.0 31.0 32.0 31.0 30.0 29.0 28.0 27.0 26.0 25.0 24.0 23.0 22.0 21.0 20.0 19.0 18.0 17.0 16.0 15.0 14.0 13.0 12.0 11.0 10.0 9.0 8.0 7.0 6.0 5.0 4.0 3.0 2.0 1.0 0.0 