64
83 33 51 17 70 60 46 64 73 86 30 47 83 55 34 19 62 58 13 14 17 48 97 94 81 24 83 21 7 20 66 97 54 49 14 31 95 30 33 83 4 80 9 70 39 62 6 71 44 37 94 59 14 62 42 81 50 57 54 65 61 30 83 11 
27 89 2 17 23 84 90 60 38 85 31 86 2 5 76 100 8 10 55 38 58 96 25 62 48 22 100 50 65 32 76 33 19 99 90 19 9 9 37 77 39 63 34 58 46 52 11 29 90 58 7 24 92 95 39 47 23 61 57 77 55 63 84 95 
61 11 93 76 91 23 18 23 3 80 79 93 38 74 73 32 93 51 42 88 14 66 96 16 53 37 99 40 89 4 47 5 80 57 77 62 6 42 80 35 22 67 52 54 71 28 58 55 43 1 92 88 63 7 71 100 78 9 46 19 25 34 28 86 
73 21 15 42 82 55 68 12 11 42 39 87 77 58 70 23 74 77 24 77 11 38 88 15 7 90 56 8 99 95 2 75 1 63 15 73 5 57 54 22 99 90 28 15 86 96 71 4 61 86 33 79 97 20 58 20 34 99 82 96 46 30 39 74 
52 57 72 62 9 27 6 48 34 10 14 67 15 33 99 51 45 96 94 12 99 35 66 22 32 21 98 19 27 70 91 66 67 45 46 78 36 36 69 20 86 70 81 4 38 44 25 10 93 39 100 82 10 22 100 10 15 90 33 48 98 46 94 27 
18 36 84 85 97 75 17 71 9 35 90 88 62 89 90 20 94 51 38 70 83 74 52 1 41 80 69 41 81 80 94 47 73 44 19 18 16 18 76 46 97 88 21 51 47 53 19 24 48 77 36 84 1 86 72 78 70 46 78 12 81 81 61 35 
100 97 74 21 61 16 15 90 19 52 19 12 10 61 88 11 85 84 10 26 30 52 36 15 20 82 49 60 32 74 48 43 39 26 57 2 23 28 40 61 12 45 4 73 47 46 51 78 5 36 10 9 65 89 92 68 48 46 31 13 82 33 3 36 
2 86 10 84 28 82 12 32 66 87 47 61 25 85 19 16 38 87 84 84 62 45 49 44 85 86 40 78 40 46 35 84 80 89 73 17 32 20 73 3 48 52 12 37 51 93 63 100 2 83 91 47 40 77 74 41 76 45 8 34 52 25 32 45 
91 46 70 42 88 47 68 10 56 74 76 35 45 30 80 72 32 52 45 63 36 26 84 64 85 60 7 17 86 45 31 81 33 15 24 72 53 84 92 48 94 19 7 20 17 5 63 55 83 4 81 1 70 30 93 56 3 46 60 4 28 61 43 60 
40 68 78 40 88 39 16 41 19 74 50 92 76 87 32 52 53 71 89 27 40 28 59 83 30 33 20 74 21 15 38 39 62 33 13 13 10 43 79 16 72 47 89 85 63 94 7 77 91 49 61 94 67 24 54 19 77 11 12 49 96 5 94 64 
75 73 45 28 80 20 39 90 31 13 21 40 89 79 13 98 67 98 99 2 99 15 45 74 84 46 97 58 56 57 5 73 50 97 57 6 73 39 20 94 35 55 63 44 6 33 94 80 93 39 33 39 36 7 71 81 16 43 13 88 85 44 100 98 
85 85 10 49 41 13 86 96 55 66 74 86 61 89 1 29 95 14 77 51 6 86 66 56 71 16 89 54 86 77 25 66 46 8 36 74 15 26 36 67 65 42 48 76 51 96 1 29 73 53 58 96 11 80 71 65 91 73 74 100 32 95 70 76 
97 5 97 72 7 36 79 37 11 12 15 75 58 21 28 5 93 97 61 5 73 53 94 68 71 58 10 69 50 17 62 21 53 76 83 79 23 16 13 73 56 51 27 41 1 95 55 97 26 12 91 82 83 18 8 40 77 81 35 91 33 81 20 85 
37 94 91 52 95 11 15 41 74 94 95 41 43 77 3 90 15 92 89 53 88 25 45 63 20 58 70 39 35 85 44 29 82 7 58 16 56 6 75 9 97 9 65 4 98 61 89 37 18 46 76 37 72 35 48 59 61 23 36 22 12 52 33 37 
76 3 58 86 31 35 59 55 61 78 99 52 78 82 80 94 6 23 81 44 71 18 82 92 90 7 56 79 7 30 34 50 26 75 95 99 56 27 96 78 11 12 27 94 31 52 80 93 89 7 25 30 45 54 27 50 86 71 29 29 64 61 32 65 
28 70 97 22 48 22 58 64 40 30 68 83 38 84 20 67 63 8 41 21 70 64 49 17 67 36 30 50 55 69 32 43 45 87 28 55 73 61 64 7 50 46 56 33 86 81 17 8 8 9 12 87 9 8 1 31 51 8 62 89 88 35 97 85 
53 84 65 39 25 56 40 46 27 52 60 38 43 32 71 76 47 17 59 93 89 6 41 15 85 7 99 11 27 78 15 35 47 16 73 12 69 84 86 62 98 26 6 9 65 87 83 90 80 5 97 84 73 6 75 11 94 69 40 10 34 100 20 13 
50 21 43 74 76 56 21 75 30 48 30 97 38 88 98 15 83 58 14 68 19 2 71 84 44 11 45 33 24 81 76 22 35 48 84 40 64 45 19 73 58 17 65 64 96 53 99 82 65 67 55 48 84 28 74 37 4 47 85 90 9 92 47 19 
23 39 100 50 72 31 69 97 85 11 23 9 77 43 14 65 19 4 29 86 66 5 50 10 12 70 94 44 91 55 31 69 17 44 25 90 17 28 61 56 75 67 14 97 37 98 58 18 9 37 72 49 36 66 40 6 65 88 47 3 82 94 40 87 
51 89 83 26 94 75 34 97 68 45 17 46 28 37 84 20 11 95 96 69 75 39 62 82 20 29 83 23 61 99 50 98 25 66 51 28 44 36 81 69 14 96 64 100 52 43 87 41 64 52 100 7 52 98 95 55 79 59 57 8 39 92 10 86 
57 10 47 98 29 53 18 11 45 1 69 16 21 81 96 43 12 18 61 69 21 100 46 21 8 15 51 68 77 17 28 65 90 84 66 34 11 46 81 98 16 6 57 28 36 65 70 99 38 26 77 4 83 50 2 91 88 60 89 2 46 70 37 85 
66 63 65 42 87 3 54 43 80 33 52 8 66 66 92 55 38 58 97 37 67 67 20 36 77 54 90 91 64 56 51 27 75 90 25 2 84 6 67 7 34 62 82 74 97 7 43 67 99 48 77 55 48 75 80 26 73 69 45 82 27 85 7 69 
17 19 76 56 100 49 77 52 61 22 95 15 34 45 47 71 47 71 17 19 44 50 75 34 36 69 30 60 67 45 55 45 38 81 41 19 44 63 89 33 52 92 85 74 52 73 32 30 51 66 30 4 17 73 96 79 48 98 97 93 34 56 64 69 
53 87 92 1 72 38 18 58 92 46 93 17 53 62 15 77 71 57 47 56 91 71 37 31 33 20 95 90 82 15 68 45 73 92 47 15 100 43 72 5 60 28 46 82 20 35 2 54 12 52 68 68 53 73 33 78 84 5 66 63 85 3 26 85 
82 89 75 100 75 14 20 12 44 13 69 5 84 83 87 31 41 51 10 14 95 30 56 2 87 84 75 56 7 99 97 54 35 77 49 1 98 66 43 11 64 60 31 42 44 54 27 52 58 1 27 78 12 87 30 57 81 76 39 59 36 77 23 19 
28 3 22 58 22 65 9 37 11 41 98 82 38 45 45 43 37 72 37 90 95 51 41 20 51 94 88 4 72 2 7 14 77 20 16 96 73 27 37 48 71 80 16 82 99 61 7 60 83 4 39 20 25 76 28 76 75 75 100 30 76 46 80 59 
49 77 10 86 32 52 20 79 96 30 3 15 24 15 40 22 94 58 71 52 43 9 69 17 96 7 77 42 88 34 35 28 60 70 38 86 82 59 36 84 28 31 87 54 74 71 35 76 10 90 40 2 11 81 74 11 5 88 84 23 21 19 82 37 
38 19 74 82 58 17 2 65 92 44 63 63 71 12 37 84 19 64 29 83 4 84 97 55 52 26 16 63 38 19 67 3 39 89 62 25 12 4 24 55 91 38 24 78 23 71 22 32 74 50 89 77 25 37 31 58 53 50 54 19 79 98 94 94 
89 77 44 100 86 28 43 28 56 17 39 16 29 89 84 27 100 9 87 55 50 51 30 50 71 44 28 65 77 85 46 65 59 81 95 15 82 37 44 67 82 13 45 11 30 72 49 65 35 36 96 56 61 39 5 8 62 1 41 9 71 69 99 68 
62 87 13 89 1 19 72 6 85 4 53 9 54 13 30 10 58 99 46 13 89 88 70 37 81 53 37 66 49 87 5 85 66 39 14 75 69 82 27 95 57 58 23 94 28 21 93 89 30 71 54 42 35 65 100 6 62 2 100 19 89 94 50 74 
5 10 24 70 26 30 22 35 54 30 19 64 91 16 56 73 83 97 56 13 3 15 1 56 75 38 78 9 77 14 100 92 31 12 2 66 70 72 62 73 95 97 87 39 40 84 84 40 88 48 10 39 58 15 75 94 31 25 54 30 87 39 91 65 
30 73 24 61 67 11 12 3 31 23 73 82 17 46 70 9 84 19 64 59 32 97 21 58 2 92 63 41 75 59 37 84 4 29 22 35 1 4 25 15 85 42 52 78 86 69 74 23 36 54 38 15 2 15 22 60 68 40 94 42 84 30 78 91 
5 75 77 90 76 33 55 80 5 50 96 72 69 89 2 48 54 73 39 62 71 77 11 37 38 88 96 75 77 76 33 77 74 31 18 83 78 19 69 34 89 99 96 76 95 14 34 72 95 90 3 86 27 60 74 49 57 20 88 22 40 83 51 96 
64 66 18 81 34 82 93 55 92 18 74 66 27 97 21 16 58 56 95 23 72 91 48 53 44 27 29 14 50 95 90 4 67 82 30 18 12 52 34 13 24 54 49 40 54 88 82 64 53 61 29 1 6 3 6 37 41 71 52 25 19 95 11 12 
7 62 87 47 74 69 57 62 17 23 24 79 84 11 25 79 5 74 8 61 93 83 23 95 30 19 35 46 56 41 8 82 8 49 75 99 57 96 93 38 56 36 88 90 6 6 15 94 84 29 3 28 77 47 32 96 26 5 35 23 80 19 99 16 
40 4 13 5 6 53 29 34 86 64 94 57 69 93 85 44 99 89 5 93 26 76 28 13 7 8 31 56 3 14 100 9 79 26 74 11 44 3 23 82 58 94 83 44 66 10 84 43 29 83 14 51 23 44 17 95 49 46 24 19 27 66 31 87 
54 25 45 26 94 1 82 28 16 23 33 10 34 88 30 67 95 20 50 38 46 63 93 81 86 49 67 97 6 65 24 68 30 40 59 60 52 8 89 92 99 16 82 52 4 59 76 15 95 88 52 85 8 10 23 49 35 88 97 96 82 2 5 51 
34 4 75 96 40 67 92 91 4 13 84 13 10 49 53 44 40 86 95 82 14 5 38 84 91 56 100 7 51 52 44 35 98 29 81 20 66 61 11 90 70 46 30 5 36 50 35 79 8 83 84 63 4 85 51 41 10 95 33 67 60 35 23 68 
59 57 41 34 2 94 67 45 40 83 6 48 60 4 59 31 64 60 86 88 79 46 55 81 48 85 46 92 80 7 67 64 78 80 7 85 47 9 90 71 97 64 98 67 27 46 58 50 69 59 83 31 62 12 38 45 61 18 80 1 62 69 66 15 
15 29 13 41 44 64 36 27 38 11 28 48 43 36 34 21 37 29 41 15 18 17 29 9 62 77 42 72 12 37 54 18 41 25 30 36 96 33 50 26 4 43 92 49 20 35 25 29 69 12 74 81 89 73 49 79 55 12 94 57 44 66 39 65 
26 11 49 72 60 42 79 60 85 59 81 53 24 52 97 64 25 25 25 67 96 23 66 31 73 18 53 84 55 68 38 50 20 38 54 2 48 93 23 36 64 4 11 55 2 55 86 59 4 70 93 46 97 40 62 96 40 50 69 15 76 48 27 74 
4 59 70 99 15 36 17 79 13 49 11 23 59 38 4 32 73 8 88 50 96 25 95 17 3 75 50 39 49 61 63 59 57 75 71 41 71 8 68 58 52 62 27 90 67 24 34 72 82 64 12 53 96 28 91 42 26 3 85 82 64 22 62 48 
83 67 42 28 64 94 54 56 68 68 6 24 75 68 81 71 43 59 69 28 97 47 37 39 57 40 58 45 14 12 50 96 27 6 88 22 26 53 10 11 53 87 73 51 10 22 60 74 44 59 15 81 37 75 84 55 27 58 60 28 19 51 47 41 
1 85 30 44 58 24 76 67 35 69 99 75 28 74 32 55 55 7 98 10 93 70 48 54 91 20 1 80 10 40 11 60 47 82 6 52 89 60 97 53 72 50 33 6 70 31 79 45 63 20 76 8 71 19 77 43 9 16 33 94 64 99 94 79 
76 25 16 8 84 1 61 41 12 63 88 35 81 43 42 12 80 87 54 28 41 33 82 55 26 19 60 75 43 30 26 58 6 9 39 18 92 33 39 64 26 54 73 92 45 38 25 89 41 84 87 45 58 25 9 32 83 80 1 94 53 21 29 91 
82 12 22 34 83 79 45 73 55 76 90 91 45 38 96 65 38 39 58 41 6 79 54 2 27 74 14 9 31 8 7 9 18 86 29 38 79 62 30 85 68 97 10 32 22 86 85 29 52 90 39 99 46 92 40 44 52 73 6 73 43 61 8 29 
62 66 19 9 4 12 96 47 49 70 93 51 54 88 16 81 87 49 55 32 74 7 45 79 40 63 23 25 19 73 8 87 31 49 65 4 61 82 84 36 76 14 39 35 13 53 65 31 27 63 2 76 8 87 35 5 33 41 43 55 28 23 60 71 
8 83 31 9 1 29 92 10 76 87 73 34 25 99 14 28 86 70 51 95 70 61 26 88 34 76 53 22 10 70 11 5 42 39 15 94 90 69 10 17 44 77 46 30 81 90 46 24 57 87 95 83 59 7 34 53 90 32 18 89 90 90 5 77 
98 13 22 71 59 52 5 29 30 70 92 26 40 96 72 69 60 37 12 60 56 53 16 33 38 45 44 77 61 75 16 94 33 78 99 29 25 39 67 85 6 92 53 34 66 78 35 84 29 95 62 14 38 72 42 42 41 65 51 58 89 67 49 15 
55 12 16 76 28 81 50 53 62 2 82 28 27 27 43 23 30 88 85 72 42 86 99 41 84 13 72 89 8 28 60 12 6 22 85 80 1 29 89 62 56 14 54 55 33 73 36 13 11 23 18 72 78 16 94 44 93 89 73 73 50 34 5 47 
28 57 87 97 33 95 17 95 29 58 88 71 66 61 33 84 85 90 98 24 67 84 58 2 56 45 42 46 90 89 37 60 79 50 60 63 90 13 6 58 72 10 46 76 92 18 52 13 65 47 96 77 53 41 80 59 54 38 20 79 8 22 18 15 
100 78 37 74 44 59 74 75 99 17 89 85 15 77 99 60 68 7 89 99 33 14 25 10 21 99 65 66 26 10 82 43 87 43 58 78 94 55 58 6 44 13 97 52 49 69 77 12 87 96 78 56 5 37 32 67 71 67 56 75 5 13 56 68 
12 60 68 41 44 5 35 49 78 15 3 91 71 84 11 56 92 25 59 1 13 29 18 70 44 20 89 36 42 81 45 88 37 61 36 71 87 37 35 68 38 44 17 61 97 67 57 64 97 79 24 3 51 4 89 58 89 83 2 70 8 65 83 72 
11 17 19 66 59 20 62 61 53 98 26 7 42 49 32 37 74 98 1 97 80 58 45 49 78 85 64 56 17 99 47 70 25 38 48 61 45 39 62 34 63 61 51 78 32 35 60 1 27 71 39 31 14 4 18 70 23 82 14 76 59 60 23 68 
26 40 70 63 43 94 63 4 45 16 92 94 82 96 40 12 16 69 15 97 9 36 2 17 96 46 26 74 69 17 49 52 17 82 19 50 76 64 37 63 73 43 89 87 6 29 18 48 92 70 50 20 100 70 40 46 42 48 82 31 4 45 73 51 
75 43 81 25 87 34 4 95 10 68 50 66 34 95 82 63 13 26 73 98 69 56 1 41 74 93 29 17 80 77 39 87 97 43 84 44 63 66 60 23 63 3 28 86 68 35 9 58 22 84 7 95 73 94 48 17 26 71 57 78 56 83 62 74 
59 40 81 74 3 36 100 62 38 63 95 92 35 78 45 82 1 1 93 38 67 86 85 32 46 86 42 2 11 4 44 36 71 91 28 14 45 64 20 5 97 64 42 98 99 22 77 66 49 12 35 35 65 24 14 96 9 44 21 95 25 54 87 91 
97 19 77 97 55 18 77 82 93 94 16 89 56 23 25 66 29 47 68 17 94 100 49 72 69 48 16 24 96 73 33 68 59 29 97 80 97 75 38 92 74 27 99 60 58 69 3 33 50 71 81 56 48 20 45 71 3 59 22 94 22 6 60 33 
38 100 89 31 31 72 42 58 62 18 36 2 3 14 39 63 80 88 13 30 56 54 75 60 69 6 83 10 72 99 80 68 47 32 65 85 3 56 30 36 47 49 64 95 98 53 72 20 19 93 92 91 33 77 2 33 8 94 62 37 96 6 21 92 
18 64 4 20 50 60 15 55 1 21 40 95 61 30 37 98 36 82 70 91 14 79 74 84 64 37 24 85 18 45 76 90 43 47 49 51 96 19 96 95 6 16 15 77 19 3 28 23 38 4 82 24 84 90 16 7 87 21 31 100 28 91 22 84 
21 75 49 90 55 86 4 6 88 45 10 18 33 12 52 77 90 49 71 32 43 79 95 12 83 34 17 63 92 14 48 36 14 2 78 36 4 21 76 49 7 8 53 55 2 53 8 71 86 19 83 89 38 89 40 24 50 100 13 48 5 16 52 60 
10 46 43 42 4 97 47 29 26 71 91 25 76 19 49 31 70 21 58 21 75 42 4 81 28 28 19 31 46 84 51 56 95 36 37 15 50 20 56 97 34 64 33 94 79 20 22 73 7 85 30 64 87 33 12 64 60 11 55 91 65 28 15 77 
18 56 14 80 100 43 46 75 45 69 92 66 96 93 77 68 56 2 25 57 25 15 86 7 31 21 100 87 63 22 7 20 70 54 80 34 77 90 84 92 21 90 31 73 41 41 91 20 9 44 54 88 19 10 83 51 90 41 80 45 81 24 22 69 
35 99 96 71 16 75 7 12 47 24 43 99 1 11 74 32 52 2 31 81 78 96 12 46 16 76 35 28 98 10 37 49 61 4 92 88 23 73 92 31 53 7 62 61 83 71 93 66 34 87 56 84 44 68 91 5 15 41 88 58 49 31 4 76 
0.0 1.0 2.0 3.0 4.0 5.0 6.0 7.0 8.0 9.0 10.0 11.0 12.0 13.0 14.0 15.0 16.0 17.0 18.0 19.0 20.0 21.0 22.0 23.0 24.0 25.0 26.0 27.0 28.0 29.0 30.0 31.0 32.0 31.0 30.0 29.0 28.0 27.0 26.0 25.0 24.0 23.0 22.0 21.0 20.0 19.0 18.0 17.0 16.0 15.0 14.0 13.0 12.0 11.0 10.0 9.0 8.0 7.0 6.0 5.0 4.0 3.0 2.0 1.0 
1.0 0.0 1.0 2.0 3.0 4.0 5.0 6.0 7.0 8.0 9.0 10.0 11.0 12.0 13.0 14.0 15.0 16.0 17.0 18.0 19.0 20.0 21.0 22.0 23.0 24.0 25.0 26.0 27.0 28.0 29.0 30.0 31.0 32.0 31.0 30.0 29.0 28.0 27.0 26.0 25.0 24.0 23.0 22.0 21.0 20.0 19.0 18.0 17.0 16.0 15.0 14.0 13.0 12.0 11.0 10.0 9.0 8.0 7.0 6.0 5.0 4.0 3.0 2.0 
2.0 1.0 0.0 1.0 2.0 3.0 4.0 5.0 6.0 7.0 8.0 9.0 10.0 11.0 12.0 13.0 14.0 15.0 16.0 17.0 18.0 19.0 20.0 21.0 22.0 23.0 24.0 25.0 26.0 27.0 28.0 29.0 30.0 31.0 32.0 31.0 30.0 29.0 28.0 27.0 26.0 25.0 24.0 23.0 22.0 21.0 20.0 19.0 18.0 17.0 16.0 15.0 14.0 13.0 12.0 11.0 10.0 9.0 8.0 7.0 6.0 5.0 4.0 3.0 
3.0 2.0 1.0 0.0 1.0 2.0 3.0 4.0 5.0 6.0 7.0 8.0 9.0 10.0 11.0 12.0 13.0 14.0 15.0 16.0 17.0 18.0 19.0 20.0 21.0 22.0 23.0 24.0 25.0 26.0 27.0 28.0 29.0 30.0 31.0 32.0 31.0 30.0 29.0 28.0 27.0 26.0 25.0 24.0 23.0 22.0 21.0 20.0 19.0 18.0 17.0 16.0 15.0 14.0 13.0 12.0 11.0 10.0 9.0 8.0 7.0 6.0 5.0 4.0 
4.0 3.0 2.0 1.0 0.0 1.0 2.0 3.0 4.0 5.0 6.0 7.0 8.0 9.0 10.0 11.0 12.0 13.0 14.0 15.0 16.0 17.0 18.0 19.0 20.0 21.0 22.0 23.0 24.0 25.0 26.0 27.0 28.0 29.0 30.0 31.0 32.0 31.0 30.0 29.0 28.0 27.0 26.0 25.0 24.0 23.0 22.0 21.0 20.0 19.0 18.0 17.0 16.0 15.0 14.0 13.0 12.0 11.0 10.0 9.0 8.0 7.0 6.0 5.0 
5.0 4.0 3.0 2.0 1.0 0.0 1.0 2.0 3.0 4.0 5.0 6.0 7.0 8.0 9.0 10.0 11.0 12.0 13.0 14.0 15.0 16.0 17.0 18.0 19.0 20.0 21.0 22.0 23.0 24.0 25.0 26.0 27.0 28.0 29.0 30.0 31.0 32.0 31.0 30.0 29.0 28.0 27.0 26.0 25.0 24.0 23.0 22.0 21.0 20.0 19.0 18.0 17.0 16.0 15.0 14.0 13.0 12.0 11.0 10.0 9.0 8.0 7.0 6.0 
6.0 5.0 4.0 3.0 2.0 1.0 0.0 1.0 2.0 3.0 4.0 5.0 6.0 7.0 8.0 9.0 10.0 11.0 12.0 13.0 14.0 15.0 16.0 17.0 18.0 19.0 20.0 21.0 22.0 23.0 24.0 25.0 26.0 27.0 28.0 29.0 30.0 31.0 32.0 31.0 30.0 29.0 28.0 27.0 26.0 25.0 24.0 23.0 22.0 21.0 20.0 19.0 18.0 17.0 16.0 15.0 14.0 13.0 12.0 11.0 10.0 9.0 8.0 7.0 
7.0 6.0 5.0 4.0 3.0 2.0 1.0 0.0 1.0 2.0 3.0 4.0 5.0 6.0 7.0 8.0 9.0 10.0 11.0 12.0 13.0 14.0 15.0 16.0 17.0 18.0 19.0 20.0 21.0 22.0 23.0 24.0 25.0 26.0 27.0 28.0 29.0 30.0 31.0 32.0 31.0 30.0 29.0 28.0 27.0 26.0 25.0 24.0 23.0 22.0 21.0 20.0 19.0 18.0 17.0 16.0 15.0 14.0 13.0 12.0 11.0 10.0 9.0 8.0 
8.0 7.0 6.0 5.0 4.0 3.0 2.0 1.0 0.0 1.0 2.0 3.0 4.0 5.0 6.0 7.0 8.0 9.0 10.0 11.0 12.0 13.0 14.0 15.0 16.0 17.0 18.0 19.0 20.0 21.0 22.0 23.0 24.0 25.0 26.0 27.0 28.0 29.0 30.0 31.0 32.0 31.0 30.0 29.0 28.0 27.0 26.0 25.0 24.0 23.0 22.0 21.0 20.0 19.0 18.0 17.0 16.0 15.0 14.0 13.0 12.0 11.0 10.0 9.0 
9.0 8.0 7.0 6.0 5.0 4.0 3.0 2.0 1.0 0.0 1.0 2.0 3.0 4.0 5.0 6.0 7.0 8.0 9.0 10.0 11.0 12.0 13.0 14.0 15.0 16.0 17.0 18.0 19.0 20.0 21.0 22.0 23.0 24.0 25.0 26.0 27.0 28.0 29.0 30.0 31.0 32.0 31.0 30.0 29.0 28.0 27.0 26.0 25.0 24.0 23.0 22.0 21.0 20.0 19.0 18.0 17.0 16.0 15.0 14.0 13.0 12.0 11.0 10.0 
10.0 9.0 8.0 7.0 6.0 5.0 4.0 3.0 2.0 1.0 0.0 1.0 2.0 3.0 4.0 5.0 6.0 7.0 8.0 9.0 10.0 11.0 12.0 13.0 14.0 15.0 16.0 17.0 18.0 19.0 20.0 21.0 22.0 23.0 24.0 25.0 26.0 27.0 28.0 29.0 30.0 31.0 32.0 31.0 30.0 29.0 28.0 27.0 26.0 25.0 24.0 23.0 22.0 21.0 20.0 19.0 18.0 17.0 16.0 15.0 14.0 13.0 12.0 11.0 
11.0 10.0 9.0 8.0 7.0 6.0 5.0 4.0 3.0 2.0 1.0 0.0 1.0 2.0 3.0 4.0 5.0 6.0 7.0 8.0 9.0 10.0 11.0 12.0 13.0 14.0 15.0 16.0 17.0 18.0 19.0 20.0 21.0 22.0 23.0 24.0 25.0 26.0 27.0 28.0 29.0 30.0 31.0 32.0 31.0 30.0 29.0 28.0 27.0 26.0 25.0 24.0 23.0 22.0 21.0 20.0 19.0 18.0 17.0 16.0 15.0 14.0 13.0 12.0 
12.0 11.0 10.0 9.0 8.0 7.0 6.0 5.0 4.0 3.0 2.0 1.0 0.0 1.0 2.0 3.0 4.0 5.0 6.0 7.0 8.0 9.0 10.0 11.0 12.0 13.0 14.0 15.0 16.0 17.0 18.0 19.0 20.0 21.0 22.0 23.0 24.0 25.0 26.0 27.0 28.0 29.0 30.0 31.0 32.0 31.0 30.0 29.0 28.0 27.0 26.0 25.0 24.0 23.0 22.0 21.0 20.0 19.0 18.0 17.0 16.0 15.0 14.0 13.0 
13.0 12.0 11.0 10.0 9.0 8.0 7.0 6.0 5.0 4.0 3.0 2.0 1.0 0.0 1.0 2.0 3.0 4.0 5.0 6.0 7.0 8.0 9.0 10.0 11.0 12.0 13.0 14.0 15.0 16.0 17.0 18.0 19.0 20.0 21.0 22.0 23.0 24.0 25.0 26.0 27.0 28.0 29.0 30.0 31.0 32.0 31.0 30.0 29.0 28.0 27.0 26.0 25.0 24.0 23.0 22.0 21.0 20.0 19.0 18.0 17.0 16.0 15.0 14.0 
14.0 13.0 12.0 11.0 10.0 9.0 8.0 7.0 6.0 5.0 4.0 3.0 2.0 1.0 0.0 1.0 2.0 3.0 4.0 5.0 6.0 7.0 8.0 9.0 10.0 11.0 12.0 13.0 14.0 15.0 16.0 17.0 18.0 19.0 20.0 21.0 22.0 23.0 24.0 25.0 26.0 27.0 28.0 29.0 30.0 31.0 32.0 31.0 30.0 29.0 28.0 27.0 26.0 25.0 24.0 23.0 22.0 21.0 20.0 19.0 18.0 17.0 16.0 15.0 
15.0 14.0 13.0 12.0 11.0 10.0 9.0 8.0 7.0 6.0 5.0 4.0 3.0 2.0 1.0 0.0 1.0 2.0 3.0 4.0 5.0 6.0 7.0 8.0 9.0 10.0 11.0 12.0 13.0 14.0 15.0 16.0 17.0 18.0 19.0 20.0 21.0 22.0 23.0 24.0 25.0 26.0 27.0 28.0 29.0 30.0 31.0 32.0 31.0 30.0 29.0 28.0 27.0 26.0 25.0 24.0 23.0 22.0 21.0 20.0 19.0 18.0 17.0 16.0 
16.0 15.0 14.0 13.0 12.0 11.0 10.0 9.0 8.0 7.0 6.0 5.0 4.0 3.0 2.0 1.0 0.0 1.0 2.0 3.0 4.0 5.0 6.0 7.0 8.0 9.0 10.0 11.0 12.0 13.0 14.0 15.0 16.0 17.0 18.0 19.0 20.0 21.0 22.0 23.0 24.0 25.0 26.0 27.0 28.0 29.0 30.0 31.0 32.0 31.0 30.0 29.0 28.0 27.0 26.0 25.0 24.0 23.0 22.0 21.0 20.0 19.0 18.0 17.0 
17.0 16.0 15.0 14.0 13.0 12.0 11.0 10.0 9.0 8.0 7.0 6.0 5.0 4.0 3.0 2.0 1.0 0.0 1.0 2.0 3.0 4.0 5.0 6.0 7.0 8.0 9.0 10.0 11.0 12.0 13.0 14.0 15.0 16.0 17.0 18.0 19.0 20.0 21.0 22.0 23.0 24.0 25.0 26.0 27.0 28.0 29.0 30.0 31.0 32.0 31.0 30.0 29.0 28.0 27.0 26.0 25.0 24.0 23.0 22.0 21.0 20.0 19.0 18.0 
18.0 17.0 16.0 15.0 14.0 13.0 12.0 11.0 10.0 9.0 8.0 7.0 6.0 5.0 4.0 3.0 2.0 1.0 0.0 1.0 2.0 3.0 4.0 5.0 6.0 7.0 8.0 9.0 10.0 11.0 12.0 13.0 14.0 15.0 16.0 17.0 18.0 19.0 20.0 21.0 22.0 23.0 24.0 25.0 26.0 27.0 28.0 29.0 30.0 31.0 32.0 31.0 30.0 29.0 28.0 27.0 26.0 25.0 24.0 23.0 22.0 21.0 20.0 19.0 
19.0 18.0 17.0 16.0 15.0 14.0 13.0 12.0 11.0 10.0 9.0 8.0 7.0 6.0 5.0 4.0 3.0 2.0 1.0 0.0 1.0 2.0 3.0 4.0 5.0 6.0 7.0 8.0 9.0 10.0 11.0 12.0 13.0 14.0 15.0 16.0 17.0 18.0 19.0 20.0 21.0 22.0 23.0 24.0 25.0 26.0 27.0 28.0 29.0 30.0 31.0 32.0 31.0 30.0 29.0 28.0 27.0 26.0 25.0 24.0 23.0 22.0 21.0 20.0 
20.0 19.0 18.0 17.0 16.0 15.0 14.0 13.0 12.0 11.0 10.0 9.0 8.0 7.0 6.0 5.0 4.0 3.0 2.0 1.0 0.0 1.0 2.0 3.0 4.0 5.0 6.0 7.0 8.0 9.0 10.0 11.0 12.0 13.0 14.0 15.0 16.0 17.0 18.0 19.0 20.0 21.0 22.0 23.0 24.0 25.0 26.0 27.0 28.0 29.0 30.0 31.0 32.0 31.0 30.0 29.0 28.0 27.0 26.0 25.0 24.0 23.0 22.0 21.0 
21.0 20.0 19.0 18.0 17.0 16.0 15.0 14.0 13.0 12.0 11.0 10.0 9.0 8.0 7.0 6.0 5.0 4.0 3.0 2.0 1.0 0.0 1.0 2.0 3.0 4.0 5.0 6.0 7.0 8.0 9.0 10.0 11.0 12.0 13.0 14.0 15.0 16.0 17.0 18.0 19.0 20.0 21.0 22.0 23.0 24.0 25.0 26.0 27.0 28.0 29.0 30.0 31.0 32.0 31.0 30.0 29.0 28.0 27.0 26.0 25.0 24.0 23.0 22.0 
22.0 21.0 20.0 19.0 18.0 17.0 16.0 15.0 14.0 13.0 12.0 11.0 10.0 9.0 8.0 7.0 6.0 5.0 4.0 3.0 2.0 1.0 0.0 1.0 2.0 3.0 4.0 5.0 6.0 7.0 8.0 9.0 10.0 11.0 12.0 13.0 14.0 15.0 16.0 17.0 18.0 19.0 20.0 21.0 22.0 23.0 24.0 25.0 26.0 27.0 28.0 29.0 30.0 31.0 32.0 31.0 30.0 29.0 28.0 27.0 26.0 25.0 24.0 23.0 
23.0 22.0 21.0 20.0 19.0 18.0 17.0 16.0 15.0 14.0 13.0 12.0 11.0 10.0 9.0 8.0 7.0 6.0 5.0 4.0 3.0 2.0 1.0 0.0 1.0 2.0 3.0 4.0 5.0 6.0 7.0 8.0 9.0 10.0 11.0 12.0 13.0 14.0 15.0 16.0 17.0 18.0 19.0 20.0 21.0 22.0 23.0 24.0 25.0 26.0 27.0 28.0 29.0 30.0 31.0 32.0 31.0 30.0 29.0 28.0 27.0 26.0 25.0 24.0 
24.0 23.0 22.0 21.0 20.0 19.0 18.0 17.0 16.0 15.0 14.0 13.0 12.0 11.0 10.0 9.0 8.0 7.0 6.0 5.0 4.0 3.0 2.0 1.0 0.0 1.0 2.0 3.0 4.0 5.0 6.0 7.0 8.0 9.0 10.0 11.0 12.0 13.0 14.0 15.0 16.0 17.0 18.0 19.0 20.0 21.0 22.0 23.0 24.0 25.0 26.0 27.0 28.0 29.0 30.0 31.0 32.0 31.0 30.0 29.0 28.0 27.0 26.0 25.0 
25.0 24.0 23.0 22.0 21.0 20.0 19.0 18.0 17.0 16.0 15.0 14.0 13.0 12.0 11.0 10.0 9.0 8.0 7.0 6.0 5.0 4.0 3.0 2.0 1.0 0.0 1.0 2.0 3.0 4.0 5.0 6.0 7.0 8.0 9.0 10.0 11.0 12.0 13.0 14.0 15.0 16.0 17.0 18.0 19.0 20.0 21.0 22.0 23.0 24.0 25.0 26.0 27.0 28.0 29.0 30.0 31.0 32.0 31.0 30.0 29.0 28.0 27.0 26.0 
26.0 25.0 24.0 23.0 22.0 21.0 20.0 19.0 18.0 17.0 16.0 15.0 14.0 13.0 12.0 11.0 10.0 9.0 8.0 7.0 6.0 5.0 4.0 3.0 2.0 1.0 0.0 1.0 2.0 3.0 4.0 5.0 6.0 7.0 8.0 9.0 10.0 11.0 12.0 13.0 14.0 15.0 16.0 17.0 18.0 19.0 20.0 21.0 22.0 23.0 24.0 25.0 26.0 27.0 28.0 29.0 30.0 31.0 32.0 31.0 30.0 29.0 28.0 27.0 
27.0 26.0 25.0 24.0 23.0 22.0 21.0 20.0 19.0 18.0 17.0 16.0 15.0 14.0 13.0 12.0 11.0 10.0 9.0 8.0 7.0 6.0 5.0 4.0 3.0 2.0 1.0 0.0 1.0 2.0 3.0 4.0 5.0 6.0 7.0 8.0 9.0 10.0 11.0 12.0 13.0 14.0 15.0 16.0 17.0 18.0 19.0 20.0 21.0 22.0 23.0 24.0 25.0 26.0 27.0 28.0 29.0 30.0 31.0 32.0 31.0 30.0 29.0 28.0 
28.0 27.0 26.0 25.0 24.0 23.0 22.0 21.0 20.0 19.0 18.0 17.0 16.0 15.0 14.0 13.0 12.0 11.0 10.0 9.0 8.0 7.0 6.0 5.0 4.0 3.0 2.0 1.0 0.0 1.0 2.0 3.0 4.0 5.0 6.0 7.0 8.0 9.0 10.0 11.0 12.0 13.0 14.0 15.0 16.0 17.0 18.0 19.0 20.0 21.0 22.0 23.0 24.0 25.0 26.0 27.0 28.0 29.0 30.0 31.0 32.0 31.0 30.0 29.0 
29.0 28.0 27.0 26.0 25.0 24.0 23.0 22.0 21.0 20.0 19.0 18.0 17.0 16.0 15.0 14.0 13.0 12.0 11.0 10.0 9.0 8.0 7.0 6.0 5.0 4.0 3.0 2.0 1.0 0.0 1.0 2.0 3.0 4.0 5.0 6.0 7.0 8.0 9.0 10.0 11.0 12.0 13.0 14.0 15.0 16.0 17.0 18.0 19.0 20.0 21.0 22.0 23.0 24.0 25.0 26.0 27.0 28.0 29.0 30.0 31.0 32.0 31.0 30.0 
30.0 29.0 28.0 27.0 26.0 25.0 24.0 23.0 22.0 21.0 20.0 19.0 18.0 17.0 16.0 15.0 14.0 13.0 12.0 11.0 10.0 9.0 8.0 7.0 6.0 5.0 4.0 3.0 2.0 1.0 0.0 1.0 2.0 3.0 4.0 5.0 6.0 7.0 8.0 9.0 10.0 11.0 12.0 13.0 14.0 15.0 16.0 17.0 18.0 19.0 20.0 21.0 22.0 23.0 24.0 25.0 26.0 27.0 28.0 29.0 30.0 31.0 32.0 31.0 
31.0 30.0 29.0 28.0 27.0 26.0 25.0 24.0 23.0 22.0 21.0 20.0 19.0 18.0 17.0 16.0 15.0 14.0 13.0 12.0 11.0 10.0 9.0 8.0 7.0 6.0 5.0 4.0 3.0 2.0 1.0 0.0 1.0 2.0 3.0 4.0 5.0 6.0 7.0 8.0 9.0 10.0 11.0 12.0 13.0 14.0 15.0 16.0 17.0 18.0 19.0 20.0 21.0 22.0 23.0 24.0 25.0 26.0 27.0 28.0 29.0 30.0 31.0 32.0 
32.0 31.0 30.0 29.0 28.0 27.0 26.0 25.0 24.0 23.0 22.0 21.0 20.0 19.0 18.0 17.0 16.0 15.0 14.0 13.0 12.0 11.0 10.0 9.0 8.0 7.0 6.0 5.0 4.0 3.0 2.0 1.0 0.0 1.0 2.0 3.0 4.0 5.0 6.0 7.0 8.0 9.0 10.0 11.0 12.0 13.0 14.0 15.0 16.0 17.0 18.0 19.0 20.0 21.0 22.0 23.0 24.0 25.0 26.0 27.0 28.0 29.0 30.0 31.0 
31.0 32.0 31.0 30.0 29.0 28.0 27.0 26.0 25.0 24.0 23.0 22.0 21.0 20.0 19.0 18.0 17.0 16.0 15.0 14.0 13.0 12.0 11.0 10.0 9.0 8.0 7.0 6.0 5.0 4.0 3.0 2.0 1.0 0.0 1.0 2.0 3.0 4.0 5.0 6.0 7.0 8.0 9.0 10.0 11.0 12.0 13.0 14.0 15.0 16.0 17.0 18.0 19.0 20.0 21.0 22.0 23.0 24.0 25.0 26.0 27.0 28.0 29.0 30.0 
30.0 31.0 32.0 31.0 30.0 29.0 28.0 27.0 26.0 25.0 24.0 23.0 22.0 21.0 20.0 19.0 18.0 17.0 16.0 15.0 14.0 13.0 12.0 11.0 10.0 9.0 8.0 7.0 6.0 5.0 4.0 3.0 2.0 1.0 0.0 1.0 2.0 3.0 4.0 5.0 6.0 7.0 8.0 9.0 10.0 11.0 12.0 13.0 14.0 15.0 16.0 17.0 18.0 19.0 20.0 21.0 22.0 23.0 24.0 25.0 26.0 27.0 28.0 29.0 
29.0 30.0 31.0 32.0 31.0 30.0 29.0 28.0 27.0 26.0 25.0 24.0 23.0 22.0 21.0 20.0 19.0 18.0 17.0 16.0 15.0 14.0 13.0 12.0 11.0 10.0 9.0 8.0 7.0 6.0 5.0 4.0 3.0 2.0 1.0 0.0 1.0 2.0 3.0 4.0 5.0 6.0 7.0 8.0 9.0 10.0 11.0 12.0 13.0 14.0 15.0 16.0 17.0 18.0 19.0 20.0 21.0 22.0 23.0 24.0 25.0 26.0 27.0 28.0 
28.0 29.0 30.0 31.0 32.0 31.0 30.0 29.0 28.0 27.0 26.0 25.0 24.0 23.0 22.0 21.0 20.0 19.0 18.0 17.0 16.0 15.0 14.0 13.0 12.0 11.0 10.0 9.0 8.0 7.0 6.0 5.0 4.0 3.0 2.0 1.0 0.0 1.0 2.0 3.0 4.0 5.0 6.0 7.0 8.0 9.0 10.0 11.0 12.0 13.0 14.0 15.0 16.0 17.0 18.0 19.0 20.0 21.0 22.0 23.0 24.0 25.0 26.0 27.0 
27.0 28.0 29.0 30.0 31.0 32.0 31.0 30.0 29.0 28.0 27.0 26.0 25.0 24.0 23.0 22.0 21.0 20.0 19.0 18.0 17.0 16.0 15.0 14.0 13.0 12.0 11.0 10.0 9.0 8.0 7.0 6.0 5.0 4.0 3.0 2.0 1.0 0.0 1.0 2.0 3.0 4.0 5.0 6.0 7.0 8.0 9.0 10.0 11.0 12.0 13.0 14.0 15.0 16.0 17.0 18.0 19.0 20.0 21.0 22.0 23.0 24.0 25.0 26.0 
26.0 27.0 28.0 29.0 30.0 31.0 32.0 31.0 30.0 29.0 28.0 27.0 26.0 25.0 24.0 23.0 22.0 21.0 20.0 19.0 18.0 17.0 16.0 15.0 14.0 13.0 12.0 11.0 10.0 9.0 8.0 7.0 6.0 5.0 4.0 3.0 2.0 1.0 0.0 1.0 2.0 3.0 4.0 5.0 6.0 7.0 8.0 9.0 10.0 11.0 12.0 13.0 14.0 15.0 16.0 17.0 18.0 19.0 20.0 21.0 22.0 23.0 24.0 25.0 
25.0 26.0 27.0 28.0 29.0 30.0 31.0 32.0 31.0 30.0 29.0 28.0 27.0 26.0 25.0 24.0 23.0 22.0 21.0 20.0 19.0 18.0 17.0 16.0 15.0 14.0 13.0 12.0 11.0 10.0 9.0 8.0 7.0 6.0 5.0 4.0 3.0 2.0 1.0 0.0 1.0 2.0 3.0 4.0 5.0 6.0 7.0 8.0 9.0 10.0 11.0 12.0 13.0 14.0 15.0 16.0 17.0 18.0 19.0 20.0 21.0 22.0 23.0 24.0 
24.0 25.0 26.0 27.0 28.0 29.0 30.0 31.0 32.0 31.0 30.0 29.0 28.0 27.0 26.0 25.0 24.0 23.0 22.0 21.0 20.0 19.0 18.0 17.0 16.0 15.0 14.0 13.0 12.0 11.0 10.0 9.0 8.0 7.0 6.0 5.0 4.0 3.0 2.0 1.0 0.0 1.0 2.0 3.0 4.0 5.0 6.0 7.0 8.0 9.0 10.0 11.0 12.0 13.0 14.0 15.0 16.0 17.0 18.0 19.0 20.0 21.0 22.0 23.0 
23.0 24.0 25.0 26.0 27.0 28.0 29.0 30.0 31.0 32.0 31.0 30.0 29.0 28.0 27.0 26.0 25.0 24.0 23.0 22.0 21.0 20.0 19.0 18.0 17.0 16.0 15.0 14.0 13.0 12.0 11.0 10.0 9.0 8.0 7.0 6.0 5.0 4.0 3.0 2.0 1.0 0.0 1.0 2.0 3.0 4.0 5.0 6.0 7.0 8.0 9.0 10.0 11.0 12.0 13.0 14.0 15.0 16.0 17.0 18.0 19.0 20.0 21.0 22.0 
22.0 23.0 24.0 25.0 26.0 27.0 28.0 29.0 30.0 31.0 32.0 31.0 30.0 29.0 28.0 27.0 26.0 25.0 24.0 23.0 22.0 21.0 20.0 19.0 18.0 17.0 16.0 15.0 14.0 13.0 12.0 11.0 10.0 9.0 8.0 7.0 6.0 5.0 4.0 3.0 2.0 1.0 0.0 1.0 2.0 3.0 4.0 5.0 6.0 7.0 8.0 9.0 10.0 11.0 12.0 13.0 14.0 15.0 16.0 17.0 18.0 19.0 20.0 21.0 
21.0 22.0 23.0 24.0 25.0 26.0 27.0 28.0 29.0 30.0 31.0 32.0 31.0 30.0 29.0 28.0 27.0 26.0 25.0 24.0 23.0 22.0 21.0 20.0 19.0 18.0 17.0 16.0 15.0 14.0 13.0 12.0 11.0 10.0 9.0 8.0 7.0 6.0 5.0 4.0 3.0 2.0 1.0 0.0 1.0 2.0 3.0 4.0 5.0 6.0 7.0 8.0 9.0 10.0 11.0 12.0 13.0 14.0 15.0 16.0 17.0 18.0 19.0 20.0 
20.0 21.0 22.0 23.0 24.0 25.0 26.0 27.0 28.0 29.0 30.0 31.0 32.0 31.0 30.0 29.0 28.0 27.0 26.0 25.0 24.0 23.0 22.0 21.0 20.0 19.0 18.0 17.0 16.0 15.0 14.0 13.0 12.0 11.0 10.0 9.0 8.0 7.0 6.0 5.0 4.0 3.0 2.0 1.0 0.0 1.0 2.0 3.0 4.0 5.0 6.0 7.0 8.0 9.0 10.0 11.0 12.0 13.0 14.0 15.0 16.0 17.0 18.0 19.0 
19.0 20.0 21.0 22.0 23.0 24.0 25.0 26.0 27.0 28.0 29.0 30.0 31.0 32.0 31.0 30.0 29.0 28.0 27.0 26.0 25.0 24.0 23.0 22.0 21.0 20.0 19.0 18.0 17.0 16.0 15.0 14.0 13.0 12.0 11.0 10.0 9.0 8.0 7.0 6.0 5.0 4.0 3.0 2.0 1.0 0.0 1.0 2.0 3.0 4.0 5.0 6.0 7.0 8.0 9.0 10.0 11.0 12.0 13.0 14.0 15.0 16.0 17.0 18.0 
18.0 19.0 20.0 21.0 22.0 23.0 24.0 25.0 26.0 27.0 28.0 29.0 30.0 31.0 32.0 31.0 30.0 29.0 28.0 27.0 26.0 25.0 24.0 23.0 22.0 21.0 20.0 19.0 18.0 17.0 16.0 15.0 14.0 13.0 12.0 11.0 10.0 9.0 8.0 7.0 6.0 5.0 4.0 3.0 2.0 1.0 0.0 1.0 2.0 3.0 4.0 5.0 6.0 7.0 8.0 9.0 10.0 11.0 12.0 13.0 14.0 15.0 16.0 17.0 
17.0 18.0 19.0 20.0 21.0 22.0 23.0 24.0 25.0 26.0 27.0 28.0 29.0 30.0 31.0 32.0 31.0 30.0 29.0 28.0 27.0 26.0 25.0 24.0 23.0 22.0 21.0 20.0 19.0 18.0 17.0 16.0 15.0 14.0 13.0 12.0 11.0 10.0 9.0 8.0 7.0 6.0 5.0 4.0 3.0 2.0 1.0 0.0 1.0 2.0 3.0 4.0 5.0 6.0 7.0 8.0 9.0 10.0 11.0 12.0 13.0 14.0 15.0 16.0 
16.0 17.0 18.0 19.0 20.0 21.0 22.0 23.0 24.0 25.0 26.0 27.0 28.0 29.0 30.0 31.0 32.0 31.0 30.0 29.0 28.0 27.0 26.0 25.0 24.0 23.0 22.0 21.0 20.0 19.0 18.0 17.0 16.0 15.0 14.0 13.0 12.0 11.0 10.0 9.0 8.0 7.0 6.0 5.0 4.0 3.0 2.0 1.0 0.0 1.0 2.0 3.0 4.0 5.0 6.0 7.0 8.0 9.0 10.0 11.0 12.0 13.0 14.0 15.0 
15.0 16.0 17.0 18.0 19.0 20.0 21.0 22.0 23.0 24.0 25.0 26.0 27.0 28.0 29.0 30.0 31.0 32.0 31.0 30.0 29.0 28.0 27.0 26.0 25.0 24.0 23.0 22.0 21.0 20.0 19.0 18.0 17.0 16.0 15.0 14.0 13.0 12.0 11.0 10.0 9.0 8.0 7.0 6.0 5.0 4.0 3.0 2.0 1.0 0.0 1.0 2.0 3.0 4.0 5.0 6.0 7.0 8.0 9.0 10.0 11.0 12.0 13.0 14.0 
14.0 15.0 16.0 17.0 18.0 19.0 20.0 21.0 22.0 23.0 24.0 25.0 26.0 27.0 28.0 29.0 30.0 31.0 32.0 31.0 30.0 29.0 28.0 27.0 26.0 25.0 24.0 23.0 22.0 21.0 20.0 19.0 18.0 17.0 16.0 15.0 14.0 13.0 12.0 11.0 10.0 9.0 8.0 7.0 6.0 5.0 4.0 3.0 2.0 1.0 0.0 1.0 2.0 3.0 4.0 5.0 6.0 7.0 8.0 9.0 10.0 11.0 12.0 13.0 
13.0 14.0 15.0 16.0 17.0 18.0 19.0 20.0 21.0 22.0 23.0 24.0 25.0 26.0 27.0 28.0 29.0 30.0 31.0 32.0 31.0 30.0 29.0 28.0 27.0 26.0 25.0 24.0 23.0 22.0 21.0 20.0 19.0 18.0 17.0 16.0 15.0 14.0 13.0 12.0 11.0 10.0 9.0 8.0 7.0 6.0 5.0 4.0 3.0 2.0 1.0 0.0 1.0 2.0 3.0 4.0 5.0 6.0 7.0 8.0 9.0 10.0 11.0 12.0 
12.0 13.0 14.0 15.0 16.0 17.0 18.0 19.0 20.0 21.0 22.0 23.0 24.0 25.0 26.0 27.0 28.0 29.0 30.0 31.0 32.0 31.0 30.0 29.0 28.0 27.0 26.0 25.0 24.0 23.0 22.0 21.0 20.0 19.0 18.0 17.0 16.0 15.0 14.0 13.0 12.0 11.0 10.0 9.0 8.0 7.0 6.0 5.0 4.0 3.0 2.0 1.0 0.0 1.0 2.0 3.0 4.0 5.0 6.0 7.0 8.0 9.0 10.0 11.0 
11.0 12.0 13.0 14.0 15.0 16.0 17.0 18.0 19.0 20.0 21.0 22.0 23.0 24.0 25.0 26.0 27.0 28.0 29.0 30.0 31.0 32.0 31.0 30.0 29.0 28.0 27.0 26.0 25.0 24.0 23.0 22.0 21.0 20.0 19.0 18.0 17.0 16.0 15.0 14.0 13.0 12.0 11.0 10.0 9.0 8.0 7.0 6.0 5.0 4.0 3.0 2.0 1.0 0.0 1.0 2.0 3.0 4.0 5.0 6.0 7.0 8.0 9.0 10.0 
10.0 11.0 12.0 13.0 14.0 15.0 16.0 17.0 18.0 19.0 20.0 21.0 22.0 23.0 24.0 25.0 26.0 27.0 28.0 29.0 30.0 31.0 32.0 31.0 30.0 29.0 28.0 27.0 26.0 25.0 24.0 23.0 22.0 21.0 20.0 19.0 18.0 17.0 16.0 15.0 14.0 13.0 12.0 11.0 10.0 9.0 8.0 7.0 6.0 5.0 4.0 3.0 2.0 1.0 0.0 1.0 2.0 3.0 4.0 5.0 6.0 7.0 8.0 9.0 
9.0 10.0 11.0 12.0 13.0 14.0 15.0 16.0 17.0 18.0 19.0 20.0 21.0 22.0 23.0 24.0 25.0 26.0 27.0 28.0 29.0 30.0 31.0 32.0 31.0 30.0 29.0 28.0 27.0 26.0 25.0 24.0 23.0 22.0 21.0 20.0 19.0 18.0 17.0 16.0 15.0 14.0 13.0 12.0 11.0 10.0 9.0 8.0 7.0 6.0 5.0 4.0 3.0 2.0 1.0 0.0 1.0 2.0 3.0 4.0 5.0 6.0 7.0 8.0 
8.0 9.0 10.0 11.0 12.0 13.0 14.0 15.0 16.0 17.0 18.0 19.0 20.0 21.0 22.0 23.0 24.0 25.0 26.0 27.0 28.0 29.0 30.0 31.0 32.0 31.0 30.0 29.0 28.0 27.0 26.0 25.0 24.0 23.0 22.0 21.0 20.0 19.0 18.0 17.0 16.0 15.0 14.0 13.0 12.0 11.0 10.0 9.0 8.0 7.0 6.0 5.0 4.0 3.0 2.0 1.0 0.0 1.0 2.0 3.0 4.0 5.0 6.0 7.0 
7.0 8.0 9.0 10.0 11.0 12.0 13.0 14.0 15.0 16.0 17.0 18.0 19.0 20.0 21.0 22.0 23.0 24.0 25.0 26.0 27.0 28.0 29.0 30.0 31.0 32.0 31.0 30.0 29.0 28.0 27.0 26.0 25.0 24.0 23.0 22.0 21.0 20.0 19.0 18.0 17.0 16.0 15.0 14.0 13.0 12.0 11.0 10.0 9.0 8.0 7.0 6.0 5.0 4.0 3.0 2.0 1.0 0.0 1.0 2.0 3.0 4.0 5.0 6.0 
6.0 7.0 8.0 9.0 10.0 11.0 12.0 13.0 14.0 15.0 16.0 17.0 18.0 19.0 20.0 21.0 22.0 23.0 24.0 25.0 26.0 27.0 28.0 29.0 30.0 31.0 32.0 31.0 30.0 29.0 28.0 27.0 26.0 25.0 24.0 23.0 22.0 21.0 20.0 19.0 18.0 17.0 16.0 15.0 14.0 13.0 12.0 11.0 10.0 9.0 8.0 7.0 6.0 5.0 4.0 3.0 2.0 1.0 0.0 1.0 2.0 3.0 4.0 5.0 
5.0 6.0 7.0 8.0 9.0 10.0 11.0 12.0 13.0 14.0 15.0 16.0 17.0 18.0 19.0 20.0 21.0 22.0 23.0 24.0 25.0 26.0 27.0 28.0 29.0 30.0 31.0 32.0 31.0 30.0 29.0 28.0 27.0 26.0 25.0 24.0 23.0 22.0 21.0 20.0 19.0 18.0 17.0 16.0 15.0 14.0 13.0 12.0 11.0 10.0 9.0 8.0 7.0 6.0 5.0 4.0 3.0 2.0 1.0 0.0 1.0 2.0 3.0 4.0 
4.0 5.0 6.0 7.0 8.0 9.0 10.0 11.0 12.0 13.0 14.0 15.0 16.0 17.0 18.0 19.0 20.0 21.0 22.0 23.0 24.0 25.0 26.0 27.0 28.0 29.0 30.0 31.0 32.0 31.0 30.0 29.0 28.0 27.0 26.0 25.0 24.0 23.0 22.0 21.0 20.0 19.0 18.0 17.0 16.0 15.0 14.0 13.0 12.0 11.0 10.0 9.0 8.0 7.0 6.0 5.0 4.0 3.0 2.0 1.0 0.0 1.0 2.0 3.0 
3.0 4.0 5.0 6.0 7.0 8.0 9.0 10.0 11.0 12.0 13.0 14.0 15.0 16.0 17.0 18.0 19.0 20.0 21.0 22.0 23.0 24.0 25.0 26.0 27.0 28.0 29.0 30.0 31.0 32.0 31.0 30.0 29.0 28.0 27.0 26.0 25.0 24.0 23.0 22.0 21.0 20.0 19.0 18.0 17.0 16.0 15.0 14.0 13.0 12.0 11.0 10.0 9.0 8.0 7.0 6.0 5.0 4.0 3.0 2.0 1.0 0.0 1.0 2.0 
2.0 3.0 4.0 5.0 6.0 7.0 8.0 9.0 10.0 11.0 12.0 13.0 14.0 15.0 16.0 17.0 18.0 19.0 20.0 21.0 22.0 23.0 24.0 25.0 26.0 27.0 28.0 29.0 30.0 31.0 32.0 31.0 30.0 29.0 28.0 27.0 26.0 25.0 24.0 23.0 22.0 21.0 20.0 19.0 18.0 17.0 16.0 15.0 14.0 13.0 12.0 11.0 10.0 9.0 8.0 7.0 6.0 5.0 4.0 3.0 2.0 1.0 0.0 1.0 
1.0 2.0 3.0 4.0 5.0 6.0 7.0 8.0 9.0 10.0 11.0 12.0 13.0 14.0 15.0 16.0 17.0 18.0 19.0 20.0 21.0 22.0 23.0 24.0 25.0 26.0 27.0 28.0 29.0 30.0 31.0 32.0 31.0 30.0 29.0 28.0 27.0 26.0 25.0 24.0 23.0 22.0 21.0 20.0 19.0 18.0 17.0 16.0 15.0 14.0 13.0 12.0 11.0 10.0 9.0 8.0 7.0 6.0 5.0 4.0 3.0 2.0 1.0 0.0 