64
62 24 52 41 4 14 61 11 57 17 43 48 43 3 42 77 28 43 38 63 68 56 56 59 60 19 35 89 65 57 22 85 70 75 86 80 92 27 25 78 21 21 14 12 97 34 88 93 15 67 81 14 98 54 29 10 48 29 89 84 14 20 92 81 
87 86 40 37 8 33 55 8 19 19 46 88 34 47 72 21 44 8 34 32 55 97 100 21 62 41 36 50 70 51 61 90 78 59 16 18 40 89 98 77 44 84 82 74 100 3 46 68 3 58 10 89 24 80 75 86 23 9 27 24 73 25 46 59 
55 44 28 95 74 4 53 78 95 71 92 67 71 54 23 95 39 94 29 91 28 80 77 68 2 56 28 57 22 65 38 96 60 100 88 19 57 72 48 62 94 93 42 50 73 46 36 72 49 96 60 64 45 24 85 76 3 44 65 42 29 87 78 6 
89 59 47 54 25 35 10 18 89 46 11 35 42 27 8 71 6 5 3 75 7 95 69 4 86 78 29 61 4 23 21 38 50 59 71 47 21 58 68 73 26 67 64 36 78 70 43 58 87 78 64 60 11 69 27 18 52 42 51 75 10 97 90 54 
61 33 13 35 71 38 9 23 43 15 44 48 22 97 35 55 9 61 83 28 98 60 77 27 99 46 78 100 38 87 11 56 2 92 39 90 37 88 53 11 36 58 78 86 89 100 29 3 84 5 37 90 16 74 50 9 38 73 19 40 74 95 1 53 
1 27 27 83 93 47 99 98 80 52 28 13 17 86 31 20 76 27 71 98 35 78 13 58 40 37 47 9 95 58 33 53 99 49 39 62 23 97 20 77 17 40 48 42 74 58 90 33 82 100 60 37 43 43 2 43 32 18 66 25 43 13 49 16 
11 61 40 1 21 29 75 48 81 37 39 88 74 66 29 36 100 33 80 4 91 93 68 61 70 50 63 57 29 39 28 33 71 44 62 7 23 56 72 91 28 16 57 42 27 18 65 26 28 92 21 98 37 26 53 34 44 51 1 54 73 88 32 52 
76 50 36 31 46 91 17 82 40 95 1 93 6 97 61 16 71 62 7 86 91 54 10 72 33 27 96 100 73 26 61 97 18 63 5 15 20 82 44 95 65 16 99 2 61 4 63 84 99 95 56 26 40 100 81 74 89 33 73 70 67 99 95 26 
13 94 46 63 16 24 69 98 76 93 37 83 77 12 82 91 32 75 96 52 46 76 5 35 20 14 3 68 3 34 76 55 98 11 64 71 13 77 35 25 11 36 53 39 52 100 13 79 54 21 82 49 48 3 58 10 13 54 20 54 22 48 10 25 
33 15 67 39 31 38 1 6 5 36 74 72 77 59 46 32 79 9 66 53 3 88 65 44 8 39 75 5 80 11 62 62 32 54 44 48 54 32 88 69 72 86 86 51 98 55 17 5 25 77 11 20 83 7 26 97 21 59 59 93 29 73 47 40 
44 24 62 86 65 79 11 4 29 64 12 54 74 13 36 47 78 28 28 93 30 51 33 8 53 100 53 30 49 53 16 88 5 69 30 89 86 35 1 97 56 63 17 32 46 26 85 39 96 98 24 94 89 45 15 37 1 97 42 89 8 99 84 35 
92 57 79 73 57 16 52 20 21 78 14 36 3 21 39 99 77 88 24 45 25 34 8 1 29 61 49 31 73 91 15 53 44 74 44 20 65 45 36 38 80 2 44 9 49 33 72 89 41 88 41 65 69 82 4 5 32 2 6 54 58 99 47 61 
35 41 43 41 94 84 8 46 1 73 29 86 40 37 96 42 10 49 78 40 64 96 42 44 72 83 68 36 66 54 100 7 23 24 79 47 98 7 60 91 87 12 5 38 30 12 60 70 56 12 90 47 24 46 56 7 1 99 98 95 20 1 95 30 
7 40 4 69 27 9 89 29 12 62 7 71 39 57 80 61 13 26 70 73 39 73 39 57 91 48 98 44 79 12 68 82 95 13 89 40 26 34 17 7 21 3 5 3 33 99 78 97 28 12 80 39 20 23 30 82 14 32 95 7 86 29 88 45 
23 40 62 34 14 7 42 45 98 71 83 42 65 75 13 23 88 25 42 46 23 20 18 62 81 73 43 69 3 48 40 19 6 15 95 3 30 100 12 91 85 22 4 18 66 68 90 76 36 32 91 17 43 94 23 12 50 78 19 4 23 73 66 75 
79 92 88 64 25 18 11 99 64 4 81 22 93 15 70 74 2 69 68 6 50 94 98 69 48 49 85 89 71 47 34 16 41 77 79 5 51 35 38 6 45 83 87 61 84 92 78 88 94 53 41 74 41 12 17 78 65 72 82 80 4 40 20 98 
60 32 42 20 81 84 20 16 24 69 52 39 68 5 67 76 34 64 8 96 81 82 83 66 48 25 41 39 46 30 80 64 23 94 99 8 24 84 2 34 30 45 8 17 59 64 92 2 57 56 71 96 98 42 91 34 9 41 60 72 74 40 51 46 
75 66 26 45 76 81 41 90 100 55 11 30 12 2 57 73 8 11 47 4 85 69 29 81 49 28 37 10 43 97 33 4 46 25 63 97 6 11 24 85 51 2 64 44 100 64 1 63 23 54 100 54 16 39 49 9 22 9 66 21 23 35 17 69 
67 32 13 95 38 68 88 73 22 40 20 61 58 67 87 48 40 77 75 90 100 29 19 7 6 54 53 93 61 14 22 54 57 39 57 72 85 66 97 69 70 17 41 12 99 9 70 12 71 32 15 33 66 88 45 2 17 5 100 94 77 94 74 91 
57 86 18 32 32 11 45 50 7 29 38 83 55 19 26 86 54 90 61 20 99 72 74 20 58 37 56 23 40 87 36 90 21 19 73 73 82 24 21 15 41 13 58 43 7 77 49 94 100 25 19 83 28 86 53 35 14 54 94 28 57 17 75 53 
72 10 57 6 70 19 91 39 35 2 94 45 24 100 31 74 97 82 9 48 54 86 59 43 18 27 17 91 13 88 66 85 1 33 3 89 61 5 24 96 95 71 27 67 92 47 100 55 36 17 4 72 44 50 11 39 68 30 73 66 94 10 99 27 
16 35 80 46 76 50 17 32 56 77 90 15 19 80 80 6 45 3 95 61 40 35 79 49 90 15 11 68 31 52 48 19 7 62 6 64 28 90 87 58 35 91 75 73 51 97 23 8 86 10 65 1 82 65 64 6 92 7 25 30 2 95 16 54 
99 76 23 70 56 18 56 46 86 94 58 76 96 8 61 22 92 2 76 76 47 15 72 17 65 1 87 86 10 40 32 21 61 45 9 4 99 6 52 2 65 82 63 96 48 5 41 68 32 61 70 17 25 79 46 21 3 12 62 71 14 97 17 100 
33 51 69 56 53 17 74 86 94 79 47 60 92 88 52 14 1 79 56 82 60 40 87 45 13 13 20 72 78 8 99 40 99 50 88 5 75 51 51 16 40 28 94 40 35 77 70 86 12 17 55 98 64 76 36 2 52 94 26 10 49 33 1 35 
47 91 68 79 43 38 64 4 3 34 98 29 12 40 92 23 53 21 21 40 67 39 74 46 16 21 38 87 45 5 80 4 61 34 57 4 93 12 97 21 82 87 11 71 93 42 35 85 33 65 57 86 18 71 42 16 2 43 48 20 92 81 69 72 
22 59 57 35 54 24 80 36 9 11 48 29 88 68 44 9 44 59 4 97 83 65 68 95 66 40 19 95 96 62 35 66 97 4 15 94 89 42 23 18 4 22 52 54 18 19 97 50 88 29 77 55 58 24 60 43 10 56 90 49 45 24 23 20 
9 89 97 17 12 48 11 17 78 43 67 15 84 96 80 49 8 16 2 66 63 45 58 30 83 96 73 89 17 8 69 15 49 24 20 44 38 50 25 31 81 18 64 82 32 80 77 58 74 37 26 95 57 67 22 11 57 1 43 70 81 58 31 2 
32 7 18 44 53 79 39 51 71 62 50 85 48 44 66 43 98 94 46 81 1 47 9 10 52 25 96 96 73 78 96 87 100 34 3 53 61 24 96 10 38 69 52 99 57 87 71 44 75 59 64 9 93 1 22 15 35 80 24 49 16 78 12 42 
99 94 6 55 19 67 64 1 42 98 55 9 59 7 31 82 4 78 18 48 5 63 23 71 67 17 50 26 40 54 16 39 83 43 49 67 29 100 20 8 35 64 53 28 32 59 68 26 80 47 29 75 54 82 74 37 31 61 91 95 60 6 36 77 
15 78 76 75 53 16 98 20 47 46 70 14 59 96 87 96 74 15 32 65 63 75 100 98 86 49 3 18 23 22 8 81 50 57 93 59 31 49 95 27 14 58 68 33 52 73 78 23 10 25 64 50 92 32 36 9 76 86 57 78 48 46 61 77 
87 68 43 29 68 53 24 76 43 27 20 8 49 14 27 95 72 41 70 10 56 3 79 38 17 28 53 55 66 87 18 9 46 63 37 27 54 95 9 75 75 60 54 17 85 67 32 94 47 29 5 87 53 46 10 75 27 51 87 46 43 81 6 41 
33 18 82 17 48 92 89 62 62 51 80 23 29 88 84 30 47 99 17 66 36 33 56 64 32 94 60 77 38 35 26 14 81 61 34 2 49 97 7 81 42 59 73 10 95 24 82 79 19 68 47 69 86 24 39 100 21 55 11 77 16 92 15 33 
15 6 29 73 23 59 17 29 83 29 10 44 20 44 98 40 33 17 51 59 74 87 39 11 19 16 30 71 64 45 99 68 19 21 44 70 45 91 28 29 74 17 28 88 12 100 49 94 63 17 3 15 93 76 24 12 63 62 55 96 31 72 73 58 
11 67 4 96 8 79 94 11 96 19 63 77 79 45 80 42 31 60 77 20 19 72 93 29 68 6 2 44 66 13 86 37 21 61 76 20 55 62 22 96 40 95 75 37 98 89 13 24 43 40 57 59 12 28 22 68 63 47 57 100 54 45 5 39 
85 17 55 17 56 47 18 61 21 79 63 79 66 69 37 82 82 54 14 50 72 71 58 53 77 64 89 65 68 99 65 19 58 79 40 95 98 27 65 50 94 7 92 90 100 86 52 98 54 77 98 69 43 65 36 90 96 35 23 63 97 48 87 43 
20 10 8 2 2 29 41 65 54 44 49 7 34 52 19 94 24 81 42 84 23 23 58 20 90 11 92 60 91 76 52 91 34 3 36 49 42 58 15 40 31 96 88 19 67 31 25 84 47 63 72 15 72 40 34 88 70 13 96 15 52 47 43 77 
42 74 52 48 93 53 91 5 14 86 39 35 53 65 36 57 25 68 83 45 87 89 20 32 44 83 50 29 11 86 19 94 82 37 67 75 86 76 98 56 95 52 41 46 85 100 81 74 93 30 32 57 99 82 7 40 16 6 53 30 36 42 59 45 
13 95 50 62 17 37 85 92 50 52 29 14 61 74 49 25 59 22 3 33 47 6 66 71 30 85 11 36 88 1 11 45 63 28 70 67 25 69 31 79 50 46 86 65 55 48 49 64 70 32 21 29 89 63 7 92 92 22 8 75 17 81 93 63 
40 18 58 37 45 2 17 45 94 96 31 36 95 15 39 69 95 91 56 49 62 98 1 71 24 52 51 100 42 57 39 70 81 9 57 71 2 32 13 48 68 53 97 38 71 95 34 35 42 84 65 44 57 32 10 82 87 74 92 66 32 74 58 14 
6 45 16 44 74 83 20 49 9 13 45 33 21 31 31 11 18 8 89 81 70 80 23 71 78 75 60 85 48 86 83 94 1 47 85 71 19 55 82 22 76 75 48 15 91 84 74 61 78 13 100 46 56 16 61 3 24 49 11 40 62 6 82 6 
73 62 91 66 24 19 15 2 50 60 66 28 4 10 43 82 7 5 46 64 2 50 49 95 26 59 8 83 77 58 98 58 72 45 75 63 79 86 59 16 9 50 46 87 4 22 35 97 95 96 47 45 26 94 39 1 17 99 16 50 25 69 52 1 
29 84 61 75 72 40 34 58 65 66 50 37 87 19 66 43 16 16 16 15 73 19 85 13 78 72 29 66 60 64 14 24 47 9 95 6 5 87 34 6 32 40 61 25 68 6 74 48 78 69 29 22 1 2 38 90 24 89 60 3 75 71 46 52 
39 65 59 51 83 80 77 18 2 36 77 36 25 85 88 17 35 33 100 27 92 99 69 50 18 19 3 8 94 29 73 58 96 20 55 77 85 11 92 19 35 55 21 94 99 43 47 55 51 68 99 55 23 37 98 39 11 82 47 87 20 42 46 48 
11 82 83 77 93 15 32 27 27 6 82 23 22 33 59 80 95 18 10 9 57 40 55 25 93 53 31 32 42 19 6 11 36 35 38 59 38 40 47 97 22 48 96 35 14 44 23 12 91 80 54 92 81 37 69 56 28 55 14 16 68 56 49 73 
27 36 97 69 29 93 84 95 57 9 39 9 79 4 38 48 59 95 74 36 93 26 89 26 89 12 9 97 9 74 63 97 69 93 31 58 43 47 40 93 40 62 11 29 86 26 57 95 79 30 4 6 55 10 15 27 59 68 10 41 22 82 72 41 
54 48 88 82 94 10 75 74 68 37 34 81 40 49 63 34 97 52 27 34 58 15 33 94 72 24 30 77 32 54 66 79 29 41 25 94 16 58 19 46 20 88 31 16 79 5 44 98 30 2 74 97 54 81 83 7 64 63 58 80 55 85 23 64 
86 6 52 9 94 24 51 17 68 47 92 42 67 65 43 81 94 90 30 60 48 26 19 83 1 44 61 50 61 12 1 73 96 65 97 29 33 89 66 48 52 37 37 76 28 17 62 59 62 78 55 74 54 95 91 89 8 69 7 63 73 71 42 98 
56 54 87 26 10 15 1 58 22 11 2 7 87 19 68 88 47 7 55 68 75 4 10 99 95 6 36 13 89 9 59 58 84 84 34 10 30 55 70 37 15 32 55 53 93 9 31 63 8 26 93 86 58 83 63 11 58 84 45 99 61 43 95 51 
87 96 31 84 66 23 57 71 37 32 33 87 4 10 58 46 97 60 45 78 92 13 28 37 71 21 15 83 94 94 9 1 46 89 18 47 15 25 6 83 46 94 15 54 57 30 49 57 41 25 25 1 82 46 4 19 48 49 40 1 93 33 43 67 
41 93 49 9 64 46 50 12 59 55 82 38 5 45 78 1 76 96 92 37 81 87 57 83 92 40 94 17 5 44 30 100 67 3 54 75 49 79 23 9 61 14 87 44 100 26 54 59 92 45 8 11 19 51 91 2 93 97 20 49 90 70 33 62 
42 13 95 77 21 4 73 100 36 23 89 60 46 39 39 17 83 45 35 30 32 70 9 88 14 48 88 93 63 86 80 82 2 99 73 40 47 64 49 5 86 54 61 6 85 95 33 83 81 13 86 16 39 6 44 39 45 100 31 34 17 53 9 58 
65 87 74 64 53 82 34 80 64 97 82 61 23 84 53 25 36 36 16 90 18 3 62 60 15 13 26 81 40 52 77 58 34 96 59 56 37 28 17 14 11 21 9 49 38 49 83 54 26 70 71 42 14 69 67 49 85 45 92 57 99 8 75 13 
1 30 97 24 9 74 83 89 29 62 52 44 78 56 31 82 85 82 55 15 26 15 68 79 28 13 37 37 55 24 54 92 12 6 31 78 53 7 59 19 23 91 38 10 60 52 68 58 85 89 63 86 11 56 32 27 94 32 98 57 57 46 48 12 
78 47 43 49 41 39 19 14 8 2 16 37 98 71 39 67 96 62 56 85 17 48 86 90 19 21 90 49 86 94 92 25 64 30 26 59 23 47 13 94 87 23 90 56 2 2 90 6 99 19 5 56 85 10 1 52 29 100 40 29 38 64 76 28 
58 73 41 62 96 67 8 76 70 46 70 61 34 15 2 92 19 82 26 95 14 69 44 94 39 71 91 9 70 9 60 19 46 74 39 71 87 71 86 53 22 64 57 16 12 82 57 47 32 81 45 100 98 68 97 75 10 39 97 11 89 38 29 19 
77 44 76 81 7 13 61 96 41 55 81 29 34 95 60 76 31 81 11 38 57 26 51 53 61 37 86 64 49 76 23 75 33 22 3 18 80 8 32 95 9 50 57 90 26 49 36 48 72 9 81 57 61 89 14 64 21 39 90 4 99 32 63 20 
32 5 20 26 95 27 73 81 62 62 18 24 79 9 1 65 73 51 51 67 49 86 94 55 83 35 67 63 13 8 90 26 21 96 16 69 11 72 62 99 26 97 25 14 27 95 35 10 48 17 100 5 49 84 35 45 47 54 32 54 58 72 62 29 
23 90 62 62 56 76 88 54 59 3 78 41 66 2 79 35 44 56 70 29 77 57 59 30 85 92 10 49 52 13 60 90 77 25 31 38 60 61 58 83 26 69 86 70 42 2 72 58 57 80 23 52 27 81 10 52 73 97 77 37 91 1 68 26 
96 91 53 72 43 53 49 49 31 67 51 8 46 38 99 7 30 75 2 52 60 55 54 17 33 60 44 26 57 19 48 53 36 77 90 2 79 35 82 44 95 5 89 61 48 58 75 86 100 33 82 13 4 6 75 68 72 68 20 86 45 81 80 27 
63 42 49 71 17 72 91 94 67 27 55 88 60 15 7 8 6 60 47 62 89 89 80 25 88 5 99 90 82 44 73 100 88 66 64 89 35 9 12 60 62 52 39 49 52 29 21 32 75 2 53 84 72 34 30 6 17 56 42 45 72 2 85 65 
18 51 21 68 5 71 8 14 18 45 58 24 61 76 11 75 10 50 73 73 45 45 31 6 52 31 100 71 70 100 45 33 24 55 31 18 80 5 58 11 27 83 54 45 26 92 80 25 89 30 66 17 82 77 78 59 6 56 89 28 46 75 92 25 
83 26 48 69 85 25 44 56 43 75 72 15 95 61 85 49 63 61 81 13 88 9 66 48 99 36 65 16 48 15 71 53 27 16 62 17 5 97 35 83 78 77 96 89 99 39 19 60 54 2 45 34 69 77 8 16 99 62 90 93 96 53 33 23 
50 78 21 14 57 55 10 47 79 24 92 69 86 70 94 86 75 29 21 75 7 95 50 62 64 74 58 74 11 88 82 68 76 15 19 97 87 68 69 8 42 71 16 91 17 3 71 30 56 70 69 75 93 92 54 42 10 17 33 9 74 46 40 71 
71 85 45 12 75 64 95 27 35 62 8 6 6 7 13 24 41 44 40 22 29 30 34 59 90 78 73 46 78 89 8 90 12 75 99 27 78 72 54 96 23 63 18 91 98 76 16 49 2 42 73 82 87 69 16 2 69 37 76 96 26 2 44 99 
0.0 1.0 2.0 3.0 4.0 5.0 6.0 7.0 8.0 9.0 10.0 11.0 12.0 13.0 14.0 15.0 16.0 17.0 18.0 19.0 20.0 21.0 22.0 23.0 24.0 25.0 26.0 27.0 28.0 29.0 30.0 31.0 32.0 31.0 30.0 29.0 28.0 27.0 26.0 25.0 24.0 23.0 22.0 21.0 20.0 19.0 18.0 17.0 16.0 15.0 14.0 13.0 12.0 11.0 10.0 9.0 8.0 7.0 6.0 5.0 4.0 3.0 2.0 1.0 
1.0 0.0 1.0 2.0 3.0 4.0 5.0 6.0 7.0 8.0 9.0 10.0 11.0 12.0 13.0 14.0 15.0 16.0 17.0 18.0 19.0 20.0 21.0 22.0 23.0 24.0 25.0 26.0 27.0 28.0 29.0 30.0 31.0 32.0 31.0 30.0 29.0 28.0 27.0 26.0 25.0 24.0 23.0 22.0 21.0 20.0 19.0 18.0 17.0 16.0 15.0 14.0 13.0 12.0 11.0 10.0 9.0 8.0 7.0 6.0 5.0 4.0 3.0 2.0 
2.0 1.0 0.0 1.0 2.0 3.0 4.0 5.0 6.0 7.0 8.0 9.0 10.0 11.0 12.0 13.0 14.0 15.0 16.0 17.0 18.0 19.0 20.0 21.0 22.0 23.0 24.0 25.0 26.0 27.0 28.0 29.0 30.0 31.0 32.0 31.0 30.0 29.0 28.0 27.0 26.0 25.0 24.0 23.0 22.0 21.0 20.0 19.0 18.0 17.0 16.0 15.0 14.0 13.0 12.0 11.0 10.0 9.0 8.0 7.0 6.0 5.0 4.0 3.0 
3.0 2.0 1.0 0.0 1.0 2.0 3.0 4.0 5.0 6.0 7.0 8.0 9.0 10.0 11.0 12.0 13.0 14.0 15.0 16.0 17.0 18.0 19.0 20.0 21.0 22.0 23.0 24.0 25.0 26.0 27.0 28.0 29.0 30.0 31.0 32.0 31.0 30.0 29.0 28.0 27.0 26.0 25.0 24.0 23.0 22.0 21.0 20.0 19.0 18.0 17.0 16.0 15.0 14.0 13.0 12.0 11.0 10.0 9.0 8.0 7.0 6.0 5.0 4.0 
4.0 3.0 2.0 1.0 0.0 1.0 2.0 3.0 4.0 5.0 6.0 7.0 8.0 9.0 10.0 11.0 12.0 13.0 14.0 15.0 16.0 17.0 18.0 19.0 20.0 21.0 22.0 23.0 24.0 25.0 26.0 27.0 28.0 29.0 30.0 31.0 32.0 31.0 30.0 29.0 28.0 27.0 26.0 25.0 24.0 23.0 22.0 21.0 20.0 19.0 18.0 17.0 16.0 15.0 14.0 13.0 12.0 11.0 10.0 9.0 8.0 7.0 6.0 5.0 
5.0 4.0 3.0 2.0 1.0 0.0 1.0 2.0 3.0 4.0 5.0 6.0 7.0 8.0 9.0 10.0 11.0 12.0 13.0 14.0 15.0 16.0 17.0 18.0 19.0 20.0 21.0 22.0 23.0 24.0 25.0 26.0 27.0 28.0 29.0 30.0 31.0 32.0 31.0 30.0 29.0 28.0 27.0 26.0 25.0 24.0 23.0 22.0 21.0 20.0 19.0 18.0 17.0 16.0 15.0 14.0 13.0 12.0 11.0 10.0 9.0 8.0 7.0 6.0 
6.0 5.0 4.0 3.0 2.0 1.0 0.0 1.0 2.0 3.0 4.0 5.0 6.0 7.0 8.0 9.0 10.0 11.0 12.0 13.0 14.0 15.0 16.0 17.0 18.0 19.0 20.0 21.0 22.0 23.0 24.0 25.0 26.0 27.0 28.0 29.0 30.0 31.0 32.0 31.0 30.0 29.0 28.0 27.0 26.0 25.0 24.0 23.0 22.0 21.0 20.0 19.0 18.0 17.0 16.0 15.0 14.0 13.0 12.0 11.0 10.0 9.0 8.0 7.0 
7.0 6.0 5.0 4.0 3.0 2.0 1.0 0.0 1.0 2.0 3.0 4.0 5.0 6.0 7.0 8.0 9.0 10.0 11.0 12.0 13.0 14.0 15.0 16.0 17.0 18.0 19.0 20.0 21.0 22.0 23.0 24.0 25.0 26.0 27.0 28.0 29.0 30.0 31.0 32.0 31.0 30.0 29.0 28.0 27.0 26.0 25.0 24.0 23.0 22.0 21.0 20.0 19.0 18.0 17.0 16.0 15.0 14.0 13.0 12.0 11.0 10.0 9.0 8.0 
8.0 7.0 6.0 5.0 4.0 3.0 2.0 1.0 0.0 1.0 2.0 3.0 4.0 5.0 6.0 7.0 8.0 9.0 10.0 11.0 12.0 13.0 14.0 15.0 16.0 17.0 18.0 19.0 20.0 21.0 22.0 23.0 24.0 25.0 26.0 27.0 28.0 29.0 30.0 31.0 32.0 31.0 30.0 29.0 28.0 27.0 26.0 25.0 24.0 23.0 22.0 21.0 20.0 19.0 18.0 17.0 16.0 15.0 14.0 13.0 12.0 11.0 10.0 9.0 
9.0 8.0 7.0 6.0 5.0 4.0 3.0 2.0 1.0 0.0 1.0 2.0 3.0 4.0 5.0 6.0 7.0 8.0 9.0 10.0 11.0 12.0 13.0 14.0 15.0 16.0 17.0 18.0 19.0 20.0 21.0 22.0 23.0 24.0 25.0 26.0 27.0 28.0 29.0 30.0 31.0 32.0 31.0 30.0 29.0 28.0 27.0 26.0 25.0 24.0 23.0 22.0 21.0 20.0 19.0 18.0 17.0 16.0 15.0 14.0 13.0 12.0 11.0 10.0 
10.0 9.0 8.0 7.0 6.0 5.0 4.0 3.0 2.0 1.0 0.0 1.0 2.0 3.0 4.0 5.0 6.0 7.0 8.0 9.0 10.0 11.0 12.0 13.0 14.0 15.0 16.0 17.0 18.0 19.0 20.0 21.0 22.0 23.0 24.0 25.0 26.0 27.0 28.0 29.0 30.0 31.0 32.0 31.0 30.0 29.0 28.0 27.0 26.0 25.0 24.0 23.0 22.0 21.0 20.0 19.0 18.0 17.0 16.0 15.0 14.0 13.0 12.0 11.0 
11.0 10.0 9.0 8.0 7.0 6.0 5.0 4.0 3.0 2.0 1.0 0.0 1.0 2.0 3.0 4.0 5.0 6.0 7.0 8.0 9.0 10.0 11.0 12.0 13.0 14.0 15.0 16.0 17.0 18.0 19.0 20.0 21.0 22.0 23.0 24.0 25.0 26.0 27.0 28.0 29.0 30.0 31.0 32.0 31.0 30.0 29.0 28.0 27.0 26.0 25.0 24.0 23.0 22.0 21.0 20.0 19.0 18.0 17.0 16.0 15.0 14.0 13.0 12.0 
12.0 11.0 10.0 9.0 8.0 7.0 6.0 5.0 4.0 3.0 2.0 1.0 0.0 1.0 2.0 3.0 4.0 5.0 6.0 7.0 8.0 9.0 10.0 11.0 12.0 13.0 14.0 15.0 16.0 17.0 18.0 19.0 20.0 21.0 22.0 23.0 24.0 25.0 26.0 27.0 28.0 29.0 30.0 31.0 32.0 31.0 30.0 29.0 28.0 27.0 26.0 25.0 24.0 23.0 22.0 21.0 20.0 19.0 18.0 17.0 16.0 15.0 14.0 13.0 
13.0 12.0 11.0 10.0 9.0 8.0 7.0 6.0 5.0 4.0 3.0 2.0 1.0 0.0 1.0 2.0 3.0 4.0 5.0 6.0 7.0 8.0 9.0 10.0 11.0 12.0 13.0 14.0 15.0 16.0 17.0 18.0 19.0 20.0 21.0 22.0 23.0 24.0 25.0 26.0 27.0 28.0 29.0 30.0 31.0 32.0 31.0 30.0 29.0 28.0 27.0 26.0 25.0 24.0 23.0 22.0 21.0 20.0 19.0 18.0 17.0 16.0 15.0 14.0 
14.0 13.0 12.0 11.0 10.0 9.0 8.0 7.0 6.0 5.0 4.0 3.0 2.0 1.0 0.0 1.0 2.0 3.0 4.0 5.0 6.0 7.0 8.0 9.0 10.0 11.0 12.0 13.0 14.0 15.0 16.0 17.0 18.0 19.0 20.0 21.0 22.0 23.0 24.0 25.0 26.0 27.0 28.0 29.0 30.0 31.0 32.0 31.0 30.0 29.0 28.0 27.0 26.0 25.0 24.0 23.0 22.0 21.0 20.0 19.0 18.0 17.0 16.0 15.0 
15.0 14.0 13.0 12.0 11.0 10.0 9.0 8.0 7.0 6.0 5.0 4.0 3.0 2.0 1.0 0.0 1.0 2.0 3.0 4.0 5.0 6.0 7.0 8.0 9.0 10.0 11.0 12.0 13.0 14.0 15.0 16.0 17.0 18.0 19.0 20.0 21.0 22.0 23.0 24.0 25.0 26.0 27.0 28.0 29.0 30.0 31.0 32.0 31.0 30.0 29.0 28.0 27.0 26.0 25.0 24.0 23.0 22.0 21.0 20.0 19.0 18.0 17.0 16.0 
16.0 15.0 14.0 13.0 12.0 11.0 10.0 9.0 8.0 7.0 6.0 5.0 4.0 3.0 2.0 1.0 0.0 1.0 2.0 3.0 4.0 5.0 6.0 7.0 8.0 9.0 10.0 11.0 12.0 13.0 14.0 15.0 16.0 17.0 18.0 19.0 20.0 21.0 22.0 23.0 24.0 25.0 26.0 27.0 28.0 29.0 30.0 31.0 32.0 31.0 30.0 29.0 28.0 27.0 26.0 25.0 24.0 23.0 22.0 21.0 20.0 19.0 18.0 17.0 
17.0 16.0 15.0 14.0 13.0 12.0 11.0 10.0 9.0 8.0 7.0 6.0 5.0 4.0 3.0 2.0 1.0 0.0 1.0 2.0 3.0 4.0 5.0 6.0 7.0 8.0 9.0 10.0 11.0 12.0 13.0 14.0 15.0 16.0 17.0 18.0 19.0 20.0 21.0 22.0 23.0 24.0 25.0 26.0 27.0 28.0 29.0 30.0 31.0 32.0 31.0 30.0 29.0 28.0 27.0 26.0 25.0 24.0 23.0 22.0 21.0 20.0 19.0 18.0 
18.0 17.0 16.0 15.0 14.0 13.0 12.0 11.0 10.0 9.0 8.0 7.0 6.0 5.0 4.0 3.0 2.0 1.0 0.0 1.0 2.0 3.0 4.0 5.0 6.0 7.0 8.0 9.0 10.0 11.0 12.0 13.0 14.0 15.0 16.0 17.0 18.0 19.0 20.0 21.0 22.0 23.0 24.0 25.0 26.0 27.0 28.0 29.0 30.0 31.0 32.0 31.0 30.0 29.0 28.0 27.0 26.0 25.0 24.0 23.0 22.0 21.0 20.0 19.0 
19.0 18.0 17.0 16.0 15.0 14.0 13.0 12.0 11.0 10.0 9.0 8.0 7.0 6.0 5.0 4.0 3.0 2.0 1.0 0.0 1.0 2.0 3.0 4.0 5.0 6.0 7.0 8.0 9.0 10.0 11.0 12.0 13.0 14.0 15.0 16.0 17.0 18.0 19.0 20.0 21.0 22.0 23.0 24.0 25.0 26.0 27.0 28.0 29.0 30.0 31.0 32.0 31.0 30.0 29.0 28.0 27.0 26.0 25.0 24.0 23.0 22.0 21.0 20.0 
20.0 19.0 18.0 17.0 16.0 15.0 14.0 13.0 12.0 11.0 10.0 9.0 8.0 7.0 6.0 5.0 4.0 3.0 2.0 1.0 0.0 1.0 2.0 3.0 4.0 5.0 6.0 7.0 8.0 9.0 10.0 11.0 12.0 13.0 14.0 15.0 16.0 17.0 18.0 19.0 20.0 21.0 22.0 23.0 24.0 25.0 26.0 27.0 28.0 29.0 30.0 31.0 32.0 31.0 30.0 29.0 28.0 27.0 26.0 25.0 24.0 23.0 22.0 21.0 
21.0 20.0 19.0 18.0 17.0 16.0 15.0 14.0 13.0 12.0 11.0 10.0 9.0 8.0 7.0 6.0 5.0 4.0 3.0 2.0 1.0 0.0 1.0 2.0 3.0 4.0 5.0 6.0 7.0 8.0 9.0 10.0 11.0 12.0 13.0 14.0 15.0 16.0 17.0 18.0 19.0 20.0 21.0 22.0 23.0 24.0 25.0 26.0 27.0 28.0 29.0 30.0 31.0 32.0 31.0 30.0 29.0 28.0 27.0 26.0 25.0 24.0 23.0 22.0 
22.0 21.0 20.0 19.0 18.0 17.0 16.0 15.0 14.0 13.0 12.0 11.0 10.0 9.0 8.0 7.0 6.0 5.0 4.0 3.0 2.0 1.0 0.0 1.0 2.0 3.0 4.0 5.0 6.0 7.0 8.0 9.0 10.0 11.0 12.0 13.0 14.0 15.0 16.0 17.0 18.0 19.0 20.0 21.0 22.0 23.0 24.0 25.0 26.0 27.0 28.0 29.0 30.0 31.0 32.0 31.0 30.0 29.0 28.0 27.0 26.0 25.0 24.0 23.0 
23.0 22.0 21.0 20.0 19.0 18.0 17.0 16.0 15.0 14.0 13.0 12.0 11.0 10.0 9.0 8.0 7.0 6.0 5.0 4.0 3.0 2.0 1.0 0.0 1.0 2.0 3.0 4.0 5.0 6.0 7.0 8.0 9.0 10.0 11.0 12.0 13.0 14.0 15.0 16.0 17.0 18.0 19.0 20.0 21.0 22.0 23.0 24.0 25.0 26.0 27.0 28.0 29.0 30.0 31.0 32.0 31.0 30.0 29.0 28.0 27.0 26.0 25.0 24.0 
24.0 23.0 22.0 21.0 20.0 19.0 18.0 17.0 16.0 15.0 14.0 13.0 12.0 11.0 10.0 9.0 8.0 7.0 6.0 5.0 4.0 3.0 2.0 1.0 0.0 1.0 2.0 3.0 4.0 5.0 6.0 7.0 8.0 9.0 10.0 11.0 12.0 13.0 14.0 15.0 16.0 17.0 18.0 19.0 20.0 21.0 22.0 23.0 24.0 25.0 26.0 27.0 28.0 29.0 30.0 31.0 32.0 31.0 30.0 29.0 28.0 27.0 26.0 25.0 
25.0 24.0 23.0 22.0 21.0 20.0 19.0 18.0 17.0 16.0 15.0 14.0 13.0 12.0 11.0 10.0 9.0 8.0 7.0 6.0 5.0 4.0 3.0 2.0 1.0 0.0 1.0 2.0 3.0 4.0 5.0 6.0 7.0 8.0 9.0 10.0 11.0 12.0 13.0 14.0 15.0 16.0 17.0 18.0 19.0 20.0 21.0 22.0 23.0 24.0 25.0 26.0 27.0 28.0 29.0 30.0 31.0 32.0 31.0 30.0 29.0 28.0 27.0 26.0 
26.0 25.0 24.0 23.0 22.0 21.0 20.0 19.0 18.0 17.0 16.0 15.0 14.0 13.0 12.0 11.0 10.0 9.0 8.0 7.0 6.0 5.0 4.0 3.0 2.0 1.0 0.0 1.0 2.0 3.0 4.0 5.0 6.0 7.0 8.0 9.0 10.0 11.0 12.0 13.0 14.0 15.0 16.0 17.0 18.0 19.0 20.0 21.0 22.0 23.0 24.0 25.0 26.0 27.0 28.0 29.0 30.0 31.0 32.0 31.0 30.0 29.0 28.0 27.0 
27.0 26.0 25.0 24.0 23.0 22.0 21.0 20.0 19.0 18.0 17.0 16.0 15.0 14.0 13.0 12.0 11.0 10.0 9.0 8.0 7.0 6.0 5.0 4.0 3.0 2.0 1.0 0.0 1.0 2.0 3.0 4.0 5.0 6.0 7.0 8.0 9.0 10.0 11.0 12.0 13.0 14.0 15.0 16.0 17.0 18.0 19.0 20.0 21.0 22.0 23.0 24.0 25.0 26.0 27.0 28.0 29.0 30.0 31.0 32.0 31.0 30.0 29.0 28.0 
28.0 27.0 26.0 25.0 24.0 23.0 22.0 21.0 20.0 19.0 18.0 17.0 16.0 15.0 14.0 13.0 12.0 11.0 10.0 9.0 8.0 7.0 6.0 5.0 4.0 3.0 2.0 1.0 0.0 1.0 2.0 3.0 4.0 5.0 6.0 7.0 8.0 9.0 10.0 11.0 12.0 13.0 14.0 15.0 16.0 17.0 18.0 19.0 20.0 21.0 22.0 23.0 24.0 25.0 26.0 27.0 28.0 29.0 30.0 31.0 32.0 31.0 30.0 29.0 
29.0 28.0 27.0 26.0 25.0 24.0 23.0 22.0 21.0 20.0 19.0 18.0 17.0 16.0 15.0 14.0 13.0 12.0 11.0 10.0 9.0 8.0 7.0 6.0 5.0 4.0 3.0 2.0 1.0 0.0 1.0 2.0 3.0 4.0 5.0 6.0 7.0 8.0 9.0 10.0 11.0 12.0 13.0 14.0 15.0 16.0 17.0 18.0 19.0 20.0 21.0 22.0 23.0 24.0 25.0 26.0 27.0 28.0 29.0 30.0 31.0 32.0 31.0 30.0 
30.0 29.0 28.0 27.0 26.0 25.0 24.0 23.0 22.0 21.0 20.0 19.0 18.0 17.0 16.0 15.0 14.0 13.0 12.0 11.0 10.0 9.0 8.0 7.0 6.0 5.0 4.0 3.0 2.0 1.0 0.0 1.0 2.0 3.0 4.0 5.0 6.0 7.0 8.0 9.0 10.0 11.0 12.0 13.0 14.0 15.0 16.0 17.0 18.0 19.0 20.0 21.0 22.0 23.0 24.0 25.0 26.0 27.0 28.0 29.0 30.0 31.0 32.0 31.0 
31.0 30.0 29.0 28.0 27.0 26.0 25.0 24.0 23.0 22.0 21.0 20.0 19.0 18.0 17.0 16.0 15.0 14.0 13.0 12.0 11.0 10.0 9.0 8.0 7.0 6.0 5.0 4.0 3.0 2.0 1.0 0.0 1.0 2.0 3.0 4.0 5.0 6.0 7.0 8.0 9.0 10.0 11.0 12.0 13.0 14.0 15.0 16.0 17.0 18.0 19.0 20.0 21.0 22.0 23.0 24.0 25.0 26.0 27.0 28.0 29.0 30.0 31.0 32.0 
32.0 31.0 30.0 29.0 28.0 27.0 26.0 25.0 24.0 23.0 22.0 21.0 20.0 19.0 18.0 17.0 16.0 15.0 14.0 13.0 12.0 11.0 10.0 9.0 8.0 7.0 6.0 5.0 4.0 3.0 2.0 1.0 0.0 1.0 2.0 3.0 4.0 5.0 6.0 7.0 8.0 9.0 10.0 11.0 12.0 13.0 14.0 15.0 16.0 17.0 18.0 19.0 20.0 21.0 22.0 23.0 24.0 25.0 26.0 27.0 28.0 29.0 30.0 31.0 
31.0 32.0 31.0 30.0 29.0 28.0 27.0 26.0 25.0 24.0 23.0 22.0 21.0 20.0 19.0 18.0 17.0 16.0 15.0 14.0 13.0 12.0 11.0 10.0 9.0 8.0 7.0 6.0 5.0 4.0 3.0 2.0 1.0 0.0 1.0 2.0 3.0 4.0 5.0 6.0 7.0 8.0 9.0 10.0 11.0 12.0 13.0 14.0 15.0 16.0 17.0 18.0 19.0 20.0 21.0 22.0 23.0 24.0 25.0 26.0 27.0 28.0 29.0 30.0 
30.0 31.0 32.0 31.0 30.0 29.0 28.0 27.0 26.0 25.0 24.0 23.0 22.0 21.0 20.0 19.0 18.0 17.0 16.0 15.0 14.0 13.0 12.0 11.0 10.0 9.0 8.0 7.0 6.0 5.0 4.0 3.0 2.0 1.0 0.0 1.0 2.0 3.0 4.0 5.0 6.0 7.0 8.0 9.0 10.0 11.0 12.0 13.0 14.0 15.0 16.0 17.0 18.0 19.0 20.0 21.0 22.0 23.0 24.0 25.0 26.0 27.0 28.0 29.0 
29.0 30.0 31.0 32.0 31.0 30.0 29.0 28.0 27.0 26.0 25.0 24.0 23.0 22.0 21.0 20.0 19.0 18.0 17.0 16.0 15.0 14.0 13.0 12.0 11.0 10.0 9.0 8.0 7.0 6.0 5.0 4.0 3.0 2.0 1.0 0.0 1.0 2.0 3.0 4.0 5.0 6.0 7.0 8.0 9.0 10.0 11.0 12.0 13.0 14.0 15.0 16.0 17.0 18.0 19.0 20.0 21.0 22.0 23.0 24.0 25.0 26.0 27.0 28.0 
28.0 29.0 30.0 31.0 32.0 31.0 30.0 29.0 28.0 27.0 26.0 25.0 24.0 23.0 22.0 21.0 20.0 19.0 18.0 17.0 16.0 15.0 14.0 13.0 12.0 11.0 10.0 9.0 8.0 7.0 6.0 5.0 4.0 3.0 2.0 1.0 0.0 1.0 2.0 3.0 4.0 5.0 6.0 7.0 8.0 9.0 10.0 11.0 12.0 13.0 14.0 15.0 16.0 17.0 18.0 19.0 20.0 21.0 22.0 23.0 24.0 25.0 26.0 27.0 
27.0 28.0 29.0 30.0 31.0 32.0 31.0 30.0 29.0 28.0 27.0 26.0 25.0 24.0 23.0 22.0 21.0 20.0 19.0 18.0 17.0 16.0 15.0 14.0 13.0 12.0 11.0 10.0 9.0 8.0 7.0 6.0 5.0 4.0 3.0 2.0 1.0 0.0 1.0 2.0 3.0 4.0 5.0 6.0 7.0 8.0 9.0 10.0 11.0 12.0 13.0 14.0 15.0 16.0 17.0 18.0 19.0 20.0 21.0 22.0 23.0 24.0 25.0 26.0 
26.0 27.0 28.0 29.0 30.0 31.0 32.0 31.0 30.0 29.0 28.0 27.0 26.0 25.0 24.0 23.0 22.0 21.0 20.0 19.0 18.0 17.0 16.0 15.0 14.0 13.0 12.0 11.0 10.0 9.0 8.0 7.0 6.0 5.0 4.0 3.0 2.0 1.0 0.0 1.0 2.0 3.0 4.0 5.0 6.0 7.0 8.0 9.0 10.0 11.0 12.0 13.0 14.0 15.0 16.0 17.0 18.0 19.0 20.0 21.0 22.0 23.0 24.0 25.0 
25.0 26.0 27.0 28.0 29.0 30.0 31.0 32.0 31.0 30.0 29.0 28.0 27.0 26.0 25.0 24.0 23.0 22.0 21.0 20.0 19.0 18.0 17.0 16.0 15.0 14.0 13.0 12.0 11.0 10.0 9.0 8.0 7.0 6.0 5.0 4.0 3.0 2.0 1.0 0.0 1.0 2.0 3.0 4.0 5.0 6.0 7.0 8.0 9.0 10.0 11.0 12.0 13.0 14.0 15.0 16.0 17.0 18.0 19.0 20.0 21.0 22.0 23.0 24.0 
24.0 25.0 26.0 27.0 28.0 29.0 30.0 31.0 32.0 31.0 30.0 29.0 28.0 27.0 26.0 25.0 24.0 23.0 22.0 21.0 20.0 19.0 18.0 17.0 16.0 15.0 14.0 13.0 12.0 11.0 10.0 9.0 8.0 7.0 6.0 5.0 4.0 3.0 2.0 1.0 0.0 1.0 2.0 3.0 4.0 5.0 6.0 7.0 8.0 9.0 10.0 11.0 12.0 13.0 14.0 15.0 16.0 17.0 18.0 19.0 20.0 21.0 22.0 23.0 
23.0 24.0 25.0 26.0 27.0 28.0 29.0 30.0 31.0 32.0 31.0 30.0 29.0 28.0 27.0 26.0 25.0 24.0 23.0 22.0 21.0 20.0 19.0 18.0 17.0 16.0 15.0 14.0 13.0 12.0 11.0 10.0 9.0 8.0 7.0 6.0 5.0 4.0 3.0 2.0 1.0 0.0 1.0 2.0 3.0 4.0 5.0 6.0 7.0 8.0 9.0 10.0 11.0 12.0 13.0 14.0 15.0 16.0 17.0 18.0 19.0 20.0 21.0 22.0 
22.0 23.0 24.0 25.0 26.0 27.0 28.0 29.0 30.0 31.0 32.0 31.0 30.0 29.0 28.0 27.0 26.0 25.0 24.0 23.0 22.0 21.0 20.0 19.0 18.0 17.0 16.0 15.0 14.0 13.0 12.0 11.0 10.0 9.0 8.0 7.0 6.0 5.0 4.0 3.0 2.0 1.0 0.0 1.0 2.0 3.0 4.0 5.0 6.0 7.0 8.0 9.0 10.0 11.0 12.0 13.0 14.0 15.0 16.0 17.0 18.0 19.0 20.0 21.0 
21.0 22.0 23.0 24.0 25.0 26.0 27.0 28.0 29.0 30.0 31.0 32.0 31.0 30.0 29.0 28.0 27.0 26.0 25.0 24.0 23.0 22.0 21.0 20.0 19.0 18.0 17.0 16.0 15.0 14.0 13.0 12.0 11.0 10.0 9.0 8.0 7.0 6.0 5.0 4.0 3.0 2.0 1.0 0.0 1.0 2.0 3.0 4.0 5.0 6.0 7.0 8.0 9.0 10.0 11.0 12.0 13.0 14.0 15.0 16.0 17.0 18.0 19.0 20.0 
20.0 21.0 22.0 23.0 24.0 25.0 26.0 27.0 28.0 29.0 30.0 31.0 32.0 31.0 30.0 29.0 28.0 27.0 26.0 25.0 24.0 23.0 22.0 21.0 20.0 19.0 18.0 17.0 16.0 15.0 14.0 13.0 12.0 11.0 10.0 9.0 8.0 7.0 6.0 5.0 4.0 3.0 2.0 1.0 0.0 1.0 2.0 3.0 4.0 5.0 6.0 7.0 8.0 9.0 10.0 11.0 12.0 13.0 14.0 15.0 16.0 17.0 18.0 19.0 
19.0 20.0 21.0 22.0 23.0 24.0 25.0 26.0 27.0 28.0 29.0 30.0 31.0 32.0 31.0 30.0 29.0 28.0 27.0 26.0 25.0 24.0 23.0 22.0 21.0 20.0 19.0 18.0 17.0 16.0 15.0 14.0 13.0 12.0 11.0 10.0 9.0 8.0 7.0 6.0 5.0 4.0 3.0 2.0 1.0 0.0 1.0 2.0 3.0 4.0 5.0 6.0 7.0 8.0 9.0 10.0 11.0 12.0 13.0 14.0 15.0 16.0 17.0 18.0 
18.0 19.0 20.0 21.0 22.0 23.0 24.0 25.0 26.0 27.0 28.0 29.0 30.0 31.0 32.0 31.0 30.0 29.0 28.0 27.0 26.0 25.0 24.0 23.0 22.0 21.0 20.0 19.0 18.0 17.0 16.0 15.0 14.0 13.0 12.0 11.0 10.0 9.0 8.0 7.0 6.0 5.0 4.0 3.0 2.0 1.0 0.0 1.0 2.0 3.0 4.0 5.0 6.0 7.0 8.0 9.0 10.0 11.0 12.0 13.0 14.0 15.0 16.0 17.0 
17.0 18.0 19.0 20.0 21.0 22.0 23.0 24.0 25.0 26.0 27.0 28.0 29.0 30.0 31.0 32.0 31.0 30.0 29.0 28.0 27.0 26.0 25.0 24.0 23.0 22.0 21.0 20.0 19.0 18.0 17.0 16.0 15.0 14.0 13.0 12.0 11.0 10.0 9.0 8.0 7.0 6.0 5.0 4.0 3.0 2.0 1.0 0.0 1.0 2.0 3.0 4.0 5.0 6.0 7.0 8.0 9.0 10.0 11.0 12.0 13.0 14.0 15.0 16.0 
16.0 17.0 18.0 19.0 20.0 21.0 22.0 23.0 24.0 25.0 26.0 27.0 28.0 29.0 30.0 31.0 32.0 31.0 30.0 29.0 28.0 27.0 26.0 25.0 24.0 23.0 22.0 21.0 20.0 19.0 18.0 17.0 16.0 15.0 14.0 13.0 12.0 11.0 10.0 9.0 8.0 7.0 6.0 5.0 4.0 3.0 2.0 1.0 0.0 1.0 2.0 3.0 4.0 5.0 6.0 7.0 8.0 9.0 10.0 11.0 12.0 13.0 14.0 15.0 
15.0 16.0 17.0 18.0 19.0 20.0 21.0 22.0 23.0 24.0 25.0 26.0 27.0 28.0 29.0 30.0 31.0 32.0 31.0 30.0 29.0 28.0 27.0 26.0 25.0 24.0 23.0 22.0 21.0 20.0 19.0 18.0 17.0 16.0 15.0 14.0 13.0 12.0 11.0 10.0 9.0 8.0 7.0 6.0 5.0 4.0 3.0 2.0 1.0 0.0 1.0 2.0 3.0 4.0 5.0 6.0 7.0 8.0 9.0 10.0 11.0 12.0 13.0 14.0 
14.0 15.0 16.0 17.0 18.0 19.0 20.0 21.0 22.0 23.0 24.0 25.0 26.0 27.0 28.0 29.0 30.0 31.0 32.0 31.0 30.0 29.0 28.0 27.0 26.0 25.0 24.0 23.0 22.0 21.0 20.0 19.0 18.0 17.0 16.0 15.0 14.0 13.0 12.0 11.0 10.0 9.0 8.0 7.0 6.0 5.0 4.0 3.0 2.0 1.0 0.0 1.0 2.0 3.0 4.0 5.0 6.0 7.0 8.0 9.0 10.0 11.0 12.0 13.0 
13.0 14.0 15.0 16.0 17.0 18.0 19.0 20.0 21.0 22.0 23.0 24.0 25.0 26.0 27.0 28.0 29.0 30.0 31.0 32.0 31.0 30.0 29.0 28.0 27.0 26.0 25.0 24.0 23.0 22.0 21.0 20.0 19.0 18.0 17.0 16.0 15.0 14.0 13.0 12.0 11.0 10.0 9.0 8.0 7.0 6.0 5.0 4.0 3.0 2.0 1.0 0.0 1.0 2.0 3.0 4.0 5.0 6.0 7.0 8.0 9.0 10.0 11.0 12.0 
12.0 13.0 14.0 15.0 16.0 17.0 18.0 19.0 20.0 21.0 22.0 23.0 24.0 25.0 26.0 27.0 28.0 29.0 30.0 31.0 32.0 31.0 30.0 29.0 28.0 27.0 26.0 25.0 24.0 23.0 22.0 21.0 20.0 19.0 18.0 17.0 16.0 15.0 14.0 13.0 12.0 11.0 10.0 9.0 8.0 7.0 6.0 5.0 4.0 3.0 2.0 1.0 0.0 1.0 2.0 3.0 4.0 5.0 6.0 7.0 8.0 9.0 10.0 11.0 
11.0 12.0 13.0 14.0 15.0 16.0 17.0 18.0 19.0 20.0 21.0 22.0 23.0 24.0 25.0 26.0 27.0 28.0 29.0 30.0 31.0 32.0 31.0 30.0 29.0 28.0 27.0 26.0 25.0 24.0 23.0 22.0 21.0 20.0 19.0 18.0 17.0 16.0 15.0 14.0 13.0 12.0 11.0 10.0 9.0 8.0 7.0 6.0 5.0 4.0 3.0 2.0 1.0 0.0 1.0 2.0 3.0 4.0 5.0 6.0 7.0 8.0 9.0 10.0 
10.0 11.0 12.0 13.0 14.0 15.0 16.0 17.0 18.0 19.0 20.0 21.0 22.0 23.0 24.0 25.0 26.0 27.0 28.0 29.0 30.0 31.0 32.0 31.0 30.0 29.0 28.0 27.0 26.0 25.0 24.0 23.0 22.0 21.0 20.0 19.0 18.0 17.0 16.0 15.0 14.0 13.0 12.0 11.0 10.0 9.0 8.0 7.0 6.0 5.0 4.0 3.0 2.0 1.0 0.0 1.0 2.0 3.0 4.0 5.0 6.0 7.0 8.0 9.0 
9.0 10.0 11.0 12.0 13.0 14.0 15.0 16.0 17.0 18.0 19.0 20.0 21.0 22.0 23.0 24.0 25.0 26.0 27.0 28.0 29.0 30.0 31.0 32.0 31.0 30.0 29.0 28.0 27.0 26.0 25.0 24.0 23.0 22.0 21.0 20.0 19.0 18.0 17.0 16.0 15.0 14.0 13.0 12.0 11.0 10.0 9.0 8.0 7.0 6.0 5.0 4.0 3.0 2.0 1.0 0.0 1.0 2.0 3.0 4.0 5.0 6.0 7.0 8.0 
8.0 9.0 10.0 11.0 12.0 13.0 14.0 15.0 16.0 17.0 18.0 19.0 20.0 21.0 22.0 23.0 24.0 25.0 26.0 27.0 28.0 29.0 30.0 31.0 32.0 31.0 30.0 29.0 28.0 27.0 26.0 25.0 24.0 23.0 22.0 21.0 20.0 19.0 18.0 17.0 16.0 15.0 14.0 13.0 12.0 11.0 10.0 9.0 8.0 7.0 6.0 5.0 4.0 3.0 2.0 1.0 0.0 1.0 2.0 3.0 4.0 5.0 6.0 7.0 
7.0 8.0 9.0 10.0 11.0 12.0 13.0 14.0 15.0 16.0 17.0 18.0 19.0 20.0 21.0 22.0 23.0 24.0 25.0 26.0 27.0 28.0 29.0 30.0 31.0 32.0 31.0 30.0 29.0 28.0 27.0 26.0 25.0 24.0 23.0 22.0 21.0 20.0 19.0 18.0 17.0 16.0 15.0 14.0 13.0 12.0 11.0 10.0 9.0 8.0 7.0 6.0 5.0 4.0 3.0 2.0 1.0 0.0 1.0 2.0 3.0 4.0 5.0 6.0 
6.0 7.0 8.0 9.0 10.0 11.0 12.0 13.0 14.0 15.0 16.0 17.0 18.0 19.0 20.0 21.0 22.0 23.0 24.0 25.0 26.0 27.0 28.0 29.0 30.0 31.0 32.0 31.0 30.0 29.0 28.0 27.0 26.0 25.0 24.0 23.0 22.0 21.0 20.0 19.0 18.0 17.0 16.0 15.0 14.0 13.0 12.0 11.0 10.0 9.0 8.0 7.0 6.0 5.0 4.0 3.0 2.0 1.0 0.0 1.0 2.0 3.0 4.0 5.0 
5.0 6.0 7.0 8.0 9.0 10.0 11.0 12.0 13.0 14.0 15.0 16.0 17.0 18.0 19.0 20.0 21.0 22.0 23.0 24.0 25.0 26.0 27.0 28.0 29.0 30.0 31.0 32.0 31.0 30.0 29.0 28.0 27.0 26.0 25.0 24.0 23.0 22.0 21.0 20.0 19.0 18.0 17.0 16.0 15.0 14.0 13.0 12.0 11.0 10.0 9.0 8.0 7.0 6.0 5.0 4.0 3.0 2.0 1.0 0.0 1.0 2.0 3.0 4.0 
4.0 5.0 6.0 7.0 8.0 9.0 10.0 11.0 12.0 13.0 14.0 15.0 16.0 17.0 18.0 19.0 20.0 21.0 22.0 23.0 24.0 25.0 26.0 27.0 28.0 29.0 30.0 31.0 32.0 31.0 30.0 29.0 28.0 27.0 26.0 25.0 24.0 23.0 22.0 21.0 20.0 19.0 18.0 17.0 16.0 15.0 14.0 13.0 12.0 11.0 10.0 9.0 8.0 7.0 6.0 5.0 4.0 3.0 2.0 1.0 0.0 1.0 2.0 3.0 
3.0 4.0 5.0 6.0 7.0 8.0 9.0 10.0 11.0 12.0 13.0 14.0 15.0 16.0 17.0 18.0 19.0 20.0 21.0 22.0 23.0 24.0 25.0 26.0 27.0 28.0 29.0 30.0 31.0 32.0 31.0 30.0 29.0 28.0 27.0 26.0 25.0 24.0 23.0 22.0 21.0 20.0 19.0 18.0 17.0 16.0 15.0 14.0 13.0 12.0 11.0 10.0 9.0 8.0 7.0 6.0 5.0 4.0 3.0 2.0 1.0 0.0 1.0 2.0 
2.0 3.0 4.0 5.0 6.0 7.0 8.0 9.0 10.0 11.0 12.0 13.0 14.0 15.0 16.0 17.0 18.0 19.0 20.0 21.0 22.0 23.0 24.0 25.0 26.0 27.0 28.0 29.0 30.0 31.0 32.0 31.0 30.0 29.0 28.0 27.0 26.0 25.0 24.0 23.0 22.0 21.0 20.0 19.0 18.0 17.0 16.0 15.0 14.0 13.0 12.0 11.0 10.0 9.0 8.0 7.0 6.0 5.0 4.0 3.0 2.0 1.0 0.0 1.0 
1.0 2.0 3.0 4.0 5.0 6.0 7.0 8.0 9.0 10.0 11.0 12.0 13.0 14.0 15.0 16.0 17.0 18.0 19.0 20.0 21.0 22.0 23.0 24.0 25.0 26.0 27.0 28.0 29.0 30.0 31.0 32.0 31.0 30.0 29.0 28.0 27.0 26.0 25.0 24.0 23.0 22.0 21.0 20.0 19.0 18.0 17.0 16.0 15.0 14.0 13.0 12.0 11.0 10.0 9.0 8.0 7.0 6.0 5.0 4.0 3.0 2.0 1.0 0.0 