64
79 84 21 98 63 43 99 30 28 53 55 5 33 70 94 58 29 3 82 28 68 1 97 40 25 43 23 16 84 42 64 75 36 65 49 72 67 86 12 32 27 87 87 85 83 24 53 24 99 14 99 58 75 47 52 41 38 40 78 10 68 65 39 13 
47 13 66 84 98 61 20 40 77 24 60 51 66 75 33 5 75 36 22 15 70 76 67 34 36 64 92 25 53 33 70 24 42 78 35 13 38 71 52 12 8 82 70 90 73 39 25 21 36 78 89 56 88 33 63 23 69 42 69 59 4 57 58 79 
90 12 26 39 61 36 67 60 62 3 28 57 82 9 71 73 61 80 33 98 27 93 77 55 45 45 7 76 18 89 95 94 41 76 98 79 86 20 76 59 85 22 42 37 64 38 16 5 72 73 66 84 70 41 98 8 17 28 19 10 19 11 59 96 
48 52 29 92 13 57 44 41 16 84 1 33 40 65 97 61 9 60 39 1 3 91 49 4 37 77 73 15 4 85 71 90 57 16 51 86 83 83 78 42 9 6 83 75 37 29 72 13 42 28 23 65 28 75 12 48 25 41 86 84 10 35 38 4 
1 17 23 53 98 61 86 40 56 10 65 71 98 14 13 39 30 59 45 89 51 68 56 26 70 29 97 45 5 7 33 39 43 42 43 33 49 73 67 91 41 47 77 73 69 34 18 93 100 7 8 74 2 26 91 42 5 89 50 36 15 46 28 46 
47 69 4 16 32 2 4 27 28 24 44 63 93 48 89 55 35 96 12 38 27 10 27 27 69 80 100 56 98 43 10 26 65 55 67 38 18 95 89 95 82 38 37 85 88 99 25 81 37 68 48 10 76 27 70 44 77 43 81 45 82 38 59 86 
93 24 22 29 83 38 81 16 23 77 100 93 60 89 85 96 68 59 7 75 92 100 18 100 36 10 72 33 70 73 59 22 83 14 42 58 21 36 67 67 25 60 88 7 77 2 25 19 95 25 79 49 74 6 37 11 95 35 7 31 91 11 32 66 
75 18 75 79 76 86 27 17 32 90 85 61 89 12 42 17 88 93 16 24 14 88 64 5 25 34 23 3 86 90 55 75 83 1 30 7 88 64 98 12 80 53 41 32 97 4 98 47 10 19 15 66 34 99 69 73 22 52 88 20 32 12 84 42 
100 64 26 27 10 1 49 49 42 41 34 82 12 27 80 16 36 12 17 29 73 17 50 26 40 24 54 79 28 22 40 26 22 34 85 79 84 23 100 19 98 17 25 43 62 98 69 55 71 58 6 41 11 18 5 91 15 72 55 42 52 16 8 42 
72 80 9 75 68 85 65 49 3 82 29 22 10 78 24 84 19 25 78 33 51 31 35 77 52 11 76 88 56 86 96 70 88 69 56 32 85 48 80 65 23 100 67 74 52 67 84 97 62 63 21 51 4 35 42 29 86 27 53 88 5 85 67 65 
7 23 75 15 69 86 84 64 52 48 76 41 69 35 73 14 67 70 38 9 33 30 18 43 60 48 33 56 70 3 19 80 90 5 18 13 91 4 53 5 29 65 64 58 53 25 99 32 32 85 61 39 6 68 90 90 24 77 77 75 99 82 98 61 
59 14 59 10 1 83 24 75 27 25 81 91 12 68 90 82 17 49 27 40 89 21 6 32 13 44 57 33 73 46 15 17 48 16 9 81 68 69 62 64 74 60 95 95 3 40 15 31 76 2 20 63 44 48 40 83 85 62 48 47 58 65 96 34 
80 75 69 72 37 11 76 27 12 23 73 47 88 32 21 18 31 82 98 79 53 98 40 45 86 12 36 99 78 1 37 74 19 93 10 59 40 99 24 24 56 79 57 3 89 29 63 71 2 4 90 80 93 65 79 54 63 85 22 42 31 45 40 51 
47 86 62 69 69 64 71 2 30 59 12 76 86 93 5 23 76 24 100 16 69 21 99 65 22 19 64 44 69 53 1 33 88 80 77 40 27 39 54 26 12 84 57 44 30 90 56 21 3 83 94 67 59 15 25 55 74 48 80 17 4 63 9 100 
24 17 44 42 7 40 43 85 5 29 23 34 71 31 50 32 52 25 14 18 41 58 23 76 72 10 57 89 1 96 75 49 89 89 81 94 31 84 40 5 65 11 35 45 98 41 82 11 69 74 14 29 42 63 92 74 53 74 39 31 72 35 42 29 
5 76 12 94 95 79 66 43 16 66 40 18 99 62 82 52 65 57 31 73 35 6 90 17 81 57 99 53 59 79 57 16 37 43 85 85 72 13 10 28 14 91 59 21 63 29 22 27 51 46 64 100 93 29 24 45 84 3 16 27 58 24 16 65 
94 59 44 47 56 14 54 83 85 48 55 81 64 84 59 8 27 14 6 79 15 91 70 65 90 95 54 94 66 63 67 69 14 44 11 37 5 51 72 64 72 61 67 40 7 68 9 26 8 13 3 6 77 80 4 16 78 92 80 91 84 6 89 32 
19 42 41 55 17 45 37 71 70 81 87 7 66 67 79 78 45 60 27 11 10 2 86 98 39 59 92 94 42 98 17 73 44 97 7 13 20 21 31 95 38 64 6 70 62 79 48 100 5 69 22 65 68 7 55 43 99 33 88 90 30 10 17 74 
3 56 55 64 84 98 29 76 53 19 14 68 57 87 40 33 69 10 65 49 70 95 5 79 66 29 75 46 14 24 100 63 63 55 78 93 1 8 39 45 65 31 1 38 88 9 33 22 72 34 12 62 11 95 82 71 45 59 66 95 97 23 67 40 
95 25 85 21 74 19 1 68 11 82 44 88 45 94 17 91 97 100 95 26 17 60 29 96 10 15 31 49 77 52 16 73 47 2 68 16 51 22 71 92 54 49 49 45 68 91 77 50 75 44 94 96 47 100 79 5 75 41 42 36 55 20 100 97 
57 80 85 69 52 55 41 57 80 38 52 60 25 47 4 21 23 51 91 27 83 83 94 3 97 12 46 50 60 44 71 97 79 81 59 55 60 10 22 2 89 60 83 71 86 16 76 6 53 72 49 76 61 13 10 9 6 59 76 82 11 38 36 41 
88 59 19 22 30 60 85 8 20 1 45 30 77 58 4 54 72 63 40 58 89 3 2 64 18 72 8 63 94 65 38 10 47 18 56 21 6 21 54 100 29 47 18 48 48 91 8 96 28 40 2 70 91 47 38 35 63 18 98 14 43 4 7 14 
60 77 92 74 64 4 75 15 36 27 81 21 18 12 94 24 90 83 99 30 18 44 30 5 21 54 100 72 91 72 1 96 96 79 15 26 40 68 66 40 35 54 43 25 22 18 62 86 81 100 60 67 43 6 100 70 74 45 56 2 44 78 15 82 
4 56 24 35 52 34 7 19 76 93 44 24 32 7 54 25 16 39 97 41 85 48 47 6 62 50 22 2 37 91 46 84 68 94 37 78 18 2 74 20 48 65 39 70 22 56 70 79 54 32 95 5 10 16 64 53 68 98 14 63 34 96 92 29 
56 16 9 54 97 72 22 84 69 37 66 66 17 50 4 62 16 39 24 32 51 54 19 67 30 50 98 65 42 66 11 92 41 94 17 37 75 20 54 93 85 71 80 11 88 43 69 17 96 8 99 74 4 95 5 1 42 56 4 76 64 21 97 41 
20 5 88 73 1 99 28 31 43 82 92 38 27 95 46 92 24 62 10 93 4 66 14 36 67 99 30 59 89 7 82 15 37 3 59 14 92 54 42 29 21 33 12 29 43 36 27 38 59 51 95 62 20 20 53 15 72 57 40 39 6 74 90 100 
16 2 63 88 98 17 43 91 69 99 15 22 43 69 58 99 3 67 2 72 76 26 28 87 59 79 18 61 39 13 53 53 53 32 95 99 20 44 94 63 53 43 23 22 18 87 30 18 80 54 90 71 84 84 11 55 85 43 76 38 69 17 60 57 
52 59 36 87 84 86 21 60 35 71 51 5 24 91 25 44 40 67 25 94 1 43 97 64 99 10 12 73 40 74 22 77 43 95 85 35 1 45 31 51 91 74 50 76 7 26 1 60 55 17 30 39 3 34 3 27 96 95 1 59 74 2 85 28 
27 79 85 86 32 88 53 25 81 10 34 31 80 81 39 74 2 44 1 79 28 19 81 12 7 57 87 39 37 83 15 21 10 74 75 7 29 26 57 85 45 98 18 35 15 6 37 62 46 73 10 41 94 51 12 33 68 4 10 31 27 12 8 61 
16 32 36 55 78 91 38 72 10 18 57 58 83 66 7 12 1 34 88 10 13 24 15 67 66 97 43 12 20 63 65 17 78 73 21 90 64 40 40 17 65 42 75 72 99 32 81 43 10 44 49 87 77 46 9 82 17 31 1 97 29 60 98 42 
88 63 2 89 7 90 92 5 53 46 11 91 35 80 57 23 12 21 39 82 49 52 30 56 84 63 80 74 5 39 81 71 40 58 35 23 70 72 32 76 16 8 68 66 61 49 64 15 8 41 25 23 20 12 57 98 76 77 25 96 11 60 89 33 
53 42 86 30 65 15 56 67 95 65 8 4 90 2 34 36 6 27 56 27 29 42 42 13 36 58 9 82 71 58 30 3 21 100 33 86 80 60 64 53 27 31 56 6 3 72 62 28 58 34 7 44 25 40 65 94 85 39 28 93 46 1 46 85 
67 83 50 40 79 97 86 6 97 36 84 45 39 80 50 72 37 95 24 66 71 87 15 80 17 40 96 26 16 15 66 49 41 31 23 17 54 35 25 81 89 93 96 97 98 95 72 7 70 99 1 17 66 65 8 89 46 3 75 6 79 67 47 17 
15 18 99 9 6 25 64 25 65 87 68 50 74 13 45 9 18 93 39 4 57 31 81 41 23 44 78 40 87 83 81 3 14 74 52 80 32 66 16 27 84 6 56 86 40 4 24 52 57 71 70 38 77 99 1 6 49 52 41 53 14 12 58 98 
50 17 68 83 80 40 1 10 43 53 51 55 64 93 9 89 14 100 94 16 72 66 15 64 26 28 51 28 52 69 68 59 9 93 2 90 77 87 55 56 46 60 10 79 47 68 76 30 48 35 84 48 78 79 14 32 79 99 34 81 41 21 83 91 
54 68 8 24 2 45 95 77 52 30 56 22 82 59 76 28 42 44 27 71 9 62 14 3 86 83 22 47 56 51 5 75 71 29 67 59 47 13 13 32 79 82 4 80 30 54 41 69 93 24 60 4 22 86 68 69 96 8 61 85 6 20 7 98 
99 52 37 62 81 82 96 45 79 90 16 5 43 46 58 47 52 66 7 84 25 1 21 36 26 44 75 9 47 76 34 14 3 81 12 79 24 30 11 16 99 99 12 39 94 65 28 34 34 17 72 5 63 88 89 53 86 41 52 73 80 74 43 31 
43 18 48 47 94 10 66 29 53 19 9 39 11 8 42 10 33 28 85 77 39 59 9 57 48 59 43 15 84 100 67 1 50 38 18 77 11 6 53 85 39 51 10 12 19 50 8 40 33 14 38 21 29 49 54 69 84 25 39 62 18 82 52 12 
35 13 33 34 26 58 76 44 61 74 65 44 18 24 89 7 94 22 31 88 90 71 24 18 4 56 52 54 20 20 34 58 14 69 2 17 46 82 48 48 86 17 92 3 56 28 5 7 29 85 96 11 17 67 63 76 28 72 35 15 81 26 52 26 
36 27 83 19 36 65 63 100 6 61 74 4 7 67 96 88 90 93 96 75 96 7 45 52 1 81 24 8 63 1 40 31 11 72 75 64 2 27 46 7 46 25 76 55 14 66 68 80 89 73 61 12 86 67 88 85 59 69 44 41 94 92 45 74 
40 98 13 82 25 72 54 62 70 56 84 76 61 99 45 18 30 78 8 44 90 84 51 77 47 76 35 8 49 46 52 24 68 67 83 21 48 39 49 89 31 24 80 63 58 75 63 92 67 69 56 93 29 98 40 91 65 84 49 99 7 95 12 30 
19 99 92 54 29 94 87 51 43 68 42 38 33 1 79 100 48 93 61 65 9 50 30 11 15 65 16 62 46 86 99 67 66 55 2 25 79 39 1 9 54 66 62 33 86 10 73 74 74 56 61 2 56 4 9 15 42 59 54 96 11 61 91 19 
48 7 26 20 67 33 20 96 67 24 37 77 11 23 83 57 17 77 99 41 13 76 10 39 68 67 48 10 49 57 29 25 1 84 13 48 99 26 38 8 7 30 95 67 6 25 56 31 98 56 86 76 15 57 57 28 70 91 37 32 41 45 45 77 
88 45 36 93 84 45 100 23 72 49 29 55 93 81 7 27 74 11 38 56 57 33 82 15 62 98 14 52 7 40 20 86 82 68 35 94 8 74 66 53 18 28 44 100 1 42 44 96 95 1 3 27 77 66 13 36 58 29 99 2 43 20 24 78 
67 66 16 25 35 77 33 19 32 71 86 4 54 36 19 1 81 83 62 16 66 74 91 39 2 5 98 5 16 4 30 85 81 3 65 37 90 64 25 51 14 13 98 87 42 97 69 22 95 21 17 24 71 6 74 8 12 54 94 14 81 65 98 98 
31 59 32 34 40 32 86 98 33 60 88 9 40 44 24 30 17 97 60 24 23 13 98 95 82 61 19 99 73 11 72 22 10 52 14 7 46 97 65 38 52 57 3 1 89 23 18 14 4 79 50 59 82 83 29 48 48 90 84 51 14 23 10 92 
81 30 28 99 53 68 54 15 6 39 41 97 37 46 8 91 24 45 37 50 98 90 14 24 24 87 91 14 81 27 69 9 48 40 46 17 31 65 19 29 28 100 86 39 68 4 68 97 78 24 59 78 51 57 72 20 11 26 47 89 7 90 15 43 
86 84 51 93 30 54 91 22 49 42 72 20 5 16 9 100 41 73 16 75 51 43 23 12 44 52 70 23 38 38 87 58 83 13 12 17 90 1 48 92 97 13 14 44 35 13 85 14 99 59 12 54 38 83 74 46 11 1 21 80 30 49 14 53 
91 29 52 17 63 49 12 14 31 58 52 34 60 3 2 25 75 39 98 72 76 19 52 13 10 93 50 90 80 59 25 34 51 54 21 40 32 37 82 87 62 74 23 94 13 65 78 26 40 100 90 39 60 67 7 7 13 25 51 89 11 41 76 44 
39 51 29 6 19 47 40 38 88 97 88 27 85 14 6 16 69 15 98 14 24 6 86 97 67 85 48 61 11 86 10 68 73 35 58 14 63 99 20 33 9 1 96 25 68 30 49 44 75 51 7 76 29 21 14 30 63 35 70 41 4 91 72 60 
7 8 92 59 61 96 98 41 21 81 51 49 63 67 1 26 33 12 14 100 47 70 38 63 52 67 31 37 95 63 70 74 70 65 43 31 39 22 77 25 98 17 87 55 30 65 43 17 56 29 57 8 57 100 78 38 41 40 3 13 40 50 32 100 
80 15 94 24 25 18 56 67 20 45 4 2 23 56 3 58 97 59 49 34 49 30 40 5 67 96 5 96 58 23 1 81 54 35 53 62 51 90 34 27 44 73 19 54 20 39 72 13 14 92 50 66 45 8 92 17 73 86 53 86 47 16 36 73 
24 31 3 99 5 16 82 84 84 78 63 99 30 70 95 47 70 20 15 61 51 69 10 37 91 20 26 48 94 69 63 71 16 66 7 70 75 99 16 95 23 34 67 77 83 81 37 1 99 21 4 69 1 24 98 35 95 90 100 9 79 42 24 45 
29 18 6 22 93 27 79 59 45 17 36 27 91 72 29 26 50 39 26 85 39 58 52 87 56 8 62 69 91 53 15 7 74 79 88 28 85 7 16 95 91 62 79 15 63 31 72 93 68 82 53 52 94 77 9 88 27 89 40 96 94 38 43 76 
38 60 35 94 75 33 7 30 44 62 20 99 24 12 83 46 40 17 19 73 50 3 78 33 37 85 40 60 51 31 97 22 5 87 60 20 56 52 54 34 41 92 66 9 78 78 37 37 2 24 23 22 76 2 47 96 47 59 95 64 12 27 57 70 
44 72 42 86 2 38 37 38 30 43 90 57 29 77 22 28 7 45 65 24 100 58 19 70 40 32 79 27 24 50 81 20 31 93 17 26 33 64 86 26 80 97 59 55 37 55 93 83 72 98 81 61 35 65 83 56 8 24 100 5 75 49 26 90 
12 93 42 91 70 64 11 79 89 85 15 83 92 47 95 36 67 54 97 11 8 3 35 50 20 84 51 64 78 60 81 83 5 83 89 7 40 96 3 68 29 17 63 40 93 21 61 31 99 70 46 59 91 97 34 35 22 31 36 53 23 95 43 16 
38 73 86 79 8 45 54 88 13 37 9 85 26 69 78 76 6 40 32 11 19 84 78 86 26 44 84 19 7 25 64 24 22 72 73 90 31 11 66 77 70 66 82 4 69 7 88 28 39 8 8 77 8 77 67 62 51 58 86 32 90 9 81 10 
58 40 34 81 19 21 33 35 76 83 16 57 27 70 27 29 56 80 38 59 42 7 94 53 92 59 42 32 13 98 2 68 8 22 49 97 56 20 59 50 56 7 20 23 18 74 24 66 94 54 59 69 96 39 90 68 66 9 46 71 26 2 2 86 
12 24 3 3 19 90 32 43 77 2 2 47 27 58 84 9 36 19 42 91 67 91 60 14 19 3 27 79 30 1 83 14 1 92 71 34 35 24 99 6 46 87 12 84 47 17 73 68 51 61 43 28 17 93 99 25 8 36 44 67 52 8 5 24 
31 98 88 42 77 46 5 2 96 97 30 49 62 55 51 5 17 59 69 47 11 32 4 65 2 77 73 80 68 38 23 91 100 76 78 67 79 63 69 24 83 31 82 12 77 58 10 83 92 81 53 72 62 66 43 7 54 91 74 2 100 26 49 80 
46 40 56 80 43 47 47 16 44 49 55 22 31 94 6 76 1 72 47 1 9 26 84 28 97 62 39 7 53 52 15 57 22 32 8 35 51 65 53 95 91 36 5 66 50 49 88 90 18 38 4 16 74 59 26 49 4 1 90 5 91 45 92 99 
72 76 21 60 29 94 21 61 89 86 86 53 53 25 19 29 47 70 97 26 77 2 6 69 50 33 30 14 4 62 76 4 20 71 66 75 5 90 50 2 15 55 68 58 63 42 49 37 85 10 62 77 74 35 97 21 63 74 41 52 21 71 2 7 
55 98 27 21 78 12 71 68 3 34 17 49 56 7 100 4 64 31 76 33 24 46 28 12 93 23 92 45 27 41 14 68 93 46 14 39 11 24 39 64 8 28 52 58 58 15 100 23 2 35 38 17 60 7 17 10 82 78 76 32 91 89 85 43 
0.0 1.0 2.0 3.0 4.0 5.0 6.0 7.0 8.0 9.0 10.0 11.0 12.0 13.0 14.0 15.0 16.0 17.0 18.0 19.0 20.0 21.0 22.0 23.0 24.0 25.0 26.0 27.0 28.0 29.0 30.0 31.0 32.0 31.0 30.0 29.0 28.0 27.0 26.0 25.0 24.0 23.0 22.0 21.0 20.0 19.0 18.0 17.0 16.0 15.0 14.0 13.0 12.0 11.0 10.0 9.0 8.0 7.0 6.0 5.0 4.0 3.0 2.0 1.0 
1.0 0.0 1.0 2.0 3.0 4.0 5.0 6.0 7.0 8.0 9.0 10.0 11.0 12.0 13.0 14.0 15.0 16.0 17.0 18.0 19.0 20.0 21.0 22.0 23.0 24.0 25.0 26.0 27.0 28.0 29.0 30.0 31.0 32.0 31.0 30.0 29.0 28.0 27.0 26.0 25.0 24.0 23.0 22.0 21.0 20.0 19.0 18.0 17.0 16.0 15.0 14.0 13.0 12.0 11.0 10.0 9.0 8.0 7.0 6.0 5.0 4.0 3.0 2.0 
2.0 1.0 0.0 1.0 2.0 3.0 4.0 5.0 6.0 7.0 8.0 9.0 10.0 11.0 12.0 13.0 14.0 15.0 16.0 17.0 18.0 19.0 20.0 21.0 22.0 23.0 24.0 25.0 26.0 27.0 28.0 29.0 30.0 31.0 32.0 31.0 30.0 29.0 28.0 27.0 26.0 25.0 24.0 23.0 22.0 21.0 20.0 19.0 18.0 17.0 16.0 15.0 14.0 13.0 12.0 11.0 10.0 9.0 8.0 7.0 6.0 5.0 4.0 3.0 
3.0 2.0 1.0 0.0 1.0 2.0 3.0 4.0 5.0 6.0 7.0 8.0 9.0 10.0 11.0 12.0 13.0 14.0 15.0 16.0 17.0 18.0 19.0 20.0 21.0 22.0 23.0 24.0 25.0 26.0 27.0 28.0 29.0 30.0 31.0 32.0 31.0 30.0 29.0 28.0 27.0 26.0 25.0 24.0 23.0 22.0 21.0 20.0 19.0 18.0 17.0 16.0 15.0 14.0 13.0 12.0 11.0 10.0 9.0 8.0 7.0 6.0 5.0 4.0 
4.0 3.0 2.0 1.0 0.0 1.0 2.0 3.0 4.0 5.0 6.0 7.0 8.0 9.0 10.0 11.0 12.0 13.0 14.0 15.0 16.0 17.0 18.0 19.0 20.0 21.0 22.0 23.0 24.0 25.0 26.0 27.0 28.0 29.0 30.0 31.0 32.0 31.0 30.0 29.0 28.0 27.0 26.0 25.0 24.0 23.0 22.0 21.0 20.0 19.0 18.0 17.0 16.0 15.0 14.0 13.0 12.0 11.0 10.0 9.0 8.0 7.0 6.0 5.0 
5.0 4.0 3.0 2.0 1.0 0.0 1.0 2.0 3.0 4.0 5.0 6.0 7.0 8.0 9.0 10.0 11.0 12.0 13.0 14.0 15.0 16.0 17.0 18.0 19.0 20.0 21.0 22.0 23.0 24.0 25.0 26.0 27.0 28.0 29.0 30.0 31.0 32.0 31.0 30.0 29.0 28.0 27.0 26.0 25.0 24.0 23.0 22.0 21.0 20.0 19.0 18.0 17.0 16.0 15.0 14.0 13.0 12.0 11.0 10.0 9.0 8.0 7.0 6.0 
6.0 5.0 4.0 3.0 2.0 1.0 0.0 1.0 2.0 3.0 4.0 5.0 6.0 7.0 8.0 9.0 10.0 11.0 12.0 13.0 14.0 15.0 16.0 17.0 18.0 19.0 20.0 21.0 22.0 23.0 24.0 25.0 26.0 27.0 28.0 29.0 30.0 31.0 32.0 31.0 30.0 29.0 28.0 27.0 26.0 25.0 24.0 23.0 22.0 21.0 20.0 19.0 18.0 17.0 16.0 15.0 14.0 13.0 12.0 11.0 10.0 9.0 8.0 7.0 
7.0 6.0 5.0 4.0 3.0 2.0 1.0 0.0 1.0 2.0 3.0 4.0 5.0 6.0 7.0 8.0 9.0 10.0 11.0 12.0 13.0 14.0 15.0 16.0 17.0 18.0 19.0 20.0 21.0 22.0 23.0 24.0 25.0 26.0 27.0 28.0 29.0 30.0 31.0 32.0 31.0 30.0 29.0 28.0 27.0 26.0 25.0 24.0 23.0 22.0 21.0 20.0 19.0 18.0 17.0 16.0 15.0 14.0 13.0 12.0 11.0 10.0 9.0 8.0 
8.0 7.0 6.0 5.0 4.0 3.0 2.0 1.0 0.0 1.0 2.0 3.0 4.0 5.0 6.0 7.0 8.0 9.0 10.0 11.0 12.0 13.0 14.0 15.0 16.0 17.0 18.0 19.0 20.0 21.0 22.0 23.0 24.0 25.0 26.0 27.0 28.0 29.0 30.0 31.0 32.0 31.0 30.0 29.0 28.0 27.0 26.0 25.0 24.0 23.0 22.0 21.0 20.0 19.0 18.0 17.0 16.0 15.0 14.0 13.0 12.0 11.0 10.0 9.0 
9.0 8.0 7.0 6.0 5.0 4.0 3.0 2.0 1.0 0.0 1.0 2.0 3.0 4.0 5.0 6.0 7.0 8.0 9.0 10.0 11.0 12.0 13.0 14.0 15.0 16.0 17.0 18.0 19.0 20.0 21.0 22.0 23.0 24.0 25.0 26.0 27.0 28.0 29.0 30.0 31.0 32.0 31.0 30.0 29.0 28.0 27.0 26.0 25.0 24.0 23.0 22.0 21.0 20.0 19.0 18.0 17.0 16.0 15.0 14.0 13.0 12.0 11.0 10.0 
10.0 9.0 8.0 7.0 6.0 5.0 4.0 3.0 2.0 1.0 0.0 1.0 2.0 3.0 4.0 5.0 6.0 7.0 8.0 9.0 10.0 11.0 12.0 13.0 14.0 15.0 16.0 17.0 18.0 19.0 20.0 21.0 22.0 23.0 24.0 25.0 26.0 27.0 28.0 29.0 30.0 31.0 32.0 31.0 30.0 29.0 28.0 27.0 26.0 25.0 24.0 23.0 22.0 21.0 20.0 19.0 18.0 17.0 16.0 15.0 14.0 13.0 12.0 11.0 
11.0 10.0 9.0 8.0 7.0 6.0 5.0 4.0 3.0 2.0 1.0 0.0 1.0 2.0 3.0 4.0 5.0 6.0 7.0 8.0 9.0 10.0 11.0 12.0 13.0 14.0 15.0 16.0 17.0 18.0 19.0 20.0 21.0 22.0 23.0 24.0 25.0 26.0 27.0 28.0 29.0 30.0 31.0 32.0 31.0 30.0 29.0 28.0 27.0 26.0 25.0 24.0 23.0 22.0 21.0 20.0 19.0 18.0 17.0 16.0 15.0 14.0 13.0 12.0 
12.0 11.0 10.0 9.0 8.0 7.0 6.0 5.0 4.0 3.0 2.0 1.0 0.0 1.0 2.0 3.0 4.0 5.0 6.0 7.0 8.0 9.0 10.0 11.0 12.0 13.0 14.0 15.0 16.0 17.0 18.0 19.0 20.0 21.0 22.0 23.0 24.0 25.0 26.0 27.0 28.0 29.0 30.0 31.0 32.0 31.0 30.0 29.0 28.0 27.0 26.0 25.0 24.0 23.0 22.0 21.0 20.0 19.0 18.0 17.0 16.0 15.0 14.0 13.0 
13.0 12.0 11.0 10.0 9.0 8.0 7.0 6.0 5.0 4.0 3.0 2.0 1.0 0.0 1.0 2.0 3.0 4.0 5.0 6.0 7.0 8.0 9.0 10.0 11.0 12.0 13.0 14.0 15.0 16.0 17.0 18.0 19.0 20.0 21.0 22.0 23.0 24.0 25.0 26.0 27.0 28.0 29.0 30.0 31.0 32.0 31.0 30.0 29.0 28.0 27.0 26.0 25.0 24.0 23.0 22.0 21.0 20.0 19.0 18.0 17.0 16.0 15.0 14.0 
14.0 13.0 12.0 11.0 10.0 9.0 8.0 7.0 6.0 5.0 4.0 3.0 2.0 1.0 0.0 1.0 2.0 3.0 4.0 5.0 6.0 7.0 8.0 9.0 10.0 11.0 12.0 13.0 14.0 15.0 16.0 17.0 18.0 19.0 20.0 21.0 22.0 23.0 24.0 25.0 26.0 27.0 28.0 29.0 30.0 31.0 32.0 31.0 30.0 29.0 28.0 27.0 26.0 25.0 24.0 23.0 22.0 21.0 20.0 19.0 18.0 17.0 16.0 15.0 
15.0 14.0 13.0 12.0 11.0 10.0 9.0 8.0 7.0 6.0 5.0 4.0 3.0 2.0 1.0 0.0 1.0 2.0 3.0 4.0 5.0 6.0 7.0 8.0 9.0 10.0 11.0 12.0 13.0 14.0 15.0 16.0 17.0 18.0 19.0 20.0 21.0 22.0 23.0 24.0 25.0 26.0 27.0 28.0 29.0 30.0 31.0 32.0 31.0 30.0 29.0 28.0 27.0 26.0 25.0 24.0 23.0 22.0 21.0 20.0 19.0 18.0 17.0 16.0 
16.0 15.0 14.0 13.0 12.0 11.0 10.0 9.0 8.0 7.0 6.0 5.0 4.0 3.0 2.0 1.0 0.0 1.0 2.0 3.0 4.0 5.0 6.0 7.0 8.0 9.0 10.0 11.0 12.0 13.0 14.0 15.0 16.0 17.0 18.0 19.0 20.0 21.0 22.0 23.0 24.0 25.0 26.0 27.0 28.0 29.0 30.0 31.0 32.0 31.0 30.0 29.0 28.0 27.0 26.0 25.0 24.0 23.0 22.0 21.0 20.0 19.0 18.0 17.0 
17.0 16.0 15.0 14.0 13.0 12.0 11.0 10.0 9.0 8.0 7.0 6.0 5.0 4.0 3.0 2.0 1.0 0.0 1.0 2.0 3.0 4.0 5.0 6.0 7.0 8.0 9.0 10.0 11.0 12.0 13.0 14.0 15.0 16.0 17.0 18.0 19.0 20.0 21.0 22.0 23.0 24.0 25.0 26.0 27.0 28.0 29.0 30.0 31.0 32.0 31.0 30.0 29.0 28.0 27.0 26.0 25.0 24.0 23.0 22.0 21.0 20.0 19.0 18.0 
18.0 17.0 16.0 15.0 14.0 13.0 12.0 11.0 10.0 9.0 8.0 7.0 6.0 5.0 4.0 3.0 2.0 1.0 0.0 1.0 2.0 3.0 4.0 5.0 6.0 7.0 8.0 9.0 10.0 11.0 12.0 13.0 14.0 15.0 16.0 17.0 18.0 19.0 20.0 21.0 22.0 23.0 24.0 25.0 26.0 27.0 28.0 29.0 30.0 31.0 32.0 31.0 30.0 29.0 28.0 27.0 26.0 25.0 24.0 23.0 22.0 21.0 20.0 19.0 
19.0 18.0 17.0 16.0 15.0 14.0 13.0 12.0 11.0 10.0 9.0 8.0 7.0 6.0 5.0 4.0 3.0 2.0 1.0 0.0 1.0 2.0 3.0 4.0 5.0 6.0 7.0 8.0 9.0 10.0 11.0 12.0 13.0 14.0 15.0 16.0 17.0 18.0 19.0 20.0 21.0 22.0 23.0 24.0 25.0 26.0 27.0 28.0 29.0 30.0 31.0 32.0 31.0 30.0 29.0 28.0 27.0 26.0 25.0 24.0 23.0 22.0 21.0 20.0 
20.0 19.0 18.0 17.0 16.0 15.0 14.0 13.0 12.0 11.0 10.0 9.0 8.0 7.0 6.0 5.0 4.0 3.0 2.0 1.0 0.0 1.0 2.0 3.0 4.0 5.0 6.0 7.0 8.0 9.0 10.0 11.0 12.0 13.0 14.0 15.0 16.0 17.0 18.0 19.0 20.0 21.0 22.0 23.0 24.0 25.0 26.0 27.0 28.0 29.0 30.0 31.0 32.0 31.0 30.0 29.0 28.0 27.0 26.0 25.0 24.0 23.0 22.0 21.0 
21.0 20.0 19.0 18.0 17.0 16.0 15.0 14.0 13.0 12.0 11.0 10.0 9.0 8.0 7.0 6.0 5.0 4.0 3.0 2.0 1.0 0.0 1.0 2.0 3.0 4.0 5.0 6.0 7.0 8.0 9.0 10.0 11.0 12.0 13.0 14.0 15.0 16.0 17.0 18.0 19.0 20.0 21.0 22.0 23.0 24.0 25.0 26.0 27.0 28.0 29.0 30.0 31.0 32.0 31.0 30.0 29.0 28.0 27.0 26.0 25.0 24.0 23.0 22.0 
22.0 21.0 20.0 19.0 18.0 17.0 16.0 15.0 14.0 13.0 12.0 11.0 10.0 9.0 8.0 7.0 6.0 5.0 4.0 3.0 2.0 1.0 0.0 1.0 2.0 3.0 4.0 5.0 6.0 7.0 8.0 9.0 10.0 11.0 12.0 13.0 14.0 15.0 16.0 17.0 18.0 19.0 20.0 21.0 22.0 23.0 24.0 25.0 26.0 27.0 28.0 29.0 30.0 31.0 32.0 31.0 30.0 29.0 28.0 27.0 26.0 25.0 24.0 23.0 
23.0 22.0 21.0 20.0 19.0 18.0 17.0 16.0 15.0 14.0 13.0 12.0 11.0 10.0 9.0 8.0 7.0 6.0 5.0 4.0 3.0 2.0 1.0 0.0 1.0 2.0 3.0 4.0 5.0 6.0 7.0 8.0 9.0 10.0 11.0 12.0 13.0 14.0 15.0 16.0 17.0 18.0 19.0 20.0 21.0 22.0 23.0 24.0 25.0 26.0 27.0 28.0 29.0 30.0 31.0 32.0 31.0 30.0 29.0 28.0 27.0 26.0 25.0 24.0 
24.0 23.0 22.0 21.0 20.0 19.0 18.0 17.0 16.0 15.0 14.0 13.0 12.0 11.0 10.0 9.0 8.0 7.0 6.0 5.0 4.0 3.0 2.0 1.0 0.0 1.0 2.0 3.0 4.0 5.0 6.0 7.0 8.0 9.0 10.0 11.0 12.0 13.0 14.0 15.0 16.0 17.0 18.0 19.0 20.0 21.0 22.0 23.0 24.0 25.0 26.0 27.0 28.0 29.0 30.0 31.0 32.0 31.0 30.0 29.0 28.0 27.0 26.0 25.0 
25.0 24.0 23.0 22.0 21.0 20.0 19.0 18.0 17.0 16.0 15.0 14.0 13.0 12.0 11.0 10.0 9.0 8.0 7.0 6.0 5.0 4.0 3.0 2.0 1.0 0.0 1.0 2.0 3.0 4.0 5.0 6.0 7.0 8.0 9.0 10.0 11.0 12.0 13.0 14.0 15.0 16.0 17.0 18.0 19.0 20.0 21.0 22.0 23.0 24.0 25.0 26.0 27.0 28.0 29.0 30.0 31.0 32.0 31.0 30.0 29.0 28.0 27.0 26.0 
26.0 25.0 24.0 23.0 22.0 21.0 20.0 19.0 18.0 17.0 16.0 15.0 14.0 13.0 12.0 11.0 10.0 9.0 8.0 7.0 6.0 5.0 4.0 3.0 2.0 1.0 0.0 1.0 2.0 3.0 4.0 5.0 6.0 7.0 8.0 9.0 10.0 11.0 12.0 13.0 14.0 15.0 16.0 17.0 18.0 19.0 20.0 21.0 22.0 23.0 24.0 25.0 26.0 27.0 28.0 29.0 30.0 31.0 32.0 31.0 30.0 29.0 28.0 27.0 
27.0 26.0 25.0 24.0 23.0 22.0 21.0 20.0 19.0 18.0 17.0 16.0 15.0 14.0 13.0 12.0 11.0 10.0 9.0 8.0 7.0 6.0 5.0 4.0 3.0 2.0 1.0 0.0 1.0 2.0 3.0 4.0 5.0 6.0 7.0 8.0 9.0 10.0 11.0 12.0 13.0 14.0 15.0 16.0 17.0 18.0 19.0 20.0 21.0 22.0 23.0 24.0 25.0 26.0 27.0 28.0 29.0 30.0 31.0 32.0 31.0 30.0 29.0 28.0 
28.0 27.0 26.0 25.0 24.0 23.0 22.0 21.0 20.0 19.0 18.0 17.0 16.0 15.0 14.0 13.0 12.0 11.0 10.0 9.0 8.0 7.0 6.0 5.0 4.0 3.0 2.0 1.0 0.0 1.0 2.0 3.0 4.0 5.0 6.0 7.0 8.0 9.0 10.0 11.0 12.0 13.0 14.0 15.0 16.0 17.0 18.0 19.0 20.0 21.0 22.0 23.0 24.0 25.0 26.0 27.0 28.0 29.0 30.0 31.0 32.0 31.0 30.0 29.0 
29.0 28.0 27.0 26.0 25.0 24.0 23.0 22.0 21.0 20.0 19.0 18.0 17.0 16.0 15.0 14.0 13.0 12.0 11.0 10.0 9.0 8.0 7.0 6.0 5.0 4.0 3.0 2.0 1.0 0.0 1.0 2.0 3.0 4.0 5.0 6.0 7.0 8.0 9.0 10.0 11.0 12.0 13.0 14.0 15.0 16.0 17.0 18.0 19.0 20.0 21.0 22.0 23.0 24.0 25.0 26.0 27.0 28.0 29.0 30.0 31.0 32.0 31.0 30.0 
30.0 29.0 28.0 27.0 26.0 25.0 24.0 23.0 22.0 21.0 20.0 19.0 18.0 17.0 16.0 15.0 14.0 13.0 12.0 11.0 10.0 9.0 8.0 7.0 6.0 5.0 4.0 3.0 2.0 1.0 0.0 1.0 2.0 3.0 4.0 5.0 6.0 7.0 8.0 9.0 10.0 11.0 12.0 13.0 14.0 15.0 16.0 17.0 18.0 19.0 20.0 21.0 22.0 23.0 24.0 25.0 26.0 27.0 28.0 29.0 30.0 31.0 32.0 31.0 
31.0 30.0 29.0 28.0 27.0 26.0 25.0 24.0 23.0 22.0 21.0 20.0 19.0 18.0 17.0 16.0 15.0 14.0 13.0 12.0 11.0 10.0 9.0 8.0 7.0 6.0 5.0 4.0 3.0 2.0 1.0 0.0 1.0 2.0 3.0 4.0 5.0 6.0 7.0 8.0 9.0 10.0 11.0 12.0 13.0 14.0 15.0 16.0 17.0 18.0 19.0 20.0 21.0 22.0 23.0 24.0 25.0 26.0 27.0 28.0 29.0 30.0 31.0 32.0 
32.0 31.0 30.0 29.0 28.0 27.0 26.0 25.0 24.0 23.0 22.0 21.0 20.0 19.0 18.0 17.0 16.0 15.0 14.0 13.0 12.0 11.0 10.0 9.0 8.0 7.0 6.0 5.0 4.0 3.0 2.0 1.0 0.0 1.0 2.0 3.0 4.0 5.0 6.0 7.0 8.0 9.0 10.0 11.0 12.0 13.0 14.0 15.0 16.0 17.0 18.0 19.0 20.0 21.0 22.0 23.0 24.0 25.0 26.0 27.0 28.0 29.0 30.0 31.0 
31.0 32.0 31.0 30.0 29.0 28.0 27.0 26.0 25.0 24.0 23.0 22.0 21.0 20.0 19.0 18.0 17.0 16.0 15.0 14.0 13.0 12.0 11.0 10.0 9.0 8.0 7.0 6.0 5.0 4.0 3.0 2.0 1.0 0.0 1.0 2.0 3.0 4.0 5.0 6.0 7.0 8.0 9.0 10.0 11.0 12.0 13.0 14.0 15.0 16.0 17.0 18.0 19.0 20.0 21.0 22.0 23.0 24.0 25.0 26.0 27.0 28.0 29.0 30.0 
30.0 31.0 32.0 31.0 30.0 29.0 28.0 27.0 26.0 25.0 24.0 23.0 22.0 21.0 20.0 19.0 18.0 17.0 16.0 15.0 14.0 13.0 12.0 11.0 10.0 9.0 8.0 7.0 6.0 5.0 4.0 3.0 2.0 1.0 0.0 1.0 2.0 3.0 4.0 5.0 6.0 7.0 8.0 9.0 10.0 11.0 12.0 13.0 14.0 15.0 16.0 17.0 18.0 19.0 20.0 21.0 22.0 23.0 24.0 25.0 26.0 27.0 28.0 29.0 
29.0 30.0 31.0 32.0 31.0 30.0 29.0 28.0 27.0 26.0 25.0 24.0 23.0 22.0 21.0 20.0 19.0 18.0 17.0 16.0 15.0 14.0 13.0 12.0 11.0 10.0 9.0 8.0 7.0 6.0 5.0 4.0 3.0 2.0 1.0 0.0 1.0 2.0 3.0 4.0 5.0 6.0 7.0 8.0 9.0 10.0 11.0 12.0 13.0 14.0 15.0 16.0 17.0 18.0 19.0 20.0 21.0 22.0 23.0 24.0 25.0 26.0 27.0 28.0 
28.0 29.0 30.0 31.0 32.0 31.0 30.0 29.0 28.0 27.0 26.0 25.0 24.0 23.0 22.0 21.0 20.0 19.0 18.0 17.0 16.0 15.0 14.0 13.0 12.0 11.0 10.0 9.0 8.0 7.0 6.0 5.0 4.0 3.0 2.0 1.0 0.0 1.0 2.0 3.0 4.0 5.0 6.0 7.0 8.0 9.0 10.0 11.0 12.0 13.0 14.0 15.0 16.0 17.0 18.0 19.0 20.0 21.0 22.0 23.0 24.0 25.0 26.0 27.0 
27.0 28.0 29.0 30.0 31.0 32.0 31.0 30.0 29.0 28.0 27.0 26.0 25.0 24.0 23.0 22.0 21.0 20.0 19.0 18.0 17.0 16.0 15.0 14.0 13.0 12.0 11.0 10.0 9.0 8.0 7.0 6.0 5.0 4.0 3.0 2.0 1.0 0.0 1.0 2.0 3.0 4.0 5.0 6.0 7.0 8.0 9.0 10.0 11.0 12.0 13.0 14.0 15.0 16.0 17.0 18.0 19.0 20.0 21.0 22.0 23.0 24.0 25.0 26.0 
26.0 27.0 28.0 29.0 30.0 31.0 32.0 31.0 30.0 29.0 28.0 27.0 26.0 25.0 24.0 23.0 22.0 21.0 20.0 19.0 18.0 17.0 16.0 15.0 14.0 13.0 12.0 11.0 10.0 9.0 8.0 7.0 6.0 5.0 4.0 3.0 2.0 1.0 0.0 1.0 2.0 3.0 4.0 5.0 6.0 7.0 8.0 9.0 10.0 11.0 12.0 13.0 14.0 15.0 16.0 17.0 18.0 19.0 20.0 21.0 22.0 23.0 24.0 25.0 
25.0 26.0 27.0 28.0 29.0 30.0 31.0 32.0 31.0 30.0 29.0 28.0 27.0 26.0 25.0 24.0 23.0 22.0 21.0 20.0 19.0 18.0 17.0 16.0 15.0 14.0 13.0 12.0 11.0 10.0 9.0 8.0 7.0 6.0 5.0 4.0 3.0 2.0 1.0 0.0 1.0 2.0 3.0 4.0 5.0 6.0 7.0 8.0 9.0 10.0 11.0 12.0 13.0 14.0 15.0 16.0 17.0 18.0 19.0 20.0 21.0 22.0 23.0 24.0 
24.0 25.0 26.0 27.0 28.0 29.0 30.0 31.0 32.0 31.0 30.0 29.0 28.0 27.0 26.0 25.0 24.0 23.0 22.0 21.0 20.0 19.0 18.0 17.0 16.0 15.0 14.0 13.0 12.0 11.0 10.0 9.0 8.0 7.0 6.0 5.0 4.0 3.0 2.0 1.0 0.0 1.0 2.0 3.0 4.0 5.0 6.0 7.0 8.0 9.0 10.0 11.0 12.0 13.0 14.0 15.0 16.0 17.0 18.0 19.0 20.0 21.0 22.0 23.0 
23.0 24.0 25.0 26.0 27.0 28.0 29.0 30.0 31.0 32.0 31.0 30.0 29.0 28.0 27.0 26.0 25.0 24.0 23.0 22.0 21.0 20.0 19.0 18.0 17.0 16.0 15.0 14.0 13.0 12.0 11.0 10.0 9.0 8.0 7.0 6.0 5.0 4.0 3.0 2.0 1.0 0.0 1.0 2.0 3.0 4.0 5.0 6.0 7.0 8.0 9.0 10.0 11.0 12.0 13.0 14.0 15.0 16.0 17.0 18.0 19.0 20.0 21.0 22.0 
22.0 23.0 24.0 25.0 26.0 27.0 28.0 29.0 30.0 31.0 32.0 31.0 30.0 29.0 28.0 27.0 26.0 25.0 24.0 23.0 22.0 21.0 20.0 19.0 18.0 17.0 16.0 15.0 14.0 13.0 12.0 11.0 10.0 9.0 8.0 7.0 6.0 5.0 4.0 3.0 2.0 1.0 0.0 1.0 2.0 3.0 4.0 5.0 6.0 7.0 8.0 9.0 10.0 11.0 12.0 13.0 14.0 15.0 16.0 17.0 18.0 19.0 20.0 21.0 
21.0 22.0 23.0 24.0 25.0 26.0 27.0 28.0 29.0 30.0 31.0 32.0 31.0 30.0 29.0 28.0 27.0 26.0 25.0 24.0 23.0 22.0 21.0 20.0 19.0 18.0 17.0 16.0 15.0 14.0 13.0 12.0 11.0 10.0 9.0 8.0 7.0 6.0 5.0 4.0 3.0 2.0 1.0 0.0 1.0 2.0 3.0 4.0 5.0 6.0 7.0 8.0 9.0 10.0 11.0 12.0 13.0 14.0 15.0 16.0 17.0 18.0 19.0 20.0 
20.0 21.0 22.0 23.0 24.0 25.0 26.0 27.0 28.0 29.0 30.0 31.0 32.0 31.0 30.0 29.0 28.0 27.0 26.0 25.0 24.0 23.0 22.0 21.0 20.0 19.0 18.0 17.0 16.0 15.0 14.0 13.0 12.0 11.0 10.0 9.0 8.0 7.0 6.0 5.0 4.0 3.0 2.0 1.0 0.0 1.0 2.0 3.0 4.0 5.0 6.0 7.0 8.0 9.0 10.0 11.0 12.0 13.0 14.0 15.0 16.0 17.0 18.0 19.0 
19.0 20.0 21.0 22.0 23.0 24.0 25.0 26.0 27.0 28.0 29.0 30.0 31.0 32.0 31.0 30.0 29.0 28.0 27.0 26.0 25.0 24.0 23.0 22.0 21.0 20.0 19.0 18.0 17.0 16.0 15.0 14.0 13.0 12.0 11.0 10.0 9.0 8.0 7.0 6.0 5.0 4.0 3.0 2.0 1.0 0.0 1.0 2.0 3.0 4.0 5.0 6.0 7.0 8.0 9.0 10.0 11.0 12.0 13.0 14.0 15.0 16.0 17.0 18.0 
18.0 19.0 20.0 21.0 22.0 23.0 24.0 25.0 26.0 27.0 28.0 29.0 30.0 31.0 32.0 31.0 30.0 29.0 28.0 27.0 26.0 25.0 24.0 23.0 22.0 21.0 20.0 19.0 18.0 17.0 16.0 15.0 14.0 13.0 12.0 11.0 10.0 9.0 8.0 7.0 6.0 5.0 4.0 3.0 2.0 1.0 0.0 1.0 2.0 3.0 4.0 5.0 6.0 7.0 8.0 9.0 10.0 11.0 12.0 13.0 14.0 15.0 16.0 17.0 
17.0 18.0 19.0 20.0 21.0 22.0 23.0 24.0 25.0 26.0 27.0 28.0 29.0 30.0 31.0 32.0 31.0 30.0 29.0 28.0 27.0 26.0 25.0 24.0 23.0 22.0 21.0 20.0 19.0 18.0 17.0 16.0 15.0 14.0 13.0 12.0 11.0 10.0 9.0 8.0 7.0 6.0 5.0 4.0 3.0 2.0 1.0 0.0 1.0 2.0 3.0 4.0 5.0 6.0 7.0 8.0 9.0 10.0 11.0 12.0 13.0 14.0 15.0 16.0 
16.0 17.0 18.0 19.0 20.0 21.0 22.0 23.0 24.0 25.0 26.0 27.0 28.0 29.0 30.0 31.0 32.0 31.0 30.0 29.0 28.0 27.0 26.0 25.0 24.0 23.0 22.0 21.0 20.0 19.0 18.0 17.0 16.0 15.0 14.0 13.0 12.0 11.0 10.0 9.0 8.0 7.0 6.0 5.0 4.0 3.0 2.0 1.0 0.0 1.0 2.0 3.0 4.0 5.0 6.0 7.0 8.0 9.0 10.0 11.0 12.0 13.0 14.0 15.0 
15.0 16.0 17.0 18.0 19.0 20.0 21.0 22.0 23.0 24.0 25.0 26.0 27.0 28.0 29.0 30.0 31.0 32.0 31.0 30.0 29.0 28.0 27.0 26.0 25.0 24.0 23.0 22.0 21.0 20.0 19.0 18.0 17.0 16.0 15.0 14.0 13.0 12.0 11.0 10.0 9.0 8.0 7.0 6.0 5.0 4.0 3.0 2.0 1.0 0.0 1.0 2.0 3.0 4.0 5.0 6.0 7.0 8.0 9.0 10.0 11.0 12.0 13.0 14.0 
14.0 15.0 16.0 17.0 18.0 19.0 20.0 21.0 22.0 23.0 24.0 25.0 26.0 27.0 28.0 29.0 30.0 31.0 32.0 31.0 30.0 29.0 28.0 27.0 26.0 25.0 24.0 23.0 22.0 21.0 20.0 19.0 18.0 17.0 16.0 15.0 14.0 13.0 12.0 11.0 10.0 9.0 8.0 7.0 6.0 5.0 4.0 3.0 2.0 1.0 0.0 1.0 2.0 3.0 4.0 5.0 6.0 7.0 8.0 9.0 10.0 11.0 12.0 13.0 
13.0 14.0 15.0 16.0 17.0 18.0 19.0 20.0 21.0 22.0 23.0 24.0 25.0 26.0 27.0 28.0 29.0 30.0 31.0 32.0 31.0 30.0 29.0 28.0 27.0 26.0 25.0 24.0 23.0 22.0 21.0 20.0 19.0 18.0 17.0 16.0 15.0 14.0 13.0 12.0 11.0 10.0 9.0 8.0 7.0 6.0 5.0 4.0 3.0 2.0 1.0 0.0 1.0 2.0 3.0 4.0 5.0 6.0 7.0 8.0 9.0 10.0 11.0 12.0 
12.0 13.0 14.0 15.0 16.0 17.0 18.0 19.0 20.0 21.0 22.0 23.0 24.0 25.0 26.0 27.0 28.0 29.0 30.0 31.0 32.0 31.0 30.0 29.0 28.0 27.0 26.0 25.0 24.0 23.0 22.0 21.0 20.0 19.0 18.0 17.0 16.0 15.0 14.0 13.0 12.0 11.0 10.0 9.0 8.0 7.0 6.0 5.0 4.0 3.0 2.0 1.0 0.0 1.0 2.0 3.0 4.0 5.0 6.0 7.0 8.0 9.0 10.0 11.0 
11.0 12.0 13.0 14.0 15.0 16.0 17.0 18.0 19.0 20.0 21.0 22.0 23.0 24.0 25.0 26.0 27.0 28.0 29.0 30.0 31.0 32.0 31.0 30.0 29.0 28.0 27.0 26.0 25.0 24.0 23.0 22.0 21.0 20.0 19.0 18.0 17.0 16.0 15.0 14.0 13.0 12.0 11.0 10.0 9.0 8.0 7.0 6.0 5.0 4.0 3.0 2.0 1.0 0.0 1.0 2.0 3.0 4.0 5.0 6.0 7.0 8.0 9.0 10.0 
10.0 11.0 12.0 13.0 14.0 15.0 16.0 17.0 18.0 19.0 20.0 21.0 22.0 23.0 24.0 25.0 26.0 27.0 28.0 29.0 30.0 31.0 32.0 31.0 30.0 29.0 28.0 27.0 26.0 25.0 24.0 23.0 22.0 21.0 20.0 19.0 18.0 17.0 16.0 15.0 14.0 13.0 12.0 11.0 10.0 9.0 8.0 7.0 6.0 5.0 4.0 3.0 2.0 1.0 0.0 1.0 2.0 3.0 4.0 5.0 6.0 7.0 8.0 9.0 
9.0 10.0 11.0 12.0 13.0 14.0 15.0 16.0 17.0 18.0 19.0 20.0 21.0 22.0 23.0 24.0 25.0 26.0 27.0 28.0 29.0 30.0 31.0 32.0 31.0 30.0 29.0 28.0 27.0 26.0 25.0 24.0 23.0 22.0 21.0 20.0 19.0 18.0 17.0 16.0 15.0 14.0 13.0 12.0 11.0 10.0 9.0 8.0 7.0 6.0 5.0 4.0 3.0 2.0 1.0 0.0 1.0 2.0 3.0 4.0 5.0 6.0 7.0 8.0 
8.0 9.0 10.0 11.0 12.0 13.0 14.0 15.0 16.0 17.0 18.0 19.0 20.0 21.0 22.0 23.0 24.0 25.0 26.0 27.0 28.0 29.0 30.0 31.0 32.0 31.0 30.0 29.0 28.0 27.0 26.0 25.0 24.0 23.0 22.0 21.0 20.0 19.0 18.0 17.0 16.0 15.0 14.0 13.0 12.0 11.0 10.0 9.0 8.0 7.0 6.0 5.0 4.0 3.0 2.0 1.0 0.0 1.0 2.0 3.0 4.0 5.0 6.0 7.0 
7.0 8.0 9.0 10.0 11.0 12.0 13.0 14.0 15.0 16.0 17.0 18.0 19.0 20.0 21.0 22.0 23.0 24.0 25.0 26.0 27.0 28.0 29.0 30.0 31.0 32.0 31.0 30.0 29.0 28.0 27.0 26.0 25.0 24.0 23.0 22.0 21.0 20.0 19.0 18.0 17.0 16.0 15.0 14.0 13.0 12.0 11.0 10.0 9.0 8.0 7.0 6.0 5.0 4.0 3.0 2.0 1.0 0.0 1.0 2.0 3.0 4.0 5.0 6.0 
6.0 7.0 8.0 9.0 10.0 11.0 12.0 13.0 14.0 15.0 16.0 17.0 18.0 19.0 20.0 21.0 22.0 23.0 24.0 25.0 26.0 27.0 28.0 29.0 30.0 31.0 32.0 31.0 30.0 29.0 28.0 27.0 26.0 25.0 24.0 23.0 22.0 21.0 20.0 19.0 18.0 17.0 16.0 15.0 14.0 13.0 12.0 11.0 10.0 9.0 8.0 7.0 6.0 5.0 4.0 3.0 2.0 1.0 0.0 1.0 2.0 3.0 4.0 5.0 
5.0 6.0 7.0 8.0 9.0 10.0 11.0 12.0 13.0 14.0 15.0 16.0 17.0 18.0 19.0 20.0 21.0 22.0 23.0 24.0 25.0 26.0 27.0 28.0 29.0 30.0 31.0 32.0 31.0 30.0 29.0 28.0 27.0 26.0 25.0 24.0 23.0 22.0 21.0 20.0 19.0 18.0 17.0 16.0 15.0 14.0 13.0 12.0 11.0 10.0 9.0 8.0 7.0 6.0 5.0 4.0 3.0 2.0 1.0 0.0 1.0 2.0 3.0 4.0 
4.0 5.0 6.0 7.0 8.0 9.0 10.0 11.0 12.0 13.0 14.0 15.0 16.0 17.0 18.0 19.0 20.0 21.0 22.0 23.0 24.0 25.0 26.0 27.0 28.0 29.0 30.0 31.0 32.0 31.0 30.0 29.0 28.0 27.0 26.0 25.0 24.0 23.0 22.0 21.0 20.0 19.0 18.0 17.0 16.0 15.0 14.0 13.0 12.0 11.0 10.0 9.0 8.0 7.0 6.0 5.0 4.0 3.0 2.0 1.0 0.0 1.0 2.0 3.0 
3.0 4.0 5.0 6.0 7.0 8.0 9.0 10.0 11.0 12.0 13.0 14.0 15.0 16.0 17.0 18.0 19.0 20.0 21.0 22.0 23.0 24.0 25.0 26.0 27.0 28.0 29.0 30.0 31.0 32.0 31.0 30.0 29.0 28.0 27.0 26.0 25.0 24.0 23.0 22.0 21.0 20.0 19.0 18.0 17.0 16.0 15.0 14.0 13.0 12.0 11.0 10.0 9.0 8.0 7.0 6.0 5.0 4.0 3.0 2.0 1.0 0.0 1.0 2.0 
2.0 3.0 4.0 5.0 6.0 7.0 8.0 9.0 10.0 11.0 12.0 13.0 14.0 15.0 16.0 17.0 18.0 19.0 20.0 21.0 22.0 23.0 24.0 25.0 26.0 27.0 28.0 29.0 30.0 31.0 32.0 31.0 30.0 29.0 28.0 27.0 26.0 25.0 24.0 23.0 22.0 21.0 20.0 19.0 18.0 17.0 16.0 15.0 14.0 13.0 12.0 11.0 10.0 9.0 8.0 7.0 6.0 5.0 4.0 3.0 2.0 1.0 0.0 1.0 
1.0 2.0 3.0 4.0 5.0 6.0 7.0 8.0 9.0 10.0 11.0 12.0 13.0 14.0 15.0 16.0 17.0 18.0 19.0 20.0 21.0 22.0 23.0 24.0 25.0 26.0 27.0 28.0 29.0 30.0 31.0 32.0 31.0 30.0 29.0 28.0 27.0 26.0 25.0 24.0 23.0 22.0 21.0 20.0 19.0 18.0 17.0 16.0 15.0 14.0 13.0 12.0 11.0 10.0 9.0 8.0 7.0 6.0 5.0 4.0 3.0 2.0 1.0 0.0 