64
100 61 29 16 99 76 74 84 22 99 69 59 66 71 53 82 53 90 30 84 88 91 96 72 80 45 46 67 72 50 85 62 49 3 73 38 65 81 36 20 41 87 41 72 73 83 69 64 64 50 89 70 64 88 94 39 78 80 13 77 64 47 62 70 
18 83 64 90 73 85 65 21 79 85 17 59 17 70 98 82 43 99 33 25 93 16 45 32 51 71 29 66 90 41 98 98 14 72 48 65 39 79 64 9 34 66 87 54 54 71 57 52 75 92 100 81 5 94 40 70 65 76 32 7 94 97 66 24 
77 67 51 20 16 98 63 91 39 78 17 38 74 47 62 20 83 50 52 64 57 15 57 94 64 99 94 74 55 71 91 58 72 97 44 21 49 50 83 15 92 66 68 37 72 22 50 67 28 12 31 35 25 18 8 73 94 65 4 23 36 25 78 13 
23 98 63 55 73 4 52 23 29 11 30 3 69 88 43 54 80 73 25 3 73 14 100 100 82 84 65 56 56 35 94 62 65 6 29 69 7 56 7 28 7 32 64 88 79 55 9 50 62 3 22 36 63 21 27 85 52 24 53 76 82 1 22 41 
6 89 53 48 49 19 77 82 60 19 11 11 77 80 14 40 46 63 65 35 12 1 49 37 27 100 87 10 75 72 54 4 45 100 73 29 41 56 9 40 33 21 72 43 61 61 17 85 43 23 98 78 48 66 30 73 86 9 65 96 54 35 4 62 
54 3 24 76 56 17 40 79 69 76 39 18 28 78 13 41 58 48 33 77 85 37 39 7 56 74 40 46 19 55 16 69 82 13 7 1 30 60 48 11 62 99 39 61 73 92 3 33 60 34 23 46 98 97 25 57 51 64 21 94 94 58 63 90 
32 49 43 9 79 87 18 16 76 58 20 82 15 19 92 6 70 10 2 70 52 62 20 69 16 100 18 57 5 61 50 19 38 9 68 100 25 12 44 5 25 76 32 79 54 85 80 85 97 47 74 29 16 40 17 16 37 11 74 69 62 83 34 57 
53 58 3 85 95 79 22 99 37 5 5 81 51 47 58 73 57 42 50 15 17 1 97 66 52 37 91 89 56 77 82 61 26 82 4 85 62 98 53 88 71 96 5 49 97 47 55 99 64 12 79 17 41 89 87 60 73 19 90 18 36 15 64 74 
86 18 2 71 23 97 60 77 67 73 79 16 9 78 92 41 87 15 87 91 53 8 18 5 8 88 13 53 9 64 33 19 43 9 96 99 15 46 20 31 64 45 92 37 46 58 56 40 34 20 18 68 16 35 90 24 48 5 59 36 77 9 93 10 
8 41 73 40 55 70 94 59 20 40 35 80 31 6 17 89 22 7 68 40 35 87 83 48 89 55 21 81 34 88 28 86 32 58 36 34 39 77 96 96 29 86 33 59 35 47 76 16 4 88 32 27 54 96 38 85 27 28 20 66 48 85 23 82 
55 42 56 87 49 81 83 46 47 87 20 70 70 96 62 42 87 6 14 57 64 27 99 17 12 3 63 42 45 62 61 38 32 34 22 65 53 64 20 23 77 60 22 5 55 98 15 35 85 14 7 75 97 72 24 23 12 63 39 24 88 57 27 76 
87 17 17 48 6 96 32 21 51 98 85 78 78 34 29 57 58 65 67 30 8 37 6 95 92 71 1 12 1 71 24 47 69 55 95 97 46 6 57 47 48 72 20 54 77 19 32 81 4 27 21 8 33 82 11 6 84 20 87 24 44 26 65 11 
32 13 58 3 79 41 56 92 58 75 84 93 22 96 19 27 96 91 93 95 77 92 61 22 72 51 36 43 28 19 79 61 81 83 57 19 42 85 57 18 74 2 72 6 25 62 58 68 53 32 61 56 48 78 98 40 20 12 76 27 43 87 14 85 
31 71 38 46 19 78 75 46 89 52 7 92 6 32 78 91 88 84 75 22 100 23 21 21 79 87 33 82 95 91 86 33 92 9 31 50 87 7 67 82 62 2 41 22 63 17 69 35 50 99 11 90 78 53 76 20 20 79 89 53 11 36 26 43 
99 48 65 67 54 40 56 13 37 49 12 58 50 93 48 78 100 74 28 18 95 39 90 81 4 95 28 51 48 8 59 72 81 87 95 80 43 55 56 4 27 72 53 82 18 85 66 66 54 68 59 100 87 23 27 1 8 61 6 64 35 62 43 57 
45 68 51 63 52 31 24 73 95 48 49 59 39 71 91 80 18 96 41 84 91 90 79 33 85 57 61 49 36 5 25 43 51 5 14 27 34 91 25 24 88 96 62 98 87 72 100 34 35 58 90 47 100 57 25 35 85 8 94 77 88 49 81 46 
78 87 3 14 55 28 96 50 83 71 20 94 12 44 79 5 8 45 60 88 17 15 65 61 83 47 15 38 65 35 1 92 82 28 75 20 83 32 57 56 1 82 65 43 40 39 67 1 66 38 7 100 36 28 63 31 13 50 49 3 4 71 53 69 
92 100 16 77 49 85 82 66 51 44 6 22 100 43 84 41 14 43 70 51 46 80 32 8 100 93 34 98 39 40 28 67 10 1 84 78 35 66 18 49 29 58 87 4 35 2 3 57 87 37 28 40 42 97 100 78 99 2 93 9 6 75 77 42 
65 32 68 27 73 22 51 86 88 54 29 62 27 67 89 26 57 58 76 39 13 53 17 96 4 99 79 21 34 50 23 37 82 2 36 13 70 50 85 2 84 54 64 70 41 30 14 78 27 10 98 43 46 57 56 46 15 77 73 78 15 38 82 31 
5 84 99 48 26 46 46 29 36 99 100 24 61 21 92 66 100 58 32 87 38 81 85 40 58 14 10 17 3 4 69 82 77 26 70 58 9 43 33 27 17 11 33 59 3 51 81 78 38 89 27 17 67 77 6 63 48 43 35 10 69 28 34 44 
80 23 63 99 26 85 89 18 31 12 32 90 60 55 28 55 26 98 10 52 37 39 37 45 98 23 57 97 83 74 60 99 97 83 62 67 70 22 28 4 38 60 46 57 49 98 31 54 62 19 62 28 35 63 87 99 55 83 98 47 3 98 61 77 
2 38 44 62 9 23 86 19 4 70 9 7 8 87 21 6 72 1 74 62 31 30 87 25 79 27 34 59 54 40 54 97 55 17 57 42 38 93 40 26 70 63 53 20 28 61 12 28 35 86 14 65 98 63 68 52 90 85 4 18 7 99 3 85 
48 45 27 49 57 42 81 70 33 20 6 50 86 97 30 11 56 69 14 98 53 18 77 55 79 100 91 55 21 25 85 99 13 84 5 55 90 73 23 28 30 19 86 73 97 85 27 35 70 76 46 94 100 49 39 36 21 37 86 64 39 89 8 7 
31 76 17 63 93 61 15 33 36 43 53 50 90 53 42 5 37 90 20 18 53 99 12 69 15 87 65 34 16 96 84 50 44 100 72 93 79 38 85 27 70 52 42 2 68 14 40 54 69 28 16 76 5 19 21 65 25 45 30 85 82 94 53 65 
94 100 74 35 36 85 45 12 98 13 69 38 54 68 49 19 34 37 63 30 66 53 53 19 59 5 88 28 91 60 11 41 69 97 25 97 10 40 83 94 71 93 82 79 51 55 87 14 80 36 5 57 41 93 85 20 27 69 13 8 33 50 25 88 
66 58 70 91 76 41 47 100 8 100 20 3 38 77 58 82 62 29 92 99 70 68 27 44 90 83 34 94 36 83 46 3 25 78 67 72 73 63 58 93 32 69 38 81 30 85 98 32 41 62 9 40 13 74 21 38 24 5 38 64 28 46 72 55 
68 99 20 74 79 8 79 60 48 69 24 88 49 52 72 27 10 34 65 81 83 96 11 32 35 40 98 63 52 89 24 8 66 89 4 74 78 15 55 83 63 78 90 31 29 83 96 98 33 82 50 10 86 56 28 28 66 33 39 76 83 72 42 37 
76 27 63 8 8 61 63 26 11 3 9 81 25 26 62 23 65 78 65 56 41 2 51 74 97 41 78 33 56 88 97 35 61 30 91 34 27 62 93 24 56 53 93 52 50 45 32 77 21 25 25 22 27 84 71 76 94 74 34 91 18 83 9 39 
60 11 23 4 25 67 15 62 68 13 68 90 40 31 45 87 39 94 92 7 30 34 52 28 59 52 57 9 41 54 51 73 34 70 16 20 70 83 50 81 52 42 73 33 16 60 99 67 48 1 66 55 94 5 34 91 15 67 30 67 26 19 7 34 
85 85 11 71 13 40 76 95 98 25 66 5 5 39 79 24 46 99 45 53 76 34 76 71 6 100 36 96 19 77 91 78 68 92 57 42 47 79 71 20 33 22 46 50 25 39 92 5 75 62 9 58 77 87 34 79 81 25 82 32 11 4 1 28 
41 55 51 1 93 34 30 14 84 41 72 42 55 83 61 73 59 74 85 86 64 25 7 39 88 8 73 64 68 86 5 77 88 61 41 25 35 93 13 86 23 87 45 88 77 3 62 51 25 97 50 77 11 29 75 66 77 20 35 90 59 14 55 60 
96 42 41 63 65 80 79 31 20 14 86 78 10 19 31 99 35 15 44 79 21 70 74 72 37 83 19 46 78 32 41 98 45 28 44 98 86 82 23 83 97 64 25 8 60 73 95 27 94 79 7 60 15 29 6 98 64 30 31 15 77 62 38 97 
45 11 6 39 21 40 4 60 37 69 38 22 55 74 29 6 62 38 82 39 22 18 20 69 71 100 99 28 35 57 42 65 92 65 58 81 69 34 23 70 56 71 39 23 45 31 98 72 26 2 20 11 39 27 56 94 80 54 42 5 85 83 14 67 
8 43 74 32 14 3 32 53 97 9 83 42 92 74 31 18 77 88 31 5 58 62 82 33 24 21 13 56 12 58 64 70 29 27 60 68 87 98 77 41 43 70 14 16 56 77 69 32 90 74 54 44 6 48 55 36 46 9 47 33 27 37 84 99 
95 95 35 60 53 14 77 66 90 55 36 20 49 28 47 42 8 54 55 45 58 81 81 11 41 33 55 40 62 95 45 62 62 63 17 82 81 60 48 66 38 98 80 70 66 16 25 13 18 34 68 72 37 76 100 57 85 79 52 41 71 79 90 91 
2 94 35 86 46 56 85 18 6 25 77 72 91 59 62 21 97 64 50 38 54 16 43 47 16 68 62 37 73 69 82 63 76 75 49 68 100 89 24 45 88 70 75 55 87 91 20 80 45 67 52 38 42 8 31 53 51 65 36 94 24 52 35 35 
70 32 75 23 7 75 76 75 28 11 77 36 99 7 65 21 39 66 18 1 91 62 29 97 14 6 38 39 22 77 45 12 93 18 7 52 7 13 80 99 30 5 15 73 7 82 21 50 82 28 8 52 78 11 43 96 58 14 77 93 26 41 93 80 
7 72 83 81 95 62 30 68 54 100 53 96 54 56 86 64 38 47 15 93 57 11 93 73 65 25 96 92 56 77 22 67 84 53 71 4 97 98 82 91 32 70 74 13 68 8 46 12 67 100 1 33 85 46 23 12 32 58 54 37 60 83 30 36 
44 93 18 1 10 55 5 18 3 22 11 22 86 99 72 77 26 53 67 43 66 99 37 37 82 90 51 37 76 82 34 59 49 75 18 97 66 46 26 36 72 66 61 64 97 60 82 8 19 55 83 7 38 85 50 47 54 29 97 79 31 63 13 96 
79 23 84 56 58 48 66 39 93 34 20 93 23 83 37 87 3 11 56 14 30 18 6 20 82 56 24 12 92 17 36 84 60 97 31 58 26 67 76 76 15 96 93 19 73 73 42 64 88 46 80 56 91 44 9 96 20 15 42 89 78 63 1 33 
76 47 64 91 11 97 81 16 46 37 63 12 19 69 52 41 42 76 84 86 22 62 63 51 5 97 54 13 71 65 69 3 77 67 34 14 15 98 85 33 77 62 92 20 66 6 78 8 30 19 15 44 74 52 40 20 87 73 23 95 88 19 46 19 
63 34 23 81 56 45 17 97 5 36 25 38 21 27 12 18 26 99 54 23 31 83 2 84 58 13 46 66 36 49 79 3 16 18 88 42 36 39 71 80 22 95 29 28 56 19 99 67 77 79 66 57 4 67 78 26 69 5 77 93 95 68 41 25 
48 12 95 37 69 7 24 60 21 34 49 65 90 88 20 72 37 63 38 17 73 2 42 36 73 10 79 88 88 17 52 16 75 80 29 5 89 43 72 27 35 31 7 31 55 53 90 56 48 90 17 40 9 71 76 74 82 91 91 21 43 21 59 97 
88 92 50 23 41 3 84 76 59 65 30 4 61 76 13 82 27 59 60 90 59 42 41 77 69 11 21 75 77 50 29 48 63 27 93 50 76 15 29 89 2 98 23 97 85 67 52 93 37 71 10 97 76 93 10 78 90 76 97 33 7 26 82 9 
63 57 64 36 87 5 61 4 72 84 9 60 42 92 2 56 88 26 40 25 2 74 20 52 82 25 24 96 24 26 26 84 30 26 81 45 37 92 85 100 5 62 33 81 4 64 57 27 13 69 86 74 82 13 78 31 53 4 94 19 70 27 11 75 
4 89 63 96 41 7 10 63 89 72 37 51 89 29 18 80 76 6 2 47 5 6 94 28 5 20 75 45 7 68 78 76 20 3 65 95 62 46 53 96 95 79 41 31 24 22 58 30 25 15 13 31 81 64 26 27 94 84 12 26 74 2 48 94 
32 89 54 12 30 47 84 20 44 89 63 36 23 90 91 15 18 18 62 33 49 58 38 51 48 44 21 89 47 47 19 37 74 82 59 53 46 80 87 40 12 41 32 92 44 39 100 28 74 4 16 3 27 23 21 97 81 45 42 85 56 65 65 87 
100 77 83 36 71 27 1 44 69 95 76 28 100 2 54 6 39 3 92 25 76 8 22 89 96 67 50 27 35 33 64 7 47 19 94 2 30 54 4 59 21 35 63 78 61 66 30 54 13 15 62 88 82 39 41 98 97 66 37 92 64 59 26 68 
2 81 91 53 18 18 72 7 62 44 52 92 29 9 69 7 30 9 89 62 69 73 59 25 72 51 80 53 53 60 1 2 46 100 22 4 41 71 71 55 55 48 93 38 18 55 86 13 92 79 73 63 9 42 95 53 45 29 35 23 33 41 16 78 
23 99 82 4 8 74 64 77 70 72 9 53 68 11 6 46 82 1 37 89 32 59 45 27 79 49 67 43 25 37 19 67 14 25 24 30 46 81 61 72 57 34 38 85 19 84 10 33 95 19 77 36 55 93 12 26 41 42 11 35 92 75 15 28 
63 62 57 6 27 92 69 70 83 10 7 54 16 74 20 10 50 63 44 95 73 74 17 50 44 97 96 19 94 31 40 56 11 86 50 42 94 10 1 50 20 75 68 38 33 69 57 38 68 29 33 32 23 17 70 93 80 69 27 82 86 48 3 89 
46 16 79 77 73 80 61 28 10 8 86 49 4 11 86 25 100 20 28 5 82 82 14 16 84 75 37 50 37 77 16 50 40 42 99 23 21 44 22 49 23 4 58 93 26 3 88 50 76 5 37 82 43 98 92 95 25 62 75 83 22 51 6 58 
76 90 26 26 44 72 9 4 84 46 69 99 80 89 40 80 53 65 50 30 35 64 66 70 88 64 43 32 97 100 3 16 58 35 72 21 8 31 95 6 100 71 25 73 24 80 33 66 85 80 57 1 2 24 41 95 42 96 77 55 73 68 49 9 
94 15 8 27 30 21 10 41 72 53 84 42 8 6 23 43 92 92 20 85 14 18 47 8 51 25 18 14 2 40 10 87 57 63 34 24 25 48 20 22 18 17 84 77 67 11 39 24 70 13 34 90 2 83 3 6 59 40 22 27 94 17 73 94 
100 4 12 68 13 56 19 14 71 52 71 96 18 96 95 37 84 3 26 12 66 1 36 88 42 92 82 23 92 32 2 6 32 26 95 50 85 77 54 10 19 55 45 31 48 31 32 50 45 82 26 61 58 34 86 29 73 56 82 11 38 84 38 83 
54 60 5 66 24 73 90 74 54 31 37 71 53 10 71 89 99 18 84 90 43 2 79 35 85 36 77 29 48 13 59 8 26 67 96 85 96 43 37 57 99 62 53 15 28 1 26 46 30 79 37 32 1 29 33 59 78 2 49 64 93 9 93 43 
60 13 5 30 87 77 19 43 96 2 25 71 28 79 6 14 93 63 57 19 46 27 93 49 39 56 4 37 24 69 48 20 41 1 60 37 18 30 90 17 99 44 51 99 22 76 10 69 83 16 34 11 72 53 95 70 69 86 39 12 39 91 90 90 
77 83 97 26 80 4 81 36 36 92 24 37 98 85 45 64 86 61 77 35 68 99 38 18 85 17 14 41 100 53 51 42 25 83 80 60 10 60 31 62 3 35 58 8 12 21 35 8 15 70 79 31 28 12 39 60 12 80 89 30 18 34 71 11 
53 81 12 15 51 69 78 15 36 98 85 38 83 68 1 59 76 80 78 50 62 97 5 78 19 3 30 60 85 79 25 94 23 53 16 4 26 57 80 49 79 95 22 21 73 30 27 71 31 52 94 83 88 53 32 59 88 62 25 3 9 69 16 100 
64 8 89 48 79 76 35 28 30 77 63 26 13 67 62 10 7 20 22 27 91 88 43 78 89 57 28 48 18 29 99 68 52 51 11 85 53 16 23 43 73 44 93 65 28 45 56 8 52 11 54 78 1 48 81 68 34 90 94 90 19 15 35 50 
91 55 89 13 56 71 79 31 55 96 3 53 11 5 23 74 51 77 32 23 50 79 89 90 16 100 83 29 34 69 83 58 37 9 95 45 56 54 4 17 58 36 21 27 1 92 43 74 31 33 44 94 85 54 25 80 35 12 14 48 97 4 24 80 
74 8 22 39 34 1 5 45 29 75 98 50 15 22 41 73 71 66 27 91 19 39 82 87 28 84 74 60 77 30 38 82 31 55 7 27 84 14 17 53 34 58 38 76 78 98 18 22 90 29 11 4 27 53 98 69 11 99 52 93 90 15 16 29 
15 5 93 44 14 100 52 60 96 57 60 94 45 82 17 70 98 20 25 77 28 18 78 29 20 58 1 15 9 12 63 76 67 14 12 41 92 87 1 74 8 35 25 67 62 52 63 40 76 30 69 43 66 88 95 82 62 69 59 17 1 15 58 18 
31 51 12 44 19 53 5 27 55 65 6 10 80 44 69 55 15 79 59 92 55 33 41 66 51 74 4 58 52 23 68 24 25 81 25 29 40 45 92 48 15 90 47 90 14 20 62 54 24 90 32 21 77 50 7 70 76 13 57 54 20 61 60 10 
0.0 1.0 2.0 3.0 4.0 5.0 6.0 7.0 8.0 9.0 10.0 11.0 12.0 13.0 14.0 15.0 16.0 17.0 18.0 19.0 20.0 21.0 22.0 23.0 24.0 25.0 26.0 27.0 28.0 29.0 30.0 31.0 32.0 31.0 30.0 29.0 28.0 27.0 26.0 25.0 24.0 23.0 22.0 21.0 20.0 19.0 18.0 17.0 16.0 15.0 14.0 13.0 12.0 11.0 10.0 9.0 8.0 7.0 6.0 5.0 4.0 3.0 2.0 1.0 
1.0 0.0 1.0 2.0 3.0 4.0 5.0 6.0 7.0 8.0 9.0 10.0 11.0 12.0 13.0 14.0 15.0 16.0 17.0 18.0 19.0 20.0 21.0 22.0 23.0 24.0 25.0 26.0 27.0 28.0 29.0 30.0 31.0 32.0 31.0 30.0 29.0 28.0 27.0 26.0 25.0 24.0 23.0 22.0 21.0 20.0 19.0 18.0 17.0 16.0 15.0 14.0 13.0 12.0 11.0 10.0 9.0 8.0 7.0 6.0 5.0 4.0 3.0 2.0 
2.0 1.0 0.0 1.0 2.0 3.0 4.0 5.0 6.0 7.0 8.0 9.0 10.0 11.0 12.0 13.0 14.0 15.0 16.0 17.0 18.0 19.0 20.0 21.0 22.0 23.0 24.0 25.0 26.0 27.0 28.0 29.0 30.0 31.0 32.0 31.0 30.0 29.0 28.0 27.0 26.0 25.0 24.0 23.0 22.0 21.0 20.0 19.0 18.0 17.0 16.0 15.0 14.0 13.0 12.0 11.0 10.0 9.0 8.0 7.0 6.0 5.0 4.0 3.0 
3.0 2.0 1.0 0.0 1.0 2.0 3.0 4.0 5.0 6.0 7.0 8.0 9.0 10.0 11.0 12.0 13.0 14.0 15.0 16.0 17.0 18.0 19.0 20.0 21.0 22.0 23.0 24.0 25.0 26.0 27.0 28.0 29.0 30.0 31.0 32.0 31.0 30.0 29.0 28.0 27.0 26.0 25.0 24.0 23.0 22.0 21.0 20.0 19.0 18.0 17.0 16.0 15.0 14.0 13.0 12.0 11.0 10.0 9.0 8.0 7.0 6.0 5.0 4.0 
4.0 3.0 2.0 1.0 0.0 1.0 2.0 3.0 4.0 5.0 6.0 7.0 8.0 9.0 10.0 11.0 12.0 13.0 14.0 15.0 16.0 17.0 18.0 19.0 20.0 21.0 22.0 23.0 24.0 25.0 26.0 27.0 28.0 29.0 30.0 31.0 32.0 31.0 30.0 29.0 28.0 27.0 26.0 25.0 24.0 23.0 22.0 21.0 20.0 19.0 18.0 17.0 16.0 15.0 14.0 13.0 12.0 11.0 10.0 9.0 8.0 7.0 6.0 5.0 
5.0 4.0 3.0 2.0 1.0 0.0 1.0 2.0 3.0 4.0 5.0 6.0 7.0 8.0 9.0 10.0 11.0 12.0 13.0 14.0 15.0 16.0 17.0 18.0 19.0 20.0 21.0 22.0 23.0 24.0 25.0 26.0 27.0 28.0 29.0 30.0 31.0 32.0 31.0 30.0 29.0 28.0 27.0 26.0 25.0 24.0 23.0 22.0 21.0 20.0 19.0 18.0 17.0 16.0 15.0 14.0 13.0 12.0 11.0 10.0 9.0 8.0 7.0 6.0 
6.0 5.0 4.0 3.0 2.0 1.0 0.0 1.0 2.0 3.0 4.0 5.0 6.0 7.0 8.0 9.0 10.0 11.0 12.0 13.0 14.0 15.0 16.0 17.0 18.0 19.0 20.0 21.0 22.0 23.0 24.0 25.0 26.0 27.0 28.0 29.0 30.0 31.0 32.0 31.0 30.0 29.0 28.0 27.0 26.0 25.0 24.0 23.0 22.0 21.0 20.0 19.0 18.0 17.0 16.0 15.0 14.0 13.0 12.0 11.0 10.0 9.0 8.0 7.0 
7.0 6.0 5.0 4.0 3.0 2.0 1.0 0.0 1.0 2.0 3.0 4.0 5.0 6.0 7.0 8.0 9.0 10.0 11.0 12.0 13.0 14.0 15.0 16.0 17.0 18.0 19.0 20.0 21.0 22.0 23.0 24.0 25.0 26.0 27.0 28.0 29.0 30.0 31.0 32.0 31.0 30.0 29.0 28.0 27.0 26.0 25.0 24.0 23.0 22.0 21.0 20.0 19.0 18.0 17.0 16.0 15.0 14.0 13.0 12.0 11.0 10.0 9.0 8.0 
8.0 7.0 6.0 5.0 4.0 3.0 2.0 1.0 0.0 1.0 2.0 3.0 4.0 5.0 6.0 7.0 8.0 9.0 10.0 11.0 12.0 13.0 14.0 15.0 16.0 17.0 18.0 19.0 20.0 21.0 22.0 23.0 24.0 25.0 26.0 27.0 28.0 29.0 30.0 31.0 32.0 31.0 30.0 29.0 28.0 27.0 26.0 25.0 24.0 23.0 22.0 21.0 20.0 19.0 18.0 17.0 16.0 15.0 14.0 13.0 12.0 11.0 10.0 9.0 
9.0 8.0 7.0 6.0 5.0 4.0 3.0 2.0 1.0 0.0 1.0 2.0 3.0 4.0 5.0 6.0 7.0 8.0 9.0 10.0 11.0 12.0 13.0 14.0 15.0 16.0 17.0 18.0 19.0 20.0 21.0 22.0 23.0 24.0 25.0 26.0 27.0 28.0 29.0 30.0 31.0 32.0 31.0 30.0 29.0 28.0 27.0 26.0 25.0 24.0 23.0 22.0 21.0 20.0 19.0 18.0 17.0 16.0 15.0 14.0 13.0 12.0 11.0 10.0 
10.0 9.0 8.0 7.0 6.0 5.0 4.0 3.0 2.0 1.0 0.0 1.0 2.0 3.0 4.0 5.0 6.0 7.0 8.0 9.0 10.0 11.0 12.0 13.0 14.0 15.0 16.0 17.0 18.0 19.0 20.0 21.0 22.0 23.0 24.0 25.0 26.0 27.0 28.0 29.0 30.0 31.0 32.0 31.0 30.0 29.0 28.0 27.0 26.0 25.0 24.0 23.0 22.0 21.0 20.0 19.0 18.0 17.0 16.0 15.0 14.0 13.0 12.0 11.0 
11.0 10.0 9.0 8.0 7.0 6.0 5.0 4.0 3.0 2.0 1.0 0.0 1.0 2.0 3.0 4.0 5.0 6.0 7.0 8.0 9.0 10.0 11.0 12.0 13.0 14.0 15.0 16.0 17.0 18.0 19.0 20.0 21.0 22.0 23.0 24.0 25.0 26.0 27.0 28.0 29.0 30.0 31.0 32.0 31.0 30.0 29.0 28.0 27.0 26.0 25.0 24.0 23.0 22.0 21.0 20.0 19.0 18.0 17.0 16.0 15.0 14.0 13.0 12.0 
12.0 11.0 10.0 9.0 8.0 7.0 6.0 5.0 4.0 3.0 2.0 1.0 0.0 1.0 2.0 3.0 4.0 5.0 6.0 7.0 8.0 9.0 10.0 11.0 12.0 13.0 14.0 15.0 16.0 17.0 18.0 19.0 20.0 21.0 22.0 23.0 24.0 25.0 26.0 27.0 28.0 29.0 30.0 31.0 32.0 31.0 30.0 29.0 28.0 27.0 26.0 25.0 24.0 23.0 22.0 21.0 20.0 19.0 18.0 17.0 16.0 15.0 14.0 13.0 
13.0 12.0 11.0 10.0 9.0 8.0 7.0 6.0 5.0 4.0 3.0 2.0 1.0 0.0 1.0 2.0 3.0 4.0 5.0 6.0 7.0 8.0 9.0 10.0 11.0 12.0 13.0 14.0 15.0 16.0 17.0 18.0 19.0 20.0 21.0 22.0 23.0 24.0 25.0 26.0 27.0 28.0 29.0 30.0 31.0 32.0 31.0 30.0 29.0 28.0 27.0 26.0 25.0 24.0 23.0 22.0 21.0 20.0 19.0 18.0 17.0 16.0 15.0 14.0 
14.0 13.0 12.0 11.0 10.0 9.0 8.0 7.0 6.0 5.0 4.0 3.0 2.0 1.0 0.0 1.0 2.0 3.0 4.0 5.0 6.0 7.0 8.0 9.0 10.0 11.0 12.0 13.0 14.0 15.0 16.0 17.0 18.0 19.0 20.0 21.0 22.0 23.0 24.0 25.0 26.0 27.0 28.0 29.0 30.0 31.0 32.0 31.0 30.0 29.0 28.0 27.0 26.0 25.0 24.0 23.0 22.0 21.0 20.0 19.0 18.0 17.0 16.0 15.0 
15.0 14.0 13.0 12.0 11.0 10.0 9.0 8.0 7.0 6.0 5.0 4.0 3.0 2.0 1.0 0.0 1.0 2.0 3.0 4.0 5.0 6.0 7.0 8.0 9.0 10.0 11.0 12.0 13.0 14.0 15.0 16.0 17.0 18.0 19.0 20.0 21.0 22.0 23.0 24.0 25.0 26.0 27.0 28.0 29.0 30.0 31.0 32.0 31.0 30.0 29.0 28.0 27.0 26.0 25.0 24.0 23.0 22.0 21.0 20.0 19.0 18.0 17.0 16.0 
16.0 15.0 14.0 13.0 12.0 11.0 10.0 9.0 8.0 7.0 6.0 5.0 4.0 3.0 2.0 1.0 0.0 1.0 2.0 3.0 4.0 5.0 6.0 7.0 8.0 9.0 10.0 11.0 12.0 13.0 14.0 15.0 16.0 17.0 18.0 19.0 20.0 21.0 22.0 23.0 24.0 25.0 26.0 27.0 28.0 29.0 30.0 31.0 32.0 31.0 30.0 29.0 28.0 27.0 26.0 25.0 24.0 23.0 22.0 21.0 20.0 19.0 18.0 17.0 
17.0 16.0 15.0 14.0 13.0 12.0 11.0 10.0 9.0 8.0 7.0 6.0 5.0 4.0 3.0 2.0 1.0 0.0 1.0 2.0 3.0 4.0 5.0 6.0 7.0 8.0 9.0 10.0 11.0 12.0 13.0 14.0 15.0 16.0 17.0 18.0 19.0 20.0 21.0 22.0 23.0 24.0 25.0 26.0 27.0 28.0 29.0 30.0 31.0 32.0 31.0 30.0 29.0 28.0 27.0 26.0 25.0 24.0 23.0 22.0 21.0 20.0 19.0 18.0 
18.0 17.0 16.0 15.0 14.0 13.0 12.0 11.0 10.0 9.0 8.0 7.0 6.0 5.0 4.0 3.0 2.0 1.0 0.0 1.0 2.0 3.0 4.0 5.0 6.0 7.0 8.0 9.0 10.0 11.0 12.0 13.0 14.0 15.0 16.0 17.0 18.0 19.0 20.0 21.0 22.0 23.0 24.0 25.0 26.0 27.0 28.0 29.0 30.0 31.0 32.0 31.0 30.0 29.0 28.0 27.0 26.0 25.0 24.0 23.0 22.0 21.0 20.0 19.0 
19.0 18.0 17.0 16.0 15.0 14.0 13.0 12.0 11.0 10.0 9.0 8.0 7.0 6.0 5.0 4.0 3.0 2.0 1.0 0.0 1.0 2.0 3.0 4.0 5.0 6.0 7.0 8.0 9.0 10.0 11.0 12.0 13.0 14.0 15.0 16.0 17.0 18.0 19.0 20.0 21.0 22.0 23.0 24.0 25.0 26.0 27.0 28.0 29.0 30.0 31.0 32.0 31.0 30.0 29.0 28.0 27.0 26.0 25.0 24.0 23.0 22.0 21.0 20.0 
20.0 19.0 18.0 17.0 16.0 15.0 14.0 13.0 12.0 11.0 10.0 9.0 8.0 7.0 6.0 5.0 4.0 3.0 2.0 1.0 0.0 1.0 2.0 3.0 4.0 5.0 6.0 7.0 8.0 9.0 10.0 11.0 12.0 13.0 14.0 15.0 16.0 17.0 18.0 19.0 20.0 21.0 22.0 23.0 24.0 25.0 26.0 27.0 28.0 29.0 30.0 31.0 32.0 31.0 30.0 29.0 28.0 27.0 26.0 25.0 24.0 23.0 22.0 21.0 
21.0 20.0 19.0 18.0 17.0 16.0 15.0 14.0 13.0 12.0 11.0 10.0 9.0 8.0 7.0 6.0 5.0 4.0 3.0 2.0 1.0 0.0 1.0 2.0 3.0 4.0 5.0 6.0 7.0 8.0 9.0 10.0 11.0 12.0 13.0 14.0 15.0 16.0 17.0 18.0 19.0 20.0 21.0 22.0 23.0 24.0 25.0 26.0 27.0 28.0 29.0 30.0 31.0 32.0 31.0 30.0 29.0 28.0 27.0 26.0 25.0 24.0 23.0 22.0 
22.0 21.0 20.0 19.0 18.0 17.0 16.0 15.0 14.0 13.0 12.0 11.0 10.0 9.0 8.0 7.0 6.0 5.0 4.0 3.0 2.0 1.0 0.0 1.0 2.0 3.0 4.0 5.0 6.0 7.0 8.0 9.0 10.0 11.0 12.0 13.0 14.0 15.0 16.0 17.0 18.0 19.0 20.0 21.0 22.0 23.0 24.0 25.0 26.0 27.0 28.0 29.0 30.0 31.0 32.0 31.0 30.0 29.0 28.0 27.0 26.0 25.0 24.0 23.0 
23.0 22.0 21.0 20.0 19.0 18.0 17.0 16.0 15.0 14.0 13.0 12.0 11.0 10.0 9.0 8.0 7.0 6.0 5.0 4.0 3.0 2.0 1.0 0.0 1.0 2.0 3.0 4.0 5.0 6.0 7.0 8.0 9.0 10.0 11.0 12.0 13.0 14.0 15.0 16.0 17.0 18.0 19.0 20.0 21.0 22.0 23.0 24.0 25.0 26.0 27.0 28.0 29.0 30.0 31.0 32.0 31.0 30.0 29.0 28.0 27.0 26.0 25.0 24.0 
24.0 23.0 22.0 21.0 20.0 19.0 18.0 17.0 16.0 15.0 14.0 13.0 12.0 11.0 10.0 9.0 8.0 7.0 6.0 5.0 4.0 3.0 2.0 1.0 0.0 1.0 2.0 3.0 4.0 5.0 6.0 7.0 8.0 9.0 10.0 11.0 12.0 13.0 14.0 15.0 16.0 17.0 18.0 19.0 20.0 21.0 22.0 23.0 24.0 25.0 26.0 27.0 28.0 29.0 30.0 31.0 32.0 31.0 30.0 29.0 28.0 27.0 26.0 25.0 
25.0 24.0 23.0 22.0 21.0 20.0 19.0 18.0 17.0 16.0 15.0 14.0 13.0 12.0 11.0 10.0 9.0 8.0 7.0 6.0 5.0 4.0 3.0 2.0 1.0 0.0 1.0 2.0 3.0 4.0 5.0 6.0 7.0 8.0 9.0 10.0 11.0 12.0 13.0 14.0 15.0 16.0 17.0 18.0 19.0 20.0 21.0 22.0 23.0 24.0 25.0 26.0 27.0 28.0 29.0 30.0 31.0 32.0 31.0 30.0 29.0 28.0 27.0 26.0 
26.0 25.0 24.0 23.0 22.0 21.0 20.0 19.0 18.0 17.0 16.0 15.0 14.0 13.0 12.0 11.0 10.0 9.0 8.0 7.0 6.0 5.0 4.0 3.0 2.0 1.0 0.0 1.0 2.0 3.0 4.0 5.0 6.0 7.0 8.0 9.0 10.0 11.0 12.0 13.0 14.0 15.0 16.0 17.0 18.0 19.0 20.0 21.0 22.0 23.0 24.0 25.0 26.0 27.0 28.0 29.0 30.0 31.0 32.0 31.0 30.0 29.0 28.0 27.0 
27.0 26.0 25.0 24.0 23.0 22.0 21.0 20.0 19.0 18.0 17.0 16.0 15.0 14.0 13.0 12.0 11.0 10.0 9.0 8.0 7.0 6.0 5.0 4.0 3.0 2.0 1.0 0.0 1.0 2.0 3.0 4.0 5.0 6.0 7.0 8.0 9.0 10.0 11.0 12.0 13.0 14.0 15.0 16.0 17.0 18.0 19.0 20.0 21.0 22.0 23.0 24.0 25.0 26.0 27.0 28.0 29.0 30.0 31.0 32.0 31.0 30.0 29.0 28.0 
28.0 27.0 26.0 25.0 24.0 23.0 22.0 21.0 20.0 19.0 18.0 17.0 16.0 15.0 14.0 13.0 12.0 11.0 10.0 9.0 8.0 7.0 6.0 5.0 4.0 3.0 2.0 1.0 0.0 1.0 2.0 3.0 4.0 5.0 6.0 7.0 8.0 9.0 10.0 11.0 12.0 13.0 14.0 15.0 16.0 17.0 18.0 19.0 20.0 21.0 22.0 23.0 24.0 25.0 26.0 27.0 28.0 29.0 30.0 31.0 32.0 31.0 30.0 29.0 
29.0 28.0 27.0 26.0 25.0 24.0 23.0 22.0 21.0 20.0 19.0 18.0 17.0 16.0 15.0 14.0 13.0 12.0 11.0 10.0 9.0 8.0 7.0 6.0 5.0 4.0 3.0 2.0 1.0 0.0 1.0 2.0 3.0 4.0 5.0 6.0 7.0 8.0 9.0 10.0 11.0 12.0 13.0 14.0 15.0 16.0 17.0 18.0 19.0 20.0 21.0 22.0 23.0 24.0 25.0 26.0 27.0 28.0 29.0 30.0 31.0 32.0 31.0 30.0 
30.0 29.0 28.0 27.0 26.0 25.0 24.0 23.0 22.0 21.0 20.0 19.0 18.0 17.0 16.0 15.0 14.0 13.0 12.0 11.0 10.0 9.0 8.0 7.0 6.0 5.0 4.0 3.0 2.0 1.0 0.0 1.0 2.0 3.0 4.0 5.0 6.0 7.0 8.0 9.0 10.0 11.0 12.0 13.0 14.0 15.0 16.0 17.0 18.0 19.0 20.0 21.0 22.0 23.0 24.0 25.0 26.0 27.0 28.0 29.0 30.0 31.0 32.0 31.0 
31.0 30.0 29.0 28.0 27.0 26.0 25.0 24.0 23.0 22.0 21.0 20.0 19.0 18.0 17.0 16.0 15.0 14.0 13.0 12.0 11.0 10.0 9.0 8.0 7.0 6.0 5.0 4.0 3.0 2.0 1.0 0.0 1.0 2.0 3.0 4.0 5.0 6.0 7.0 8.0 9.0 10.0 11.0 12.0 13.0 14.0 15.0 16.0 17.0 18.0 19.0 20.0 21.0 22.0 23.0 24.0 25.0 26.0 27.0 28.0 29.0 30.0 31.0 32.0 
32.0 31.0 30.0 29.0 28.0 27.0 26.0 25.0 24.0 23.0 22.0 21.0 20.0 19.0 18.0 17.0 16.0 15.0 14.0 13.0 12.0 11.0 10.0 9.0 8.0 7.0 6.0 5.0 4.0 3.0 2.0 1.0 0.0 1.0 2.0 3.0 4.0 5.0 6.0 7.0 8.0 9.0 10.0 11.0 12.0 13.0 14.0 15.0 16.0 17.0 18.0 19.0 20.0 21.0 22.0 23.0 24.0 25.0 26.0 27.0 28.0 29.0 30.0 31.0 
31.0 32.0 31.0 30.0 29.0 28.0 27.0 26.0 25.0 24.0 23.0 22.0 21.0 20.0 19.0 18.0 17.0 16.0 15.0 14.0 13.0 12.0 11.0 10.0 9.0 8.0 7.0 6.0 5.0 4.0 3.0 2.0 1.0 0.0 1.0 2.0 3.0 4.0 5.0 6.0 7.0 8.0 9.0 10.0 11.0 12.0 13.0 14.0 15.0 16.0 17.0 18.0 19.0 20.0 21.0 22.0 23.0 24.0 25.0 26.0 27.0 28.0 29.0 30.0 
30.0 31.0 32.0 31.0 30.0 29.0 28.0 27.0 26.0 25.0 24.0 23.0 22.0 21.0 20.0 19.0 18.0 17.0 16.0 15.0 14.0 13.0 12.0 11.0 10.0 9.0 8.0 7.0 6.0 5.0 4.0 3.0 2.0 1.0 0.0 1.0 2.0 3.0 4.0 5.0 6.0 7.0 8.0 9.0 10.0 11.0 12.0 13.0 14.0 15.0 16.0 17.0 18.0 19.0 20.0 21.0 22.0 23.0 24.0 25.0 26.0 27.0 28.0 29.0 
29.0 30.0 31.0 32.0 31.0 30.0 29.0 28.0 27.0 26.0 25.0 24.0 23.0 22.0 21.0 20.0 19.0 18.0 17.0 16.0 15.0 14.0 13.0 12.0 11.0 10.0 9.0 8.0 7.0 6.0 5.0 4.0 3.0 2.0 1.0 0.0 1.0 2.0 3.0 4.0 5.0 6.0 7.0 8.0 9.0 10.0 11.0 12.0 13.0 14.0 15.0 16.0 17.0 18.0 19.0 20.0 21.0 22.0 23.0 24.0 25.0 26.0 27.0 28.0 
28.0 29.0 30.0 31.0 32.0 31.0 30.0 29.0 28.0 27.0 26.0 25.0 24.0 23.0 22.0 21.0 20.0 19.0 18.0 17.0 16.0 15.0 14.0 13.0 12.0 11.0 10.0 9.0 8.0 7.0 6.0 5.0 4.0 3.0 2.0 1.0 0.0 1.0 2.0 3.0 4.0 5.0 6.0 7.0 8.0 9.0 10.0 11.0 12.0 13.0 14.0 15.0 16.0 17.0 18.0 19.0 20.0 21.0 22.0 23.0 24.0 25.0 26.0 27.0 
27.0 28.0 29.0 30.0 31.0 32.0 31.0 30.0 29.0 28.0 27.0 26.0 25.0 24.0 23.0 22.0 21.0 20.0 19.0 18.0 17.0 16.0 15.0 14.0 13.0 12.0 11.0 10.0 9.0 8.0 7.0 6.0 5.0 4.0 3.0 2.0 1.0 0.0 1.0 2.0 3.0 4.0 5.0 6.0 7.0 8.0 9.0 10.0 11.0 12.0 13.0 14.0 15.0 16.0 17.0 18.0 19.0 20.0 21.0 22.0 23.0 24.0 25.0 26.0 
26.0 27.0 28.0 29.0 30.0 31.0 32.0 31.0 30.0 29.0 28.0 27.0 26.0 25.0 24.0 23.0 22.0 21.0 20.0 19.0 18.0 17.0 16.0 15.0 14.0 13.0 12.0 11.0 10.0 9.0 8.0 7.0 6.0 5.0 4.0 3.0 2.0 1.0 0.0 1.0 2.0 3.0 4.0 5.0 6.0 7.0 8.0 9.0 10.0 11.0 12.0 13.0 14.0 15.0 16.0 17.0 18.0 19.0 20.0 21.0 22.0 23.0 24.0 25.0 
25.0 26.0 27.0 28.0 29.0 30.0 31.0 32.0 31.0 30.0 29.0 28.0 27.0 26.0 25.0 24.0 23.0 22.0 21.0 20.0 19.0 18.0 17.0 16.0 15.0 14.0 13.0 12.0 11.0 10.0 9.0 8.0 7.0 6.0 5.0 4.0 3.0 2.0 1.0 0.0 1.0 2.0 3.0 4.0 5.0 6.0 7.0 8.0 9.0 10.0 11.0 12.0 13.0 14.0 15.0 16.0 17.0 18.0 19.0 20.0 21.0 22.0 23.0 24.0 
24.0 25.0 26.0 27.0 28.0 29.0 30.0 31.0 32.0 31.0 30.0 29.0 28.0 27.0 26.0 25.0 24.0 23.0 22.0 21.0 20.0 19.0 18.0 17.0 16.0 15.0 14.0 13.0 12.0 11.0 10.0 9.0 8.0 7.0 6.0 5.0 4.0 3.0 2.0 1.0 0.0 1.0 2.0 3.0 4.0 5.0 6.0 7.0 8.0 9.0 10.0 11.0 12.0 13.0 14.0 15.0 16.0 17.0 18.0 19.0 20.0 21.0 22.0 23.0 
23.0 24.0 25.0 26.0 27.0 28.0 29.0 30.0 31.0 32.0 31.0 30.0 29.0 28.0 27.0 26.0 25.0 24.0 23.0 22.0 21.0 20.0 19.0 18.0 17.0 16.0 15.0 14.0 13.0 12.0 11.0 10.0 9.0 8.0 7.0 6.0 5.0 4.0 3.0 2.0 1.0 0.0 1.0 2.0 3.0 4.0 5.0 6.0 7.0 8.0 9.0 10.0 11.0 12.0 13.0 14.0 15.0 16.0 17.0 18.0 19.0 20.0 21.0 22.0 
22.0 23.0 24.0 25.0 26.0 27.0 28.0 29.0 30.0 31.0 32.0 31.0 30.0 29.0 28.0 27.0 26.0 25.0 24.0 23.0 22.0 21.0 20.0 19.0 18.0 17.0 16.0 15.0 14.0 13.0 12.0 11.0 10.0 9.0 8.0 7.0 6.0 5.0 4.0 3.0 2.0 1.0 0.0 1.0 2.0 3.0 4.0 5.0 6.0 7.0 8.0 9.0 10.0 11.0 12.0 13.0 14.0 15.0 16.0 17.0 18.0 19.0 20.0 21.0 
21.0 22.0 23.0 24.0 25.0 26.0 27.0 28.0 29.0 30.0 31.0 32.0 31.0 30.0 29.0 28.0 27.0 26.0 25.0 24.0 23.0 22.0 21.0 20.0 19.0 18.0 17.0 16.0 15.0 14.0 13.0 12.0 11.0 10.0 9.0 8.0 7.0 6.0 5.0 4.0 3.0 2.0 1.0 0.0 1.0 2.0 3.0 4.0 5.0 6.0 7.0 8.0 9.0 10.0 11.0 12.0 13.0 14.0 15.0 16.0 17.0 18.0 19.0 20.0 
20.0 21.0 22.0 23.0 24.0 25.0 26.0 27.0 28.0 29.0 30.0 31.0 32.0 31.0 30.0 29.0 28.0 27.0 26.0 25.0 24.0 23.0 22.0 21.0 20.0 19.0 18.0 17.0 16.0 15.0 14.0 13.0 12.0 11.0 10.0 9.0 8.0 7.0 6.0 5.0 4.0 3.0 2.0 1.0 0.0 1.0 2.0 3.0 4.0 5.0 6.0 7.0 8.0 9.0 10.0 11.0 12.0 13.0 14.0 15.0 16.0 17.0 18.0 19.0 
19.0 20.0 21.0 22.0 23.0 24.0 25.0 26.0 27.0 28.0 29.0 30.0 31.0 32.0 31.0 30.0 29.0 28.0 27.0 26.0 25.0 24.0 23.0 22.0 21.0 20.0 19.0 18.0 17.0 16.0 15.0 14.0 13.0 12.0 11.0 10.0 9.0 8.0 7.0 6.0 5.0 4.0 3.0 2.0 1.0 0.0 1.0 2.0 3.0 4.0 5.0 6.0 7.0 8.0 9.0 10.0 11.0 12.0 13.0 14.0 15.0 16.0 17.0 18.0 
18.0 19.0 20.0 21.0 22.0 23.0 24.0 25.0 26.0 27.0 28.0 29.0 30.0 31.0 32.0 31.0 30.0 29.0 28.0 27.0 26.0 25.0 24.0 23.0 22.0 21.0 20.0 19.0 18.0 17.0 16.0 15.0 14.0 13.0 12.0 11.0 10.0 9.0 8.0 7.0 6.0 5.0 4.0 3.0 2.0 1.0 0.0 1.0 2.0 3.0 4.0 5.0 6.0 7.0 8.0 9.0 10.0 11.0 12.0 13.0 14.0 15.0 16.0 17.0 
17.0 18.0 19.0 20.0 21.0 22.0 23.0 24.0 25.0 26.0 27.0 28.0 29.0 30.0 31.0 32.0 31.0 30.0 29.0 28.0 27.0 26.0 25.0 24.0 23.0 22.0 21.0 20.0 19.0 18.0 17.0 16.0 15.0 14.0 13.0 12.0 11.0 10.0 9.0 8.0 7.0 6.0 5.0 4.0 3.0 2.0 1.0 0.0 1.0 2.0 3.0 4.0 5.0 6.0 7.0 8.0 9.0 10.0 11.0 12.0 13.0 14.0 15.0 16.0 
16.0 17.0 18.0 19.0 20.0 21.0 22.0 23.0 24.0 25.0 26.0 27.0 28.0 29.0 30.0 31.0 32.0 31.0 30.0 29.0 28.0 27.0 26.0 25.0 24.0 23.0 22.0 21.0 20.0 19.0 18.0 17.0 16.0 15.0 14.0 13.0 12.0 11.0 10.0 9.0 8.0 7.0 6.0 5.0 4.0 3.0 2.0 1.0 0.0 1.0 2.0 3.0 4.0 5.0 6.0 7.0 8.0 9.0 10.0 11.0 12.0 13.0 14.0 15.0 
15.0 16.0 17.0 18.0 19.0 20.0 21.0 22.0 23.0 24.0 25.0 26.0 27.0 28.0 29.0 30.0 31.0 32.0 31.0 30.0 29.0 28.0 27.0 26.0 25.0 24.0 23.0 22.0 21.0 20.0 19.0 18.0 17.0 16.0 15.0 14.0 13.0 12.0 11.0 10.0 9.0 8.0 7.0 6.0 5.0 4.0 3.0 2.0 1.0 0.0 1.0 2.0 3.0 4.0 5.0 6.0 7.0 8.0 9.0 10.0 11.0 12.0 13.0 14.0 
14.0 15.0 16.0 17.0 18.0 19.0 20.0 21.0 22.0 23.0 24.0 25.0 26.0 27.0 28.0 29.0 30.0 31.0 32.0 31.0 30.0 29.0 28.0 27.0 26.0 25.0 24.0 23.0 22.0 21.0 20.0 19.0 18.0 17.0 16.0 15.0 14.0 13.0 12.0 11.0 10.0 9.0 8.0 7.0 6.0 5.0 4.0 3.0 2.0 1.0 0.0 1.0 2.0 3.0 4.0 5.0 6.0 7.0 8.0 9.0 10.0 11.0 12.0 13.0 
13.0 14.0 15.0 16.0 17.0 18.0 19.0 20.0 21.0 22.0 23.0 24.0 25.0 26.0 27.0 28.0 29.0 30.0 31.0 32.0 31.0 30.0 29.0 28.0 27.0 26.0 25.0 24.0 23.0 22.0 21.0 20.0 19.0 18.0 17.0 16.0 15.0 14.0 13.0 12.0 11.0 10.0 9.0 8.0 7.0 6.0 5.0 4.0 3.0 2.0 1.0 0.0 1.0 2.0 3.0 4.0 5.0 6.0 7.0 8.0 9.0 10.0 11.0 12.0 
12.0 13.0 14.0 15.0 16.0 17.0 18.0 19.0 20.0 21.0 22.0 23.0 24.0 25.0 26.0 27.0 28.0 29.0 30.0 31.0 32.0 31.0 30.0 29.0 28.0 27.0 26.0 25.0 24.0 23.0 22.0 21.0 20.0 19.0 18.0 17.0 16.0 15.0 14.0 13.0 12.0 11.0 10.0 9.0 8.0 7.0 6.0 5.0 4.0 3.0 2.0 1.0 0.0 1.0 2.0 3.0 4.0 5.0 6.0 7.0 8.0 9.0 10.0 11.0 
11.0 12.0 13.0 14.0 15.0 16.0 17.0 18.0 19.0 20.0 21.0 22.0 23.0 24.0 25.0 26.0 27.0 28.0 29.0 30.0 31.0 32.0 31.0 30.0 29.0 28.0 27.0 26.0 25.0 24.0 23.0 22.0 21.0 20.0 19.0 18.0 17.0 16.0 15.0 14.0 13.0 12.0 11.0 10.0 9.0 8.0 7.0 6.0 5.0 4.0 3.0 2.0 1.0 0.0 1.0 2.0 3.0 4.0 5.0 6.0 7.0 8.0 9.0 10.0 
10.0 11.0 12.0 13.0 14.0 15.0 16.0 17.0 18.0 19.0 20.0 21.0 22.0 23.0 24.0 25.0 26.0 27.0 28.0 29.0 30.0 31.0 32.0 31.0 30.0 29.0 28.0 27.0 26.0 25.0 24.0 23.0 22.0 21.0 20.0 19.0 18.0 17.0 16.0 15.0 14.0 13.0 12.0 11.0 10.0 9.0 8.0 7.0 6.0 5.0 4.0 3.0 2.0 1.0 0.0 1.0 2.0 3.0 4.0 5.0 6.0 7.0 8.0 9.0 
9.0 10.0 11.0 12.0 13.0 14.0 15.0 16.0 17.0 18.0 19.0 20.0 21.0 22.0 23.0 24.0 25.0 26.0 27.0 28.0 29.0 30.0 31.0 32.0 31.0 30.0 29.0 28.0 27.0 26.0 25.0 24.0 23.0 22.0 21.0 20.0 19.0 18.0 17.0 16.0 15.0 14.0 13.0 12.0 11.0 10.0 9.0 8.0 7.0 6.0 5.0 4.0 3.0 2.0 1.0 0.0 1.0 2.0 3.0 4.0 5.0 6.0 7.0 8.0 
8.0 9.0 10.0 11.0 12.0 13.0 14.0 15.0 16.0 17.0 18.0 19.0 20.0 21.0 22.0 23.0 24.0 25.0 26.0 27.0 28.0 29.0 30.0 31.0 32.0 31.0 30.0 29.0 28.0 27.0 26.0 25.0 24.0 23.0 22.0 21.0 20.0 19.0 18.0 17.0 16.0 15.0 14.0 13.0 12.0 11.0 10.0 9.0 8.0 7.0 6.0 5.0 4.0 3.0 2.0 1.0 0.0 1.0 2.0 3.0 4.0 5.0 6.0 7.0 
7.0 8.0 9.0 10.0 11.0 12.0 13.0 14.0 15.0 16.0 17.0 18.0 19.0 20.0 21.0 22.0 23.0 24.0 25.0 26.0 27.0 28.0 29.0 30.0 31.0 32.0 31.0 30.0 29.0 28.0 27.0 26.0 25.0 24.0 23.0 22.0 21.0 20.0 19.0 18.0 17.0 16.0 15.0 14.0 13.0 12.0 11.0 10.0 9.0 8.0 7.0 6.0 5.0 4.0 3.0 2.0 1.0 0.0 1.0 2.0 3.0 4.0 5.0 6.0 
6.0 7.0 8.0 9.0 10.0 11.0 12.0 13.0 14.0 15.0 16.0 17.0 18.0 19.0 20.0 21.0 22.0 23.0 24.0 25.0 26.0 27.0 28.0 29.0 30.0 31.0 32.0 31.0 30.0 29.0 28.0 27.0 26.0 25.0 24.0 23.0 22.0 21.0 20.0 19.0 18.0 17.0 16.0 15.0 14.0 13.0 12.0 11.0 10.0 9.0 8.0 7.0 6.0 5.0 4.0 3.0 2.0 1.0 0.0 1.0 2.0 3.0 4.0 5.0 
5.0 6.0 7.0 8.0 9.0 10.0 11.0 12.0 13.0 14.0 15.0 16.0 17.0 18.0 19.0 20.0 21.0 22.0 23.0 24.0 25.0 26.0 27.0 28.0 29.0 30.0 31.0 32.0 31.0 30.0 29.0 28.0 27.0 26.0 25.0 24.0 23.0 22.0 21.0 20.0 19.0 18.0 17.0 16.0 15.0 14.0 13.0 12.0 11.0 10.0 9.0 8.0 7.0 6.0 5.0 4.0 3.0 2.0 1.0 0.0 1.0 2.0 3.0 4.0 
4.0 5.0 6.0 7.0 8.0 9.0 10.0 11.0 12.0 13.0 14.0 15.0 16.0 17.0 18.0 19.0 20.0 21.0 22.0 23.0 24.0 25.0 26.0 27.0 28.0 29.0 30.0 31.0 32.0 31.0 30.0 29.0 28.0 27.0 26.0 25.0 24.0 23.0 22.0 21.0 20.0 19.0 18.0 17.0 16.0 15.0 14.0 13.0 12.0 11.0 10.0 9.0 8.0 7.0 6.0 5.0 4.0 3.0 2.0 1.0 0.0 1.0 2.0 3.0 
3.0 4.0 5.0 6.0 7.0 8.0 9.0 10.0 11.0 12.0 13.0 14.0 15.0 16.0 17.0 18.0 19.0 20.0 21.0 22.0 23.0 24.0 25.0 26.0 27.0 28.0 29.0 30.0 31.0 32.0 31.0 30.0 29.0 28.0 27.0 26.0 25.0 24.0 23.0 22.0 21.0 20.0 19.0 18.0 17.0 16.0 15.0 14.0 13.0 12.0 11.0 10.0 9.0 8.0 7.0 6.0 5.0 4.0 3.0 2.0 1.0 0.0 1.0 2.0 
2.0 3.0 4.0 5.0 6.0 7.0 8.0 9.0 10.0 11.0 12.0 13.0 14.0 15.0 16.0 17.0 18.0 19.0 20.0 21.0 22.0 23.0 24.0 25.0 26.0 27.0 28.0 29.0 30.0 31.0 32.0 31.0 30.0 29.0 28.0 27.0 26.0 25.0 24.0 23.0 22.0 21.0 20.0 19.0 18.0 17.0 16.0 15.0 14.0 13.0 12.0 11.0 10.0 9.0 8.0 7.0 6.0 5.0 4.0 3.0 2.0 1.0 0.0 1.0 
1.0 2.0 3.0 4.0 5.0 6.0 7.0 8.0 9.0 10.0 11.0 12.0 13.0 14.0 15.0 16.0 17.0 18.0 19.0 20.0 21.0 22.0 23.0 24.0 25.0 26.0 27.0 28.0 29.0 30.0 31.0 32.0 31.0 30.0 29.0 28.0 27.0 26.0 25.0 24.0 23.0 22.0 21.0 20.0 19.0 18.0 17.0 16.0 15.0 14.0 13.0 12.0 11.0 10.0 9.0 8.0 7.0 6.0 5.0 4.0 3.0 2.0 1.0 0.0 