16
3 46 70 88 45 43 96 11 15 38 89 26 44 55 48 18 
24 49 1 45 17 50 96 45 24 54 74 33 98 33 32 42 
6 60 3 84 100 19 51 7 18 73 96 47 47 13 75 24 
9 71 84 10 68 98 76 50 3 87 40 35 91 58 69 99 
97 32 11 36 37 17 77 56 35 30 37 21 41 24 14 47 
8 54 46 85 84 52 31 74 79 96 72 19 54 2 65 99 
62 20 79 23 39 76 80 21 86 34 72 52 17 31 12 67 
65 70 51 72 30 26 99 35 41 1 22 89 16 60 63 8 
16 87 73 40 34 48 74 79 61 59 22 56 1 38 99 71 
42 96 9 39 79 74 45 54 99 87 12 28 29 58 66 41 
51 5 90 41 79 55 45 63 37 98 4 15 8 13 96 35 
11 32 17 8 90 33 4 12 56 33 76 87 25 79 99 52 
74 57 67 36 32 5 98 81 59 80 88 47 2 96 6 4 
71 19 95 4 60 80 81 96 57 31 66 60 61 55 97 7 
50 13 65 67 71 48 59 2 58 55 21 47 5 10 21 66 
75 93 96 96 92 47 21 84 44 49 85 91 89 36 86 94 
0.0 1.0 2.0 3.0 4.0 5.0 6.0 7.0 8.0 7.0 6.0 5.0 4.0 3.0 2.0 1.0 
1.0 0.0 1.0 2.0 3.0 4.0 5.0 6.0 7.0 8.0 7.0 6.0 5.0 4.0 3.0 2.0 
2.0 1.0 0.0 1.0 2.0 3.0 4.0 5.0 6.0 7.0 8.0 7.0 6.0 5.0 4.0 3.0 
3.0 2.0 1.0 0.0 1.0 2.0 3.0 4.0 5.0 6.0 7.0 8.0 7.0 6.0 5.0 4.0 
4.0 3.0 2.0 1.0 0.0 1.0 2.0 3.0 4.0 5.0 6.0 7.0 8.0 7.0 6.0 5.0 
5.0 4.0 3.0 2.0 1.0 0.0 1.0 2.0 3.0 4.0 5.0 6.0 7.0 8.0 7.0 6.0 
6.0 5.0 4.0 3.0 2.0 1.0 0.0 1.0 2.0 3.0 4.0 5.0 6.0 7.0 8.0 7.0 
7.0 6.0 5.0 4.0 3.0 2.0 1.0 0.0 1.0 2.0 3.0 4.0 5.0 6.0 7.0 8.0 
8.0 7.0 6.0 5.0 4.0 3.0 2.0 1.0 0.0 1.0 2.0 3.0 4.0 5.0 6.0 7.0 
7.0 8.0 7.0 6.0 5.0 4.0 3.0 2.0 1.0 0.0 1.0 2.0 3.0 4.0 5.0 6.0 
6.0 7.0 8.0 7.0 6.0 5.0 4.0 3.0 2.0 1.0 0.0 1.0 2.0 3.0 4.0 5.0 
5.0 6.0 7.0 8.0 7.0 6.0 5.0 4.0 3.0 2.0 1.0 0.0 1.0 2.0 3.0 4.0 
4.0 5.0 6.0 7.0 8.0 7.0 6.0 5.0 4.0 3.0 2.0 1.0 0.0 1.0 2.0 3.0 
3.0 4.0 5.0 6.0 7.0 8.0 7.0 6.0 5.0 4.0 3.0 2.0 1.0 0.0 1.0 2.0 
2.0 3.0 4.0 5.0 6.0 7.0 8.0 7.0 6.0 5.0 4.0 3.0 2.0 1.0 0.0 1.0 
1.0 2.0 3.0 4.0 5.0 6.0 7.0 8.0 7.0 6.0 5.0 4.0 3.0 2.0 1.0 0.0 