32
8 11 68 23 28 45 72 77 35 25 32 48 19 9 4 68 70 60 92 86 42 96 27 74 46 100 36 90 35 44 59 55 
93 52 68 46 88 6 88 51 75 7 24 4 15 72 81 36 17 50 27 31 86 35 11 77 71 80 8 76 42 24 71 19 
14 4 41 65 39 4 77 73 84 23 89 67 75 50 42 74 69 3 27 31 20 47 25 4 89 64 23 3 37 24 83 6 
89 45 62 75 16 89 88 83 75 12 25 39 50 19 16 49 63 10 18 98 81 77 77 62 31 17 83 70 58 80 76 87 
100 49 3 91 19 67 32 99 34 21 16 19 43 59 94 39 40 30 85 48 97 50 56 43 40 49 30 17 90 61 67 38 
56 97 43 9 33 24 94 22 51 90 2 67 70 77 45 21 86 97 4 54 70 9 93 85 63 93 94 34 69 61 60 50 
88 26 14 8 33 7 26 65 52 31 90 86 18 51 99 8 35 49 80 20 88 72 4 66 99 3 92 86 34 86 75 27 
31 86 57 52 51 44 35 26 16 88 61 15 87 12 44 57 53 82 36 9 66 52 45 98 71 89 48 12 20 51 17 31 
17 83 11 84 68 61 97 85 76 54 82 44 50 37 37 7 15 55 81 34 77 43 27 21 10 32 77 55 75 22 62 72 
62 7 72 67 87 1 14 42 98 92 94 26 17 35 57 92 87 71 4 32 91 48 69 5 11 83 77 49 88 54 47 3 
13 29 11 75 14 35 17 48 24 41 98 66 25 50 22 77 28 76 15 8 4 79 44 96 91 58 39 33 8 31 4 57 
60 75 16 56 96 86 91 85 38 63 13 10 15 46 34 40 78 89 53 24 83 35 50 52 12 10 5 77 80 77 52 30 
52 82 92 59 35 55 45 52 58 18 94 21 79 33 10 29 93 78 59 55 78 40 72 8 80 43 12 92 80 57 93 51 
8 34 95 71 95 38 37 8 15 48 59 42 70 5 51 82 100 45 76 23 95 85 77 80 13 77 12 70 73 19 87 19 
68 41 90 42 76 18 76 85 7 43 16 74 25 61 80 36 62 37 23 49 77 96 83 95 80 92 11 74 58 52 59 44 
15 54 25 75 3 13 51 61 84 79 100 69 26 20 93 63 69 18 37 36 38 71 9 90 50 93 47 45 8 50 80 43 
44 15 38 33 85 60 40 38 90 68 50 22 47 40 83 88 37 68 54 37 55 28 59 58 49 49 31 12 69 88 18 91 
4 48 45 97 80 96 89 2 65 22 56 60 23 30 54 75 14 13 79 52 74 21 54 37 44 20 45 70 36 37 31 37 
24 36 12 13 59 90 58 20 31 42 5 62 82 8 15 32 41 81 83 3 24 98 27 97 100 97 56 94 34 89 62 69 
77 46 73 62 65 60 64 41 87 76 84 88 37 23 88 78 53 76 34 93 26 61 16 82 98 4 96 6 8 6 61 95 
78 4 98 64 84 71 58 6 16 24 47 86 75 72 17 24 98 59 5 50 100 93 70 81 14 25 57 86 66 89 98 61 
89 71 98 32 31 18 38 27 92 47 27 20 47 4 12 29 47 84 49 40 38 58 54 65 19 66 77 7 39 60 79 24 
81 39 33 12 57 66 63 90 52 91 87 6 75 13 10 91 24 16 83 77 25 50 87 45 67 92 10 98 37 39 93 4 
57 83 86 86 34 87 44 26 27 62 18 64 15 75 68 62 59 9 39 64 37 99 72 79 72 53 5 49 90 65 53 37 
71 85 43 94 31 76 34 50 1 59 5 100 64 79 62 93 60 92 85 96 65 52 9 29 21 18 74 30 9 14 83 16 
79 90 20 33 66 99 45 36 16 85 7 71 1 35 48 95 46 77 74 98 5 14 56 61 93 26 14 89 34 80 9 11 
62 64 43 12 20 66 17 47 94 78 95 13 54 43 10 66 18 63 82 30 9 60 79 26 91 33 6 49 11 70 51 24 
30 25 71 63 92 75 4 93 60 90 38 55 90 86 80 55 52 79 20 22 3 87 73 95 70 34 100 80 59 81 77 32 
6 86 67 2 15 45 82 65 53 82 46 45 78 100 14 77 22 46 25 43 21 52 19 10 64 31 28 31 30 20 31 8 
55 56 57 91 8 19 61 19 57 46 67 72 53 76 54 70 78 56 10 81 78 4 26 45 46 44 23 49 61 8 17 65 
91 55 18 80 89 76 7 17 67 40 96 87 54 39 95 73 44 15 56 89 71 30 12 6 36 12 67 60 7 20 20 61 
4 40 90 9 84 80 84 82 80 36 55 65 17 89 80 48 1 90 15 97 46 56 51 74 34 35 99 44 58 45 77 91 
0.0 1.0 2.0 3.0 4.0 5.0 6.0 7.0 8.0 9.0 10.0 11.0 12.0 13.0 14.0 15.0 16.0 15.0 14.0 13.0 12.0 11.0 10.0 9.0 8.0 7.0 6.0 5.0 4.0 3.0 2.0 1.0 
1.0 0.0 1.0 2.0 3.0 4.0 5.0 6.0 7.0 8.0 9.0 10.0 11.0 12.0 13.0 14.0 15.0 16.0 15.0 14.0 13.0 12.0 11.0 10.0 9.0 8.0 7.0 6.0 5.0 4.0 3.0 2.0 
2.0 1.0 0.0 1.0 2.0 3.0 4.0 5.0 6.0 7.0 8.0 9.0 10.0 11.0 12.0 13.0 14.0 15.0 16.0 15.0 14.0 13.0 12.0 11.0 10.0 9.0 8.0 7.0 6.0 5.0 4.0 3.0 
3.0 2.0 1.0 0.0 1.0 2.0 3.0 4.0 5.0 6.0 7.0 8.0 9.0 10.0 11.0 12.0 13.0 14.0 15.0 16.0 15.0 14.0 13.0 12.0 11.0 10.0 9.0 8.0 7.0 6.0 5.0 4.0 
4.0 3.0 2.0 1.0 0.0 1.0 2.0 3.0 4.0 5.0 6.0 7.0 8.0 9.0 10.0 11.0 12.0 13.0 14.0 15.0 16.0 15.0 14.0 13.0 12.0 11.0 10.0 9.0 8.0 7.0 6.0 5.0 
5.0 4.0 3.0 2.0 1.0 0.0 1.0 2.0 3.0 4.0 5.0 6.0 7.0 8.0 9.0 10.0 11.0 12.0 13.0 14.0 15.0 16.0 15.0 14.0 13.0 12.0 11.0 10.0 9.0 8.0 7.0 6.0 
6.0 5.0 4.0 3.0 2.0 1.0 0.0 1.0 2.0 3.0 4.0 5.0 6.0 7.0 8.0 9.0 10.0 11.0 12.0 13.0 14.0 15.0 16.0 15.0 14.0 13.0 12.0 11.0 10.0 9.0 8.0 7.0 
7.0 6.0 5.0 4.0 3.0 2.0 1.0 0.0 1.0 2.0 3.0 4.0 5.0 6.0 7.0 8.0 9.0 10.0 11.0 12.0 13.0 14.0 15.0 16.0 15.0 14.0 13.0 12.0 11.0 10.0 9.0 8.0 
8.0 7.0 6.0 5.0 4.0 3.0 2.0 1.0 0.0 1.0 2.0 3.0 4.0 5.0 6.0 7.0 8.0 9.0 10.0 11.0 12.0 13.0 14.0 15.0 16.0 15.0 14.0 13.0 12.0 11.0 10.0 9.0 
9.0 8.0 7.0 6.0 5.0 4.0 3.0 2.0 1.0 0.0 1.0 2.0 3.0 4.0 5.0 6.0 7.0 8.0 9.0 10.0 11.0 12.0 13.0 14.0 15.0 16.0 15.0 14.0 13.0 12.0 11.0 10.0 
10.0 9.0 8.0 7.0 6.0 5.0 4.0 3.0 2.0 1.0 0.0 1.0 2.0 3.0 4.0 5.0 6.0 7.0 8.0 9.0 10.0 11.0 12.0 13.0 14.0 15.0 16.0 15.0 14.0 13.0 12.0 11.0 
11.0 10.0 9.0 8.0 7.0 6.0 5.0 4.0 3.0 2.0 1.0 0.0 1.0 2.0 3.0 4.0 5.0 6.0 7.0 8.0 9.0 10.0 11.0 12.0 13.0 14.0 15.0 16.0 15.0 14.0 13.0 12.0 
12.0 11.0 10.0 9.0 8.0 7.0 6.0 5.0 4.0 3.0 2.0 1.0 0.0 1.0 2.0 3.0 4.0 5.0 6.0 7.0 8.0 9.0 10.0 11.0 12.0 13.0 14.0 15.0 16.0 15.0 14.0 13.0 
13.0 12.0 11.0 10.0 9.0 8.0 7.0 6.0 5.0 4.0 3.0 2.0 1.0 0.0 1.0 2.0 3.0 4.0 5.0 6.0 7.0 8.0 9.0 10.0 11.0 12.0 13.0 14.0 15.0 16.0 15.0 14.0 
14.0 13.0 12.0 11.0 10.0 9.0 8.0 7.0 6.0 5.0 4.0 3.0 2.0 1.0 0.0 1.0 2.0 3.0 4.0 5.0 6.0 7.0 8.0 9.0 10.0 11.0 12.0 13.0 14.0 15.0 16.0 15.0 
15.0 14.0 13.0 12.0 11.0 10.0 9.0 8.0 7.0 6.0 5.0 4.0 3.0 2.0 1.0 0.0 1.0 2.0 3.0 4.0 5.0 6.0 7.0 8.0 9.0 10.0 11.0 12.0 13.0 14.0 15.0 16.0 
16.0 15.0 14.0 13.0 12.0 11.0 10.0 9.0 8.0 7.0 6.0 5.0 4.0 3.0 2.0 1.0 0.0 1.0 2.0 3.0 4.0 5.0 6.0 7.0 8.0 9.0 10.0 11.0 12.0 13.0 14.0 15.0 
15.0 16.0 15.0 14.0 13.0 12.0 11.0 10.0 9.0 8.0 7.0 6.0 5.0 4.0 3.0 2.0 1.0 0.0 1.0 2.0 3.0 4.0 5.0 6.0 7.0 8.0 9.0 10.0 11.0 12.0 13.0 14.0 
14.0 15.0 16.0 15.0 14.0 13.0 12.0 11.0 10.0 9.0 8.0 7.0 6.0 5.0 4.0 3.0 2.0 1.0 0.0 1.0 2.0 3.0 4.0 5.0 6.0 7.0 8.0 9.0 10.0 11.0 12.0 13.0 
13.0 14.0 15.0 16.0 15.0 14.0 13.0 12.0 11.0 10.0 9.0 8.0 7.0 6.0 5.0 4.0 3.0 2.0 1.0 0.0 1.0 2.0 3.0 4.0 5.0 6.0 7.0 8.0 9.0 10.0 11.0 12.0 
12.0 13.0 14.0 15.0 16.0 15.0 14.0 13.0 12.0 11.0 10.0 9.0 8.0 7.0 6.0 5.0 4.0 3.0 2.0 1.0 0.0 1.0 2.0 3.0 4.0 5.0 6.0 7.0 8.0 9.0 10.0 11.0 
11.0 12.0 13.0 14.0 15.0 16.0 15.0 14.0 13.0 12.0 11.0 10.0 9.0 8.0 7.0 6.0 5.0 4.0 3.0 2.0 1.0 0.0 1.0 2.0 3.0 4.0 5.0 6.0 7.0 8.0 9.0 10.0 
10.0 11.0 12.0 13.0 14.0 15.0 16.0 15.0 14.0 13.0 12.0 11.0 10.0 9.0 8.0 7.0 6.0 5.0 4.0 3.0 2.0 1.0 0.0 1.0 2.0 3.0 4.0 5.0 6.0 7.0 8.0 9.0 
9.0 10.0 11.0 12.0 13.0 14.0 15.0 16.0 15.0 14.0 13.0 12.0 11.0 10.0 9.0 8.0 7.0 6.0 5.0 4.0 3.0 2.0 1.0 0.0 1.0 2.0 3.0 4.0 5.0 6.0 7.0 8.0 
8.0 9.0 10.0 11.0 12.0 13.0 14.0 15.0 16.0 15.0 14.0 13.0 12.0 11.0 10.0 9.0 8.0 7.0 6.0 5.0 4.0 3.0 2.0 1.0 0.0 1.0 2.0 3.0 4.0 5.0 6.0 7.0 
7.0 8.0 9.0 10.0 11.0 12.0 13.0 14.0 15.0 16.0 15.0 14.0 13.0 12.0 11.0 10.0 9.0 8.0 7.0 6.0 5.0 4.0 3.0 2.0 1.0 0.0 1.0 2.0 3.0 4.0 5.0 6.0 
6.0 7.0 8.0 9.0 10.0 11.0 12.0 13.0 14.0 15.0 16.0 15.0 14.0 13.0 12.0 11.0 10.0 9.0 8.0 7.0 6.0 5.0 4.0 3.0 2.0 1.0 0.0 1.0 2.0 3.0 4.0 5.0 
5.0 6.0 7.0 8.0 9.0 10.0 11.0 12.0 13.0 14.0 15.0 16.0 15.0 14.0 13.0 12.0 11.0 10.0 9.0 8.0 7.0 6.0 5.0 4.0 3.0 2.0 1.0 0.0 1.0 2.0 3.0 4.0 
4.0 5.0 6.0 7.0 8.0 9.0 10.0 11.0 12.0 13.0 14.0 15.0 16.0 15.0 14.0 13.0 12.0 11.0 10.0 9.0 8.0 7.0 6.0 5.0 4.0 3.0 2.0 1.0 0.0 1.0 2.0 3.0 
3.0 4.0 5.0 6.0 7.0 8.0 9.0 10.0 11.0 12.0 13.0 14.0 15.0 16.0 15.0 14.0 13.0 12.0 11.0 10.0 9.0 8.0 7.0 6.0 5.0 4.0 3.0 2.0 1.0 0.0 1.0 2.0 
2.0 3.0 4.0 5.0 6.0 7.0 8.0 9.0 10.0 11.0 12.0 13.0 14.0 15.0 16.0 15.0 14.0 13.0 12.0 11.0 10.0 9.0 8.0 7.0 6.0 5.0 4.0 3.0 2.0 1.0 0.0 1.0 
1.0 2.0 3.0 4.0 5.0 6.0 7.0 8.0 9.0 10.0 11.0 12.0 13.0 14.0 15.0 16.0 15.0 14.0 13.0 12.0 11.0 10.0 9.0 8.0 7.0 6.0 5.0 4.0 3.0 2.0 1.0 0.0 