32
74 68 14 70 20 31 26 83 76 43 41 32 81 29 86 38 62 71 56 64 97 5 66 26 99 39 15 38 14 60 9 94 
44 34 85 3 69 48 39 35 41 23 72 100 37 35 20 64 34 33 48 27 53 18 71 66 39 80 31 76 22 9 43 84 
98 83 27 2 84 35 15 96 16 56 5 73 57 28 16 1 93 100 64 30 86 86 62 94 59 89 18 10 82 73 29 28 
71 61 23 48 80 21 46 20 98 64 85 6 20 55 27 79 58 72 37 2 53 49 24 64 55 45 86 62 71 28 62 24 
64 31 36 73 69 25 6 87 73 81 26 39 58 92 99 42 91 58 81 22 97 48 21 54 46 75 49 18 50 21 18 18 
26 44 75 86 36 52 9 29 3 6 55 58 48 56 8 63 36 14 36 69 91 42 14 57 54 24 63 32 48 78 20 42 
69 44 15 50 67 35 13 25 19 39 11 37 85 43 49 81 41 85 65 30 16 69 6 53 43 30 40 12 63 6 65 92 
47 57 82 80 13 12 68 81 23 40 33 67 46 1 22 78 87 33 77 85 34 51 63 95 28 81 93 19 61 73 40 60 
14 81 3 33 22 20 45 23 50 77 2 45 35 53 24 12 1 85 35 40 70 51 55 46 92 59 42 46 97 66 21 87 
71 39 34 35 59 62 77 17 72 8 96 50 87 5 51 10 53 9 80 60 84 23 98 54 98 41 66 59 21 4 30 49 
23 88 92 26 94 78 94 61 27 40 97 67 90 17 9 2 37 26 66 73 31 69 62 74 30 97 89 55 87 77 27 10 
86 34 16 18 17 30 2 98 7 11 75 96 76 52 25 31 13 16 41 12 67 15 66 96 47 17 27 69 64 55 100 31 
32 44 56 53 58 93 96 65 19 7 36 51 42 46 25 69 67 87 89 4 18 40 47 19 19 97 72 98 48 31 68 82 
31 3 47 80 46 28 28 10 92 66 36 77 95 52 100 55 37 40 88 43 26 17 85 62 67 43 69 40 70 73 63 54 
66 43 7 9 11 42 32 71 97 55 99 68 72 88 91 22 68 31 59 88 84 9 25 16 1 94 94 44 46 63 20 8 
7 66 35 34 42 85 19 50 49 50 49 50 58 47 91 61 59 93 61 54 76 73 54 34 53 10 84 78 87 70 74 31 
16 38 17 12 13 88 46 40 49 18 12 50 17 26 78 93 10 47 72 72 87 63 53 24 85 19 84 46 33 19 21 29 
67 31 19 11 52 97 66 61 53 15 4 30 36 47 55 74 41 14 65 39 61 32 17 73 9 94 84 76 20 49 76 3 
54 54 90 100 17 59 40 63 70 99 98 49 19 1 80 25 68 20 53 26 61 89 36 54 6 98 19 92 65 57 21 35 
12 5 71 89 8 83 11 49 85 86 16 16 59 90 29 81 60 76 62 14 66 80 54 35 56 71 77 88 5 25 94 74 
32 78 50 22 57 97 15 77 37 86 22 3 5 34 49 28 11 64 36 5 14 75 34 52 85 55 2 83 31 99 58 3 
1 83 37 25 89 68 38 50 17 50 83 80 9 41 32 61 23 40 92 61 59 67 40 27 34 21 27 11 38 48 99 44 
41 76 15 55 18 2 9 96 44 82 73 80 91 64 45 7 11 42 28 23 78 69 59 98 97 59 58 48 94 11 14 65 
51 78 4 49 15 71 17 37 10 93 76 89 35 12 65 60 49 52 7 48 11 70 52 77 26 23 92 67 8 36 65 40 
74 36 45 82 84 53 11 62 64 60 76 54 100 63 7 51 34 71 86 18 69 54 14 56 43 68 1 22 63 26 18 38 
2 84 73 56 36 74 73 1 91 37 53 3 46 57 72 77 35 29 57 13 21 52 65 76 88 74 90 67 20 12 60 43 
16 16 97 37 86 49 62 22 24 59 21 55 14 40 17 4 26 56 68 76 92 70 48 64 7 68 13 53 73 81 11 17 
73 27 37 44 12 33 83 55 56 45 46 88 46 19 25 97 39 5 51 6 10 27 42 24 41 26 2 46 92 62 46 79 
16 35 73 31 55 95 11 100 25 24 63 86 73 47 38 1 83 51 60 14 37 23 54 86 75 14 78 10 49 13 25 84 
5 72 33 44 49 21 45 92 51 43 73 83 44 16 12 46 37 33 43 23 79 60 10 36 26 21 93 50 27 9 15 29 
12 90 34 39 40 36 4 56 3 22 22 18 45 62 94 10 96 13 43 9 35 18 95 6 20 58 33 14 34 79 9 62 
12 68 65 69 14 47 17 26 87 20 94 46 38 29 49 2 98 85 1 65 87 34 2 64 85 70 37 66 83 12 32 21 
0.0 1.0 2.0 3.0 4.0 5.0 6.0 7.0 8.0 9.0 10.0 11.0 12.0 13.0 14.0 15.0 16.0 15.0 14.0 13.0 12.0 11.0 10.0 9.0 8.0 7.0 6.0 5.0 4.0 3.0 2.0 1.0 
1.0 0.0 1.0 2.0 3.0 4.0 5.0 6.0 7.0 8.0 9.0 10.0 11.0 12.0 13.0 14.0 15.0 16.0 15.0 14.0 13.0 12.0 11.0 10.0 9.0 8.0 7.0 6.0 5.0 4.0 3.0 2.0 
2.0 1.0 0.0 1.0 2.0 3.0 4.0 5.0 6.0 7.0 8.0 9.0 10.0 11.0 12.0 13.0 14.0 15.0 16.0 15.0 14.0 13.0 12.0 11.0 10.0 9.0 8.0 7.0 6.0 5.0 4.0 3.0 
3.0 2.0 1.0 0.0 1.0 2.0 3.0 4.0 5.0 6.0 7.0 8.0 9.0 10.0 11.0 12.0 13.0 14.0 15.0 16.0 15.0 14.0 13.0 12.0 11.0 10.0 9.0 8.0 7.0 6.0 5.0 4.0 
4.0 3.0 2.0 1.0 0.0 1.0 2.0 3.0 4.0 5.0 6.0 7.0 8.0 9.0 10.0 11.0 12.0 13.0 14.0 15.0 16.0 15.0 14.0 13.0 12.0 11.0 10.0 9.0 8.0 7.0 6.0 5.0 
5.0 4.0 3.0 2.0 1.0 0.0 1.0 2.0 3.0 4.0 5.0 6.0 7.0 8.0 9.0 10.0 11.0 12.0 13.0 14.0 15.0 16.0 15.0 14.0 13.0 12.0 11.0 10.0 9.0 8.0 7.0 6.0 
6.0 5.0 4.0 3.0 2.0 1.0 0.0 1.0 2.0 3.0 4.0 5.0 6.0 7.0 8.0 9.0 10.0 11.0 12.0 13.0 14.0 15.0 16.0 15.0 14.0 13.0 12.0 11.0 10.0 9.0 8.0 7.0 
7.0 6.0 5.0 4.0 3.0 2.0 1.0 0.0 1.0 2.0 3.0 4.0 5.0 6.0 7.0 8.0 9.0 10.0 11.0 12.0 13.0 14.0 15.0 16.0 15.0 14.0 13.0 12.0 11.0 10.0 9.0 8.0 
8.0 7.0 6.0 5.0 4.0 3.0 2.0 1.0 0.0 1.0 2.0 3.0 4.0 5.0 6.0 7.0 8.0 9.0 10.0 11.0 12.0 13.0 14.0 15.0 16.0 15.0 14.0 13.0 12.0 11.0 10.0 9.0 
9.0 8.0 7.0 6.0 5.0 4.0 3.0 2.0 1.0 0.0 1.0 2.0 3.0 4.0 5.0 6.0 7.0 8.0 9.0 10.0 11.0 12.0 13.0 14.0 15.0 16.0 15.0 14.0 13.0 12.0 11.0 10.0 
10.0 9.0 8.0 7.0 6.0 5.0 4.0 3.0 2.0 1.0 0.0 1.0 2.0 3.0 4.0 5.0 6.0 7.0 8.0 9.0 10.0 11.0 12.0 13.0 14.0 15.0 16.0 15.0 14.0 13.0 12.0 11.0 
11.0 10.0 9.0 8.0 7.0 6.0 5.0 4.0 3.0 2.0 1.0 0.0 1.0 2.0 3.0 4.0 5.0 6.0 7.0 8.0 9.0 10.0 11.0 12.0 13.0 14.0 15.0 16.0 15.0 14.0 13.0 12.0 
12.0 11.0 10.0 9.0 8.0 7.0 6.0 5.0 4.0 3.0 2.0 1.0 0.0 1.0 2.0 3.0 4.0 5.0 6.0 7.0 8.0 9.0 10.0 11.0 12.0 13.0 14.0 15.0 16.0 15.0 14.0 13.0 
13.0 12.0 11.0 10.0 9.0 8.0 7.0 6.0 5.0 4.0 3.0 2.0 1.0 0.0 1.0 2.0 3.0 4.0 5.0 6.0 7.0 8.0 9.0 10.0 11.0 12.0 13.0 14.0 15.0 16.0 15.0 14.0 
14.0 13.0 12.0 11.0 10.0 9.0 8.0 7.0 6.0 5.0 4.0 3.0 2.0 1.0 0.0 1.0 2.0 3.0 4.0 5.0 6.0 7.0 8.0 9.0 10.0 11.0 12.0 13.0 14.0 15.0 16.0 15.0 
15.0 14.0 13.0 12.0 11.0 10.0 9.0 8.0 7.0 6.0 5.0 4.0 3.0 2.0 1.0 0.0 1.0 2.0 3.0 4.0 5.0 6.0 7.0 8.0 9.0 10.0 11.0 12.0 13.0 14.0 15.0 16.0 
16.0 15.0 14.0 13.0 12.0 11.0 10.0 9.0 8.0 7.0 6.0 5.0 4.0 3.0 2.0 1.0 0.0 1.0 2.0 3.0 4.0 5.0 6.0 7.0 8.0 9.0 10.0 11.0 12.0 13.0 14.0 15.0 
15.0 16.0 15.0 14.0 13.0 12.0 11.0 10.0 9.0 8.0 7.0 6.0 5.0 4.0 3.0 2.0 1.0 0.0 1.0 2.0 3.0 4.0 5.0 6.0 7.0 8.0 9.0 10.0 11.0 12.0 13.0 14.0 
14.0 15.0 16.0 15.0 14.0 13.0 12.0 11.0 10.0 9.0 8.0 7.0 6.0 5.0 4.0 3.0 2.0 1.0 0.0 1.0 2.0 3.0 4.0 5.0 6.0 7.0 8.0 9.0 10.0 11.0 12.0 13.0 
13.0 14.0 15.0 16.0 15.0 14.0 13.0 12.0 11.0 10.0 9.0 8.0 7.0 6.0 5.0 4.0 3.0 2.0 1.0 0.0 1.0 2.0 3.0 4.0 5.0 6.0 7.0 8.0 9.0 10.0 11.0 12.0 
12.0 13.0 14.0 15.0 16.0 15.0 14.0 13.0 12.0 11.0 10.0 9.0 8.0 7.0 6.0 5.0 4.0 3.0 2.0 1.0 0.0 1.0 2.0 3.0 4.0 5.0 6.0 7.0 8.0 9.0 10.0 11.0 
11.0 12.0 13.0 14.0 15.0 16.0 15.0 14.0 13.0 12.0 11.0 10.0 9.0 8.0 7.0 6.0 5.0 4.0 3.0 2.0 1.0 0.0 1.0 2.0 3.0 4.0 5.0 6.0 7.0 8.0 9.0 10.0 
10.0 11.0 12.0 13.0 14.0 15.0 16.0 15.0 14.0 13.0 12.0 11.0 10.0 9.0 8.0 7.0 6.0 5.0 4.0 3.0 2.0 1.0 0.0 1.0 2.0 3.0 4.0 5.0 6.0 7.0 8.0 9.0 
9.0 10.0 11.0 12.0 13.0 14.0 15.0 16.0 15.0 14.0 13.0 12.0 11.0 10.0 9.0 8.0 7.0 6.0 5.0 4.0 3.0 2.0 1.0 0.0 1.0 2.0 3.0 4.0 5.0 6.0 7.0 8.0 
8.0 9.0 10.0 11.0 12.0 13.0 14.0 15.0 16.0 15.0 14.0 13.0 12.0 11.0 10.0 9.0 8.0 7.0 6.0 5.0 4.0 3.0 2.0 1.0 0.0 1.0 2.0 3.0 4.0 5.0 6.0 7.0 
7.0 8.0 9.0 10.0 11.0 12.0 13.0 14.0 15.0 16.0 15.0 14.0 13.0 12.0 11.0 10.0 9.0 8.0 7.0 6.0 5.0 4.0 3.0 2.0 1.0 0.0 1.0 2.0 3.0 4.0 5.0 6.0 
6.0 7.0 8.0 9.0 10.0 11.0 12.0 13.0 14.0 15.0 16.0 15.0 14.0 13.0 12.0 11.0 10.0 9.0 8.0 7.0 6.0 5.0 4.0 3.0 2.0 1.0 0.0 1.0 2.0 3.0 4.0 5.0 
5.0 6.0 7.0 8.0 9.0 10.0 11.0 12.0 13.0 14.0 15.0 16.0 15.0 14.0 13.0 12.0 11.0 10.0 9.0 8.0 7.0 6.0 5.0 4.0 3.0 2.0 1.0 0.0 1.0 2.0 3.0 4.0 
4.0 5.0 6.0 7.0 8.0 9.0 10.0 11.0 12.0 13.0 14.0 15.0 16.0 15.0 14.0 13.0 12.0 11.0 10.0 9.0 8.0 7.0 6.0 5.0 4.0 3.0 2.0 1.0 0.0 1.0 2.0 3.0 
3.0 4.0 5.0 6.0 7.0 8.0 9.0 10.0 11.0 12.0 13.0 14.0 15.0 16.0 15.0 14.0 13.0 12.0 11.0 10.0 9.0 8.0 7.0 6.0 5.0 4.0 3.0 2.0 1.0 0.0 1.0 2.0 
2.0 3.0 4.0 5.0 6.0 7.0 8.0 9.0 10.0 11.0 12.0 13.0 14.0 15.0 16.0 15.0 14.0 13.0 12.0 11.0 10.0 9.0 8.0 7.0 6.0 5.0 4.0 3.0 2.0 1.0 0.0 1.0 
1.0 2.0 3.0 4.0 5.0 6.0 7.0 8.0 9.0 10.0 11.0 12.0 13.0 14.0 15.0 16.0 15.0 14.0 13.0 12.0 11.0 10.0 9.0 8.0 7.0 6.0 5.0 4.0 3.0 2.0 1.0 0.0 