16
21 65 70 34 46 77 7 47 71 31 60 56 2 1 75 69 
99 28 14 85 64 56 94 11 3 37 38 27 7 15 27 18 
88 62 76 53 17 18 61 58 71 7 70 61 89 27 82 23 
5 70 46 82 63 24 54 74 69 60 69 63 92 2 91 76 
5 19 69 89 30 19 12 55 4 73 16 71 63 58 16 9 
75 58 53 18 96 69 21 82 23 28 91 80 57 35 90 84 
57 54 49 10 30 48 2 32 67 21 93 43 83 7 7 80 
60 75 19 35 5 3 1 46 87 42 91 10 13 68 92 18 
10 27 91 1 75 33 98 98 78 96 3 21 20 47 92 28 
45 29 95 38 28 26 85 93 53 21 54 87 11 93 77 89 
2 12 35 88 50 22 37 86 44 25 30 64 27 98 42 40 
1 80 7 32 95 70 74 80 90 92 69 95 24 30 94 43 
78 6 69 54 39 12 57 100 84 58 1 31 26 20 33 99 
34 19 56 17 46 65 24 30 96 44 43 70 16 52 74 46 
95 70 58 48 57 62 30 47 45 73 29 14 1 26 25 28 
64 68 46 57 44 40 5 46 92 83 43 69 48 67 36 59 
0.0 1.0 2.0 3.0 4.0 5.0 6.0 7.0 8.0 7.0 6.0 5.0 4.0 3.0 2.0 1.0 
1.0 0.0 1.0 2.0 3.0 4.0 5.0 6.0 7.0 8.0 7.0 6.0 5.0 4.0 3.0 2.0 
2.0 1.0 0.0 1.0 2.0 3.0 4.0 5.0 6.0 7.0 8.0 7.0 6.0 5.0 4.0 3.0 
3.0 2.0 1.0 0.0 1.0 2.0 3.0 4.0 5.0 6.0 7.0 8.0 7.0 6.0 5.0 4.0 
4.0 3.0 2.0 1.0 0.0 1.0 2.0 3.0 4.0 5.0 6.0 7.0 8.0 7.0 6.0 5.0 
5.0 4.0 3.0 2.0 1.0 0.0 1.0 2.0 3.0 4.0 5.0 6.0 7.0 8.0 7.0 6.0 
6.0 5.0 4.0 3.0 2.0 1.0 0.0 1.0 2.0 3.0 4.0 5.0 6.0 7.0 8.0 7.0 
7.0 6.0 5.0 4.0 3.0 2.0 1.0 0.0 1.0 2.0 3.0 4.0 5.0 6.0 7.0 8.0 
8.0 7.0 6.0 5.0 4.0 3.0 2.0 1.0 0.0 1.0 2.0 3.0 4.0 5.0 6.0 7.0 
7.0 8.0 7.0 6.0 5.0 4.0 3.0 2.0 1.0 0.0 1.0 2.0 3.0 4.0 5.0 6.0 
6.0 7.0 8.0 7.0 6.0 5.0 4.0 3.0 2.0 1.0 0.0 1.0 2.0 3.0 4.0 5.0 
5.0 6.0 7.0 8.0 7.0 6.0 5.0 4.0 3.0 2.0 1.0 0.0 1.0 2.0 3.0 4.0 
4.0 5.0 6.0 7.0 8.0 7.0 6.0 5.0 4.0 3.0 2.0 1.0 0.0 1.0 2.0 3.0 
3.0 4.0 5.0 6.0 7.0 8.0 7.0 6.0 5.0 4.0 3.0 2.0 1.0 0.0 1.0 2.0 
2.0 3.0 4.0 5.0 6.0 7.0 8.0 7.0 6.0 5.0 4.0 3.0 2.0 1.0 0.0 1.0 
1.0 2.0 3.0 4.0 5.0 6.0 7.0 8.0 7.0 6.0 5.0 4.0 3.0 2.0 1.0 0.0 