16
75 32 18 71 19 47 25 9 28 61 13 71 51 76 65 78 
52 43 43 25 34 61 72 35 77 10 38 22 95 95 59 34 
24 45 69 20 56 46 63 91 12 91 37 45 88 3 83 97 
41 98 54 22 5 97 11 12 21 62 98 86 36 91 60 96 
68 95 66 71 49 14 88 11 64 35 25 75 72 86 79 92 
98 17 3 85 26 65 32 93 59 80 77 37 18 44 40 21 
12 5 79 22 61 10 39 51 99 32 26 23 93 45 71 78 
42 22 44 42 31 97 71 72 92 35 80 66 56 61 56 51 
74 79 1 71 44 22 72 61 47 9 12 54 51 43 65 97 
82 28 28 80 88 45 51 38 84 34 65 74 10 3 49 93 
5 74 73 46 58 37 65 40 14 26 47 23 42 83 31 32 
69 36 9 17 67 90 88 50 44 60 20 56 88 63 92 66 
11 70 69 26 63 85 48 64 72 10 13 18 80 46 38 10 
20 81 65 20 87 76 78 40 7 19 16 84 52 55 28 43 
34 4 50 38 80 25 9 20 59 17 58 36 59 71 40 81 
79 44 85 13 44 29 84 48 66 8 36 25 36 69 2 33 
0.0 1.0 2.0 3.0 4.0 5.0 6.0 7.0 8.0 7.0 6.0 5.0 4.0 3.0 2.0 1.0 
1.0 0.0 1.0 2.0 3.0 4.0 5.0 6.0 7.0 8.0 7.0 6.0 5.0 4.0 3.0 2.0 
2.0 1.0 0.0 1.0 2.0 3.0 4.0 5.0 6.0 7.0 8.0 7.0 6.0 5.0 4.0 3.0 
3.0 2.0 1.0 0.0 1.0 2.0 3.0 4.0 5.0 6.0 7.0 8.0 7.0 6.0 5.0 4.0 
4.0 3.0 2.0 1.0 0.0 1.0 2.0 3.0 4.0 5.0 6.0 7.0 8.0 7.0 6.0 5.0 
5.0 4.0 3.0 2.0 1.0 0.0 1.0 2.0 3.0 4.0 5.0 6.0 7.0 8.0 7.0 6.0 
6.0 5.0 4.0 3.0 2.0 1.0 0.0 1.0 2.0 3.0 4.0 5.0 6.0 7.0 8.0 7.0 
7.0 6.0 5.0 4.0 3.0 2.0 1.0 0.0 1.0 2.0 3.0 4.0 5.0 6.0 7.0 8.0 
8.0 7.0 6.0 5.0 4.0 3.0 2.0 1.0 0.0 1.0 2.0 3.0 4.0 5.0 6.0 7.0 
7.0 8.0 7.0 6.0 5.0 4.0 3.0 2.0 1.0 0.0 1.0 2.0 3.0 4.0 5.0 6.0 
6.0 7.0 8.0 7.0 6.0 5.0 4.0 3.0 2.0 1.0 0.0 1.0 2.0 3.0 4.0 5.0 
5.0 6.0 7.0 8.0 7.0 6.0 5.0 4.0 3.0 2.0 1.0 0.0 1.0 2.0 3.0 4.0 
4.0 5.0 6.0 7.0 8.0 7.0 6.0 5.0 4.0 3.0 2.0 1.0 0.0 1.0 2.0 3.0 
3.0 4.0 5.0 6.0 7.0 8.0 7.0 6.0 5.0 4.0 3.0 2.0 1.0 0.0 1.0 2.0 
2.0 3.0 4.0 5.0 6.0 7.0 8.0 7.0 6.0 5.0 4.0 3.0 2.0 1.0 0.0 1.0 
1.0 2.0 3.0 4.0 5.0 6.0 7.0 8.0 7.0 6.0 5.0 4.0 3.0 2.0 1.0 0.0 