64
10 16 89 16 61 81 27 84 72 46 74 44 93 44 94 50 55 58 68 71 74 41 89 38 57 70 94 84 13 88 87 50 38 43 98 93 19 55 27 46 16 59 3 32 67 31 18 97 72 32 84 20 75 53 97 30 10 6 62 21 7 51 19 71 
81 50 98 15 24 59 84 50 15 81 98 87 58 94 100 17 13 42 39 8 98 78 41 64 40 61 19 64 64 17 99 18 37 21 9 70 9 5 62 99 32 60 10 6 17 80 9 95 74 17 96 20 97 29 54 25 89 68 62 62 32 36 71 87 
42 46 30 61 93 14 99 97 100 84 41 62 81 9 10 4 92 65 80 58 66 98 12 84 16 15 94 11 66 96 49 90 15 92 99 21 63 86 75 95 60 31 61 5 52 59 56 55 46 71 2 24 1 63 25 93 76 20 74 4 27 88 84 14 
50 93 44 43 11 96 74 57 16 79 81 9 20 65 18 11 31 41 85 9 42 37 59 19 90 63 72 35 30 41 42 75 10 96 76 69 88 87 44 33 13 39 48 41 79 41 46 67 99 36 31 80 82 91 98 46 27 7 83 49 38 95 18 5 
49 88 86 25 100 50 64 74 86 17 76 7 13 5 26 60 16 10 45 80 27 22 90 76 88 69 35 68 50 49 94 75 44 70 62 62 81 21 31 50 77 25 6 6 70 35 51 31 8 34 87 63 29 100 50 24 80 82 12 85 12 1 11 98 
76 3 12 64 37 74 70 54 95 96 54 53 76 98 69 62 24 67 87 34 92 23 2 31 92 6 39 21 78 88 66 5 96 79 6 50 6 25 27 98 68 37 7 57 94 18 21 19 14 83 26 76 74 38 55 36 17 69 14 63 58 10 85 14 
25 70 8 87 88 77 55 52 74 75 19 18 61 14 19 99 75 87 4 10 65 38 34 49 1 30 17 14 43 17 9 80 2 19 50 59 29 49 49 40 38 98 24 7 67 65 7 87 53 59 58 87 39 14 37 10 42 56 80 59 1 9 54 11 
12 68 89 97 23 15 9 97 74 67 99 65 3 13 95 28 17 1 16 49 12 79 70 15 85 33 73 5 28 83 27 24 7 19 25 74 14 36 79 36 29 88 95 14 78 37 65 90 1 26 51 95 21 66 51 95 20 71 52 47 65 16 87 56 
2 100 98 62 18 87 48 52 61 86 15 49 83 40 18 29 73 19 98 75 83 81 17 10 91 90 51 96 92 7 77 41 74 99 35 32 8 63 28 53 33 1 31 29 40 21 65 96 25 13 64 54 47 26 59 82 91 31 53 82 22 24 28 1 
71 77 62 37 66 37 21 27 41 38 1 48 27 82 83 59 93 80 19 17 49 73 96 25 78 88 81 8 66 50 26 68 98 47 23 80 51 29 89 24 82 60 83 45 93 20 35 48 88 98 36 44 85 61 89 81 73 75 96 26 10 36 38 17 
43 26 7 68 1 77 1 36 1 17 20 16 5 13 22 66 56 66 10 9 87 74 12 31 14 82 60 20 60 79 36 83 70 27 65 67 86 37 33 33 85 9 58 63 64 32 87 80 64 40 15 42 34 5 76 32 12 21 83 98 2 13 31 53 
4 65 15 11 86 100 33 64 98 5 87 50 92 29 60 41 12 15 66 59 97 71 48 15 100 43 72 1 32 24 27 14 84 62 22 61 40 16 2 13 64 85 65 7 6 58 21 77 93 27 35 36 6 25 51 96 70 80 97 26 50 21 72 99 
71 47 30 33 75 12 99 44 93 90 1 20 44 53 43 12 27 41 58 47 15 18 41 66 66 87 80 44 19 69 25 35 32 25 41 16 50 37 13 22 53 38 36 35 22 29 52 61 15 75 93 76 12 75 23 40 96 6 99 100 48 59 75 25 
52 27 52 83 28 50 26 10 42 14 77 61 61 54 40 81 64 37 85 57 26 2 3 16 38 18 17 35 98 89 49 57 94 8 68 64 83 71 76 71 5 74 6 92 4 53 49 28 60 32 20 33 61 68 75 84 47 17 69 100 84 48 72 23 
72 30 73 22 73 58 55 25 82 57 75 64 30 90 82 18 48 63 21 76 56 95 20 4 30 51 57 56 59 19 12 76 68 19 42 59 66 71 39 41 85 39 9 14 36 84 13 52 89 26 84 29 78 2 58 45 49 12 69 45 25 85 17 1 
69 46 75 77 6 100 10 85 15 3 27 73 44 41 68 3 4 63 23 66 50 11 44 76 15 48 49 9 15 55 74 51 39 61 26 85 96 66 44 29 86 54 18 68 65 71 54 16 13 58 79 94 2 30 14 33 92 53 61 72 76 86 8 49 
73 74 68 49 39 72 74 15 44 100 12 16 24 24 65 62 86 77 9 59 8 56 67 75 26 21 80 17 17 24 66 1 35 10 81 22 44 61 88 52 93 58 9 57 12 6 1 50 55 100 53 24 77 67 31 11 6 85 1 4 42 50 65 21 
3 57 21 19 22 92 29 68 4 69 99 83 90 53 9 75 36 84 5 46 60 4 92 35 51 96 62 67 94 63 22 82 95 56 73 64 73 82 5 70 7 69 22 98 41 91 84 23 74 53 31 11 100 63 9 55 34 62 65 29 68 77 62 87 
28 51 76 94 36 70 59 66 90 12 77 57 51 88 70 95 85 7 71 16 32 25 76 79 71 85 91 36 88 63 43 33 95 29 11 43 53 34 5 8 72 80 10 82 90 24 30 47 68 54 37 75 22 62 35 11 48 29 13 3 16 17 84 1 
60 39 70 29 40 4 22 98 84 99 50 8 27 20 2 46 12 75 3 61 22 50 54 62 80 63 49 16 74 30 27 100 39 12 42 72 47 29 65 27 6 65 44 22 58 85 28 58 80 87 20 38 85 61 81 95 47 68 60 20 69 85 82 5 
58 97 56 40 44 67 64 95 60 81 7 48 67 39 55 52 94 97 36 84 95 41 74 46 36 39 33 38 90 25 4 46 53 100 87 28 67 36 15 75 56 13 6 48 65 35 7 11 10 80 9 83 2 61 48 18 65 59 1 31 49 15 78 55 
24 31 50 74 94 91 82 48 96 16 7 56 81 56 1 38 18 91 57 70 45 35 79 37 17 55 45 51 70 84 66 11 92 23 89 60 92 87 11 72 70 28 80 9 58 88 58 79 48 28 61 57 30 44 21 77 41 59 25 83 45 48 75 71 
87 9 18 69 85 45 89 35 18 1 69 71 94 45 64 98 10 15 92 71 66 73 1 49 46 44 13 64 44 65 93 97 31 10 7 51 51 39 17 7 61 83 29 2 41 73 71 78 99 69 16 10 23 44 78 29 89 84 39 89 60 43 54 40 
64 33 33 42 48 28 58 86 70 15 77 93 21 28 86 41 100 62 7 49 16 7 71 90 61 56 15 18 70 56 36 26 69 74 84 60 99 33 29 88 29 14 74 44 44 34 8 18 88 63 12 13 97 65 46 46 71 16 88 67 14 65 20 83 
54 40 14 67 27 16 94 32 86 46 19 75 80 73 93 79 1 17 47 96 6 57 84 92 9 3 34 95 85 21 46 18 67 82 76 64 79 53 28 58 71 17 4 91 77 56 57 69 92 19 10 93 24 14 76 56 71 4 14 8 99 9 21 13 
51 5 79 19 51 65 70 13 48 85 62 23 49 18 91 83 18 77 18 97 29 76 89 35 97 7 23 8 93 38 96 99 52 39 36 6 53 85 35 28 61 28 19 65 60 100 10 66 87 18 20 14 34 7 28 85 4 32 13 50 92 95 7 79 
32 7 77 32 98 68 17 36 2 3 23 13 42 11 39 83 37 48 27 68 98 27 27 75 77 66 83 45 25 55 61 34 64 91 12 52 13 71 78 40 44 27 84 23 74 97 38 60 20 54 56 15 46 80 17 64 85 26 93 86 2 8 68 97 
58 16 7 2 79 9 48 35 71 86 8 35 86 15 69 45 96 72 64 62 47 98 5 28 34 51 85 4 10 52 1 56 46 27 75 14 23 64 26 33 72 67 68 79 100 16 90 77 6 70 82 27 40 49 55 34 14 17 88 34 63 32 61 71 
28 94 78 64 89 98 95 72 60 100 79 13 75 6 64 33 74 38 56 22 96 15 97 50 40 98 49 45 65 15 87 5 8 29 74 22 81 83 24 20 95 11 79 87 20 27 61 21 46 40 64 29 45 81 35 30 43 9 27 73 85 99 49 43 
29 39 55 86 5 62 85 28 40 74 19 99 90 47 5 68 60 36 69 12 63 63 44 82 18 50 2 71 31 71 2 36 14 74 48 54 37 89 22 75 70 46 13 36 81 66 19 38 21 27 4 55 33 75 87 91 96 47 77 74 39 15 59 60 
9 5 21 53 48 65 42 93 8 75 73 42 64 60 30 91 32 3 60 51 66 34 47 29 36 62 82 74 49 17 34 69 17 12 74 9 1 39 65 12 89 26 62 84 98 81 34 74 37 83 38 10 17 56 99 57 76 49 67 60 64 26 18 96 
68 2 56 73 28 93 40 16 47 11 60 33 62 82 46 84 25 32 37 60 77 79 11 60 4 89 49 45 36 92 31 36 13 82 58 5 88 60 87 72 50 88 22 80 94 97 29 55 22 86 75 17 72 94 24 51 27 100 22 84 11 5 57 44 
56 54 51 85 71 8 6 29 13 37 43 76 22 68 53 91 88 12 57 81 28 57 46 49 9 42 90 2 90 64 99 44 82 71 48 92 8 19 42 11 94 25 76 34 55 45 28 69 60 48 19 35 75 69 84 10 32 15 23 38 24 31 10 100 
21 94 8 24 72 100 68 55 85 17 82 89 2 63 98 67 63 36 20 55 29 51 46 91 90 92 44 23 89 50 29 58 53 70 87 27 25 34 92 98 76 17 59 73 59 64 19 23 68 8 57 94 1 47 67 72 33 22 93 98 17 82 93 85 
1 94 58 92 16 17 76 92 54 78 68 75 19 38 80 15 4 72 91 52 8 56 82 1 28 84 66 47 47 67 41 47 74 19 77 79 28 12 49 10 40 67 11 97 67 19 98 82 85 73 29 60 74 77 47 88 20 16 76 84 35 98 49 55 
42 78 18 17 43 53 77 58 43 51 48 39 97 42 81 30 64 17 35 69 62 48 34 87 25 70 91 88 25 15 10 5 87 20 13 42 38 72 2 83 2 57 54 85 95 100 37 24 100 44 54 83 7 88 34 54 55 31 70 93 38 61 86 94 
35 33 31 71 39 6 29 65 6 95 86 83 69 3 48 37 15 32 62 24 63 33 59 44 61 52 89 36 81 28 21 2 60 5 23 61 7 59 38 15 44 87 76 43 97 81 54 98 46 7 38 28 82 59 20 21 38 8 5 45 72 30 66 94 
95 87 61 15 40 34 68 25 87 29 63 58 35 38 65 13 25 88 2 67 57 46 22 86 22 56 49 71 19 1 56 97 22 43 52 76 27 47 78 33 80 96 19 53 35 11 66 86 16 15 52 52 52 36 14 50 36 84 81 7 45 25 22 24 
21 73 5 72 83 33 12 58 63 67 88 50 9 94 95 74 13 14 72 55 66 90 55 53 1 87 71 90 28 94 31 16 67 39 70 5 92 25 15 64 89 16 4 90 69 93 100 23 42 94 14 6 35 67 94 13 47 69 19 14 54 97 58 52 
22 18 74 21 94 41 38 13 22 14 18 97 40 83 36 84 90 64 9 55 12 24 11 80 42 49 8 97 20 50 27 96 82 47 72 4 6 23 34 55 80 63 27 18 87 58 30 35 2 20 45 91 68 27 64 48 92 4 46 55 38 24 44 38 
39 59 18 87 67 72 52 67 73 3 35 39 80 90 57 55 34 41 81 95 37 7 80 78 79 34 34 57 6 73 100 31 51 11 34 30 2 100 21 48 88 40 83 68 13 52 94 59 67 88 39 56 100 2 69 60 70 68 11 68 98 99 39 89 
99 60 84 58 83 2 46 67 17 25 77 52 12 39 51 93 97 35 45 80 36 95 88 13 68 7 81 87 48 86 13 87 74 22 6 65 29 31 66 57 4 83 36 82 94 7 38 17 55 50 20 57 79 23 92 100 62 95 42 34 60 74 52 84 
99 27 94 87 59 4 47 6 54 87 43 77 45 92 33 6 51 96 86 45 35 80 37 88 28 50 46 46 52 49 85 23 51 90 43 65 8 51 94 48 50 90 71 39 85 19 78 13 93 25 2 50 52 37 84 50 94 6 3 79 16 98 4 77 
28 59 65 55 30 39 43 94 67 67 81 81 91 50 44 35 96 84 66 23 25 21 68 33 87 57 35 98 60 78 65 72 79 60 27 40 66 96 74 29 94 55 63 37 32 62 47 17 1 18 1 30 25 39 88 41 45 1 34 9 20 45 85 17 
40 17 55 31 2 42 52 71 31 13 80 9 39 54 53 39 73 81 65 86 95 21 83 76 75 12 14 13 6 13 93 12 18 66 32 52 42 15 55 85 95 34 70 69 62 16 65 42 49 7 30 65 31 63 78 84 92 67 82 44 79 46 7 90 
39 76 20 39 46 61 67 49 63 27 1 51 38 12 90 59 1 34 49 20 28 5 50 9 23 51 52 40 57 70 49 55 6 100 56 69 57 59 30 42 55 78 16 33 84 51 100 25 44 14 99 75 18 99 93 65 5 77 77 72 82 77 7 39 
65 89 70 1 62 13 33 65 14 86 81 12 32 70 86 67 24 47 1 54 34 94 87 7 76 97 92 70 68 78 82 84 79 4 29 46 61 77 76 11 73 24 37 1 3 11 68 60 95 90 27 62 73 17 13 26 70 55 8 12 9 25 84 57 
79 63 98 78 9 77 5 81 40 23 38 6 75 15 50 79 52 52 5 100 59 87 95 59 2 90 52 33 45 24 75 55 63 49 5 22 70 42 74 57 94 94 68 63 76 2 100 13 48 39 11 74 67 82 66 25 44 49 96 53 69 41 99 84 
36 47 90 13 76 12 94 60 72 21 90 40 77 39 64 59 78 100 49 30 4 15 87 43 6 37 73 85 81 59 3 6 14 55 89 68 85 20 8 26 36 60 30 77 76 76 22 15 76 90 53 50 46 9 43 76 37 56 92 10 1 92 74 56 
27 38 42 78 8 87 13 72 62 99 60 82 5 13 29 94 17 96 60 59 87 73 67 15 26 23 48 14 52 11 72 37 60 83 1 98 3 57 67 35 40 83 86 96 85 37 77 15 39 79 71 55 87 26 16 38 4 8 59 45 36 83 82 41 
41 65 52 99 46 66 88 81 43 5 5 56 1 71 70 90 64 10 89 28 41 3 92 7 54 84 69 36 55 70 38 4 84 1 84 56 94 70 55 98 52 23 97 68 94 77 63 45 70 23 1 41 26 20 23 97 62 20 67 70 59 84 8 68 
92 75 15 19 61 60 18 71 73 37 90 95 48 100 15 2 41 7 89 44 38 1 53 24 52 69 32 93 16 69 20 41 59 70 25 76 47 62 76 13 85 77 33 97 48 39 45 42 20 8 95 21 85 12 4 14 42 41 33 46 11 24 77 39 
53 58 10 3 98 23 2 41 53 97 84 84 19 2 84 33 40 48 1 10 10 22 43 75 89 87 80 8 36 18 2 29 43 88 71 3 58 56 33 26 75 85 81 1 53 91 15 90 23 59 23 10 34 40 4 84 87 99 42 24 96 93 13 25 
56 28 3 98 62 48 8 31 11 6 27 30 26 43 98 42 63 65 70 66 56 86 51 69 76 84 84 98 54 58 24 41 35 27 94 87 22 68 73 31 8 89 4 16 24 72 93 43 77 65 52 64 85 56 79 46 3 87 40 27 7 100 3 66 
83 84 94 28 5 21 14 36 69 3 4 69 16 39 45 68 66 61 83 38 5 10 6 43 90 74 57 33 30 34 16 16 85 40 4 40 74 39 4 63 1 83 47 6 35 74 91 46 30 100 62 33 67 48 66 70 85 98 25 13 20 1 49 69 
72 73 48 93 4 24 20 27 64 81 8 33 26 44 76 45 1 41 76 16 57 35 100 66 10 2 8 51 58 57 65 53 57 7 24 42 100 59 7 67 64 80 60 36 80 6 13 25 57 91 26 19 62 18 51 88 38 32 84 12 88 59 47 2 
80 78 32 57 67 86 32 33 56 14 91 4 6 13 31 7 75 61 23 90 37 33 85 68 18 82 93 60 42 85 17 51 46 40 100 21 36 47 27 67 76 88 92 21 49 69 21 29 75 94 15 27 30 70 84 82 61 8 61 18 99 100 69 32 
95 55 98 1 96 2 12 53 3 40 29 8 27 85 92 64 2 43 30 87 84 67 19 1 51 10 46 46 21 64 100 45 65 30 71 95 2 89 58 86 80 83 84 88 16 82 66 57 68 88 63 82 17 72 19 56 90 94 82 17 20 30 55 1 
53 48 58 58 23 52 1 78 5 55 40 32 26 77 89 14 44 41 35 45 79 45 16 17 35 78 15 42 15 39 9 10 29 88 26 99 70 42 54 22 73 46 88 87 85 10 76 96 38 26 6 53 84 1 48 56 85 18 57 26 96 60 15 9 
39 21 40 29 38 96 78 79 43 75 62 4 13 39 33 80 19 63 5 98 62 13 93 8 33 5 73 20 46 19 45 4 70 79 45 77 40 5 82 83 62 45 86 36 99 51 35 19 98 21 19 52 89 62 52 27 20 68 66 88 84 15 51 22 
40 19 73 23 96 39 58 67 81 14 21 5 36 84 93 74 38 33 99 88 50 50 24 88 34 65 19 87 69 19 51 64 76 92 98 63 43 50 82 16 8 9 24 54 86 7 98 96 83 83 78 58 3 43 13 8 60 30 37 3 63 28 84 10 
29 79 66 79 35 3 7 72 21 68 7 13 8 34 80 14 53 14 10 98 31 36 94 42 79 58 31 72 41 30 97 88 46 93 82 95 24 28 99 11 84 28 14 47 99 77 80 60 21 20 11 94 3 37 20 3 82 53 73 99 54 18 32 35 
33 10 23 70 27 36 89 51 3 56 10 39 50 37 5 22 13 48 47 25 88 8 83 33 17 54 35 58 58 81 13 58 20 37 47 39 57 46 33 9 33 37 39 67 18 3 35 11 83 28 84 16 81 2 71 73 79 55 9 19 20 57 18 12 
100 36 85 72 33 9 63 21 53 43 9 26 63 82 55 58 53 79 90 55 81 83 74 96 59 11 54 1 35 28 94 85 73 6 21 23 62 13 45 28 57 24 44 41 3 49 11 51 12 81 4 6 84 11 2 4 21 68 15 52 86 9 8 85 
0.0 1.0 2.0 3.0 4.0 5.0 6.0 7.0 8.0 9.0 10.0 11.0 12.0 13.0 14.0 15.0 16.0 17.0 18.0 19.0 20.0 21.0 22.0 23.0 24.0 25.0 26.0 27.0 28.0 29.0 30.0 31.0 32.0 31.0 30.0 29.0 28.0 27.0 26.0 25.0 24.0 23.0 22.0 21.0 20.0 19.0 18.0 17.0 16.0 15.0 14.0 13.0 12.0 11.0 10.0 9.0 8.0 7.0 6.0 5.0 4.0 3.0 2.0 1.0 
1.0 0.0 1.0 2.0 3.0 4.0 5.0 6.0 7.0 8.0 9.0 10.0 11.0 12.0 13.0 14.0 15.0 16.0 17.0 18.0 19.0 20.0 21.0 22.0 23.0 24.0 25.0 26.0 27.0 28.0 29.0 30.0 31.0 32.0 31.0 30.0 29.0 28.0 27.0 26.0 25.0 24.0 23.0 22.0 21.0 20.0 19.0 18.0 17.0 16.0 15.0 14.0 13.0 12.0 11.0 10.0 9.0 8.0 7.0 6.0 5.0 4.0 3.0 2.0 
2.0 1.0 0.0 1.0 2.0 3.0 4.0 5.0 6.0 7.0 8.0 9.0 10.0 11.0 12.0 13.0 14.0 15.0 16.0 17.0 18.0 19.0 20.0 21.0 22.0 23.0 24.0 25.0 26.0 27.0 28.0 29.0 30.0 31.0 32.0 31.0 30.0 29.0 28.0 27.0 26.0 25.0 24.0 23.0 22.0 21.0 20.0 19.0 18.0 17.0 16.0 15.0 14.0 13.0 12.0 11.0 10.0 9.0 8.0 7.0 6.0 5.0 4.0 3.0 
3.0 2.0 1.0 0.0 1.0 2.0 3.0 4.0 5.0 6.0 7.0 8.0 9.0 10.0 11.0 12.0 13.0 14.0 15.0 16.0 17.0 18.0 19.0 20.0 21.0 22.0 23.0 24.0 25.0 26.0 27.0 28.0 29.0 30.0 31.0 32.0 31.0 30.0 29.0 28.0 27.0 26.0 25.0 24.0 23.0 22.0 21.0 20.0 19.0 18.0 17.0 16.0 15.0 14.0 13.0 12.0 11.0 10.0 9.0 8.0 7.0 6.0 5.0 4.0 
4.0 3.0 2.0 1.0 0.0 1.0 2.0 3.0 4.0 5.0 6.0 7.0 8.0 9.0 10.0 11.0 12.0 13.0 14.0 15.0 16.0 17.0 18.0 19.0 20.0 21.0 22.0 23.0 24.0 25.0 26.0 27.0 28.0 29.0 30.0 31.0 32.0 31.0 30.0 29.0 28.0 27.0 26.0 25.0 24.0 23.0 22.0 21.0 20.0 19.0 18.0 17.0 16.0 15.0 14.0 13.0 12.0 11.0 10.0 9.0 8.0 7.0 6.0 5.0 
5.0 4.0 3.0 2.0 1.0 0.0 1.0 2.0 3.0 4.0 5.0 6.0 7.0 8.0 9.0 10.0 11.0 12.0 13.0 14.0 15.0 16.0 17.0 18.0 19.0 20.0 21.0 22.0 23.0 24.0 25.0 26.0 27.0 28.0 29.0 30.0 31.0 32.0 31.0 30.0 29.0 28.0 27.0 26.0 25.0 24.0 23.0 22.0 21.0 20.0 19.0 18.0 17.0 16.0 15.0 14.0 13.0 12.0 11.0 10.0 9.0 8.0 7.0 6.0 
6.0 5.0 4.0 3.0 2.0 1.0 0.0 1.0 2.0 3.0 4.0 5.0 6.0 7.0 8.0 9.0 10.0 11.0 12.0 13.0 14.0 15.0 16.0 17.0 18.0 19.0 20.0 21.0 22.0 23.0 24.0 25.0 26.0 27.0 28.0 29.0 30.0 31.0 32.0 31.0 30.0 29.0 28.0 27.0 26.0 25.0 24.0 23.0 22.0 21.0 20.0 19.0 18.0 17.0 16.0 15.0 14.0 13.0 12.0 11.0 10.0 9.0 8.0 7.0 
7.0 6.0 5.0 4.0 3.0 2.0 1.0 0.0 1.0 2.0 3.0 4.0 5.0 6.0 7.0 8.0 9.0 10.0 11.0 12.0 13.0 14.0 15.0 16.0 17.0 18.0 19.0 20.0 21.0 22.0 23.0 24.0 25.0 26.0 27.0 28.0 29.0 30.0 31.0 32.0 31.0 30.0 29.0 28.0 27.0 26.0 25.0 24.0 23.0 22.0 21.0 20.0 19.0 18.0 17.0 16.0 15.0 14.0 13.0 12.0 11.0 10.0 9.0 8.0 
8.0 7.0 6.0 5.0 4.0 3.0 2.0 1.0 0.0 1.0 2.0 3.0 4.0 5.0 6.0 7.0 8.0 9.0 10.0 11.0 12.0 13.0 14.0 15.0 16.0 17.0 18.0 19.0 20.0 21.0 22.0 23.0 24.0 25.0 26.0 27.0 28.0 29.0 30.0 31.0 32.0 31.0 30.0 29.0 28.0 27.0 26.0 25.0 24.0 23.0 22.0 21.0 20.0 19.0 18.0 17.0 16.0 15.0 14.0 13.0 12.0 11.0 10.0 9.0 
9.0 8.0 7.0 6.0 5.0 4.0 3.0 2.0 1.0 0.0 1.0 2.0 3.0 4.0 5.0 6.0 7.0 8.0 9.0 10.0 11.0 12.0 13.0 14.0 15.0 16.0 17.0 18.0 19.0 20.0 21.0 22.0 23.0 24.0 25.0 26.0 27.0 28.0 29.0 30.0 31.0 32.0 31.0 30.0 29.0 28.0 27.0 26.0 25.0 24.0 23.0 22.0 21.0 20.0 19.0 18.0 17.0 16.0 15.0 14.0 13.0 12.0 11.0 10.0 
10.0 9.0 8.0 7.0 6.0 5.0 4.0 3.0 2.0 1.0 0.0 1.0 2.0 3.0 4.0 5.0 6.0 7.0 8.0 9.0 10.0 11.0 12.0 13.0 14.0 15.0 16.0 17.0 18.0 19.0 20.0 21.0 22.0 23.0 24.0 25.0 26.0 27.0 28.0 29.0 30.0 31.0 32.0 31.0 30.0 29.0 28.0 27.0 26.0 25.0 24.0 23.0 22.0 21.0 20.0 19.0 18.0 17.0 16.0 15.0 14.0 13.0 12.0 11.0 
11.0 10.0 9.0 8.0 7.0 6.0 5.0 4.0 3.0 2.0 1.0 0.0 1.0 2.0 3.0 4.0 5.0 6.0 7.0 8.0 9.0 10.0 11.0 12.0 13.0 14.0 15.0 16.0 17.0 18.0 19.0 20.0 21.0 22.0 23.0 24.0 25.0 26.0 27.0 28.0 29.0 30.0 31.0 32.0 31.0 30.0 29.0 28.0 27.0 26.0 25.0 24.0 23.0 22.0 21.0 20.0 19.0 18.0 17.0 16.0 15.0 14.0 13.0 12.0 
12.0 11.0 10.0 9.0 8.0 7.0 6.0 5.0 4.0 3.0 2.0 1.0 0.0 1.0 2.0 3.0 4.0 5.0 6.0 7.0 8.0 9.0 10.0 11.0 12.0 13.0 14.0 15.0 16.0 17.0 18.0 19.0 20.0 21.0 22.0 23.0 24.0 25.0 26.0 27.0 28.0 29.0 30.0 31.0 32.0 31.0 30.0 29.0 28.0 27.0 26.0 25.0 24.0 23.0 22.0 21.0 20.0 19.0 18.0 17.0 16.0 15.0 14.0 13.0 
13.0 12.0 11.0 10.0 9.0 8.0 7.0 6.0 5.0 4.0 3.0 2.0 1.0 0.0 1.0 2.0 3.0 4.0 5.0 6.0 7.0 8.0 9.0 10.0 11.0 12.0 13.0 14.0 15.0 16.0 17.0 18.0 19.0 20.0 21.0 22.0 23.0 24.0 25.0 26.0 27.0 28.0 29.0 30.0 31.0 32.0 31.0 30.0 29.0 28.0 27.0 26.0 25.0 24.0 23.0 22.0 21.0 20.0 19.0 18.0 17.0 16.0 15.0 14.0 
14.0 13.0 12.0 11.0 10.0 9.0 8.0 7.0 6.0 5.0 4.0 3.0 2.0 1.0 0.0 1.0 2.0 3.0 4.0 5.0 6.0 7.0 8.0 9.0 10.0 11.0 12.0 13.0 14.0 15.0 16.0 17.0 18.0 19.0 20.0 21.0 22.0 23.0 24.0 25.0 26.0 27.0 28.0 29.0 30.0 31.0 32.0 31.0 30.0 29.0 28.0 27.0 26.0 25.0 24.0 23.0 22.0 21.0 20.0 19.0 18.0 17.0 16.0 15.0 
15.0 14.0 13.0 12.0 11.0 10.0 9.0 8.0 7.0 6.0 5.0 4.0 3.0 2.0 1.0 0.0 1.0 2.0 3.0 4.0 5.0 6.0 7.0 8.0 9.0 10.0 11.0 12.0 13.0 14.0 15.0 16.0 17.0 18.0 19.0 20.0 21.0 22.0 23.0 24.0 25.0 26.0 27.0 28.0 29.0 30.0 31.0 32.0 31.0 30.0 29.0 28.0 27.0 26.0 25.0 24.0 23.0 22.0 21.0 20.0 19.0 18.0 17.0 16.0 
16.0 15.0 14.0 13.0 12.0 11.0 10.0 9.0 8.0 7.0 6.0 5.0 4.0 3.0 2.0 1.0 0.0 1.0 2.0 3.0 4.0 5.0 6.0 7.0 8.0 9.0 10.0 11.0 12.0 13.0 14.0 15.0 16.0 17.0 18.0 19.0 20.0 21.0 22.0 23.0 24.0 25.0 26.0 27.0 28.0 29.0 30.0 31.0 32.0 31.0 30.0 29.0 28.0 27.0 26.0 25.0 24.0 23.0 22.0 21.0 20.0 19.0 18.0 17.0 
17.0 16.0 15.0 14.0 13.0 12.0 11.0 10.0 9.0 8.0 7.0 6.0 5.0 4.0 3.0 2.0 1.0 0.0 1.0 2.0 3.0 4.0 5.0 6.0 7.0 8.0 9.0 10.0 11.0 12.0 13.0 14.0 15.0 16.0 17.0 18.0 19.0 20.0 21.0 22.0 23.0 24.0 25.0 26.0 27.0 28.0 29.0 30.0 31.0 32.0 31.0 30.0 29.0 28.0 27.0 26.0 25.0 24.0 23.0 22.0 21.0 20.0 19.0 18.0 
18.0 17.0 16.0 15.0 14.0 13.0 12.0 11.0 10.0 9.0 8.0 7.0 6.0 5.0 4.0 3.0 2.0 1.0 0.0 1.0 2.0 3.0 4.0 5.0 6.0 7.0 8.0 9.0 10.0 11.0 12.0 13.0 14.0 15.0 16.0 17.0 18.0 19.0 20.0 21.0 22.0 23.0 24.0 25.0 26.0 27.0 28.0 29.0 30.0 31.0 32.0 31.0 30.0 29.0 28.0 27.0 26.0 25.0 24.0 23.0 22.0 21.0 20.0 19.0 
19.0 18.0 17.0 16.0 15.0 14.0 13.0 12.0 11.0 10.0 9.0 8.0 7.0 6.0 5.0 4.0 3.0 2.0 1.0 0.0 1.0 2.0 3.0 4.0 5.0 6.0 7.0 8.0 9.0 10.0 11.0 12.0 13.0 14.0 15.0 16.0 17.0 18.0 19.0 20.0 21.0 22.0 23.0 24.0 25.0 26.0 27.0 28.0 29.0 30.0 31.0 32.0 31.0 30.0 29.0 28.0 27.0 26.0 25.0 24.0 23.0 22.0 21.0 20.0 
20.0 19.0 18.0 17.0 16.0 15.0 14.0 13.0 12.0 11.0 10.0 9.0 8.0 7.0 6.0 5.0 4.0 3.0 2.0 1.0 0.0 1.0 2.0 3.0 4.0 5.0 6.0 7.0 8.0 9.0 10.0 11.0 12.0 13.0 14.0 15.0 16.0 17.0 18.0 19.0 20.0 21.0 22.0 23.0 24.0 25.0 26.0 27.0 28.0 29.0 30.0 31.0 32.0 31.0 30.0 29.0 28.0 27.0 26.0 25.0 24.0 23.0 22.0 21.0 
21.0 20.0 19.0 18.0 17.0 16.0 15.0 14.0 13.0 12.0 11.0 10.0 9.0 8.0 7.0 6.0 5.0 4.0 3.0 2.0 1.0 0.0 1.0 2.0 3.0 4.0 5.0 6.0 7.0 8.0 9.0 10.0 11.0 12.0 13.0 14.0 15.0 16.0 17.0 18.0 19.0 20.0 21.0 22.0 23.0 24.0 25.0 26.0 27.0 28.0 29.0 30.0 31.0 32.0 31.0 30.0 29.0 28.0 27.0 26.0 25.0 24.0 23.0 22.0 
22.0 21.0 20.0 19.0 18.0 17.0 16.0 15.0 14.0 13.0 12.0 11.0 10.0 9.0 8.0 7.0 6.0 5.0 4.0 3.0 2.0 1.0 0.0 1.0 2.0 3.0 4.0 5.0 6.0 7.0 8.0 9.0 10.0 11.0 12.0 13.0 14.0 15.0 16.0 17.0 18.0 19.0 20.0 21.0 22.0 23.0 24.0 25.0 26.0 27.0 28.0 29.0 30.0 31.0 32.0 31.0 30.0 29.0 28.0 27.0 26.0 25.0 24.0 23.0 
23.0 22.0 21.0 20.0 19.0 18.0 17.0 16.0 15.0 14.0 13.0 12.0 11.0 10.0 9.0 8.0 7.0 6.0 5.0 4.0 3.0 2.0 1.0 0.0 1.0 2.0 3.0 4.0 5.0 6.0 7.0 8.0 9.0 10.0 11.0 12.0 13.0 14.0 15.0 16.0 17.0 18.0 19.0 20.0 21.0 22.0 23.0 24.0 25.0 26.0 27.0 28.0 29.0 30.0 31.0 32.0 31.0 30.0 29.0 28.0 27.0 26.0 25.0 24.0 
24.0 23.0 22.0 21.0 20.0 19.0 18.0 17.0 16.0 15.0 14.0 13.0 12.0 11.0 10.0 9.0 8.0 7.0 6.0 5.0 4.0 3.0 2.0 1.0 0.0 1.0 2.0 3.0 4.0 5.0 6.0 7.0 8.0 9.0 10.0 11.0 12.0 13.0 14.0 15.0 16.0 17.0 18.0 19.0 20.0 21.0 22.0 23.0 24.0 25.0 26.0 27.0 28.0 29.0 30.0 31.0 32.0 31.0 30.0 29.0 28.0 27.0 26.0 25.0 
25.0 24.0 23.0 22.0 21.0 20.0 19.0 18.0 17.0 16.0 15.0 14.0 13.0 12.0 11.0 10.0 9.0 8.0 7.0 6.0 5.0 4.0 3.0 2.0 1.0 0.0 1.0 2.0 3.0 4.0 5.0 6.0 7.0 8.0 9.0 10.0 11.0 12.0 13.0 14.0 15.0 16.0 17.0 18.0 19.0 20.0 21.0 22.0 23.0 24.0 25.0 26.0 27.0 28.0 29.0 30.0 31.0 32.0 31.0 30.0 29.0 28.0 27.0 26.0 
26.0 25.0 24.0 23.0 22.0 21.0 20.0 19.0 18.0 17.0 16.0 15.0 14.0 13.0 12.0 11.0 10.0 9.0 8.0 7.0 6.0 5.0 4.0 3.0 2.0 1.0 0.0 1.0 2.0 3.0 4.0 5.0 6.0 7.0 8.0 9.0 10.0 11.0 12.0 13.0 14.0 15.0 16.0 17.0 18.0 19.0 20.0 21.0 22.0 23.0 24.0 25.0 26.0 27.0 28.0 29.0 30.0 31.0 32.0 31.0 30.0 29.0 28.0 27.0 
27.0 26.0 25.0 24.0 23.0 22.0 21.0 20.0 19.0 18.0 17.0 16.0 15.0 14.0 13.0 12.0 11.0 10.0 9.0 8.0 7.0 6.0 5.0 4.0 3.0 2.0 1.0 0.0 1.0 2.0 3.0 4.0 5.0 6.0 7.0 8.0 9.0 10.0 11.0 12.0 13.0 14.0 15.0 16.0 17.0 18.0 19.0 20.0 21.0 22.0 23.0 24.0 25.0 26.0 27.0 28.0 29.0 30.0 31.0 32.0 31.0 30.0 29.0 28.0 
28.0 27.0 26.0 25.0 24.0 23.0 22.0 21.0 20.0 19.0 18.0 17.0 16.0 15.0 14.0 13.0 12.0 11.0 10.0 9.0 8.0 7.0 6.0 5.0 4.0 3.0 2.0 1.0 0.0 1.0 2.0 3.0 4.0 5.0 6.0 7.0 8.0 9.0 10.0 11.0 12.0 13.0 14.0 15.0 16.0 17.0 18.0 19.0 20.0 21.0 22.0 23.0 24.0 25.0 26.0 27.0 28.0 29.0 30.0 31.0 32.0 31.0 30.0 29.0 
29.0 28.0 27.0 26.0 25.0 24.0 23.0 22.0 21.0 20.0 19.0 18.0 17.0 16.0 15.0 14.0 13.0 12.0 11.0 10.0 9.0 8.0 7.0 6.0 5.0 4.0 3.0 2.0 1.0 0.0 1.0 2.0 3.0 4.0 5.0 6.0 7.0 8.0 9.0 10.0 11.0 12.0 13.0 14.0 15.0 16.0 17.0 18.0 19.0 20.0 21.0 22.0 23.0 24.0 25.0 26.0 27.0 28.0 29.0 30.0 31.0 32.0 31.0 30.0 
30.0 29.0 28.0 27.0 26.0 25.0 24.0 23.0 22.0 21.0 20.0 19.0 18.0 17.0 16.0 15.0 14.0 13.0 12.0 11.0 10.0 9.0 8.0 7.0 6.0 5.0 4.0 3.0 2.0 1.0 0.0 1.0 2.0 3.0 4.0 5.0 6.0 7.0 8.0 9.0 10.0 11.0 12.0 13.0 14.0 15.0 16.0 17.0 18.0 19.0 20.0 21.0 22.0 23.0 24.0 25.0 26.0 27.0 28.0 29.0 30.0 31.0 32.0 31.0 
31.0 30.0 29.0 28.0 27.0 26.0 25.0 24.0 23.0 22.0 21.0 20.0 19.0 18.0 17.0 16.0 15.0 14.0 13.0 12.0 11.0 10.0 9.0 8.0 7.0 6.0 5.0 4.0 3.0 2.0 1.0 0.0 1.0 2.0 3.0 4.0 5.0 6.0 7.0 8.0 9.0 10.0 11.0 12.0 13.0 14.0 15.0 16.0 17.0 18.0 19.0 20.0 21.0 22.0 23.0 24.0 25.0 26.0 27.0 28.0 29.0 30.0 31.0 32.0 
32.0 31.0 30.0 29.0 28.0 27.0 26.0 25.0 24.0 23.0 22.0 21.0 20.0 19.0 18.0 17.0 16.0 15.0 14.0 13.0 12.0 11.0 10.0 9.0 8.0 7.0 6.0 5.0 4.0 3.0 2.0 1.0 0.0 1.0 2.0 3.0 4.0 5.0 6.0 7.0 8.0 9.0 10.0 11.0 12.0 13.0 14.0 15.0 16.0 17.0 18.0 19.0 20.0 21.0 22.0 23.0 24.0 25.0 26.0 27.0 28.0 29.0 30.0 31.0 
31.0 32.0 31.0 30.0 29.0 28.0 27.0 26.0 25.0 24.0 23.0 22.0 21.0 20.0 19.0 18.0 17.0 16.0 15.0 14.0 13.0 12.0 11.0 10.0 9.0 8.0 7.0 6.0 5.0 4.0 3.0 2.0 1.0 0.0 1.0 2.0 3.0 4.0 5.0 6.0 7.0 8.0 9.0 10.0 11.0 12.0 13.0 14.0 15.0 16.0 17.0 18.0 19.0 20.0 21.0 22.0 23.0 24.0 25.0 26.0 27.0 28.0 29.0 30.0 
30.0 31.0 32.0 31.0 30.0 29.0 28.0 27.0 26.0 25.0 24.0 23.0 22.0 21.0 20.0 19.0 18.0 17.0 16.0 15.0 14.0 13.0 12.0 11.0 10.0 9.0 8.0 7.0 6.0 5.0 4.0 3.0 2.0 1.0 0.0 1.0 2.0 3.0 4.0 5.0 6.0 7.0 8.0 9.0 10.0 11.0 12.0 13.0 14.0 15.0 16.0 17.0 18.0 19.0 20.0 21.0 22.0 23.0 24.0 25.0 26.0 27.0 28.0 29.0 
29.0 30.0 31.0 32.0 31.0 30.0 29.0 28.0 27.0 26.0 25.0 24.0 23.0 22.0 21.0 20.0 19.0 18.0 17.0 16.0 15.0 14.0 13.0 12.0 11.0 10.0 9.0 8.0 7.0 6.0 5.0 4.0 3.0 2.0 1.0 0.0 1.0 2.0 3.0 4.0 5.0 6.0 7.0 8.0 9.0 10.0 11.0 12.0 13.0 14.0 15.0 16.0 17.0 18.0 19.0 20.0 21.0 22.0 23.0 24.0 25.0 26.0 27.0 28.0 
28.0 29.0 30.0 31.0 32.0 31.0 30.0 29.0 28.0 27.0 26.0 25.0 24.0 23.0 22.0 21.0 20.0 19.0 18.0 17.0 16.0 15.0 14.0 13.0 12.0 11.0 10.0 9.0 8.0 7.0 6.0 5.0 4.0 3.0 2.0 1.0 0.0 1.0 2.0 3.0 4.0 5.0 6.0 7.0 8.0 9.0 10.0 11.0 12.0 13.0 14.0 15.0 16.0 17.0 18.0 19.0 20.0 21.0 22.0 23.0 24.0 25.0 26.0 27.0 
27.0 28.0 29.0 30.0 31.0 32.0 31.0 30.0 29.0 28.0 27.0 26.0 25.0 24.0 23.0 22.0 21.0 20.0 19.0 18.0 17.0 16.0 15.0 14.0 13.0 12.0 11.0 10.0 9.0 8.0 7.0 6.0 5.0 4.0 3.0 2.0 1.0 0.0 1.0 2.0 3.0 4.0 5.0 6.0 7.0 8.0 9.0 10.0 11.0 12.0 13.0 14.0 15.0 16.0 17.0 18.0 19.0 20.0 21.0 22.0 23.0 24.0 25.0 26.0 
26.0 27.0 28.0 29.0 30.0 31.0 32.0 31.0 30.0 29.0 28.0 27.0 26.0 25.0 24.0 23.0 22.0 21.0 20.0 19.0 18.0 17.0 16.0 15.0 14.0 13.0 12.0 11.0 10.0 9.0 8.0 7.0 6.0 5.0 4.0 3.0 2.0 1.0 0.0 1.0 2.0 3.0 4.0 5.0 6.0 7.0 8.0 9.0 10.0 11.0 12.0 13.0 14.0 15.0 16.0 17.0 18.0 19.0 20.0 21.0 22.0 23.0 24.0 25.0 
25.0 26.0 27.0 28.0 29.0 30.0 31.0 32.0 31.0 30.0 29.0 28.0 27.0 26.0 25.0 24.0 23.0 22.0 21.0 20.0 19.0 18.0 17.0 16.0 15.0 14.0 13.0 12.0 11.0 10.0 9.0 8.0 7.0 6.0 5.0 4.0 3.0 2.0 1.0 0.0 1.0 2.0 3.0 4.0 5.0 6.0 7.0 8.0 9.0 10.0 11.0 12.0 13.0 14.0 15.0 16.0 17.0 18.0 19.0 20.0 21.0 22.0 23.0 24.0 
24.0 25.0 26.0 27.0 28.0 29.0 30.0 31.0 32.0 31.0 30.0 29.0 28.0 27.0 26.0 25.0 24.0 23.0 22.0 21.0 20.0 19.0 18.0 17.0 16.0 15.0 14.0 13.0 12.0 11.0 10.0 9.0 8.0 7.0 6.0 5.0 4.0 3.0 2.0 1.0 0.0 1.0 2.0 3.0 4.0 5.0 6.0 7.0 8.0 9.0 10.0 11.0 12.0 13.0 14.0 15.0 16.0 17.0 18.0 19.0 20.0 21.0 22.0 23.0 
23.0 24.0 25.0 26.0 27.0 28.0 29.0 30.0 31.0 32.0 31.0 30.0 29.0 28.0 27.0 26.0 25.0 24.0 23.0 22.0 21.0 20.0 19.0 18.0 17.0 16.0 15.0 14.0 13.0 12.0 11.0 10.0 9.0 8.0 7.0 6.0 5.0 4.0 3.0 2.0 1.0 0.0 1.0 2.0 3.0 4.0 5.0 6.0 7.0 8.0 9.0 10.0 11.0 12.0 13.0 14.0 15.0 16.0 17.0 18.0 19.0 20.0 21.0 22.0 
22.0 23.0 24.0 25.0 26.0 27.0 28.0 29.0 30.0 31.0 32.0 31.0 30.0 29.0 28.0 27.0 26.0 25.0 24.0 23.0 22.0 21.0 20.0 19.0 18.0 17.0 16.0 15.0 14.0 13.0 12.0 11.0 10.0 9.0 8.0 7.0 6.0 5.0 4.0 3.0 2.0 1.0 0.0 1.0 2.0 3.0 4.0 5.0 6.0 7.0 8.0 9.0 10.0 11.0 12.0 13.0 14.0 15.0 16.0 17.0 18.0 19.0 20.0 21.0 
21.0 22.0 23.0 24.0 25.0 26.0 27.0 28.0 29.0 30.0 31.0 32.0 31.0 30.0 29.0 28.0 27.0 26.0 25.0 24.0 23.0 22.0 21.0 20.0 19.0 18.0 17.0 16.0 15.0 14.0 13.0 12.0 11.0 10.0 9.0 8.0 7.0 6.0 5.0 4.0 3.0 2.0 1.0 0.0 1.0 2.0 3.0 4.0 5.0 6.0 7.0 8.0 9.0 10.0 11.0 12.0 13.0 14.0 15.0 16.0 17.0 18.0 19.0 20.0 
20.0 21.0 22.0 23.0 24.0 25.0 26.0 27.0 28.0 29.0 30.0 31.0 32.0 31.0 30.0 29.0 28.0 27.0 26.0 25.0 24.0 23.0 22.0 21.0 20.0 19.0 18.0 17.0 16.0 15.0 14.0 13.0 12.0 11.0 10.0 9.0 8.0 7.0 6.0 5.0 4.0 3.0 2.0 1.0 0.0 1.0 2.0 3.0 4.0 5.0 6.0 7.0 8.0 9.0 10.0 11.0 12.0 13.0 14.0 15.0 16.0 17.0 18.0 19.0 
19.0 20.0 21.0 22.0 23.0 24.0 25.0 26.0 27.0 28.0 29.0 30.0 31.0 32.0 31.0 30.0 29.0 28.0 27.0 26.0 25.0 24.0 23.0 22.0 21.0 20.0 19.0 18.0 17.0 16.0 15.0 14.0 13.0 12.0 11.0 10.0 9.0 8.0 7.0 6.0 5.0 4.0 3.0 2.0 1.0 0.0 1.0 2.0 3.0 4.0 5.0 6.0 7.0 8.0 9.0 10.0 11.0 12.0 13.0 14.0 15.0 16.0 17.0 18.0 
18.0 19.0 20.0 21.0 22.0 23.0 24.0 25.0 26.0 27.0 28.0 29.0 30.0 31.0 32.0 31.0 30.0 29.0 28.0 27.0 26.0 25.0 24.0 23.0 22.0 21.0 20.0 19.0 18.0 17.0 16.0 15.0 14.0 13.0 12.0 11.0 10.0 9.0 8.0 7.0 6.0 5.0 4.0 3.0 2.0 1.0 0.0 1.0 2.0 3.0 4.0 5.0 6.0 7.0 8.0 9.0 10.0 11.0 12.0 13.0 14.0 15.0 16.0 17.0 
17.0 18.0 19.0 20.0 21.0 22.0 23.0 24.0 25.0 26.0 27.0 28.0 29.0 30.0 31.0 32.0 31.0 30.0 29.0 28.0 27.0 26.0 25.0 24.0 23.0 22.0 21.0 20.0 19.0 18.0 17.0 16.0 15.0 14.0 13.0 12.0 11.0 10.0 9.0 8.0 7.0 6.0 5.0 4.0 3.0 2.0 1.0 0.0 1.0 2.0 3.0 4.0 5.0 6.0 7.0 8.0 9.0 10.0 11.0 12.0 13.0 14.0 15.0 16.0 
16.0 17.0 18.0 19.0 20.0 21.0 22.0 23.0 24.0 25.0 26.0 27.0 28.0 29.0 30.0 31.0 32.0 31.0 30.0 29.0 28.0 27.0 26.0 25.0 24.0 23.0 22.0 21.0 20.0 19.0 18.0 17.0 16.0 15.0 14.0 13.0 12.0 11.0 10.0 9.0 8.0 7.0 6.0 5.0 4.0 3.0 2.0 1.0 0.0 1.0 2.0 3.0 4.0 5.0 6.0 7.0 8.0 9.0 10.0 11.0 12.0 13.0 14.0 15.0 
15.0 16.0 17.0 18.0 19.0 20.0 21.0 22.0 23.0 24.0 25.0 26.0 27.0 28.0 29.0 30.0 31.0 32.0 31.0 30.0 29.0 28.0 27.0 26.0 25.0 24.0 23.0 22.0 21.0 20.0 19.0 18.0 17.0 16.0 15.0 14.0 13.0 12.0 11.0 10.0 9.0 8.0 7.0 6.0 5.0 4.0 3.0 2.0 1.0 0.0 1.0 2.0 3.0 4.0 5.0 6.0 7.0 8.0 9.0 10.0 11.0 12.0 13.0 14.0 
14.0 15.0 16.0 17.0 18.0 19.0 20.0 21.0 22.0 23.0 24.0 25.0 26.0 27.0 28.0 29.0 30.0 31.0 32.0 31.0 30.0 29.0 28.0 27.0 26.0 25.0 24.0 23.0 22.0 21.0 20.0 19.0 18.0 17.0 16.0 15.0 14.0 13.0 12.0 11.0 10.0 9.0 8.0 7.0 6.0 5.0 4.0 3.0 2.0 1.0 0.0 1.0 2.0 3.0 4.0 5.0 6.0 7.0 8.0 9.0 10.0 11.0 12.0 13.0 
13.0 14.0 15.0 16.0 17.0 18.0 19.0 20.0 21.0 22.0 23.0 24.0 25.0 26.0 27.0 28.0 29.0 30.0 31.0 32.0 31.0 30.0 29.0 28.0 27.0 26.0 25.0 24.0 23.0 22.0 21.0 20.0 19.0 18.0 17.0 16.0 15.0 14.0 13.0 12.0 11.0 10.0 9.0 8.0 7.0 6.0 5.0 4.0 3.0 2.0 1.0 0.0 1.0 2.0 3.0 4.0 5.0 6.0 7.0 8.0 9.0 10.0 11.0 12.0 
12.0 13.0 14.0 15.0 16.0 17.0 18.0 19.0 20.0 21.0 22.0 23.0 24.0 25.0 26.0 27.0 28.0 29.0 30.0 31.0 32.0 31.0 30.0 29.0 28.0 27.0 26.0 25.0 24.0 23.0 22.0 21.0 20.0 19.0 18.0 17.0 16.0 15.0 14.0 13.0 12.0 11.0 10.0 9.0 8.0 7.0 6.0 5.0 4.0 3.0 2.0 1.0 0.0 1.0 2.0 3.0 4.0 5.0 6.0 7.0 8.0 9.0 10.0 11.0 
11.0 12.0 13.0 14.0 15.0 16.0 17.0 18.0 19.0 20.0 21.0 22.0 23.0 24.0 25.0 26.0 27.0 28.0 29.0 30.0 31.0 32.0 31.0 30.0 29.0 28.0 27.0 26.0 25.0 24.0 23.0 22.0 21.0 20.0 19.0 18.0 17.0 16.0 15.0 14.0 13.0 12.0 11.0 10.0 9.0 8.0 7.0 6.0 5.0 4.0 3.0 2.0 1.0 0.0 1.0 2.0 3.0 4.0 5.0 6.0 7.0 8.0 9.0 10.0 
10.0 11.0 12.0 13.0 14.0 15.0 16.0 17.0 18.0 19.0 20.0 21.0 22.0 23.0 24.0 25.0 26.0 27.0 28.0 29.0 30.0 31.0 32.0 31.0 30.0 29.0 28.0 27.0 26.0 25.0 24.0 23.0 22.0 21.0 20.0 19.0 18.0 17.0 16.0 15.0 14.0 13.0 12.0 11.0 10.0 9.0 8.0 7.0 6.0 5.0 4.0 3.0 2.0 1.0 0.0 1.0 2.0 3.0 4.0 5.0 6.0 7.0 8.0 9.0 
9.0 10.0 11.0 12.0 13.0 14.0 15.0 16.0 17.0 18.0 19.0 20.0 21.0 22.0 23.0 24.0 25.0 26.0 27.0 28.0 29.0 30.0 31.0 32.0 31.0 30.0 29.0 28.0 27.0 26.0 25.0 24.0 23.0 22.0 21.0 20.0 19.0 18.0 17.0 16.0 15.0 14.0 13.0 12.0 11.0 10.0 9.0 8.0 7.0 6.0 5.0 4.0 3.0 2.0 1.0 0.0 1.0 2.0 3.0 4.0 5.0 6.0 7.0 8.0 
8.0 9.0 10.0 11.0 12.0 13.0 14.0 15.0 16.0 17.0 18.0 19.0 20.0 21.0 22.0 23.0 24.0 25.0 26.0 27.0 28.0 29.0 30.0 31.0 32.0 31.0 30.0 29.0 28.0 27.0 26.0 25.0 24.0 23.0 22.0 21.0 20.0 19.0 18.0 17.0 16.0 15.0 14.0 13.0 12.0 11.0 10.0 9.0 8.0 7.0 6.0 5.0 4.0 3.0 2.0 1.0 0.0 1.0 2.0 3.0 4.0 5.0 6.0 7.0 
7.0 8.0 9.0 10.0 11.0 12.0 13.0 14.0 15.0 16.0 17.0 18.0 19.0 20.0 21.0 22.0 23.0 24.0 25.0 26.0 27.0 28.0 29.0 30.0 31.0 32.0 31.0 30.0 29.0 28.0 27.0 26.0 25.0 24.0 23.0 22.0 21.0 20.0 19.0 18.0 17.0 16.0 15.0 14.0 13.0 12.0 11.0 10.0 9.0 8.0 7.0 6.0 5.0 4.0 3.0 2.0 1.0 0.0 1.0 2.0 3.0 4.0 5.0 6.0 
6.0 7.0 8.0 9.0 10.0 11.0 12.0 13.0 14.0 15.0 16.0 17.0 18.0 19.0 20.0 21.0 22.0 23.0 24.0 25.0 26.0 27.0 28.0 29.0 30.0 31.0 32.0 31.0 30.0 29.0 28.0 27.0 26.0 25.0 24.0 23.0 22.0 21.0 20.0 19.0 18.0 17.0 16.0 15.0 14.0 13.0 12.0 11.0 10.0 9.0 8.0 7.0 6.0 5.0 4.0 3.0 2.0 1.0 0.0 1.0 2.0 3.0 4.0 5.0 
5.0 6.0 7.0 8.0 9.0 10.0 11.0 12.0 13.0 14.0 15.0 16.0 17.0 18.0 19.0 20.0 21.0 22.0 23.0 24.0 25.0 26.0 27.0 28.0 29.0 30.0 31.0 32.0 31.0 30.0 29.0 28.0 27.0 26.0 25.0 24.0 23.0 22.0 21.0 20.0 19.0 18.0 17.0 16.0 15.0 14.0 13.0 12.0 11.0 10.0 9.0 8.0 7.0 6.0 5.0 4.0 3.0 2.0 1.0 0.0 1.0 2.0 3.0 4.0 
4.0 5.0 6.0 7.0 8.0 9.0 10.0 11.0 12.0 13.0 14.0 15.0 16.0 17.0 18.0 19.0 20.0 21.0 22.0 23.0 24.0 25.0 26.0 27.0 28.0 29.0 30.0 31.0 32.0 31.0 30.0 29.0 28.0 27.0 26.0 25.0 24.0 23.0 22.0 21.0 20.0 19.0 18.0 17.0 16.0 15.0 14.0 13.0 12.0 11.0 10.0 9.0 8.0 7.0 6.0 5.0 4.0 3.0 2.0 1.0 0.0 1.0 2.0 3.0 
3.0 4.0 5.0 6.0 7.0 8.0 9.0 10.0 11.0 12.0 13.0 14.0 15.0 16.0 17.0 18.0 19.0 20.0 21.0 22.0 23.0 24.0 25.0 26.0 27.0 28.0 29.0 30.0 31.0 32.0 31.0 30.0 29.0 28.0 27.0 26.0 25.0 24.0 23.0 22.0 21.0 20.0 19.0 18.0 17.0 16.0 15.0 14.0 13.0 12.0 11.0 10.0 9.0 8.0 7.0 6.0 5.0 4.0 3.0 2.0 1.0 0.0 1.0 2.0 
2.0 3.0 4.0 5.0 6.0 7.0 8.0 9.0 10.0 11.0 12.0 13.0 14.0 15.0 16.0 17.0 18.0 19.0 20.0 21.0 22.0 23.0 24.0 25.0 26.0 27.0 28.0 29.0 30.0 31.0 32.0 31.0 30.0 29.0 28.0 27.0 26.0 25.0 24.0 23.0 22.0 21.0 20.0 19.0 18.0 17.0 16.0 15.0 14.0 13.0 12.0 11.0 10.0 9.0 8.0 7.0 6.0 5.0 4.0 3.0 2.0 1.0 0.0 1.0 
1.0 2.0 3.0 4.0 5.0 6.0 7.0 8.0 9.0 10.0 11.0 12.0 13.0 14.0 15.0 16.0 17.0 18.0 19.0 20.0 21.0 22.0 23.0 24.0 25.0 26.0 27.0 28.0 29.0 30.0 31.0 32.0 31.0 30.0 29.0 28.0 27.0 26.0 25.0 24.0 23.0 22.0 21.0 20.0 19.0 18.0 17.0 16.0 15.0 14.0 13.0 12.0 11.0 10.0 9.0 8.0 7.0 6.0 5.0 4.0 3.0 2.0 1.0 0.0 