64
92 54 42 10 45 87 56 37 27 21 13 66 76 19 90 58 84 14 78 4 16 94 37 94 21 47 3 13 45 84 100 20 52 24 22 29 23 81 70 84 23 60 20 19 29 93 10 96 4 47 85 81 55 20 29 64 78 23 50 47 48 2 10 43 
59 85 69 64 72 27 56 5 8 13 29 91 32 8 16 62 60 41 92 16 86 11 21 27 5 13 80 75 76 81 69 57 39 96 3 22 67 47 28 92 96 84 49 27 88 94 3 1 20 11 30 30 72 13 1 35 58 76 48 78 74 63 99 34 
28 39 54 13 2 6 6 10 65 13 20 24 37 69 51 87 55 70 59 57 75 21 72 70 67 65 63 73 5 83 82 39 69 99 34 99 87 80 5 17 88 75 75 94 74 87 79 49 46 29 84 41 29 2 45 70 42 63 23 16 66 7 14 5 
45 45 47 18 39 13 100 100 96 84 35 75 64 20 86 13 20 8 32 78 52 11 87 2 1 54 25 65 89 64 36 81 26 3 26 6 79 4 96 89 11 60 9 27 38 100 4 17 27 69 10 11 58 3 54 17 32 55 98 49 97 73 87 75 
41 5 100 67 23 56 76 33 47 23 97 27 98 72 50 9 6 65 43 65 99 59 14 51 4 27 65 50 32 69 31 56 38 15 26 18 63 93 35 87 78 35 50 26 23 39 21 25 91 77 17 27 72 31 6 34 8 25 21 30 65 35 57 22 
83 17 10 14 22 4 42 98 55 36 27 12 84 20 95 75 10 44 29 38 58 27 31 49 5 35 24 92 2 100 74 78 8 38 59 93 70 17 41 88 62 42 72 48 8 25 64 41 54 11 92 48 71 72 96 4 61 83 92 60 3 41 50 80 
5 7 98 66 9 83 10 44 86 6 75 81 45 33 1 30 13 53 90 21 97 62 99 82 63 86 35 37 77 25 93 83 20 57 73 53 70 6 55 95 38 41 26 15 5 15 58 69 19 6 50 74 63 80 14 43 86 87 17 25 39 41 46 31 
2 74 23 42 81 48 4 9 76 85 60 74 97 3 58 27 44 17 1 67 21 78 51 50 31 33 24 62 39 28 76 91 41 75 27 59 17 22 63 31 98 58 24 12 23 15 80 1 94 65 56 6 62 21 38 28 70 59 5 84 29 27 36 85 
52 41 63 42 16 53 40 24 1 78 75 27 63 23 83 9 76 9 2 39 9 13 5 73 9 32 51 7 66 10 29 61 68 26 12 36 35 35 74 53 71 94 85 15 15 24 20 31 81 82 63 19 90 61 9 40 56 12 78 64 21 63 16 83 
42 1 10 66 34 100 47 15 23 49 63 93 87 12 55 62 59 4 92 43 54 13 15 1 53 16 32 7 5 76 21 55 35 35 93 66 21 77 40 91 30 95 15 91 20 30 42 75 71 37 63 66 92 32 20 15 89 64 44 32 31 46 6 78 
24 14 81 3 95 85 64 39 87 74 8 49 5 71 55 43 27 24 21 66 38 74 8 29 93 2 12 99 39 92 33 77 32 8 62 48 51 26 25 24 93 6 99 43 43 4 51 51 84 10 92 81 7 54 29 98 73 1 19 88 75 85 51 3 
22 90 70 77 66 72 56 80 48 16 13 61 27 6 34 93 17 30 74 76 51 2 24 33 6 58 88 36 92 62 93 69 2 1 38 51 30 5 84 16 69 40 57 34 92 61 99 96 66 91 29 57 89 88 23 94 31 14 7 52 60 52 16 86 
54 43 14 1 14 13 53 14 18 99 1 97 59 59 24 48 65 13 68 6 50 27 13 11 32 15 50 16 20 16 30 51 21 20 59 63 31 9 22 86 85 66 65 35 69 19 82 82 53 42 84 78 8 92 77 61 91 50 76 85 50 100 77 53 
71 84 71 81 24 94 99 57 12 60 37 94 82 51 23 76 22 70 66 74 22 77 78 26 61 76 36 12 4 88 27 63 59 16 58 66 86 42 66 43 68 1 17 31 73 92 60 73 100 49 8 77 2 4 52 27 8 59 83 29 97 35 99 12 
94 99 2 28 51 37 69 75 57 68 46 49 82 18 41 7 60 3 35 46 89 13 53 86 66 15 26 4 11 28 99 58 92 90 66 74 87 27 25 81 17 83 48 1 62 96 29 83 65 15 17 7 29 19 5 14 45 24 6 82 77 39 89 18 
24 99 1 52 90 25 85 32 39 63 58 43 6 27 76 4 32 11 76 17 100 99 78 39 99 33 50 22 90 40 96 67 41 95 93 68 67 78 28 73 94 95 96 97 98 63 42 10 4 35 81 38 92 70 30 52 38 48 54 43 23 12 28 11 
88 44 68 62 18 28 81 81 96 31 85 61 63 18 36 54 61 96 77 92 48 14 29 56 83 6 10 82 63 80 12 18 9 21 56 62 74 74 87 76 98 67 4 8 32 33 64 72 11 15 86 80 56 1 85 83 95 27 74 81 76 94 93 60 
98 46 79 66 55 27 40 14 21 90 99 76 70 17 64 61 9 5 87 54 46 32 85 6 59 44 86 13 5 91 73 22 53 15 16 26 63 82 86 98 56 39 90 76 3 12 27 18 54 39 31 47 89 94 46 21 56 29 73 81 28 41 13 44 
12 67 67 75 91 16 3 8 26 82 19 83 13 32 57 94 84 25 54 30 36 20 58 17 68 33 59 15 34 18 95 5 90 35 37 29 60 51 59 7 87 38 60 90 8 42 61 23 38 30 34 44 93 10 15 71 7 3 4 31 69 96 57 67 
15 88 35 3 16 90 44 60 45 64 84 98 55 99 26 20 83 69 56 67 94 43 14 99 37 44 46 44 81 98 77 70 23 3 99 21 22 30 89 38 98 20 15 86 88 49 1 80 99 76 81 39 27 90 87 9 93 83 24 19 38 67 24 97 
51 73 62 74 73 30 53 68 30 62 28 40 72 46 99 10 54 14 50 49 13 70 47 89 43 77 45 14 74 82 39 34 42 19 57 64 48 77 18 94 60 83 58 25 79 47 28 69 50 67 37 56 36 38 99 41 43 20 19 75 95 83 93 1 
59 99 28 12 20 33 86 11 36 24 30 49 32 49 43 43 45 65 43 72 38 42 20 8 72 76 86 30 19 83 88 69 29 69 18 8 54 89 70 78 97 21 14 32 51 24 24 21 36 67 97 76 35 27 75 54 63 6 39 65 3 52 83 87 
38 56 14 100 60 78 84 48 45 96 31 71 78 47 96 32 75 29 91 74 59 72 6 1 26 95 20 63 81 78 9 36 9 86 27 45 73 39 10 14 96 23 54 24 19 28 6 47 74 56 32 100 83 94 16 26 38 99 2 20 25 71 26 65 
25 67 24 83 56 90 17 61 2 10 62 98 42 13 11 69 35 65 9 91 51 6 15 90 79 77 57 44 48 97 56 94 42 68 87 73 91 72 45 12 39 80 36 18 87 73 96 17 34 58 62 66 44 72 72 90 62 2 89 15 79 33 16 27 
35 84 69 92 23 75 79 25 8 30 20 21 59 73 38 35 88 17 41 60 38 82 2 98 80 100 55 10 33 97 30 3 36 5 79 34 41 19 92 64 69 84 25 76 31 38 33 44 8 78 84 32 48 61 63 97 54 32 25 60 87 99 37 48 
52 83 23 77 82 75 15 1 46 91 75 59 75 5 12 79 90 57 71 62 16 10 36 72 33 9 96 88 72 80 26 25 10 88 60 20 72 35 89 5 55 13 1 46 68 71 74 32 81 13 63 100 75 51 92 46 78 57 30 71 42 93 73 41 
24 44 28 5 40 23 57 13 69 33 77 5 67 29 57 81 38 24 77 79 86 66 66 100 46 87 97 31 64 53 67 36 78 70 52 79 16 71 78 70 50 9 40 66 73 45 93 92 26 74 60 56 29 95 13 6 20 93 69 12 18 78 42 6 
21 88 63 77 58 39 37 64 81 63 73 36 43 32 13 45 93 84 40 80 100 31 34 66 33 70 45 43 8 1 17 16 98 76 40 20 82 72 40 27 15 61 59 43 66 54 89 92 77 54 59 55 15 38 82 15 15 22 12 72 96 52 97 43 
69 26 52 6 44 17 20 52 91 18 34 93 66 8 95 15 2 41 5 75 36 53 86 51 82 100 54 54 12 39 90 55 97 28 39 63 19 43 97 42 79 51 64 31 41 58 68 31 97 73 78 3 40 99 11 43 89 12 42 30 64 97 90 84 
45 10 9 18 13 85 35 67 51 76 18 80 41 24 40 99 45 85 12 49 64 8 10 80 48 35 63 71 51 32 98 40 77 97 63 50 73 67 31 13 84 91 43 24 10 7 98 34 37 66 93 77 80 84 98 71 69 38 62 12 90 3 92 70 
89 20 21 69 43 43 4 94 61 5 100 69 23 8 69 1 16 80 66 65 35 98 60 20 46 66 12 94 55 15 95 53 77 11 28 5 74 67 7 57 32 28 97 5 35 70 89 49 88 47 10 42 22 64 78 19 64 88 55 89 93 3 6 75 
21 41 1 44 80 97 19 57 54 23 43 22 93 99 79 43 70 98 99 23 15 1 24 67 49 41 24 37 13 32 77 46 80 60 44 2 76 38 29 52 39 54 33 51 53 25 5 31 41 95 24 82 62 93 78 65 100 25 49 73 90 54 81 58 
27 95 79 11 98 99 25 51 99 20 99 51 93 8 99 31 50 19 69 73 31 16 50 90 41 12 78 62 68 94 56 80 31 36 29 16 21 58 82 32 38 19 50 78 62 99 47 44 14 92 74 43 36 76 65 55 19 25 49 62 14 4 57 5 
71 11 1 7 70 70 39 41 33 68 52 80 42 7 10 96 95 73 34 97 85 80 5 77 73 68 92 79 11 25 61 56 70 79 98 6 32 90 13 69 31 72 12 41 21 21 83 35 10 64 8 30 25 8 87 92 36 100 31 98 3 80 62 30 
60 79 3 74 23 5 40 33 40 67 77 25 74 87 53 33 55 11 20 3 68 19 54 46 14 51 82 88 29 17 84 44 74 67 72 73 64 1 44 89 93 63 66 44 57 64 39 16 59 21 86 87 23 71 95 53 71 38 17 59 85 55 66 53 
77 35 48 70 29 56 87 35 25 20 86 26 14 80 25 8 57 14 77 37 33 83 98 35 30 42 62 22 82 27 54 34 10 33 60 17 80 75 68 60 82 79 18 97 100 50 53 51 14 99 86 28 24 62 32 99 5 34 66 94 91 26 23 12 
43 5 26 60 45 76 35 34 62 71 59 30 36 52 83 28 69 10 52 15 96 34 40 10 63 97 42 23 51 25 15 77 32 73 81 31 46 50 40 64 18 14 20 46 90 76 32 84 88 1 23 66 39 82 17 3 60 47 33 48 82 82 63 75 
7 22 90 40 86 47 83 35 13 36 63 100 60 4 21 18 58 85 25 6 3 36 30 88 8 41 52 18 78 84 66 99 32 6 43 84 35 12 72 96 2 40 65 55 9 29 88 93 22 65 15 59 61 3 79 72 3 23 95 24 51 87 47 26 
48 13 88 24 80 71 56 98 70 55 42 64 40 51 44 48 92 81 76 54 28 3 85 54 84 15 16 25 82 65 80 14 35 42 28 65 19 73 54 20 15 52 44 28 98 80 89 20 41 61 36 71 100 86 89 26 13 3 64 34 70 39 19 28 
6 74 90 16 22 80 90 86 22 7 19 56 56 61 5 76 59 36 44 40 96 95 17 24 42 27 33 91 28 43 10 93 33 65 79 76 15 74 71 64 25 48 82 33 90 50 32 81 40 20 3 47 75 98 38 60 57 56 21 5 22 5 81 15 
39 77 23 74 93 85 10 67 78 7 50 25 98 65 33 84 34 94 32 58 56 30 19 25 72 41 15 51 56 41 35 92 61 46 82 74 58 61 10 1 48 20 19 29 71 30 69 81 11 99 27 16 6 93 4 70 65 86 43 22 78 15 68 48 
62 14 32 56 17 88 61 6 73 34 48 35 81 90 85 75 38 71 96 56 40 29 63 32 82 37 52 44 52 3 50 25 27 8 33 51 82 21 13 74 54 6 4 51 18 15 97 66 96 65 94 38 72 18 20 27 45 90 46 94 40 26 99 48 
84 73 33 78 95 27 47 54 8 26 34 16 39 70 77 48 94 18 55 23 82 55 85 42 44 14 60 60 31 8 53 2 46 4 47 12 26 19 75 63 77 48 44 66 4 39 11 51 89 37 56 76 14 19 8 81 61 42 35 59 62 22 44 64 
14 64 73 59 100 49 82 10 20 90 58 61 96 57 91 52 38 34 49 14 88 58 92 34 28 91 79 40 3 85 86 44 14 17 25 43 86 97 62 86 70 76 92 40 35 43 23 21 75 45 70 72 6 56 57 70 4 32 73 43 26 86 2 66 
84 1 69 99 94 5 96 88 13 91 11 24 63 100 91 37 54 88 1 21 69 51 68 30 49 48 96 82 61 71 28 41 17 96 91 30 45 71 85 79 75 15 99 97 14 18 40 2 17 39 30 21 89 92 67 98 21 24 4 42 91 95 91 79 
94 39 45 56 96 87 40 49 63 82 60 74 34 92 11 70 89 93 35 14 22 19 87 83 30 35 30 92 49 46 31 23 68 48 11 66 43 26 72 80 8 62 2 26 78 42 70 92 33 42 75 9 17 16 51 23 15 49 57 97 31 70 76 29 
82 16 81 35 27 87 2 74 60 38 70 1 81 12 42 3 26 80 46 35 34 33 2 57 65 52 37 4 55 72 55 40 82 47 9 100 26 67 78 63 31 47 79 82 53 70 33 79 30 60 66 35 71 80 3 82 48 42 52 30 38 76 85 94 
82 21 67 44 55 5 52 74 5 100 50 4 48 61 12 88 7 65 12 13 17 71 73 73 68 79 54 34 89 45 8 94 1 40 54 10 7 32 30 93 7 6 94 47 94 31 78 74 62 99 57 26 5 1 99 66 2 80 79 11 23 15 94 6 
1 49 13 74 1 72 7 66 7 57 65 88 26 74 65 24 29 58 5 95 27 99 41 94 22 48 28 55 44 19 52 46 66 23 71 33 19 20 2 69 47 55 64 90 36 83 3 87 29 18 81 16 70 1 14 51 5 22 66 5 72 42 72 15 
46 96 60 60 8 12 9 12 13 24 99 44 28 24 48 78 38 7 93 74 62 82 32 42 16 61 95 37 76 86 53 78 40 70 31 18 31 83 99 40 99 59 19 5 25 75 53 64 92 40 30 89 3 80 84 100 6 7 20 15 36 61 44 32 
9 4 100 68 17 34 84 6 24 30 2 93 19 92 90 75 47 20 9 10 57 20 50 71 56 60 96 42 20 42 55 18 24 18 37 84 100 67 57 79 96 72 45 69 98 73 49 67 22 25 42 72 82 13 24 92 21 80 41 82 96 97 26 99 
79 61 89 82 67 41 4 98 51 62 77 14 40 63 1 11 74 3 5 95 74 92 19 7 87 12 40 22 95 76 44 1 47 49 85 83 7 90 3 84 69 48 86 58 7 32 93 31 79 45 13 90 17 1 99 34 13 73 72 35 5 29 66 22 
26 95 52 61 99 25 95 42 27 92 70 83 56 42 80 50 80 15 100 91 22 1 3 99 36 26 56 65 39 79 58 16 83 69 7 89 24 94 83 48 73 62 63 5 11 46 13 95 11 14 34 7 4 52 61 94 7 48 58 72 34 37 97 16 
71 60 23 20 17 40 100 97 22 47 30 32 48 52 89 65 3 86 21 44 33 71 63 94 87 81 98 83 46 85 99 52 64 27 35 92 77 90 43 45 96 93 65 65 60 11 16 39 20 88 15 69 18 65 77 22 13 86 60 14 23 64 36 31 
68 32 37 74 45 66 86 73 36 3 52 84 21 32 60 15 71 88 1 48 39 57 24 37 10 76 13 19 29 48 30 86 79 43 24 3 51 8 50 98 2 57 58 39 41 59 26 96 17 14 72 30 48 39 17 83 6 99 80 49 7 44 8 55 
25 3 74 41 36 77 47 86 100 62 15 43 87 11 29 66 19 74 53 88 77 58 10 39 62 29 2 76 78 51 69 31 29 94 74 30 51 64 38 90 44 25 49 69 80 88 41 21 4 70 5 70 70 40 66 31 55 93 75 2 52 33 68 35 
63 95 85 89 33 73 3 89 79 95 79 74 87 42 39 16 99 21 41 96 20 20 42 78 88 90 69 11 61 29 35 55 99 51 90 77 61 85 96 81 69 43 49 40 52 37 61 90 33 68 56 53 39 43 70 85 52 54 11 19 92 45 57 39 
77 79 36 23 100 26 45 27 83 42 60 7 92 38 27 50 77 23 58 26 33 26 1 2 96 74 31 58 88 55 28 14 38 22 74 3 26 50 94 100 47 71 52 74 62 10 29 78 17 22 12 12 44 25 43 15 81 82 62 58 40 1 35 43 
43 21 88 45 14 98 98 49 79 22 37 53 34 7 92 45 10 78 14 23 58 77 87 43 69 39 14 82 96 69 92 45 58 65 53 27 49 89 22 17 96 32 76 99 56 53 43 73 39 76 50 52 98 19 18 8 1 4 51 56 39 70 42 10 
63 46 37 33 90 97 63 91 27 71 90 10 23 1 11 84 71 37 50 84 94 61 40 93 94 38 99 10 19 3 28 31 90 57 76 7 22 34 93 96 21 84 81 36 19 62 17 99 10 93 39 63 60 41 83 60 22 99 20 69 5 21 5 34 
94 55 23 88 11 32 15 47 35 42 33 66 64 18 18 39 3 35 91 8 55 81 66 41 8 44 38 51 15 78 21 77 95 58 3 98 79 95 63 40 88 93 13 62 42 51 85 17 13 19 17 47 84 96 60 3 59 37 31 39 14 31 7 10 
7 99 89 28 10 35 13 30 88 61 89 53 47 93 86 55 78 55 11 5 17 26 53 72 87 54 79 65 51 95 50 43 62 82 72 10 73 33 79 58 64 57 97 5 41 13 43 5 40 48 19 36 78 84 21 22 24 2 35 7 92 58 85 67 
67 19 42 14 36 23 99 85 63 85 55 80 46 29 28 29 6 92 60 96 55 76 57 11 22 94 90 73 18 23 6 51 90 79 26 9 91 23 6 11 74 16 16 92 15 16 20 12 59 52 86 27 43 5 37 72 28 33 57 36 27 73 52 49 
30 28 14 5 47 91 11 89 50 81 20 35 86 96 53 8 28 71 66 20 16 32 21 16 78 6 27 87 13 14 61 85 42 99 88 22 96 1 61 84 69 87 46 81 44 55 90 32 21 64 4 86 88 16 69 55 15 82 47 50 74 82 44 4 
0.0 1.0 2.0 3.0 4.0 5.0 6.0 7.0 8.0 9.0 10.0 11.0 12.0 13.0 14.0 15.0 16.0 17.0 18.0 19.0 20.0 21.0 22.0 23.0 24.0 25.0 26.0 27.0 28.0 29.0 30.0 31.0 32.0 31.0 30.0 29.0 28.0 27.0 26.0 25.0 24.0 23.0 22.0 21.0 20.0 19.0 18.0 17.0 16.0 15.0 14.0 13.0 12.0 11.0 10.0 9.0 8.0 7.0 6.0 5.0 4.0 3.0 2.0 1.0 
1.0 0.0 1.0 2.0 3.0 4.0 5.0 6.0 7.0 8.0 9.0 10.0 11.0 12.0 13.0 14.0 15.0 16.0 17.0 18.0 19.0 20.0 21.0 22.0 23.0 24.0 25.0 26.0 27.0 28.0 29.0 30.0 31.0 32.0 31.0 30.0 29.0 28.0 27.0 26.0 25.0 24.0 23.0 22.0 21.0 20.0 19.0 18.0 17.0 16.0 15.0 14.0 13.0 12.0 11.0 10.0 9.0 8.0 7.0 6.0 5.0 4.0 3.0 2.0 
2.0 1.0 0.0 1.0 2.0 3.0 4.0 5.0 6.0 7.0 8.0 9.0 10.0 11.0 12.0 13.0 14.0 15.0 16.0 17.0 18.0 19.0 20.0 21.0 22.0 23.0 24.0 25.0 26.0 27.0 28.0 29.0 30.0 31.0 32.0 31.0 30.0 29.0 28.0 27.0 26.0 25.0 24.0 23.0 22.0 21.0 20.0 19.0 18.0 17.0 16.0 15.0 14.0 13.0 12.0 11.0 10.0 9.0 8.0 7.0 6.0 5.0 4.0 3.0 
3.0 2.0 1.0 0.0 1.0 2.0 3.0 4.0 5.0 6.0 7.0 8.0 9.0 10.0 11.0 12.0 13.0 14.0 15.0 16.0 17.0 18.0 19.0 20.0 21.0 22.0 23.0 24.0 25.0 26.0 27.0 28.0 29.0 30.0 31.0 32.0 31.0 30.0 29.0 28.0 27.0 26.0 25.0 24.0 23.0 22.0 21.0 20.0 19.0 18.0 17.0 16.0 15.0 14.0 13.0 12.0 11.0 10.0 9.0 8.0 7.0 6.0 5.0 4.0 
4.0 3.0 2.0 1.0 0.0 1.0 2.0 3.0 4.0 5.0 6.0 7.0 8.0 9.0 10.0 11.0 12.0 13.0 14.0 15.0 16.0 17.0 18.0 19.0 20.0 21.0 22.0 23.0 24.0 25.0 26.0 27.0 28.0 29.0 30.0 31.0 32.0 31.0 30.0 29.0 28.0 27.0 26.0 25.0 24.0 23.0 22.0 21.0 20.0 19.0 18.0 17.0 16.0 15.0 14.0 13.0 12.0 11.0 10.0 9.0 8.0 7.0 6.0 5.0 
5.0 4.0 3.0 2.0 1.0 0.0 1.0 2.0 3.0 4.0 5.0 6.0 7.0 8.0 9.0 10.0 11.0 12.0 13.0 14.0 15.0 16.0 17.0 18.0 19.0 20.0 21.0 22.0 23.0 24.0 25.0 26.0 27.0 28.0 29.0 30.0 31.0 32.0 31.0 30.0 29.0 28.0 27.0 26.0 25.0 24.0 23.0 22.0 21.0 20.0 19.0 18.0 17.0 16.0 15.0 14.0 13.0 12.0 11.0 10.0 9.0 8.0 7.0 6.0 
6.0 5.0 4.0 3.0 2.0 1.0 0.0 1.0 2.0 3.0 4.0 5.0 6.0 7.0 8.0 9.0 10.0 11.0 12.0 13.0 14.0 15.0 16.0 17.0 18.0 19.0 20.0 21.0 22.0 23.0 24.0 25.0 26.0 27.0 28.0 29.0 30.0 31.0 32.0 31.0 30.0 29.0 28.0 27.0 26.0 25.0 24.0 23.0 22.0 21.0 20.0 19.0 18.0 17.0 16.0 15.0 14.0 13.0 12.0 11.0 10.0 9.0 8.0 7.0 
7.0 6.0 5.0 4.0 3.0 2.0 1.0 0.0 1.0 2.0 3.0 4.0 5.0 6.0 7.0 8.0 9.0 10.0 11.0 12.0 13.0 14.0 15.0 16.0 17.0 18.0 19.0 20.0 21.0 22.0 23.0 24.0 25.0 26.0 27.0 28.0 29.0 30.0 31.0 32.0 31.0 30.0 29.0 28.0 27.0 26.0 25.0 24.0 23.0 22.0 21.0 20.0 19.0 18.0 17.0 16.0 15.0 14.0 13.0 12.0 11.0 10.0 9.0 8.0 
8.0 7.0 6.0 5.0 4.0 3.0 2.0 1.0 0.0 1.0 2.0 3.0 4.0 5.0 6.0 7.0 8.0 9.0 10.0 11.0 12.0 13.0 14.0 15.0 16.0 17.0 18.0 19.0 20.0 21.0 22.0 23.0 24.0 25.0 26.0 27.0 28.0 29.0 30.0 31.0 32.0 31.0 30.0 29.0 28.0 27.0 26.0 25.0 24.0 23.0 22.0 21.0 20.0 19.0 18.0 17.0 16.0 15.0 14.0 13.0 12.0 11.0 10.0 9.0 
9.0 8.0 7.0 6.0 5.0 4.0 3.0 2.0 1.0 0.0 1.0 2.0 3.0 4.0 5.0 6.0 7.0 8.0 9.0 10.0 11.0 12.0 13.0 14.0 15.0 16.0 17.0 18.0 19.0 20.0 21.0 22.0 23.0 24.0 25.0 26.0 27.0 28.0 29.0 30.0 31.0 32.0 31.0 30.0 29.0 28.0 27.0 26.0 25.0 24.0 23.0 22.0 21.0 20.0 19.0 18.0 17.0 16.0 15.0 14.0 13.0 12.0 11.0 10.0 
10.0 9.0 8.0 7.0 6.0 5.0 4.0 3.0 2.0 1.0 0.0 1.0 2.0 3.0 4.0 5.0 6.0 7.0 8.0 9.0 10.0 11.0 12.0 13.0 14.0 15.0 16.0 17.0 18.0 19.0 20.0 21.0 22.0 23.0 24.0 25.0 26.0 27.0 28.0 29.0 30.0 31.0 32.0 31.0 30.0 29.0 28.0 27.0 26.0 25.0 24.0 23.0 22.0 21.0 20.0 19.0 18.0 17.0 16.0 15.0 14.0 13.0 12.0 11.0 
11.0 10.0 9.0 8.0 7.0 6.0 5.0 4.0 3.0 2.0 1.0 0.0 1.0 2.0 3.0 4.0 5.0 6.0 7.0 8.0 9.0 10.0 11.0 12.0 13.0 14.0 15.0 16.0 17.0 18.0 19.0 20.0 21.0 22.0 23.0 24.0 25.0 26.0 27.0 28.0 29.0 30.0 31.0 32.0 31.0 30.0 29.0 28.0 27.0 26.0 25.0 24.0 23.0 22.0 21.0 20.0 19.0 18.0 17.0 16.0 15.0 14.0 13.0 12.0 
12.0 11.0 10.0 9.0 8.0 7.0 6.0 5.0 4.0 3.0 2.0 1.0 0.0 1.0 2.0 3.0 4.0 5.0 6.0 7.0 8.0 9.0 10.0 11.0 12.0 13.0 14.0 15.0 16.0 17.0 18.0 19.0 20.0 21.0 22.0 23.0 24.0 25.0 26.0 27.0 28.0 29.0 30.0 31.0 32.0 31.0 30.0 29.0 28.0 27.0 26.0 25.0 24.0 23.0 22.0 21.0 20.0 19.0 18.0 17.0 16.0 15.0 14.0 13.0 
13.0 12.0 11.0 10.0 9.0 8.0 7.0 6.0 5.0 4.0 3.0 2.0 1.0 0.0 1.0 2.0 3.0 4.0 5.0 6.0 7.0 8.0 9.0 10.0 11.0 12.0 13.0 14.0 15.0 16.0 17.0 18.0 19.0 20.0 21.0 22.0 23.0 24.0 25.0 26.0 27.0 28.0 29.0 30.0 31.0 32.0 31.0 30.0 29.0 28.0 27.0 26.0 25.0 24.0 23.0 22.0 21.0 20.0 19.0 18.0 17.0 16.0 15.0 14.0 
14.0 13.0 12.0 11.0 10.0 9.0 8.0 7.0 6.0 5.0 4.0 3.0 2.0 1.0 0.0 1.0 2.0 3.0 4.0 5.0 6.0 7.0 8.0 9.0 10.0 11.0 12.0 13.0 14.0 15.0 16.0 17.0 18.0 19.0 20.0 21.0 22.0 23.0 24.0 25.0 26.0 27.0 28.0 29.0 30.0 31.0 32.0 31.0 30.0 29.0 28.0 27.0 26.0 25.0 24.0 23.0 22.0 21.0 20.0 19.0 18.0 17.0 16.0 15.0 
15.0 14.0 13.0 12.0 11.0 10.0 9.0 8.0 7.0 6.0 5.0 4.0 3.0 2.0 1.0 0.0 1.0 2.0 3.0 4.0 5.0 6.0 7.0 8.0 9.0 10.0 11.0 12.0 13.0 14.0 15.0 16.0 17.0 18.0 19.0 20.0 21.0 22.0 23.0 24.0 25.0 26.0 27.0 28.0 29.0 30.0 31.0 32.0 31.0 30.0 29.0 28.0 27.0 26.0 25.0 24.0 23.0 22.0 21.0 20.0 19.0 18.0 17.0 16.0 
16.0 15.0 14.0 13.0 12.0 11.0 10.0 9.0 8.0 7.0 6.0 5.0 4.0 3.0 2.0 1.0 0.0 1.0 2.0 3.0 4.0 5.0 6.0 7.0 8.0 9.0 10.0 11.0 12.0 13.0 14.0 15.0 16.0 17.0 18.0 19.0 20.0 21.0 22.0 23.0 24.0 25.0 26.0 27.0 28.0 29.0 30.0 31.0 32.0 31.0 30.0 29.0 28.0 27.0 26.0 25.0 24.0 23.0 22.0 21.0 20.0 19.0 18.0 17.0 
17.0 16.0 15.0 14.0 13.0 12.0 11.0 10.0 9.0 8.0 7.0 6.0 5.0 4.0 3.0 2.0 1.0 0.0 1.0 2.0 3.0 4.0 5.0 6.0 7.0 8.0 9.0 10.0 11.0 12.0 13.0 14.0 15.0 16.0 17.0 18.0 19.0 20.0 21.0 22.0 23.0 24.0 25.0 26.0 27.0 28.0 29.0 30.0 31.0 32.0 31.0 30.0 29.0 28.0 27.0 26.0 25.0 24.0 23.0 22.0 21.0 20.0 19.0 18.0 
18.0 17.0 16.0 15.0 14.0 13.0 12.0 11.0 10.0 9.0 8.0 7.0 6.0 5.0 4.0 3.0 2.0 1.0 0.0 1.0 2.0 3.0 4.0 5.0 6.0 7.0 8.0 9.0 10.0 11.0 12.0 13.0 14.0 15.0 16.0 17.0 18.0 19.0 20.0 21.0 22.0 23.0 24.0 25.0 26.0 27.0 28.0 29.0 30.0 31.0 32.0 31.0 30.0 29.0 28.0 27.0 26.0 25.0 24.0 23.0 22.0 21.0 20.0 19.0 
19.0 18.0 17.0 16.0 15.0 14.0 13.0 12.0 11.0 10.0 9.0 8.0 7.0 6.0 5.0 4.0 3.0 2.0 1.0 0.0 1.0 2.0 3.0 4.0 5.0 6.0 7.0 8.0 9.0 10.0 11.0 12.0 13.0 14.0 15.0 16.0 17.0 18.0 19.0 20.0 21.0 22.0 23.0 24.0 25.0 26.0 27.0 28.0 29.0 30.0 31.0 32.0 31.0 30.0 29.0 28.0 27.0 26.0 25.0 24.0 23.0 22.0 21.0 20.0 
20.0 19.0 18.0 17.0 16.0 15.0 14.0 13.0 12.0 11.0 10.0 9.0 8.0 7.0 6.0 5.0 4.0 3.0 2.0 1.0 0.0 1.0 2.0 3.0 4.0 5.0 6.0 7.0 8.0 9.0 10.0 11.0 12.0 13.0 14.0 15.0 16.0 17.0 18.0 19.0 20.0 21.0 22.0 23.0 24.0 25.0 26.0 27.0 28.0 29.0 30.0 31.0 32.0 31.0 30.0 29.0 28.0 27.0 26.0 25.0 24.0 23.0 22.0 21.0 
21.0 20.0 19.0 18.0 17.0 16.0 15.0 14.0 13.0 12.0 11.0 10.0 9.0 8.0 7.0 6.0 5.0 4.0 3.0 2.0 1.0 0.0 1.0 2.0 3.0 4.0 5.0 6.0 7.0 8.0 9.0 10.0 11.0 12.0 13.0 14.0 15.0 16.0 17.0 18.0 19.0 20.0 21.0 22.0 23.0 24.0 25.0 26.0 27.0 28.0 29.0 30.0 31.0 32.0 31.0 30.0 29.0 28.0 27.0 26.0 25.0 24.0 23.0 22.0 
22.0 21.0 20.0 19.0 18.0 17.0 16.0 15.0 14.0 13.0 12.0 11.0 10.0 9.0 8.0 7.0 6.0 5.0 4.0 3.0 2.0 1.0 0.0 1.0 2.0 3.0 4.0 5.0 6.0 7.0 8.0 9.0 10.0 11.0 12.0 13.0 14.0 15.0 16.0 17.0 18.0 19.0 20.0 21.0 22.0 23.0 24.0 25.0 26.0 27.0 28.0 29.0 30.0 31.0 32.0 31.0 30.0 29.0 28.0 27.0 26.0 25.0 24.0 23.0 
23.0 22.0 21.0 20.0 19.0 18.0 17.0 16.0 15.0 14.0 13.0 12.0 11.0 10.0 9.0 8.0 7.0 6.0 5.0 4.0 3.0 2.0 1.0 0.0 1.0 2.0 3.0 4.0 5.0 6.0 7.0 8.0 9.0 10.0 11.0 12.0 13.0 14.0 15.0 16.0 17.0 18.0 19.0 20.0 21.0 22.0 23.0 24.0 25.0 26.0 27.0 28.0 29.0 30.0 31.0 32.0 31.0 30.0 29.0 28.0 27.0 26.0 25.0 24.0 
24.0 23.0 22.0 21.0 20.0 19.0 18.0 17.0 16.0 15.0 14.0 13.0 12.0 11.0 10.0 9.0 8.0 7.0 6.0 5.0 4.0 3.0 2.0 1.0 0.0 1.0 2.0 3.0 4.0 5.0 6.0 7.0 8.0 9.0 10.0 11.0 12.0 13.0 14.0 15.0 16.0 17.0 18.0 19.0 20.0 21.0 22.0 23.0 24.0 25.0 26.0 27.0 28.0 29.0 30.0 31.0 32.0 31.0 30.0 29.0 28.0 27.0 26.0 25.0 
25.0 24.0 23.0 22.0 21.0 20.0 19.0 18.0 17.0 16.0 15.0 14.0 13.0 12.0 11.0 10.0 9.0 8.0 7.0 6.0 5.0 4.0 3.0 2.0 1.0 0.0 1.0 2.0 3.0 4.0 5.0 6.0 7.0 8.0 9.0 10.0 11.0 12.0 13.0 14.0 15.0 16.0 17.0 18.0 19.0 20.0 21.0 22.0 23.0 24.0 25.0 26.0 27.0 28.0 29.0 30.0 31.0 32.0 31.0 30.0 29.0 28.0 27.0 26.0 
26.0 25.0 24.0 23.0 22.0 21.0 20.0 19.0 18.0 17.0 16.0 15.0 14.0 13.0 12.0 11.0 10.0 9.0 8.0 7.0 6.0 5.0 4.0 3.0 2.0 1.0 0.0 1.0 2.0 3.0 4.0 5.0 6.0 7.0 8.0 9.0 10.0 11.0 12.0 13.0 14.0 15.0 16.0 17.0 18.0 19.0 20.0 21.0 22.0 23.0 24.0 25.0 26.0 27.0 28.0 29.0 30.0 31.0 32.0 31.0 30.0 29.0 28.0 27.0 
27.0 26.0 25.0 24.0 23.0 22.0 21.0 20.0 19.0 18.0 17.0 16.0 15.0 14.0 13.0 12.0 11.0 10.0 9.0 8.0 7.0 6.0 5.0 4.0 3.0 2.0 1.0 0.0 1.0 2.0 3.0 4.0 5.0 6.0 7.0 8.0 9.0 10.0 11.0 12.0 13.0 14.0 15.0 16.0 17.0 18.0 19.0 20.0 21.0 22.0 23.0 24.0 25.0 26.0 27.0 28.0 29.0 30.0 31.0 32.0 31.0 30.0 29.0 28.0 
28.0 27.0 26.0 25.0 24.0 23.0 22.0 21.0 20.0 19.0 18.0 17.0 16.0 15.0 14.0 13.0 12.0 11.0 10.0 9.0 8.0 7.0 6.0 5.0 4.0 3.0 2.0 1.0 0.0 1.0 2.0 3.0 4.0 5.0 6.0 7.0 8.0 9.0 10.0 11.0 12.0 13.0 14.0 15.0 16.0 17.0 18.0 19.0 20.0 21.0 22.0 23.0 24.0 25.0 26.0 27.0 28.0 29.0 30.0 31.0 32.0 31.0 30.0 29.0 
29.0 28.0 27.0 26.0 25.0 24.0 23.0 22.0 21.0 20.0 19.0 18.0 17.0 16.0 15.0 14.0 13.0 12.0 11.0 10.0 9.0 8.0 7.0 6.0 5.0 4.0 3.0 2.0 1.0 0.0 1.0 2.0 3.0 4.0 5.0 6.0 7.0 8.0 9.0 10.0 11.0 12.0 13.0 14.0 15.0 16.0 17.0 18.0 19.0 20.0 21.0 22.0 23.0 24.0 25.0 26.0 27.0 28.0 29.0 30.0 31.0 32.0 31.0 30.0 
30.0 29.0 28.0 27.0 26.0 25.0 24.0 23.0 22.0 21.0 20.0 19.0 18.0 17.0 16.0 15.0 14.0 13.0 12.0 11.0 10.0 9.0 8.0 7.0 6.0 5.0 4.0 3.0 2.0 1.0 0.0 1.0 2.0 3.0 4.0 5.0 6.0 7.0 8.0 9.0 10.0 11.0 12.0 13.0 14.0 15.0 16.0 17.0 18.0 19.0 20.0 21.0 22.0 23.0 24.0 25.0 26.0 27.0 28.0 29.0 30.0 31.0 32.0 31.0 
31.0 30.0 29.0 28.0 27.0 26.0 25.0 24.0 23.0 22.0 21.0 20.0 19.0 18.0 17.0 16.0 15.0 14.0 13.0 12.0 11.0 10.0 9.0 8.0 7.0 6.0 5.0 4.0 3.0 2.0 1.0 0.0 1.0 2.0 3.0 4.0 5.0 6.0 7.0 8.0 9.0 10.0 11.0 12.0 13.0 14.0 15.0 16.0 17.0 18.0 19.0 20.0 21.0 22.0 23.0 24.0 25.0 26.0 27.0 28.0 29.0 30.0 31.0 32.0 
32.0 31.0 30.0 29.0 28.0 27.0 26.0 25.0 24.0 23.0 22.0 21.0 20.0 19.0 18.0 17.0 16.0 15.0 14.0 13.0 12.0 11.0 10.0 9.0 8.0 7.0 6.0 5.0 4.0 3.0 2.0 1.0 0.0 1.0 2.0 3.0 4.0 5.0 6.0 7.0 8.0 9.0 10.0 11.0 12.0 13.0 14.0 15.0 16.0 17.0 18.0 19.0 20.0 21.0 22.0 23.0 24.0 25.0 26.0 27.0 28.0 29.0 30.0 31.0 
31.0 32.0 31.0 30.0 29.0 28.0 27.0 26.0 25.0 24.0 23.0 22.0 21.0 20.0 19.0 18.0 17.0 16.0 15.0 14.0 13.0 12.0 11.0 10.0 9.0 8.0 7.0 6.0 5.0 4.0 3.0 2.0 1.0 0.0 1.0 2.0 3.0 4.0 5.0 6.0 7.0 8.0 9.0 10.0 11.0 12.0 13.0 14.0 15.0 16.0 17.0 18.0 19.0 20.0 21.0 22.0 23.0 24.0 25.0 26.0 27.0 28.0 29.0 30.0 
30.0 31.0 32.0 31.0 30.0 29.0 28.0 27.0 26.0 25.0 24.0 23.0 22.0 21.0 20.0 19.0 18.0 17.0 16.0 15.0 14.0 13.0 12.0 11.0 10.0 9.0 8.0 7.0 6.0 5.0 4.0 3.0 2.0 1.0 0.0 1.0 2.0 3.0 4.0 5.0 6.0 7.0 8.0 9.0 10.0 11.0 12.0 13.0 14.0 15.0 16.0 17.0 18.0 19.0 20.0 21.0 22.0 23.0 24.0 25.0 26.0 27.0 28.0 29.0 
29.0 30.0 31.0 32.0 31.0 30.0 29.0 28.0 27.0 26.0 25.0 24.0 23.0 22.0 21.0 20.0 19.0 18.0 17.0 16.0 15.0 14.0 13.0 12.0 11.0 10.0 9.0 8.0 7.0 6.0 5.0 4.0 3.0 2.0 1.0 0.0 1.0 2.0 3.0 4.0 5.0 6.0 7.0 8.0 9.0 10.0 11.0 12.0 13.0 14.0 15.0 16.0 17.0 18.0 19.0 20.0 21.0 22.0 23.0 24.0 25.0 26.0 27.0 28.0 
28.0 29.0 30.0 31.0 32.0 31.0 30.0 29.0 28.0 27.0 26.0 25.0 24.0 23.0 22.0 21.0 20.0 19.0 18.0 17.0 16.0 15.0 14.0 13.0 12.0 11.0 10.0 9.0 8.0 7.0 6.0 5.0 4.0 3.0 2.0 1.0 0.0 1.0 2.0 3.0 4.0 5.0 6.0 7.0 8.0 9.0 10.0 11.0 12.0 13.0 14.0 15.0 16.0 17.0 18.0 19.0 20.0 21.0 22.0 23.0 24.0 25.0 26.0 27.0 
27.0 28.0 29.0 30.0 31.0 32.0 31.0 30.0 29.0 28.0 27.0 26.0 25.0 24.0 23.0 22.0 21.0 20.0 19.0 18.0 17.0 16.0 15.0 14.0 13.0 12.0 11.0 10.0 9.0 8.0 7.0 6.0 5.0 4.0 3.0 2.0 1.0 0.0 1.0 2.0 3.0 4.0 5.0 6.0 7.0 8.0 9.0 10.0 11.0 12.0 13.0 14.0 15.0 16.0 17.0 18.0 19.0 20.0 21.0 22.0 23.0 24.0 25.0 26.0 
26.0 27.0 28.0 29.0 30.0 31.0 32.0 31.0 30.0 29.0 28.0 27.0 26.0 25.0 24.0 23.0 22.0 21.0 20.0 19.0 18.0 17.0 16.0 15.0 14.0 13.0 12.0 11.0 10.0 9.0 8.0 7.0 6.0 5.0 4.0 3.0 2.0 1.0 0.0 1.0 2.0 3.0 4.0 5.0 6.0 7.0 8.0 9.0 10.0 11.0 12.0 13.0 14.0 15.0 16.0 17.0 18.0 19.0 20.0 21.0 22.0 23.0 24.0 25.0 
25.0 26.0 27.0 28.0 29.0 30.0 31.0 32.0 31.0 30.0 29.0 28.0 27.0 26.0 25.0 24.0 23.0 22.0 21.0 20.0 19.0 18.0 17.0 16.0 15.0 14.0 13.0 12.0 11.0 10.0 9.0 8.0 7.0 6.0 5.0 4.0 3.0 2.0 1.0 0.0 1.0 2.0 3.0 4.0 5.0 6.0 7.0 8.0 9.0 10.0 11.0 12.0 13.0 14.0 15.0 16.0 17.0 18.0 19.0 20.0 21.0 22.0 23.0 24.0 
24.0 25.0 26.0 27.0 28.0 29.0 30.0 31.0 32.0 31.0 30.0 29.0 28.0 27.0 26.0 25.0 24.0 23.0 22.0 21.0 20.0 19.0 18.0 17.0 16.0 15.0 14.0 13.0 12.0 11.0 10.0 9.0 8.0 7.0 6.0 5.0 4.0 3.0 2.0 1.0 0.0 1.0 2.0 3.0 4.0 5.0 6.0 7.0 8.0 9.0 10.0 11.0 12.0 13.0 14.0 15.0 16.0 17.0 18.0 19.0 20.0 21.0 22.0 23.0 
23.0 24.0 25.0 26.0 27.0 28.0 29.0 30.0 31.0 32.0 31.0 30.0 29.0 28.0 27.0 26.0 25.0 24.0 23.0 22.0 21.0 20.0 19.0 18.0 17.0 16.0 15.0 14.0 13.0 12.0 11.0 10.0 9.0 8.0 7.0 6.0 5.0 4.0 3.0 2.0 1.0 0.0 1.0 2.0 3.0 4.0 5.0 6.0 7.0 8.0 9.0 10.0 11.0 12.0 13.0 14.0 15.0 16.0 17.0 18.0 19.0 20.0 21.0 22.0 
22.0 23.0 24.0 25.0 26.0 27.0 28.0 29.0 30.0 31.0 32.0 31.0 30.0 29.0 28.0 27.0 26.0 25.0 24.0 23.0 22.0 21.0 20.0 19.0 18.0 17.0 16.0 15.0 14.0 13.0 12.0 11.0 10.0 9.0 8.0 7.0 6.0 5.0 4.0 3.0 2.0 1.0 0.0 1.0 2.0 3.0 4.0 5.0 6.0 7.0 8.0 9.0 10.0 11.0 12.0 13.0 14.0 15.0 16.0 17.0 18.0 19.0 20.0 21.0 
21.0 22.0 23.0 24.0 25.0 26.0 27.0 28.0 29.0 30.0 31.0 32.0 31.0 30.0 29.0 28.0 27.0 26.0 25.0 24.0 23.0 22.0 21.0 20.0 19.0 18.0 17.0 16.0 15.0 14.0 13.0 12.0 11.0 10.0 9.0 8.0 7.0 6.0 5.0 4.0 3.0 2.0 1.0 0.0 1.0 2.0 3.0 4.0 5.0 6.0 7.0 8.0 9.0 10.0 11.0 12.0 13.0 14.0 15.0 16.0 17.0 18.0 19.0 20.0 
20.0 21.0 22.0 23.0 24.0 25.0 26.0 27.0 28.0 29.0 30.0 31.0 32.0 31.0 30.0 29.0 28.0 27.0 26.0 25.0 24.0 23.0 22.0 21.0 20.0 19.0 18.0 17.0 16.0 15.0 14.0 13.0 12.0 11.0 10.0 9.0 8.0 7.0 6.0 5.0 4.0 3.0 2.0 1.0 0.0 1.0 2.0 3.0 4.0 5.0 6.0 7.0 8.0 9.0 10.0 11.0 12.0 13.0 14.0 15.0 16.0 17.0 18.0 19.0 
19.0 20.0 21.0 22.0 23.0 24.0 25.0 26.0 27.0 28.0 29.0 30.0 31.0 32.0 31.0 30.0 29.0 28.0 27.0 26.0 25.0 24.0 23.0 22.0 21.0 20.0 19.0 18.0 17.0 16.0 15.0 14.0 13.0 12.0 11.0 10.0 9.0 8.0 7.0 6.0 5.0 4.0 3.0 2.0 1.0 0.0 1.0 2.0 3.0 4.0 5.0 6.0 7.0 8.0 9.0 10.0 11.0 12.0 13.0 14.0 15.0 16.0 17.0 18.0 
18.0 19.0 20.0 21.0 22.0 23.0 24.0 25.0 26.0 27.0 28.0 29.0 30.0 31.0 32.0 31.0 30.0 29.0 28.0 27.0 26.0 25.0 24.0 23.0 22.0 21.0 20.0 19.0 18.0 17.0 16.0 15.0 14.0 13.0 12.0 11.0 10.0 9.0 8.0 7.0 6.0 5.0 4.0 3.0 2.0 1.0 0.0 1.0 2.0 3.0 4.0 5.0 6.0 7.0 8.0 9.0 10.0 11.0 12.0 13.0 14.0 15.0 16.0 17.0 
17.0 18.0 19.0 20.0 21.0 22.0 23.0 24.0 25.0 26.0 27.0 28.0 29.0 30.0 31.0 32.0 31.0 30.0 29.0 28.0 27.0 26.0 25.0 24.0 23.0 22.0 21.0 20.0 19.0 18.0 17.0 16.0 15.0 14.0 13.0 12.0 11.0 10.0 9.0 8.0 7.0 6.0 5.0 4.0 3.0 2.0 1.0 0.0 1.0 2.0 3.0 4.0 5.0 6.0 7.0 8.0 9.0 10.0 11.0 12.0 13.0 14.0 15.0 16.0 
16.0 17.0 18.0 19.0 20.0 21.0 22.0 23.0 24.0 25.0 26.0 27.0 28.0 29.0 30.0 31.0 32.0 31.0 30.0 29.0 28.0 27.0 26.0 25.0 24.0 23.0 22.0 21.0 20.0 19.0 18.0 17.0 16.0 15.0 14.0 13.0 12.0 11.0 10.0 9.0 8.0 7.0 6.0 5.0 4.0 3.0 2.0 1.0 0.0 1.0 2.0 3.0 4.0 5.0 6.0 7.0 8.0 9.0 10.0 11.0 12.0 13.0 14.0 15.0 
15.0 16.0 17.0 18.0 19.0 20.0 21.0 22.0 23.0 24.0 25.0 26.0 27.0 28.0 29.0 30.0 31.0 32.0 31.0 30.0 29.0 28.0 27.0 26.0 25.0 24.0 23.0 22.0 21.0 20.0 19.0 18.0 17.0 16.0 15.0 14.0 13.0 12.0 11.0 10.0 9.0 8.0 7.0 6.0 5.0 4.0 3.0 2.0 1.0 0.0 1.0 2.0 3.0 4.0 5.0 6.0 7.0 8.0 9.0 10.0 11.0 12.0 13.0 14.0 
14.0 15.0 16.0 17.0 18.0 19.0 20.0 21.0 22.0 23.0 24.0 25.0 26.0 27.0 28.0 29.0 30.0 31.0 32.0 31.0 30.0 29.0 28.0 27.0 26.0 25.0 24.0 23.0 22.0 21.0 20.0 19.0 18.0 17.0 16.0 15.0 14.0 13.0 12.0 11.0 10.0 9.0 8.0 7.0 6.0 5.0 4.0 3.0 2.0 1.0 0.0 1.0 2.0 3.0 4.0 5.0 6.0 7.0 8.0 9.0 10.0 11.0 12.0 13.0 
13.0 14.0 15.0 16.0 17.0 18.0 19.0 20.0 21.0 22.0 23.0 24.0 25.0 26.0 27.0 28.0 29.0 30.0 31.0 32.0 31.0 30.0 29.0 28.0 27.0 26.0 25.0 24.0 23.0 22.0 21.0 20.0 19.0 18.0 17.0 16.0 15.0 14.0 13.0 12.0 11.0 10.0 9.0 8.0 7.0 6.0 5.0 4.0 3.0 2.0 1.0 0.0 1.0 2.0 3.0 4.0 5.0 6.0 7.0 8.0 9.0 10.0 11.0 12.0 
12.0 13.0 14.0 15.0 16.0 17.0 18.0 19.0 20.0 21.0 22.0 23.0 24.0 25.0 26.0 27.0 28.0 29.0 30.0 31.0 32.0 31.0 30.0 29.0 28.0 27.0 26.0 25.0 24.0 23.0 22.0 21.0 20.0 19.0 18.0 17.0 16.0 15.0 14.0 13.0 12.0 11.0 10.0 9.0 8.0 7.0 6.0 5.0 4.0 3.0 2.0 1.0 0.0 1.0 2.0 3.0 4.0 5.0 6.0 7.0 8.0 9.0 10.0 11.0 
11.0 12.0 13.0 14.0 15.0 16.0 17.0 18.0 19.0 20.0 21.0 22.0 23.0 24.0 25.0 26.0 27.0 28.0 29.0 30.0 31.0 32.0 31.0 30.0 29.0 28.0 27.0 26.0 25.0 24.0 23.0 22.0 21.0 20.0 19.0 18.0 17.0 16.0 15.0 14.0 13.0 12.0 11.0 10.0 9.0 8.0 7.0 6.0 5.0 4.0 3.0 2.0 1.0 0.0 1.0 2.0 3.0 4.0 5.0 6.0 7.0 8.0 9.0 10.0 
10.0 11.0 12.0 13.0 14.0 15.0 16.0 17.0 18.0 19.0 20.0 21.0 22.0 23.0 24.0 25.0 26.0 27.0 28.0 29.0 30.0 31.0 32.0 31.0 30.0 29.0 28.0 27.0 26.0 25.0 24.0 23.0 22.0 21.0 20.0 19.0 18.0 17.0 16.0 15.0 14.0 13.0 12.0 11.0 10.0 9.0 8.0 7.0 6.0 5.0 4.0 3.0 2.0 1.0 0.0 1.0 2.0 3.0 4.0 5.0 6.0 7.0 8.0 9.0 
9.0 10.0 11.0 12.0 13.0 14.0 15.0 16.0 17.0 18.0 19.0 20.0 21.0 22.0 23.0 24.0 25.0 26.0 27.0 28.0 29.0 30.0 31.0 32.0 31.0 30.0 29.0 28.0 27.0 26.0 25.0 24.0 23.0 22.0 21.0 20.0 19.0 18.0 17.0 16.0 15.0 14.0 13.0 12.0 11.0 10.0 9.0 8.0 7.0 6.0 5.0 4.0 3.0 2.0 1.0 0.0 1.0 2.0 3.0 4.0 5.0 6.0 7.0 8.0 
8.0 9.0 10.0 11.0 12.0 13.0 14.0 15.0 16.0 17.0 18.0 19.0 20.0 21.0 22.0 23.0 24.0 25.0 26.0 27.0 28.0 29.0 30.0 31.0 32.0 31.0 30.0 29.0 28.0 27.0 26.0 25.0 24.0 23.0 22.0 21.0 20.0 19.0 18.0 17.0 16.0 15.0 14.0 13.0 12.0 11.0 10.0 9.0 8.0 7.0 6.0 5.0 4.0 3.0 2.0 1.0 0.0 1.0 2.0 3.0 4.0 5.0 6.0 7.0 
7.0 8.0 9.0 10.0 11.0 12.0 13.0 14.0 15.0 16.0 17.0 18.0 19.0 20.0 21.0 22.0 23.0 24.0 25.0 26.0 27.0 28.0 29.0 30.0 31.0 32.0 31.0 30.0 29.0 28.0 27.0 26.0 25.0 24.0 23.0 22.0 21.0 20.0 19.0 18.0 17.0 16.0 15.0 14.0 13.0 12.0 11.0 10.0 9.0 8.0 7.0 6.0 5.0 4.0 3.0 2.0 1.0 0.0 1.0 2.0 3.0 4.0 5.0 6.0 
6.0 7.0 8.0 9.0 10.0 11.0 12.0 13.0 14.0 15.0 16.0 17.0 18.0 19.0 20.0 21.0 22.0 23.0 24.0 25.0 26.0 27.0 28.0 29.0 30.0 31.0 32.0 31.0 30.0 29.0 28.0 27.0 26.0 25.0 24.0 23.0 22.0 21.0 20.0 19.0 18.0 17.0 16.0 15.0 14.0 13.0 12.0 11.0 10.0 9.0 8.0 7.0 6.0 5.0 4.0 3.0 2.0 1.0 0.0 1.0 2.0 3.0 4.0 5.0 
5.0 6.0 7.0 8.0 9.0 10.0 11.0 12.0 13.0 14.0 15.0 16.0 17.0 18.0 19.0 20.0 21.0 22.0 23.0 24.0 25.0 26.0 27.0 28.0 29.0 30.0 31.0 32.0 31.0 30.0 29.0 28.0 27.0 26.0 25.0 24.0 23.0 22.0 21.0 20.0 19.0 18.0 17.0 16.0 15.0 14.0 13.0 12.0 11.0 10.0 9.0 8.0 7.0 6.0 5.0 4.0 3.0 2.0 1.0 0.0 1.0 2.0 3.0 4.0 
4.0 5.0 6.0 7.0 8.0 9.0 10.0 11.0 12.0 13.0 14.0 15.0 16.0 17.0 18.0 19.0 20.0 21.0 22.0 23.0 24.0 25.0 26.0 27.0 28.0 29.0 30.0 31.0 32.0 31.0 30.0 29.0 28.0 27.0 26.0 25.0 24.0 23.0 22.0 21.0 20.0 19.0 18.0 17.0 16.0 15.0 14.0 13.0 12.0 11.0 10.0 9.0 8.0 7.0 6.0 5.0 4.0 3.0 2.0 1.0 0.0 1.0 2.0 3.0 
3.0 4.0 5.0 6.0 7.0 8.0 9.0 10.0 11.0 12.0 13.0 14.0 15.0 16.0 17.0 18.0 19.0 20.0 21.0 22.0 23.0 24.0 25.0 26.0 27.0 28.0 29.0 30.0 31.0 32.0 31.0 30.0 29.0 28.0 27.0 26.0 25.0 24.0 23.0 22.0 21.0 20.0 19.0 18.0 17.0 16.0 15.0 14.0 13.0 12.0 11.0 10.0 9.0 8.0 7.0 6.0 5.0 4.0 3.0 2.0 1.0 0.0 1.0 2.0 
2.0 3.0 4.0 5.0 6.0 7.0 8.0 9.0 10.0 11.0 12.0 13.0 14.0 15.0 16.0 17.0 18.0 19.0 20.0 21.0 22.0 23.0 24.0 25.0 26.0 27.0 28.0 29.0 30.0 31.0 32.0 31.0 30.0 29.0 28.0 27.0 26.0 25.0 24.0 23.0 22.0 21.0 20.0 19.0 18.0 17.0 16.0 15.0 14.0 13.0 12.0 11.0 10.0 9.0 8.0 7.0 6.0 5.0 4.0 3.0 2.0 1.0 0.0 1.0 
1.0 2.0 3.0 4.0 5.0 6.0 7.0 8.0 9.0 10.0 11.0 12.0 13.0 14.0 15.0 16.0 17.0 18.0 19.0 20.0 21.0 22.0 23.0 24.0 25.0 26.0 27.0 28.0 29.0 30.0 31.0 32.0 31.0 30.0 29.0 28.0 27.0 26.0 25.0 24.0 23.0 22.0 21.0 20.0 19.0 18.0 17.0 16.0 15.0 14.0 13.0 12.0 11.0 10.0 9.0 8.0 7.0 6.0 5.0 4.0 3.0 2.0 1.0 0.0 