64
14 88 6 53 35 44 72 92 85 51 12 43 31 42 52 69 39 21 13 61 57 91 86 52 16 77 58 73 19 18 68 57 48 27 54 54 24 32 22 77 85 93 32 98 63 68 80 47 96 94 34 86 15 32 92 67 65 59 23 49 33 86 46 33 
15 44 57 55 35 85 62 46 27 71 88 4 69 27 90 75 81 28 21 64 47 21 26 42 54 8 24 99 54 92 27 41 23 75 8 15 88 86 35 30 26 58 57 83 8 60 43 96 90 85 27 1 13 37 44 41 23 31 18 65 15 52 66 1 
67 94 13 56 37 21 14 73 44 15 69 93 43 16 55 85 47 69 15 32 52 34 79 66 49 30 66 75 24 16 87 20 86 15 26 92 84 32 94 75 64 83 45 23 10 6 72 85 83 69 100 89 89 48 7 1 64 63 60 41 36 8 75 2 
27 25 21 13 51 48 7 47 54 49 75 99 58 8 74 41 22 31 79 42 19 39 61 56 37 8 46 89 59 7 8 47 43 50 11 10 42 58 48 48 82 54 38 71 34 23 75 77 66 98 40 98 94 73 4 97 41 30 45 82 98 55 59 69 
28 13 94 87 65 73 35 85 52 86 43 15 12 92 9 51 75 73 52 24 12 2 25 12 57 31 74 86 43 85 77 44 68 61 46 9 17 32 10 23 69 52 10 87 36 88 80 37 85 19 18 65 71 70 88 29 32 47 33 73 20 15 20 44 
90 85 32 30 23 21 39 60 46 7 26 2 36 36 87 52 67 4 4 75 11 50 86 16 13 42 1 14 95 98 12 62 70 15 12 59 2 55 78 87 84 31 66 12 23 18 38 44 47 23 89 17 69 49 1 50 71 99 73 24 92 40 22 51 
3 95 74 80 55 8 73 69 7 77 99 8 5 2 54 5 50 92 75 98 28 68 81 88 57 45 3 96 39 54 27 27 28 25 5 74 53 65 66 70 34 33 15 10 67 67 53 76 10 99 24 1 44 56 82 34 66 26 29 71 12 35 71 44 
73 96 15 53 2 19 14 67 33 38 97 4 20 36 53 87 84 37 46 51 82 6 22 64 9 56 41 81 98 1 63 36 96 47 21 13 60 85 52 82 57 70 23 11 47 13 57 34 9 86 9 58 62 54 51 54 60 51 7 39 42 72 18 62 
97 8 63 48 70 95 100 82 92 24 12 68 30 32 80 42 72 72 79 20 64 10 51 51 33 33 31 16 94 28 16 15 33 80 90 41 37 19 85 83 41 19 73 19 15 3 76 73 88 9 83 22 12 3 42 94 46 95 15 16 52 14 43 63 
58 37 3 54 46 41 88 33 93 90 100 25 71 73 89 51 11 76 95 94 38 83 84 39 89 67 100 100 51 35 68 67 10 71 14 78 95 59 90 8 100 69 3 77 31 94 18 57 28 48 82 64 79 44 10 59 42 7 74 43 81 18 44 80 
55 50 73 69 60 80 98 17 99 59 65 30 88 94 63 46 35 58 100 91 2 79 49 36 90 56 88 40 64 27 30 76 57 29 43 19 40 83 39 74 86 2 59 9 73 5 45 94 55 26 7 87 85 54 34 34 48 1 21 56 13 4 85 36 
95 11 50 91 38 88 18 13 29 99 32 95 57 52 59 13 63 16 93 35 11 25 16 82 64 70 73 7 64 91 22 15 23 68 43 56 100 33 33 18 99 52 57 59 34 45 44 69 14 53 50 15 47 45 88 57 19 37 34 32 35 94 53 42 
89 97 11 60 2 56 73 60 22 39 51 74 86 14 76 16 28 55 90 52 56 84 80 62 62 30 83 46 39 2 2 54 7 73 28 34 9 78 85 45 96 85 37 28 78 45 91 81 49 21 32 54 79 82 3 48 67 21 71 97 7 42 85 68 
91 100 7 26 76 48 30 21 33 3 98 84 52 89 81 88 72 28 39 100 62 43 46 68 34 11 5 25 96 32 49 45 62 6 91 4 46 26 77 83 99 62 80 17 44 33 59 48 51 26 36 28 73 2 26 53 88 99 16 63 55 58 46 83 
2 88 55 99 6 95 13 62 62 66 12 28 19 9 28 78 1 78 16 79 8 52 59 14 47 46 93 87 76 18 86 86 48 67 5 65 74 23 31 79 37 6 64 63 28 12 97 12 83 81 9 63 45 62 63 51 38 68 73 19 81 9 96 69 
67 12 39 60 50 65 26 57 43 25 69 31 69 31 49 88 69 9 16 63 85 66 95 26 80 82 39 8 7 44 81 89 7 78 33 60 79 11 99 44 37 62 85 18 55 55 83 85 19 82 17 29 57 61 73 94 87 76 13 20 22 87 83 89 
62 32 32 17 84 50 64 95 30 55 34 90 50 98 63 22 84 63 89 44 14 29 95 7 34 4 91 30 19 74 76 4 13 90 71 60 56 71 95 5 1 59 44 70 48 31 18 15 4 48 85 48 45 51 15 60 34 9 31 85 57 30 7 26 
21 43 56 94 50 62 18 14 21 36 87 45 68 39 57 73 91 33 41 42 56 32 98 66 49 59 51 18 89 47 72 79 46 92 69 74 1 51 39 94 78 32 25 57 46 46 77 49 54 76 2 1 9 88 57 17 2 14 37 11 12 27 82 42 
88 67 62 26 90 66 25 57 81 89 53 93 26 60 31 62 94 17 63 58 11 35 67 10 57 35 1 25 42 5 86 1 40 100 85 17 41 19 78 32 56 9 78 39 77 1 84 17 76 39 75 37 79 31 89 84 47 50 63 90 61 28 40 89 
89 16 15 56 37 60 80 60 3 20 28 45 84 44 89 32 15 68 32 96 12 75 87 78 29 69 70 99 2 52 88 55 20 47 23 41 68 92 38 11 51 51 31 7 95 66 25 98 47 29 72 29 53 49 97 29 82 13 36 88 47 71 38 77 
61 46 9 78 88 52 10 45 29 53 64 40 47 74 16 29 55 22 17 65 70 96 13 18 68 71 91 6 65 38 37 16 83 94 100 88 84 39 99 92 52 91 15 56 100 39 65 92 37 48 78 47 43 47 2 71 50 71 60 56 39 8 64 47 
2 23 30 72 11 32 52 33 96 25 46 22 94 8 87 78 8 60 20 23 75 15 25 29 91 45 35 83 17 81 50 90 95 51 27 61 1 23 71 30 92 91 82 5 82 31 82 81 58 8 96 59 50 84 78 71 78 91 20 72 75 93 30 11 
88 90 84 55 90 92 65 72 53 21 29 96 69 95 16 99 63 20 80 54 63 84 45 10 96 20 28 96 56 71 80 25 92 74 20 90 39 76 20 53 13 54 74 73 5 49 93 95 28 77 84 67 15 21 81 51 5 38 76 13 97 54 3 14 
21 76 55 50 39 88 7 19 74 4 58 70 59 76 17 25 73 92 97 89 56 84 87 11 70 76 78 76 77 84 36 76 23 35 63 73 66 22 56 6 90 1 61 4 74 59 48 12 87 15 45 49 2 80 9 97 8 31 11 56 9 73 41 74 
14 89 14 9 16 75 4 24 58 93 97 10 15 70 15 37 55 38 40 14 40 79 56 82 41 15 49 58 54 39 15 37 9 9 2 16 11 56 72 71 75 49 45 47 5 41 31 42 10 45 3 33 94 46 61 41 31 88 23 30 31 83 84 92 
75 16 67 38 91 39 43 58 40 28 75 48 55 11 47 74 35 82 46 24 28 53 100 54 15 94 1 14 65 29 30 21 59 18 87 2 13 44 99 19 67 99 58 58 7 77 38 49 14 36 93 39 66 99 55 76 44 31 2 64 62 98 46 11 
2 97 89 17 20 51 84 95 34 75 85 75 73 30 12 72 61 77 96 85 20 86 47 59 3 17 38 91 95 32 51 45 1 56 43 25 80 53 3 36 83 32 85 26 47 70 13 71 24 75 38 94 27 57 79 92 10 21 37 97 90 87 7 90 
60 7 86 43 99 85 66 29 43 30 57 41 38 59 17 12 53 86 32 97 30 1 39 78 13 75 12 78 90 78 67 25 41 6 26 11 56 29 44 72 10 65 52 16 25 43 82 64 97 13 12 13 42 63 48 69 91 9 44 7 21 37 36 78 
94 96 83 78 70 65 62 84 50 12 57 70 70 90 52 31 40 19 36 76 7 25 91 86 4 12 24 3 32 44 6 92 62 23 35 43 9 35 54 37 12 86 61 42 43 64 57 81 15 92 20 58 99 63 95 66 45 71 35 79 2 98 95 39 
60 82 38 53 26 41 7 26 21 39 59 42 26 90 10 45 85 53 42 59 51 60 9 32 51 97 82 15 66 3 66 19 80 88 46 34 91 21 13 62 45 68 51 9 83 11 10 43 60 84 9 17 23 38 23 13 31 62 58 28 30 73 4 44 
67 90 100 51 4 56 9 31 27 16 57 25 78 40 72 86 44 78 7 68 24 16 8 30 2 100 26 32 63 22 35 40 17 92 26 41 66 32 4 96 87 61 19 69 80 32 23 44 17 72 25 13 67 75 82 91 15 67 86 74 91 4 62 19 
80 4 12 54 29 79 75 18 58 75 12 69 68 89 49 74 87 80 42 10 85 81 48 47 93 73 43 64 80 47 77 61 63 2 50 38 5 64 53 65 94 6 48 72 4 40 32 86 93 83 65 58 32 10 12 23 93 16 7 18 42 74 35 97 
27 4 53 80 6 77 2 38 31 94 74 84 34 8 12 71 12 46 17 35 17 75 39 20 25 87 26 33 88 29 42 64 33 23 28 51 76 15 78 75 23 96 40 79 30 5 13 21 100 1 55 55 26 55 79 20 14 20 17 19 41 33 13 14 
91 71 87 83 10 17 8 9 17 58 88 59 44 3 73 74 32 50 23 63 68 19 11 22 81 52 50 10 89 89 24 3 22 58 80 40 71 47 51 99 74 7 9 88 38 15 89 85 43 43 98 28 79 72 72 66 86 12 37 30 55 69 48 94 
81 98 88 56 37 94 11 62 48 15 5 67 97 40 72 24 56 90 83 98 51 25 64 47 60 17 64 66 58 57 16 1 58 67 45 25 80 77 83 43 17 16 51 52 15 98 49 70 43 39 71 81 26 53 69 82 2 42 57 51 23 35 94 94 
42 70 22 20 61 68 3 95 19 72 50 35 65 48 16 91 63 75 84 74 12 76 51 83 88 45 72 31 62 37 42 85 61 50 63 2 86 8 76 77 7 53 64 59 16 3 52 81 7 43 27 92 37 18 18 4 95 97 56 70 81 41 73 95 
6 80 85 13 75 87 16 28 5 13 71 58 19 60 47 41 54 74 95 23 31 89 94 47 72 3 47 39 4 78 86 61 91 97 3 24 19 10 70 84 8 49 93 39 48 25 13 65 77 15 37 49 15 28 87 14 70 57 2 13 35 45 21 23 
2 68 80 78 19 21 49 65 17 49 68 89 90 78 29 65 53 5 10 40 96 41 50 53 26 89 10 76 7 3 25 68 54 59 49 32 69 66 10 3 16 11 60 20 67 48 60 40 57 58 12 10 58 87 54 46 20 74 8 87 91 17 32 76 
5 99 91 35 84 30 28 62 98 65 82 90 46 73 40 73 79 46 15 49 28 80 95 5 64 9 72 5 27 60 40 1 44 82 77 19 70 45 82 96 74 30 7 56 3 83 79 71 73 100 2 86 74 90 71 56 61 75 35 61 39 87 80 78 
56 41 63 72 38 74 79 4 93 96 93 97 33 70 81 43 49 91 39 75 6 6 89 86 51 10 1 96 4 70 72 56 6 90 61 13 29 93 37 46 25 64 54 55 47 66 64 6 39 35 48 81 13 15 68 29 89 83 98 1 93 34 27 98 
12 92 73 51 13 50 8 91 95 70 72 100 37 52 37 27 27 99 97 86 63 44 91 93 53 71 75 64 87 83 43 56 26 34 14 4 64 85 77 7 70 56 93 58 28 48 89 56 81 9 32 56 51 55 68 85 43 56 63 96 73 87 32 97 
54 52 59 98 98 73 77 2 30 72 15 12 67 20 9 94 44 18 20 42 91 97 29 80 13 22 58 89 94 13 63 12 43 56 40 59 24 55 34 85 76 71 52 30 89 15 21 99 39 70 47 51 30 47 49 15 51 84 69 99 99 34 7 74 
5 78 52 77 3 14 44 56 18 84 16 23 54 52 22 64 65 43 68 86 72 70 12 37 35 7 68 82 24 17 43 82 95 78 39 28 22 7 83 6 98 88 61 40 32 58 66 41 100 90 7 54 80 78 67 68 81 7 45 96 55 49 61 63 
99 98 13 58 40 38 7 64 5 11 53 9 31 92 42 29 23 84 58 93 92 61 82 91 94 8 29 71 1 14 99 60 91 15 51 54 3 92 76 88 70 59 96 47 34 74 61 86 80 28 68 34 55 96 49 93 25 90 16 55 44 77 74 52 
37 59 47 91 28 7 18 100 70 9 44 69 61 83 13 43 87 27 21 4 1 67 85 75 53 80 2 96 15 85 55 16 9 30 43 89 14 13 65 69 71 55 99 85 55 82 93 27 68 30 52 69 89 10 30 46 4 77 56 24 83 64 48 95 
72 47 90 22 90 49 29 93 51 96 38 37 3 50 56 11 68 76 61 29 10 92 97 95 2 45 11 22 17 11 88 70 97 21 47 7 74 87 76 39 57 75 80 61 16 23 95 96 79 98 43 10 22 23 17 27 18 84 36 44 96 37 32 50 
91 27 69 78 28 61 3 59 8 40 3 95 57 73 72 64 87 67 89 19 23 8 62 19 36 66 7 63 48 96 8 40 28 58 82 96 52 51 30 13 72 72 20 19 33 58 73 74 95 23 48 99 66 85 91 51 62 66 42 3 98 65 17 69 
55 30 74 50 44 38 24 41 60 7 3 91 54 3 19 94 96 60 27 77 43 3 20 12 11 90 22 53 56 35 26 53 35 78 73 44 77 71 11 90 59 37 61 67 98 22 61 41 10 100 81 80 12 67 49 37 75 80 40 70 33 1 42 8 
44 85 33 83 99 92 47 11 32 39 73 76 10 84 11 29 48 63 45 17 75 71 25 60 48 71 50 64 91 70 57 67 2 82 52 91 33 76 20 6 55 53 13 86 98 14 27 96 27 59 93 19 51 10 77 96 44 52 43 95 32 54 56 27 
71 36 75 13 7 49 82 7 78 49 78 26 47 29 86 73 97 5 95 96 85 94 39 91 72 66 15 19 96 73 87 93 73 30 14 74 9 14 98 1 27 49 81 100 7 51 92 85 98 77 62 16 54 12 18 71 38 56 21 28 76 10 2 80 
49 6 43 33 22 46 56 33 62 1 32 86 81 79 44 8 57 100 70 9 48 97 45 3 23 57 51 58 93 30 65 79 58 15 20 21 95 58 34 76 39 67 59 13 66 15 79 60 91 12 38 85 66 45 63 47 48 31 80 14 83 14 91 29 
92 71 27 84 49 50 8 30 71 23 81 95 43 95 73 29 48 47 25 18 7 40 51 78 31 71 41 12 91 28 99 89 65 7 92 37 26 90 61 20 57 15 95 37 85 100 73 96 80 48 88 63 85 80 25 45 1 9 100 60 3 38 13 96 
37 49 32 52 44 51 92 65 75 25 33 83 11 100 12 73 53 76 38 75 79 29 88 14 33 78 82 29 90 40 98 23 23 6 86 41 86 7 96 77 3 77 89 8 12 4 69 62 25 80 5 92 33 57 13 83 23 35 81 44 86 90 29 41 
39 59 67 10 23 96 20 82 43 85 40 35 48 21 73 61 97 51 48 67 29 71 45 90 22 55 21 15 54 60 94 29 18 34 91 71 32 29 97 53 82 33 4 62 77 85 39 34 53 20 5 1 9 70 20 58 100 92 91 22 87 50 26 64 
17 56 49 54 78 7 72 32 76 62 57 89 25 39 26 48 79 68 49 64 43 71 2 31 16 56 45 45 88 91 18 13 42 1 38 85 68 38 59 51 42 53 50 94 20 58 63 70 77 13 78 15 57 89 70 92 28 52 94 58 10 65 39 14 
9 66 56 37 88 9 76 64 35 27 22 61 17 66 99 24 45 76 14 60 2 60 36 69 44 8 69 16 87 72 15 69 77 31 83 22 13 8 91 93 17 73 95 41 32 67 68 35 89 50 99 55 80 33 98 29 83 9 16 71 80 56 51 24 
21 29 77 74 68 65 96 79 28 29 41 31 65 67 35 77 7 38 53 90 47 84 20 29 59 43 36 85 22 75 46 3 66 51 16 17 64 88 44 29 40 87 78 67 11 92 27 71 15 71 78 66 28 69 26 77 23 61 62 100 33 57 76 77 
81 63 76 49 2 96 39 54 74 70 16 60 3 77 41 61 39 92 78 48 41 76 17 51 40 66 99 3 40 46 70 57 82 40 25 2 71 28 79 31 77 82 33 40 28 15 98 19 57 36 85 96 63 59 10 50 31 48 54 31 72 69 6 6 
3 45 90 53 61 17 100 85 24 51 99 90 91 22 13 82 12 72 11 10 85 12 23 79 96 43 85 70 27 22 66 96 26 31 8 28 18 52 62 46 45 40 57 59 26 33 39 96 23 43 36 53 84 39 29 75 57 86 41 2 27 39 93 95 
20 47 1 87 37 59 56 6 83 54 9 35 49 95 2 28 48 97 25 39 5 24 45 50 40 36 1 77 37 62 43 76 17 56 27 26 78 87 31 81 7 8 84 64 23 8 88 92 95 72 90 15 78 53 71 36 91 36 93 52 55 49 47 18 
80 44 10 29 91 52 96 74 25 24 60 79 16 75 33 63 75 34 95 68 26 40 84 9 61 78 31 90 53 30 77 58 57 17 81 76 71 28 90 6 33 5 93 74 3 65 70 77 9 5 40 83 23 3 70 63 78 39 10 74 39 33 26 54 
20 21 95 4 60 67 91 79 64 99 61 40 39 99 16 30 41 51 54 94 11 33 70 42 2 20 53 54 33 60 45 49 11 77 19 23 2 100 75 27 14 49 26 92 34 42 91 58 12 44 69 10 41 83 37 88 62 70 46 40 38 100 50 46 
13 17 67 43 90 28 30 39 24 83 16 21 37 83 92 38 93 24 12 78 42 95 20 42 89 100 63 48 4 10 95 73 24 76 5 72 42 38 78 56 9 47 23 76 62 18 41 91 33 62 91 96 54 27 87 49 55 11 51 67 86 31 71 89 
15 80 78 88 98 24 31 14 74 94 55 65 93 98 5 11 30 86 94 33 18 26 10 86 76 1 76 90 73 60 9 38 34 82 46 85 33 64 24 36 64 96 20 93 50 49 10 57 26 14 13 71 77 49 94 58 76 60 5 61 6 18 74 84 
0.0 1.0 2.0 3.0 4.0 5.0 6.0 7.0 8.0 9.0 10.0 11.0 12.0 13.0 14.0 15.0 16.0 17.0 18.0 19.0 20.0 21.0 22.0 23.0 24.0 25.0 26.0 27.0 28.0 29.0 30.0 31.0 32.0 31.0 30.0 29.0 28.0 27.0 26.0 25.0 24.0 23.0 22.0 21.0 20.0 19.0 18.0 17.0 16.0 15.0 14.0 13.0 12.0 11.0 10.0 9.0 8.0 7.0 6.0 5.0 4.0 3.0 2.0 1.0 
1.0 0.0 1.0 2.0 3.0 4.0 5.0 6.0 7.0 8.0 9.0 10.0 11.0 12.0 13.0 14.0 15.0 16.0 17.0 18.0 19.0 20.0 21.0 22.0 23.0 24.0 25.0 26.0 27.0 28.0 29.0 30.0 31.0 32.0 31.0 30.0 29.0 28.0 27.0 26.0 25.0 24.0 23.0 22.0 21.0 20.0 19.0 18.0 17.0 16.0 15.0 14.0 13.0 12.0 11.0 10.0 9.0 8.0 7.0 6.0 5.0 4.0 3.0 2.0 
2.0 1.0 0.0 1.0 2.0 3.0 4.0 5.0 6.0 7.0 8.0 9.0 10.0 11.0 12.0 13.0 14.0 15.0 16.0 17.0 18.0 19.0 20.0 21.0 22.0 23.0 24.0 25.0 26.0 27.0 28.0 29.0 30.0 31.0 32.0 31.0 30.0 29.0 28.0 27.0 26.0 25.0 24.0 23.0 22.0 21.0 20.0 19.0 18.0 17.0 16.0 15.0 14.0 13.0 12.0 11.0 10.0 9.0 8.0 7.0 6.0 5.0 4.0 3.0 
3.0 2.0 1.0 0.0 1.0 2.0 3.0 4.0 5.0 6.0 7.0 8.0 9.0 10.0 11.0 12.0 13.0 14.0 15.0 16.0 17.0 18.0 19.0 20.0 21.0 22.0 23.0 24.0 25.0 26.0 27.0 28.0 29.0 30.0 31.0 32.0 31.0 30.0 29.0 28.0 27.0 26.0 25.0 24.0 23.0 22.0 21.0 20.0 19.0 18.0 17.0 16.0 15.0 14.0 13.0 12.0 11.0 10.0 9.0 8.0 7.0 6.0 5.0 4.0 
4.0 3.0 2.0 1.0 0.0 1.0 2.0 3.0 4.0 5.0 6.0 7.0 8.0 9.0 10.0 11.0 12.0 13.0 14.0 15.0 16.0 17.0 18.0 19.0 20.0 21.0 22.0 23.0 24.0 25.0 26.0 27.0 28.0 29.0 30.0 31.0 32.0 31.0 30.0 29.0 28.0 27.0 26.0 25.0 24.0 23.0 22.0 21.0 20.0 19.0 18.0 17.0 16.0 15.0 14.0 13.0 12.0 11.0 10.0 9.0 8.0 7.0 6.0 5.0 
5.0 4.0 3.0 2.0 1.0 0.0 1.0 2.0 3.0 4.0 5.0 6.0 7.0 8.0 9.0 10.0 11.0 12.0 13.0 14.0 15.0 16.0 17.0 18.0 19.0 20.0 21.0 22.0 23.0 24.0 25.0 26.0 27.0 28.0 29.0 30.0 31.0 32.0 31.0 30.0 29.0 28.0 27.0 26.0 25.0 24.0 23.0 22.0 21.0 20.0 19.0 18.0 17.0 16.0 15.0 14.0 13.0 12.0 11.0 10.0 9.0 8.0 7.0 6.0 
6.0 5.0 4.0 3.0 2.0 1.0 0.0 1.0 2.0 3.0 4.0 5.0 6.0 7.0 8.0 9.0 10.0 11.0 12.0 13.0 14.0 15.0 16.0 17.0 18.0 19.0 20.0 21.0 22.0 23.0 24.0 25.0 26.0 27.0 28.0 29.0 30.0 31.0 32.0 31.0 30.0 29.0 28.0 27.0 26.0 25.0 24.0 23.0 22.0 21.0 20.0 19.0 18.0 17.0 16.0 15.0 14.0 13.0 12.0 11.0 10.0 9.0 8.0 7.0 
7.0 6.0 5.0 4.0 3.0 2.0 1.0 0.0 1.0 2.0 3.0 4.0 5.0 6.0 7.0 8.0 9.0 10.0 11.0 12.0 13.0 14.0 15.0 16.0 17.0 18.0 19.0 20.0 21.0 22.0 23.0 24.0 25.0 26.0 27.0 28.0 29.0 30.0 31.0 32.0 31.0 30.0 29.0 28.0 27.0 26.0 25.0 24.0 23.0 22.0 21.0 20.0 19.0 18.0 17.0 16.0 15.0 14.0 13.0 12.0 11.0 10.0 9.0 8.0 
8.0 7.0 6.0 5.0 4.0 3.0 2.0 1.0 0.0 1.0 2.0 3.0 4.0 5.0 6.0 7.0 8.0 9.0 10.0 11.0 12.0 13.0 14.0 15.0 16.0 17.0 18.0 19.0 20.0 21.0 22.0 23.0 24.0 25.0 26.0 27.0 28.0 29.0 30.0 31.0 32.0 31.0 30.0 29.0 28.0 27.0 26.0 25.0 24.0 23.0 22.0 21.0 20.0 19.0 18.0 17.0 16.0 15.0 14.0 13.0 12.0 11.0 10.0 9.0 
9.0 8.0 7.0 6.0 5.0 4.0 3.0 2.0 1.0 0.0 1.0 2.0 3.0 4.0 5.0 6.0 7.0 8.0 9.0 10.0 11.0 12.0 13.0 14.0 15.0 16.0 17.0 18.0 19.0 20.0 21.0 22.0 23.0 24.0 25.0 26.0 27.0 28.0 29.0 30.0 31.0 32.0 31.0 30.0 29.0 28.0 27.0 26.0 25.0 24.0 23.0 22.0 21.0 20.0 19.0 18.0 17.0 16.0 15.0 14.0 13.0 12.0 11.0 10.0 
10.0 9.0 8.0 7.0 6.0 5.0 4.0 3.0 2.0 1.0 0.0 1.0 2.0 3.0 4.0 5.0 6.0 7.0 8.0 9.0 10.0 11.0 12.0 13.0 14.0 15.0 16.0 17.0 18.0 19.0 20.0 21.0 22.0 23.0 24.0 25.0 26.0 27.0 28.0 29.0 30.0 31.0 32.0 31.0 30.0 29.0 28.0 27.0 26.0 25.0 24.0 23.0 22.0 21.0 20.0 19.0 18.0 17.0 16.0 15.0 14.0 13.0 12.0 11.0 
11.0 10.0 9.0 8.0 7.0 6.0 5.0 4.0 3.0 2.0 1.0 0.0 1.0 2.0 3.0 4.0 5.0 6.0 7.0 8.0 9.0 10.0 11.0 12.0 13.0 14.0 15.0 16.0 17.0 18.0 19.0 20.0 21.0 22.0 23.0 24.0 25.0 26.0 27.0 28.0 29.0 30.0 31.0 32.0 31.0 30.0 29.0 28.0 27.0 26.0 25.0 24.0 23.0 22.0 21.0 20.0 19.0 18.0 17.0 16.0 15.0 14.0 13.0 12.0 
12.0 11.0 10.0 9.0 8.0 7.0 6.0 5.0 4.0 3.0 2.0 1.0 0.0 1.0 2.0 3.0 4.0 5.0 6.0 7.0 8.0 9.0 10.0 11.0 12.0 13.0 14.0 15.0 16.0 17.0 18.0 19.0 20.0 21.0 22.0 23.0 24.0 25.0 26.0 27.0 28.0 29.0 30.0 31.0 32.0 31.0 30.0 29.0 28.0 27.0 26.0 25.0 24.0 23.0 22.0 21.0 20.0 19.0 18.0 17.0 16.0 15.0 14.0 13.0 
13.0 12.0 11.0 10.0 9.0 8.0 7.0 6.0 5.0 4.0 3.0 2.0 1.0 0.0 1.0 2.0 3.0 4.0 5.0 6.0 7.0 8.0 9.0 10.0 11.0 12.0 13.0 14.0 15.0 16.0 17.0 18.0 19.0 20.0 21.0 22.0 23.0 24.0 25.0 26.0 27.0 28.0 29.0 30.0 31.0 32.0 31.0 30.0 29.0 28.0 27.0 26.0 25.0 24.0 23.0 22.0 21.0 20.0 19.0 18.0 17.0 16.0 15.0 14.0 
14.0 13.0 12.0 11.0 10.0 9.0 8.0 7.0 6.0 5.0 4.0 3.0 2.0 1.0 0.0 1.0 2.0 3.0 4.0 5.0 6.0 7.0 8.0 9.0 10.0 11.0 12.0 13.0 14.0 15.0 16.0 17.0 18.0 19.0 20.0 21.0 22.0 23.0 24.0 25.0 26.0 27.0 28.0 29.0 30.0 31.0 32.0 31.0 30.0 29.0 28.0 27.0 26.0 25.0 24.0 23.0 22.0 21.0 20.0 19.0 18.0 17.0 16.0 15.0 
15.0 14.0 13.0 12.0 11.0 10.0 9.0 8.0 7.0 6.0 5.0 4.0 3.0 2.0 1.0 0.0 1.0 2.0 3.0 4.0 5.0 6.0 7.0 8.0 9.0 10.0 11.0 12.0 13.0 14.0 15.0 16.0 17.0 18.0 19.0 20.0 21.0 22.0 23.0 24.0 25.0 26.0 27.0 28.0 29.0 30.0 31.0 32.0 31.0 30.0 29.0 28.0 27.0 26.0 25.0 24.0 23.0 22.0 21.0 20.0 19.0 18.0 17.0 16.0 
16.0 15.0 14.0 13.0 12.0 11.0 10.0 9.0 8.0 7.0 6.0 5.0 4.0 3.0 2.0 1.0 0.0 1.0 2.0 3.0 4.0 5.0 6.0 7.0 8.0 9.0 10.0 11.0 12.0 13.0 14.0 15.0 16.0 17.0 18.0 19.0 20.0 21.0 22.0 23.0 24.0 25.0 26.0 27.0 28.0 29.0 30.0 31.0 32.0 31.0 30.0 29.0 28.0 27.0 26.0 25.0 24.0 23.0 22.0 21.0 20.0 19.0 18.0 17.0 
17.0 16.0 15.0 14.0 13.0 12.0 11.0 10.0 9.0 8.0 7.0 6.0 5.0 4.0 3.0 2.0 1.0 0.0 1.0 2.0 3.0 4.0 5.0 6.0 7.0 8.0 9.0 10.0 11.0 12.0 13.0 14.0 15.0 16.0 17.0 18.0 19.0 20.0 21.0 22.0 23.0 24.0 25.0 26.0 27.0 28.0 29.0 30.0 31.0 32.0 31.0 30.0 29.0 28.0 27.0 26.0 25.0 24.0 23.0 22.0 21.0 20.0 19.0 18.0 
18.0 17.0 16.0 15.0 14.0 13.0 12.0 11.0 10.0 9.0 8.0 7.0 6.0 5.0 4.0 3.0 2.0 1.0 0.0 1.0 2.0 3.0 4.0 5.0 6.0 7.0 8.0 9.0 10.0 11.0 12.0 13.0 14.0 15.0 16.0 17.0 18.0 19.0 20.0 21.0 22.0 23.0 24.0 25.0 26.0 27.0 28.0 29.0 30.0 31.0 32.0 31.0 30.0 29.0 28.0 27.0 26.0 25.0 24.0 23.0 22.0 21.0 20.0 19.0 
19.0 18.0 17.0 16.0 15.0 14.0 13.0 12.0 11.0 10.0 9.0 8.0 7.0 6.0 5.0 4.0 3.0 2.0 1.0 0.0 1.0 2.0 3.0 4.0 5.0 6.0 7.0 8.0 9.0 10.0 11.0 12.0 13.0 14.0 15.0 16.0 17.0 18.0 19.0 20.0 21.0 22.0 23.0 24.0 25.0 26.0 27.0 28.0 29.0 30.0 31.0 32.0 31.0 30.0 29.0 28.0 27.0 26.0 25.0 24.0 23.0 22.0 21.0 20.0 
20.0 19.0 18.0 17.0 16.0 15.0 14.0 13.0 12.0 11.0 10.0 9.0 8.0 7.0 6.0 5.0 4.0 3.0 2.0 1.0 0.0 1.0 2.0 3.0 4.0 5.0 6.0 7.0 8.0 9.0 10.0 11.0 12.0 13.0 14.0 15.0 16.0 17.0 18.0 19.0 20.0 21.0 22.0 23.0 24.0 25.0 26.0 27.0 28.0 29.0 30.0 31.0 32.0 31.0 30.0 29.0 28.0 27.0 26.0 25.0 24.0 23.0 22.0 21.0 
21.0 20.0 19.0 18.0 17.0 16.0 15.0 14.0 13.0 12.0 11.0 10.0 9.0 8.0 7.0 6.0 5.0 4.0 3.0 2.0 1.0 0.0 1.0 2.0 3.0 4.0 5.0 6.0 7.0 8.0 9.0 10.0 11.0 12.0 13.0 14.0 15.0 16.0 17.0 18.0 19.0 20.0 21.0 22.0 23.0 24.0 25.0 26.0 27.0 28.0 29.0 30.0 31.0 32.0 31.0 30.0 29.0 28.0 27.0 26.0 25.0 24.0 23.0 22.0 
22.0 21.0 20.0 19.0 18.0 17.0 16.0 15.0 14.0 13.0 12.0 11.0 10.0 9.0 8.0 7.0 6.0 5.0 4.0 3.0 2.0 1.0 0.0 1.0 2.0 3.0 4.0 5.0 6.0 7.0 8.0 9.0 10.0 11.0 12.0 13.0 14.0 15.0 16.0 17.0 18.0 19.0 20.0 21.0 22.0 23.0 24.0 25.0 26.0 27.0 28.0 29.0 30.0 31.0 32.0 31.0 30.0 29.0 28.0 27.0 26.0 25.0 24.0 23.0 
23.0 22.0 21.0 20.0 19.0 18.0 17.0 16.0 15.0 14.0 13.0 12.0 11.0 10.0 9.0 8.0 7.0 6.0 5.0 4.0 3.0 2.0 1.0 0.0 1.0 2.0 3.0 4.0 5.0 6.0 7.0 8.0 9.0 10.0 11.0 12.0 13.0 14.0 15.0 16.0 17.0 18.0 19.0 20.0 21.0 22.0 23.0 24.0 25.0 26.0 27.0 28.0 29.0 30.0 31.0 32.0 31.0 30.0 29.0 28.0 27.0 26.0 25.0 24.0 
24.0 23.0 22.0 21.0 20.0 19.0 18.0 17.0 16.0 15.0 14.0 13.0 12.0 11.0 10.0 9.0 8.0 7.0 6.0 5.0 4.0 3.0 2.0 1.0 0.0 1.0 2.0 3.0 4.0 5.0 6.0 7.0 8.0 9.0 10.0 11.0 12.0 13.0 14.0 15.0 16.0 17.0 18.0 19.0 20.0 21.0 22.0 23.0 24.0 25.0 26.0 27.0 28.0 29.0 30.0 31.0 32.0 31.0 30.0 29.0 28.0 27.0 26.0 25.0 
25.0 24.0 23.0 22.0 21.0 20.0 19.0 18.0 17.0 16.0 15.0 14.0 13.0 12.0 11.0 10.0 9.0 8.0 7.0 6.0 5.0 4.0 3.0 2.0 1.0 0.0 1.0 2.0 3.0 4.0 5.0 6.0 7.0 8.0 9.0 10.0 11.0 12.0 13.0 14.0 15.0 16.0 17.0 18.0 19.0 20.0 21.0 22.0 23.0 24.0 25.0 26.0 27.0 28.0 29.0 30.0 31.0 32.0 31.0 30.0 29.0 28.0 27.0 26.0 
26.0 25.0 24.0 23.0 22.0 21.0 20.0 19.0 18.0 17.0 16.0 15.0 14.0 13.0 12.0 11.0 10.0 9.0 8.0 7.0 6.0 5.0 4.0 3.0 2.0 1.0 0.0 1.0 2.0 3.0 4.0 5.0 6.0 7.0 8.0 9.0 10.0 11.0 12.0 13.0 14.0 15.0 16.0 17.0 18.0 19.0 20.0 21.0 22.0 23.0 24.0 25.0 26.0 27.0 28.0 29.0 30.0 31.0 32.0 31.0 30.0 29.0 28.0 27.0 
27.0 26.0 25.0 24.0 23.0 22.0 21.0 20.0 19.0 18.0 17.0 16.0 15.0 14.0 13.0 12.0 11.0 10.0 9.0 8.0 7.0 6.0 5.0 4.0 3.0 2.0 1.0 0.0 1.0 2.0 3.0 4.0 5.0 6.0 7.0 8.0 9.0 10.0 11.0 12.0 13.0 14.0 15.0 16.0 17.0 18.0 19.0 20.0 21.0 22.0 23.0 24.0 25.0 26.0 27.0 28.0 29.0 30.0 31.0 32.0 31.0 30.0 29.0 28.0 
28.0 27.0 26.0 25.0 24.0 23.0 22.0 21.0 20.0 19.0 18.0 17.0 16.0 15.0 14.0 13.0 12.0 11.0 10.0 9.0 8.0 7.0 6.0 5.0 4.0 3.0 2.0 1.0 0.0 1.0 2.0 3.0 4.0 5.0 6.0 7.0 8.0 9.0 10.0 11.0 12.0 13.0 14.0 15.0 16.0 17.0 18.0 19.0 20.0 21.0 22.0 23.0 24.0 25.0 26.0 27.0 28.0 29.0 30.0 31.0 32.0 31.0 30.0 29.0 
29.0 28.0 27.0 26.0 25.0 24.0 23.0 22.0 21.0 20.0 19.0 18.0 17.0 16.0 15.0 14.0 13.0 12.0 11.0 10.0 9.0 8.0 7.0 6.0 5.0 4.0 3.0 2.0 1.0 0.0 1.0 2.0 3.0 4.0 5.0 6.0 7.0 8.0 9.0 10.0 11.0 12.0 13.0 14.0 15.0 16.0 17.0 18.0 19.0 20.0 21.0 22.0 23.0 24.0 25.0 26.0 27.0 28.0 29.0 30.0 31.0 32.0 31.0 30.0 
30.0 29.0 28.0 27.0 26.0 25.0 24.0 23.0 22.0 21.0 20.0 19.0 18.0 17.0 16.0 15.0 14.0 13.0 12.0 11.0 10.0 9.0 8.0 7.0 6.0 5.0 4.0 3.0 2.0 1.0 0.0 1.0 2.0 3.0 4.0 5.0 6.0 7.0 8.0 9.0 10.0 11.0 12.0 13.0 14.0 15.0 16.0 17.0 18.0 19.0 20.0 21.0 22.0 23.0 24.0 25.0 26.0 27.0 28.0 29.0 30.0 31.0 32.0 31.0 
31.0 30.0 29.0 28.0 27.0 26.0 25.0 24.0 23.0 22.0 21.0 20.0 19.0 18.0 17.0 16.0 15.0 14.0 13.0 12.0 11.0 10.0 9.0 8.0 7.0 6.0 5.0 4.0 3.0 2.0 1.0 0.0 1.0 2.0 3.0 4.0 5.0 6.0 7.0 8.0 9.0 10.0 11.0 12.0 13.0 14.0 15.0 16.0 17.0 18.0 19.0 20.0 21.0 22.0 23.0 24.0 25.0 26.0 27.0 28.0 29.0 30.0 31.0 32.0 
32.0 31.0 30.0 29.0 28.0 27.0 26.0 25.0 24.0 23.0 22.0 21.0 20.0 19.0 18.0 17.0 16.0 15.0 14.0 13.0 12.0 11.0 10.0 9.0 8.0 7.0 6.0 5.0 4.0 3.0 2.0 1.0 0.0 1.0 2.0 3.0 4.0 5.0 6.0 7.0 8.0 9.0 10.0 11.0 12.0 13.0 14.0 15.0 16.0 17.0 18.0 19.0 20.0 21.0 22.0 23.0 24.0 25.0 26.0 27.0 28.0 29.0 30.0 31.0 
31.0 32.0 31.0 30.0 29.0 28.0 27.0 26.0 25.0 24.0 23.0 22.0 21.0 20.0 19.0 18.0 17.0 16.0 15.0 14.0 13.0 12.0 11.0 10.0 9.0 8.0 7.0 6.0 5.0 4.0 3.0 2.0 1.0 0.0 1.0 2.0 3.0 4.0 5.0 6.0 7.0 8.0 9.0 10.0 11.0 12.0 13.0 14.0 15.0 16.0 17.0 18.0 19.0 20.0 21.0 22.0 23.0 24.0 25.0 26.0 27.0 28.0 29.0 30.0 
30.0 31.0 32.0 31.0 30.0 29.0 28.0 27.0 26.0 25.0 24.0 23.0 22.0 21.0 20.0 19.0 18.0 17.0 16.0 15.0 14.0 13.0 12.0 11.0 10.0 9.0 8.0 7.0 6.0 5.0 4.0 3.0 2.0 1.0 0.0 1.0 2.0 3.0 4.0 5.0 6.0 7.0 8.0 9.0 10.0 11.0 12.0 13.0 14.0 15.0 16.0 17.0 18.0 19.0 20.0 21.0 22.0 23.0 24.0 25.0 26.0 27.0 28.0 29.0 
29.0 30.0 31.0 32.0 31.0 30.0 29.0 28.0 27.0 26.0 25.0 24.0 23.0 22.0 21.0 20.0 19.0 18.0 17.0 16.0 15.0 14.0 13.0 12.0 11.0 10.0 9.0 8.0 7.0 6.0 5.0 4.0 3.0 2.0 1.0 0.0 1.0 2.0 3.0 4.0 5.0 6.0 7.0 8.0 9.0 10.0 11.0 12.0 13.0 14.0 15.0 16.0 17.0 18.0 19.0 20.0 21.0 22.0 23.0 24.0 25.0 26.0 27.0 28.0 
28.0 29.0 30.0 31.0 32.0 31.0 30.0 29.0 28.0 27.0 26.0 25.0 24.0 23.0 22.0 21.0 20.0 19.0 18.0 17.0 16.0 15.0 14.0 13.0 12.0 11.0 10.0 9.0 8.0 7.0 6.0 5.0 4.0 3.0 2.0 1.0 0.0 1.0 2.0 3.0 4.0 5.0 6.0 7.0 8.0 9.0 10.0 11.0 12.0 13.0 14.0 15.0 16.0 17.0 18.0 19.0 20.0 21.0 22.0 23.0 24.0 25.0 26.0 27.0 
27.0 28.0 29.0 30.0 31.0 32.0 31.0 30.0 29.0 28.0 27.0 26.0 25.0 24.0 23.0 22.0 21.0 20.0 19.0 18.0 17.0 16.0 15.0 14.0 13.0 12.0 11.0 10.0 9.0 8.0 7.0 6.0 5.0 4.0 3.0 2.0 1.0 0.0 1.0 2.0 3.0 4.0 5.0 6.0 7.0 8.0 9.0 10.0 11.0 12.0 13.0 14.0 15.0 16.0 17.0 18.0 19.0 20.0 21.0 22.0 23.0 24.0 25.0 26.0 
26.0 27.0 28.0 29.0 30.0 31.0 32.0 31.0 30.0 29.0 28.0 27.0 26.0 25.0 24.0 23.0 22.0 21.0 20.0 19.0 18.0 17.0 16.0 15.0 14.0 13.0 12.0 11.0 10.0 9.0 8.0 7.0 6.0 5.0 4.0 3.0 2.0 1.0 0.0 1.0 2.0 3.0 4.0 5.0 6.0 7.0 8.0 9.0 10.0 11.0 12.0 13.0 14.0 15.0 16.0 17.0 18.0 19.0 20.0 21.0 22.0 23.0 24.0 25.0 
25.0 26.0 27.0 28.0 29.0 30.0 31.0 32.0 31.0 30.0 29.0 28.0 27.0 26.0 25.0 24.0 23.0 22.0 21.0 20.0 19.0 18.0 17.0 16.0 15.0 14.0 13.0 12.0 11.0 10.0 9.0 8.0 7.0 6.0 5.0 4.0 3.0 2.0 1.0 0.0 1.0 2.0 3.0 4.0 5.0 6.0 7.0 8.0 9.0 10.0 11.0 12.0 13.0 14.0 15.0 16.0 17.0 18.0 19.0 20.0 21.0 22.0 23.0 24.0 
24.0 25.0 26.0 27.0 28.0 29.0 30.0 31.0 32.0 31.0 30.0 29.0 28.0 27.0 26.0 25.0 24.0 23.0 22.0 21.0 20.0 19.0 18.0 17.0 16.0 15.0 14.0 13.0 12.0 11.0 10.0 9.0 8.0 7.0 6.0 5.0 4.0 3.0 2.0 1.0 0.0 1.0 2.0 3.0 4.0 5.0 6.0 7.0 8.0 9.0 10.0 11.0 12.0 13.0 14.0 15.0 16.0 17.0 18.0 19.0 20.0 21.0 22.0 23.0 
23.0 24.0 25.0 26.0 27.0 28.0 29.0 30.0 31.0 32.0 31.0 30.0 29.0 28.0 27.0 26.0 25.0 24.0 23.0 22.0 21.0 20.0 19.0 18.0 17.0 16.0 15.0 14.0 13.0 12.0 11.0 10.0 9.0 8.0 7.0 6.0 5.0 4.0 3.0 2.0 1.0 0.0 1.0 2.0 3.0 4.0 5.0 6.0 7.0 8.0 9.0 10.0 11.0 12.0 13.0 14.0 15.0 16.0 17.0 18.0 19.0 20.0 21.0 22.0 
22.0 23.0 24.0 25.0 26.0 27.0 28.0 29.0 30.0 31.0 32.0 31.0 30.0 29.0 28.0 27.0 26.0 25.0 24.0 23.0 22.0 21.0 20.0 19.0 18.0 17.0 16.0 15.0 14.0 13.0 12.0 11.0 10.0 9.0 8.0 7.0 6.0 5.0 4.0 3.0 2.0 1.0 0.0 1.0 2.0 3.0 4.0 5.0 6.0 7.0 8.0 9.0 10.0 11.0 12.0 13.0 14.0 15.0 16.0 17.0 18.0 19.0 20.0 21.0 
21.0 22.0 23.0 24.0 25.0 26.0 27.0 28.0 29.0 30.0 31.0 32.0 31.0 30.0 29.0 28.0 27.0 26.0 25.0 24.0 23.0 22.0 21.0 20.0 19.0 18.0 17.0 16.0 15.0 14.0 13.0 12.0 11.0 10.0 9.0 8.0 7.0 6.0 5.0 4.0 3.0 2.0 1.0 0.0 1.0 2.0 3.0 4.0 5.0 6.0 7.0 8.0 9.0 10.0 11.0 12.0 13.0 14.0 15.0 16.0 17.0 18.0 19.0 20.0 
20.0 21.0 22.0 23.0 24.0 25.0 26.0 27.0 28.0 29.0 30.0 31.0 32.0 31.0 30.0 29.0 28.0 27.0 26.0 25.0 24.0 23.0 22.0 21.0 20.0 19.0 18.0 17.0 16.0 15.0 14.0 13.0 12.0 11.0 10.0 9.0 8.0 7.0 6.0 5.0 4.0 3.0 2.0 1.0 0.0 1.0 2.0 3.0 4.0 5.0 6.0 7.0 8.0 9.0 10.0 11.0 12.0 13.0 14.0 15.0 16.0 17.0 18.0 19.0 
19.0 20.0 21.0 22.0 23.0 24.0 25.0 26.0 27.0 28.0 29.0 30.0 31.0 32.0 31.0 30.0 29.0 28.0 27.0 26.0 25.0 24.0 23.0 22.0 21.0 20.0 19.0 18.0 17.0 16.0 15.0 14.0 13.0 12.0 11.0 10.0 9.0 8.0 7.0 6.0 5.0 4.0 3.0 2.0 1.0 0.0 1.0 2.0 3.0 4.0 5.0 6.0 7.0 8.0 9.0 10.0 11.0 12.0 13.0 14.0 15.0 16.0 17.0 18.0 
18.0 19.0 20.0 21.0 22.0 23.0 24.0 25.0 26.0 27.0 28.0 29.0 30.0 31.0 32.0 31.0 30.0 29.0 28.0 27.0 26.0 25.0 24.0 23.0 22.0 21.0 20.0 19.0 18.0 17.0 16.0 15.0 14.0 13.0 12.0 11.0 10.0 9.0 8.0 7.0 6.0 5.0 4.0 3.0 2.0 1.0 0.0 1.0 2.0 3.0 4.0 5.0 6.0 7.0 8.0 9.0 10.0 11.0 12.0 13.0 14.0 15.0 16.0 17.0 
17.0 18.0 19.0 20.0 21.0 22.0 23.0 24.0 25.0 26.0 27.0 28.0 29.0 30.0 31.0 32.0 31.0 30.0 29.0 28.0 27.0 26.0 25.0 24.0 23.0 22.0 21.0 20.0 19.0 18.0 17.0 16.0 15.0 14.0 13.0 12.0 11.0 10.0 9.0 8.0 7.0 6.0 5.0 4.0 3.0 2.0 1.0 0.0 1.0 2.0 3.0 4.0 5.0 6.0 7.0 8.0 9.0 10.0 11.0 12.0 13.0 14.0 15.0 16.0 
16.0 17.0 18.0 19.0 20.0 21.0 22.0 23.0 24.0 25.0 26.0 27.0 28.0 29.0 30.0 31.0 32.0 31.0 30.0 29.0 28.0 27.0 26.0 25.0 24.0 23.0 22.0 21.0 20.0 19.0 18.0 17.0 16.0 15.0 14.0 13.0 12.0 11.0 10.0 9.0 8.0 7.0 6.0 5.0 4.0 3.0 2.0 1.0 0.0 1.0 2.0 3.0 4.0 5.0 6.0 7.0 8.0 9.0 10.0 11.0 12.0 13.0 14.0 15.0 
15.0 16.0 17.0 18.0 19.0 20.0 21.0 22.0 23.0 24.0 25.0 26.0 27.0 28.0 29.0 30.0 31.0 32.0 31.0 30.0 29.0 28.0 27.0 26.0 25.0 24.0 23.0 22.0 21.0 20.0 19.0 18.0 17.0 16.0 15.0 14.0 13.0 12.0 11.0 10.0 9.0 8.0 7.0 6.0 5.0 4.0 3.0 2.0 1.0 0.0 1.0 2.0 3.0 4.0 5.0 6.0 7.0 8.0 9.0 10.0 11.0 12.0 13.0 14.0 
14.0 15.0 16.0 17.0 18.0 19.0 20.0 21.0 22.0 23.0 24.0 25.0 26.0 27.0 28.0 29.0 30.0 31.0 32.0 31.0 30.0 29.0 28.0 27.0 26.0 25.0 24.0 23.0 22.0 21.0 20.0 19.0 18.0 17.0 16.0 15.0 14.0 13.0 12.0 11.0 10.0 9.0 8.0 7.0 6.0 5.0 4.0 3.0 2.0 1.0 0.0 1.0 2.0 3.0 4.0 5.0 6.0 7.0 8.0 9.0 10.0 11.0 12.0 13.0 
13.0 14.0 15.0 16.0 17.0 18.0 19.0 20.0 21.0 22.0 23.0 24.0 25.0 26.0 27.0 28.0 29.0 30.0 31.0 32.0 31.0 30.0 29.0 28.0 27.0 26.0 25.0 24.0 23.0 22.0 21.0 20.0 19.0 18.0 17.0 16.0 15.0 14.0 13.0 12.0 11.0 10.0 9.0 8.0 7.0 6.0 5.0 4.0 3.0 2.0 1.0 0.0 1.0 2.0 3.0 4.0 5.0 6.0 7.0 8.0 9.0 10.0 11.0 12.0 
12.0 13.0 14.0 15.0 16.0 17.0 18.0 19.0 20.0 21.0 22.0 23.0 24.0 25.0 26.0 27.0 28.0 29.0 30.0 31.0 32.0 31.0 30.0 29.0 28.0 27.0 26.0 25.0 24.0 23.0 22.0 21.0 20.0 19.0 18.0 17.0 16.0 15.0 14.0 13.0 12.0 11.0 10.0 9.0 8.0 7.0 6.0 5.0 4.0 3.0 2.0 1.0 0.0 1.0 2.0 3.0 4.0 5.0 6.0 7.0 8.0 9.0 10.0 11.0 
11.0 12.0 13.0 14.0 15.0 16.0 17.0 18.0 19.0 20.0 21.0 22.0 23.0 24.0 25.0 26.0 27.0 28.0 29.0 30.0 31.0 32.0 31.0 30.0 29.0 28.0 27.0 26.0 25.0 24.0 23.0 22.0 21.0 20.0 19.0 18.0 17.0 16.0 15.0 14.0 13.0 12.0 11.0 10.0 9.0 8.0 7.0 6.0 5.0 4.0 3.0 2.0 1.0 0.0 1.0 2.0 3.0 4.0 5.0 6.0 7.0 8.0 9.0 10.0 
10.0 11.0 12.0 13.0 14.0 15.0 16.0 17.0 18.0 19.0 20.0 21.0 22.0 23.0 24.0 25.0 26.0 27.0 28.0 29.0 30.0 31.0 32.0 31.0 30.0 29.0 28.0 27.0 26.0 25.0 24.0 23.0 22.0 21.0 20.0 19.0 18.0 17.0 16.0 15.0 14.0 13.0 12.0 11.0 10.0 9.0 8.0 7.0 6.0 5.0 4.0 3.0 2.0 1.0 0.0 1.0 2.0 3.0 4.0 5.0 6.0 7.0 8.0 9.0 
9.0 10.0 11.0 12.0 13.0 14.0 15.0 16.0 17.0 18.0 19.0 20.0 21.0 22.0 23.0 24.0 25.0 26.0 27.0 28.0 29.0 30.0 31.0 32.0 31.0 30.0 29.0 28.0 27.0 26.0 25.0 24.0 23.0 22.0 21.0 20.0 19.0 18.0 17.0 16.0 15.0 14.0 13.0 12.0 11.0 10.0 9.0 8.0 7.0 6.0 5.0 4.0 3.0 2.0 1.0 0.0 1.0 2.0 3.0 4.0 5.0 6.0 7.0 8.0 
8.0 9.0 10.0 11.0 12.0 13.0 14.0 15.0 16.0 17.0 18.0 19.0 20.0 21.0 22.0 23.0 24.0 25.0 26.0 27.0 28.0 29.0 30.0 31.0 32.0 31.0 30.0 29.0 28.0 27.0 26.0 25.0 24.0 23.0 22.0 21.0 20.0 19.0 18.0 17.0 16.0 15.0 14.0 13.0 12.0 11.0 10.0 9.0 8.0 7.0 6.0 5.0 4.0 3.0 2.0 1.0 0.0 1.0 2.0 3.0 4.0 5.0 6.0 7.0 
7.0 8.0 9.0 10.0 11.0 12.0 13.0 14.0 15.0 16.0 17.0 18.0 19.0 20.0 21.0 22.0 23.0 24.0 25.0 26.0 27.0 28.0 29.0 30.0 31.0 32.0 31.0 30.0 29.0 28.0 27.0 26.0 25.0 24.0 23.0 22.0 21.0 20.0 19.0 18.0 17.0 16.0 15.0 14.0 13.0 12.0 11.0 10.0 9.0 8.0 7.0 6.0 5.0 4.0 3.0 2.0 1.0 0.0 1.0 2.0 3.0 4.0 5.0 6.0 
6.0 7.0 8.0 9.0 10.0 11.0 12.0 13.0 14.0 15.0 16.0 17.0 18.0 19.0 20.0 21.0 22.0 23.0 24.0 25.0 26.0 27.0 28.0 29.0 30.0 31.0 32.0 31.0 30.0 29.0 28.0 27.0 26.0 25.0 24.0 23.0 22.0 21.0 20.0 19.0 18.0 17.0 16.0 15.0 14.0 13.0 12.0 11.0 10.0 9.0 8.0 7.0 6.0 5.0 4.0 3.0 2.0 1.0 0.0 1.0 2.0 3.0 4.0 5.0 
5.0 6.0 7.0 8.0 9.0 10.0 11.0 12.0 13.0 14.0 15.0 16.0 17.0 18.0 19.0 20.0 21.0 22.0 23.0 24.0 25.0 26.0 27.0 28.0 29.0 30.0 31.0 32.0 31.0 30.0 29.0 28.0 27.0 26.0 25.0 24.0 23.0 22.0 21.0 20.0 19.0 18.0 17.0 16.0 15.0 14.0 13.0 12.0 11.0 10.0 9.0 8.0 7.0 6.0 5.0 4.0 3.0 2.0 1.0 0.0 1.0 2.0 3.0 4.0 
4.0 5.0 6.0 7.0 8.0 9.0 10.0 11.0 12.0 13.0 14.0 15.0 16.0 17.0 18.0 19.0 20.0 21.0 22.0 23.0 24.0 25.0 26.0 27.0 28.0 29.0 30.0 31.0 32.0 31.0 30.0 29.0 28.0 27.0 26.0 25.0 24.0 23.0 22.0 21.0 20.0 19.0 18.0 17.0 16.0 15.0 14.0 13.0 12.0 11.0 10.0 9.0 8.0 7.0 6.0 5.0 4.0 3.0 2.0 1.0 0.0 1.0 2.0 3.0 
3.0 4.0 5.0 6.0 7.0 8.0 9.0 10.0 11.0 12.0 13.0 14.0 15.0 16.0 17.0 18.0 19.0 20.0 21.0 22.0 23.0 24.0 25.0 26.0 27.0 28.0 29.0 30.0 31.0 32.0 31.0 30.0 29.0 28.0 27.0 26.0 25.0 24.0 23.0 22.0 21.0 20.0 19.0 18.0 17.0 16.0 15.0 14.0 13.0 12.0 11.0 10.0 9.0 8.0 7.0 6.0 5.0 4.0 3.0 2.0 1.0 0.0 1.0 2.0 
2.0 3.0 4.0 5.0 6.0 7.0 8.0 9.0 10.0 11.0 12.0 13.0 14.0 15.0 16.0 17.0 18.0 19.0 20.0 21.0 22.0 23.0 24.0 25.0 26.0 27.0 28.0 29.0 30.0 31.0 32.0 31.0 30.0 29.0 28.0 27.0 26.0 25.0 24.0 23.0 22.0 21.0 20.0 19.0 18.0 17.0 16.0 15.0 14.0 13.0 12.0 11.0 10.0 9.0 8.0 7.0 6.0 5.0 4.0 3.0 2.0 1.0 0.0 1.0 
1.0 2.0 3.0 4.0 5.0 6.0 7.0 8.0 9.0 10.0 11.0 12.0 13.0 14.0 15.0 16.0 17.0 18.0 19.0 20.0 21.0 22.0 23.0 24.0 25.0 26.0 27.0 28.0 29.0 30.0 31.0 32.0 31.0 30.0 29.0 28.0 27.0 26.0 25.0 24.0 23.0 22.0 21.0 20.0 19.0 18.0 17.0 16.0 15.0 14.0 13.0 12.0 11.0 10.0 9.0 8.0 7.0 6.0 5.0 4.0 3.0 2.0 1.0 0.0 