32
45 6 31 10 73 94 3 96 31 36 44 52 97 68 21 99 11 73 85 2 89 24 12 69 47 97 30 8 5 31 39 52 
61 99 97 4 24 32 16 41 16 78 21 23 92 41 5 86 82 87 80 97 67 51 4 81 77 38 9 49 7 100 3 12 
78 17 42 21 79 18 24 26 18 71 83 51 16 6 72 36 74 61 19 72 34 74 25 2 5 37 68 52 26 59 51 77 
77 85 80 2 47 74 1 97 98 95 87 64 39 84 74 66 61 91 44 99 98 61 45 88 88 84 84 99 83 67 12 68 
41 68 98 73 96 74 27 53 61 9 95 67 21 68 73 89 21 16 18 84 59 57 10 98 48 88 72 19 7 92 17 65 
75 62 82 20 28 39 43 3 8 91 33 64 91 64 43 85 99 72 63 1 59 20 42 79 84 32 12 98 79 42 63 34 
31 76 13 13 6 34 88 24 41 54 60 63 79 70 6 55 60 28 57 14 84 4 65 82 95 20 73 93 28 23 74 13 
7 65 90 93 23 87 39 29 79 22 100 23 3 12 46 82 35 1 40 3 67 29 1 95 1 99 42 85 55 3 92 86 
69 71 85 89 30 20 45 6 24 40 39 3 56 33 39 37 98 62 29 61 39 55 11 86 87 60 56 78 7 77 74 93 
92 43 34 61 24 86 67 37 19 91 99 60 67 100 30 47 43 27 59 79 52 47 86 72 20 8 89 6 69 92 25 95 
68 99 43 91 100 100 78 68 97 32 54 72 15 53 85 9 3 19 55 79 53 97 94 28 17 9 74 21 72 89 20 55 
42 1 29 15 19 28 80 12 74 26 14 6 9 81 5 66 35 23 57 55 38 15 81 45 100 68 8 36 20 92 77 16 
84 24 45 42 55 9 5 100 65 1 28 58 47 81 20 78 6 83 15 57 64 65 5 34 74 17 15 25 80 79 92 59 
12 2 93 96 68 3 74 5 79 86 13 35 97 79 10 75 55 26 54 13 77 57 95 46 55 7 80 74 98 16 91 73 
75 3 65 10 28 45 71 2 53 97 75 79 96 52 43 94 76 29 55 12 4 90 90 99 61 84 26 33 85 21 24 88 
89 74 15 35 93 3 20 12 53 21 54 14 90 60 86 5 6 78 80 48 19 41 84 57 47 81 66 100 58 78 41 27 
46 34 61 100 36 63 23 55 85 81 99 12 51 3 20 47 7 97 39 10 9 23 67 100 59 61 8 77 67 18 93 92 
17 6 56 84 89 60 39 27 30 42 77 1 39 29 23 47 57 72 76 99 29 90 31 13 30 86 19 54 10 25 41 46 
25 68 22 41 21 37 47 17 58 14 50 65 40 63 72 39 21 22 36 80 96 52 98 53 40 95 72 72 25 43 43 36 
28 95 23 70 80 58 2 67 81 59 95 79 66 90 34 88 100 54 18 83 14 44 4 40 49 28 19 73 74 93 42 5 
20 56 75 79 99 86 11 84 96 65 45 58 83 14 80 92 82 55 10 80 59 31 55 40 10 47 10 81 88 72 88 22 
18 18 81 85 17 26 56 81 32 87 5 65 86 54 11 2 31 3 18 95 83 14 68 98 15 36 66 11 43 47 13 28 
71 38 45 79 48 33 58 53 25 21 58 49 37 75 67 88 85 67 49 43 39 29 88 6 59 39 56 72 2 70 44 8 
94 45 77 53 100 77 5 47 61 41 59 61 84 86 5 86 40 65 76 34 56 70 67 98 70 85 33 29 37 90 84 95 
10 30 11 3 59 66 31 23 7 37 89 55 14 47 37 75 27 45 40 74 38 56 50 82 50 54 29 26 26 58 19 49 
35 7 87 67 73 85 70 81 66 69 38 92 16 93 87 85 70 61 1 26 76 54 6 21 100 71 88 86 83 40 6 42 
29 92 22 91 83 24 31 88 63 58 70 83 29 31 75 48 64 32 49 35 9 34 10 84 51 60 26 93 20 29 99 50 
39 44 61 29 56 62 95 60 8 74 2 28 70 29 77 68 3 29 7 1 51 15 95 99 38 79 66 99 54 71 55 84 
68 86 66 73 57 84 9 84 41 55 97 79 22 63 66 27 20 22 16 47 89 35 43 37 29 22 20 10 39 5 2 19 
46 1 48 37 74 23 45 54 18 44 45 88 100 34 64 5 14 28 22 1 96 1 57 63 17 30 45 31 16 45 43 13 
11 63 31 40 83 62 92 84 85 22 44 36 86 39 83 39 67 71 3 59 99 92 54 10 86 62 23 62 72 99 11 19 
5 36 68 24 8 10 80 90 5 87 52 18 22 7 65 61 24 58 97 82 55 10 45 28 27 18 9 18 59 81 83 97 
0.0 1.0 2.0 3.0 4.0 5.0 6.0 7.0 8.0 9.0 10.0 11.0 12.0 13.0 14.0 15.0 16.0 15.0 14.0 13.0 12.0 11.0 10.0 9.0 8.0 7.0 6.0 5.0 4.0 3.0 2.0 1.0 
1.0 0.0 1.0 2.0 3.0 4.0 5.0 6.0 7.0 8.0 9.0 10.0 11.0 12.0 13.0 14.0 15.0 16.0 15.0 14.0 13.0 12.0 11.0 10.0 9.0 8.0 7.0 6.0 5.0 4.0 3.0 2.0 
2.0 1.0 0.0 1.0 2.0 3.0 4.0 5.0 6.0 7.0 8.0 9.0 10.0 11.0 12.0 13.0 14.0 15.0 16.0 15.0 14.0 13.0 12.0 11.0 10.0 9.0 8.0 7.0 6.0 5.0 4.0 3.0 
3.0 2.0 1.0 0.0 1.0 2.0 3.0 4.0 5.0 6.0 7.0 8.0 9.0 10.0 11.0 12.0 13.0 14.0 15.0 16.0 15.0 14.0 13.0 12.0 11.0 10.0 9.0 8.0 7.0 6.0 5.0 4.0 
4.0 3.0 2.0 1.0 0.0 1.0 2.0 3.0 4.0 5.0 6.0 7.0 8.0 9.0 10.0 11.0 12.0 13.0 14.0 15.0 16.0 15.0 14.0 13.0 12.0 11.0 10.0 9.0 8.0 7.0 6.0 5.0 
5.0 4.0 3.0 2.0 1.0 0.0 1.0 2.0 3.0 4.0 5.0 6.0 7.0 8.0 9.0 10.0 11.0 12.0 13.0 14.0 15.0 16.0 15.0 14.0 13.0 12.0 11.0 10.0 9.0 8.0 7.0 6.0 
6.0 5.0 4.0 3.0 2.0 1.0 0.0 1.0 2.0 3.0 4.0 5.0 6.0 7.0 8.0 9.0 10.0 11.0 12.0 13.0 14.0 15.0 16.0 15.0 14.0 13.0 12.0 11.0 10.0 9.0 8.0 7.0 
7.0 6.0 5.0 4.0 3.0 2.0 1.0 0.0 1.0 2.0 3.0 4.0 5.0 6.0 7.0 8.0 9.0 10.0 11.0 12.0 13.0 14.0 15.0 16.0 15.0 14.0 13.0 12.0 11.0 10.0 9.0 8.0 
8.0 7.0 6.0 5.0 4.0 3.0 2.0 1.0 0.0 1.0 2.0 3.0 4.0 5.0 6.0 7.0 8.0 9.0 10.0 11.0 12.0 13.0 14.0 15.0 16.0 15.0 14.0 13.0 12.0 11.0 10.0 9.0 
9.0 8.0 7.0 6.0 5.0 4.0 3.0 2.0 1.0 0.0 1.0 2.0 3.0 4.0 5.0 6.0 7.0 8.0 9.0 10.0 11.0 12.0 13.0 14.0 15.0 16.0 15.0 14.0 13.0 12.0 11.0 10.0 
10.0 9.0 8.0 7.0 6.0 5.0 4.0 3.0 2.0 1.0 0.0 1.0 2.0 3.0 4.0 5.0 6.0 7.0 8.0 9.0 10.0 11.0 12.0 13.0 14.0 15.0 16.0 15.0 14.0 13.0 12.0 11.0 
11.0 10.0 9.0 8.0 7.0 6.0 5.0 4.0 3.0 2.0 1.0 0.0 1.0 2.0 3.0 4.0 5.0 6.0 7.0 8.0 9.0 10.0 11.0 12.0 13.0 14.0 15.0 16.0 15.0 14.0 13.0 12.0 
12.0 11.0 10.0 9.0 8.0 7.0 6.0 5.0 4.0 3.0 2.0 1.0 0.0 1.0 2.0 3.0 4.0 5.0 6.0 7.0 8.0 9.0 10.0 11.0 12.0 13.0 14.0 15.0 16.0 15.0 14.0 13.0 
13.0 12.0 11.0 10.0 9.0 8.0 7.0 6.0 5.0 4.0 3.0 2.0 1.0 0.0 1.0 2.0 3.0 4.0 5.0 6.0 7.0 8.0 9.0 10.0 11.0 12.0 13.0 14.0 15.0 16.0 15.0 14.0 
14.0 13.0 12.0 11.0 10.0 9.0 8.0 7.0 6.0 5.0 4.0 3.0 2.0 1.0 0.0 1.0 2.0 3.0 4.0 5.0 6.0 7.0 8.0 9.0 10.0 11.0 12.0 13.0 14.0 15.0 16.0 15.0 
15.0 14.0 13.0 12.0 11.0 10.0 9.0 8.0 7.0 6.0 5.0 4.0 3.0 2.0 1.0 0.0 1.0 2.0 3.0 4.0 5.0 6.0 7.0 8.0 9.0 10.0 11.0 12.0 13.0 14.0 15.0 16.0 
16.0 15.0 14.0 13.0 12.0 11.0 10.0 9.0 8.0 7.0 6.0 5.0 4.0 3.0 2.0 1.0 0.0 1.0 2.0 3.0 4.0 5.0 6.0 7.0 8.0 9.0 10.0 11.0 12.0 13.0 14.0 15.0 
15.0 16.0 15.0 14.0 13.0 12.0 11.0 10.0 9.0 8.0 7.0 6.0 5.0 4.0 3.0 2.0 1.0 0.0 1.0 2.0 3.0 4.0 5.0 6.0 7.0 8.0 9.0 10.0 11.0 12.0 13.0 14.0 
14.0 15.0 16.0 15.0 14.0 13.0 12.0 11.0 10.0 9.0 8.0 7.0 6.0 5.0 4.0 3.0 2.0 1.0 0.0 1.0 2.0 3.0 4.0 5.0 6.0 7.0 8.0 9.0 10.0 11.0 12.0 13.0 
13.0 14.0 15.0 16.0 15.0 14.0 13.0 12.0 11.0 10.0 9.0 8.0 7.0 6.0 5.0 4.0 3.0 2.0 1.0 0.0 1.0 2.0 3.0 4.0 5.0 6.0 7.0 8.0 9.0 10.0 11.0 12.0 
12.0 13.0 14.0 15.0 16.0 15.0 14.0 13.0 12.0 11.0 10.0 9.0 8.0 7.0 6.0 5.0 4.0 3.0 2.0 1.0 0.0 1.0 2.0 3.0 4.0 5.0 6.0 7.0 8.0 9.0 10.0 11.0 
11.0 12.0 13.0 14.0 15.0 16.0 15.0 14.0 13.0 12.0 11.0 10.0 9.0 8.0 7.0 6.0 5.0 4.0 3.0 2.0 1.0 0.0 1.0 2.0 3.0 4.0 5.0 6.0 7.0 8.0 9.0 10.0 
10.0 11.0 12.0 13.0 14.0 15.0 16.0 15.0 14.0 13.0 12.0 11.0 10.0 9.0 8.0 7.0 6.0 5.0 4.0 3.0 2.0 1.0 0.0 1.0 2.0 3.0 4.0 5.0 6.0 7.0 8.0 9.0 
9.0 10.0 11.0 12.0 13.0 14.0 15.0 16.0 15.0 14.0 13.0 12.0 11.0 10.0 9.0 8.0 7.0 6.0 5.0 4.0 3.0 2.0 1.0 0.0 1.0 2.0 3.0 4.0 5.0 6.0 7.0 8.0 
8.0 9.0 10.0 11.0 12.0 13.0 14.0 15.0 16.0 15.0 14.0 13.0 12.0 11.0 10.0 9.0 8.0 7.0 6.0 5.0 4.0 3.0 2.0 1.0 0.0 1.0 2.0 3.0 4.0 5.0 6.0 7.0 
7.0 8.0 9.0 10.0 11.0 12.0 13.0 14.0 15.0 16.0 15.0 14.0 13.0 12.0 11.0 10.0 9.0 8.0 7.0 6.0 5.0 4.0 3.0 2.0 1.0 0.0 1.0 2.0 3.0 4.0 5.0 6.0 
6.0 7.0 8.0 9.0 10.0 11.0 12.0 13.0 14.0 15.0 16.0 15.0 14.0 13.0 12.0 11.0 10.0 9.0 8.0 7.0 6.0 5.0 4.0 3.0 2.0 1.0 0.0 1.0 2.0 3.0 4.0 5.0 
5.0 6.0 7.0 8.0 9.0 10.0 11.0 12.0 13.0 14.0 15.0 16.0 15.0 14.0 13.0 12.0 11.0 10.0 9.0 8.0 7.0 6.0 5.0 4.0 3.0 2.0 1.0 0.0 1.0 2.0 3.0 4.0 
4.0 5.0 6.0 7.0 8.0 9.0 10.0 11.0 12.0 13.0 14.0 15.0 16.0 15.0 14.0 13.0 12.0 11.0 10.0 9.0 8.0 7.0 6.0 5.0 4.0 3.0 2.0 1.0 0.0 1.0 2.0 3.0 
3.0 4.0 5.0 6.0 7.0 8.0 9.0 10.0 11.0 12.0 13.0 14.0 15.0 16.0 15.0 14.0 13.0 12.0 11.0 10.0 9.0 8.0 7.0 6.0 5.0 4.0 3.0 2.0 1.0 0.0 1.0 2.0 
2.0 3.0 4.0 5.0 6.0 7.0 8.0 9.0 10.0 11.0 12.0 13.0 14.0 15.0 16.0 15.0 14.0 13.0 12.0 11.0 10.0 9.0 8.0 7.0 6.0 5.0 4.0 3.0 2.0 1.0 0.0 1.0 
1.0 2.0 3.0 4.0 5.0 6.0 7.0 8.0 9.0 10.0 11.0 12.0 13.0 14.0 15.0 16.0 15.0 14.0 13.0 12.0 11.0 10.0 9.0 8.0 7.0 6.0 5.0 4.0 3.0 2.0 1.0 0.0 