16
50 69 85 65 64 46 80 67 10 8 50 27 25 85 59 90 
29 53 37 62 34 19 22 10 28 54 20 42 33 55 58 34 
94 73 15 35 92 19 70 77 59 89 36 56 70 95 52 63 
29 24 26 58 58 55 30 66 40 85 36 21 34 73 11 46 
1 4 69 51 28 45 5 15 79 66 17 9 4 7 20 65 
35 25 39 19 53 68 32 91 44 39 92 83 27 72 38 78 
14 8 2 42 69 84 26 31 38 16 30 11 2 57 37 65 
4 8 34 13 47 97 56 4 66 27 71 86 68 37 76 91 
62 42 31 40 19 46 98 45 76 2 36 84 65 80 91 49 
7 75 79 21 45 42 68 47 76 78 80 19 79 95 17 58 
59 74 27 99 34 32 67 30 76 34 68 1 93 36 79 97 
39 82 90 89 15 90 4 4 36 81 57 90 58 91 85 75 
34 21 73 20 27 46 81 27 92 57 24 70 1 65 9 74 
47 95 89 89 99 93 25 32 2 12 40 49 75 25 80 49 
4 77 80 58 3 78 35 13 84 79 81 88 41 36 20 2 
14 59 83 31 54 70 95 75 47 1 80 15 19 10 24 30 
0.0 1.0 2.0 3.0 4.0 5.0 6.0 7.0 8.0 7.0 6.0 5.0 4.0 3.0 2.0 1.0 
1.0 0.0 1.0 2.0 3.0 4.0 5.0 6.0 7.0 8.0 7.0 6.0 5.0 4.0 3.0 2.0 
2.0 1.0 0.0 1.0 2.0 3.0 4.0 5.0 6.0 7.0 8.0 7.0 6.0 5.0 4.0 3.0 
3.0 2.0 1.0 0.0 1.0 2.0 3.0 4.0 5.0 6.0 7.0 8.0 7.0 6.0 5.0 4.0 
4.0 3.0 2.0 1.0 0.0 1.0 2.0 3.0 4.0 5.0 6.0 7.0 8.0 7.0 6.0 5.0 
5.0 4.0 3.0 2.0 1.0 0.0 1.0 2.0 3.0 4.0 5.0 6.0 7.0 8.0 7.0 6.0 
6.0 5.0 4.0 3.0 2.0 1.0 0.0 1.0 2.0 3.0 4.0 5.0 6.0 7.0 8.0 7.0 
7.0 6.0 5.0 4.0 3.0 2.0 1.0 0.0 1.0 2.0 3.0 4.0 5.0 6.0 7.0 8.0 
8.0 7.0 6.0 5.0 4.0 3.0 2.0 1.0 0.0 1.0 2.0 3.0 4.0 5.0 6.0 7.0 
7.0 8.0 7.0 6.0 5.0 4.0 3.0 2.0 1.0 0.0 1.0 2.0 3.0 4.0 5.0 6.0 
6.0 7.0 8.0 7.0 6.0 5.0 4.0 3.0 2.0 1.0 0.0 1.0 2.0 3.0 4.0 5.0 
5.0 6.0 7.0 8.0 7.0 6.0 5.0 4.0 3.0 2.0 1.0 0.0 1.0 2.0 3.0 4.0 
4.0 5.0 6.0 7.0 8.0 7.0 6.0 5.0 4.0 3.0 2.0 1.0 0.0 1.0 2.0 3.0 
3.0 4.0 5.0 6.0 7.0 8.0 7.0 6.0 5.0 4.0 3.0 2.0 1.0 0.0 1.0 2.0 
2.0 3.0 4.0 5.0 6.0 7.0 8.0 7.0 6.0 5.0 4.0 3.0 2.0 1.0 0.0 1.0 
1.0 2.0 3.0 4.0 5.0 6.0 7.0 8.0 7.0 6.0 5.0 4.0 3.0 2.0 1.0 0.0 