16
1 41 54 43 47 37 80 68 70 60 92 89 27 30 41 28 
60 69 33 2 54 1 100 38 100 91 15 81 69 67 20 57 
34 73 4 30 65 15 42 76 26 93 65 41 85 23 10 53 
50 56 66 73 58 62 4 4 60 42 70 91 39 96 41 35 
44 29 62 41 81 78 86 74 89 4 62 7 66 21 67 67 
87 91 83 15 79 72 69 64 23 68 65 65 94 66 67 67 
31 35 90 29 69 25 95 2 73 82 67 22 12 92 29 31 
100 94 18 19 3 94 86 4 97 29 86 99 10 94 94 75 
98 66 50 75 18 50 19 71 20 4 48 83 40 100 42 71 
96 57 45 47 71 39 40 85 57 61 24 42 87 37 85 66 
35 84 61 13 96 72 63 80 11 36 74 11 57 20 59 95 
31 61 83 11 1 92 22 9 57 3 91 99 32 37 48 74 
44 79 62 75 66 100 24 25 92 17 7 32 11 15 33 51 
45 73 39 97 1 57 42 62 94 54 47 81 1 65 23 78 
38 12 23 92 55 81 26 6 5 27 98 66 62 62 74 60 
70 55 10 84 40 91 37 88 28 19 1 54 18 77 39 76 
0.0 1.0 2.0 3.0 4.0 5.0 6.0 7.0 8.0 7.0 6.0 5.0 4.0 3.0 2.0 1.0 
1.0 0.0 1.0 2.0 3.0 4.0 5.0 6.0 7.0 8.0 7.0 6.0 5.0 4.0 3.0 2.0 
2.0 1.0 0.0 1.0 2.0 3.0 4.0 5.0 6.0 7.0 8.0 7.0 6.0 5.0 4.0 3.0 
3.0 2.0 1.0 0.0 1.0 2.0 3.0 4.0 5.0 6.0 7.0 8.0 7.0 6.0 5.0 4.0 
4.0 3.0 2.0 1.0 0.0 1.0 2.0 3.0 4.0 5.0 6.0 7.0 8.0 7.0 6.0 5.0 
5.0 4.0 3.0 2.0 1.0 0.0 1.0 2.0 3.0 4.0 5.0 6.0 7.0 8.0 7.0 6.0 
6.0 5.0 4.0 3.0 2.0 1.0 0.0 1.0 2.0 3.0 4.0 5.0 6.0 7.0 8.0 7.0 
7.0 6.0 5.0 4.0 3.0 2.0 1.0 0.0 1.0 2.0 3.0 4.0 5.0 6.0 7.0 8.0 
8.0 7.0 6.0 5.0 4.0 3.0 2.0 1.0 0.0 1.0 2.0 3.0 4.0 5.0 6.0 7.0 
7.0 8.0 7.0 6.0 5.0 4.0 3.0 2.0 1.0 0.0 1.0 2.0 3.0 4.0 5.0 6.0 
6.0 7.0 8.0 7.0 6.0 5.0 4.0 3.0 2.0 1.0 0.0 1.0 2.0 3.0 4.0 5.0 
5.0 6.0 7.0 8.0 7.0 6.0 5.0 4.0 3.0 2.0 1.0 0.0 1.0 2.0 3.0 4.0 
4.0 5.0 6.0 7.0 8.0 7.0 6.0 5.0 4.0 3.0 2.0 1.0 0.0 1.0 2.0 3.0 
3.0 4.0 5.0 6.0 7.0 8.0 7.0 6.0 5.0 4.0 3.0 2.0 1.0 0.0 1.0 2.0 
2.0 3.0 4.0 5.0 6.0 7.0 8.0 7.0 6.0 5.0 4.0 3.0 2.0 1.0 0.0 1.0 
1.0 2.0 3.0 4.0 5.0 6.0 7.0 8.0 7.0 6.0 5.0 4.0 3.0 2.0 1.0 0.0 