16
50 98 93 77 70 3 89 70 5 31 89 64 63 50 2 72 
86 9 98 4 75 25 4 53 48 48 51 25 16 36 38 49 
87 27 46 50 39 24 22 77 81 93 59 61 92 86 27 88 
32 6 8 6 74 62 18 60 37 84 88 67 1 73 78 46 
97 67 46 19 37 16 8 27 85 66 60 36 48 43 18 8 
54 57 92 97 64 12 40 48 32 20 66 43 65 34 99 38 
40 18 78 6 44 11 40 38 28 53 57 45 16 39 70 46 
41 30 55 55 19 4 92 44 3 47 30 44 24 45 32 65 
58 99 40 50 55 64 28 56 63 43 34 91 92 94 95 4 
97 99 78 50 74 35 31 1 31 68 8 33 88 33 86 76 
60 66 42 35 21 99 61 9 69 33 78 71 53 92 53 36 
95 96 16 17 61 44 40 54 32 35 83 27 64 29 93 93 
92 39 94 75 71 95 57 95 17 37 14 34 16 40 62 66 
25 71 35 15 22 58 72 65 53 52 60 46 77 66 32 81 
51 44 39 59 14 58 67 87 7 39 49 45 25 29 14 75 
78 54 46 12 94 100 80 46 48 62 4 50 70 69 89 96 
0.0 1.0 2.0 3.0 4.0 5.0 6.0 7.0 8.0 7.0 6.0 5.0 4.0 3.0 2.0 1.0 
1.0 0.0 1.0 2.0 3.0 4.0 5.0 6.0 7.0 8.0 7.0 6.0 5.0 4.0 3.0 2.0 
2.0 1.0 0.0 1.0 2.0 3.0 4.0 5.0 6.0 7.0 8.0 7.0 6.0 5.0 4.0 3.0 
3.0 2.0 1.0 0.0 1.0 2.0 3.0 4.0 5.0 6.0 7.0 8.0 7.0 6.0 5.0 4.0 
4.0 3.0 2.0 1.0 0.0 1.0 2.0 3.0 4.0 5.0 6.0 7.0 8.0 7.0 6.0 5.0 
5.0 4.0 3.0 2.0 1.0 0.0 1.0 2.0 3.0 4.0 5.0 6.0 7.0 8.0 7.0 6.0 
6.0 5.0 4.0 3.0 2.0 1.0 0.0 1.0 2.0 3.0 4.0 5.0 6.0 7.0 8.0 7.0 
7.0 6.0 5.0 4.0 3.0 2.0 1.0 0.0 1.0 2.0 3.0 4.0 5.0 6.0 7.0 8.0 
8.0 7.0 6.0 5.0 4.0 3.0 2.0 1.0 0.0 1.0 2.0 3.0 4.0 5.0 6.0 7.0 
7.0 8.0 7.0 6.0 5.0 4.0 3.0 2.0 1.0 0.0 1.0 2.0 3.0 4.0 5.0 6.0 
6.0 7.0 8.0 7.0 6.0 5.0 4.0 3.0 2.0 1.0 0.0 1.0 2.0 3.0 4.0 5.0 
5.0 6.0 7.0 8.0 7.0 6.0 5.0 4.0 3.0 2.0 1.0 0.0 1.0 2.0 3.0 4.0 
4.0 5.0 6.0 7.0 8.0 7.0 6.0 5.0 4.0 3.0 2.0 1.0 0.0 1.0 2.0 3.0 
3.0 4.0 5.0 6.0 7.0 8.0 7.0 6.0 5.0 4.0 3.0 2.0 1.0 0.0 1.0 2.0 
2.0 3.0 4.0 5.0 6.0 7.0 8.0 7.0 6.0 5.0 4.0 3.0 2.0 1.0 0.0 1.0 
1.0 2.0 3.0 4.0 5.0 6.0 7.0 8.0 7.0 6.0 5.0 4.0 3.0 2.0 1.0 0.0 