32
98 19 80 41 22 30 73 13 5 57 92 70 63 42 91 65 32 17 90 59 58 20 54 96 98 55 31 90 17 48 50 49 
78 19 40 87 37 79 1 2 61 55 52 48 46 96 87 59 35 41 80 87 5 97 16 80 78 45 55 57 23 39 74 41 
69 82 39 14 19 28 68 1 72 56 9 46 15 41 84 36 47 24 74 42 89 95 97 96 18 3 83 34 71 22 49 94 
13 46 11 26 78 12 64 20 41 77 56 23 68 88 62 15 65 51 78 51 51 70 54 43 12 99 59 94 7 89 82 8 
44 64 100 99 78 21 29 95 31 40 28 48 8 23 100 72 64 52 25 74 52 34 32 58 6 43 22 26 30 55 46 6 
52 86 96 32 60 29 31 54 40 42 64 5 58 53 50 86 28 68 42 30 70 44 31 9 51 23 48 84 13 89 11 12 
39 17 38 53 10 25 10 99 71 33 15 5 91 37 84 40 36 26 17 28 71 18 57 73 62 73 60 29 95 65 52 1 
59 16 94 93 86 83 2 27 47 68 68 79 99 92 77 81 83 68 81 68 4 18 60 16 1 1 55 24 77 46 87 13 
14 47 94 68 6 8 5 58 53 24 87 14 46 90 75 95 87 99 94 72 59 80 47 84 6 99 99 94 43 5 54 89 
46 14 74 54 45 26 70 80 61 10 97 65 48 38 53 19 2 85 30 14 90 30 45 16 76 73 97 20 57 92 50 61 
28 17 86 68 60 77 19 15 53 72 50 17 73 14 6 53 75 14 18 8 73 2 14 68 38 76 88 14 42 88 41 66 
65 44 59 59 23 10 16 70 11 75 95 52 17 37 87 56 49 96 69 98 75 27 29 70 55 83 82 95 14 14 62 55 
17 33 69 83 45 86 20 30 20 83 59 62 80 24 27 88 88 71 23 40 38 55 17 50 1 15 94 5 17 33 94 35 
14 9 30 49 100 84 10 62 44 72 83 30 45 50 17 67 12 81 97 91 68 30 6 99 2 100 73 89 81 20 81 88 
85 79 41 31 1 12 60 67 63 60 49 21 97 85 76 86 100 60 66 72 68 76 71 72 45 98 45 77 5 27 22 39 
37 79 91 32 31 18 80 84 99 8 38 81 88 56 11 93 91 63 35 64 83 100 51 15 30 99 72 54 10 54 7 31 
18 67 67 35 23 83 5 70 67 3 78 97 74 53 20 3 57 21 57 69 35 46 33 47 92 81 83 15 86 83 72 76 
96 16 94 8 91 95 22 50 84 76 18 16 13 22 44 64 83 28 64 53 5 29 88 24 100 71 2 94 71 48 98 53 
46 62 10 83 43 16 19 6 27 70 60 99 80 62 17 94 7 54 40 99 10 92 28 28 94 54 15 41 79 78 54 86 
87 77 73 46 31 92 4 60 53 29 88 99 93 25 22 78 20 81 95 6 61 99 11 88 53 4 36 18 81 55 60 35 
33 55 77 80 69 48 54 82 10 67 35 11 36 23 86 27 31 79 86 81 82 28 54 47 21 86 63 34 25 74 71 37 
79 60 63 49 61 46 81 52 40 56 73 10 35 40 23 12 43 57 53 48 78 51 20 94 36 44 19 19 63 45 73 70 
72 29 40 6 71 72 72 52 23 85 74 18 21 14 35 90 57 90 9 36 72 99 79 75 19 1 29 42 55 70 71 48 
14 69 85 90 14 17 34 31 9 26 11 51 94 17 59 38 52 15 11 84 73 91 15 62 80 47 20 76 19 28 96 15 
11 40 56 99 13 27 88 65 37 57 90 36 75 20 48 59 15 89 5 95 26 12 43 48 83 99 43 76 15 74 50 96 
29 53 84 85 85 38 94 39 18 48 73 80 18 82 72 10 3 39 74 59 57 56 20 97 57 83 25 69 40 58 87 87 
16 22 8 29 11 56 62 60 2 32 58 99 82 62 26 68 58 98 22 28 74 91 13 22 6 78 5 46 3 75 39 42 
8 6 21 31 33 47 71 33 68 18 49 20 89 89 74 85 49 5 38 75 10 93 75 62 48 4 76 10 91 68 34 31 
65 74 66 53 2 16 37 24 82 36 85 91 13 47 96 12 91 37 35 40 28 52 76 92 14 96 66 36 7 45 33 39 
8 73 69 82 96 19 55 42 30 44 63 21 48 97 40 30 84 86 79 60 88 30 7 98 58 30 81 62 71 57 100 51 
12 73 65 85 50 89 80 11 30 27 44 91 99 95 51 90 55 31 85 67 27 46 56 85 1 5 42 19 64 57 7 12 
64 83 47 57 44 39 51 68 2 62 35 47 66 36 49 30 31 67 32 3 49 26 32 85 3 73 74 50 95 58 14 87 
0.0 1.0 2.0 3.0 4.0 5.0 6.0 7.0 8.0 9.0 10.0 11.0 12.0 13.0 14.0 15.0 16.0 15.0 14.0 13.0 12.0 11.0 10.0 9.0 8.0 7.0 6.0 5.0 4.0 3.0 2.0 1.0 
1.0 0.0 1.0 2.0 3.0 4.0 5.0 6.0 7.0 8.0 9.0 10.0 11.0 12.0 13.0 14.0 15.0 16.0 15.0 14.0 13.0 12.0 11.0 10.0 9.0 8.0 7.0 6.0 5.0 4.0 3.0 2.0 
2.0 1.0 0.0 1.0 2.0 3.0 4.0 5.0 6.0 7.0 8.0 9.0 10.0 11.0 12.0 13.0 14.0 15.0 16.0 15.0 14.0 13.0 12.0 11.0 10.0 9.0 8.0 7.0 6.0 5.0 4.0 3.0 
3.0 2.0 1.0 0.0 1.0 2.0 3.0 4.0 5.0 6.0 7.0 8.0 9.0 10.0 11.0 12.0 13.0 14.0 15.0 16.0 15.0 14.0 13.0 12.0 11.0 10.0 9.0 8.0 7.0 6.0 5.0 4.0 
4.0 3.0 2.0 1.0 0.0 1.0 2.0 3.0 4.0 5.0 6.0 7.0 8.0 9.0 10.0 11.0 12.0 13.0 14.0 15.0 16.0 15.0 14.0 13.0 12.0 11.0 10.0 9.0 8.0 7.0 6.0 5.0 
5.0 4.0 3.0 2.0 1.0 0.0 1.0 2.0 3.0 4.0 5.0 6.0 7.0 8.0 9.0 10.0 11.0 12.0 13.0 14.0 15.0 16.0 15.0 14.0 13.0 12.0 11.0 10.0 9.0 8.0 7.0 6.0 
6.0 5.0 4.0 3.0 2.0 1.0 0.0 1.0 2.0 3.0 4.0 5.0 6.0 7.0 8.0 9.0 10.0 11.0 12.0 13.0 14.0 15.0 16.0 15.0 14.0 13.0 12.0 11.0 10.0 9.0 8.0 7.0 
7.0 6.0 5.0 4.0 3.0 2.0 1.0 0.0 1.0 2.0 3.0 4.0 5.0 6.0 7.0 8.0 9.0 10.0 11.0 12.0 13.0 14.0 15.0 16.0 15.0 14.0 13.0 12.0 11.0 10.0 9.0 8.0 
8.0 7.0 6.0 5.0 4.0 3.0 2.0 1.0 0.0 1.0 2.0 3.0 4.0 5.0 6.0 7.0 8.0 9.0 10.0 11.0 12.0 13.0 14.0 15.0 16.0 15.0 14.0 13.0 12.0 11.0 10.0 9.0 
9.0 8.0 7.0 6.0 5.0 4.0 3.0 2.0 1.0 0.0 1.0 2.0 3.0 4.0 5.0 6.0 7.0 8.0 9.0 10.0 11.0 12.0 13.0 14.0 15.0 16.0 15.0 14.0 13.0 12.0 11.0 10.0 
10.0 9.0 8.0 7.0 6.0 5.0 4.0 3.0 2.0 1.0 0.0 1.0 2.0 3.0 4.0 5.0 6.0 7.0 8.0 9.0 10.0 11.0 12.0 13.0 14.0 15.0 16.0 15.0 14.0 13.0 12.0 11.0 
11.0 10.0 9.0 8.0 7.0 6.0 5.0 4.0 3.0 2.0 1.0 0.0 1.0 2.0 3.0 4.0 5.0 6.0 7.0 8.0 9.0 10.0 11.0 12.0 13.0 14.0 15.0 16.0 15.0 14.0 13.0 12.0 
12.0 11.0 10.0 9.0 8.0 7.0 6.0 5.0 4.0 3.0 2.0 1.0 0.0 1.0 2.0 3.0 4.0 5.0 6.0 7.0 8.0 9.0 10.0 11.0 12.0 13.0 14.0 15.0 16.0 15.0 14.0 13.0 
13.0 12.0 11.0 10.0 9.0 8.0 7.0 6.0 5.0 4.0 3.0 2.0 1.0 0.0 1.0 2.0 3.0 4.0 5.0 6.0 7.0 8.0 9.0 10.0 11.0 12.0 13.0 14.0 15.0 16.0 15.0 14.0 
14.0 13.0 12.0 11.0 10.0 9.0 8.0 7.0 6.0 5.0 4.0 3.0 2.0 1.0 0.0 1.0 2.0 3.0 4.0 5.0 6.0 7.0 8.0 9.0 10.0 11.0 12.0 13.0 14.0 15.0 16.0 15.0 
15.0 14.0 13.0 12.0 11.0 10.0 9.0 8.0 7.0 6.0 5.0 4.0 3.0 2.0 1.0 0.0 1.0 2.0 3.0 4.0 5.0 6.0 7.0 8.0 9.0 10.0 11.0 12.0 13.0 14.0 15.0 16.0 
16.0 15.0 14.0 13.0 12.0 11.0 10.0 9.0 8.0 7.0 6.0 5.0 4.0 3.0 2.0 1.0 0.0 1.0 2.0 3.0 4.0 5.0 6.0 7.0 8.0 9.0 10.0 11.0 12.0 13.0 14.0 15.0 
15.0 16.0 15.0 14.0 13.0 12.0 11.0 10.0 9.0 8.0 7.0 6.0 5.0 4.0 3.0 2.0 1.0 0.0 1.0 2.0 3.0 4.0 5.0 6.0 7.0 8.0 9.0 10.0 11.0 12.0 13.0 14.0 
14.0 15.0 16.0 15.0 14.0 13.0 12.0 11.0 10.0 9.0 8.0 7.0 6.0 5.0 4.0 3.0 2.0 1.0 0.0 1.0 2.0 3.0 4.0 5.0 6.0 7.0 8.0 9.0 10.0 11.0 12.0 13.0 
13.0 14.0 15.0 16.0 15.0 14.0 13.0 12.0 11.0 10.0 9.0 8.0 7.0 6.0 5.0 4.0 3.0 2.0 1.0 0.0 1.0 2.0 3.0 4.0 5.0 6.0 7.0 8.0 9.0 10.0 11.0 12.0 
12.0 13.0 14.0 15.0 16.0 15.0 14.0 13.0 12.0 11.0 10.0 9.0 8.0 7.0 6.0 5.0 4.0 3.0 2.0 1.0 0.0 1.0 2.0 3.0 4.0 5.0 6.0 7.0 8.0 9.0 10.0 11.0 
11.0 12.0 13.0 14.0 15.0 16.0 15.0 14.0 13.0 12.0 11.0 10.0 9.0 8.0 7.0 6.0 5.0 4.0 3.0 2.0 1.0 0.0 1.0 2.0 3.0 4.0 5.0 6.0 7.0 8.0 9.0 10.0 
10.0 11.0 12.0 13.0 14.0 15.0 16.0 15.0 14.0 13.0 12.0 11.0 10.0 9.0 8.0 7.0 6.0 5.0 4.0 3.0 2.0 1.0 0.0 1.0 2.0 3.0 4.0 5.0 6.0 7.0 8.0 9.0 
9.0 10.0 11.0 12.0 13.0 14.0 15.0 16.0 15.0 14.0 13.0 12.0 11.0 10.0 9.0 8.0 7.0 6.0 5.0 4.0 3.0 2.0 1.0 0.0 1.0 2.0 3.0 4.0 5.0 6.0 7.0 8.0 
8.0 9.0 10.0 11.0 12.0 13.0 14.0 15.0 16.0 15.0 14.0 13.0 12.0 11.0 10.0 9.0 8.0 7.0 6.0 5.0 4.0 3.0 2.0 1.0 0.0 1.0 2.0 3.0 4.0 5.0 6.0 7.0 
7.0 8.0 9.0 10.0 11.0 12.0 13.0 14.0 15.0 16.0 15.0 14.0 13.0 12.0 11.0 10.0 9.0 8.0 7.0 6.0 5.0 4.0 3.0 2.0 1.0 0.0 1.0 2.0 3.0 4.0 5.0 6.0 
6.0 7.0 8.0 9.0 10.0 11.0 12.0 13.0 14.0 15.0 16.0 15.0 14.0 13.0 12.0 11.0 10.0 9.0 8.0 7.0 6.0 5.0 4.0 3.0 2.0 1.0 0.0 1.0 2.0 3.0 4.0 5.0 
5.0 6.0 7.0 8.0 9.0 10.0 11.0 12.0 13.0 14.0 15.0 16.0 15.0 14.0 13.0 12.0 11.0 10.0 9.0 8.0 7.0 6.0 5.0 4.0 3.0 2.0 1.0 0.0 1.0 2.0 3.0 4.0 
4.0 5.0 6.0 7.0 8.0 9.0 10.0 11.0 12.0 13.0 14.0 15.0 16.0 15.0 14.0 13.0 12.0 11.0 10.0 9.0 8.0 7.0 6.0 5.0 4.0 3.0 2.0 1.0 0.0 1.0 2.0 3.0 
3.0 4.0 5.0 6.0 7.0 8.0 9.0 10.0 11.0 12.0 13.0 14.0 15.0 16.0 15.0 14.0 13.0 12.0 11.0 10.0 9.0 8.0 7.0 6.0 5.0 4.0 3.0 2.0 1.0 0.0 1.0 2.0 
2.0 3.0 4.0 5.0 6.0 7.0 8.0 9.0 10.0 11.0 12.0 13.0 14.0 15.0 16.0 15.0 14.0 13.0 12.0 11.0 10.0 9.0 8.0 7.0 6.0 5.0 4.0 3.0 2.0 1.0 0.0 1.0 
1.0 2.0 3.0 4.0 5.0 6.0 7.0 8.0 9.0 10.0 11.0 12.0 13.0 14.0 15.0 16.0 15.0 14.0 13.0 12.0 11.0 10.0 9.0 8.0 7.0 6.0 5.0 4.0 3.0 2.0 1.0 0.0 