32
89 53 46 89 49 11 83 50 36 49 16 1 21 32 74 8 84 5 48 37 92 6 89 91 26 43 45 63 44 19 49 90 
10 51 78 84 6 70 93 66 13 2 66 50 38 75 36 56 61 67 73 76 40 83 48 69 29 20 27 75 91 1 62 59 
83 12 33 11 58 7 83 72 99 65 71 93 71 22 96 57 12 85 100 76 20 27 79 46 22 90 79 68 4 44 7 69 
44 12 52 98 43 98 83 94 80 64 20 44 61 73 34 7 43 44 59 59 10 72 67 2 15 36 97 79 19 46 36 25 
29 7 72 43 53 14 36 19 94 87 23 20 95 33 92 52 38 85 24 79 50 83 89 47 62 66 16 39 66 40 90 4 
3 50 80 19 13 59 49 79 83 27 79 6 14 46 82 26 64 60 68 84 85 81 69 31 31 3 26 64 30 23 21 47 
5 22 100 17 15 29 21 25 20 87 89 68 8 67 25 54 99 43 97 49 24 60 33 65 1 9 96 98 69 80 100 80 
43 57 70 52 83 58 5 62 37 83 73 87 63 40 96 75 1 72 71 92 21 93 3 85 70 59 25 90 48 30 40 36 
14 33 1 49 55 33 75 19 76 46 18 78 57 93 60 26 34 100 55 85 81 82 99 50 30 65 84 50 27 65 44 93 
76 60 66 34 99 61 32 67 49 50 81 37 23 97 73 77 60 40 51 20 10 91 30 57 57 29 55 23 45 1 33 64 
49 17 92 89 63 88 44 83 79 60 61 75 32 1 62 46 58 98 64 86 50 14 89 94 19 60 47 89 35 36 88 16 
73 50 85 88 94 52 89 22 57 50 62 82 94 51 85 14 22 39 62 46 69 74 100 75 97 85 6 26 4 52 57 90 
95 6 31 34 39 31 51 31 22 96 99 49 66 69 2 45 55 59 81 6 10 88 42 59 65 85 88 68 75 86 48 12 
59 19 19 32 57 8 94 82 57 19 74 77 75 26 79 96 71 54 75 67 64 95 2 67 91 1 34 82 85 79 65 7 
51 21 51 96 1 70 27 99 48 43 31 21 58 66 54 52 50 99 3 60 83 18 32 74 44 45 58 50 92 83 18 97 
60 10 94 17 71 66 60 3 20 38 95 24 30 59 45 1 29 65 34 37 51 47 14 2 45 70 85 37 5 18 52 42 
35 51 59 49 36 8 96 68 52 47 97 41 20 63 66 72 55 64 24 72 73 15 78 86 99 85 99 11 20 34 79 96 
11 84 82 16 27 20 93 74 63 30 12 98 4 75 15 12 51 12 15 23 39 2 19 58 8 72 50 73 14 74 67 100 
46 62 9 33 5 4 67 71 41 71 14 74 10 10 26 70 69 76 41 23 87 7 41 24 40 33 71 2 91 31 25 20 
7 1 57 60 8 59 68 96 2 94 70 61 17 9 4 39 38 34 45 76 76 77 53 81 74 62 81 58 69 75 10 35 
78 31 9 27 28 28 78 8 48 8 52 88 47 88 48 75 8 42 60 60 27 33 54 89 3 69 34 54 48 69 7 64 
92 21 74 29 46 94 29 80 60 49 74 69 67 17 25 4 48 25 35 57 94 56 5 38 15 87 13 76 84 17 79 94 
46 88 33 90 50 13 55 17 76 25 47 10 73 38 85 33 60 11 1 2 67 3 51 67 97 74 92 77 29 32 26 45 
75 80 3 78 86 95 9 73 37 31 47 65 1 64 34 13 68 48 34 48 20 2 20 32 92 61 83 84 74 3 92 62 
78 81 15 47 37 17 24 27 66 34 83 67 27 6 64 4 37 59 2 92 59 50 8 77 85 21 64 41 77 44 58 34 
70 98 71 23 65 96 1 75 88 18 80 67 72 33 52 75 18 35 91 14 52 66 20 93 49 2 91 57 19 80 58 30 
13 90 79 16 64 22 26 23 83 23 8 94 51 66 48 58 68 28 75 95 40 21 91 76 18 67 78 42 81 29 36 5 
23 22 83 75 53 52 98 30 28 60 23 43 2 92 22 19 2 4 10 89 27 77 12 23 31 74 67 24 40 72 33 14 
73 76 14 68 10 46 45 36 29 38 43 74 48 13 23 31 20 75 27 10 37 56 96 26 54 34 57 17 83 33 94 2 
92 97 54 23 43 51 75 86 27 49 40 19 88 2 45 19 43 99 6 36 62 80 35 10 78 36 99 67 7 70 1 53 
18 69 50 18 33 20 68 95 46 59 16 68 37 28 40 57 52 91 80 43 19 22 42 20 36 4 2 80 83 77 35 48 
66 61 17 22 45 12 85 41 100 16 9 20 32 34 38 70 99 95 20 51 35 70 81 62 62 15 73 3 33 83 49 39 
0.0 1.0 2.0 3.0 4.0 5.0 6.0 7.0 8.0 9.0 10.0 11.0 12.0 13.0 14.0 15.0 16.0 15.0 14.0 13.0 12.0 11.0 10.0 9.0 8.0 7.0 6.0 5.0 4.0 3.0 2.0 1.0 
1.0 0.0 1.0 2.0 3.0 4.0 5.0 6.0 7.0 8.0 9.0 10.0 11.0 12.0 13.0 14.0 15.0 16.0 15.0 14.0 13.0 12.0 11.0 10.0 9.0 8.0 7.0 6.0 5.0 4.0 3.0 2.0 
2.0 1.0 0.0 1.0 2.0 3.0 4.0 5.0 6.0 7.0 8.0 9.0 10.0 11.0 12.0 13.0 14.0 15.0 16.0 15.0 14.0 13.0 12.0 11.0 10.0 9.0 8.0 7.0 6.0 5.0 4.0 3.0 
3.0 2.0 1.0 0.0 1.0 2.0 3.0 4.0 5.0 6.0 7.0 8.0 9.0 10.0 11.0 12.0 13.0 14.0 15.0 16.0 15.0 14.0 13.0 12.0 11.0 10.0 9.0 8.0 7.0 6.0 5.0 4.0 
4.0 3.0 2.0 1.0 0.0 1.0 2.0 3.0 4.0 5.0 6.0 7.0 8.0 9.0 10.0 11.0 12.0 13.0 14.0 15.0 16.0 15.0 14.0 13.0 12.0 11.0 10.0 9.0 8.0 7.0 6.0 5.0 
5.0 4.0 3.0 2.0 1.0 0.0 1.0 2.0 3.0 4.0 5.0 6.0 7.0 8.0 9.0 10.0 11.0 12.0 13.0 14.0 15.0 16.0 15.0 14.0 13.0 12.0 11.0 10.0 9.0 8.0 7.0 6.0 
6.0 5.0 4.0 3.0 2.0 1.0 0.0 1.0 2.0 3.0 4.0 5.0 6.0 7.0 8.0 9.0 10.0 11.0 12.0 13.0 14.0 15.0 16.0 15.0 14.0 13.0 12.0 11.0 10.0 9.0 8.0 7.0 
7.0 6.0 5.0 4.0 3.0 2.0 1.0 0.0 1.0 2.0 3.0 4.0 5.0 6.0 7.0 8.0 9.0 10.0 11.0 12.0 13.0 14.0 15.0 16.0 15.0 14.0 13.0 12.0 11.0 10.0 9.0 8.0 
8.0 7.0 6.0 5.0 4.0 3.0 2.0 1.0 0.0 1.0 2.0 3.0 4.0 5.0 6.0 7.0 8.0 9.0 10.0 11.0 12.0 13.0 14.0 15.0 16.0 15.0 14.0 13.0 12.0 11.0 10.0 9.0 
9.0 8.0 7.0 6.0 5.0 4.0 3.0 2.0 1.0 0.0 1.0 2.0 3.0 4.0 5.0 6.0 7.0 8.0 9.0 10.0 11.0 12.0 13.0 14.0 15.0 16.0 15.0 14.0 13.0 12.0 11.0 10.0 
10.0 9.0 8.0 7.0 6.0 5.0 4.0 3.0 2.0 1.0 0.0 1.0 2.0 3.0 4.0 5.0 6.0 7.0 8.0 9.0 10.0 11.0 12.0 13.0 14.0 15.0 16.0 15.0 14.0 13.0 12.0 11.0 
11.0 10.0 9.0 8.0 7.0 6.0 5.0 4.0 3.0 2.0 1.0 0.0 1.0 2.0 3.0 4.0 5.0 6.0 7.0 8.0 9.0 10.0 11.0 12.0 13.0 14.0 15.0 16.0 15.0 14.0 13.0 12.0 
12.0 11.0 10.0 9.0 8.0 7.0 6.0 5.0 4.0 3.0 2.0 1.0 0.0 1.0 2.0 3.0 4.0 5.0 6.0 7.0 8.0 9.0 10.0 11.0 12.0 13.0 14.0 15.0 16.0 15.0 14.0 13.0 
13.0 12.0 11.0 10.0 9.0 8.0 7.0 6.0 5.0 4.0 3.0 2.0 1.0 0.0 1.0 2.0 3.0 4.0 5.0 6.0 7.0 8.0 9.0 10.0 11.0 12.0 13.0 14.0 15.0 16.0 15.0 14.0 
14.0 13.0 12.0 11.0 10.0 9.0 8.0 7.0 6.0 5.0 4.0 3.0 2.0 1.0 0.0 1.0 2.0 3.0 4.0 5.0 6.0 7.0 8.0 9.0 10.0 11.0 12.0 13.0 14.0 15.0 16.0 15.0 
15.0 14.0 13.0 12.0 11.0 10.0 9.0 8.0 7.0 6.0 5.0 4.0 3.0 2.0 1.0 0.0 1.0 2.0 3.0 4.0 5.0 6.0 7.0 8.0 9.0 10.0 11.0 12.0 13.0 14.0 15.0 16.0 
16.0 15.0 14.0 13.0 12.0 11.0 10.0 9.0 8.0 7.0 6.0 5.0 4.0 3.0 2.0 1.0 0.0 1.0 2.0 3.0 4.0 5.0 6.0 7.0 8.0 9.0 10.0 11.0 12.0 13.0 14.0 15.0 
15.0 16.0 15.0 14.0 13.0 12.0 11.0 10.0 9.0 8.0 7.0 6.0 5.0 4.0 3.0 2.0 1.0 0.0 1.0 2.0 3.0 4.0 5.0 6.0 7.0 8.0 9.0 10.0 11.0 12.0 13.0 14.0 
14.0 15.0 16.0 15.0 14.0 13.0 12.0 11.0 10.0 9.0 8.0 7.0 6.0 5.0 4.0 3.0 2.0 1.0 0.0 1.0 2.0 3.0 4.0 5.0 6.0 7.0 8.0 9.0 10.0 11.0 12.0 13.0 
13.0 14.0 15.0 16.0 15.0 14.0 13.0 12.0 11.0 10.0 9.0 8.0 7.0 6.0 5.0 4.0 3.0 2.0 1.0 0.0 1.0 2.0 3.0 4.0 5.0 6.0 7.0 8.0 9.0 10.0 11.0 12.0 
12.0 13.0 14.0 15.0 16.0 15.0 14.0 13.0 12.0 11.0 10.0 9.0 8.0 7.0 6.0 5.0 4.0 3.0 2.0 1.0 0.0 1.0 2.0 3.0 4.0 5.0 6.0 7.0 8.0 9.0 10.0 11.0 
11.0 12.0 13.0 14.0 15.0 16.0 15.0 14.0 13.0 12.0 11.0 10.0 9.0 8.0 7.0 6.0 5.0 4.0 3.0 2.0 1.0 0.0 1.0 2.0 3.0 4.0 5.0 6.0 7.0 8.0 9.0 10.0 
10.0 11.0 12.0 13.0 14.0 15.0 16.0 15.0 14.0 13.0 12.0 11.0 10.0 9.0 8.0 7.0 6.0 5.0 4.0 3.0 2.0 1.0 0.0 1.0 2.0 3.0 4.0 5.0 6.0 7.0 8.0 9.0 
9.0 10.0 11.0 12.0 13.0 14.0 15.0 16.0 15.0 14.0 13.0 12.0 11.0 10.0 9.0 8.0 7.0 6.0 5.0 4.0 3.0 2.0 1.0 0.0 1.0 2.0 3.0 4.0 5.0 6.0 7.0 8.0 
8.0 9.0 10.0 11.0 12.0 13.0 14.0 15.0 16.0 15.0 14.0 13.0 12.0 11.0 10.0 9.0 8.0 7.0 6.0 5.0 4.0 3.0 2.0 1.0 0.0 1.0 2.0 3.0 4.0 5.0 6.0 7.0 
7.0 8.0 9.0 10.0 11.0 12.0 13.0 14.0 15.0 16.0 15.0 14.0 13.0 12.0 11.0 10.0 9.0 8.0 7.0 6.0 5.0 4.0 3.0 2.0 1.0 0.0 1.0 2.0 3.0 4.0 5.0 6.0 
6.0 7.0 8.0 9.0 10.0 11.0 12.0 13.0 14.0 15.0 16.0 15.0 14.0 13.0 12.0 11.0 10.0 9.0 8.0 7.0 6.0 5.0 4.0 3.0 2.0 1.0 0.0 1.0 2.0 3.0 4.0 5.0 
5.0 6.0 7.0 8.0 9.0 10.0 11.0 12.0 13.0 14.0 15.0 16.0 15.0 14.0 13.0 12.0 11.0 10.0 9.0 8.0 7.0 6.0 5.0 4.0 3.0 2.0 1.0 0.0 1.0 2.0 3.0 4.0 
4.0 5.0 6.0 7.0 8.0 9.0 10.0 11.0 12.0 13.0 14.0 15.0 16.0 15.0 14.0 13.0 12.0 11.0 10.0 9.0 8.0 7.0 6.0 5.0 4.0 3.0 2.0 1.0 0.0 1.0 2.0 3.0 
3.0 4.0 5.0 6.0 7.0 8.0 9.0 10.0 11.0 12.0 13.0 14.0 15.0 16.0 15.0 14.0 13.0 12.0 11.0 10.0 9.0 8.0 7.0 6.0 5.0 4.0 3.0 2.0 1.0 0.0 1.0 2.0 
2.0 3.0 4.0 5.0 6.0 7.0 8.0 9.0 10.0 11.0 12.0 13.0 14.0 15.0 16.0 15.0 14.0 13.0 12.0 11.0 10.0 9.0 8.0 7.0 6.0 5.0 4.0 3.0 2.0 1.0 0.0 1.0 
1.0 2.0 3.0 4.0 5.0 6.0 7.0 8.0 9.0 10.0 11.0 12.0 13.0 14.0 15.0 16.0 15.0 14.0 13.0 12.0 11.0 10.0 9.0 8.0 7.0 6.0 5.0 4.0 3.0 2.0 1.0 0.0 