16
4 1 6 4 9 10 9 4 4 7 2 10 7 6 3 4 
1 6 2 6 10 1 6 6 5 9 8 7 9 2 6 7 
6 4 9 3 7 5 3 6 6 1 4 9 10 4 1 10 
6 10 5 9 3 1 7 6 2 10 7 7 7 5 9 9 
2 9 5 5 1 1 8 6 1 6 3 10 4 3 6 3 
3 3 4 4 4 3 10 6 2 5 2 1 5 7 10 2 
7 9 8 7 1 6 7 6 3 2 10 9 10 9 7 5 
5 8 3 5 9 7 2 9 5 8 6 5 10 10 1 4 
8 5 1 8 3 5 3 2 10 6 1 10 10 3 1 2 
9 10 9 10 6 1 4 4 1 1 3 7 8 8 8 8 
6 9 9 7 2 2 9 2 1 4 7 2 8 7 7 2 
1 8 2 6 7 5 2 3 9 3 5 6 9 6 10 9 
2 4 3 3 6 6 1 2 9 1 5 8 2 1 6 8 
1 6 4 8 3 8 5 1 6 4 5 3 1 10 4 8 
1 10 4 3 4 2 8 8 7 1 9 3 5 3 1 3 
1 9 4 9 6 8 5 1 10 3 4 7 7 8 2 7 
0.0 1.0 2.0 3.0 4.0 5.0 6.0 7.0 8.0 7.0 6.0 5.0 4.0 3.0 2.0 1.0 
1.0 0.0 1.0 2.0 3.0 4.0 5.0 6.0 7.0 8.0 7.0 6.0 5.0 4.0 3.0 2.0 
2.0 1.0 0.0 1.0 2.0 3.0 4.0 5.0 6.0 7.0 8.0 7.0 6.0 5.0 4.0 3.0 
3.0 2.0 1.0 0.0 1.0 2.0 3.0 4.0 5.0 6.0 7.0 8.0 7.0 6.0 5.0 4.0 
4.0 3.0 2.0 1.0 0.0 1.0 2.0 3.0 4.0 5.0 6.0 7.0 8.0 7.0 6.0 5.0 
5.0 4.0 3.0 2.0 1.0 0.0 1.0 2.0 3.0 4.0 5.0 6.0 7.0 8.0 7.0 6.0 
6.0 5.0 4.0 3.0 2.0 1.0 0.0 1.0 2.0 3.0 4.0 5.0 6.0 7.0 8.0 7.0 
7.0 6.0 5.0 4.0 3.0 2.0 1.0 0.0 1.0 2.0 3.0 4.0 5.0 6.0 7.0 8.0 
8.0 7.0 6.0 5.0 4.0 3.0 2.0 1.0 0.0 1.0 2.0 3.0 4.0 5.0 6.0 7.0 
7.0 8.0 7.0 6.0 5.0 4.0 3.0 2.0 1.0 0.0 1.0 2.0 3.0 4.0 5.0 6.0 
6.0 7.0 8.0 7.0 6.0 5.0 4.0 3.0 2.0 1.0 0.0 1.0 2.0 3.0 4.0 5.0 
5.0 6.0 7.0 8.0 7.0 6.0 5.0 4.0 3.0 2.0 1.0 0.0 1.0 2.0 3.0 4.0 
4.0 5.0 6.0 7.0 8.0 7.0 6.0 5.0 4.0 3.0 2.0 1.0 0.0 1.0 2.0 3.0 
3.0 4.0 5.0 6.0 7.0 8.0 7.0 6.0 5.0 4.0 3.0 2.0 1.0 0.0 1.0 2.0 
2.0 3.0 4.0 5.0 6.0 7.0 8.0 7.0 6.0 5.0 4.0 3.0 2.0 1.0 0.0 1.0 
1.0 2.0 3.0 4.0 5.0 6.0 7.0 8.0 7.0 6.0 5.0 4.0 3.0 2.0 1.0 0.0 