16
2 8 5 9 7 8 1 6 1 2 6 8 2 9 1 1 
4 2 9 7 4 5 3 1 8 8 8 1 4 3 3 5 
6 4 3 9 5 10 7 8 6 3 4 8 6 9 9 3 
7 9 4 6 3 5 6 3 4 9 6 8 2 3 10 10 
3 1 3 7 2 5 6 5 7 10 4 5 4 5 10 3 
9 6 2 10 6 6 7 2 4 2 8 4 4 4 6 8 
7 10 7 2 10 9 5 5 9 8 8 8 7 2 5 7 
4 4 3 1 5 4 5 7 1 6 5 2 3 3 5 8 
8 8 4 1 9 4 8 9 8 6 8 10 8 4 6 9 
9 1 9 8 6 7 2 1 6 1 1 1 4 6 2 6 
3 7 8 7 1 8 10 9 9 7 7 1 3 2 9 6 
2 6 9 9 6 9 4 3 1 8 2 2 8 3 5 10 
7 10 4 2 1 3 2 4 7 6 2 3 10 10 2 6 
10 2 10 4 6 7 8 5 6 9 5 8 2 3 10 10 
4 10 10 1 10 7 4 5 2 8 9 8 1 3 2 1 
10 1 9 10 3 8 10 5 8 9 5 8 1 3 3 8 
0.0 1.0 2.0 3.0 4.0 5.0 6.0 7.0 8.0 7.0 6.0 5.0 4.0 3.0 2.0 1.0 
1.0 0.0 1.0 2.0 3.0 4.0 5.0 6.0 7.0 8.0 7.0 6.0 5.0 4.0 3.0 2.0 
2.0 1.0 0.0 1.0 2.0 3.0 4.0 5.0 6.0 7.0 8.0 7.0 6.0 5.0 4.0 3.0 
3.0 2.0 1.0 0.0 1.0 2.0 3.0 4.0 5.0 6.0 7.0 8.0 7.0 6.0 5.0 4.0 
4.0 3.0 2.0 1.0 0.0 1.0 2.0 3.0 4.0 5.0 6.0 7.0 8.0 7.0 6.0 5.0 
5.0 4.0 3.0 2.0 1.0 0.0 1.0 2.0 3.0 4.0 5.0 6.0 7.0 8.0 7.0 6.0 
6.0 5.0 4.0 3.0 2.0 1.0 0.0 1.0 2.0 3.0 4.0 5.0 6.0 7.0 8.0 7.0 
7.0 6.0 5.0 4.0 3.0 2.0 1.0 0.0 1.0 2.0 3.0 4.0 5.0 6.0 7.0 8.0 
8.0 7.0 6.0 5.0 4.0 3.0 2.0 1.0 0.0 1.0 2.0 3.0 4.0 5.0 6.0 7.0 
7.0 8.0 7.0 6.0 5.0 4.0 3.0 2.0 1.0 0.0 1.0 2.0 3.0 4.0 5.0 6.0 
6.0 7.0 8.0 7.0 6.0 5.0 4.0 3.0 2.0 1.0 0.0 1.0 2.0 3.0 4.0 5.0 
5.0 6.0 7.0 8.0 7.0 6.0 5.0 4.0 3.0 2.0 1.0 0.0 1.0 2.0 3.0 4.0 
4.0 5.0 6.0 7.0 8.0 7.0 6.0 5.0 4.0 3.0 2.0 1.0 0.0 1.0 2.0 3.0 
3.0 4.0 5.0 6.0 7.0 8.0 7.0 6.0 5.0 4.0 3.0 2.0 1.0 0.0 1.0 2.0 
2.0 3.0 4.0 5.0 6.0 7.0 8.0 7.0 6.0 5.0 4.0 3.0 2.0 1.0 0.0 1.0 
1.0 2.0 3.0 4.0 5.0 6.0 7.0 8.0 7.0 6.0 5.0 4.0 3.0 2.0 1.0 0.0 