16
88 55 76 66 78 80 32 50 34 36 66 66 20 35 26 36 
34 20 68 48 46 17 84 94 99 36 44 87 64 67 88 89 
70 37 4 40 87 4 70 87 21 88 53 99 14 72 59 20 
2 2 97 93 95 92 64 2 48 34 70 39 89 100 8 1 
46 80 79 52 39 30 84 81 97 1 93 76 31 53 34 54 
91 85 44 24 85 13 97 7 21 18 97 86 38 48 12 39 
98 2 86 27 20 93 75 12 12 33 61 20 84 78 92 3 
25 29 43 49 43 13 31 35 11 63 2 84 18 28 81 77 
15 77 49 95 57 3 76 98 57 98 16 45 83 11 60 7 
45 65 88 32 33 100 38 80 90 63 10 54 22 70 15 5 
86 74 50 75 2 91 40 53 59 62 77 43 21 28 78 93 
72 68 38 57 61 63 63 65 56 13 2 62 92 9 15 99 
29 88 43 25 78 23 73 26 49 62 45 80 52 24 86 34 
58 62 70 1 24 10 50 74 95 2 93 33 12 13 35 62 
85 36 74 5 23 13 92 34 8 59 1 19 9 38 70 22 
24 35 35 6 29 39 5 83 88 55 17 93 36 53 27 45 
0.0 1.0 2.0 3.0 4.0 5.0 6.0 7.0 8.0 7.0 6.0 5.0 4.0 3.0 2.0 1.0 
1.0 0.0 1.0 2.0 3.0 4.0 5.0 6.0 7.0 8.0 7.0 6.0 5.0 4.0 3.0 2.0 
2.0 1.0 0.0 1.0 2.0 3.0 4.0 5.0 6.0 7.0 8.0 7.0 6.0 5.0 4.0 3.0 
3.0 2.0 1.0 0.0 1.0 2.0 3.0 4.0 5.0 6.0 7.0 8.0 7.0 6.0 5.0 4.0 
4.0 3.0 2.0 1.0 0.0 1.0 2.0 3.0 4.0 5.0 6.0 7.0 8.0 7.0 6.0 5.0 
5.0 4.0 3.0 2.0 1.0 0.0 1.0 2.0 3.0 4.0 5.0 6.0 7.0 8.0 7.0 6.0 
6.0 5.0 4.0 3.0 2.0 1.0 0.0 1.0 2.0 3.0 4.0 5.0 6.0 7.0 8.0 7.0 
7.0 6.0 5.0 4.0 3.0 2.0 1.0 0.0 1.0 2.0 3.0 4.0 5.0 6.0 7.0 8.0 
8.0 7.0 6.0 5.0 4.0 3.0 2.0 1.0 0.0 1.0 2.0 3.0 4.0 5.0 6.0 7.0 
7.0 8.0 7.0 6.0 5.0 4.0 3.0 2.0 1.0 0.0 1.0 2.0 3.0 4.0 5.0 6.0 
6.0 7.0 8.0 7.0 6.0 5.0 4.0 3.0 2.0 1.0 0.0 1.0 2.0 3.0 4.0 5.0 
5.0 6.0 7.0 8.0 7.0 6.0 5.0 4.0 3.0 2.0 1.0 0.0 1.0 2.0 3.0 4.0 
4.0 5.0 6.0 7.0 8.0 7.0 6.0 5.0 4.0 3.0 2.0 1.0 0.0 1.0 2.0 3.0 
3.0 4.0 5.0 6.0 7.0 8.0 7.0 6.0 5.0 4.0 3.0 2.0 1.0 0.0 1.0 2.0 
2.0 3.0 4.0 5.0 6.0 7.0 8.0 7.0 6.0 5.0 4.0 3.0 2.0 1.0 0.0 1.0 
1.0 2.0 3.0 4.0 5.0 6.0 7.0 8.0 7.0 6.0 5.0 4.0 3.0 2.0 1.0 0.0 