16
30 76 56 37 91 96 33 26 22 49 25 72 52 64 4 96 
56 54 47 45 15 62 100 32 52 93 82 66 54 38 65 29 
6 65 56 17 72 65 51 25 49 1 21 22 38 9 43 44 
46 57 67 54 39 43 99 50 56 81 32 53 16 11 85 54 
51 19 1 17 75 60 52 68 60 25 4 42 63 18 69 9 
94 6 49 76 100 15 15 88 6 16 25 85 74 11 74 37 
44 36 81 14 76 7 87 91 66 98 18 77 30 46 62 39 
38 86 26 22 35 69 31 29 6 57 32 32 81 47 54 66 
41 77 30 76 95 18 57 98 82 86 48 3 54 87 39 4 
76 13 82 56 45 77 10 75 11 4 82 35 13 53 39 62 
56 57 52 20 86 98 5 89 13 63 97 2 33 93 88 55 
31 29 69 9 97 55 27 22 68 32 28 59 87 94 16 28 
65 30 12 13 8 7 16 5 78 83 37 6 53 3 58 18 
73 89 95 33 76 64 31 76 92 49 77 93 56 93 81 38 
28 77 56 46 76 5 87 55 12 5 25 7 72 54 14 78 
70 14 10 91 35 13 60 54 46 17 69 92 21 82 44 88 
0.0 1.0 2.0 3.0 4.0 5.0 6.0 7.0 8.0 7.0 6.0 5.0 4.0 3.0 2.0 1.0 
1.0 0.0 1.0 2.0 3.0 4.0 5.0 6.0 7.0 8.0 7.0 6.0 5.0 4.0 3.0 2.0 
2.0 1.0 0.0 1.0 2.0 3.0 4.0 5.0 6.0 7.0 8.0 7.0 6.0 5.0 4.0 3.0 
3.0 2.0 1.0 0.0 1.0 2.0 3.0 4.0 5.0 6.0 7.0 8.0 7.0 6.0 5.0 4.0 
4.0 3.0 2.0 1.0 0.0 1.0 2.0 3.0 4.0 5.0 6.0 7.0 8.0 7.0 6.0 5.0 
5.0 4.0 3.0 2.0 1.0 0.0 1.0 2.0 3.0 4.0 5.0 6.0 7.0 8.0 7.0 6.0 
6.0 5.0 4.0 3.0 2.0 1.0 0.0 1.0 2.0 3.0 4.0 5.0 6.0 7.0 8.0 7.0 
7.0 6.0 5.0 4.0 3.0 2.0 1.0 0.0 1.0 2.0 3.0 4.0 5.0 6.0 7.0 8.0 
8.0 7.0 6.0 5.0 4.0 3.0 2.0 1.0 0.0 1.0 2.0 3.0 4.0 5.0 6.0 7.0 
7.0 8.0 7.0 6.0 5.0 4.0 3.0 2.0 1.0 0.0 1.0 2.0 3.0 4.0 5.0 6.0 
6.0 7.0 8.0 7.0 6.0 5.0 4.0 3.0 2.0 1.0 0.0 1.0 2.0 3.0 4.0 5.0 
5.0 6.0 7.0 8.0 7.0 6.0 5.0 4.0 3.0 2.0 1.0 0.0 1.0 2.0 3.0 4.0 
4.0 5.0 6.0 7.0 8.0 7.0 6.0 5.0 4.0 3.0 2.0 1.0 0.0 1.0 2.0 3.0 
3.0 4.0 5.0 6.0 7.0 8.0 7.0 6.0 5.0 4.0 3.0 2.0 1.0 0.0 1.0 2.0 
2.0 3.0 4.0 5.0 6.0 7.0 8.0 7.0 6.0 5.0 4.0 3.0 2.0 1.0 0.0 1.0 
1.0 2.0 3.0 4.0 5.0 6.0 7.0 8.0 7.0 6.0 5.0 4.0 3.0 2.0 1.0 0.0 