16
3 39 84 71 49 20 20 44 70 49 66 83 41 9 20 96 
47 69 39 89 99 2 67 90 8 20 99 79 39 5 79 64 
90 88 48 77 52 9 77 35 11 21 29 7 10 33 8 83 
68 96 88 76 3 73 3 59 23 96 42 72 47 43 14 17 
22 52 29 95 56 14 66 88 75 73 96 44 78 25 51 54 
21 70 67 79 87 46 54 14 49 70 7 92 96 89 86 70 
4 24 84 33 13 26 87 77 41 70 80 94 36 78 20 26 
50 84 20 35 19 44 53 55 65 16 7 44 40 26 3 56 
92 50 49 73 8 77 11 91 64 86 78 52 75 60 74 39 
50 63 22 60 11 73 18 58 6 57 43 17 41 33 81 62 
79 87 24 84 19 26 63 18 99 35 21 54 85 24 50 34 
27 54 11 26 75 77 49 34 58 5 62 69 69 2 64 11 
54 70 100 15 82 45 94 65 5 51 69 62 2 79 86 36 
5 95 40 85 38 18 26 67 75 10 36 97 2 56 19 14 
15 12 37 13 17 69 99 69 74 16 100 43 78 51 68 17 
9 61 46 38 67 17 28 25 36 9 20 96 100 70 8 49 
0.0 1.0 2.0 3.0 4.0 5.0 6.0 7.0 8.0 7.0 6.0 5.0 4.0 3.0 2.0 1.0 
1.0 0.0 1.0 2.0 3.0 4.0 5.0 6.0 7.0 8.0 7.0 6.0 5.0 4.0 3.0 2.0 
2.0 1.0 0.0 1.0 2.0 3.0 4.0 5.0 6.0 7.0 8.0 7.0 6.0 5.0 4.0 3.0 
3.0 2.0 1.0 0.0 1.0 2.0 3.0 4.0 5.0 6.0 7.0 8.0 7.0 6.0 5.0 4.0 
4.0 3.0 2.0 1.0 0.0 1.0 2.0 3.0 4.0 5.0 6.0 7.0 8.0 7.0 6.0 5.0 
5.0 4.0 3.0 2.0 1.0 0.0 1.0 2.0 3.0 4.0 5.0 6.0 7.0 8.0 7.0 6.0 
6.0 5.0 4.0 3.0 2.0 1.0 0.0 1.0 2.0 3.0 4.0 5.0 6.0 7.0 8.0 7.0 
7.0 6.0 5.0 4.0 3.0 2.0 1.0 0.0 1.0 2.0 3.0 4.0 5.0 6.0 7.0 8.0 
8.0 7.0 6.0 5.0 4.0 3.0 2.0 1.0 0.0 1.0 2.0 3.0 4.0 5.0 6.0 7.0 
7.0 8.0 7.0 6.0 5.0 4.0 3.0 2.0 1.0 0.0 1.0 2.0 3.0 4.0 5.0 6.0 
6.0 7.0 8.0 7.0 6.0 5.0 4.0 3.0 2.0 1.0 0.0 1.0 2.0 3.0 4.0 5.0 
5.0 6.0 7.0 8.0 7.0 6.0 5.0 4.0 3.0 2.0 1.0 0.0 1.0 2.0 3.0 4.0 
4.0 5.0 6.0 7.0 8.0 7.0 6.0 5.0 4.0 3.0 2.0 1.0 0.0 1.0 2.0 3.0 
3.0 4.0 5.0 6.0 7.0 8.0 7.0 6.0 5.0 4.0 3.0 2.0 1.0 0.0 1.0 2.0 
2.0 3.0 4.0 5.0 6.0 7.0 8.0 7.0 6.0 5.0 4.0 3.0 2.0 1.0 0.0 1.0 
1.0 2.0 3.0 4.0 5.0 6.0 7.0 8.0 7.0 6.0 5.0 4.0 3.0 2.0 1.0 0.0 