32
24 33 32 82 84 64 16 53 61 26 19 89 74 30 7 27 16 1 15 30 53 80 32 64 2 5 12 46 92 20 15 29 
67 65 10 74 8 75 64 66 23 84 93 71 26 21 64 77 58 75 67 95 59 22 41 65 44 49 69 64 2 7 52 40 
39 26 96 52 27 6 80 44 1 7 71 41 8 94 48 53 64 93 59 74 95 97 74 32 1 19 31 68 83 51 59 58 
28 37 84 75 85 69 51 37 71 59 77 46 78 70 100 84 5 61 87 27 78 65 98 62 44 83 8 13 62 32 68 58 
29 48 20 40 90 20 6 79 37 79 67 69 84 66 60 100 12 12 50 19 79 46 71 72 56 64 38 50 91 18 39 74 
21 60 46 30 12 18 16 55 22 29 62 16 43 87 76 65 12 16 43 54 88 60 68 82 51 12 26 50 29 65 28 40 
13 41 35 5 25 55 29 51 44 72 83 51 6 7 21 68 89 1 75 78 2 57 51 46 98 87 70 28 92 90 43 10 
67 12 92 46 18 75 79 61 7 36 90 12 48 44 3 53 6 15 73 66 33 5 54 11 36 43 80 27 50 42 30 50 
98 62 43 90 77 32 84 61 67 47 33 25 50 63 63 6 65 94 50 28 51 54 5 47 19 77 81 13 78 48 24 58 
33 78 24 47 34 82 88 71 13 8 17 48 82 74 88 17 4 90 29 1 6 88 72 96 11 19 74 49 61 81 51 26 
56 61 4 11 92 85 10 55 16 47 97 32 20 46 23 47 14 84 69 83 38 97 81 77 63 55 10 21 100 78 57 68 
85 89 79 5 77 2 46 95 19 77 78 97 57 37 76 28 14 22 23 67 37 77 37 8 1 56 53 9 24 12 73 13 
85 47 86 37 45 13 68 51 49 75 97 57 74 8 55 52 73 56 25 23 67 46 85 4 13 16 21 89 45 19 37 18 
8 47 38 12 66 88 68 70 87 99 51 61 26 86 46 25 53 100 94 73 65 6 16 64 78 92 35 23 86 88 96 34 
46 73 99 35 91 78 84 34 15 10 50 89 13 12 36 64 100 2 52 56 70 65 20 44 8 17 89 29 57 90 18 33 
49 15 71 32 25 61 32 69 24 53 4 96 35 93 98 82 19 81 98 100 88 81 33 38 30 32 90 95 19 81 36 84 
16 85 23 14 6 1 17 19 27 43 64 68 22 8 47 75 69 27 11 92 56 17 37 99 33 70 100 84 47 65 37 6 
57 28 47 13 71 94 27 3 84 8 18 46 72 8 7 96 68 51 67 6 55 12 50 32 62 46 26 34 32 3 82 97 
49 83 3 94 33 44 14 42 20 41 54 61 45 31 68 7 16 78 90 94 95 96 96 27 57 18 99 88 92 98 54 11 
2 100 76 94 45 91 41 37 19 53 88 36 92 74 38 77 62 97 31 34 28 95 56 94 50 62 9 33 71 17 96 87 
34 29 24 9 50 39 75 50 55 37 7 27 49 41 23 27 44 96 34 94 28 9 35 10 12 59 32 91 64 1 39 37 
51 39 65 98 57 15 97 54 2 81 34 61 10 6 9 53 71 2 84 27 30 79 3 93 5 95 26 82 96 14 57 61 
23 74 35 63 36 27 64 48 18 50 19 83 8 80 99 70 68 35 18 24 15 60 48 92 19 98 80 1 27 54 24 78 
94 73 3 30 77 44 96 36 94 95 45 27 61 97 45 73 65 48 24 75 67 8 59 52 20 68 50 96 93 34 39 75 
66 64 15 72 38 64 73 24 34 58 58 65 92 30 89 25 23 31 15 64 70 15 44 48 79 12 92 43 12 18 6 75 
44 81 70 89 11 83 78 100 52 12 20 43 47 89 34 40 67 50 38 71 78 9 69 51 40 62 19 31 45 73 22 18 
19 75 88 28 34 17 18 51 5 3 81 60 42 7 35 49 79 68 52 18 80 12 87 46 90 15 7 19 64 81 50 21 
40 80 68 96 93 44 83 97 46 84 33 71 53 45 35 28 31 44 62 96 34 44 16 33 52 95 52 95 21 39 28 81 
32 18 56 53 56 56 31 14 29 85 43 52 99 95 29 67 94 50 16 82 58 77 55 80 9 35 79 31 99 42 15 79 
13 12 56 99 40 55 67 65 47 8 17 51 96 1 100 76 45 54 98 83 80 72 77 16 96 90 60 32 49 43 96 83 
45 95 53 47 46 46 53 43 34 62 91 54 92 63 75 100 28 59 36 78 71 19 20 37 72 98 35 16 39 100 68 93 
99 50 50 80 48 40 86 20 3 98 11 38 37 89 95 74 98 87 42 14 78 54 38 59 10 53 48 90 1 81 50 87 
0.0 1.0 2.0 3.0 4.0 5.0 6.0 7.0 8.0 9.0 10.0 11.0 12.0 13.0 14.0 15.0 16.0 15.0 14.0 13.0 12.0 11.0 10.0 9.0 8.0 7.0 6.0 5.0 4.0 3.0 2.0 1.0 
1.0 0.0 1.0 2.0 3.0 4.0 5.0 6.0 7.0 8.0 9.0 10.0 11.0 12.0 13.0 14.0 15.0 16.0 15.0 14.0 13.0 12.0 11.0 10.0 9.0 8.0 7.0 6.0 5.0 4.0 3.0 2.0 
2.0 1.0 0.0 1.0 2.0 3.0 4.0 5.0 6.0 7.0 8.0 9.0 10.0 11.0 12.0 13.0 14.0 15.0 16.0 15.0 14.0 13.0 12.0 11.0 10.0 9.0 8.0 7.0 6.0 5.0 4.0 3.0 
3.0 2.0 1.0 0.0 1.0 2.0 3.0 4.0 5.0 6.0 7.0 8.0 9.0 10.0 11.0 12.0 13.0 14.0 15.0 16.0 15.0 14.0 13.0 12.0 11.0 10.0 9.0 8.0 7.0 6.0 5.0 4.0 
4.0 3.0 2.0 1.0 0.0 1.0 2.0 3.0 4.0 5.0 6.0 7.0 8.0 9.0 10.0 11.0 12.0 13.0 14.0 15.0 16.0 15.0 14.0 13.0 12.0 11.0 10.0 9.0 8.0 7.0 6.0 5.0 
5.0 4.0 3.0 2.0 1.0 0.0 1.0 2.0 3.0 4.0 5.0 6.0 7.0 8.0 9.0 10.0 11.0 12.0 13.0 14.0 15.0 16.0 15.0 14.0 13.0 12.0 11.0 10.0 9.0 8.0 7.0 6.0 
6.0 5.0 4.0 3.0 2.0 1.0 0.0 1.0 2.0 3.0 4.0 5.0 6.0 7.0 8.0 9.0 10.0 11.0 12.0 13.0 14.0 15.0 16.0 15.0 14.0 13.0 12.0 11.0 10.0 9.0 8.0 7.0 
7.0 6.0 5.0 4.0 3.0 2.0 1.0 0.0 1.0 2.0 3.0 4.0 5.0 6.0 7.0 8.0 9.0 10.0 11.0 12.0 13.0 14.0 15.0 16.0 15.0 14.0 13.0 12.0 11.0 10.0 9.0 8.0 
8.0 7.0 6.0 5.0 4.0 3.0 2.0 1.0 0.0 1.0 2.0 3.0 4.0 5.0 6.0 7.0 8.0 9.0 10.0 11.0 12.0 13.0 14.0 15.0 16.0 15.0 14.0 13.0 12.0 11.0 10.0 9.0 
9.0 8.0 7.0 6.0 5.0 4.0 3.0 2.0 1.0 0.0 1.0 2.0 3.0 4.0 5.0 6.0 7.0 8.0 9.0 10.0 11.0 12.0 13.0 14.0 15.0 16.0 15.0 14.0 13.0 12.0 11.0 10.0 
10.0 9.0 8.0 7.0 6.0 5.0 4.0 3.0 2.0 1.0 0.0 1.0 2.0 3.0 4.0 5.0 6.0 7.0 8.0 9.0 10.0 11.0 12.0 13.0 14.0 15.0 16.0 15.0 14.0 13.0 12.0 11.0 
11.0 10.0 9.0 8.0 7.0 6.0 5.0 4.0 3.0 2.0 1.0 0.0 1.0 2.0 3.0 4.0 5.0 6.0 7.0 8.0 9.0 10.0 11.0 12.0 13.0 14.0 15.0 16.0 15.0 14.0 13.0 12.0 
12.0 11.0 10.0 9.0 8.0 7.0 6.0 5.0 4.0 3.0 2.0 1.0 0.0 1.0 2.0 3.0 4.0 5.0 6.0 7.0 8.0 9.0 10.0 11.0 12.0 13.0 14.0 15.0 16.0 15.0 14.0 13.0 
13.0 12.0 11.0 10.0 9.0 8.0 7.0 6.0 5.0 4.0 3.0 2.0 1.0 0.0 1.0 2.0 3.0 4.0 5.0 6.0 7.0 8.0 9.0 10.0 11.0 12.0 13.0 14.0 15.0 16.0 15.0 14.0 
14.0 13.0 12.0 11.0 10.0 9.0 8.0 7.0 6.0 5.0 4.0 3.0 2.0 1.0 0.0 1.0 2.0 3.0 4.0 5.0 6.0 7.0 8.0 9.0 10.0 11.0 12.0 13.0 14.0 15.0 16.0 15.0 
15.0 14.0 13.0 12.0 11.0 10.0 9.0 8.0 7.0 6.0 5.0 4.0 3.0 2.0 1.0 0.0 1.0 2.0 3.0 4.0 5.0 6.0 7.0 8.0 9.0 10.0 11.0 12.0 13.0 14.0 15.0 16.0 
16.0 15.0 14.0 13.0 12.0 11.0 10.0 9.0 8.0 7.0 6.0 5.0 4.0 3.0 2.0 1.0 0.0 1.0 2.0 3.0 4.0 5.0 6.0 7.0 8.0 9.0 10.0 11.0 12.0 13.0 14.0 15.0 
15.0 16.0 15.0 14.0 13.0 12.0 11.0 10.0 9.0 8.0 7.0 6.0 5.0 4.0 3.0 2.0 1.0 0.0 1.0 2.0 3.0 4.0 5.0 6.0 7.0 8.0 9.0 10.0 11.0 12.0 13.0 14.0 
14.0 15.0 16.0 15.0 14.0 13.0 12.0 11.0 10.0 9.0 8.0 7.0 6.0 5.0 4.0 3.0 2.0 1.0 0.0 1.0 2.0 3.0 4.0 5.0 6.0 7.0 8.0 9.0 10.0 11.0 12.0 13.0 
13.0 14.0 15.0 16.0 15.0 14.0 13.0 12.0 11.0 10.0 9.0 8.0 7.0 6.0 5.0 4.0 3.0 2.0 1.0 0.0 1.0 2.0 3.0 4.0 5.0 6.0 7.0 8.0 9.0 10.0 11.0 12.0 
12.0 13.0 14.0 15.0 16.0 15.0 14.0 13.0 12.0 11.0 10.0 9.0 8.0 7.0 6.0 5.0 4.0 3.0 2.0 1.0 0.0 1.0 2.0 3.0 4.0 5.0 6.0 7.0 8.0 9.0 10.0 11.0 
11.0 12.0 13.0 14.0 15.0 16.0 15.0 14.0 13.0 12.0 11.0 10.0 9.0 8.0 7.0 6.0 5.0 4.0 3.0 2.0 1.0 0.0 1.0 2.0 3.0 4.0 5.0 6.0 7.0 8.0 9.0 10.0 
10.0 11.0 12.0 13.0 14.0 15.0 16.0 15.0 14.0 13.0 12.0 11.0 10.0 9.0 8.0 7.0 6.0 5.0 4.0 3.0 2.0 1.0 0.0 1.0 2.0 3.0 4.0 5.0 6.0 7.0 8.0 9.0 
9.0 10.0 11.0 12.0 13.0 14.0 15.0 16.0 15.0 14.0 13.0 12.0 11.0 10.0 9.0 8.0 7.0 6.0 5.0 4.0 3.0 2.0 1.0 0.0 1.0 2.0 3.0 4.0 5.0 6.0 7.0 8.0 
8.0 9.0 10.0 11.0 12.0 13.0 14.0 15.0 16.0 15.0 14.0 13.0 12.0 11.0 10.0 9.0 8.0 7.0 6.0 5.0 4.0 3.0 2.0 1.0 0.0 1.0 2.0 3.0 4.0 5.0 6.0 7.0 
7.0 8.0 9.0 10.0 11.0 12.0 13.0 14.0 15.0 16.0 15.0 14.0 13.0 12.0 11.0 10.0 9.0 8.0 7.0 6.0 5.0 4.0 3.0 2.0 1.0 0.0 1.0 2.0 3.0 4.0 5.0 6.0 
6.0 7.0 8.0 9.0 10.0 11.0 12.0 13.0 14.0 15.0 16.0 15.0 14.0 13.0 12.0 11.0 10.0 9.0 8.0 7.0 6.0 5.0 4.0 3.0 2.0 1.0 0.0 1.0 2.0 3.0 4.0 5.0 
5.0 6.0 7.0 8.0 9.0 10.0 11.0 12.0 13.0 14.0 15.0 16.0 15.0 14.0 13.0 12.0 11.0 10.0 9.0 8.0 7.0 6.0 5.0 4.0 3.0 2.0 1.0 0.0 1.0 2.0 3.0 4.0 
4.0 5.0 6.0 7.0 8.0 9.0 10.0 11.0 12.0 13.0 14.0 15.0 16.0 15.0 14.0 13.0 12.0 11.0 10.0 9.0 8.0 7.0 6.0 5.0 4.0 3.0 2.0 1.0 0.0 1.0 2.0 3.0 
3.0 4.0 5.0 6.0 7.0 8.0 9.0 10.0 11.0 12.0 13.0 14.0 15.0 16.0 15.0 14.0 13.0 12.0 11.0 10.0 9.0 8.0 7.0 6.0 5.0 4.0 3.0 2.0 1.0 0.0 1.0 2.0 
2.0 3.0 4.0 5.0 6.0 7.0 8.0 9.0 10.0 11.0 12.0 13.0 14.0 15.0 16.0 15.0 14.0 13.0 12.0 11.0 10.0 9.0 8.0 7.0 6.0 5.0 4.0 3.0 2.0 1.0 0.0 1.0 
1.0 2.0 3.0 4.0 5.0 6.0 7.0 8.0 9.0 10.0 11.0 12.0 13.0 14.0 15.0 16.0 15.0 14.0 13.0 12.0 11.0 10.0 9.0 8.0 7.0 6.0 5.0 4.0 3.0 2.0 1.0 0.0 