32
6 51 65 77 34 80 9 78 39 1 47 43 16 29 44 81 75 18 99 68 82 38 92 92 72 75 88 21 12 10 37 59 
89 74 72 15 27 38 97 32 9 84 41 17 100 12 95 12 93 25 63 51 62 1 77 34 99 77 47 75 52 71 99 37 
78 44 34 50 24 67 75 22 90 82 73 4 44 30 47 18 40 58 94 25 19 93 66 53 68 21 92 47 78 73 100 58 
36 12 41 55 55 30 20 13 76 12 57 33 96 44 11 40 74 33 18 76 98 56 86 24 71 92 54 19 15 95 8 53 
53 21 17 90 86 77 55 13 39 32 40 1 60 84 31 68 43 98 5 73 62 12 53 28 25 17 85 6 83 95 33 47 
79 35 4 36 43 20 22 23 60 78 91 52 58 56 41 38 10 41 30 76 61 12 40 74 15 65 99 35 97 48 23 70 
15 52 74 55 81 63 98 24 89 63 83 45 36 16 40 66 33 47 61 48 64 83 85 94 33 38 40 41 98 28 17 60 
10 56 76 8 19 27 23 42 53 40 86 10 47 83 62 72 45 74 10 88 88 64 83 36 10 77 22 100 19 67 89 45 
15 25 21 9 15 44 11 33 72 18 38 62 8 82 12 1 24 4 36 25 41 21 4 93 64 41 49 70 27 69 41 96 
83 82 26 90 38 55 56 34 58 20 87 43 32 26 21 89 46 41 47 4 54 98 76 18 74 23 6 57 62 15 40 5 
56 46 78 69 25 13 90 84 26 12 95 98 7 4 74 1 12 12 91 31 15 27 8 91 71 98 79 67 76 93 79 92 
88 83 30 84 33 19 59 84 20 31 85 32 1 81 98 87 43 99 91 95 69 32 13 82 99 91 27 3 43 37 11 86 
4 92 28 94 47 40 76 48 96 35 43 56 54 89 38 6 86 27 100 92 6 96 41 39 57 43 24 5 72 84 51 27 
47 97 40 57 38 57 21 65 96 46 19 45 11 86 24 15 92 36 48 63 1 15 57 8 19 12 96 66 68 7 66 28 
45 35 14 50 2 71 56 45 51 25 53 16 7 52 85 51 28 60 16 39 4 84 64 92 38 23 84 20 70 69 10 66 
39 52 9 52 32 2 88 13 79 9 22 62 49 6 59 32 96 16 46 8 91 44 40 87 4 6 85 84 70 54 83 76 
51 13 50 36 40 51 78 32 29 91 42 93 11 100 76 53 3 22 59 21 1 9 41 84 85 96 28 63 71 46 54 33 
96 91 21 6 75 58 50 65 92 58 71 87 88 8 10 49 7 65 11 60 8 73 90 63 14 63 81 10 16 34 79 31 
29 78 23 91 90 41 92 56 23 97 93 88 69 20 27 96 70 12 67 94 19 38 51 35 78 62 87 26 42 66 30 63 
88 65 22 36 40 97 75 63 74 71 67 60 26 70 16 77 16 20 37 27 82 10 77 64 81 69 54 34 9 49 23 84 
43 44 30 46 65 9 25 12 13 96 88 54 33 27 9 39 19 27 70 85 71 7 77 28 31 80 3 69 3 4 31 90 
22 33 93 42 41 33 7 96 83 26 85 27 24 60 94 88 4 6 32 32 69 22 97 100 48 59 61 47 89 58 3 78 
30 62 64 4 94 79 28 71 20 50 59 83 16 82 63 77 17 31 1 68 58 100 96 77 19 22 36 8 21 96 59 21 
60 76 68 74 4 66 7 53 66 76 69 20 9 78 49 93 6 59 83 74 52 97 1 29 21 34 97 83 13 12 44 88 
9 17 29 78 72 90 73 12 15 30 2 55 87 72 71 25 13 35 1 27 59 59 16 31 5 31 61 4 52 46 77 96 
85 94 99 90 55 39 92 85 42 26 84 85 21 62 7 5 18 56 18 11 46 78 24 5 18 59 9 84 14 1 73 22 
16 9 13 86 3 29 40 64 82 27 85 94 73 19 1 84 97 82 26 42 38 36 79 47 56 59 5 40 75 81 56 75 
49 11 69 97 99 92 89 26 65 12 53 95 97 64 26 74 77 85 67 20 13 60 91 54 94 84 27 24 48 55 68 64 
22 64 12 32 41 28 71 86 47 85 63 8 19 24 4 31 97 49 3 99 37 90 9 93 64 15 57 62 97 41 79 82 
47 36 63 59 6 76 49 7 90 24 80 65 77 37 98 44 62 63 75 17 7 83 56 22 81 64 51 10 33 28 39 78 
91 14 17 16 34 5 90 36 45 14 36 63 90 10 34 53 74 14 27 39 80 99 24 6 24 80 82 3 13 71 100 49 
56 77 100 40 33 90 70 15 55 42 61 38 80 58 37 63 67 29 43 13 82 83 55 73 55 15 73 18 71 89 31 81 
0.0 1.0 2.0 3.0 4.0 5.0 6.0 7.0 8.0 9.0 10.0 11.0 12.0 13.0 14.0 15.0 16.0 15.0 14.0 13.0 12.0 11.0 10.0 9.0 8.0 7.0 6.0 5.0 4.0 3.0 2.0 1.0 
1.0 0.0 1.0 2.0 3.0 4.0 5.0 6.0 7.0 8.0 9.0 10.0 11.0 12.0 13.0 14.0 15.0 16.0 15.0 14.0 13.0 12.0 11.0 10.0 9.0 8.0 7.0 6.0 5.0 4.0 3.0 2.0 
2.0 1.0 0.0 1.0 2.0 3.0 4.0 5.0 6.0 7.0 8.0 9.0 10.0 11.0 12.0 13.0 14.0 15.0 16.0 15.0 14.0 13.0 12.0 11.0 10.0 9.0 8.0 7.0 6.0 5.0 4.0 3.0 
3.0 2.0 1.0 0.0 1.0 2.0 3.0 4.0 5.0 6.0 7.0 8.0 9.0 10.0 11.0 12.0 13.0 14.0 15.0 16.0 15.0 14.0 13.0 12.0 11.0 10.0 9.0 8.0 7.0 6.0 5.0 4.0 
4.0 3.0 2.0 1.0 0.0 1.0 2.0 3.0 4.0 5.0 6.0 7.0 8.0 9.0 10.0 11.0 12.0 13.0 14.0 15.0 16.0 15.0 14.0 13.0 12.0 11.0 10.0 9.0 8.0 7.0 6.0 5.0 
5.0 4.0 3.0 2.0 1.0 0.0 1.0 2.0 3.0 4.0 5.0 6.0 7.0 8.0 9.0 10.0 11.0 12.0 13.0 14.0 15.0 16.0 15.0 14.0 13.0 12.0 11.0 10.0 9.0 8.0 7.0 6.0 
6.0 5.0 4.0 3.0 2.0 1.0 0.0 1.0 2.0 3.0 4.0 5.0 6.0 7.0 8.0 9.0 10.0 11.0 12.0 13.0 14.0 15.0 16.0 15.0 14.0 13.0 12.0 11.0 10.0 9.0 8.0 7.0 
7.0 6.0 5.0 4.0 3.0 2.0 1.0 0.0 1.0 2.0 3.0 4.0 5.0 6.0 7.0 8.0 9.0 10.0 11.0 12.0 13.0 14.0 15.0 16.0 15.0 14.0 13.0 12.0 11.0 10.0 9.0 8.0 
8.0 7.0 6.0 5.0 4.0 3.0 2.0 1.0 0.0 1.0 2.0 3.0 4.0 5.0 6.0 7.0 8.0 9.0 10.0 11.0 12.0 13.0 14.0 15.0 16.0 15.0 14.0 13.0 12.0 11.0 10.0 9.0 
9.0 8.0 7.0 6.0 5.0 4.0 3.0 2.0 1.0 0.0 1.0 2.0 3.0 4.0 5.0 6.0 7.0 8.0 9.0 10.0 11.0 12.0 13.0 14.0 15.0 16.0 15.0 14.0 13.0 12.0 11.0 10.0 
10.0 9.0 8.0 7.0 6.0 5.0 4.0 3.0 2.0 1.0 0.0 1.0 2.0 3.0 4.0 5.0 6.0 7.0 8.0 9.0 10.0 11.0 12.0 13.0 14.0 15.0 16.0 15.0 14.0 13.0 12.0 11.0 
11.0 10.0 9.0 8.0 7.0 6.0 5.0 4.0 3.0 2.0 1.0 0.0 1.0 2.0 3.0 4.0 5.0 6.0 7.0 8.0 9.0 10.0 11.0 12.0 13.0 14.0 15.0 16.0 15.0 14.0 13.0 12.0 
12.0 11.0 10.0 9.0 8.0 7.0 6.0 5.0 4.0 3.0 2.0 1.0 0.0 1.0 2.0 3.0 4.0 5.0 6.0 7.0 8.0 9.0 10.0 11.0 12.0 13.0 14.0 15.0 16.0 15.0 14.0 13.0 
13.0 12.0 11.0 10.0 9.0 8.0 7.0 6.0 5.0 4.0 3.0 2.0 1.0 0.0 1.0 2.0 3.0 4.0 5.0 6.0 7.0 8.0 9.0 10.0 11.0 12.0 13.0 14.0 15.0 16.0 15.0 14.0 
14.0 13.0 12.0 11.0 10.0 9.0 8.0 7.0 6.0 5.0 4.0 3.0 2.0 1.0 0.0 1.0 2.0 3.0 4.0 5.0 6.0 7.0 8.0 9.0 10.0 11.0 12.0 13.0 14.0 15.0 16.0 15.0 
15.0 14.0 13.0 12.0 11.0 10.0 9.0 8.0 7.0 6.0 5.0 4.0 3.0 2.0 1.0 0.0 1.0 2.0 3.0 4.0 5.0 6.0 7.0 8.0 9.0 10.0 11.0 12.0 13.0 14.0 15.0 16.0 
16.0 15.0 14.0 13.0 12.0 11.0 10.0 9.0 8.0 7.0 6.0 5.0 4.0 3.0 2.0 1.0 0.0 1.0 2.0 3.0 4.0 5.0 6.0 7.0 8.0 9.0 10.0 11.0 12.0 13.0 14.0 15.0 
15.0 16.0 15.0 14.0 13.0 12.0 11.0 10.0 9.0 8.0 7.0 6.0 5.0 4.0 3.0 2.0 1.0 0.0 1.0 2.0 3.0 4.0 5.0 6.0 7.0 8.0 9.0 10.0 11.0 12.0 13.0 14.0 
14.0 15.0 16.0 15.0 14.0 13.0 12.0 11.0 10.0 9.0 8.0 7.0 6.0 5.0 4.0 3.0 2.0 1.0 0.0 1.0 2.0 3.0 4.0 5.0 6.0 7.0 8.0 9.0 10.0 11.0 12.0 13.0 
13.0 14.0 15.0 16.0 15.0 14.0 13.0 12.0 11.0 10.0 9.0 8.0 7.0 6.0 5.0 4.0 3.0 2.0 1.0 0.0 1.0 2.0 3.0 4.0 5.0 6.0 7.0 8.0 9.0 10.0 11.0 12.0 
12.0 13.0 14.0 15.0 16.0 15.0 14.0 13.0 12.0 11.0 10.0 9.0 8.0 7.0 6.0 5.0 4.0 3.0 2.0 1.0 0.0 1.0 2.0 3.0 4.0 5.0 6.0 7.0 8.0 9.0 10.0 11.0 
11.0 12.0 13.0 14.0 15.0 16.0 15.0 14.0 13.0 12.0 11.0 10.0 9.0 8.0 7.0 6.0 5.0 4.0 3.0 2.0 1.0 0.0 1.0 2.0 3.0 4.0 5.0 6.0 7.0 8.0 9.0 10.0 
10.0 11.0 12.0 13.0 14.0 15.0 16.0 15.0 14.0 13.0 12.0 11.0 10.0 9.0 8.0 7.0 6.0 5.0 4.0 3.0 2.0 1.0 0.0 1.0 2.0 3.0 4.0 5.0 6.0 7.0 8.0 9.0 
9.0 10.0 11.0 12.0 13.0 14.0 15.0 16.0 15.0 14.0 13.0 12.0 11.0 10.0 9.0 8.0 7.0 6.0 5.0 4.0 3.0 2.0 1.0 0.0 1.0 2.0 3.0 4.0 5.0 6.0 7.0 8.0 
8.0 9.0 10.0 11.0 12.0 13.0 14.0 15.0 16.0 15.0 14.0 13.0 12.0 11.0 10.0 9.0 8.0 7.0 6.0 5.0 4.0 3.0 2.0 1.0 0.0 1.0 2.0 3.0 4.0 5.0 6.0 7.0 
7.0 8.0 9.0 10.0 11.0 12.0 13.0 14.0 15.0 16.0 15.0 14.0 13.0 12.0 11.0 10.0 9.0 8.0 7.0 6.0 5.0 4.0 3.0 2.0 1.0 0.0 1.0 2.0 3.0 4.0 5.0 6.0 
6.0 7.0 8.0 9.0 10.0 11.0 12.0 13.0 14.0 15.0 16.0 15.0 14.0 13.0 12.0 11.0 10.0 9.0 8.0 7.0 6.0 5.0 4.0 3.0 2.0 1.0 0.0 1.0 2.0 3.0 4.0 5.0 
5.0 6.0 7.0 8.0 9.0 10.0 11.0 12.0 13.0 14.0 15.0 16.0 15.0 14.0 13.0 12.0 11.0 10.0 9.0 8.0 7.0 6.0 5.0 4.0 3.0 2.0 1.0 0.0 1.0 2.0 3.0 4.0 
4.0 5.0 6.0 7.0 8.0 9.0 10.0 11.0 12.0 13.0 14.0 15.0 16.0 15.0 14.0 13.0 12.0 11.0 10.0 9.0 8.0 7.0 6.0 5.0 4.0 3.0 2.0 1.0 0.0 1.0 2.0 3.0 
3.0 4.0 5.0 6.0 7.0 8.0 9.0 10.0 11.0 12.0 13.0 14.0 15.0 16.0 15.0 14.0 13.0 12.0 11.0 10.0 9.0 8.0 7.0 6.0 5.0 4.0 3.0 2.0 1.0 0.0 1.0 2.0 
2.0 3.0 4.0 5.0 6.0 7.0 8.0 9.0 10.0 11.0 12.0 13.0 14.0 15.0 16.0 15.0 14.0 13.0 12.0 11.0 10.0 9.0 8.0 7.0 6.0 5.0 4.0 3.0 2.0 1.0 0.0 1.0 
1.0 2.0 3.0 4.0 5.0 6.0 7.0 8.0 9.0 10.0 11.0 12.0 13.0 14.0 15.0 16.0 15.0 14.0 13.0 12.0 11.0 10.0 9.0 8.0 7.0 6.0 5.0 4.0 3.0 2.0 1.0 0.0 