32
46 24 30 64 36 40 46 10 23 18 25 84 3 92 10 79 90 10 60 9 30 39 30 75 48 73 59 47 86 45 5 99 
48 32 97 63 54 60 56 20 16 79 68 14 6 74 74 37 47 60 22 83 47 72 63 35 67 28 3 74 25 19 88 26 
89 78 58 88 78 58 36 12 44 45 35 29 42 85 41 32 98 68 95 80 33 97 44 36 64 29 6 5 65 90 32 43 
64 87 56 15 35 67 41 99 45 12 33 50 90 82 54 98 83 79 85 32 53 53 93 62 28 48 64 39 26 90 73 18 
59 71 74 14 30 18 16 97 90 1 51 94 47 70 33 12 88 34 67 20 74 20 93 22 87 83 57 57 14 71 34 72 
42 100 50 35 61 42 8 95 3 35 5 73 13 42 99 58 13 25 17 85 71 15 81 75 32 91 21 58 43 13 28 15 
89 13 55 64 95 51 93 71 82 64 36 35 40 12 50 2 37 53 87 80 46 60 56 40 59 7 61 18 30 75 76 12 
98 57 57 6 89 2 46 15 21 42 61 84 42 77 73 38 26 74 76 85 38 97 23 32 93 1 65 2 7 93 13 34 
38 98 31 86 18 59 52 65 71 12 41 70 43 68 97 38 42 27 25 81 72 5 84 29 54 72 11 24 52 97 76 48 
64 36 42 42 49 5 72 19 1 21 21 8 50 46 60 36 72 50 95 44 32 28 43 95 13 92 24 77 68 76 38 79 
59 1 92 90 75 58 82 96 4 19 63 51 99 49 99 39 22 40 62 34 86 11 5 57 9 15 86 57 42 46 49 3 
34 20 11 11 68 88 9 15 59 8 25 62 92 100 14 10 69 100 29 46 28 94 41 18 17 94 82 9 73 23 20 14 
15 32 61 34 16 87 37 75 37 92 10 97 31 45 48 83 5 25 77 30 29 48 9 84 15 13 2 16 78 92 90 23 
41 38 90 11 84 36 5 10 63 74 69 28 88 80 45 91 60 66 28 57 77 69 65 13 24 17 41 44 71 8 63 12 
64 1 94 5 9 62 79 12 71 57 84 52 5 49 56 58 81 61 63 75 17 71 60 6 4 38 34 37 91 28 64 2 
46 62 8 16 44 44 2 81 65 73 13 72 28 96 54 15 77 31 97 42 86 55 27 37 18 76 78 89 92 34 11 100 
60 49 44 90 14 57 90 11 66 88 86 62 19 26 84 99 49 99 62 46 5 85 51 4 55 6 50 95 87 99 40 69 
69 11 31 34 98 63 20 62 10 19 91 33 69 68 42 63 68 76 86 36 62 75 11 100 95 67 96 74 2 90 4 100 
29 8 37 71 86 65 4 21 69 87 26 13 31 55 90 57 15 77 98 1 89 27 81 94 98 34 35 29 44 56 72 40 
37 42 30 57 60 77 70 22 60 62 100 76 50 66 62 8 10 34 100 50 44 84 86 100 71 55 44 91 1 50 25 60 
29 31 56 79 9 93 96 43 53 55 76 87 57 39 30 68 67 54 65 32 57 19 87 35 100 28 80 46 82 60 49 30 
100 50 79 13 31 86 9 46 80 80 11 96 71 92 68 65 78 4 66 80 19 72 55 66 91 29 52 12 69 52 90 28 
55 29 31 98 71 12 88 78 48 24 88 73 44 67 12 52 58 4 74 86 96 57 48 80 22 96 5 84 64 6 50 73 
20 90 46 80 87 19 82 80 62 81 33 79 66 29 95 93 44 29 49 74 58 23 15 5 19 85 77 49 40 66 77 83 
22 42 34 68 42 56 41 96 58 56 47 82 24 30 98 63 90 63 2 18 8 24 69 82 57 48 95 36 98 95 5 90 
39 9 41 87 7 35 82 5 92 57 62 19 22 58 45 95 19 75 86 15 79 75 58 8 9 95 23 42 32 78 16 41 
71 48 93 47 94 63 52 52 39 96 47 25 62 70 30 44 81 96 69 39 11 41 53 40 27 58 25 18 18 18 15 47 
35 33 62 100 64 97 9 83 43 61 51 22 63 43 83 73 67 80 94 99 44 45 65 77 26 7 56 41 40 29 34 43 
6 88 23 59 77 15 29 24 22 84 75 95 89 35 14 93 93 100 4 99 43 94 15 87 93 76 76 71 33 43 5 15 
79 21 49 23 51 72 18 60 9 40 20 83 14 91 60 85 27 20 44 65 37 83 96 42 1 38 93 68 45 89 14 71 
12 13 33 28 13 42 45 32 83 87 67 70 17 27 37 95 78 58 98 91 47 21 30 63 8 86 67 35 74 10 46 33 
34 80 82 9 10 7 45 19 38 95 65 57 2 8 78 4 67 59 71 53 19 84 31 77 25 32 70 57 38 10 61 19 
0.0 1.0 2.0 3.0 4.0 5.0 6.0 7.0 8.0 9.0 10.0 11.0 12.0 13.0 14.0 15.0 16.0 15.0 14.0 13.0 12.0 11.0 10.0 9.0 8.0 7.0 6.0 5.0 4.0 3.0 2.0 1.0 
1.0 0.0 1.0 2.0 3.0 4.0 5.0 6.0 7.0 8.0 9.0 10.0 11.0 12.0 13.0 14.0 15.0 16.0 15.0 14.0 13.0 12.0 11.0 10.0 9.0 8.0 7.0 6.0 5.0 4.0 3.0 2.0 
2.0 1.0 0.0 1.0 2.0 3.0 4.0 5.0 6.0 7.0 8.0 9.0 10.0 11.0 12.0 13.0 14.0 15.0 16.0 15.0 14.0 13.0 12.0 11.0 10.0 9.0 8.0 7.0 6.0 5.0 4.0 3.0 
3.0 2.0 1.0 0.0 1.0 2.0 3.0 4.0 5.0 6.0 7.0 8.0 9.0 10.0 11.0 12.0 13.0 14.0 15.0 16.0 15.0 14.0 13.0 12.0 11.0 10.0 9.0 8.0 7.0 6.0 5.0 4.0 
4.0 3.0 2.0 1.0 0.0 1.0 2.0 3.0 4.0 5.0 6.0 7.0 8.0 9.0 10.0 11.0 12.0 13.0 14.0 15.0 16.0 15.0 14.0 13.0 12.0 11.0 10.0 9.0 8.0 7.0 6.0 5.0 
5.0 4.0 3.0 2.0 1.0 0.0 1.0 2.0 3.0 4.0 5.0 6.0 7.0 8.0 9.0 10.0 11.0 12.0 13.0 14.0 15.0 16.0 15.0 14.0 13.0 12.0 11.0 10.0 9.0 8.0 7.0 6.0 
6.0 5.0 4.0 3.0 2.0 1.0 0.0 1.0 2.0 3.0 4.0 5.0 6.0 7.0 8.0 9.0 10.0 11.0 12.0 13.0 14.0 15.0 16.0 15.0 14.0 13.0 12.0 11.0 10.0 9.0 8.0 7.0 
7.0 6.0 5.0 4.0 3.0 2.0 1.0 0.0 1.0 2.0 3.0 4.0 5.0 6.0 7.0 8.0 9.0 10.0 11.0 12.0 13.0 14.0 15.0 16.0 15.0 14.0 13.0 12.0 11.0 10.0 9.0 8.0 
8.0 7.0 6.0 5.0 4.0 3.0 2.0 1.0 0.0 1.0 2.0 3.0 4.0 5.0 6.0 7.0 8.0 9.0 10.0 11.0 12.0 13.0 14.0 15.0 16.0 15.0 14.0 13.0 12.0 11.0 10.0 9.0 
9.0 8.0 7.0 6.0 5.0 4.0 3.0 2.0 1.0 0.0 1.0 2.0 3.0 4.0 5.0 6.0 7.0 8.0 9.0 10.0 11.0 12.0 13.0 14.0 15.0 16.0 15.0 14.0 13.0 12.0 11.0 10.0 
10.0 9.0 8.0 7.0 6.0 5.0 4.0 3.0 2.0 1.0 0.0 1.0 2.0 3.0 4.0 5.0 6.0 7.0 8.0 9.0 10.0 11.0 12.0 13.0 14.0 15.0 16.0 15.0 14.0 13.0 12.0 11.0 
11.0 10.0 9.0 8.0 7.0 6.0 5.0 4.0 3.0 2.0 1.0 0.0 1.0 2.0 3.0 4.0 5.0 6.0 7.0 8.0 9.0 10.0 11.0 12.0 13.0 14.0 15.0 16.0 15.0 14.0 13.0 12.0 
12.0 11.0 10.0 9.0 8.0 7.0 6.0 5.0 4.0 3.0 2.0 1.0 0.0 1.0 2.0 3.0 4.0 5.0 6.0 7.0 8.0 9.0 10.0 11.0 12.0 13.0 14.0 15.0 16.0 15.0 14.0 13.0 
13.0 12.0 11.0 10.0 9.0 8.0 7.0 6.0 5.0 4.0 3.0 2.0 1.0 0.0 1.0 2.0 3.0 4.0 5.0 6.0 7.0 8.0 9.0 10.0 11.0 12.0 13.0 14.0 15.0 16.0 15.0 14.0 
14.0 13.0 12.0 11.0 10.0 9.0 8.0 7.0 6.0 5.0 4.0 3.0 2.0 1.0 0.0 1.0 2.0 3.0 4.0 5.0 6.0 7.0 8.0 9.0 10.0 11.0 12.0 13.0 14.0 15.0 16.0 15.0 
15.0 14.0 13.0 12.0 11.0 10.0 9.0 8.0 7.0 6.0 5.0 4.0 3.0 2.0 1.0 0.0 1.0 2.0 3.0 4.0 5.0 6.0 7.0 8.0 9.0 10.0 11.0 12.0 13.0 14.0 15.0 16.0 
16.0 15.0 14.0 13.0 12.0 11.0 10.0 9.0 8.0 7.0 6.0 5.0 4.0 3.0 2.0 1.0 0.0 1.0 2.0 3.0 4.0 5.0 6.0 7.0 8.0 9.0 10.0 11.0 12.0 13.0 14.0 15.0 
15.0 16.0 15.0 14.0 13.0 12.0 11.0 10.0 9.0 8.0 7.0 6.0 5.0 4.0 3.0 2.0 1.0 0.0 1.0 2.0 3.0 4.0 5.0 6.0 7.0 8.0 9.0 10.0 11.0 12.0 13.0 14.0 
14.0 15.0 16.0 15.0 14.0 13.0 12.0 11.0 10.0 9.0 8.0 7.0 6.0 5.0 4.0 3.0 2.0 1.0 0.0 1.0 2.0 3.0 4.0 5.0 6.0 7.0 8.0 9.0 10.0 11.0 12.0 13.0 
13.0 14.0 15.0 16.0 15.0 14.0 13.0 12.0 11.0 10.0 9.0 8.0 7.0 6.0 5.0 4.0 3.0 2.0 1.0 0.0 1.0 2.0 3.0 4.0 5.0 6.0 7.0 8.0 9.0 10.0 11.0 12.0 
12.0 13.0 14.0 15.0 16.0 15.0 14.0 13.0 12.0 11.0 10.0 9.0 8.0 7.0 6.0 5.0 4.0 3.0 2.0 1.0 0.0 1.0 2.0 3.0 4.0 5.0 6.0 7.0 8.0 9.0 10.0 11.0 
11.0 12.0 13.0 14.0 15.0 16.0 15.0 14.0 13.0 12.0 11.0 10.0 9.0 8.0 7.0 6.0 5.0 4.0 3.0 2.0 1.0 0.0 1.0 2.0 3.0 4.0 5.0 6.0 7.0 8.0 9.0 10.0 
10.0 11.0 12.0 13.0 14.0 15.0 16.0 15.0 14.0 13.0 12.0 11.0 10.0 9.0 8.0 7.0 6.0 5.0 4.0 3.0 2.0 1.0 0.0 1.0 2.0 3.0 4.0 5.0 6.0 7.0 8.0 9.0 
9.0 10.0 11.0 12.0 13.0 14.0 15.0 16.0 15.0 14.0 13.0 12.0 11.0 10.0 9.0 8.0 7.0 6.0 5.0 4.0 3.0 2.0 1.0 0.0 1.0 2.0 3.0 4.0 5.0 6.0 7.0 8.0 
8.0 9.0 10.0 11.0 12.0 13.0 14.0 15.0 16.0 15.0 14.0 13.0 12.0 11.0 10.0 9.0 8.0 7.0 6.0 5.0 4.0 3.0 2.0 1.0 0.0 1.0 2.0 3.0 4.0 5.0 6.0 7.0 
7.0 8.0 9.0 10.0 11.0 12.0 13.0 14.0 15.0 16.0 15.0 14.0 13.0 12.0 11.0 10.0 9.0 8.0 7.0 6.0 5.0 4.0 3.0 2.0 1.0 0.0 1.0 2.0 3.0 4.0 5.0 6.0 
6.0 7.0 8.0 9.0 10.0 11.0 12.0 13.0 14.0 15.0 16.0 15.0 14.0 13.0 12.0 11.0 10.0 9.0 8.0 7.0 6.0 5.0 4.0 3.0 2.0 1.0 0.0 1.0 2.0 3.0 4.0 5.0 
5.0 6.0 7.0 8.0 9.0 10.0 11.0 12.0 13.0 14.0 15.0 16.0 15.0 14.0 13.0 12.0 11.0 10.0 9.0 8.0 7.0 6.0 5.0 4.0 3.0 2.0 1.0 0.0 1.0 2.0 3.0 4.0 
4.0 5.0 6.0 7.0 8.0 9.0 10.0 11.0 12.0 13.0 14.0 15.0 16.0 15.0 14.0 13.0 12.0 11.0 10.0 9.0 8.0 7.0 6.0 5.0 4.0 3.0 2.0 1.0 0.0 1.0 2.0 3.0 
3.0 4.0 5.0 6.0 7.0 8.0 9.0 10.0 11.0 12.0 13.0 14.0 15.0 16.0 15.0 14.0 13.0 12.0 11.0 10.0 9.0 8.0 7.0 6.0 5.0 4.0 3.0 2.0 1.0 0.0 1.0 2.0 
2.0 3.0 4.0 5.0 6.0 7.0 8.0 9.0 10.0 11.0 12.0 13.0 14.0 15.0 16.0 15.0 14.0 13.0 12.0 11.0 10.0 9.0 8.0 7.0 6.0 5.0 4.0 3.0 2.0 1.0 0.0 1.0 
1.0 2.0 3.0 4.0 5.0 6.0 7.0 8.0 9.0 10.0 11.0 12.0 13.0 14.0 15.0 16.0 15.0 14.0 13.0 12.0 11.0 10.0 9.0 8.0 7.0 6.0 5.0 4.0 3.0 2.0 1.0 0.0 