64
73 73 46 14 36 49 45 13 81 2 90 55 62 56 14 47 32 7 56 75 9 38 99 25 9 56 36 81 52 60 57 11 96 16 69 28 41 5 53 25 74 14 94 81 18 75 62 21 61 65 57 30 27 86 86 83 67 33 39 28 69 87 20 60 
53 39 4 73 56 55 45 59 72 100 46 19 57 26 45 34 12 98 38 89 79 54 30 14 90 35 79 92 68 8 72 42 19 92 14 12 9 69 58 55 95 27 19 63 99 82 4 98 78 33 9 5 73 74 72 31 34 6 11 69 45 17 14 38 
72 9 74 71 83 99 65 24 22 80 44 67 4 30 41 23 28 72 88 27 1 64 3 79 38 73 52 63 9 26 4 83 97 41 59 29 24 72 27 15 95 8 47 97 2 24 98 79 16 78 61 12 4 5 62 62 27 61 39 87 70 28 85 84 
87 9 98 92 27 78 13 73 60 62 3 22 65 20 11 81 32 93 15 42 46 42 42 5 7 65 57 76 63 89 43 32 36 40 27 69 86 39 50 96 96 78 47 77 34 29 95 50 89 50 48 57 95 43 60 62 97 15 95 3 49 69 44 46 
76 61 85 86 98 78 34 70 93 77 6 91 56 5 32 65 66 71 39 58 26 34 21 69 80 35 97 30 41 73 70 5 100 40 46 9 46 58 15 43 94 78 84 55 65 78 70 81 13 97 54 18 78 32 51 58 1 55 36 70 89 61 50 41 
82 6 57 69 97 85 23 55 12 21 26 15 79 40 55 27 27 45 62 8 56 21 27 41 56 12 44 50 3 6 61 84 8 52 91 23 41 28 83 53 35 4 55 99 14 73 14 83 41 89 31 53 48 55 41 26 1 47 51 51 76 56 81 44 
33 13 78 96 76 19 26 76 31 77 83 78 1 91 85 48 67 73 72 83 92 70 70 31 10 90 16 61 50 72 96 18 27 44 14 82 41 63 45 18 78 95 19 74 30 58 7 69 77 30 37 90 16 43 13 3 79 73 3 46 69 54 35 2 
9 6 77 95 33 99 66 22 74 41 32 75 42 54 56 61 20 92 75 93 27 12 33 13 66 21 12 81 53 87 43 77 26 40 7 40 54 61 23 48 55 71 5 86 5 48 53 80 57 74 96 32 72 99 27 89 38 34 60 36 41 21 60 94 
84 39 30 46 73 62 55 74 19 66 12 61 7 49 41 80 2 42 35 56 95 71 98 44 20 7 38 3 85 50 2 40 85 64 37 89 50 73 28 27 67 27 50 44 46 43 13 73 39 89 40 41 63 3 32 69 37 88 90 63 44 82 16 17 
39 83 90 93 79 27 96 81 64 52 26 35 8 38 57 82 99 67 46 95 93 14 31 29 96 79 45 75 42 53 70 96 60 43 61 53 34 55 95 17 61 47 76 92 57 89 35 28 69 76 56 77 74 83 46 85 97 48 7 10 88 17 14 47 
77 62 52 2 6 77 79 15 97 12 91 43 52 32 34 50 96 41 40 13 88 6 92 21 1 36 95 70 39 67 99 21 95 65 69 83 51 5 82 73 1 3 91 59 45 88 19 59 25 20 98 74 27 41 97 80 45 33 64 31 29 79 90 71 
20 76 3 5 69 23 17 98 100 59 51 96 45 22 67 11 38 64 65 49 34 53 51 19 42 45 20 8 48 63 46 76 97 21 76 78 90 17 64 86 49 54 77 52 81 12 60 65 90 69 24 51 87 76 26 26 38 9 90 62 39 6 64 54 
97 37 75 24 29 89 41 32 63 76 87 79 26 99 29 85 81 24 67 90 20 61 84 83 76 19 35 57 66 2 92 88 87 83 44 54 68 70 43 24 68 20 2 95 84 61 59 28 10 96 39 50 17 26 22 54 39 35 35 100 26 83 29 51 
68 15 73 1 3 40 35 11 34 62 39 88 44 56 84 8 52 36 46 79 73 53 69 36 23 2 57 68 27 67 33 75 17 74 95 43 85 93 30 94 19 73 97 3 75 1 21 17 91 29 14 19 52 20 99 7 13 88 98 60 73 95 29 26 
33 80 100 69 7 15 7 34 52 57 21 33 25 29 82 38 16 72 38 43 77 78 99 47 80 78 23 92 9 94 36 24 21 96 91 54 46 8 76 82 81 20 94 33 53 28 80 82 9 40 30 39 59 31 77 15 55 50 52 99 100 39 15 40 
48 71 83 37 24 90 50 29 9 38 5 23 60 90 87 27 80 27 83 98 66 64 29 15 47 55 63 50 71 94 84 79 48 75 45 30 57 93 44 93 16 12 75 56 84 52 58 19 74 19 53 53 69 99 60 7 56 41 67 9 88 38 78 62 
24 15 57 99 60 55 62 8 87 79 62 32 37 14 13 42 48 2 6 11 48 37 93 25 42 17 100 55 82 48 68 18 95 58 91 21 59 46 7 26 10 50 4 67 74 41 15 22 36 97 50 17 15 96 96 82 70 80 19 9 44 93 85 31 
5 69 46 63 75 15 42 50 83 62 22 60 55 18 73 22 84 47 86 40 11 18 88 32 45 59 8 45 97 78 54 76 49 14 30 44 40 56 49 57 64 47 17 31 21 47 56 100 57 25 58 41 70 88 24 48 14 32 35 40 54 38 99 40 
52 82 4 31 51 49 16 36 92 63 69 100 39 49 19 97 31 37 1 2 54 83 57 48 30 32 13 17 80 32 88 13 14 70 99 40 53 63 22 4 18 8 66 76 16 86 88 77 49 6 41 29 23 4 75 80 79 53 74 24 89 28 63 94 
26 63 47 97 75 3 90 85 45 79 31 74 98 51 79 4 8 81 16 34 35 41 12 40 7 31 61 36 62 66 5 31 39 31 1 65 85 45 85 98 4 69 18 32 23 70 94 88 91 15 67 79 63 30 11 7 71 23 94 89 48 62 72 34 
10 59 71 63 36 29 96 32 22 96 22 24 2 56 60 42 11 85 39 84 99 11 22 25 15 100 40 66 47 40 70 67 36 70 49 3 69 21 81 24 42 6 28 9 9 1 86 49 6 3 22 75 38 62 91 92 79 73 89 73 28 69 17 51 
12 15 21 64 54 80 33 4 29 21 42 57 43 74 88 92 75 44 43 7 48 53 15 39 84 43 42 77 83 85 51 4 62 84 71 39 47 80 92 55 77 94 95 68 16 25 89 47 30 53 60 63 33 83 21 36 16 33 94 12 81 21 16 97 
17 60 82 33 80 83 35 99 98 77 90 1 10 18 50 27 1 20 76 68 69 64 55 41 68 17 95 8 52 11 87 96 47 36 80 39 11 32 62 22 66 81 72 60 13 90 97 35 27 63 65 95 79 4 70 90 80 5 69 91 48 76 43 28 
93 9 85 94 94 2 15 2 58 47 71 17 35 39 56 71 84 98 38 53 80 52 88 64 49 23 86 12 45 35 24 59 2 84 100 64 53 75 90 96 52 31 30 30 59 93 19 69 92 42 74 93 34 25 66 32 76 87 16 100 50 56 48 4 
30 47 35 49 70 4 81 94 24 32 41 35 100 57 91 53 12 3 91 45 99 79 73 85 32 66 71 12 90 96 25 27 78 85 44 53 82 35 74 92 57 67 69 24 75 37 75 83 69 40 37 63 46 100 60 22 55 50 77 38 85 55 53 44 
64 42 32 92 8 45 61 6 31 1 3 46 56 65 30 82 18 66 77 91 27 89 47 73 9 46 65 53 91 35 54 23 26 46 17 13 66 76 4 80 71 36 76 78 86 73 57 61 81 61 84 3 71 78 43 61 49 16 86 95 5 85 94 65 
2 4 66 34 79 26 47 58 79 13 73 50 72 91 85 21 46 45 61 89 26 89 83 87 99 11 98 7 42 13 46 56 7 96 26 39 96 12 69 28 13 38 53 19 81 73 68 77 94 1 77 18 56 91 61 62 59 97 57 62 3 33 82 18 
62 57 47 53 99 84 71 76 91 38 17 78 63 55 32 19 14 86 16 89 8 23 77 18 90 85 35 26 87 50 31 82 67 41 91 31 64 53 63 83 9 96 47 52 40 97 38 6 13 20 98 29 49 51 61 27 62 37 76 83 41 54 5 97 
80 50 67 40 43 52 90 35 94 15 10 7 30 62 4 21 36 41 29 60 50 76 28 9 37 46 12 100 82 92 60 50 30 75 53 82 19 42 71 85 26 5 46 20 17 78 25 59 94 64 77 95 50 60 98 18 99 17 89 87 24 27 11 75 
69 66 67 50 52 20 32 79 54 12 24 39 44 1 13 87 63 76 5 41 36 80 87 61 25 48 77 44 44 52 50 66 80 51 62 48 54 69 71 55 48 51 20 29 26 99 9 75 92 69 18 84 51 26 90 59 58 67 100 45 46 43 38 58 
67 35 69 26 42 41 54 15 41 21 74 95 40 5 17 62 1 4 18 69 98 24 90 45 20 17 57 19 54 44 65 45 88 55 42 25 21 5 56 26 55 87 33 40 90 27 24 55 23 8 80 20 62 7 17 56 75 79 53 60 95 95 29 68 
15 17 72 23 91 25 14 46 84 11 70 55 93 58 18 46 33 36 78 88 68 96 41 62 83 70 9 15 80 21 96 83 17 47 85 62 31 8 79 28 34 68 33 64 79 40 78 16 1 38 64 53 10 4 10 66 63 36 21 67 3 25 19 20 
20 61 97 83 51 51 68 2 80 28 99 2 92 15 69 14 84 15 94 56 45 56 49 2 64 67 70 33 73 34 50 40 96 9 10 7 64 16 44 69 74 10 75 25 63 51 5 71 32 57 64 86 77 75 2 43 19 75 62 58 14 43 92 53 
97 3 63 68 16 31 13 41 1 47 62 38 4 8 45 31 62 59 28 30 73 30 25 50 49 74 97 8 77 3 20 18 58 50 85 58 63 80 37 16 31 17 89 80 85 53 67 7 34 79 18 70 40 2 81 98 45 12 15 98 6 25 92 40 
45 75 88 98 43 53 91 11 71 97 3 97 64 93 79 52 21 12 33 45 10 62 96 38 97 93 64 41 78 30 38 88 32 96 93 19 39 54 71 40 75 66 44 88 83 37 78 7 51 9 92 70 69 15 98 16 10 50 74 40 13 40 40 26 
74 100 49 40 27 11 16 17 91 43 23 7 10 3 3 64 55 33 38 97 7 96 1 23 7 70 70 94 60 17 43 62 38 41 38 6 42 3 43 76 23 31 43 100 58 46 10 81 95 81 54 49 16 58 44 28 97 8 88 17 80 78 79 51 
29 5 48 63 78 4 80 70 33 55 57 2 22 32 19 39 48 7 72 39 75 88 57 31 53 43 34 6 7 23 20 30 41 80 79 93 98 74 96 22 51 9 32 84 21 60 13 44 66 58 65 16 71 100 75 69 33 61 51 8 64 57 16 81 
86 57 96 42 52 59 100 17 17 32 20 44 9 43 99 31 57 31 70 17 20 63 98 53 81 4 67 35 35 49 4 61 65 67 47 74 50 79 93 18 76 40 4 69 8 76 85 70 27 24 44 18 64 83 30 97 11 80 80 78 13 89 99 18 
58 19 17 70 64 30 95 8 80 23 31 48 57 100 14 57 72 75 68 49 41 89 56 14 21 23 12 41 82 79 26 28 43 95 66 95 82 71 18 68 57 48 38 67 46 25 70 66 3 43 58 59 4 26 51 41 9 83 60 45 18 58 60 39 
41 98 37 22 89 83 74 98 14 80 28 61 86 6 49 87 4 61 13 20 1 72 90 84 63 12 77 51 56 60 57 82 100 73 12 38 42 100 38 91 87 32 7 95 42 8 63 23 43 21 92 79 99 58 37 9 98 25 54 87 28 61 2 43 
38 65 25 61 79 15 3 73 98 46 77 96 91 40 48 58 99 31 46 19 65 18 38 22 74 12 64 89 76 66 95 37 76 50 70 36 54 14 59 24 7 3 23 31 24 57 75 80 37 73 34 49 29 7 36 24 24 64 7 1 35 51 9 87 
93 73 30 32 90 31 28 36 96 87 45 74 9 55 64 66 95 54 90 46 96 50 2 47 36 20 26 58 28 63 30 13 85 73 74 34 80 54 81 76 35 30 16 83 38 50 98 99 87 96 22 96 43 11 54 7 35 66 47 80 99 39 45 11 
63 66 84 65 19 32 38 60 16 82 10 65 65 32 87 30 82 22 81 70 96 24 26 35 92 100 80 96 65 70 39 54 93 23 71 76 63 98 63 80 6 52 39 93 63 71 32 43 89 97 56 42 49 16 5 48 82 56 56 45 73 46 4 8 
83 38 29 12 91 85 27 92 76 30 60 3 33 78 43 79 1 91 58 30 28 85 18 93 70 67 69 11 48 65 95 88 99 95 43 74 45 16 9 17 78 71 25 99 66 86 61 55 51 43 92 47 65 1 6 56 7 6 82 6 67 66 61 3 
48 63 14 44 78 61 68 57 52 9 14 97 54 58 35 15 96 100 57 90 47 53 17 15 34 14 22 8 97 86 8 49 13 79 69 31 97 28 38 52 79 100 85 2 55 1 56 19 15 88 71 20 78 67 55 90 24 2 68 75 87 26 40 8 
81 2 32 30 60 82 15 17 14 77 94 71 56 85 78 70 68 89 74 43 65 57 32 99 33 22 4 34 34 70 27 99 33 45 50 68 51 80 9 89 7 61 7 97 94 82 87 67 57 70 38 52 19 40 71 46 53 79 80 98 36 72 39 76 
68 84 27 89 6 87 7 5 40 52 44 30 91 83 22 26 38 72 24 89 6 67 80 98 63 13 72 2 67 51 95 11 62 92 45 25 38 48 56 28 25 53 96 89 11 12 79 40 4 13 12 55 94 89 66 12 91 68 41 81 97 14 42 49 
93 26 70 84 25 95 92 78 65 90 87 39 29 95 79 18 19 62 89 85 83 22 93 37 68 88 81 53 31 31 56 48 18 85 62 59 83 55 52 14 81 94 34 40 2 48 54 14 19 2 100 50 12 3 29 94 54 10 12 98 82 50 50 8 
23 6 43 95 42 31 100 13 9 81 5 58 90 93 99 70 79 79 89 63 85 57 57 45 72 62 96 43 22 71 83 85 5 41 58 89 91 14 13 93 87 43 41 19 77 6 85 17 48 97 64 30 53 4 97 89 41 30 36 59 20 52 15 70 
66 76 93 14 56 50 51 8 24 95 21 56 63 33 22 74 20 75 9 95 25 99 4 8 46 65 25 94 18 51 11 55 36 13 84 83 85 91 37 62 54 20 51 65 90 34 49 27 77 30 65 86 78 11 18 60 70 93 88 95 88 40 32 47 
16 24 34 82 71 76 10 90 69 97 62 6 27 55 35 63 26 71 30 27 78 71 26 41 45 7 49 14 85 9 38 7 28 19 30 22 13 4 22 99 78 7 98 67 55 9 77 43 41 5 39 32 71 69 58 53 74 31 92 42 7 55 82 24 
17 40 97 55 19 89 86 61 67 73 32 13 61 55 73 56 98 84 70 31 15 22 68 57 62 29 63 8 67 66 28 2 2 37 13 6 50 1 6 92 5 76 96 26 76 64 6 42 32 64 89 64 40 2 92 8 84 52 59 90 99 16 66 49 
31 61 82 86 44 43 32 97 44 28 31 19 85 39 51 23 73 17 79 81 86 93 57 32 5 85 27 80 61 33 53 42 73 83 14 12 22 29 53 7 38 50 34 92 42 93 52 21 69 16 93 64 49 46 78 97 64 92 38 64 78 95 58 29 
64 75 74 84 3 44 35 6 24 100 39 96 72 24 23 58 33 41 5 75 75 26 40 7 97 87 38 18 64 89 66 33 13 78 53 99 15 97 11 71 34 27 50 57 34 6 71 87 58 40 30 2 98 38 34 22 79 32 45 44 75 100 14 6 
74 6 11 33 23 28 21 73 23 68 64 22 51 56 42 2 11 19 12 11 10 77 49 27 2 92 14 1 39 88 77 14 87 44 60 12 18 46 79 93 95 81 25 94 58 51 62 4 58 73 70 52 3 33 93 36 90 53 50 50 64 85 48 38 
1 14 90 71 38 80 46 59 24 7 18 48 48 98 93 95 100 70 97 8 3 13 12 31 66 17 71 25 83 30 64 31 7 43 48 76 54 4 96 5 18 37 6 90 50 46 4 95 1 15 65 19 11 30 96 57 55 28 82 14 41 16 64 45 
14 4 75 13 89 52 5 9 100 92 41 26 11 2 2 1 69 77 54 7 53 77 45 3 18 98 82 57 3 51 76 16 83 17 7 5 46 9 4 49 66 61 85 21 1 45 57 72 84 53 1 43 23 25 47 49 92 17 7 17 36 62 52 83 
73 31 89 30 57 78 81 63 15 18 69 21 74 25 69 17 36 64 81 26 8 29 43 75 13 75 48 92 40 40 47 65 6 40 20 56 23 40 66 39 96 18 43 76 3 90 97 73 67 70 39 59 78 79 62 24 55 47 43 53 27 37 28 39 
46 14 98 98 99 38 26 51 5 61 14 14 54 88 10 81 78 21 59 95 47 68 21 83 3 79 28 50 88 10 1 64 71 53 80 46 39 92 67 85 4 52 91 91 70 12 60 31 83 55 95 92 15 43 77 77 76 88 4 76 99 30 1 24 
75 48 70 100 41 29 39 80 7 22 43 86 98 51 45 30 95 50 66 16 62 79 21 99 91 99 24 84 54 49 29 25 99 30 63 43 62 59 95 99 75 17 96 24 80 100 77 40 7 18 50 88 50 2 49 47 4 53 96 40 11 44 100 86 
83 46 27 79 47 86 87 59 51 87 100 11 69 26 1 69 82 24 49 16 44 55 17 74 72 44 82 50 55 17 84 54 50 71 91 78 92 50 64 90 81 74 51 10 73 29 75 6 73 97 42 41 69 17 70 59 78 22 44 12 70 32 31 82 
8 31 49 20 49 48 54 62 45 62 83 61 59 2 57 36 61 94 84 56 97 9 76 6 74 97 55 85 73 99 34 82 26 80 30 79 46 60 31 19 24 40 18 7 43 38 65 44 7 71 67 94 91 47 25 7 92 13 14 14 75 2 77 5 
17 76 16 85 38 89 98 25 72 93 70 76 89 47 40 58 78 75 6 84 68 31 95 40 36 15 88 42 63 76 16 82 59 97 3 12 34 66 98 47 18 61 39 95 93 40 66 41 2 23 38 88 44 77 24 74 68 43 47 93 99 100 73 5 
68 40 83 4 5 33 64 93 48 47 90 98 51 16 48 54 97 58 5 29 65 80 87 92 27 5 72 92 53 25 49 76 82 38 51 68 71 18 62 29 98 13 51 10 88 42 66 99 70 11 99 43 67 8 96 49 72 89 89 32 43 99 26 62 
0.0 1.0 2.0 3.0 4.0 5.0 6.0 7.0 8.0 9.0 10.0 11.0 12.0 13.0 14.0 15.0 16.0 17.0 18.0 19.0 20.0 21.0 22.0 23.0 24.0 25.0 26.0 27.0 28.0 29.0 30.0 31.0 32.0 31.0 30.0 29.0 28.0 27.0 26.0 25.0 24.0 23.0 22.0 21.0 20.0 19.0 18.0 17.0 16.0 15.0 14.0 13.0 12.0 11.0 10.0 9.0 8.0 7.0 6.0 5.0 4.0 3.0 2.0 1.0 
1.0 0.0 1.0 2.0 3.0 4.0 5.0 6.0 7.0 8.0 9.0 10.0 11.0 12.0 13.0 14.0 15.0 16.0 17.0 18.0 19.0 20.0 21.0 22.0 23.0 24.0 25.0 26.0 27.0 28.0 29.0 30.0 31.0 32.0 31.0 30.0 29.0 28.0 27.0 26.0 25.0 24.0 23.0 22.0 21.0 20.0 19.0 18.0 17.0 16.0 15.0 14.0 13.0 12.0 11.0 10.0 9.0 8.0 7.0 6.0 5.0 4.0 3.0 2.0 
2.0 1.0 0.0 1.0 2.0 3.0 4.0 5.0 6.0 7.0 8.0 9.0 10.0 11.0 12.0 13.0 14.0 15.0 16.0 17.0 18.0 19.0 20.0 21.0 22.0 23.0 24.0 25.0 26.0 27.0 28.0 29.0 30.0 31.0 32.0 31.0 30.0 29.0 28.0 27.0 26.0 25.0 24.0 23.0 22.0 21.0 20.0 19.0 18.0 17.0 16.0 15.0 14.0 13.0 12.0 11.0 10.0 9.0 8.0 7.0 6.0 5.0 4.0 3.0 
3.0 2.0 1.0 0.0 1.0 2.0 3.0 4.0 5.0 6.0 7.0 8.0 9.0 10.0 11.0 12.0 13.0 14.0 15.0 16.0 17.0 18.0 19.0 20.0 21.0 22.0 23.0 24.0 25.0 26.0 27.0 28.0 29.0 30.0 31.0 32.0 31.0 30.0 29.0 28.0 27.0 26.0 25.0 24.0 23.0 22.0 21.0 20.0 19.0 18.0 17.0 16.0 15.0 14.0 13.0 12.0 11.0 10.0 9.0 8.0 7.0 6.0 5.0 4.0 
4.0 3.0 2.0 1.0 0.0 1.0 2.0 3.0 4.0 5.0 6.0 7.0 8.0 9.0 10.0 11.0 12.0 13.0 14.0 15.0 16.0 17.0 18.0 19.0 20.0 21.0 22.0 23.0 24.0 25.0 26.0 27.0 28.0 29.0 30.0 31.0 32.0 31.0 30.0 29.0 28.0 27.0 26.0 25.0 24.0 23.0 22.0 21.0 20.0 19.0 18.0 17.0 16.0 15.0 14.0 13.0 12.0 11.0 10.0 9.0 8.0 7.0 6.0 5.0 
5.0 4.0 3.0 2.0 1.0 0.0 1.0 2.0 3.0 4.0 5.0 6.0 7.0 8.0 9.0 10.0 11.0 12.0 13.0 14.0 15.0 16.0 17.0 18.0 19.0 20.0 21.0 22.0 23.0 24.0 25.0 26.0 27.0 28.0 29.0 30.0 31.0 32.0 31.0 30.0 29.0 28.0 27.0 26.0 25.0 24.0 23.0 22.0 21.0 20.0 19.0 18.0 17.0 16.0 15.0 14.0 13.0 12.0 11.0 10.0 9.0 8.0 7.0 6.0 
6.0 5.0 4.0 3.0 2.0 1.0 0.0 1.0 2.0 3.0 4.0 5.0 6.0 7.0 8.0 9.0 10.0 11.0 12.0 13.0 14.0 15.0 16.0 17.0 18.0 19.0 20.0 21.0 22.0 23.0 24.0 25.0 26.0 27.0 28.0 29.0 30.0 31.0 32.0 31.0 30.0 29.0 28.0 27.0 26.0 25.0 24.0 23.0 22.0 21.0 20.0 19.0 18.0 17.0 16.0 15.0 14.0 13.0 12.0 11.0 10.0 9.0 8.0 7.0 
7.0 6.0 5.0 4.0 3.0 2.0 1.0 0.0 1.0 2.0 3.0 4.0 5.0 6.0 7.0 8.0 9.0 10.0 11.0 12.0 13.0 14.0 15.0 16.0 17.0 18.0 19.0 20.0 21.0 22.0 23.0 24.0 25.0 26.0 27.0 28.0 29.0 30.0 31.0 32.0 31.0 30.0 29.0 28.0 27.0 26.0 25.0 24.0 23.0 22.0 21.0 20.0 19.0 18.0 17.0 16.0 15.0 14.0 13.0 12.0 11.0 10.0 9.0 8.0 
8.0 7.0 6.0 5.0 4.0 3.0 2.0 1.0 0.0 1.0 2.0 3.0 4.0 5.0 6.0 7.0 8.0 9.0 10.0 11.0 12.0 13.0 14.0 15.0 16.0 17.0 18.0 19.0 20.0 21.0 22.0 23.0 24.0 25.0 26.0 27.0 28.0 29.0 30.0 31.0 32.0 31.0 30.0 29.0 28.0 27.0 26.0 25.0 24.0 23.0 22.0 21.0 20.0 19.0 18.0 17.0 16.0 15.0 14.0 13.0 12.0 11.0 10.0 9.0 
9.0 8.0 7.0 6.0 5.0 4.0 3.0 2.0 1.0 0.0 1.0 2.0 3.0 4.0 5.0 6.0 7.0 8.0 9.0 10.0 11.0 12.0 13.0 14.0 15.0 16.0 17.0 18.0 19.0 20.0 21.0 22.0 23.0 24.0 25.0 26.0 27.0 28.0 29.0 30.0 31.0 32.0 31.0 30.0 29.0 28.0 27.0 26.0 25.0 24.0 23.0 22.0 21.0 20.0 19.0 18.0 17.0 16.0 15.0 14.0 13.0 12.0 11.0 10.0 
10.0 9.0 8.0 7.0 6.0 5.0 4.0 3.0 2.0 1.0 0.0 1.0 2.0 3.0 4.0 5.0 6.0 7.0 8.0 9.0 10.0 11.0 12.0 13.0 14.0 15.0 16.0 17.0 18.0 19.0 20.0 21.0 22.0 23.0 24.0 25.0 26.0 27.0 28.0 29.0 30.0 31.0 32.0 31.0 30.0 29.0 28.0 27.0 26.0 25.0 24.0 23.0 22.0 21.0 20.0 19.0 18.0 17.0 16.0 15.0 14.0 13.0 12.0 11.0 
11.0 10.0 9.0 8.0 7.0 6.0 5.0 4.0 3.0 2.0 1.0 0.0 1.0 2.0 3.0 4.0 5.0 6.0 7.0 8.0 9.0 10.0 11.0 12.0 13.0 14.0 15.0 16.0 17.0 18.0 19.0 20.0 21.0 22.0 23.0 24.0 25.0 26.0 27.0 28.0 29.0 30.0 31.0 32.0 31.0 30.0 29.0 28.0 27.0 26.0 25.0 24.0 23.0 22.0 21.0 20.0 19.0 18.0 17.0 16.0 15.0 14.0 13.0 12.0 
12.0 11.0 10.0 9.0 8.0 7.0 6.0 5.0 4.0 3.0 2.0 1.0 0.0 1.0 2.0 3.0 4.0 5.0 6.0 7.0 8.0 9.0 10.0 11.0 12.0 13.0 14.0 15.0 16.0 17.0 18.0 19.0 20.0 21.0 22.0 23.0 24.0 25.0 26.0 27.0 28.0 29.0 30.0 31.0 32.0 31.0 30.0 29.0 28.0 27.0 26.0 25.0 24.0 23.0 22.0 21.0 20.0 19.0 18.0 17.0 16.0 15.0 14.0 13.0 
13.0 12.0 11.0 10.0 9.0 8.0 7.0 6.0 5.0 4.0 3.0 2.0 1.0 0.0 1.0 2.0 3.0 4.0 5.0 6.0 7.0 8.0 9.0 10.0 11.0 12.0 13.0 14.0 15.0 16.0 17.0 18.0 19.0 20.0 21.0 22.0 23.0 24.0 25.0 26.0 27.0 28.0 29.0 30.0 31.0 32.0 31.0 30.0 29.0 28.0 27.0 26.0 25.0 24.0 23.0 22.0 21.0 20.0 19.0 18.0 17.0 16.0 15.0 14.0 
14.0 13.0 12.0 11.0 10.0 9.0 8.0 7.0 6.0 5.0 4.0 3.0 2.0 1.0 0.0 1.0 2.0 3.0 4.0 5.0 6.0 7.0 8.0 9.0 10.0 11.0 12.0 13.0 14.0 15.0 16.0 17.0 18.0 19.0 20.0 21.0 22.0 23.0 24.0 25.0 26.0 27.0 28.0 29.0 30.0 31.0 32.0 31.0 30.0 29.0 28.0 27.0 26.0 25.0 24.0 23.0 22.0 21.0 20.0 19.0 18.0 17.0 16.0 15.0 
15.0 14.0 13.0 12.0 11.0 10.0 9.0 8.0 7.0 6.0 5.0 4.0 3.0 2.0 1.0 0.0 1.0 2.0 3.0 4.0 5.0 6.0 7.0 8.0 9.0 10.0 11.0 12.0 13.0 14.0 15.0 16.0 17.0 18.0 19.0 20.0 21.0 22.0 23.0 24.0 25.0 26.0 27.0 28.0 29.0 30.0 31.0 32.0 31.0 30.0 29.0 28.0 27.0 26.0 25.0 24.0 23.0 22.0 21.0 20.0 19.0 18.0 17.0 16.0 
16.0 15.0 14.0 13.0 12.0 11.0 10.0 9.0 8.0 7.0 6.0 5.0 4.0 3.0 2.0 1.0 0.0 1.0 2.0 3.0 4.0 5.0 6.0 7.0 8.0 9.0 10.0 11.0 12.0 13.0 14.0 15.0 16.0 17.0 18.0 19.0 20.0 21.0 22.0 23.0 24.0 25.0 26.0 27.0 28.0 29.0 30.0 31.0 32.0 31.0 30.0 29.0 28.0 27.0 26.0 25.0 24.0 23.0 22.0 21.0 20.0 19.0 18.0 17.0 
17.0 16.0 15.0 14.0 13.0 12.0 11.0 10.0 9.0 8.0 7.0 6.0 5.0 4.0 3.0 2.0 1.0 0.0 1.0 2.0 3.0 4.0 5.0 6.0 7.0 8.0 9.0 10.0 11.0 12.0 13.0 14.0 15.0 16.0 17.0 18.0 19.0 20.0 21.0 22.0 23.0 24.0 25.0 26.0 27.0 28.0 29.0 30.0 31.0 32.0 31.0 30.0 29.0 28.0 27.0 26.0 25.0 24.0 23.0 22.0 21.0 20.0 19.0 18.0 
18.0 17.0 16.0 15.0 14.0 13.0 12.0 11.0 10.0 9.0 8.0 7.0 6.0 5.0 4.0 3.0 2.0 1.0 0.0 1.0 2.0 3.0 4.0 5.0 6.0 7.0 8.0 9.0 10.0 11.0 12.0 13.0 14.0 15.0 16.0 17.0 18.0 19.0 20.0 21.0 22.0 23.0 24.0 25.0 26.0 27.0 28.0 29.0 30.0 31.0 32.0 31.0 30.0 29.0 28.0 27.0 26.0 25.0 24.0 23.0 22.0 21.0 20.0 19.0 
19.0 18.0 17.0 16.0 15.0 14.0 13.0 12.0 11.0 10.0 9.0 8.0 7.0 6.0 5.0 4.0 3.0 2.0 1.0 0.0 1.0 2.0 3.0 4.0 5.0 6.0 7.0 8.0 9.0 10.0 11.0 12.0 13.0 14.0 15.0 16.0 17.0 18.0 19.0 20.0 21.0 22.0 23.0 24.0 25.0 26.0 27.0 28.0 29.0 30.0 31.0 32.0 31.0 30.0 29.0 28.0 27.0 26.0 25.0 24.0 23.0 22.0 21.0 20.0 
20.0 19.0 18.0 17.0 16.0 15.0 14.0 13.0 12.0 11.0 10.0 9.0 8.0 7.0 6.0 5.0 4.0 3.0 2.0 1.0 0.0 1.0 2.0 3.0 4.0 5.0 6.0 7.0 8.0 9.0 10.0 11.0 12.0 13.0 14.0 15.0 16.0 17.0 18.0 19.0 20.0 21.0 22.0 23.0 24.0 25.0 26.0 27.0 28.0 29.0 30.0 31.0 32.0 31.0 30.0 29.0 28.0 27.0 26.0 25.0 24.0 23.0 22.0 21.0 
21.0 20.0 19.0 18.0 17.0 16.0 15.0 14.0 13.0 12.0 11.0 10.0 9.0 8.0 7.0 6.0 5.0 4.0 3.0 2.0 1.0 0.0 1.0 2.0 3.0 4.0 5.0 6.0 7.0 8.0 9.0 10.0 11.0 12.0 13.0 14.0 15.0 16.0 17.0 18.0 19.0 20.0 21.0 22.0 23.0 24.0 25.0 26.0 27.0 28.0 29.0 30.0 31.0 32.0 31.0 30.0 29.0 28.0 27.0 26.0 25.0 24.0 23.0 22.0 
22.0 21.0 20.0 19.0 18.0 17.0 16.0 15.0 14.0 13.0 12.0 11.0 10.0 9.0 8.0 7.0 6.0 5.0 4.0 3.0 2.0 1.0 0.0 1.0 2.0 3.0 4.0 5.0 6.0 7.0 8.0 9.0 10.0 11.0 12.0 13.0 14.0 15.0 16.0 17.0 18.0 19.0 20.0 21.0 22.0 23.0 24.0 25.0 26.0 27.0 28.0 29.0 30.0 31.0 32.0 31.0 30.0 29.0 28.0 27.0 26.0 25.0 24.0 23.0 
23.0 22.0 21.0 20.0 19.0 18.0 17.0 16.0 15.0 14.0 13.0 12.0 11.0 10.0 9.0 8.0 7.0 6.0 5.0 4.0 3.0 2.0 1.0 0.0 1.0 2.0 3.0 4.0 5.0 6.0 7.0 8.0 9.0 10.0 11.0 12.0 13.0 14.0 15.0 16.0 17.0 18.0 19.0 20.0 21.0 22.0 23.0 24.0 25.0 26.0 27.0 28.0 29.0 30.0 31.0 32.0 31.0 30.0 29.0 28.0 27.0 26.0 25.0 24.0 
24.0 23.0 22.0 21.0 20.0 19.0 18.0 17.0 16.0 15.0 14.0 13.0 12.0 11.0 10.0 9.0 8.0 7.0 6.0 5.0 4.0 3.0 2.0 1.0 0.0 1.0 2.0 3.0 4.0 5.0 6.0 7.0 8.0 9.0 10.0 11.0 12.0 13.0 14.0 15.0 16.0 17.0 18.0 19.0 20.0 21.0 22.0 23.0 24.0 25.0 26.0 27.0 28.0 29.0 30.0 31.0 32.0 31.0 30.0 29.0 28.0 27.0 26.0 25.0 
25.0 24.0 23.0 22.0 21.0 20.0 19.0 18.0 17.0 16.0 15.0 14.0 13.0 12.0 11.0 10.0 9.0 8.0 7.0 6.0 5.0 4.0 3.0 2.0 1.0 0.0 1.0 2.0 3.0 4.0 5.0 6.0 7.0 8.0 9.0 10.0 11.0 12.0 13.0 14.0 15.0 16.0 17.0 18.0 19.0 20.0 21.0 22.0 23.0 24.0 25.0 26.0 27.0 28.0 29.0 30.0 31.0 32.0 31.0 30.0 29.0 28.0 27.0 26.0 
26.0 25.0 24.0 23.0 22.0 21.0 20.0 19.0 18.0 17.0 16.0 15.0 14.0 13.0 12.0 11.0 10.0 9.0 8.0 7.0 6.0 5.0 4.0 3.0 2.0 1.0 0.0 1.0 2.0 3.0 4.0 5.0 6.0 7.0 8.0 9.0 10.0 11.0 12.0 13.0 14.0 15.0 16.0 17.0 18.0 19.0 20.0 21.0 22.0 23.0 24.0 25.0 26.0 27.0 28.0 29.0 30.0 31.0 32.0 31.0 30.0 29.0 28.0 27.0 
27.0 26.0 25.0 24.0 23.0 22.0 21.0 20.0 19.0 18.0 17.0 16.0 15.0 14.0 13.0 12.0 11.0 10.0 9.0 8.0 7.0 6.0 5.0 4.0 3.0 2.0 1.0 0.0 1.0 2.0 3.0 4.0 5.0 6.0 7.0 8.0 9.0 10.0 11.0 12.0 13.0 14.0 15.0 16.0 17.0 18.0 19.0 20.0 21.0 22.0 23.0 24.0 25.0 26.0 27.0 28.0 29.0 30.0 31.0 32.0 31.0 30.0 29.0 28.0 
28.0 27.0 26.0 25.0 24.0 23.0 22.0 21.0 20.0 19.0 18.0 17.0 16.0 15.0 14.0 13.0 12.0 11.0 10.0 9.0 8.0 7.0 6.0 5.0 4.0 3.0 2.0 1.0 0.0 1.0 2.0 3.0 4.0 5.0 6.0 7.0 8.0 9.0 10.0 11.0 12.0 13.0 14.0 15.0 16.0 17.0 18.0 19.0 20.0 21.0 22.0 23.0 24.0 25.0 26.0 27.0 28.0 29.0 30.0 31.0 32.0 31.0 30.0 29.0 
29.0 28.0 27.0 26.0 25.0 24.0 23.0 22.0 21.0 20.0 19.0 18.0 17.0 16.0 15.0 14.0 13.0 12.0 11.0 10.0 9.0 8.0 7.0 6.0 5.0 4.0 3.0 2.0 1.0 0.0 1.0 2.0 3.0 4.0 5.0 6.0 7.0 8.0 9.0 10.0 11.0 12.0 13.0 14.0 15.0 16.0 17.0 18.0 19.0 20.0 21.0 22.0 23.0 24.0 25.0 26.0 27.0 28.0 29.0 30.0 31.0 32.0 31.0 30.0 
30.0 29.0 28.0 27.0 26.0 25.0 24.0 23.0 22.0 21.0 20.0 19.0 18.0 17.0 16.0 15.0 14.0 13.0 12.0 11.0 10.0 9.0 8.0 7.0 6.0 5.0 4.0 3.0 2.0 1.0 0.0 1.0 2.0 3.0 4.0 5.0 6.0 7.0 8.0 9.0 10.0 11.0 12.0 13.0 14.0 15.0 16.0 17.0 18.0 19.0 20.0 21.0 22.0 23.0 24.0 25.0 26.0 27.0 28.0 29.0 30.0 31.0 32.0 31.0 
31.0 30.0 29.0 28.0 27.0 26.0 25.0 24.0 23.0 22.0 21.0 20.0 19.0 18.0 17.0 16.0 15.0 14.0 13.0 12.0 11.0 10.0 9.0 8.0 7.0 6.0 5.0 4.0 3.0 2.0 1.0 0.0 1.0 2.0 3.0 4.0 5.0 6.0 7.0 8.0 9.0 10.0 11.0 12.0 13.0 14.0 15.0 16.0 17.0 18.0 19.0 20.0 21.0 22.0 23.0 24.0 25.0 26.0 27.0 28.0 29.0 30.0 31.0 32.0 
32.0 31.0 30.0 29.0 28.0 27.0 26.0 25.0 24.0 23.0 22.0 21.0 20.0 19.0 18.0 17.0 16.0 15.0 14.0 13.0 12.0 11.0 10.0 9.0 8.0 7.0 6.0 5.0 4.0 3.0 2.0 1.0 0.0 1.0 2.0 3.0 4.0 5.0 6.0 7.0 8.0 9.0 10.0 11.0 12.0 13.0 14.0 15.0 16.0 17.0 18.0 19.0 20.0 21.0 22.0 23.0 24.0 25.0 26.0 27.0 28.0 29.0 30.0 31.0 
31.0 32.0 31.0 30.0 29.0 28.0 27.0 26.0 25.0 24.0 23.0 22.0 21.0 20.0 19.0 18.0 17.0 16.0 15.0 14.0 13.0 12.0 11.0 10.0 9.0 8.0 7.0 6.0 5.0 4.0 3.0 2.0 1.0 0.0 1.0 2.0 3.0 4.0 5.0 6.0 7.0 8.0 9.0 10.0 11.0 12.0 13.0 14.0 15.0 16.0 17.0 18.0 19.0 20.0 21.0 22.0 23.0 24.0 25.0 26.0 27.0 28.0 29.0 30.0 
30.0 31.0 32.0 31.0 30.0 29.0 28.0 27.0 26.0 25.0 24.0 23.0 22.0 21.0 20.0 19.0 18.0 17.0 16.0 15.0 14.0 13.0 12.0 11.0 10.0 9.0 8.0 7.0 6.0 5.0 4.0 3.0 2.0 1.0 0.0 1.0 2.0 3.0 4.0 5.0 6.0 7.0 8.0 9.0 10.0 11.0 12.0 13.0 14.0 15.0 16.0 17.0 18.0 19.0 20.0 21.0 22.0 23.0 24.0 25.0 26.0 27.0 28.0 29.0 
29.0 30.0 31.0 32.0 31.0 30.0 29.0 28.0 27.0 26.0 25.0 24.0 23.0 22.0 21.0 20.0 19.0 18.0 17.0 16.0 15.0 14.0 13.0 12.0 11.0 10.0 9.0 8.0 7.0 6.0 5.0 4.0 3.0 2.0 1.0 0.0 1.0 2.0 3.0 4.0 5.0 6.0 7.0 8.0 9.0 10.0 11.0 12.0 13.0 14.0 15.0 16.0 17.0 18.0 19.0 20.0 21.0 22.0 23.0 24.0 25.0 26.0 27.0 28.0 
28.0 29.0 30.0 31.0 32.0 31.0 30.0 29.0 28.0 27.0 26.0 25.0 24.0 23.0 22.0 21.0 20.0 19.0 18.0 17.0 16.0 15.0 14.0 13.0 12.0 11.0 10.0 9.0 8.0 7.0 6.0 5.0 4.0 3.0 2.0 1.0 0.0 1.0 2.0 3.0 4.0 5.0 6.0 7.0 8.0 9.0 10.0 11.0 12.0 13.0 14.0 15.0 16.0 17.0 18.0 19.0 20.0 21.0 22.0 23.0 24.0 25.0 26.0 27.0 
27.0 28.0 29.0 30.0 31.0 32.0 31.0 30.0 29.0 28.0 27.0 26.0 25.0 24.0 23.0 22.0 21.0 20.0 19.0 18.0 17.0 16.0 15.0 14.0 13.0 12.0 11.0 10.0 9.0 8.0 7.0 6.0 5.0 4.0 3.0 2.0 1.0 0.0 1.0 2.0 3.0 4.0 5.0 6.0 7.0 8.0 9.0 10.0 11.0 12.0 13.0 14.0 15.0 16.0 17.0 18.0 19.0 20.0 21.0 22.0 23.0 24.0 25.0 26.0 
26.0 27.0 28.0 29.0 30.0 31.0 32.0 31.0 30.0 29.0 28.0 27.0 26.0 25.0 24.0 23.0 22.0 21.0 20.0 19.0 18.0 17.0 16.0 15.0 14.0 13.0 12.0 11.0 10.0 9.0 8.0 7.0 6.0 5.0 4.0 3.0 2.0 1.0 0.0 1.0 2.0 3.0 4.0 5.0 6.0 7.0 8.0 9.0 10.0 11.0 12.0 13.0 14.0 15.0 16.0 17.0 18.0 19.0 20.0 21.0 22.0 23.0 24.0 25.0 
25.0 26.0 27.0 28.0 29.0 30.0 31.0 32.0 31.0 30.0 29.0 28.0 27.0 26.0 25.0 24.0 23.0 22.0 21.0 20.0 19.0 18.0 17.0 16.0 15.0 14.0 13.0 12.0 11.0 10.0 9.0 8.0 7.0 6.0 5.0 4.0 3.0 2.0 1.0 0.0 1.0 2.0 3.0 4.0 5.0 6.0 7.0 8.0 9.0 10.0 11.0 12.0 13.0 14.0 15.0 16.0 17.0 18.0 19.0 20.0 21.0 22.0 23.0 24.0 
24.0 25.0 26.0 27.0 28.0 29.0 30.0 31.0 32.0 31.0 30.0 29.0 28.0 27.0 26.0 25.0 24.0 23.0 22.0 21.0 20.0 19.0 18.0 17.0 16.0 15.0 14.0 13.0 12.0 11.0 10.0 9.0 8.0 7.0 6.0 5.0 4.0 3.0 2.0 1.0 0.0 1.0 2.0 3.0 4.0 5.0 6.0 7.0 8.0 9.0 10.0 11.0 12.0 13.0 14.0 15.0 16.0 17.0 18.0 19.0 20.0 21.0 22.0 23.0 
23.0 24.0 25.0 26.0 27.0 28.0 29.0 30.0 31.0 32.0 31.0 30.0 29.0 28.0 27.0 26.0 25.0 24.0 23.0 22.0 21.0 20.0 19.0 18.0 17.0 16.0 15.0 14.0 13.0 12.0 11.0 10.0 9.0 8.0 7.0 6.0 5.0 4.0 3.0 2.0 1.0 0.0 1.0 2.0 3.0 4.0 5.0 6.0 7.0 8.0 9.0 10.0 11.0 12.0 13.0 14.0 15.0 16.0 17.0 18.0 19.0 20.0 21.0 22.0 
22.0 23.0 24.0 25.0 26.0 27.0 28.0 29.0 30.0 31.0 32.0 31.0 30.0 29.0 28.0 27.0 26.0 25.0 24.0 23.0 22.0 21.0 20.0 19.0 18.0 17.0 16.0 15.0 14.0 13.0 12.0 11.0 10.0 9.0 8.0 7.0 6.0 5.0 4.0 3.0 2.0 1.0 0.0 1.0 2.0 3.0 4.0 5.0 6.0 7.0 8.0 9.0 10.0 11.0 12.0 13.0 14.0 15.0 16.0 17.0 18.0 19.0 20.0 21.0 
21.0 22.0 23.0 24.0 25.0 26.0 27.0 28.0 29.0 30.0 31.0 32.0 31.0 30.0 29.0 28.0 27.0 26.0 25.0 24.0 23.0 22.0 21.0 20.0 19.0 18.0 17.0 16.0 15.0 14.0 13.0 12.0 11.0 10.0 9.0 8.0 7.0 6.0 5.0 4.0 3.0 2.0 1.0 0.0 1.0 2.0 3.0 4.0 5.0 6.0 7.0 8.0 9.0 10.0 11.0 12.0 13.0 14.0 15.0 16.0 17.0 18.0 19.0 20.0 
20.0 21.0 22.0 23.0 24.0 25.0 26.0 27.0 28.0 29.0 30.0 31.0 32.0 31.0 30.0 29.0 28.0 27.0 26.0 25.0 24.0 23.0 22.0 21.0 20.0 19.0 18.0 17.0 16.0 15.0 14.0 13.0 12.0 11.0 10.0 9.0 8.0 7.0 6.0 5.0 4.0 3.0 2.0 1.0 0.0 1.0 2.0 3.0 4.0 5.0 6.0 7.0 8.0 9.0 10.0 11.0 12.0 13.0 14.0 15.0 16.0 17.0 18.0 19.0 
19.0 20.0 21.0 22.0 23.0 24.0 25.0 26.0 27.0 28.0 29.0 30.0 31.0 32.0 31.0 30.0 29.0 28.0 27.0 26.0 25.0 24.0 23.0 22.0 21.0 20.0 19.0 18.0 17.0 16.0 15.0 14.0 13.0 12.0 11.0 10.0 9.0 8.0 7.0 6.0 5.0 4.0 3.0 2.0 1.0 0.0 1.0 2.0 3.0 4.0 5.0 6.0 7.0 8.0 9.0 10.0 11.0 12.0 13.0 14.0 15.0 16.0 17.0 18.0 
18.0 19.0 20.0 21.0 22.0 23.0 24.0 25.0 26.0 27.0 28.0 29.0 30.0 31.0 32.0 31.0 30.0 29.0 28.0 27.0 26.0 25.0 24.0 23.0 22.0 21.0 20.0 19.0 18.0 17.0 16.0 15.0 14.0 13.0 12.0 11.0 10.0 9.0 8.0 7.0 6.0 5.0 4.0 3.0 2.0 1.0 0.0 1.0 2.0 3.0 4.0 5.0 6.0 7.0 8.0 9.0 10.0 11.0 12.0 13.0 14.0 15.0 16.0 17.0 
17.0 18.0 19.0 20.0 21.0 22.0 23.0 24.0 25.0 26.0 27.0 28.0 29.0 30.0 31.0 32.0 31.0 30.0 29.0 28.0 27.0 26.0 25.0 24.0 23.0 22.0 21.0 20.0 19.0 18.0 17.0 16.0 15.0 14.0 13.0 12.0 11.0 10.0 9.0 8.0 7.0 6.0 5.0 4.0 3.0 2.0 1.0 0.0 1.0 2.0 3.0 4.0 5.0 6.0 7.0 8.0 9.0 10.0 11.0 12.0 13.0 14.0 15.0 16.0 
16.0 17.0 18.0 19.0 20.0 21.0 22.0 23.0 24.0 25.0 26.0 27.0 28.0 29.0 30.0 31.0 32.0 31.0 30.0 29.0 28.0 27.0 26.0 25.0 24.0 23.0 22.0 21.0 20.0 19.0 18.0 17.0 16.0 15.0 14.0 13.0 12.0 11.0 10.0 9.0 8.0 7.0 6.0 5.0 4.0 3.0 2.0 1.0 0.0 1.0 2.0 3.0 4.0 5.0 6.0 7.0 8.0 9.0 10.0 11.0 12.0 13.0 14.0 15.0 
15.0 16.0 17.0 18.0 19.0 20.0 21.0 22.0 23.0 24.0 25.0 26.0 27.0 28.0 29.0 30.0 31.0 32.0 31.0 30.0 29.0 28.0 27.0 26.0 25.0 24.0 23.0 22.0 21.0 20.0 19.0 18.0 17.0 16.0 15.0 14.0 13.0 12.0 11.0 10.0 9.0 8.0 7.0 6.0 5.0 4.0 3.0 2.0 1.0 0.0 1.0 2.0 3.0 4.0 5.0 6.0 7.0 8.0 9.0 10.0 11.0 12.0 13.0 14.0 
14.0 15.0 16.0 17.0 18.0 19.0 20.0 21.0 22.0 23.0 24.0 25.0 26.0 27.0 28.0 29.0 30.0 31.0 32.0 31.0 30.0 29.0 28.0 27.0 26.0 25.0 24.0 23.0 22.0 21.0 20.0 19.0 18.0 17.0 16.0 15.0 14.0 13.0 12.0 11.0 10.0 9.0 8.0 7.0 6.0 5.0 4.0 3.0 2.0 1.0 0.0 1.0 2.0 3.0 4.0 5.0 6.0 7.0 8.0 9.0 10.0 11.0 12.0 13.0 
13.0 14.0 15.0 16.0 17.0 18.0 19.0 20.0 21.0 22.0 23.0 24.0 25.0 26.0 27.0 28.0 29.0 30.0 31.0 32.0 31.0 30.0 29.0 28.0 27.0 26.0 25.0 24.0 23.0 22.0 21.0 20.0 19.0 18.0 17.0 16.0 15.0 14.0 13.0 12.0 11.0 10.0 9.0 8.0 7.0 6.0 5.0 4.0 3.0 2.0 1.0 0.0 1.0 2.0 3.0 4.0 5.0 6.0 7.0 8.0 9.0 10.0 11.0 12.0 
12.0 13.0 14.0 15.0 16.0 17.0 18.0 19.0 20.0 21.0 22.0 23.0 24.0 25.0 26.0 27.0 28.0 29.0 30.0 31.0 32.0 31.0 30.0 29.0 28.0 27.0 26.0 25.0 24.0 23.0 22.0 21.0 20.0 19.0 18.0 17.0 16.0 15.0 14.0 13.0 12.0 11.0 10.0 9.0 8.0 7.0 6.0 5.0 4.0 3.0 2.0 1.0 0.0 1.0 2.0 3.0 4.0 5.0 6.0 7.0 8.0 9.0 10.0 11.0 
11.0 12.0 13.0 14.0 15.0 16.0 17.0 18.0 19.0 20.0 21.0 22.0 23.0 24.0 25.0 26.0 27.0 28.0 29.0 30.0 31.0 32.0 31.0 30.0 29.0 28.0 27.0 26.0 25.0 24.0 23.0 22.0 21.0 20.0 19.0 18.0 17.0 16.0 15.0 14.0 13.0 12.0 11.0 10.0 9.0 8.0 7.0 6.0 5.0 4.0 3.0 2.0 1.0 0.0 1.0 2.0 3.0 4.0 5.0 6.0 7.0 8.0 9.0 10.0 
10.0 11.0 12.0 13.0 14.0 15.0 16.0 17.0 18.0 19.0 20.0 21.0 22.0 23.0 24.0 25.0 26.0 27.0 28.0 29.0 30.0 31.0 32.0 31.0 30.0 29.0 28.0 27.0 26.0 25.0 24.0 23.0 22.0 21.0 20.0 19.0 18.0 17.0 16.0 15.0 14.0 13.0 12.0 11.0 10.0 9.0 8.0 7.0 6.0 5.0 4.0 3.0 2.0 1.0 0.0 1.0 2.0 3.0 4.0 5.0 6.0 7.0 8.0 9.0 
9.0 10.0 11.0 12.0 13.0 14.0 15.0 16.0 17.0 18.0 19.0 20.0 21.0 22.0 23.0 24.0 25.0 26.0 27.0 28.0 29.0 30.0 31.0 32.0 31.0 30.0 29.0 28.0 27.0 26.0 25.0 24.0 23.0 22.0 21.0 20.0 19.0 18.0 17.0 16.0 15.0 14.0 13.0 12.0 11.0 10.0 9.0 8.0 7.0 6.0 5.0 4.0 3.0 2.0 1.0 0.0 1.0 2.0 3.0 4.0 5.0 6.0 7.0 8.0 
8.0 9.0 10.0 11.0 12.0 13.0 14.0 15.0 16.0 17.0 18.0 19.0 20.0 21.0 22.0 23.0 24.0 25.0 26.0 27.0 28.0 29.0 30.0 31.0 32.0 31.0 30.0 29.0 28.0 27.0 26.0 25.0 24.0 23.0 22.0 21.0 20.0 19.0 18.0 17.0 16.0 15.0 14.0 13.0 12.0 11.0 10.0 9.0 8.0 7.0 6.0 5.0 4.0 3.0 2.0 1.0 0.0 1.0 2.0 3.0 4.0 5.0 6.0 7.0 
7.0 8.0 9.0 10.0 11.0 12.0 13.0 14.0 15.0 16.0 17.0 18.0 19.0 20.0 21.0 22.0 23.0 24.0 25.0 26.0 27.0 28.0 29.0 30.0 31.0 32.0 31.0 30.0 29.0 28.0 27.0 26.0 25.0 24.0 23.0 22.0 21.0 20.0 19.0 18.0 17.0 16.0 15.0 14.0 13.0 12.0 11.0 10.0 9.0 8.0 7.0 6.0 5.0 4.0 3.0 2.0 1.0 0.0 1.0 2.0 3.0 4.0 5.0 6.0 
6.0 7.0 8.0 9.0 10.0 11.0 12.0 13.0 14.0 15.0 16.0 17.0 18.0 19.0 20.0 21.0 22.0 23.0 24.0 25.0 26.0 27.0 28.0 29.0 30.0 31.0 32.0 31.0 30.0 29.0 28.0 27.0 26.0 25.0 24.0 23.0 22.0 21.0 20.0 19.0 18.0 17.0 16.0 15.0 14.0 13.0 12.0 11.0 10.0 9.0 8.0 7.0 6.0 5.0 4.0 3.0 2.0 1.0 0.0 1.0 2.0 3.0 4.0 5.0 
5.0 6.0 7.0 8.0 9.0 10.0 11.0 12.0 13.0 14.0 15.0 16.0 17.0 18.0 19.0 20.0 21.0 22.0 23.0 24.0 25.0 26.0 27.0 28.0 29.0 30.0 31.0 32.0 31.0 30.0 29.0 28.0 27.0 26.0 25.0 24.0 23.0 22.0 21.0 20.0 19.0 18.0 17.0 16.0 15.0 14.0 13.0 12.0 11.0 10.0 9.0 8.0 7.0 6.0 5.0 4.0 3.0 2.0 1.0 0.0 1.0 2.0 3.0 4.0 
4.0 5.0 6.0 7.0 8.0 9.0 10.0 11.0 12.0 13.0 14.0 15.0 16.0 17.0 18.0 19.0 20.0 21.0 22.0 23.0 24.0 25.0 26.0 27.0 28.0 29.0 30.0 31.0 32.0 31.0 30.0 29.0 28.0 27.0 26.0 25.0 24.0 23.0 22.0 21.0 20.0 19.0 18.0 17.0 16.0 15.0 14.0 13.0 12.0 11.0 10.0 9.0 8.0 7.0 6.0 5.0 4.0 3.0 2.0 1.0 0.0 1.0 2.0 3.0 
3.0 4.0 5.0 6.0 7.0 8.0 9.0 10.0 11.0 12.0 13.0 14.0 15.0 16.0 17.0 18.0 19.0 20.0 21.0 22.0 23.0 24.0 25.0 26.0 27.0 28.0 29.0 30.0 31.0 32.0 31.0 30.0 29.0 28.0 27.0 26.0 25.0 24.0 23.0 22.0 21.0 20.0 19.0 18.0 17.0 16.0 15.0 14.0 13.0 12.0 11.0 10.0 9.0 8.0 7.0 6.0 5.0 4.0 3.0 2.0 1.0 0.0 1.0 2.0 
2.0 3.0 4.0 5.0 6.0 7.0 8.0 9.0 10.0 11.0 12.0 13.0 14.0 15.0 16.0 17.0 18.0 19.0 20.0 21.0 22.0 23.0 24.0 25.0 26.0 27.0 28.0 29.0 30.0 31.0 32.0 31.0 30.0 29.0 28.0 27.0 26.0 25.0 24.0 23.0 22.0 21.0 20.0 19.0 18.0 17.0 16.0 15.0 14.0 13.0 12.0 11.0 10.0 9.0 8.0 7.0 6.0 5.0 4.0 3.0 2.0 1.0 0.0 1.0 
1.0 2.0 3.0 4.0 5.0 6.0 7.0 8.0 9.0 10.0 11.0 12.0 13.0 14.0 15.0 16.0 17.0 18.0 19.0 20.0 21.0 22.0 23.0 24.0 25.0 26.0 27.0 28.0 29.0 30.0 31.0 32.0 31.0 30.0 29.0 28.0 27.0 26.0 25.0 24.0 23.0 22.0 21.0 20.0 19.0 18.0 17.0 16.0 15.0 14.0 13.0 12.0 11.0 10.0 9.0 8.0 7.0 6.0 5.0 4.0 3.0 2.0 1.0 0.0 