64
9 8 3 7 10 4 7 3 5 8 5 4 1 10 6 8 1 4 10 4 9 3 4 7 8 3 5 7 10 4 1 10 5 1 7 2 9 9 8 7 3 4 4 8 9 3 8 6 5 3 10 4 8 2 1 1 6 4 10 6 6 9 3 3 
3 5 8 9 9 4 9 8 1 2 8 4 1 1 5 8 1 10 8 3 8 3 4 3 2 2 5 2 2 2 1 1 8 8 7 5 7 9 8 10 6 3 6 9 8 5 5 10 10 5 2 6 6 1 7 3 9 9 1 3 7 10 4 4 
2 8 2 7 1 5 6 9 1 8 4 2 7 6 10 8 9 5 2 4 6 8 9 6 10 10 5 2 9 10 6 8 8 8 8 1 8 4 5 8 1 10 1 3 6 4 7 7 7 4 4 7 2 3 9 9 3 2 5 9 7 5 4 2 
7 2 2 6 4 10 9 3 10 3 6 2 6 7 5 4 3 2 2 2 2 7 9 7 1 9 9 1 1 3 9 10 5 5 2 3 4 9 7 5 9 9 4 10 6 9 5 5 4 1 7 1 3 1 6 5 6 9 6 4 7 2 4 7 
10 3 8 5 3 9 7 5 4 9 2 3 4 1 1 2 2 1 3 2 1 1 6 5 8 8 3 5 9 9 1 6 10 5 1 4 5 7 10 10 5 6 8 7 9 10 2 4 6 5 2 2 10 6 1 1 6 1 10 9 4 9 6 1 
5 8 7 1 3 7 2 1 10 5 10 3 6 5 4 4 8 8 8 8 1 10 9 9 6 2 2 8 3 6 3 9 6 6 3 1 1 9 8 10 6 9 8 6 8 10 5 7 8 5 9 6 6 5 10 10 9 9 3 8 1 10 8 2 
9 5 6 1 9 10 7 1 7 1 2 7 7 10 10 7 9 2 4 2 7 5 4 8 7 9 2 2 10 5 8 2 3 4 10 6 6 9 5 1 5 6 8 6 3 8 6 1 3 5 6 1 6 8 10 7 7 5 9 4 2 3 3 6 
7 4 8 10 2 5 5 6 9 2 2 4 5 4 3 10 3 7 6 8 7 2 1 9 9 8 1 10 2 4 3 2 9 8 5 8 5 7 6 2 8 1 8 3 7 3 7 1 9 7 8 4 1 10 3 1 10 6 8 5 1 7 8 10 
6 7 6 9 10 2 2 7 7 6 4 9 9 4 8 2 4 4 8 7 10 10 5 9 7 10 2 7 7 7 7 3 1 2 9 5 9 6 9 5 10 5 9 10 4 5 6 2 2 10 3 5 5 8 8 8 10 10 2 4 2 9 9 8 
4 1 4 8 8 1 9 5 5 7 1 10 6 2 4 1 3 3 1 7 9 1 9 4 5 9 5 9 2 6 5 6 5 4 1 10 10 7 7 6 8 4 10 7 2 1 8 5 6 7 9 10 1 9 10 8 2 9 9 3 5 7 3 7 
8 9 3 9 5 5 4 8 5 8 1 6 3 7 1 6 9 10 5 5 3 3 3 1 10 6 5 6 10 8 1 2 10 8 2 2 3 10 7 4 10 5 9 5 9 6 5 7 7 6 5 8 10 4 4 5 7 2 4 7 3 3 5 4 
4 4 7 4 7 5 2 8 6 9 6 8 6 7 5 5 7 9 8 1 5 4 2 2 8 9 3 6 3 8 3 9 3 3 1 10 8 9 10 7 5 5 5 9 6 8 3 8 7 2 9 2 2 5 3 4 10 7 1 6 6 10 1 8 
4 8 9 4 7 8 6 4 2 6 8 6 7 1 10 6 1 10 2 5 10 8 10 6 4 9 10 6 8 8 4 9 2 4 5 7 2 10 6 2 10 1 1 3 1 2 3 6 9 4 6 10 3 7 2 2 10 2 9 9 10 10 1 5 
9 6 10 6 7 4 6 3 9 7 1 3 3 8 7 5 9 3 3 9 9 10 3 8 7 2 8 5 2 5 8 4 10 4 6 9 6 1 1 10 2 10 7 5 3 1 8 4 9 10 7 8 8 5 2 1 10 1 4 6 4 5 7 9 
5 2 10 4 5 3 1 4 4 4 1 2 8 8 9 1 9 8 10 8 5 6 4 6 7 4 2 4 7 3 9 4 8 3 6 1 3 6 9 7 1 6 1 5 6 6 4 10 2 5 2 9 4 1 7 9 7 6 10 3 9 5 2 8 
8 1 4 10 8 3 2 5 5 10 6 1 7 7 1 7 10 7 9 8 2 10 9 1 5 3 4 9 6 6 3 7 8 10 2 6 7 6 6 2 9 10 6 6 6 5 6 10 10 10 6 2 8 9 3 8 4 7 6 7 9 6 4 3 
6 9 8 10 6 7 4 1 1 5 2 10 10 7 6 8 2 8 2 9 5 3 9 10 6 4 7 6 7 9 4 7 10 7 7 10 8 9 10 5 4 1 10 5 7 5 10 9 4 9 10 3 10 5 8 2 10 9 7 2 6 10 8 4 
7 1 6 10 6 10 9 7 10 2 6 9 10 1 5 10 4 6 10 6 7 1 10 1 5 9 9 7 6 3 2 9 9 3 7 8 10 6 8 6 4 2 1 5 8 1 1 6 2 6 7 7 4 4 10 10 2 1 8 7 3 8 2 9 
7 10 5 1 7 3 10 2 8 4 5 4 10 3 3 1 8 8 9 1 9 3 7 1 2 10 5 7 4 5 4 3 2 5 1 10 1 2 2 3 2 8 8 6 10 7 1 8 6 7 2 9 8 4 4 6 3 9 7 2 10 9 5 8 
8 2 1 6 10 1 10 10 10 6 9 6 4 10 5 4 4 7 10 1 6 5 9 5 3 4 3 4 2 7 6 9 5 8 2 6 2 8 7 10 1 3 3 1 8 10 2 10 10 6 1 9 9 5 5 5 8 8 4 10 1 7 6 3 
2 2 4 7 8 2 10 10 9 9 10 10 8 8 6 7 2 1 9 2 9 8 10 5 7 2 2 7 8 9 7 9 5 5 3 3 1 5 3 6 7 7 3 2 2 10 8 1 4 9 10 6 5 10 7 1 4 3 9 8 6 3 10 4 
2 7 7 5 5 7 10 6 4 5 10 3 9 2 9 4 5 10 2 8 2 9 2 3 9 3 1 9 5 1 4 10 1 10 8 2 3 4 7 7 9 8 3 10 10 8 1 5 8 6 1 3 5 7 6 4 2 4 9 10 1 8 1 10 
3 3 4 9 10 3 9 7 7 5 5 3 7 8 1 4 10 5 7 8 7 6 9 9 9 4 10 4 7 2 9 8 9 6 3 6 8 9 8 6 4 7 2 2 10 9 1 9 6 1 2 8 9 1 1 10 10 4 6 10 3 1 1 7 
9 6 3 8 10 7 8 6 6 7 9 5 9 7 3 7 2 1 8 8 6 5 5 5 1 10 2 2 5 5 1 1 10 1 5 10 7 2 9 3 1 9 6 4 7 10 1 6 10 2 4 10 1 7 9 1 3 6 5 8 8 8 8 10 
1 1 7 10 7 3 6 2 3 8 2 9 7 7 4 1 4 7 4 2 5 10 7 6 4 1 9 4 3 4 7 10 10 7 8 9 8 6 3 10 1 3 9 8 9 10 1 7 9 1 10 3 10 8 8 3 8 8 4 7 4 7 6 6 
5 6 6 3 10 6 1 6 7 5 8 3 4 6 10 1 3 9 8 7 10 2 4 3 3 7 10 7 8 4 7 2 6 5 10 10 4 8 8 9 4 5 7 9 9 3 3 5 2 5 10 5 6 4 4 10 9 9 1 3 9 8 5 5 
1 9 10 3 2 3 6 1 7 6 4 1 6 8 10 7 3 10 10 5 1 9 7 9 5 9 6 5 8 9 6 4 10 5 9 7 1 9 3 5 8 6 7 6 10 2 4 3 6 7 1 8 10 3 2 1 6 10 5 8 9 9 1 4 
10 6 4 2 2 1 10 3 1 6 4 2 10 6 7 3 8 5 1 7 2 6 4 3 9 4 4 1 10 9 8 6 9 10 6 9 6 8 5 9 6 8 6 6 10 6 10 6 5 8 8 9 9 9 3 3 1 10 6 2 8 8 8 1 
5 4 10 2 6 9 9 7 3 8 4 3 1 6 2 9 7 7 7 5 9 7 6 1 9 6 10 6 10 5 4 1 7 9 7 2 5 2 5 3 10 6 10 2 6 9 4 2 10 9 10 2 10 2 1 2 5 10 9 7 5 2 9 10 
6 5 2 3 4 9 3 2 5 3 3 4 2 10 7 4 9 6 1 9 3 3 9 1 6 8 1 4 10 1 3 7 3 10 1 8 3 6 2 10 10 10 1 10 10 4 1 4 7 2 6 1 9 2 9 7 3 8 4 5 4 9 7 7 
2 5 8 2 2 1 3 8 7 10 8 7 9 9 8 5 2 8 8 8 2 9 5 2 3 9 4 10 10 9 5 6 3 4 9 3 1 7 6 7 7 7 8 6 10 1 2 8 1 8 5 5 9 4 6 8 7 4 3 8 4 2 10 9 
9 10 10 1 1 8 4 3 6 8 5 4 3 10 8 5 4 1 10 4 1 5 4 1 5 1 10 10 10 2 10 8 5 2 4 3 5 4 9 8 9 1 9 6 6 9 7 5 7 4 8 8 6 8 4 6 1 10 9 6 4 10 9 2 
3 4 10 5 10 1 2 5 9 3 6 1 8 9 7 6 8 4 2 4 6 5 1 6 10 5 7 4 2 7 2 9 4 2 9 6 2 3 4 8 9 1 10 10 4 8 4 1 3 6 6 4 8 8 8 10 7 6 9 2 8 3 9 8 
1 5 7 3 5 9 6 2 4 4 8 8 3 6 6 10 1 8 8 6 7 7 8 2 10 2 1 9 2 7 1 2 2 5 10 4 7 4 5 9 2 4 4 6 6 7 4 2 5 5 2 1 6 4 6 2 9 8 4 7 6 1 6 5 
6 10 1 2 1 1 5 4 7 4 10 6 3 8 3 10 1 6 9 8 5 9 4 10 5 2 10 4 2 6 2 9 2 9 4 3 8 10 3 8 9 3 3 10 8 1 5 6 8 9 7 9 8 8 10 5 10 5 7 10 1 6 5 1 
8 7 2 10 6 1 2 9 1 5 1 9 2 8 2 1 8 8 8 10 8 3 3 2 7 6 9 4 8 2 5 10 4 5 8 3 1 2 8 8 9 3 6 7 2 8 1 10 10 2 5 7 2 8 2 6 9 4 10 5 6 9 7 6 
10 4 5 9 7 8 1 10 4 8 7 10 7 5 8 5 7 3 4 9 6 3 5 2 9 6 6 3 3 7 5 7 10 8 7 10 2 9 10 2 6 5 10 7 1 4 5 6 4 8 6 1 9 10 1 1 2 5 7 1 10 2 2 6 
9 9 8 8 6 7 4 2 3 2 10 8 3 3 5 3 5 1 6 4 3 10 2 4 1 7 8 8 3 5 1 10 10 4 2 2 10 2 7 5 5 1 3 10 2 3 7 6 10 10 9 2 2 3 4 9 4 8 2 5 6 9 9 2 
1 10 7 9 3 7 9 1 7 1 9 7 4 1 2 8 3 1 3 7 1 1 5 6 1 2 10 1 3 5 10 7 9 3 2 6 9 9 1 3 4 7 8 8 7 6 9 1 1 10 4 9 7 4 3 5 4 1 5 4 5 8 9 7 
2 4 7 1 10 2 8 10 4 9 9 7 1 2 8 3 8 6 7 1 7 3 5 5 3 9 5 5 9 8 6 3 5 7 3 6 2 9 9 1 1 9 6 2 1 2 4 2 6 8 6 3 5 3 10 9 4 1 6 6 6 3 9 10 
6 2 3 8 1 8 6 6 1 5 4 3 1 1 1 9 3 9 1 2 2 1 1 3 9 7 10 2 1 9 8 3 6 5 4 8 3 1 2 1 6 7 7 7 6 10 5 5 4 9 9 9 3 9 8 9 9 8 6 7 8 6 7 5 
2 1 2 5 10 5 2 9 3 10 7 7 10 6 3 9 2 7 9 5 3 2 7 4 6 6 3 5 8 6 6 1 5 5 7 8 4 9 10 8 2 6 4 5 5 3 10 10 1 4 8 4 1 10 1 8 9 10 10 7 10 6 5 5 
9 1 1 6 9 9 8 2 4 10 9 10 5 8 10 8 3 8 1 1 3 5 3 6 1 5 10 2 8 7 2 1 5 9 5 2 5 10 9 9 5 3 7 10 2 3 2 2 2 2 9 1 6 7 6 1 4 2 10 8 9 8 1 2 
9 7 8 10 2 1 6 9 6 8 10 7 4 4 2 7 8 4 7 3 7 6 10 9 7 9 4 2 4 1 9 5 3 4 6 9 10 2 2 5 10 9 1 9 9 9 6 3 10 10 2 7 5 1 10 3 6 3 6 4 8 4 4 9 
5 8 6 5 6 3 3 3 1 3 8 6 7 9 5 7 3 8 3 8 2 4 6 2 5 6 1 9 3 3 2 6 5 9 9 4 2 5 5 9 3 3 2 2 5 3 5 3 6 6 7 5 5 1 2 1 8 1 10 10 3 1 2 2 
9 7 10 4 7 5 3 6 9 5 5 4 8 7 7 9 4 6 6 10 5 8 3 6 10 10 10 3 4 5 7 2 8 7 9 4 2 9 3 8 7 4 8 5 7 7 1 10 2 7 4 8 5 7 1 5 4 8 5 5 9 5 6 2 
3 1 3 7 10 10 6 8 10 2 4 9 8 6 4 2 3 3 5 2 10 2 9 4 6 3 9 4 6 6 9 2 10 2 8 1 9 8 4 8 4 3 10 8 6 3 9 9 10 4 9 9 9 7 1 5 2 10 8 10 9 6 3 9 
5 1 7 7 1 10 10 7 3 7 2 6 5 5 6 6 8 8 10 1 1 2 6 9 3 7 7 4 6 7 9 5 5 8 9 6 4 7 2 1 8 7 3 1 7 1 10 5 2 5 6 10 1 6 6 9 6 4 1 8 6 7 7 3 
5 10 6 4 3 2 4 2 7 7 9 10 9 10 5 3 2 2 7 4 9 7 10 2 4 2 1 9 3 6 2 5 7 6 5 9 2 7 2 3 8 9 9 7 9 5 4 10 5 5 4 10 10 7 10 3 6 5 1 4 5 8 3 4 
5 7 10 6 6 6 2 10 8 2 4 3 6 7 4 2 5 1 8 9 9 2 7 1 4 5 9 9 5 4 8 6 4 8 3 8 5 7 5 2 1 6 9 2 3 1 4 10 9 6 1 10 10 9 2 5 3 4 8 10 4 9 1 7 
4 7 4 10 2 3 5 9 6 7 4 5 8 5 4 7 6 9 2 8 5 7 5 8 5 8 9 6 10 2 1 7 10 10 6 3 1 7 3 2 9 6 10 2 4 3 2 8 7 6 2 5 4 3 8 8 8 6 5 9 1 7 2 2 
4 7 1 5 9 8 1 1 6 7 3 10 8 7 2 5 5 2 9 6 8 4 3 10 6 2 10 6 6 7 8 7 4 2 5 6 9 6 3 10 1 7 1 8 10 9 4 4 4 8 6 9 2 7 6 10 6 10 10 3 2 10 9 3 
4 4 7 10 1 1 3 1 6 1 10 3 9 9 1 8 4 10 4 9 4 2 8 8 10 7 6 10 1 7 7 8 3 1 10 10 6 7 7 5 7 10 6 3 6 9 1 6 10 8 1 5 5 6 5 8 7 6 6 8 2 2 7 5 
1 2 10 5 7 2 2 1 4 8 4 3 2 9 8 8 3 6 6 10 2 2 3 9 6 1 8 9 3 8 2 10 5 9 3 1 8 1 5 1 1 3 1 4 10 1 4 7 10 5 9 1 1 4 7 4 10 5 4 7 8 6 9 9 
1 10 7 8 1 1 7 10 7 3 9 2 4 9 6 4 6 5 6 4 1 2 9 9 2 7 1 6 10 6 10 10 10 7 4 10 1 3 3 8 2 5 2 6 9 1 2 7 9 2 5 6 6 5 6 5 2 7 3 6 10 1 10 6 
9 2 8 3 6 9 3 9 9 5 9 9 8 2 2 7 5 4 2 6 8 2 1 10 10 8 5 3 1 7 10 8 9 5 5 5 5 5 6 10 10 2 4 6 8 1 3 10 10 6 3 6 9 6 5 3 1 8 3 8 2 8 10 10 
2 1 6 6 6 4 3 2 3 4 3 1 7 8 10 10 10 3 6 4 5 9 7 10 7 7 10 6 2 10 3 2 7 9 8 2 3 6 8 1 10 8 7 6 3 8 8 4 10 6 4 4 1 10 5 7 4 7 2 2 7 4 9 10 
5 6 2 3 8 2 5 6 4 2 8 10 6 3 7 3 9 1 8 4 5 3 9 3 5 7 8 1 7 2 10 10 3 2 2 10 10 5 1 4 5 2 8 6 9 10 5 2 6 1 4 7 6 5 1 4 9 2 10 9 2 1 6 10 
5 5 4 6 10 4 1 4 7 10 5 1 4 3 6 2 4 10 3 7 8 4 3 6 10 7 2 5 3 1 1 3 6 1 6 5 6 2 6 10 10 8 9 7 10 9 2 6 10 5 4 3 9 6 9 8 10 2 10 3 6 1 3 10 
3 3 9 4 6 6 2 10 9 1 3 3 6 2 6 8 7 5 10 7 5 4 3 7 9 9 8 6 3 6 5 5 6 9 2 2 5 5 4 6 2 10 5 7 1 2 8 1 5 9 9 5 1 5 1 2 1 5 8 7 6 5 5 9 
2 9 6 10 8 6 2 4 3 1 9 8 7 4 5 3 7 10 7 8 4 10 2 2 10 7 1 5 10 3 4 10 10 6 10 9 5 2 3 9 2 8 8 1 4 6 8 3 4 7 8 6 1 4 6 2 2 8 2 1 10 7 5 10 
2 2 3 7 2 7 5 10 6 8 4 10 5 10 6 8 3 10 2 6 6 3 9 3 7 10 3 5 5 4 2 4 6 1 5 2 9 7 2 3 8 4 4 8 9 10 8 9 7 6 4 8 10 8 10 7 1 4 8 9 1 5 4 4 
3 7 8 9 7 1 8 6 10 8 2 5 8 1 8 4 7 4 2 8 8 6 8 1 3 5 5 9 10 3 8 2 4 3 7 1 5 8 3 6 5 9 6 8 4 3 3 5 2 6 4 9 6 1 10 7 10 6 8 10 9 3 3 8 
6 5 4 2 2 8 7 1 6 7 1 6 6 1 5 6 4 4 1 5 10 5 5 6 1 2 6 4 1 7 4 8 5 5 2 3 5 8 3 10 6 3 3 8 2 8 4 8 4 7 9 5 7 7 7 5 1 2 6 10 9 9 2 10 
42 36 98 120 170 181 139 126 69 82 85 106 92 80 49 101 81 101 111 127 185 89 77 40 80 184 168 100 77 124 83 117 51 171 137 122 159 177 32 120 118 53 84 121 31 64 66 25 25 179 139 134 36 140 141 95 102 120 136 157 21 114 65 98 
36 76 96 133 85 72 135 46 76 118 63 98 140 156 189 105 133 156 178 130 198 105 96 58 81 103 129 133 119 103 95 84 134 115 112 33 52 74 78 131 118 61 101 70 104 39 114 125 171 100 78 86 128 77 46 95 124 166 156 158 114 60 32 122 
98 96 144 83 82 80 72 58 90 149 149 98 115 144 119 103 117 122 151 144 150 96 160 85 110 120 124 104 136 122 100 143 81 74 107 64 35 113 91 146 89 118 128 63 36 130 48 196 159 122 93 111 131 133 148 115 187 94 12 92 84 90 84 90 
120 133 83 138 94 105 55 111 60 110 140 88 66 143 105 132 96 126 158 74 184 60 92 15 70 108 161 99 25 98 120 83 101 78 65 47 61 101 116 49 99 125 161 138 81 148 63 71 78 176 114 134 126 159 101 88 142 66 113 176 137 109 56 167 
170 85 82 94 58 125 143 71 100 93 128 114 95 120 129 35 61 22 69 133 107 53 58 134 77 101 79 147 58 146 181 127 83 63 33 33 192 71 78 76 102 93 68 100 68 71 132 108 61 121 100 117 50 18 68 43 69 136 148 142 104 59 81 123 
181 72 80 105 125 200 84 66 77 45 49 148 132 36 78 120 87 158 80 160 63 125 96 143 163 124 69 107 183 59 39 121 117 122 123 170 30 104 109 56 105 56 138 41 92 149 56 163 39 99 71 194 163 180 84 97 96 143 158 124 102 170 80 35 
139 135 72 55 143 84 166 48 90 96 87 155 71 145 127 148 154 101 152 56 178 72 108 124 79 119 130 78 72 70 74 61 131 21 120 66 83 87 79 85 46 86 57 104 72 165 133 117 101 23 156 100 58 92 119 153 34 117 86 131 103 61 88 196 
126 46 58 111 71 66 48 164 135 91 149 112 120 36 105 130 116 118 84 127 173 119 72 132 45 34 37 53 181 87 101 130 130 63 184 94 183 137 97 96 126 18 79 10 95 96 41 125 89 97 140 117 156 90 119 74 58 163 139 169 64 54 17 49 
69 76 90 60 100 77 90 135 80 115 154 111 63 81 138 184 132 90 147 84 92 46 68 122 96 88 144 130 186 94 118 69 98 98 99 11 159 81 103 121 113 72 169 149 69 76 103 128 184 72 115 41 92 107 91 158 87 97 59 112 148 120 37 132 
82 118 149 110 93 45 96 91 115 74 71 65 13 104 93 125 95 91 87 54 47 96 117 41 108 89 115 15 91 51 131 45 108 130 120 25 65 86 48 116 181 95 171 67 58 99 31 180 46 88 133 105 117 96 153 142 127 109 122 108 134 66 101 164 
85 63 149 140 128 49 87 149 154 71 30 148 148 135 92 29 68 194 86 102 64 126 105 25 104 37 119 121 50 129 130 116 49 156 144 61 64 142 64 163 129 156 98 109 109 173 102 84 89 14 13 116 170 191 75 83 80 93 129 126 140 16 129 117 
106 98 98 88 114 148 155 112 111 65 148 98 110 25 143 126 57 182 55 58 153 7 83 85 82 114 139 68 103 112 83 117 46 63 99 189 164 183 53 141 101 102 67 120 146 161 111 15 134 117 137 121 134 63 102 36 149 94 114 131 78 156 64 148 
92 140 115 66 95 132 71 120 63 13 148 110 68 176 107 79 174 6 34 117 51 64 77 51 99 108 160 90 122 45 32 127 81 148 102 127 134 124 126 124 39 135 111 91 54 101 77 75 40 93 43 36 56 126 90 182 80 67 171 113 16 76 147 70 
80 156 144 143 120 36 145 36 81 104 135 25 176 26 68 92 53 112 118 65 68 64 90 74 131 89 17 67 17 129 82 125 103 67 76 57 28 100 86 11 119 133 141 95 121 39 95 169 132 88 137 146 77 41 106 71 68 11 94 139 68 60 135 122 
49 189 119 105 129 78 127 105 138 93 92 143 107 68 64 83 40 113 170 120 106 96 76 103 150 70 78 93 58 98 95 108 93 150 87 118 29 52 118 106 73 134 70 128 96 83 175 115 95 108 79 66 36 48 58 119 32 122 87 131 18 143 25 159 
101 105 103 132 35 120 148 130 184 125 29 126 79 92 83 42 60 182 52 173 143 71 140 156 157 140 157 155 115 33 171 74 88 105 121 70 30 95 90 133 138 86 112 65 35 135 97 127 47 79 103 135 113 77 48 89 71 100 111 105 135 100 55 182 
81 133 117 96 61 87 154 116 132 95 68 57 174 53 40 60 144 31 83 22 31 146 79 15 60 143 56 173 110 53 125 34 29 92 48 146 119 137 56 76 66 117 133 87 187 55 112 73 110 106 134 154 103 119 10 115 122 104 138 93 46 38 90 46 
101 156 122 126 22 158 101 118 90 91 194 182 6 112 113 182 31 180 130 43 105 82 114 122 132 123 79 87 77 156 22 147 182 116 99 105 163 116 165 103 116 77 69 66 78 33 100 56 149 76 134 106 175 83 81 62 119 84 121 89 173 178 76 57 
111 178 151 158 69 80 152 84 147 87 86 55 34 118 170 52 83 130 42 60 134 100 70 77 144 132 14 101 171 143 107 121 154 150 94 67 45 45 122 68 136 76 95 97 154 102 32 100 83 121 101 180 74 62 13 61 74 54 145 153 60 53 151 88 
127 130 144 74 133 160 56 127 84 54 102 58 117 65 120 173 22 43 60 14 170 93 81 51 90 126 45 181 105 69 76 71 125 127 30 58 118 118 67 63 114 100 55 170 169 41 188 105 105 80 97 63 115 117 180 168 73 57 141 162 107 98 146 110 
185 198 150 184 107 63 178 173 92 47 64 153 51 68 106 143 31 105 134 170 152 72 101 71 30 151 60 197 130 143 124 63 71 134 149 14 99 141 147 49 70 114 131 42 117 136 101 107 130 92 105 109 29 85 21 103 95 52 133 146 37 129 89 197 
89 105 96 60 53 125 72 119 46 96 126 7 64 64 96 71 146 82 100 93 72 28 112 139 96 121 86 84 143 86 80 140 70 135 167 92 56 139 116 81 48 157 156 122 87 157 42 156 118 104 89 40 89 166 84 102 107 129 73 118 112 115 23 153 
77 96 160 92 58 96 108 72 68 117 105 83 77 90 76 140 79 114 70 81 101 112 78 87 125 163 133 116 142 120 78 85 33 21 188 101 101 122 55 110 92 73 88 129 118 58 59 99 88 63 195 119 64 126 107 48 57 49 110 86 148 85 159 112 
40 58 85 15 134 143 124 132 122 41 25 85 51 74 103 156 15 122 77 51 71 139 87 36 102 149 71 101 104 57 79 71 86 84 64 101 127 70 94 60 60 182 119 80 40 122 53 39 106 102 176 82 133 107 61 187 11 80 125 75 43 67 34 112 
80 81 110 70 77 163 79 45 96 108 104 82 99 131 150 157 60 132 144 90 30 96 125 102 166 170 47 171 70 131 54 91 144 94 98 130 67 147 126 117 66 26 63 99 35 167 43 137 178 43 108 103 151 153 115 85 75 115 69 178 126 124 79 84 
184 103 120 108 101 124 119 34 88 89 37 114 108 89 70 140 143 123 132 126 151 121 163 149 170 56 166 67 82 121 25 82 96 135 106 90 11 140 51 107 82 141 34 66 143 93 129 43 140 154 57 125 27 146 112 113 124 90 117 157 46 144 150 162 
168 129 124 161 79 69 130 37 144 115 119 139 160 17 78 157 56 79 14 45 60 86 133 71 47 166 90 97 119 108 66 76 115 103 157 139 154 79 113 52 63 149 128 75 70 100 86 84 137 89 140 35 135 50 74 135 57 146 13 96 122 45 46 129 
100 133 104 99 147 107 78 53 130 15 121 68 90 67 93 155 173 87 101 181 197 84 116 101 171 67 97 110 174 102 138 103 171 156 104 73 85 134 24 77 22 188 57 32 105 122 165 100 119 36 39 67 55 132 101 135 133 131 116 86 110 38 106 56 
77 119 136 25 58 183 72 181 186 91 50 103 122 17 58 115 110 77 171 105 130 143 142 104 70 82 119 174 50 168 138 78 173 145 112 3 129 137 41 78 107 80 87 98 40 82 98 137 125 114 171 177 168 55 144 38 57 37 60 117 175 112 137 146 
124 103 122 98 146 59 70 87 94 51 129 112 45 129 98 33 53 156 143 69 143 86 120 57 131 121 108 102 168 180 69 15 162 174 72 81 120 97 80 52 76 100 130 113 143 52 118 125 100 130 40 107 66 67 131 79 162 47 77 46 168 84 42 145 
83 95 100 120 181 39 74 101 118 131 130 83 32 82 95 171 125 22 107 76 124 80 78 79 54 25 66 138 138 69 44 81 141 178 67 125 117 165 172 74 134 60 144 99 132 89 75 181 91 149 142 90 137 88 97 113 140 93 177 146 55 97 125 96 
117 84 143 83 127 121 61 130 69 45 116 117 127 125 108 74 34 147 121 71 63 140 85 71 91 82 76 103 78 15 81 104 34 65 86 144 84 147 53 123 74 118 43 174 92 112 92 74 138 127 147 63 31 67 115 103 82 164 117 125 50 78 135 50 
51 134 81 101 83 117 131 130 98 108 49 46 81 103 93 88 29 182 154 125 71 70 33 86 144 96 115 171 173 162 141 34 64 91 24 82 176 63 67 102 90 95 140 90 107 40 187 111 143 67 62 136 142 169 76 92 92 156 63 140 120 171 93 164 
171 115 74 78 63 122 21 63 98 130 156 63 148 67 150 105 92 116 150 127 134 135 21 84 94 135 103 156 145 174 178 65 91 190 139 115 112 175 148 56 128 177 51 48 72 52 49 172 85 38 62 107 122 109 146 42 190 102 82 73 17 38 125 151 
137 112 107 65 33 123 120 184 99 120 144 99 102 76 87 121 48 99 94 30 149 167 188 64 98 106 157 104 112 72 67 86 24 139 150 105 54 49 77 57 55 108 134 104 95 166 168 86 119 113 177 114 110 103 51 42 71 64 100 99 109 71 102 149 
122 33 64 47 33 170 66 94 11 25 61 189 127 57 118 70 146 105 67 58 14 92 101 101 130 90 139 73 3 81 125 144 82 115 105 102 117 106 65 170 127 166 99 133 121 130 70 125 51 115 175 106 98 140 185 122 74 61 88 106 140 107 52 86 
159 52 35 61 192 30 83 183 159 65 64 164 134 28 29 30 119 163 45 118 99 56 101 127 67 11 154 85 129 120 117 84 176 112 54 117 142 30 88 171 72 30 21 69 46 50 16 82 115 167 119 73 45 110 88 129 81 100 142 146 107 191 106 72 
177 74 113 101 71 104 87 137 81 86 142 183 124 100 52 95 137 116 45 118 141 139 122 70 147 140 79 134 137 97 165 147 63 175 49 106 30 120 160 146 131 120 82 138 106 109 112 107 55 111 40 171 137 114 75 7 22 81 141 96 115 104 131 81 
32 78 91 116 78 109 79 97 103 48 64 53 126 86 118 90 56 165 122 67 147 116 55 94 126 51 113 24 41 80 172 53 67 148 77 65 88 160 110 48 124 74 160 99 113 64 107 45 46 190 90 123 184 34 156 121 58 146 61 124 93 121 84 98 
120 131 146 49 76 56 85 96 121 116 163 141 124 11 106 133 76 103 68 63 49 81 110 60 117 107 52 77 78 52 74 123 102 56 57 170 171 146 48 200 27 94 157 136 161 53 113 25 96 153 110 109 133 164 88 106 43 68 93 129 84 108 100 162 
118 118 89 99 102 105 46 126 113 181 129 101 39 119 73 138 66 116 136 114 70 48 92 60 66 82 63 22 107 76 134 74 90 128 55 127 72 131 124 27 164 92 120 140 110 21 93 114 123 124 31 110 36 78 72 95 86 172 174 87 64 130 101 87 
53 61 118 125 93 56 86 18 72 95 156 102 135 133 134 86 117 77 76 100 114 157 73 182 26 141 149 188 80 100 60 118 95 177 108 166 30 120 74 94 92 154 105 60 56 171 167 162 95 130 142 96 81 58 119 143 73 84 66 109 119 109 173 52 
84 101 128 161 68 138 57 79 169 171 98 67 111 141 70 112 133 69 95 55 131 156 88 119 63 34 128 57 87 130 144 43 140 51 134 99 21 82 160 157 120 105 176 58 172 48 114 107 103 108 93 90 92 59 128 80 114 135 36 112 67 136 186 78 
121 70 63 138 100 41 104 10 149 67 109 120 91 95 128 65 87 66 97 170 42 122 129 80 99 66 75 32 98 113 99 174 90 48 104 133 69 138 99 136 140 60 58 126 33 134 109 43 91 73 99 185 47 57 10 64 118 89 198 137 103 154 154 148 
31 104 36 81 68 92 72 95 69 58 109 146 54 121 96 35 187 78 154 169 117 87 118 40 35 143 70 105 40 143 132 92 107 72 95 121 46 106 113 161 110 56 172 33 60 125 75 153 126 54 120 43 118 72 111 189 15 103 179 73 18 186 53 117 
64 39 130 148 71 149 165 96 76 99 173 161 101 39 83 135 55 33 102 41 136 157 58 122 167 93 100 122 82 52 89 112 40 52 166 130 50 109 64 53 21 171 48 134 125 174 98 98 112 134 135 64 24 25 88 117 188 135 29 113 127 62 169 102 
66 114 48 63 132 56 133 41 103 31 102 111 77 95 175 97 112 100 32 188 101 42 59 53 43 129 86 165 98 118 75 92 187 49 168 70 16 112 107 113 93 167 114 109 75 98 194 106 34 113 105 86 91 168 107 157 157 178 119 123 100 58 127 108 
25 125 196 71 108 163 117 125 128 180 84 15 75 169 115 127 73 56 100 105 107 156 99 39 137 43 84 100 137 125 181 74 111 172 86 125 82 107 45 25 114 162 107 43 153 98 106 154 98 113 103 49 106 107 30 120 97 63 97 104 129 114 67 153 
25 171 159 78 61 39 101 89 184 46 89 134 40 132 95 47 110 149 83 105 130 118 88 106 178 140 137 119 125 100 91 138 143 85 119 51 115 55 46 96 123 95 103 91 126 112 34 98 86 110 149 110 115 105 50 76 84 25 51 132 92 97 78 56 
179 100 122 176 121 99 23 97 72 88 14 117 93 88 108 79 106 76 121 80 92 104 63 102 43 154 89 36 114 130 149 127 67 38 113 115 167 111 190 153 124 130 108 73 54 134 113 113 110 82 74 38 61 153 188 23 104 84 159 48 73 120 118 145 
139 78 93 114 100 71 156 140 115 133 13 137 43 137 79 103 134 134 101 97 105 89 195 176 108 57 140 39 171 40 142 147 62 62 177 175 119 40 90 110 31 142 93 99 120 135 105 103 149 74 72 66 125 26 97 12 141 167 154 148 107 141 115 118 
134 86 111 134 117 194 100 117 41 105 116 121 36 146 66 135 154 106 180 63 109 40 119 82 103 125 35 67 177 107 90 63 136 107 114 106 73 171 123 109 110 96 90 185 43 64 86 49 110 38 66 198 49 88 30 151 103 111 78 113 130 130 52 92 
36 128 131 126 50 163 58 156 92 117 170 134 56 77 36 113 103 175 74 115 29 89 64 133 151 27 135 55 168 66 137 31 142 122 110 98 45 137 184 133 36 81 92 47 118 24 91 106 115 61 125 49 62 93 124 89 106 116 52 86 15 70 21 25 
140 77 133 159 18 180 92 90 107 96 191 63 126 41 48 77 119 83 62 117 85 166 126 107 153 146 50 132 55 67 88 67 169 109 103 140 110 114 34 164 78 58 59 57 72 25 168 107 105 153 26 88 93 92 132 101 107 120 87 163 112 106 147 113 
141 46 148 101 68 84 119 119 91 153 75 102 90 106 58 48 10 81 13 180 21 84 107 61 115 112 74 101 144 131 97 115 76 146 51 185 88 75 156 88 72 119 128 10 111 88 107 30 50 188 97 30 124 132 62 112 65 179 73 66 133 113 65 53 
95 95 115 88 43 97 153 74 158 142 83 36 182 71 119 89 115 62 61 168 103 102 48 187 85 113 135 135 38 79 113 103 92 42 42 122 129 7 121 106 95 143 80 64 189 117 157 120 76 23 12 151 89 101 112 76 134 170 84 48 169 70 95 121 
102 124 187 142 69 96 34 58 87 127 80 149 80 68 32 71 122 119 74 73 95 107 57 11 75 124 57 133 57 162 140 82 92 190 71 74 81 22 58 43 86 73 114 118 15 188 157 97 84 104 141 103 106 107 65 134 56 61 128 97 95 145 124 102 
120 166 94 66 136 143 117 163 97 109 93 94 67 11 122 100 104 84 54 57 52 129 49 80 115 90 146 131 37 47 93 164 156 102 64 61 100 81 146 68 172 84 135 89 103 135 178 63 25 84 167 111 116 120 179 170 61 180 95 97 95 30 103 50 
136 156 12 113 148 158 86 139 59 122 129 114 171 94 87 111 138 121 145 141 133 73 110 125 69 117 13 116 60 77 177 117 63 82 100 88 142 141 61 93 174 66 36 198 179 29 119 97 51 159 154 78 52 87 73 84 128 95 74 80 69 2 99 136 
157 158 92 176 142 124 131 169 112 108 126 131 113 139 131 105 93 89 153 162 146 118 86 75 178 157 96 86 117 46 146 125 140 73 99 106 146 96 124 129 87 109 112 137 73 113 123 104 132 48 148 113 86 163 66 48 97 97 80 170 160 89 93 97 
21 114 84 137 104 102 103 64 148 134 140 78 16 68 18 135 46 173 60 107 37 112 148 43 126 46 122 110 175 168 55 50 120 17 109 140 107 115 93 84 64 119 67 103 18 127 100 129 92 73 107 130 15 112 133 169 95 95 69 160 194 144 112 163 
114 60 90 109 59 170 61 54 120 66 16 156 76 60 143 100 38 178 53 98 129 115 85 67 124 144 45 38 112 84 97 78 171 38 71 107 191 104 121 108 130 109 136 154 186 62 58 114 97 120 141 130 70 106 113 70 145 30 2 89 144 46 33 141 
65 32 84 56 81 80 88 17 37 101 129 64 147 135 25 55 90 76 151 146 89 23 159 34 79 150 46 106 137 42 125 135 93 125 102 52 106 131 84 100 101 173 186 154 53 169 127 67 78 118 115 52 21 147 65 95 124 103 99 93 112 33 132 79 
98 122 90 167 123 35 196 49 132 164 117 148 70 122 159 182 46 57 88 110 197 153 112 112 84 162 129 56 146 145 96 50 164 151 149 86 72 81 98 162 87 52 78 148 117 102 108 153 56 145 118 92 25 113 53 121 102 50 136 97 163 141 79 42 