32
7 1 9 9 9 9 10 3 5 4 5 7 4 3 4 4 4 10 3 1 5 1 5 2 6 8 10 3 5 3 8 6 
1 7 1 9 9 1 7 2 2 10 4 4 5 4 5 7 7 1 9 4 2 2 9 5 7 3 3 8 10 6 1 6 
9 6 6 1 5 4 9 2 9 9 9 7 5 3 8 4 2 6 8 3 2 8 7 6 8 6 1 4 7 2 8 6 
2 7 2 3 7 8 7 3 8 9 1 2 6 4 4 5 4 10 10 7 6 6 5 7 9 5 5 9 8 2 8 1 
1 9 6 10 8 4 7 4 9 9 6 9 7 10 2 1 6 2 4 5 10 1 3 10 1 9 6 6 3 10 7 9 
3 10 7 8 6 7 1 10 6 10 10 2 10 4 3 8 5 9 1 2 5 6 7 1 3 10 2 3 8 9 9 9 
7 7 6 8 9 10 7 8 6 7 4 5 8 6 7 3 10 4 2 4 6 7 6 7 1 10 8 7 1 6 5 3 
4 10 5 4 10 8 4 5 2 3 9 9 5 4 4 7 4 10 10 7 7 3 8 3 10 9 4 5 1 1 2 2 
8 9 3 6 6 1 1 9 7 6 1 1 7 1 2 1 2 2 9 6 3 8 2 10 4 4 1 6 3 2 6 9 
8 8 9 4 8 10 5 2 1 7 8 2 6 5 4 8 4 1 8 2 8 5 8 1 1 1 2 7 6 8 10 7 
5 2 7 3 9 9 7 10 1 9 5 3 4 10 8 4 3 2 2 6 8 7 3 6 10 10 5 6 3 5 4 7 
6 7 6 10 1 5 4 10 5 5 7 5 5 7 9 8 10 7 5 4 10 6 3 1 4 9 4 7 4 5 4 10 
6 5 2 3 1 10 4 5 9 1 10 1 7 1 3 1 5 9 4 3 2 5 7 7 4 1 1 7 7 1 1 2 
1 7 6 8 6 8 10 2 10 5 3 9 2 9 9 6 7 5 4 10 7 2 5 3 5 7 5 5 9 5 1 10 
5 1 3 6 9 5 6 6 10 4 1 5 10 9 3 2 7 3 10 8 10 5 9 8 9 4 4 2 5 2 7 2 
3 5 9 5 8 10 4 2 5 5 2 6 7 4 10 2 3 4 6 9 6 4 3 10 9 2 10 4 9 2 7 1 
4 1 5 9 4 8 7 7 6 6 6 8 8 9 7 1 10 5 9 2 4 1 5 1 6 10 3 3 7 4 2 6 
7 5 7 9 1 4 9 1 2 5 7 10 9 4 9 8 3 3 2 2 2 10 7 5 10 3 2 6 1 9 7 1 
8 10 8 9 1 8 7 7 2 9 7 4 6 7 8 3 4 7 3 3 3 7 8 8 1 4 2 3 7 7 9 10 
10 9 2 10 4 2 3 10 2 10 4 7 7 7 10 5 9 7 6 2 1 7 9 2 4 7 6 7 5 10 10 9 
8 1 2 4 4 1 10 10 1 2 9 6 8 5 1 6 8 9 10 10 3 10 8 7 10 8 5 1 6 5 9 2 
8 5 2 1 7 7 4 2 2 3 8 2 2 10 10 5 5 10 8 7 7 2 7 2 1 8 8 2 10 1 9 10 
4 3 6 9 8 8 8 2 10 7 1 6 5 2 7 2 2 3 10 5 5 5 3 4 3 1 2 4 8 7 4 5 
10 4 9 1 9 9 3 1 10 2 1 8 5 8 6 8 8 9 4 1 9 7 6 4 10 3 6 8 10 1 8 6 
1 1 6 5 6 8 8 10 8 2 2 8 5 3 6 5 2 5 4 6 8 4 5 1 5 8 4 10 7 10 2 9 
9 5 1 6 9 7 9 5 10 2 10 9 8 1 5 10 4 7 3 8 10 1 2 1 7 7 2 2 7 1 3 4 
5 2 1 4 2 8 4 2 2 6 1 6 9 8 1 3 3 5 2 1 10 9 7 8 3 4 8 10 5 9 9 3 
6 7 3 4 1 10 10 7 2 9 9 2 9 10 5 9 10 8 6 2 10 8 8 4 3 2 6 7 8 1 4 7 
2 2 10 1 8 6 10 6 5 1 1 1 2 10 1 1 3 1 6 3 2 3 5 2 2 2 4 7 3 3 2 6 
8 9 9 7 10 3 9 3 8 5 4 3 10 10 3 7 5 10 2 2 4 2 1 7 6 6 7 3 2 7 2 6 
3 2 8 9 5 3 10 3 1 4 4 10 10 10 7 3 7 1 7 7 10 7 2 7 8 7 7 1 2 8 10 7 
8 9 8 1 10 1 2 6 4 10 7 8 7 1 7 10 5 3 7 10 8 6 8 6 7 6 6 4 8 4 2 2 
144 72 58 146 80 44 172 39 175 68 110 171 92 104 70 104 178 59 102 132 142 34 160 107 117 104 51 142 109 87 79 99 
72 16 122 94 127 175 50 72 88 175 76 94 127 83 107 78 49 141 165 92 102 105 74 49 190 101 112 136 60 122 67 105 
58 122 186 30 74 94 102 107 49 99 180 74 162 82 72 49 123 159 102 144 176 43 102 139 126 143 39 141 54 55 103 139 
146 94 30 184 121 194 85 98 95 18 142 57 151 183 73 78 94 91 101 157 121 141 59 104 143 113 20 91 100 151 111 60 
80 127 74 121 82 113 108 87 155 88 123 41 111 147 137 96 105 126 85 82 135 113 75 117 74 96 130 43 91 112 173 128 
44 175 94 194 113 168 66 84 90 106 69 191 175 65 106 97 140 113 157 76 70 113 117 154 107 71 87 136 95 162 62 107 
172 50 102 85 108 66 84 153 173 129 145 89 76 127 130 90 29 116 126 163 74 141 184 112 167 81 82 148 133 22 173 51 
39 72 107 98 87 84 153 62 186 74 136 56 131 112 82 51 77 132 51 115 133 28 95 97 70 84 60 122 167 73 94 80 
175 88 49 95 155 90 173 186 84 45 136 156 62 103 132 134 47 146 77 149 136 60 40 150 73 147 85 96 120 44 112 152 
68 175 99 18 88 106 129 74 45 136 199 104 81 78 55 96 150 142 55 48 95 112 191 163 93 84 88 94 161 92 163 111 
110 76 180 142 123 69 145 136 136 199 116 35 51 91 112 66 158 178 42 125 78 88 133 42 102 101 111 82 89 69 127 96 
171 94 74 57 41 191 89 56 156 104 35 118 55 24 95 61 131 66 130 80 170 46 71 148 64 114 98 188 84 51 115 186 
92 127 162 151 111 175 76 131 62 81 51 55 48 42 121 139 110 62 21 143 133 25 114 75 36 40 135 83 169 70 141 53 
104 83 82 183 147 65 127 112 103 78 91 24 42 104 112 123 107 16 79 106 74 190 72 104 49 127 113 93 115 107 95 54 
70 107 72 73 137 106 130 82 132 55 112 95 121 112 44 52 167 167 59 49 131 112 82 101 91 150 67 130 57 101 36 82 
104 78 49 78 96 97 90 51 134 96 66 61 139 123 52 156 100 45 88 175 84 87 167 109 101 99 26 159 103 165 100 107 
178 49 123 94 105 140 29 77 47 150 158 131 110 107 167 100 182 163 149 165 89 157 27 146 111 155 118 108 118 86 129 187 
59 141 159 91 126 113 116 132 146 142 178 66 62 16 167 45 163 190 132 75 127 102 120 152 105 44 40 96 144 113 58 32 
102 165 102 101 85 157 126 51 77 55 42 130 21 79 59 88 149 132 94 71 108 107 66 111 79 140 121 87 88 64 139 33 
132 92 144 157 82 76 163 115 149 48 125 80 143 106 49 175 165 75 71 196 65 106 167 34 111 60 69 135 86 118 94 123 
142 102 176 121 135 70 74 133 136 95 78 170 133 74 131 84 89 127 108 65 42 166 196 108 93 79 99 85 65 106 134 132 
34 105 43 141 113 113 141 28 60 112 88 46 25 190 112 87 157 102 107 106 166 160 34 96 55 84 15 71 148 84 85 138 
160 74 102 59 75 117 184 95 40 191 133 71 114 72 82 167 27 120 66 167 196 34 6 37 130 102 121 79 79 109 86 119 
107 49 139 104 117 154 112 97 150 163 42 148 75 104 101 109 146 152 111 34 108 96 37 4 110 49 146 143 110 77 136 191 
117 190 126 143 74 107 167 70 73 93 102 64 36 49 91 101 111 105 79 111 93 55 130 110 124 87 56 186 183 67 189 118 
104 101 143 113 96 71 81 84 147 84 101 114 40 127 150 99 155 44 140 60 79 84 102 49 87 66 79 105 58 83 141 115 
51 112 39 20 130 87 82 60 85 88 111 98 135 113 67 26 118 40 121 69 99 15 121 146 56 79 134 83 80 77 18 56 
142 136 141 91 43 136 148 122 96 94 82 188 83 93 130 159 108 96 87 135 85 71 79 143 186 105 83 8 102 82 47 86 
109 60 54 100 91 95 133 167 120 161 89 84 169 115 57 103 118 144 88 86 65 148 79 110 183 58 80 102 68 137 130 90 
87 122 55 151 112 162 22 73 44 92 69 51 70 107 101 165 86 113 64 118 106 84 109 77 67 83 77 82 137 50 107 92 
79 67 103 111 173 62 173 94 112 163 127 115 141 95 36 100 129 58 139 94 134 85 86 136 189 141 18 47 130 107 50 122 
99 105 139 60 128 107 51 80 152 111 96 186 53 54 82 107 187 32 33 123 132 138 119 191 118 115 56 86 90 92 122 60 