32
19 85 42 23 38 44 58 47 81 72 59 76 26 89 19 10 88 43 64 26 37 80 11 40 26 8 76 89 15 85 4 34 
50 16 95 16 42 66 10 51 64 61 92 63 20 30 82 83 74 46 71 100 48 85 66 46 87 99 35 91 66 22 84 30 
77 56 7 45 35 74 29 20 95 40 11 36 16 88 60 96 2 82 51 46 92 36 84 34 27 1 14 46 65 85 87 53 
50 58 16 36 52 51 85 85 17 59 93 17 88 63 55 73 11 51 54 58 44 3 89 36 35 65 4 31 49 62 95 52 
100 6 72 73 11 69 48 91 13 37 65 85 75 68 7 44 75 90 42 29 63 39 24 12 8 21 88 20 58 15 4 92 
9 75 39 40 89 17 51 63 46 63 6 77 49 71 87 100 12 76 22 43 39 38 43 14 10 35 75 43 52 22 54 21 
17 79 92 78 5 52 40 18 95 22 38 74 44 41 58 6 63 72 15 24 16 28 78 61 89 55 87 97 33 42 72 57 
67 92 6 82 26 56 78 63 100 79 82 37 29 87 54 12 41 77 68 16 74 3 82 75 59 68 59 96 44 34 94 79 
71 87 49 38 94 47 30 28 1 89 5 53 29 67 74 98 38 82 55 74 70 81 4 20 15 87 24 67 89 95 85 4 
85 59 81 34 44 11 61 40 96 84 41 82 3 96 89 16 32 35 82 67 11 29 41 37 15 46 64 100 49 40 86 62 
14 67 42 40 16 27 77 96 66 83 33 56 64 16 52 63 96 67 33 74 69 15 76 86 12 28 31 9 74 99 3 35 
27 25 78 90 23 46 12 69 78 19 23 51 37 47 30 58 40 99 68 3 72 57 79 44 51 98 88 78 81 26 33 60 
59 12 34 65 88 63 68 26 70 72 22 52 57 36 31 7 11 69 83 2 5 65 58 64 64 55 18 21 48 41 42 50 
77 61 94 40 48 68 53 81 2 30 43 9 58 54 50 22 17 18 3 27 30 78 56 35 53 39 8 79 31 18 2 53 
61 51 96 46 9 74 16 50 60 47 66 8 27 100 47 35 86 98 81 83 23 99 94 52 70 27 41 68 49 56 25 100 
11 73 46 22 40 32 26 40 27 67 47 54 82 9 4 17 100 89 83 64 61 85 76 55 29 2 25 22 98 88 42 24 
36 88 80 61 28 59 1 7 25 12 29 85 40 66 42 79 76 5 56 72 53 26 41 59 73 12 19 80 15 31 18 27 
77 16 42 50 53 27 51 93 76 2 48 48 53 57 6 17 68 24 87 56 25 17 8 35 77 24 33 78 4 87 36 92 
78 43 15 54 20 4 24 26 9 4 21 88 44 16 66 66 94 87 58 90 94 47 43 96 56 39 8 43 9 84 45 86 
100 27 25 87 26 12 47 8 35 64 26 48 9 53 53 67 86 87 91 26 91 17 71 42 79 21 15 85 95 40 60 100 
35 2 64 94 97 10 51 15 22 30 46 99 71 57 28 23 81 72 71 91 95 89 43 84 67 92 72 94 29 95 97 77 
41 81 37 48 82 95 60 93 67 54 2 73 16 73 50 12 36 53 38 36 5 69 76 3 31 62 44 43 51 12 34 22 
74 9 35 82 76 40 24 18 92 99 43 51 38 85 70 80 27 4 51 1 5 67 45 59 45 31 53 10 13 22 71 35 
55 12 7 96 61 28 36 17 9 27 94 23 38 47 79 61 40 25 7 48 70 21 14 55 42 95 24 65 100 13 51 64 
64 38 54 85 79 60 2 4 37 11 9 70 97 64 71 77 30 30 59 5 87 57 90 41 52 90 41 93 100 58 75 40 
76 98 80 68 92 56 84 24 23 11 10 11 42 51 48 35 80 76 71 100 78 70 36 9 4 28 37 22 97 36 15 50 
82 58 7 74 11 86 40 10 3 94 7 68 30 36 32 8 44 52 80 85 41 1 71 83 45 84 6 3 17 89 25 100 
57 10 62 25 79 43 95 85 53 66 98 8 98 79 50 21 44 45 89 31 98 72 43 96 59 98 79 4 99 2 50 79 
52 41 67 31 35 36 79 34 32 100 36 73 37 2 41 90 10 77 36 50 15 3 95 41 41 28 68 77 35 84 20 32 
11 92 87 68 5 42 93 7 71 78 82 42 30 22 70 57 21 28 66 88 24 26 25 3 84 46 97 25 78 16 31 60 
80 32 26 49 3 6 36 74 33 30 82 55 8 12 64 43 4 16 100 77 61 46 91 12 54 82 42 6 50 64 56 80 
53 7 46 14 81 61 93 14 18 42 78 70 42 41 49 58 48 59 85 27 60 38 88 65 64 45 53 63 50 85 98 36 
56 100 164 139 184 85 165 86 151 109 100 135 116 127 80 100 89 124 110 59 50 118 59 122 117 175 167 142 106 134 69 29 
100 170 99 82 170 124 55 99 158 94 83 145 119 119 144 80 59 124 106 10 120 90 139 70 75 134 82 101 135 76 71 92 
164 99 180 71 165 113 165 118 181 118 110 109 54 81 49 83 168 191 54 96 47 95 106 156 85 147 110 111 123 174 80 135 
139 82 71 84 112 139 110 145 101 56 121 91 74 80 174 103 100 85 47 51 134 111 50 80 103 160 157 104 101 106 129 132 
184 170 165 112 160 110 58 59 140 90 85 158 91 107 97 144 81 49 140 152 22 75 138 143 153 92 82 101 137 78 123 77 
85 124 113 139 110 136 10 79 86 117 165 88 51 133 48 124 90 118 89 67 54 45 131 71 130 70 167 113 154 127 191 73 
165 55 165 110 58 10 86 96 124 112 78 70 93 137 156 35 113 149 22 137 50 132 180 171 90 85 77 63 156 137 107 103 
86 99 118 145 59 79 96 184 89 26 105 112 150 101 43 97 109 93 137 156 63 138 83 138 101 148 27 85 99 99 197 159 
151 158 181 101 140 86 124 89 174 163 43 108 31 73 124 155 9 40 113 107 153 55 40 128 86 129 136 86 30 31 128 108 
109 94 118 56 90 117 112 26 163 124 123 14 104 73 14 68 161 94 101 104 128 132 50 199 59 117 81 40 177 37 166 129 
100 83 110 121 85 165 78 105 43 123 66 96 167 103 176 145 90 39 193 132 35 56 99 67 133 120 97 53 120 89 65 116 
135 145 109 91 158 88 70 112 108 14 96 140 95 143 84 65 40 93 51 64 59 106 107 67 165 79 123 12 114 93 67 108 
116 119 54 74 91 51 93 150 31 104 167 95 10 89 95 148 27 73 101 69 151 130 107 67 26 72 158 138 69 189 104 36 
127 119 81 80 107 133 137 101 73 73 103 143 89 192 96 117 80 101 123 63 118 92 152 44 92 64 131 80 103 79 117 55 
80 144 49 174 97 48 156 43 124 14 176 84 95 96 14 91 101 144 154 180 160 184 107 47 72 131 158 50 6 103 170 111 
100 80 83 103 144 124 35 97 155 68 145 65 148 117 91 134 93 96 58 147 52 15 85 108 13 93 106 88 194 120 183 116 
89 59 168 100 81 90 113 109 9 161 90 40 27 80 101 93 184 189 99 62 108 61 68 135 64 147 13 74 136 23 115 95 
124 124 191 85 49 118 149 93 40 94 39 93 73 101 144 96 189 146 54 151 79 107 83 97 145 179 107 47 154 114 152 143 
110 106 54 47 140 89 22 137 113 101 193 51 101 123 154 58 99 54 2 81 27 124 98 42 87 93 101 122 69 156 96 115 
59 10 96 51 152 67 137 156 107 104 132 64 69 63 180 147 62 151 81 58 50 88 130 59 133 143 121 48 85 117 24 151 
50 120 47 134 22 54 50 63 153 128 35 59 151 118 160 52 108 79 27 50 160 48 68 61 133 121 84 61 37 81 85 114 
118 90 95 111 75 45 132 138 55 132 56 106 130 92 184 15 61 107 124 88 48 156 172 161 105 62 78 158 76 153 55 105 
59 139 106 50 138 131 180 83 40 50 99 107 107 152 107 85 68 83 98 130 68 172 42 94 42 107 134 104 109 139 89 125 
122 70 156 80 143 71 171 138 128 199 67 67 67 44 47 108 135 97 42 59 61 161 94 114 75 162 85 78 79 136 64 42 
117 75 85 103 153 130 90 101 86 59 133 165 26 92 72 13 64 145 87 133 133 105 42 75 90 98 97 103 109 147 81 107 
175 134 147 160 92 70 85 148 129 117 120 79 72 64 131 93 147 179 93 143 121 62 107 162 98 190 110 139 188 139 71 93 
167 82 110 157 82 167 77 27 136 81 97 123 158 131 158 106 13 107 101 121 84 78 134 85 97 110 118 74 16 102 77 48 
142 101 111 104 101 113 63 85 86 40 53 12 138 80 50 88 74 47 122 48 61 158 104 78 103 139 74 8 67 78 110 109 
106 135 123 101 137 154 156 99 30 177 120 114 69 103 6 194 136 154 69 85 37 76 109 79 109 188 16 67 54 137 169 150 
134 76 174 106 78 127 137 99 31 37 89 93 189 79 103 120 23 114 156 117 81 153 139 136 147 139 102 78 137 194 79 65 
69 71 80 129 123 191 107 197 128 166 65 67 104 117 170 183 115 152 96 24 85 55 89 64 81 71 77 110 169 79 52 52 
29 92 135 132 77 73 103 159 108 129 116 108 36 55 111 116 95 143 115 151 114 105 125 42 107 93 48 109 150 65 52 176 