16
79 13 34 5 21 19 16 89 64 53 35 10 29 7 59 24 
81 67 10 79 39 93 16 26 71 97 19 7 17 87 56 99 
52 72 15 52 3 99 45 55 73 12 48 3 33 87 53 83 
82 48 81 24 85 10 3 84 72 41 45 34 94 52 24 100 
10 31 84 26 68 19 18 66 93 70 24 50 41 14 76 18 
27 60 36 61 66 93 91 4 89 87 52 85 6 62 49 3 
14 35 56 44 71 57 15 93 10 18 82 32 29 78 31 4 
86 74 70 75 97 23 89 45 34 62 65 82 28 56 16 29 
38 39 1 6 83 96 82 23 80 36 3 61 19 44 69 83 
47 35 32 38 79 87 38 74 74 91 56 66 76 100 13 8 
59 43 9 60 96 81 51 30 36 16 94 54 42 17 38 46 
73 39 83 21 54 85 81 77 69 90 79 87 22 65 95 46 
13 37 55 84 80 55 34 4 62 3 83 40 95 25 95 33 
16 23 33 67 70 93 53 27 80 90 28 15 76 100 98 47 
20 91 7 29 58 94 32 64 1 18 76 26 42 72 74 61 
38 53 79 92 84 84 81 40 23 73 31 43 66 10 21 78 
32 126 32 102 105 141 87 58 53 124 84 112 129 52 151 85 
126 16 189 106 148 140 112 78 120 177 107 134 79 142 12 139 
32 189 4 80 58 93 117 18 52 83 81 155 57 35 95 52 
102 106 80 146 43 101 97 30 146 84 98 92 113 148 165 104 
105 148 58 43 162 77 71 20 101 71 58 95 62 91 170 179 
141 140 93 101 77 64 82 44 173 44 88 94 95 78 155 40 
87 112 117 97 71 82 82 148 135 88 119 120 113 153 193 89 
58 78 18 30 20 44 148 36 100 143 119 97 110 141 186 82 
53 120 52 146 101 173 135 100 118 80 112 80 159 76 63 104 
124 177 83 84 71 44 88 143 80 82 30 39 190 144 81 134 
84 107 81 98 58 88 119 119 112 30 140 108 99 104 92 84 
112 134 155 92 95 94 120 97 80 39 108 196 31 81 128 72 
129 79 57 113 62 95 113 110 159 190 99 31 114 87 137 160 
52 142 35 148 91 78 153 141 76 144 104 81 87 40 163 16 
151 12 95 165 170 155 193 186 63 81 92 128 137 163 106 106 
85 139 52 104 179 40 89 82 104 134 84 72 160 16 106 10 