64
100 83 17 61 21 5 2 48 48 91 86 35 34 64 67 62 26 21 73 20 59 30 10 17 15 58 47 78 74 25 2 80 6 67 84 83 94 89 99 67 62 66 99 85 2 98 20 93 27 8 65 85 86 12 52 33 64 51 93 89 86 22 86 57 
48 96 85 81 68 17 33 93 29 16 94 67 20 24 47 33 42 84 24 50 50 22 99 19 60 58 74 37 72 50 89 14 33 79 94 9 45 30 88 33 54 7 7 87 51 80 43 48 90 19 78 82 49 35 57 3 67 56 84 16 53 6 46 43 
49 62 44 25 67 40 14 64 6 52 76 44 27 32 11 4 57 64 8 10 94 34 43 65 93 60 52 39 14 1 2 1 7 15 45 70 79 33 59 30 82 17 70 77 88 83 16 14 54 20 28 38 91 57 3 64 62 6 26 73 18 64 95 42 
78 47 71 5 52 11 86 30 50 31 71 75 39 69 39 90 95 53 86 22 23 40 50 56 84 57 40 20 75 55 78 40 92 94 40 76 11 55 39 28 81 54 88 49 52 31 1 14 23 43 58 21 78 99 100 31 9 10 89 45 22 42 77 33 
4 5 8 87 76 14 47 1 95 85 49 18 4 92 17 53 8 32 12 43 66 51 80 71 81 22 42 36 9 55 23 25 16 51 72 6 21 22 75 47 88 35 56 89 77 31 59 7 6 32 4 92 23 79 78 25 85 45 18 95 73 67 37 84 
16 34 45 74 82 87 86 14 32 3 69 29 16 42 98 13 16 55 37 89 68 17 16 78 32 36 46 62 96 57 98 87 5 25 89 95 37 82 43 88 85 21 83 60 16 13 20 75 93 70 82 44 73 10 46 70 31 22 59 21 37 14 99 8 
68 91 86 48 3 50 57 7 87 30 79 85 100 99 90 80 41 35 41 44 77 15 97 42 38 47 84 5 46 42 30 37 14 81 18 67 35 91 91 86 66 9 89 82 9 15 41 88 55 100 93 72 27 24 54 97 44 52 68 93 9 12 31 79 
49 19 4 69 11 43 33 97 34 46 74 26 85 42 96 51 15 70 57 10 93 93 30 21 90 28 37 74 98 4 14 59 24 61 43 93 82 78 4 85 57 66 11 37 40 21 83 78 69 78 89 19 95 98 35 26 46 41 76 97 38 52 84 14 
52 54 63 51 33 83 84 17 48 62 31 93 71 95 18 11 87 22 15 30 12 43 16 3 52 91 50 64 4 34 11 53 16 95 82 94 58 99 8 99 4 88 8 52 85 26 25 29 77 98 36 87 3 28 37 39 86 60 12 18 92 10 57 20 
3 76 22 84 40 58 70 18 49 54 2 5 75 72 55 21 86 7 62 8 36 34 71 52 84 50 85 96 18 9 40 39 29 61 75 25 1 61 57 42 12 48 94 15 27 92 79 9 39 13 7 23 42 66 23 6 47 49 97 76 27 41 90 33 
86 4 8 65 17 22 90 40 100 18 9 6 18 48 64 68 9 40 9 36 31 96 97 3 79 14 29 49 49 7 12 56 5 11 95 79 34 36 79 18 42 88 83 6 81 66 62 29 80 8 14 53 90 5 85 31 19 49 75 68 91 33 81 68 
21 3 98 73 85 46 38 20 76 57 87 17 99 78 3 82 38 53 80 37 11 45 10 37 51 66 22 24 69 14 34 14 43 37 20 41 97 38 48 16 87 36 94 18 43 94 12 90 25 2 38 98 52 12 33 3 97 83 60 84 4 81 72 30 
64 13 46 39 25 99 33 29 50 67 23 64 77 40 78 83 27 6 9 96 58 19 99 25 58 15 49 89 79 30 83 30 28 25 36 16 53 80 48 15 23 36 19 86 54 53 7 14 50 63 78 73 61 46 14 27 22 2 31 82 93 99 36 28 
25 84 6 80 8 94 3 38 15 79 66 35 14 30 85 74 42 35 86 17 71 83 9 13 55 69 77 6 73 93 89 20 21 25 75 8 46 30 43 33 76 74 5 72 42 72 51 99 73 36 59 65 69 24 37 88 11 43 46 17 65 33 59 34 
51 39 77 82 38 62 31 5 36 37 47 27 71 50 45 2 100 45 9 41 93 31 30 60 52 72 89 88 52 28 65 45 9 9 72 40 54 58 91 81 35 99 61 2 91 5 14 74 72 60 58 34 37 28 59 26 33 50 65 48 19 73 90 21 
66 45 37 79 74 77 13 68 82 77 89 13 46 32 19 58 6 53 88 46 10 19 52 13 94 51 15 60 42 8 91 35 92 63 47 72 31 39 88 27 29 23 10 55 39 79 66 31 79 99 59 28 37 76 23 89 59 14 33 83 9 45 11 23 
77 2 44 5 35 90 92 17 1 56 92 44 100 51 81 13 81 55 3 78 9 59 36 5 85 35 6 75 28 24 62 41 15 42 63 81 67 31 96 8 77 58 51 7 44 33 78 10 33 8 35 36 80 13 27 64 81 87 10 30 73 97 78 8 
38 42 89 12 2 96 51 28 80 78 48 50 20 36 85 94 41 58 91 30 3 70 83 27 28 66 24 94 5 98 49 89 93 37 21 2 22 61 43 22 28 14 2 6 38 23 87 100 93 28 19 52 1 24 77 18 18 63 9 21 82 95 81 78 
85 77 93 2 4 43 28 31 45 22 56 30 71 61 4 90 14 74 83 54 72 29 30 62 26 66 93 84 52 40 10 15 5 38 18 34 24 90 36 34 75 98 20 30 62 61 15 26 97 54 92 47 57 24 38 80 31 99 86 49 56 57 53 78 
79 33 43 50 94 65 12 81 45 84 95 12 58 62 28 38 37 57 41 25 69 48 37 18 15 33 99 100 72 91 70 44 13 3 10 45 32 50 77 13 60 54 83 40 84 23 95 5 80 32 91 93 97 14 80 4 99 12 11 53 74 43 94 69 
88 20 42 77 18 30 85 53 1 92 39 100 46 77 19 30 24 8 81 28 43 22 72 19 34 57 82 57 34 23 4 84 20 10 33 27 92 87 31 53 94 22 91 93 63 88 31 4 55 21 53 89 77 59 78 11 32 42 79 40 78 82 15 82 
100 89 40 62 68 36 95 15 33 7 99 50 21 29 8 37 8 72 2 37 78 38 19 90 18 76 12 1 86 15 18 1 96 29 54 89 100 37 1 71 57 94 34 59 48 50 15 93 49 48 31 95 37 56 54 14 6 91 49 58 39 66 89 93 
30 26 74 86 29 83 78 41 91 11 51 46 33 59 62 48 24 37 84 11 35 65 65 68 100 57 5 28 66 22 35 74 79 74 64 92 10 22 54 98 75 35 19 42 26 35 80 13 42 67 11 77 94 55 41 74 5 35 11 67 5 86 92 82 
27 97 37 47 55 41 100 61 92 82 50 38 97 30 20 2 54 24 7 74 60 88 43 12 93 75 26 73 87 98 75 27 13 67 72 64 81 79 11 38 53 6 92 49 26 18 12 60 24 31 18 55 94 37 92 56 67 83 98 91 78 3 23 44 
24 89 43 12 77 93 91 57 67 27 8 79 93 16 88 94 94 49 8 73 68 67 76 3 68 42 6 44 98 13 29 72 54 25 16 95 31 74 27 89 96 96 23 98 55 69 79 76 35 26 81 66 20 97 26 35 91 5 24 59 37 85 26 48 
87 93 88 3 20 75 21 72 98 49 24 69 2 38 52 10 76 35 73 78 29 91 43 92 5 20 97 96 35 68 45 73 59 85 59 64 49 63 5 78 26 1 82 49 6 99 19 99 81 69 27 71 38 60 31 8 61 87 28 37 84 67 30 22 
79 53 67 24 42 66 85 12 31 79 11 42 26 97 96 14 70 31 54 60 62 41 37 100 21 87 50 61 56 56 90 70 57 64 35 1 25 59 74 42 89 79 66 32 86 58 38 23 84 61 48 94 75 91 1 86 78 49 3 21 55 40 2 70 
26 52 57 54 17 15 30 80 62 10 78 18 77 51 6 55 43 59 84 61 94 37 7 16 81 93 81 25 44 75 90 35 90 89 63 28 51 32 58 23 86 71 56 9 29 53 98 69 82 67 13 4 18 12 97 89 31 28 22 56 9 47 93 83 
96 10 95 64 53 57 48 17 83 32 84 69 41 50 19 13 35 10 19 75 93 13 81 9 93 57 45 88 77 58 38 67 11 54 29 96 43 22 97 57 64 9 15 56 19 25 33 10 32 50 1 73 67 82 28 75 46 61 44 2 20 85 28 75 
41 67 4 6 73 22 20 7 18 25 26 31 19 32 67 100 72 98 69 97 1 67 88 81 20 18 9 90 18 77 57 73 60 33 19 79 40 33 80 79 2 21 43 6 91 65 98 96 29 48 35 75 96 47 92 45 15 27 34 49 30 21 1 38 
70 56 39 89 62 11 75 50 25 24 55 96 12 81 97 81 93 29 27 54 43 12 83 43 32 52 52 88 57 71 81 82 30 10 35 56 60 56 27 22 34 26 93 87 58 36 31 94 21 79 82 90 15 78 67 4 82 22 38 43 50 38 31 63 
17 59 39 29 78 84 87 24 39 55 99 89 40 41 39 38 59 47 18 52 37 14 66 82 82 22 45 43 54 67 50 2 80 59 56 96 77 66 51 9 97 55 61 2 83 72 30 40 2 7 42 15 3 4 34 23 1 70 20 79 34 94 49 48 
65 16 18 90 30 86 89 61 78 8 1 78 63 94 47 95 56 52 45 100 83 14 88 54 50 45 23 40 21 69 7 39 98 47 5 100 34 25 12 50 39 93 50 63 55 26 61 67 46 96 66 50 56 25 21 92 42 65 26 71 55 28 23 29 
16 57 64 55 62 71 12 33 98 22 97 9 57 99 67 10 85 32 45 95 98 40 59 63 8 8 36 89 81 80 51 20 100 71 20 6 3 11 44 91 3 33 70 54 5 3 16 77 45 52 72 90 13 88 64 65 83 42 89 74 28 4 20 37 
51 48 95 25 38 4 12 22 25 99 22 16 4 100 8 38 44 80 38 3 66 46 83 29 82 96 2 77 21 23 84 34 42 88 27 86 41 91 99 59 37 82 47 88 1 22 80 70 2 69 39 44 64 98 100 4 81 21 77 22 22 22 60 54 
56 17 52 14 79 78 65 38 78 98 61 46 24 45 52 18 44 14 2 78 37 46 97 32 97 1 76 40 38 71 51 68 74 26 50 59 43 74 53 94 51 90 38 87 31 1 4 86 27 89 3 80 97 93 29 61 2 59 66 41 46 12 63 68 
42 13 43 7 78 94 76 88 20 68 92 55 50 65 50 12 45 73 49 14 58 36 4 10 82 95 67 8 78 15 99 84 25 49 64 4 18 23 67 34 60 85 46 37 67 22 77 12 50 62 36 74 17 7 32 53 46 75 51 95 89 34 40 36 
56 87 4 57 24 71 36 16 96 39 49 7 2 46 53 32 9 4 95 49 16 6 98 6 7 16 23 83 59 58 65 93 24 58 54 93 21 61 95 75 41 45 28 48 52 35 87 36 26 20 75 55 7 20 2 23 92 95 2 38 48 38 62 50 
63 86 65 15 35 82 16 20 96 3 76 71 84 32 94 69 79 96 15 13 22 100 66 38 77 48 68 79 52 76 58 12 10 27 17 71 57 12 59 60 78 10 41 15 42 7 94 64 65 2 65 12 74 47 36 37 42 15 62 22 16 63 61 69 
84 91 12 5 37 73 43 97 53 31 16 78 39 68 28 13 85 10 75 39 38 55 2 7 34 60 47 42 19 55 26 53 9 17 19 7 46 37 99 36 18 95 13 87 22 45 75 53 7 85 4 85 68 52 22 52 52 64 55 86 89 54 19 61 
23 89 10 44 82 67 38 74 31 70 83 46 48 76 93 86 70 100 12 44 24 43 19 45 79 1 50 1 36 95 91 88 83 12 20 78 97 32 14 17 55 42 92 32 39 63 78 80 5 82 11 64 70 68 65 81 33 78 79 56 45 48 16 21 
94 18 41 14 25 91 100 73 37 88 80 73 57 10 78 59 82 26 81 7 37 9 79 90 26 40 35 100 27 55 50 65 71 46 1 50 74 2 22 7 4 58 34 15 40 18 10 86 54 24 6 74 74 80 5 42 33 91 39 6 5 97 65 66 
31 95 85 31 67 78 40 22 54 61 83 16 11 45 86 88 3 83 20 80 99 91 32 34 8 63 83 14 43 6 23 90 94 29 50 53 93 18 78 44 99 63 93 39 91 79 83 9 89 96 70 73 19 66 44 39 96 28 56 5 17 12 71 20 
17 45 59 1 67 93 97 31 82 85 6 12 92 44 19 58 67 21 63 7 57 7 22 31 1 38 58 46 18 11 43 63 22 52 58 30 59 58 49 69 50 37 30 39 23 77 25 55 59 57 60 60 64 44 40 91 5 45 59 70 33 10 57 95 
21 71 5 77 23 21 12 50 18 21 60 75 44 85 89 78 7 14 49 74 19 23 44 62 95 21 10 84 97 21 49 64 96 40 26 25 65 33 88 30 25 23 2 51 31 95 21 30 3 98 78 24 76 16 26 57 6 41 22 64 99 54 96 96 
42 81 83 7 5 53 59 52 83 22 1 77 99 6 22 31 9 31 52 34 9 1 34 74 37 57 56 7 35 40 31 55 61 13 20 81 51 67 18 80 66 57 86 33 86 2 84 59 70 36 98 42 93 58 3 13 31 65 64 67 28 96 42 97 
51 91 15 63 83 26 32 77 19 65 42 61 23 42 93 39 99 5 93 30 96 70 24 63 77 92 21 80 7 41 5 55 76 42 24 18 23 9 48 66 81 71 100 60 66 62 61 21 33 56 44 5 36 1 80 76 20 54 33 61 4 29 24 9 
24 36 54 65 36 25 73 70 11 44 13 49 7 47 1 47 98 8 11 55 54 5 31 63 40 58 23 46 51 14 33 99 68 49 68 49 97 16 51 21 66 66 2 38 74 7 20 60 12 23 39 54 33 30 76 78 52 11 69 6 47 67 1 41 
56 6 42 15 66 41 56 50 64 98 100 86 32 24 59 98 14 45 97 59 3 86 15 76 8 16 35 24 18 9 29 10 59 56 65 70 59 87 69 22 24 49 21 50 76 65 78 18 46 70 76 92 54 77 56 1 30 51 8 18 71 37 50 62 
47 57 1 52 36 94 50 33 8 52 8 6 73 27 8 56 89 70 75 100 73 96 38 17 63 99 19 61 62 75 26 34 90 45 73 60 95 55 47 1 53 33 79 91 89 42 11 8 86 55 15 29 1 78 3 35 51 7 54 65 32 41 3 94 
88 18 31 92 83 93 69 39 77 68 5 27 100 4 53 39 58 64 86 18 14 43 28 27 54 60 75 83 44 55 14 74 59 47 20 71 3 84 55 1 90 74 41 90 94 15 15 23 84 73 37 67 100 82 45 59 18 93 71 39 75 56 67 15 
40 20 58 11 70 37 15 33 87 38 52 92 91 52 100 58 32 31 42 73 83 73 44 29 10 22 78 23 3 44 11 44 77 84 54 99 81 36 4 79 65 30 83 18 78 94 28 28 68 90 56 3 43 82 92 65 13 90 81 45 29 65 83 29 
14 83 31 76 54 1 79 40 13 41 43 43 42 50 20 27 82 83 88 89 40 2 69 58 67 57 18 74 67 87 39 12 25 97 58 47 96 77 47 26 21 38 41 90 19 40 49 54 84 12 79 19 25 28 28 28 33 38 31 100 91 56 56 7 
85 50 62 58 34 71 97 15 22 97 69 65 2 17 52 14 57 100 55 40 7 25 99 35 15 86 80 79 8 70 63 33 12 7 23 41 41 87 50 64 82 60 33 43 13 23 27 46 78 25 67 91 50 83 90 63 26 42 74 100 60 19 63 93 
33 38 50 51 18 39 81 29 83 24 59 78 56 41 69 56 45 28 11 29 56 92 98 72 80 76 37 53 92 45 79 18 3 50 78 85 38 80 59 52 23 100 11 94 49 79 29 40 93 3 84 93 75 76 49 58 51 65 70 100 3 39 19 81 
24 40 78 4 36 55 79 6 57 46 82 21 51 58 61 70 19 66 58 42 55 3 31 83 6 41 56 38 71 71 73 44 54 23 81 90 68 3 98 20 87 63 5 19 43 44 1 81 95 75 73 68 77 39 13 2 51 31 65 17 21 89 1 16 
43 33 97 73 23 60 17 95 27 96 18 2 21 62 61 31 49 42 39 10 66 70 89 99 8 13 14 43 70 79 28 6 39 63 48 27 65 91 37 71 87 19 9 40 96 12 46 44 31 46 35 99 44 96 57 9 25 19 56 21 34 75 94 59 
15 76 47 6 96 9 85 7 40 87 6 97 89 2 23 41 100 85 88 78 80 41 67 41 87 85 100 63 42 1 97 35 64 32 92 95 64 28 29 81 52 75 66 79 56 25 15 78 21 82 15 38 32 57 14 34 7 34 67 92 19 2 48 80 
100 54 41 52 68 31 1 47 89 19 66 95 37 75 20 46 93 21 13 23 64 19 20 23 44 37 14 14 26 59 26 2 36 22 88 58 90 51 4 32 77 12 21 89 57 7 32 23 23 15 83 74 4 49 67 42 77 99 59 6 23 76 8 44 
34 41 18 22 36 54 30 52 6 18 88 90 16 14 36 94 2 80 15 98 28 53 66 37 42 55 27 21 16 67 36 4 14 96 87 66 20 46 85 7 76 91 56 34 70 45 12 90 27 34 56 32 16 36 18 40 89 45 93 82 22 14 35 39 
29 27 56 79 48 81 36 19 35 41 65 55 53 66 2 93 19 51 1 10 88 41 74 63 5 12 7 51 74 14 73 51 81 22 97 54 10 79 21 83 24 69 83 50 99 67 84 50 69 36 28 79 79 16 71 42 69 62 74 97 28 24 8 70 
43 99 20 91 92 34 56 1 44 33 69 3 22 78 74 66 57 28 90 8 77 70 20 44 68 36 94 11 36 50 100 15 24 99 61 75 26 96 69 34 40 56 3 2 95 93 70 22 28 72 12 20 87 70 39 32 97 26 3 29 17 44 85 75 
21 5 16 10 90 62 76 17 85 53 11 61 50 68 16 4 33 15 17 68 52 23 87 62 82 83 85 68 1 42 26 55 93 73 92 21 65 45 93 51 20 48 91 63 96 64 47 99 14 57 98 29 70 41 24 84 36 37 20 76 97 50 36 73 
30 68 59 58 38 6 71 89 12 63 26 47 56 84 44 47 79 74 87 58 46 32 26 83 35 68 58 91 25 82 74 19 60 15 52 80 46 88 16 5 17 18 35 14 63 93 33 79 88 25 30 63 60 45 38 22 74 25 75 17 57 13 43 37 
122 128 69 134 138 132 102 146 105 95 110 127 93 105 64 35 65 91 158 126 171 22 129 51 94 103 104 152 19 72 58 66 55 72 132 57 167 65 86 53 143 87 181 103 136 80 94 110 101 75 163 88 92 139 113 37 146 77 154 155 80 126 118 81 
128 122 104 63 99 84 137 132 52 74 118 94 180 27 71 147 77 109 35 155 35 114 135 173 98 63 71 131 72 130 80 120 112 79 110 45 119 62 23 65 139 33 59 129 156 141 111 93 70 162 112 99 84 69 104 157 152 157 147 101 118 155 159 43 
69 104 200 104 73 138 102 12 59 115 139 43 80 39 129 47 162 142 157 62 177 117 127 96 122 118 71 61 89 147 86 80 135 41 82 51 66 188 79 192 119 102 82 97 136 116 80 116 84 102 31 101 30 77 143 59 185 34 154 106 87 151 22 11 
134 63 104 34 114 84 145 18 57 170 122 20 113 138 123 90 32 115 24 109 197 74 94 77 104 118 113 69 164 139 99 79 70 161 114 148 113 119 148 127 106 24 160 99 90 154 68 23 46 69 117 97 112 89 90 114 72 134 109 82 26 29 118 84 
138 99 73 114 60 84 173 127 110 84 140 105 69 91 119 141 173 72 97 103 67 175 121 172 152 81 73 102 163 120 102 98 116 122 88 69 110 104 96 86 102 45 115 50 144 98 103 73 169 57 31 55 58 191 113 85 44 112 163 182 164 36 8 158 
132 84 138 84 84 158 98 90 168 93 117 72 71 120 138 108 129 98 101 28 60 157 98 167 87 174 141 95 110 118 103 148 151 133 186 106 168 73 169 96 105 53 111 48 95 85 134 40 159 74 99 121 71 13 105 101 42 76 108 112 87 105 89 41 
102 137 102 145 173 98 186 152 185 193 95 145 115 116 54 35 89 134 38 113 134 167 137 68 126 91 80 107 108 140 173 100 169 31 123 144 123 144 140 58 54 15 81 57 124 152 105 80 145 154 109 25 75 129 41 112 184 105 166 79 132 168 87 111 
146 132 12 18 127 90 152 42 139 42 117 174 105 100 143 77 89 128 95 126 64 52 113 142 59 121 113 92 116 137 131 66 126 30 97 62 38 119 140 77 93 107 171 67 135 97 96 89 156 163 166 94 77 64 75 83 93 112 92 165 134 140 97 102 
105 52 59 57 110 168 185 139 168 91 124 82 126 79 108 143 53 122 136 79 52 52 82 110 84 104 101 106 82 85 122 100 79 96 49 90 92 108 189 77 89 115 172 174 90 81 101 50 42 72 78 146 126 64 104 104 107 100 108 116 91 37 89 173 
95 74 115 170 84 93 193 42 91 142 15 74 57 91 155 187 111 137 112 168 103 132 101 70 45 111 188 42 85 74 37 117 127 169 76 130 120 74 144 126 70 60 121 58 111 142 72 75 24 54 85 64 143 81 175 88 125 61 154 75 139 88 131 77 
110 118 139 122 140 117 95 117 124 15 138 161 90 157 89 91 109 103 48 121 53 65 145 59 118 140 143 105 51 70 128 145 179 90 107 89 104 114 78 95 169 113 151 91 89 102 121 94 85 64 143 53 83 34 158 181 122 69 57 130 166 88 181 113 
127 94 43 20 105 72 145 174 82 74 161 104 54 143 86 91 67 173 132 105 127 127 85 108 151 102 97 115 106 38 81 121 76 117 58 110 173 91 69 23 128 160 95 121 66 28 178 89 50 63 121 119 156 107 80 84 123 17 91 98 143 61 104 100 
93 180 80 113 69 71 115 105 126 57 90 54 88 49 99 132 187 93 115 79 146 90 75 119 105 79 109 63 119 71 173 88 73 91 117 76 170 118 92 122 95 104 78 98 98 24 122 86 152 99 36 132 62 92 166 127 131 138 145 93 150 78 23 78 
105 27 39 138 91 120 116 100 79 91 157 143 49 30 135 58 155 183 113 157 15 103 150 131 83 117 57 120 100 58 132 78 134 105 151 100 34 95 130 115 162 21 49 129 101 64 137 112 98 65 116 139 50 75 81 99 118 58 112 63 71 96 65 114 
64 71 129 123 119 138 54 143 108 155 89 86 99 135 92 75 118 132 84 131 99 145 110 67 145 93 144 162 42 137 162 108 100 177 79 28 150 136 80 132 98 95 159 134 61 118 71 115 145 27 13 60 42 178 106 57 63 108 65 95 81 82 98 106 
35 147 47 90 141 108 35 77 143 187 91 91 132 58 75 88 115 40 76 126 29 116 147 49 37 50 87 21 30 167 57 115 179 60 59 148 188 43 69 128 119 146 95 109 151 153 95 116 87 29 122 42 96 62 84 146 122 179 130 91 131 40 161 110 
65 77 162 32 173 129 89 89 53 111 109 67 187 155 118 115 190 146 103 66 110 142 17 55 179 22 61 121 174 130 134 46 157 76 118 110 127 126 58 49 93 107 53 156 101 105 125 73 152 123 166 119 154 60 42 72 70 30 152 54 92 79 80 79 
91 109 142 115 72 98 134 128 122 137 103 173 93 183 132 40 146 98 65 76 95 161 155 122 53 84 108 142 128 57 107 140 144 43 160 146 52 165 29 43 45 109 137 111 72 44 183 115 131 83 186 105 93 184 6 143 120 132 121 78 94 78 100 118 
158 35 157 24 97 101 38 95 136 112 48 132 115 113 84 76 103 65 2 45 108 114 130 108 123 99 138 143 81 151 105 67 156 60 162 145 111 118 91 79 47 89 139 167 85 45 89 146 37 74 107 143 107 155 119 76 155 100 69 93 44 23 170 130 
126 155 62 109 103 28 113 126 79 168 121 105 79 157 131 126 66 76 45 92 65 111 173 161 84 105 132 126 111 16 72 113 141 83 177 81 80 193 196 92 150 104 134 95 34 136 68 93 129 79 37 137 98 127 41 154 189 122 108 105 91 70 74 53 
171 35 177 197 67 60 134 64 52 103 53 127 146 15 99 29 110 95 108 65 140 116 27 65 44 149 156 106 32 47 60 125 38 51 112 111 66 154 37 85 124 54 99 151 55 111 161 87 119 115 122 142 53 127 58 155 107 143 48 157 53 87 103 32 
22 114 117 74 175 157 167 52 52 132 65 127 90 103 145 116 142 161 114 111 116 120 17 72 86 143 78 86 98 165 152 99 77 67 68 101 82 58 65 149 52 15 143 107 136 69 48 60 69 75 76 43 134 100 36 104 28 136 117 80 27 36 128 61 
129 135 127 94 121 98 137 113 82 101 145 85 75 150 110 147 17 155 130 173 27 17 6 100 89 170 104 112 85 82 102 61 129 132 98 67 83 175 77 125 46 81 112 77 128 146 84 110 132 97 105 99 182 165 101 70 122 20 102 83 130 54 111 149 
51 173 96 77 172 167 68 142 110 70 59 108 119 131 67 49 55 122 108 161 65 72 100 108 32 13 106 85 87 80 97 104 55 102 84 89 53 151 93 123 137 79 139 46 96 97 21 104 139 45 112 126 45 69 183 87 101 116 104 73 91 120 144 82 
94 98 122 104 152 87 126 59 84 45 118 151 105 83 145 37 179 53 123 84 44 86 89 32 146 54 129 138 108 137 149 61 17 177 73 124 101 61 154 130 109 130 134 113 47 93 127 71 72 86 84 74 96 141 75 104 104 108 106 130 119 42 124 114 
103 63 118 118 81 174 91 121 104 111 140 102 79 117 93 50 22 84 99 105 149 143 170 13 54 22 84 4 100 150 146 112 188 93 138 84 146 66 158 115 105 156 108 129 76 47 163 89 127 16 11 65 35 151 143 132 26 135 121 31 69 56 68 164 
104 71 71 113 73 141 80 113 101 188 143 97 109 57 144 87 61 108 138 132 156 78 104 106 129 84 24 77 140 82 93 97 47 37 65 47 25 168 97 80 83 105 130 90 65 174 168 148 177 107 56 109 48 76 164 182 25 66 139 35 117 66 21 147 
152 131 61 69 102 95 107 92 106 42 105 115 63 120 162 21 121 142 143 126 106 86 112 85 138 4 77 54 29 108 150 88 85 174 80 52 67 93 191 101 113 78 43 193 180 120 84 170 142 64 90 105 62 164 98 84 93 146 58 138 62 89 78 69 
19 72 89 164 163 110 108 116 82 85 51 106 119 100 42 30 174 128 81 111 32 98 85 87 108 100 140 29 190 43 80 105 176 38 57 67 68 109 141 141 96 162 101 138 145 71 132 127 141 38 158 60 100 112 114 31 84 105 144 79 49 89 10 35 
72 130 147 139 120 118 140 137 85 74 70 38 71 58 137 167 130 57 151 16 47 165 82 80 137 150 82 108 43 188 168 87 109 100 100 47 144 96 60 24 150 129 32 22 198 129 157 164 67 133 117 74 168 83 164 68 149 126 32 145 188 188 73 67 
58 80 86 99 102 103 173 131 122 37 128 81 173 132 162 57 134 107 105 72 60 152 102 97 149 146 93 150 80 168 188 162 94 96 110 83 53 95 135 146 56 65 56 53 92 148 140 93 128 91 102 112 78 136 71 75 143 109 125 126 74 38 47 46 
66 120 80 79 98 148 100 66 100 117 145 121 88 78 108 115 46 140 67 113 125 99 61 104 61 112 97 88 105 87 162 192 93 74 33 75 32 127 55 21 126 47 97 124 83 105 147 103 164 145 87 65 141 97 37 76 85 92 29 121 79 149 104 169 
55 112 135 70 116 151 169 126 79 127 179 76 73 134 100 179 157 144 156 141 38 77 129 55 17 188 47 85 176 109 94 93 188 128 130 47 107 66 22 3 61 70 149 120 66 162 92 108 159 129 172 100 66 78 50 122 32 163 133 97 108 94 93 127 
72 79 41 161 122 133 31 30 96 169 90 117 91 105 177 60 76 43 60 83 51 67 132 102 177 93 37 174 38 100 96 74 128 150 162 139 160 105 171 148 60 194 86 96 42 156 133 66 100 56 159 117 110 114 100 40 70 122 107 62 56 39 128 53 
132 110 82 114 88 186 123 97 49 76 107 58 117 151 79 59 118 160 162 177 112 68 98 84 73 138 65 80 57 100 110 33 130 162 186 84 103 107 49 127 121 76 124 125 99 159 45 72 130 181 95 172 149 73 158 99 140 53 105 148 111 122 34 87 
57 45 51 148 69 106 144 62 90 130 89 110 76 100 28 148 110 146 145 81 111 101 67 89 124 84 47 52 67 47 83 75 47 139 84 182 78 68 118 160 101 170 139 110 76 132 163 163 153 95 73 98 82 77 90 56 157 174 105 88 137 175 109 144 
167 119 66 113 110 168 123 38 92 120 104 173 170 34 150 188 127 52 111 80 66 82 83 53 101 146 25 67 68 144 53 32 107 160 103 78 36 95 117 120 155 113 140 99 148 36 107 61 112 49 31 113 101 148 127 109 91 13 141 69 39 63 136 167 
65 62 188 119 104 73 144 119 108 74 114 91 118 95 136 43 126 165 118 193 154 58 175 151 61 66 168 93 109 96 95 127 66 105 107 68 95 124 115 180 43 140 181 55 48 94 33 130 135 192 118 122 80 134 172 119 177 155 78 127 61 189 100 152 
86 23 79 148 96 169 140 140 189 144 78 69 92 130 80 69 58 29 91 196 37 65 77 93 154 158 97 191 141 60 135 55 22 171 49 118 117 115 150 120 126 45 42 15 34 94 31 96 124 136 67 98 54 113 90 63 72 98 54 94 39 122 109 97 
53 65 192 127 86 96 58 77 77 126 95 23 122 115 132 128 49 43 79 92 85 149 125 123 130 115 80 101 141 24 146 21 3 148 127 160 120 180 120 154 78 100 115 120 126 136 78 100 111 40 154 111 46 152 97 32 62 79 92 106 110 33 89 144 
143 139 119 106 102 105 54 93 89 70 169 128 95 162 98 119 93 45 47 150 124 52 46 137 109 105 83 113 96 150 56 126 61 60 121 101 155 43 126 78 184 44 110 98 92 34 101 56 117 30 109 142 142 113 83 105 139 83 84 140 148 139 149 141 
87 33 102 24 45 53 15 107 115 60 113 160 104 21 95 146 107 109 89 104 54 15 81 79 130 156 105 78 162 129 65 47 70 194 76 170 113 140 45 100 44 36 119 15 83 44 90 71 140 61 152 99 110 137 99 119 186 159 24 177 151 27 126 46 
181 59 82 160 115 111 81 171 172 121 151 95 78 49 159 95 53 137 139 134 99 143 112 139 134 108 130 43 101 32 56 97 149 86 124 139 140 181 42 115 110 119 166 53 126 92 145 120 130 66 33 110 32 72 105 27 117 116 88 68 41 97 60 80 
103 129 97 99 50 48 57 67 174 58 91 121 98 129 134 109 156 111 167 95 151 107 77 46 113 129 90 193 138 22 53 124 120 96 125 110 99 55 15 120 98 15 53 36 125 107 137 171 94 103 102 124 92 154 102 106 68 115 67 102 112 171 127 123 
136 156 136 90 144 95 124 135 90 111 89 66 98 101 61 151 101 72 85 34 55 136 128 96 47 76 65 180 145 198 92 83 66 42 99 76 148 48 34 126 92 83 126 125 162 85 98 185 164 70 111 73 95 107 122 63 80 160 145 34 119 67 73 51 
80 141 116 154 98 85 152 97 81 142 102 28 24 64 118 153 105 44 45 136 111 69 146 97 93 47 174 120 71 129 148 105 162 156 159 132 36 94 94 136 34 44 92 107 85 180 77 93 88 168 90 55 141 107 59 76 149 128 108 134 115 77 64 156 
94 111 80 68 103 134 105 96 101 72 121 178 122 137 71 95 125 183 89 68 161 48 84 21 127 163 168 84 132 157 140 147 92 133 45 163 107 33 31 78 101 90 145 137 98 77 28 41 68 149 82 158 61 167 144 19 94 116 126 48 119 56 125 180 
110 93 116 23 73 40 80 89 50 75 94 89 86 112 115 116 73 115 146 93 87 60 110 104 71 89 148 170 127 164 93 103 108 66 72 163 61 130 96 100 56 71 120 171 185 93 41 88 76 116 163 10 130 168 36 108 104 161 81 108 160 54 183 91 
101 70 84 46 169 159 145 156 42 24 85 50 152 98 145 87 152 131 37 129 119 69 132 139 72 127 177 142 141 67 128 164 159 100 130 153 112 135 124 111 117 140 130 94 164 88 68 76 20 88 147 112 72 140 95 154 115 70 103 36 54 117 162 104 
75 162 102 69 57 74 154 163 72 54 64 63 99 65 27 29 123 83 74 79 115 75 97 45 86 16 107 64 38 133 91 145 129 56 181 95 49 192 136 40 30 61 66 103 70 168 149 116 88 108 71 164 119 14 177 156 84 45 148 114 114 36 90 20 
163 112 31 117 31 99 109 166 78 85 143 121 36 116 13 122 166 186 107 37 122 76 105 112 84 11 56 90 158 117 102 87 172 159 95 73 31 118 67 154 109 152 33 102 111 90 82 163 147 71 134 60 150 90 146 77 97 90 67 95 112 46 99 31 
88 99 101 97 55 121 25 94 146 64 53 119 132 139 60 42 119 105 143 137 142 43 99 126 74 65 109 105 60 74 112 65 100 117 172 98 113 122 98 111 142 99 110 124 73 55 158 10 112 164 60 114 42 115 191 118 39 112 168 84 134 79 107 152 
92 84 30 112 58 71 75 77 126 143 83 156 62 50 42 96 154 93 107 98 53 134 182 45 96 35 48 62 100 168 78 141 66 110 149 82 101 80 54 46 142 110 32 92 95 141 61 130 72 119 150 42 178 149 119 174 62 106 105 56 122 142 90 63 
139 69 77 89 191 13 129 64 64 81 34 107 92 75 178 62 60 184 155 127 127 100 165 69 141 151 76 164 112 83 136 97 78 114 73 77 148 134 113 152 113 137 72 154 107 107 167 168 140 14 90 115 149 112 109 85 73 93 136 92 97 57 152 127 
113 104 143 90 113 105 41 75 104 175 158 80 166 81 106 84 42 6 119 41 58 36 101 183 75 143 164 98 114 164 71 37 50 100 158 90 127 172 90 97 83 99 105 102 122 59 144 36 95 177 146 191 119 109 116 98 161 157 152 61 173 109 110 116 
37 157 59 114 85 101 112 83 104 88 181 84 127 99 57 146 72 143 76 154 155 104 70 87 104 132 182 84 31 68 75 76 122 40 99 56 109 119 63 32 105 119 27 106 63 76 19 108 154 156 77 118 174 85 98 56 128 82 29 96 120 67 20 164 
146 152 185 72 44 42 184 93 107 125 122 123 131 118 63 122 70 120 155 189 107 28 122 101 104 26 25 93 84 149 143 85 32 70 140 157 91 177 72 62 139 186 117 68 80 149 94 104 115 84 97 39 62 73 161 128 100 147 148 86 62 45 119 73 
77 157 34 134 112 76 105 112 100 61 69 17 138 58 108 179 30 132 100 122 143 136 20 116 108 135 66 146 105 126 109 92 163 122 53 174 13 155 98 79 83 159 116 115 160 128 116 161 70 45 90 112 106 93 157 82 147 94 129 57 116 58 85 85 
154 147 154 109 163 108 166 92 108 154 57 91 145 112 65 130 152 121 69 108 48 117 102 104 106 121 139 58 144 32 125 29 133 107 105 105 141 78 54 92 84 24 88 67 145 108 126 81 103 148 67 168 105 136 152 29 148 129 176 66 166 90 161 35 
155 101 106 82 182 112 79 165 116 75 130 98 93 63 95 91 54 78 93 105 157 80 83 73 130 31 35 138 79 145 126 121 97 62 148 88 69 127 94 106 140 177 68 102 34 134 48 108 36 114 95 84 56 92 61 96 86 57 66 12 113 91 118 104 
80 118 87 26 164 87 132 134 91 139 166 143 150 71 81 131 92 94 44 91 53 27 130 91 119 69 117 62 49 188 74 79 108 56 111 137 39 61 39 110 148 151 41 112 119 115 119 160 54 114 112 134 122 97 173 120 62 116 166 113 38 23 115 97 
126 155 151 29 36 105 168 140 37 88 88 61 78 96 82 40 79 78 23 70 87 36 54 120 42 56 66 89 89 188 38 149 94 39 122 175 63 189 122 33 139 27 97 171 67 77 56 54 117 36 46 79 142 57 109 67 45 58 90 91 23 96 115 123 
118 159 22 118 8 89 87 97 89 131 181 104 23 65 98 161 80 100 170 74 103 128 111 144 124 68 21 78 10 73 47 104 93 128 34 109 136 100 109 89 149 126 60 127 73 64 125 183 162 90 99 107 90 152 110 20 119 85 161 118 115 115 134 88 
81 43 11 84 158 41 111 102 173 77 113 100 78 114 106 110 79 118 130 53 32 61 149 82 114 164 147 69 35 67 46 169 127 53 87 144 167 152 97 144 141 46 80 123 51 156 180 91 104 20 31 152 63 127 116 164 73 85 35 104 97 123 88 178 