64
6 7 1 10 1 9 5 4 2 5 5 7 6 2 9 5 2 9 5 10 1 8 10 9 8 3 8 6 1 10 9 6 3 1 8 4 6 1 1 1 6 10 3 4 2 4 3 3 10 2 8 1 4 7 6 7 1 8 1 10 1 2 7 8 
6 1 9 2 5 6 4 8 5 3 1 8 9 3 2 6 6 5 5 6 9 5 7 8 10 6 2 6 10 5 3 10 1 9 5 7 2 3 9 1 4 7 5 1 10 9 5 2 3 1 3 8 4 10 7 10 4 3 3 7 2 5 9 1 
8 5 7 10 4 5 2 6 7 2 8 7 4 3 1 10 3 9 9 4 3 9 4 6 1 9 10 1 10 7 2 6 9 8 7 10 4 10 4 7 6 10 4 1 2 3 3 6 4 5 6 3 1 4 9 8 7 5 10 5 5 2 4 9 
6 1 4 8 4 6 4 10 5 2 2 6 5 1 5 4 7 5 8 6 9 3 3 2 3 8 1 1 3 5 7 8 3 7 3 8 6 4 4 7 5 3 10 2 5 2 9 4 9 3 9 6 5 5 8 7 1 2 3 3 9 9 3 8 
5 4 10 8 3 10 10 5 3 2 6 8 5 7 10 8 6 1 2 9 2 2 5 1 3 4 8 10 2 7 6 3 1 4 10 4 8 7 5 1 4 6 1 8 8 9 3 5 4 8 3 6 8 9 6 9 3 5 6 10 1 10 9 1 
6 9 7 5 7 9 9 6 1 9 10 7 5 6 6 2 5 10 2 6 10 3 8 8 9 6 2 9 10 6 4 6 2 1 1 9 9 10 1 10 7 1 4 10 8 7 7 4 5 3 2 8 5 3 10 8 5 6 2 3 10 5 3 5 
2 1 8 5 8 6 9 8 6 4 1 7 10 5 2 2 2 3 10 3 4 6 9 1 4 9 1 3 5 7 4 2 5 4 9 9 3 10 10 9 6 1 8 6 2 3 2 5 5 2 7 4 2 3 4 2 3 2 9 3 9 10 4 6 
5 7 10 1 10 2 3 8 10 5 4 4 8 9 7 5 10 6 2 2 9 10 10 4 6 9 5 1 8 1 10 7 3 8 3 5 9 5 1 5 3 5 6 3 7 6 3 9 4 8 10 3 2 1 5 1 4 1 9 10 3 7 6 8 
3 6 10 2 6 1 9 1 3 9 7 4 2 4 5 8 7 4 7 7 2 6 4 2 2 1 4 8 2 5 7 2 3 6 4 5 9 7 7 4 7 9 7 4 9 10 9 2 3 6 3 5 1 7 4 7 3 9 6 10 6 2 9 9 
8 2 9 8 10 5 1 3 9 9 7 6 7 9 4 9 4 9 3 3 1 3 4 1 6 2 7 10 2 7 1 3 9 8 5 3 6 1 4 9 1 3 7 9 8 3 7 10 4 9 10 5 4 4 3 4 3 10 9 3 3 10 4 3 
3 3 5 5 10 7 1 7 2 8 9 4 4 2 4 4 10 4 9 4 2 3 7 4 9 8 3 8 2 2 5 7 10 5 7 6 2 5 5 3 9 10 2 5 10 9 8 10 3 9 9 7 2 10 4 9 8 6 9 3 8 10 3 7 
9 5 4 1 7 8 6 9 4 1 1 5 3 7 2 2 2 3 2 3 7 3 3 2 9 2 5 3 5 7 7 7 8 8 7 10 7 6 6 5 9 7 10 10 1 9 4 4 1 6 3 3 1 4 1 7 2 9 10 2 10 5 6 7 
7 3 10 8 2 4 6 2 10 6 2 5 5 6 4 6 2 5 8 9 3 7 5 1 3 8 2 5 1 7 6 3 2 1 7 10 7 9 10 8 4 5 7 10 6 8 10 10 1 3 8 8 4 8 1 4 3 4 4 7 3 2 9 8 
3 3 1 7 5 7 4 7 5 7 8 10 4 7 5 10 10 5 3 1 2 2 7 5 2 8 1 8 9 4 7 10 8 7 4 10 7 7 6 3 3 6 5 1 8 7 3 9 10 9 6 1 9 1 3 8 2 8 8 6 10 4 5 9 
8 5 3 9 6 10 8 3 3 10 1 6 5 10 8 8 7 7 7 2 2 4 3 4 6 4 3 8 4 10 3 10 6 1 2 6 4 9 8 5 2 5 6 8 8 5 4 5 7 8 3 2 10 10 10 5 2 6 2 4 10 5 3 10 
1 10 6 6 10 10 10 10 3 8 6 7 7 10 8 3 5 10 8 1 7 9 4 2 2 1 8 10 2 1 4 2 4 3 2 7 5 8 4 6 5 6 9 10 9 8 1 9 2 8 4 3 3 6 9 1 8 10 3 8 8 7 10 4 
10 3 6 9 6 7 9 1 2 10 3 2 9 1 9 8 2 4 2 5 4 1 8 5 2 2 8 10 3 8 10 5 4 3 5 4 2 10 1 2 10 10 9 2 9 7 7 5 4 9 3 5 7 10 2 8 3 10 5 6 8 2 2 3 
9 7 4 2 4 10 6 4 3 9 9 8 9 6 7 9 9 2 5 2 7 2 9 3 10 1 8 8 9 1 8 4 8 9 3 7 4 10 4 4 3 8 9 6 8 2 2 1 2 3 6 4 9 6 2 10 10 9 8 9 2 6 6 2 
1 4 6 3 6 1 8 5 1 4 10 8 6 8 3 2 5 7 6 3 6 7 3 5 9 3 1 6 3 8 4 6 3 3 10 2 1 5 9 8 3 2 9 10 1 10 4 4 1 5 3 6 5 6 7 7 3 8 10 3 4 4 9 9 
4 5 9 4 9 7 10 5 7 10 5 3 6 9 8 10 7 6 2 5 9 5 2 7 7 2 1 3 5 5 8 5 3 9 6 8 9 6 1 1 7 2 7 5 9 8 4 6 7 1 9 2 1 7 2 9 9 2 7 5 9 3 1 8 
10 8 9 6 10 7 10 10 7 10 8 4 8 3 1 8 10 6 9 9 1 4 4 8 4 5 10 8 5 6 9 9 3 9 4 3 7 1 6 2 9 7 6 4 10 4 9 9 7 10 9 8 10 8 9 8 8 5 7 6 7 1 7 2 
2 4 4 3 8 1 8 5 2 9 7 3 3 2 9 5 1 4 3 10 7 10 6 2 5 4 10 4 8 9 2 2 3 8 3 3 3 9 8 1 8 5 10 5 8 2 9 9 9 7 2 10 5 6 9 10 4 5 3 6 4 6 10 6 
2 3 6 6 6 9 4 9 8 4 8 9 3 2 4 8 8 9 6 9 7 2 8 6 3 2 7 3 5 6 8 9 3 10 5 7 8 10 9 10 1 10 3 1 1 7 7 2 10 7 4 1 3 5 8 10 6 4 9 5 1 7 1 6 
10 8 8 3 10 3 9 6 8 10 8 4 10 6 6 9 1 10 6 6 1 4 8 6 2 1 6 9 1 4 6 5 5 5 4 7 8 8 9 9 6 2 5 9 7 10 4 8 7 7 10 10 3 10 4 9 6 7 4 7 7 5 9 3 
10 9 4 6 8 10 2 1 5 3 6 3 8 2 1 4 4 4 2 1 3 10 1 8 7 7 9 8 5 7 8 10 2 4 5 4 1 8 6 10 10 8 4 1 3 8 8 6 4 5 9 8 3 10 4 4 2 5 10 9 7 9 6 7 
10 7 10 3 4 2 6 1 5 1 10 5 8 7 1 8 10 6 4 6 1 6 9 10 5 4 1 7 6 1 9 3 7 6 6 7 4 7 9 3 5 9 10 5 5 5 9 3 2 4 3 1 5 8 6 3 6 8 7 2 6 6 4 8 
5 10 4 2 3 3 8 1 3 2 7 10 3 8 8 2 6 8 8 4 3 6 1 9 1 7 5 7 7 1 5 5 7 5 3 3 10 9 1 7 10 3 10 3 8 7 10 4 7 7 1 4 7 10 10 2 1 6 8 1 3 9 4 5 
3 6 1 10 1 2 5 5 3 10 2 8 7 5 9 10 7 4 8 1 10 8 5 3 9 3 9 8 7 5 10 2 4 10 3 1 4 3 2 8 8 3 8 8 4 2 1 5 8 6 6 10 3 5 2 2 1 10 4 7 4 9 2 7 
10 2 7 7 8 10 3 6 4 6 1 9 3 5 1 6 1 7 3 7 8 7 2 9 3 4 2 10 9 9 9 8 9 3 5 8 5 6 2 9 3 9 7 3 6 1 6 2 7 7 6 9 7 1 1 10 4 2 8 6 6 10 7 4 
1 10 1 9 2 5 8 3 9 1 7 7 8 3 6 4 7 8 2 10 1 1 7 3 5 9 1 5 9 1 7 8 3 1 6 10 4 1 5 7 2 5 2 7 2 9 7 4 7 1 2 6 8 5 4 10 3 1 7 2 8 7 7 10 
1 8 3 1 8 3 3 5 7 8 6 6 8 1 4 10 6 7 1 4 8 6 5 1 1 1 4 1 1 4 4 1 10 4 6 5 7 6 9 6 7 3 2 6 4 5 3 4 1 1 9 6 10 4 6 7 8 3 9 1 3 7 4 1 
4 9 1 10 3 6 1 10 6 8 1 9 1 4 5 3 4 4 10 4 8 1 9 7 3 4 2 7 1 4 10 8 2 4 5 8 3 5 1 6 2 5 4 3 4 4 1 8 6 3 1 3 7 4 8 2 2 1 7 7 4 6 3 3 
9 2 3 10 7 1 3 7 8 9 3 8 7 10 3 3 10 2 3 3 7 2 2 6 7 10 8 8 9 2 7 1 5 3 2 4 2 10 5 9 5 9 10 9 8 5 6 7 4 6 10 3 2 10 2 10 6 1 9 2 10 9 4 1 
8 5 4 2 4 5 9 10 6 8 5 10 10 5 6 3 1 5 4 9 1 10 7 6 8 1 7 8 3 9 6 3 6 9 4 5 6 1 5 5 8 7 5 7 5 5 3 9 2 9 4 4 2 10 4 10 8 4 8 6 8 8 9 4 
6 8 10 1 8 10 6 4 6 9 6 5 9 9 9 5 9 9 9 1 6 7 7 5 4 8 10 6 3 7 6 8 9 4 2 7 10 5 5 9 2 9 3 4 8 7 6 9 5 1 1 10 5 10 1 8 4 8 1 1 8 6 1 5 
6 1 3 2 5 3 2 9 2 3 2 10 1 8 10 4 4 6 5 7 10 1 3 7 7 1 2 3 10 9 4 9 8 1 6 2 2 4 10 8 8 2 6 7 3 1 4 5 1 7 8 4 4 7 10 4 5 6 8 2 3 4 8 4 
5 5 7 7 2 6 10 1 7 8 9 9 10 4 6 9 3 6 8 8 3 5 10 8 4 1 4 6 4 6 6 10 7 9 8 7 6 8 5 8 8 10 5 9 5 1 1 1 10 9 1 10 8 2 9 10 5 9 5 5 1 8 8 10 
8 8 10 9 2 1 10 8 6 5 1 5 2 7 8 9 1 6 9 5 1 10 8 4 4 6 2 7 10 2 2 10 6 1 8 3 8 3 8 5 2 3 1 8 2 1 7 1 9 9 9 4 1 8 4 7 8 1 2 3 9 9 8 10 
5 5 4 6 8 6 2 7 4 10 8 9 2 7 2 6 2 1 5 7 6 5 10 10 4 8 4 1 6 5 4 4 3 6 6 1 3 7 3 10 8 8 9 2 1 10 5 8 7 9 10 3 6 10 9 7 4 8 6 3 10 9 9 4 
1 6 8 5 6 8 2 10 7 5 4 1 5 7 6 9 5 4 9 8 1 5 8 8 2 9 10 6 9 4 2 7 8 1 7 1 9 5 10 5 8 1 2 3 5 2 4 5 7 7 10 3 3 6 3 3 3 4 8 8 8 1 7 10 
9 4 5 5 2 3 4 4 5 4 10 3 4 7 4 8 3 7 1 6 8 7 3 3 7 9 2 2 3 1 4 7 6 7 10 9 5 6 9 6 4 3 1 3 6 5 3 5 6 9 6 10 3 8 4 6 7 2 3 7 3 6 2 8 
10 4 2 3 5 8 5 3 10 10 1 6 1 8 10 2 10 4 4 9 3 6 1 9 8 9 6 7 7 10 7 2 8 6 4 2 3 2 3 8 6 10 2 3 10 3 4 4 2 7 2 7 6 2 10 7 2 5 4 10 9 4 5 10 
7 10 2 8 6 9 2 10 1 2 4 8 3 3 5 10 4 3 7 2 2 9 9 3 7 4 6 6 9 5 3 2 2 5 2 4 10 4 7 5 4 7 5 9 3 7 4 6 2 1 9 2 5 8 1 6 5 5 10 3 2 3 4 1 
6 1 1 5 5 1 2 4 6 3 1 4 7 9 9 7 9 1 7 1 7 8 5 1 10 5 2 10 5 10 3 5 6 1 3 1 6 1 9 5 9 1 8 5 4 3 8 1 5 6 5 9 7 3 3 4 10 2 9 1 8 10 1 4 
9 5 10 8 9 6 2 3 1 2 10 3 9 7 1 2 4 9 4 4 1 5 4 10 8 9 6 7 9 9 1 7 7 4 5 8 7 5 9 9 10 3 8 4 2 5 1 1 8 2 6 8 9 4 1 1 9 4 9 9 3 7 2 9 
4 1 2 10 2 8 2 1 10 6 2 9 9 7 9 8 6 1 4 2 4 8 9 4 4 2 5 6 4 10 3 10 10 3 9 2 7 9 3 8 10 8 1 10 3 1 4 1 9 5 5 3 1 6 4 6 9 2 4 10 10 6 1 3 
5 9 10 7 2 7 8 8 1 2 5 2 8 7 1 7 3 10 3 10 4 9 2 7 4 6 4 3 4 6 10 3 5 9 8 5 2 4 7 8 8 4 6 1 1 5 2 2 3 7 2 8 2 1 3 7 2 5 3 6 6 9 6 7 
2 9 7 2 8 5 7 3 1 10 7 9 6 6 4 10 4 8 7 7 10 6 9 7 1 7 7 1 10 1 2 8 7 6 7 2 1 4 5 9 6 7 8 6 5 9 10 9 2 9 7 9 4 8 3 8 1 1 4 6 5 10 8 1 
2 4 1 2 1 2 1 10 5 3 6 5 4 5 5 10 3 2 10 5 2 6 4 8 1 7 1 2 7 1 9 8 10 2 9 2 6 2 10 6 4 6 10 6 8 9 6 1 3 5 1 3 9 4 6 6 6 10 8 3 6 6 1 3 
1 10 3 4 1 4 10 1 7 9 4 5 3 1 3 3 8 1 7 5 9 2 10 2 6 5 4 3 3 10 6 1 8 1 4 1 3 3 1 6 4 1 2 6 5 9 9 8 2 10 4 8 2 8 10 8 3 6 10 10 9 5 9 10 
2 8 8 1 1 2 5 7 5 1 7 7 4 4 6 2 9 2 2 2 2 1 4 1 2 7 7 6 4 7 4 2 1 1 9 7 2 7 9 3 3 4 3 5 5 6 10 7 4 9 4 3 4 6 7 10 3 6 3 3 4 9 1 8 
5 4 5 2 7 6 3 1 10 8 4 3 6 4 4 2 9 4 10 8 3 9 10 7 2 7 2 7 10 3 6 3 9 5 4 3 2 5 4 4 8 7 2 6 9 3 4 5 1 2 10 9 4 3 5 3 2 10 3 7 3 9 3 4 
2 1 8 2 2 5 1 1 7 9 10 1 8 8 3 7 10 7 3 3 7 9 6 7 10 1 10 5 3 2 9 6 7 7 4 2 2 2 6 4 5 4 5 7 5 2 7 3 7 9 6 2 10 7 3 4 2 3 4 6 9 8 9 6 
4 8 3 8 10 10 7 10 5 8 9 3 7 9 7 5 4 3 1 7 8 10 9 7 7 2 9 1 10 8 4 3 4 5 4 3 1 8 10 2 5 7 3 5 7 10 8 2 2 6 6 1 4 6 1 8 5 5 2 10 9 1 1 2 
8 8 4 5 6 4 1 6 7 6 1 3 4 2 10 2 6 4 3 6 8 4 9 3 6 1 5 5 8 6 6 7 4 2 4 6 4 5 9 8 3 10 7 10 3 9 9 3 9 8 6 7 6 1 9 3 3 5 8 7 8 3 9 5 
1 3 8 3 9 1 9 3 9 4 9 1 10 9 3 7 2 8 3 9 1 10 4 1 3 4 6 10 3 8 4 5 10 1 7 8 5 4 8 1 8 4 3 2 1 9 10 4 10 6 4 9 1 6 9 1 8 1 2 2 6 3 1 5 
6 2 7 6 7 9 2 6 6 4 4 10 5 10 3 9 5 5 10 9 6 4 9 3 4 7 8 6 3 1 4 8 6 5 1 10 10 7 9 6 10 8 8 7 6 7 8 1 4 2 10 1 9 8 3 5 9 4 9 9 2 10 2 1 
4 3 7 1 4 10 4 6 8 8 4 3 10 8 2 3 8 9 6 7 1 8 1 8 5 6 8 6 3 6 9 9 1 4 8 3 1 1 5 4 3 1 1 1 9 8 5 3 10 2 9 3 3 5 6 5 1 2 6 7 7 5 2 4 
3 2 9 10 5 2 5 9 2 3 10 9 8 1 6 7 2 3 9 7 4 1 10 3 7 5 6 4 5 5 1 3 8 2 7 1 8 5 1 3 7 10 1 9 1 7 1 8 8 5 9 10 5 7 6 6 2 6 7 6 1 5 3 2 
9 3 7 2 6 2 7 5 9 1 10 7 5 9 4 7 8 6 10 5 9 6 3 2 9 10 6 8 6 2 7 8 7 7 6 9 8 1 7 1 10 7 7 2 7 9 2 2 10 10 10 9 3 1 5 9 8 8 8 9 8 3 8 2 
7 2 8 1 9 9 8 6 2 2 9 10 8 3 3 5 6 7 8 3 8 3 7 3 4 3 1 10 1 6 9 6 2 5 8 9 10 10 2 2 7 2 7 3 9 3 6 6 6 7 10 6 5 2 9 3 6 5 10 3 4 4 9 6 
3 10 1 5 7 2 7 6 9 6 1 10 3 6 4 5 2 1 1 3 7 8 5 8 9 10 8 1 9 7 1 7 4 7 3 3 8 4 9 5 1 5 3 10 7 7 6 10 7 3 8 10 5 6 4 9 4 10 1 9 4 1 5 1 
1 6 9 8 8 2 6 6 3 9 4 5 7 4 9 3 7 4 2 6 7 3 10 3 8 8 5 7 5 5 10 5 7 8 1 6 10 6 3 4 2 2 5 3 4 9 9 9 5 10 8 4 10 10 3 4 8 7 1 3 10 1 2 1 
8 6 5 6 6 4 7 1 10 7 5 5 7 1 10 3 1 1 2 6 7 7 3 2 9 5 7 5 3 10 7 8 9 2 9 8 6 5 10 1 2 4 9 2 8 9 4 5 5 1 1 9 1 8 4 9 7 4 8 9 10 1 2 2 
122 143 75 101 151 58 182 100 42 139 65 114 61 79 109 83 92 154 128 117 134 48 164 131 84 54 24 35 23 116 128 96 91 57 105 101 144 133 118 125 127 81 102 51 109 45 133 136 62 54 78 106 104 105 118 163 70 87 160 153 174 68 116 93 
143 84 109 114 81 173 174 99 138 151 40 124 174 124 125 17 123 88 148 78 71 106 105 79 87 170 153 40 126 43 157 89 139 53 55 132 123 170 175 144 113 70 136 91 63 135 110 146 42 141 85 116 63 54 68 31 71 132 117 158 65 24 22 102 
75 109 46 70 56 56 168 95 96 83 61 163 135 150 78 67 114 117 135 145 81 128 122 85 65 161 123 119 73 111 130 98 100 136 45 129 86 137 73 111 90 135 97 120 80 104 70 169 95 84 129 31 69 121 96 82 62 152 52 54 99 57 173 145 
101 114 70 56 57 194 90 21 74 126 110 90 22 72 79 127 87 113 136 76 88 84 105 48 124 65 59 107 130 97 164 39 85 109 94 120 107 97 123 62 93 35 126 107 44 76 32 147 119 91 36 78 83 23 95 24 106 171 148 117 168 63 69 50 
151 81 56 57 148 64 105 101 44 87 153 83 103 46 113 107 70 90 136 108 74 83 57 124 83 33 155 95 76 106 146 54 91 24 84 132 122 138 98 62 130 41 78 65 69 91 78 109 160 110 111 57 100 128 87 104 89 156 73 35 57 103 61 111 
58 173 56 194 64 76 101 18 119 85 132 79 104 106 80 74 185 178 173 133 146 139 129 105 113 97 152 82 103 129 41 155 50 171 104 120 62 197 123 150 109 181 56 122 90 102 60 43 55 126 84 34 67 53 139 106 101 158 131 95 119 88 98 54 
182 174 168 90 105 101 120 9 180 35 71 133 55 45 116 14 75 94 69 106 132 48 111 54 84 78 21 134 125 48 48 64 76 5 74 137 104 150 87 129 130 107 64 105 73 79 59 98 97 148 104 141 54 89 150 98 95 102 33 98 104 27 54 131 
100 99 95 21 101 18 9 104 162 130 145 40 141 146 53 81 32 173 143 100 70 111 103 70 79 140 34 109 117 159 106 98 182 67 85 75 147 103 66 63 148 160 121 104 20 103 137 98 145 36 111 71 59 42 151 101 69 35 54 133 124 76 153 167 
42 138 96 74 44 119 180 162 94 76 87 68 114 61 89 89 89 78 189 117 115 61 59 68 126 80 113 103 54 106 123 131 74 13 53 74 101 92 69 120 69 135 71 135 86 67 95 100 162 61 58 86 119 75 44 100 135 183 12 110 75 149 65 86 
139 151 83 126 87 85 35 130 76 50 98 189 64 96 44 143 101 37 147 42 151 98 100 81 129 61 140 107 191 107 143 124 143 112 107 110 79 146 97 185 76 98 78 132 112 165 170 79 76 108 138 50 51 106 100 94 86 82 81 183 75 77 83 77 
65 40 61 110 153 132 71 145 87 98 144 63 112 59 72 94 120 109 193 79 55 137 139 83 119 110 118 101 147 60 75 134 101 74 52 68 156 181 130 148 86 93 142 109 111 151 108 59 85 119 77 85 86 164 145 113 19 48 130 151 115 75 64 37 
114 124 163 90 83 79 133 40 68 189 63 148 49 82 82 111 3 91 108 149 139 121 35 146 165 148 111 91 118 137 75 111 58 102 61 106 76 46 157 70 155 55 46 124 58 162 64 117 129 107 50 78 105 16 90 94 145 33 97 6 125 181 41 110 
61 174 135 22 103 104 55 141 114 64 112 49 64 61 120 148 135 146 69 121 26 61 151 158 169 150 125 102 36 91 115 95 95 47 127 92 110 75 70 135 154 126 86 165 131 59 125 60 114 169 121 144 142 92 83 76 62 64 73 128 59 191 95 49 
79 124 150 72 46 106 45 146 61 96 59 82 61 144 139 105 70 118 82 178 102 94 107 69 42 148 160 164 51 90 154 90 90 69 93 113 111 117 94 128 89 64 77 161 149 57 86 54 93 67 150 84 161 120 98 66 140 88 94 125 105 73 130 83 
109 125 78 79 113 80 116 53 89 44 72 82 120 139 196 114 125 108 151 97 99 124 120 58 50 15 92 77 43 188 70 175 113 120 112 114 108 112 145 26 130 130 152 48 73 9 152 129 140 169 65 74 89 39 127 109 106 101 94 26 56 74 101 187 
83 17 67 127 107 74 14 81 89 143 94 111 148 105 114 138 101 95 76 20 81 117 63 64 39 111 102 146 180 120 41 127 88 128 86 165 81 100 152 115 163 136 114 40 86 46 88 99 40 110 133 191 58 75 103 146 105 155 64 137 115 174 172 160 
92 123 114 87 70 185 75 32 89 101 120 3 135 70 125 101 60 103 65 195 96 50 47 35 89 49 101 147 64 127 61 100 76 90 165 71 126 54 121 186 124 98 125 58 80 84 95 97 53 57 41 108 104 34 54 128 135 83 42 126 92 169 133 100 
154 88 117 113 90 178 94 173 78 37 109 91 146 118 108 95 103 190 79 94 142 100 57 138 62 71 128 93 97 110 37 63 45 60 79 103 136 122 141 65 76 56 171 48 76 136 56 97 115 169 106 62 17 82 63 181 145 181 125 110 125 17 39 184 
128 148 135 136 136 173 69 143 189 147 193 108 69 82 151 76 65 79 8 102 119 87 117 144 138 112 79 108 100 17 84 39 95 115 178 149 74 72 76 117 163 32 106 101 99 72 96 92 107 108 77 65 59 153 80 102 106 50 118 152 80 90 134 101 
117 78 145 76 108 133 106 100 117 42 79 149 121 178 97 20 195 94 102 84 84 85 93 83 54 138 71 182 76 120 112 137 64 139 103 30 42 99 91 77 28 75 107 83 157 111 32 85 72 88 122 86 105 122 82 179 20 95 135 113 55 67 142 154 
134 71 81 88 74 146 132 70 115 151 55 139 26 102 99 81 96 142 119 84 10 88 115 140 164 92 61 95 110 160 49 68 113 59 91 65 116 126 97 125 78 96 112 143 102 161 76 146 76 75 94 26 93 71 103 96 89 97 127 116 136 168 43 161 
48 106 128 84 83 139 48 111 61 98 137 121 61 94 124 117 50 100 87 85 88 86 96 158 31 132 64 53 86 35 137 127 147 83 103 151 170 78 118 141 106 85 163 15 59 80 134 60 84 31 126 69 147 10 35 79 132 35 110 96 97 153 128 95 
164 105 122 105 57 129 111 103 59 100 139 35 151 107 120 63 47 57 117 93 115 96 64 85 58 154 83 170 98 73 87 46 82 18 68 33 152 97 142 104 109 57 20 119 106 158 111 30 51 95 87 133 25 81 125 101 102 112 142 96 65 65 170 92 
131 79 85 48 124 105 54 70 68 81 83 146 158 69 58 64 35 138 144 83 140 158 85 74 121 60 126 153 52 41 101 32 122 146 103 91 101 106 107 73 133 103 28 69 97 89 149 99 163 95 90 16 130 87 142 163 71 41 137 152 142 76 82 128 
84 87 65 124 83 113 84 79 126 129 119 165 169 42 50 39 89 62 138 54 164 31 58 121 158 55 67 108 53 163 95 79 95 116 104 107 77 119 173 156 34 134 165 53 98 158 129 45 38 128 62 108 94 97 186 74 35 106 41 154 61 147 89 118 
54 170 161 65 33 97 78 140 80 61 110 148 150 148 15 111 49 71 112 138 92 132 154 60 55 184 105 44 87 115 21 139 108 38 77 141 130 183 32 95 106 108 109 53 77 130 79 101 106 95 56 114 126 163 97 106 101 60 105 151 64 86 126 61 
24 153 123 59 155 152 21 34 113 140 118 111 125 160 92 102 101 128 79 71 61 64 83 126 67 105 122 100 54 139 103 141 135 78 119 35 162 72 115 128 134 114 140 128 83 157 55 48 112 92 59 54 133 141 165 94 106 126 39 50 134 70 123 89 
35 40 119 107 95 82 134 109 103 107 101 91 102 164 77 146 147 93 108 182 95 53 170 153 108 44 100 144 100 68 111 148 131 106 195 83 85 100 80 78 25 102 81 120 136 172 171 135 22 112 153 60 140 44 65 179 84 40 87 124 76 50 121 73 
23 126 73 130 76 103 125 117 54 191 147 118 36 51 43 180 64 97 100 76 110 86 98 52 53 87 54 100 146 109 90 80 164 59 126 132 160 62 76 81 93 59 56 26 106 133 132 72 121 74 105 192 55 23 39 126 158 66 84 58 102 110 86 46 
116 43 111 97 106 129 48 159 106 107 60 137 91 90 188 120 127 110 17 120 160 35 73 41 163 115 139 68 109 22 110 122 86 82 149 134 154 160 112 76 91 128 109 105 116 90 131 145 79 116 85 61 157 141 108 86 115 59 165 33 146 197 142 124 
128 157 130 164 146 41 48 106 123 143 75 75 115 154 70 41 61 37 84 112 49 137 87 101 95 21 103 111 90 110 94 135 41 114 160 126 152 52 93 184 122 134 70 148 123 127 152 128 93 158 119 56 52 101 141 90 26 99 66 92 160 80 47 144 
96 89 98 39 54 155 64 98 131 124 134 111 95 90 175 127 100 63 39 137 68 127 46 32 79 139 141 148 80 122 135 10 84 140 73 98 101 84 95 135 148 97 122 85 96 88 161 126 129 89 86 96 73 113 53 110 86 150 55 109 146 154 69 109 
91 139 100 85 91 50 76 182 74 143 101 58 95 90 113 88 76 45 95 64 113 147 82 122 95 108 135 131 164 86 41 84 172 85 146 78 62 130 73 72 82 118 169 71 58 58 63 107 112 40 114 81 80 97 98 55 103 103 128 113 177 111 48 167 
57 53 136 109 24 171 5 67 13 112 74 102 47 69 120 128 90 60 115 139 59 83 18 146 116 38 78 106 59 82 114 140 85 140 115 13 122 147 87 158 84 19 103 161 76 168 134 85 98 141 143 83 105 50 130 76 144 56 29 124 62 183 84 142 
105 55 45 94 84 104 74 85 53 107 52 61 127 93 112 86 165 79 178 103 91 103 68 103 104 77 119 195 126 149 160 73 146 115 162 147 60 135 170 91 105 120 92 146 110 78 120 141 104 106 131 39 62 69 82 159 64 108 46 106 62 127 13 75 
101 132 129 120 132 120 137 75 74 110 68 106 92 113 114 165 71 103 149 30 65 151 33 91 107 141 35 83 132 134 126 98 78 13 147 186 23 69 102 170 145 94 120 124 156 152 91 124 108 82 74 97 115 164 136 110 41 98 87 119 185 143 77 165 
144 123 86 107 122 62 104 147 101 79 156 76 110 111 108 81 126 136 74 42 116 170 152 101 77 130 162 85 160 154 152 101 62 122 60 23 38 44 88 73 117 61 164 53 101 76 53 88 136 142 79 45 87 77 63 129 77 118 47 139 86 40 82 109 
133 170 137 97 138 197 150 103 92 146 181 46 75 117 112 100 54 122 72 99 126 78 97 106 119 183 72 100 62 160 52 84 130 147 135 69 44 54 123 107 73 97 80 102 58 101 103 149 157 113 104 145 133 58 138 101 104 128 104 62 91 92 52 78 
118 175 73 123 98 123 87 66 69 97 130 157 70 94 145 152 121 141 76 91 97 118 142 107 173 32 115 80 76 112 93 95 73 87 170 102 88 123 16 142 67 177 82 109 77 19 84 96 90 49 162 117 76 44 182 100 72 142 61 99 47 61 100 18 
125 144 111 62 62 150 129 63 120 185 148 70 135 128 26 115 186 65 117 77 125 141 104 73 156 95 128 78 81 76 184 135 72 158 91 170 73 107 142 190 117 173 117 187 52 110 139 88 23 153 55 152 25 116 128 181 141 137 170 66 108 104 104 67 
127 113 90 93 130 109 130 148 69 76 86 155 154 89 130 163 124 76 163 28 78 106 109 133 34 106 134 25 93 91 122 148 82 84 105 145 117 73 67 117 104 154 69 19 84 157 150 85 120 6 180 132 109 79 77 98 131 25 21 49 138 98 151 180 
81 70 135 35 41 181 107 160 135 98 93 55 126 64 130 136 98 56 32 75 96 85 57 103 134 108 114 102 59 128 134 97 118 19 120 94 61 97 177 173 154 196 151 104 160 125 120 125 57 115 96 155 90 47 18 64 20 99 90 117 106 117 123 83 
102 136 97 126 78 56 64 121 71 78 142 46 86 77 152 114 125 171 106 107 112 163 20 28 165 109 140 81 56 109 70 122 169 103 92 120 164 80 82 117 69 151 168 99 154 145 102 106 65 154 117 58 137 30 154 110 17 156 108 118 85 137 118 150 
51 91 120 107 65 122 105 104 135 132 109 124 165 161 48 40 58 48 101 83 143 15 119 69 53 53 128 120 26 105 148 85 71 161 146 124 53 102 109 187 19 104 99 32 140 162 170 74 140 70 126 116 119 88 81 85 114 120 130 101 104 143 115 75 
109 63 80 44 69 90 73 20 86 112 111 58 131 149 73 86 80 76 99 157 102 59 106 97 98 77 83 136 106 116 123 96 58 76 110 156 101 58 77 52 84 160 154 140 134 115 118 81 117 112 41 144 97 68 70 46 168 132 80 82 123 76 104 114 
45 135 104 76 91 102 79 103 67 165 151 162 59 57 9 46 84 136 72 111 161 80 158 89 158 130 157 172 133 90 127 88 58 168 78 152 76 101 19 110 157 125 145 162 115 186 53 64 109 146 65 150 101 138 129 93 147 25 93 89 55 165 64 91 
133 110 70 32 78 60 59 137 95 170 108 64 125 86 152 88 95 56 96 32 76 134 111 149 129 79 55 171 132 131 152 161 63 134 120 91 53 103 84 139 150 120 102 170 118 53 86 118 132 131 54 103 105 106 91 142 129 148 23 73 93 84 47 119 
136 146 169 147 109 43 98 98 100 79 59 117 60 54 129 99 97 97 92 85 146 60 30 99 45 101 48 135 72 145 128 126 107 85 141 124 88 149 96 88 85 125 106 74 81 64 118 24 27 135 169 99 118 108 123 98 99 112 109 107 169 17 76 93 
62 42 95 119 160 55 97 145 162 76 85 129 114 93 140 40 53 115 107 72 76 84 51 163 38 106 112 22 121 79 93 129 112 98 104 108 136 157 90 23 120 57 65 140 117 109 132 27 114 28 188 88 111 74 89 76 85 75 110 39 93 132 172 62 
54 141 84 91 110 126 148 36 61 108 119 107 169 67 169 110 57 169 108 88 75 31 95 95 128 95 92 112 74 116 158 89 40 141 106 82 142 113 49 153 6 115 154 70 112 146 131 135 28 40 88 101 143 58 91 76 77 143 119 127 78 177 84 92 
78 85 129 36 111 84 104 111 58 138 77 50 121 150 65 133 41 106 77 122 94 126 87 90 62 56 59 153 105 85 119 86 114 143 131 74 79 104 162 55 180 96 117 126 41 65 54 169 188 88 112 154 178 165 119 46 63 101 10 43 137 124 120 41 
106 116 31 78 57 34 141 71 86 50 85 78 144 84 74 191 108 62 65 86 26 69 133 16 108 114 54 60 192 61 56 96 81 83 39 97 45 145 117 152 132 155 58 116 144 150 103 99 88 101 154 6 126 128 79 107 99 83 139 68 133 77 55 81 
104 63 69 83 100 67 54 59 119 51 86 105 142 161 89 58 104 17 59 105 93 147 25 130 94 126 133 140 55 157 52 73 80 105 62 115 87 133 76 25 109 90 137 119 97 101 105 118 111 143 178 126 116 158 160 62 116 183 63 74 95 174 47 72 
105 54 121 23 128 53 89 42 75 106 164 16 92 120 39 75 34 82 153 122 71 10 81 87 97 163 141 44 23 141 101 113 97 50 69 164 77 58 44 116 79 47 30 88 68 138 106 108 74 58 165 128 158 42 114 82 107 141 131 110 79 63 164 70 
118 68 96 95 87 139 150 151 44 100 145 90 83 98 127 103 54 63 80 82 103 35 125 142 186 97 165 65 39 108 141 53 98 130 82 136 63 138 182 128 77 18 154 81 70 129 91 123 89 91 119 79 160 114 158 5 190 94 145 47 91 64 178 138 
163 31 82 24 104 106 98 101 100 94 113 94 76 66 109 146 128 181 102 179 96 79 101 163 74 106 94 179 126 86 90 110 55 76 159 110 129 101 100 181 98 64 110 85 46 93 142 98 76 76 46 107 62 82 5 194 58 79 91 97 134 82 52 104 
70 71 62 106 89 101 95 69 135 86 19 145 62 140 106 105 135 145 106 20 89 132 102 71 35 101 106 84 158 115 26 86 103 144 64 41 77 104 72 141 131 20 17 114 168 147 129 99 85 77 63 99 116 107 190 58 128 32 129 109 155 178 122 96 
87 132 152 171 156 158 102 35 183 82 48 33 64 88 101 155 83 181 50 95 97 35 112 41 106 60 126 40 66 59 99 150 103 56 108 98 118 128 142 137 25 99 156 120 132 25 148 112 75 143 101 83 183 141 94 79 32 162 92 91 103 159 59 86 
160 117 52 148 73 131 33 54 12 81 130 97 73 94 94 64 42 125 118 135 127 110 142 137 41 105 39 87 84 165 66 55 128 29 46 87 47 104 61 170 21 90 108 130 80 93 23 109 110 119 10 139 63 131 145 91 129 92 118 156 99 111 121 156 
153 158 54 117 35 95 98 133 110 183 151 6 128 125 26 137 126 110 152 113 116 96 96 152 154 151 50 124 58 33 92 109 113 124 106 119 139 62 99 66 49 117 118 101 82 89 73 107 39 127 43 68 74 110 47 97 109 91 156 158 132 112 65 85 
174 65 99 168 57 119 104 124 75 75 115 125 59 105 56 115 92 125 80 55 136 97 65 142 61 64 134 76 102 146 160 146 177 62 62 185 86 91 47 108 138 106 85 104 123 55 93 169 93 78 137 133 95 79 91 134 155 103 99 132 32 73 63 104 
68 24 57 63 103 88 27 76 149 77 75 181 191 73 74 174 169 17 90 67 168 153 65 76 147 86 70 50 110 197 80 154 111 183 127 143 40 92 61 104 98 117 137 143 76 165 84 17 132 177 124 77 174 63 64 82 178 159 111 112 73 106 97 76 
116 22 173 69 61 98 54 153 65 83 64 41 95 130 101 172 133 39 134 142 43 128 170 82 89 126 123 121 86 142 47 69 48 84 13 77 82 52 100 104 151 123 118 115 104 64 47 76 172 84 120 55 47 164 178 52 122 59 121 65 63 97 20 81 
93 102 145 50 111 54 131 167 86 77 37 110 49 83 187 160 100 184 101 154 161 95 92 128 118 61 89 73 46 124 144 109 167 142 75 165 109 78 18 67 180 83 150 75 114 91 119 93 62 92 41 81 72 70 138 104 96 86 156 85 104 76 81 128 