32
39 43 35 42 8 46 36 69 88 84 10 73 62 35 75 25 28 46 52 60 45 34 39 23 75 92 21 83 41 16 17 78 
11 27 29 2 42 8 10 44 78 35 93 69 67 61 8 90 76 55 30 80 49 29 33 6 72 40 52 42 91 4 11 77 
2 33 25 41 4 86 23 70 79 47 93 55 25 26 88 93 7 4 90 92 19 76 99 15 23 81 75 10 48 53 10 3 
34 39 83 81 42 89 20 15 87 64 60 75 76 25 47 57 31 61 33 75 39 85 46 74 35 79 23 65 6 89 65 69 
71 18 59 28 42 55 78 100 73 19 69 41 95 66 95 31 6 32 8 7 53 49 42 66 90 52 28 9 81 97 65 80 
24 10 91 67 53 5 94 68 86 42 85 94 92 33 52 72 3 96 56 93 31 87 9 57 92 79 48 41 15 77 7 95 
90 69 2 80 8 53 76 98 43 71 99 74 98 15 15 100 31 54 76 46 51 36 74 17 41 49 15 48 93 5 80 32 
53 69 90 44 9 8 30 55 47 100 39 20 74 36 45 37 10 76 95 29 7 91 12 17 47 95 30 55 32 35 25 50 
38 38 73 64 8 10 29 36 46 33 14 7 87 4 16 68 95 58 23 70 34 19 73 53 26 22 73 74 20 40 11 89 
31 33 14 99 90 96 51 60 44 32 81 45 34 38 50 38 85 12 41 54 61 32 29 40 12 13 59 86 12 61 79 78 
24 47 88 20 27 72 17 30 93 22 97 5 85 57 39 41 70 7 41 83 57 17 51 48 99 31 52 58 44 36 11 74 
49 87 48 53 60 20 57 77 47 44 8 47 70 52 86 30 1 80 33 34 84 82 74 61 30 33 27 25 28 96 8 24 
70 12 94 26 100 40 60 81 11 93 82 82 61 17 47 88 97 8 11 9 18 2 96 23 82 22 98 61 12 60 80 48 
17 36 54 18 44 96 70 11 42 14 23 92 69 8 45 53 68 18 20 6 36 12 70 80 75 78 72 68 62 14 92 12 
15 48 50 51 95 75 26 98 31 67 99 38 62 47 36 22 87 48 53 78 72 21 94 86 40 39 57 85 63 90 40 84 
11 24 82 75 50 10 69 6 44 98 67 82 48 96 3 79 70 14 46 6 96 22 20 67 14 32 72 8 21 28 87 69 
20 69 6 27 32 53 23 34 27 81 47 20 79 63 17 47 46 66 25 90 95 7 39 10 4 41 60 23 83 86 43 86 
93 88 83 87 14 15 52 49 90 93 82 63 9 24 12 70 14 26 20 36 93 71 62 41 67 71 54 45 94 11 77 46 
76 37 55 38 13 62 1 23 82 63 53 16 100 86 94 69 67 23 4 88 77 10 35 3 74 42 9 26 24 21 44 48 
9 82 78 46 19 35 62 68 87 76 19 5 82 78 37 6 52 60 25 93 30 17 97 39 64 13 56 99 98 42 23 23 
46 1 82 2 21 65 52 5 45 19 13 57 90 84 54 20 10 5 59 99 42 56 92 99 1 15 6 41 27 48 31 75 
95 9 21 36 83 32 51 19 80 17 59 43 17 100 91 24 26 24 37 48 34 83 99 32 38 30 19 16 21 34 32 82 
12 19 9 28 96 87 89 96 56 71 94 18 34 17 71 27 40 97 22 27 94 94 34 87 100 34 23 3 98 39 67 11 
58 1 22 31 98 27 25 42 90 38 39 15 20 48 11 75 85 38 29 22 93 42 57 39 18 40 98 10 60 88 53 55 
25 42 51 23 100 62 83 73 83 42 62 32 73 83 56 15 9 4 4 35 40 77 11 46 3 52 18 20 68 19 47 75 
30 82 51 21 4 68 21 62 95 8 54 76 84 68 22 18 72 1 33 55 99 78 66 55 23 46 64 22 43 32 45 75 
7 6 15 79 41 67 41 22 13 37 48 38 77 63 11 22 44 23 55 88 89 31 10 82 75 98 54 18 68 60 62 48 
71 21 97 87 87 32 94 61 10 13 89 96 82 2 13 26 25 58 78 40 28 81 29 22 77 37 54 95 51 90 95 67 
54 47 61 2 28 38 1 50 72 19 56 91 46 47 16 14 25 34 74 68 46 75 87 10 23 80 86 69 66 49 66 90 
10 80 39 51 65 66 62 19 60 93 8 14 69 97 46 64 65 52 72 95 34 90 86 1 43 56 32 52 6 62 5 42 
17 3 29 15 95 97 78 62 59 78 26 12 8 39 82 85 62 60 28 37 50 49 89 97 38 82 49 62 87 34 91 48 
6 77 99 41 54 83 69 51 16 64 41 99 13 25 38 45 59 15 52 35 59 46 96 90 38 30 62 29 63 95 31 99 
74 120 153 117 123 139 96 149 89 194 32 123 26 114 137 70 123 91 126 43 107 94 58 36 75 51 104 124 152 92 105 104 
120 180 26 90 130 42 47 132 79 83 99 104 122 153 134 149 93 85 122 19 102 96 94 61 101 68 80 81 96 48 111 120 
153 26 14 96 108 136 104 144 145 70 72 114 165 76 80 166 62 43 171 173 114 185 117 130 75 180 44 136 109 148 150 157 
117 90 96 162 105 52 125 55 162 91 94 87 95 121 98 163 23 109 113 109 70 81 67 65 114 90 121 44 14 96 114 124 
123 130 108 105 192 79 138 11 88 39 153 155 99 33 139 144 58 160 134 8 62 82 73 96 101 87 58 39 40 122 134 118 
139 42 136 52 79 128 70 89 73 70 139 120 107 106 109 12 46 191 166 174 56 59 101 158 95 93 97 71 135 81 97 165 
96 47 104 125 138 70 188 74 148 127 97 93 73 104 82 92 170 61 155 94 84 137 175 68 38 92 102 143 146 59 163 71 
149 132 144 55 11 89 74 18 99 90 18 100 181 143 112 86 130 50 110 108 126 106 46 105 113 32 60 103 167 134 123 107 
89 79 145 162 88 73 148 99 46 113 85 77 48 124 92 82 135 22 138 174 45 60 181 97 68 162 97 95 29 127 98 76 
194 83 70 91 39 70 127 90 113 110 116 185 146 93 85 99 121 148 68 58 115 91 102 138 66 106 107 67 104 91 29 106 
32 99 72 94 153 139 97 18 85 116 100 50 94 147 150 128 72 65 87 87 160 77 92 107 69 60 151 61 83 116 153 51 
123 104 114 87 155 120 93 100 77 185 50 66 92 153 75 89 66 63 70 85 94 174 66 50 114 25 103 83 75 144 26 50 
26 122 165 95 99 107 73 181 48 146 94 92 30 123 134 80 106 98 135 89 134 88 116 50 136 72 164 70 131 58 177 87 
114 153 76 121 33 106 104 143 124 93 147 153 123 88 179 86 118 152 115 151 155 89 36 162 145 98 94 142 90 76 116 55 
137 134 80 98 139 109 82 112 92 85 150 75 134 179 112 25 86 93 64 185 92 98 74 169 191 140 158 168 69 56 108 191 
70 149 166 163 144 12 92 86 82 99 128 89 80 86 25 194 190 107 75 110 50 88 93 105 169 29 102 80 88 10 77 164 
123 93 62 23 58 46 170 130 135 121 72 66 106 118 86 190 60 148 77 102 156 164 131 31 113 133 83 120 155 82 79 165 
91 85 43 109 160 191 61 50 22 148 65 63 98 152 93 107 148 162 75 158 84 157 104 65 121 30 108 136 94 77 48 59 
126 122 171 113 134 166 155 110 138 68 87 70 135 115 64 75 77 75 136 127 106 116 110 128 116 39 142 93 94 120 118 111 
43 19 173 109 8 174 94 108 174 58 87 85 89 151 185 110 102 158 127 110 60 85 113 135 66 53 30 118 8 108 169 117 
107 102 114 70 62 56 84 126 45 115 160 94 134 155 92 50 156 84 106 60 162 117 162 137 90 56 72 104 92 37 159 155 
94 96 185 81 82 59 137 106 60 91 77 174 88 89 98 88 164 157 116 85 117 132 87 107 103 167 101 115 172 90 132 148 
58 94 117 67 73 101 175 46 181 102 92 66 116 36 74 93 131 104 110 113 162 87 124 87 100 87 110 104 102 57 150 127 
36 61 130 65 96 158 68 105 97 138 107 50 50 162 169 105 31 65 128 135 137 107 87 164 128 37 152 25 139 82 115 169 
75 101 75 114 101 95 38 113 68 66 69 114 136 145 191 169 113 121 116 66 90 103 100 128 16 121 67 143 52 145 137 74 
51 68 180 90 87 93 92 32 162 106 60 25 72 98 140 29 133 30 39 53 56 167 87 37 121 178 52 86 112 64 68 104 
104 80 44 121 58 97 102 60 97 107 151 103 164 94 158 102 83 108 142 30 72 101 110 152 67 52 90 114 79 128 81 118 
124 81 136 44 39 71 143 103 95 67 61 83 70 142 168 80 120 136 93 118 104 115 104 25 143 86 114 50 129 93 67 168 
152 96 109 14 40 135 146 167 29 104 83 75 131 90 69 88 155 94 94 8 92 172 102 139 52 112 79 129 16 43 123 52 
92 48 148 96 122 81 59 134 127 91 116 144 58 76 56 10 82 77 120 108 37 90 57 82 145 64 128 93 43 154 95 99 
105 111 150 114 134 97 163 123 98 29 153 26 177 116 108 77 79 48 118 169 159 132 150 115 137 68 81 67 123 95 24 81 
104 120 157 124 118 165 71 107 76 106 51 50 87 55 191 164 165 59 111 117 155 148 127 169 74 104 118 168 52 99 81 98 