16
1 3 10 8 10 6 3 3 10 9 8 3 6 2 3 9 
3 4 6 7 3 8 4 7 1 4 6 8 6 4 8 8 
4 9 9 8 6 5 9 4 5 2 4 10 10 2 2 4 
7 2 6 4 4 1 5 1 8 10 2 8 7 7 2 7 
5 2 3 3 10 1 7 4 1 5 8 7 9 3 2 10 
2 9 8 10 1 7 10 4 4 9 3 8 1 4 9 6 
5 5 6 7 8 4 1 5 3 3 6 6 3 9 10 7 
2 3 7 1 6 8 4 6 2 1 5 3 1 2 6 2 
4 6 5 8 1 5 9 8 7 1 8 8 9 5 7 5 
9 7 9 9 4 1 1 3 9 9 1 4 1 7 5 10 
10 5 10 9 1 4 2 2 4 5 3 2 9 9 1 1 
4 7 6 10 4 9 2 5 7 10 4 8 5 2 5 8 
6 1 9 1 5 6 7 10 9 10 4 1 2 3 5 8 
2 5 5 5 9 9 5 1 8 10 1 4 9 5 2 7 
2 8 5 8 7 8 3 10 6 8 10 6 10 5 8 8 
8 10 7 1 2 8 9 10 5 9 5 9 3 8 10 6 
200 139 106 17 117 49 168 155 79 59 97 50 99 86 93 48 
139 92 79 69 97 123 78 43 120 126 125 135 154 100 182 148 
106 79 6 19 109 94 71 84 78 168 59 57 90 76 144 77 
17 69 19 130 121 78 59 94 22 102 102 29 91 82 130 20 
117 97 109 121 190 37 121 92 87 100 87 125 108 80 142 83 
49 123 94 78 37 78 119 77 80 197 142 75 106 173 83 111 
168 78 71 59 121 119 184 51 153 159 112 125 91 110 55 89 
155 43 84 94 92 77 51 190 144 77 193 44 152 63 143 48 
79 120 78 22 87 80 153 144 54 79 95 41 113 70 112 157 
59 126 168 102 100 197 159 77 79 74 45 29 85 106 109 39 
97 125 59 102 87 142 112 193 95 45 178 103 89 24 141 131 
50 135 57 29 125 75 125 44 41 29 103 182 100 48 116 182 
99 154 90 91 108 106 91 152 113 85 89 100 2 89 183 117 
86 100 76 82 80 173 110 63 70 106 24 48 89 168 114 93 
93 182 144 130 142 83 55 143 112 109 141 116 183 114 162 108 
48 148 77 20 83 111 89 48 157 39 131 182 117 93 108 190 