64
32 71 2 96 9 41 85 39 97 74 99 21 77 24 60 96 45 1 20 21 51 47 65 37 34 97 12 72 31 41 80 30 21 15 41 72 89 42 83 64 72 53 6 42 82 9 35 8 46 91 71 4 40 22 87 64 99 91 6 70 92 99 30 54 
54 78 82 92 15 10 3 72 56 25 12 18 64 60 99 77 1 56 66 21 65 29 94 58 91 37 97 32 73 6 8 17 27 26 68 100 36 26 24 66 84 97 25 25 27 17 8 71 93 95 99 67 85 12 90 20 96 9 40 52 81 11 82 84 
72 15 18 70 73 56 22 34 2 26 36 60 54 12 92 32 12 21 77 39 98 16 83 77 10 39 65 4 94 61 78 24 9 11 12 20 25 64 84 81 20 68 64 23 94 93 24 72 90 36 51 77 86 10 28 72 23 30 95 85 98 39 25 21 
44 90 60 77 69 46 49 16 72 21 76 49 31 18 15 39 86 11 94 10 51 16 38 10 12 6 65 35 69 5 42 15 37 82 34 36 66 22 87 54 69 55 76 79 10 24 94 4 4 74 77 45 1 24 6 55 1 43 33 42 98 85 76 30 
22 57 93 83 63 63 36 4 61 66 84 1 42 23 80 53 45 79 32 52 9 4 73 10 82 21 97 39 25 73 26 27 14 75 22 58 94 72 72 22 35 12 52 18 90 91 12 68 34 9 74 73 67 87 1 81 50 76 70 86 73 63 1 91 
62 41 64 7 10 89 40 61 19 71 84 60 91 24 94 22 83 7 20 43 11 6 86 18 80 20 94 20 12 21 28 23 100 2 70 49 70 42 62 37 14 36 4 39 43 54 81 63 79 84 28 9 98 23 70 89 29 59 78 77 15 36 23 84 
7 90 52 95 17 12 25 29 4 38 30 72 85 22 93 92 8 53 6 74 92 67 79 38 35 45 46 12 69 52 61 23 43 94 26 46 84 13 2 31 97 87 31 92 56 79 58 47 88 96 20 7 65 83 68 45 7 1 46 91 64 76 43 39 
9 84 86 11 92 84 48 56 64 23 27 42 34 42 21 19 79 87 44 84 36 17 53 48 42 56 78 4 16 18 40 86 2 49 28 12 99 48 47 36 45 14 15 20 96 44 24 87 3 48 71 41 28 84 35 36 71 16 3 54 9 11 91 98 
7 49 44 84 60 19 73 83 11 56 46 49 32 56 11 15 100 16 72 42 73 95 64 48 97 24 79 95 46 61 50 68 1 59 1 70 85 84 78 99 72 14 15 18 99 81 53 2 10 71 77 5 19 24 1 57 76 39 93 40 29 43 57 1 
54 35 59 36 53 82 36 28 92 77 21 24 54 40 39 73 60 22 99 15 40 76 71 70 66 4 10 97 6 34 71 16 44 100 23 44 49 28 41 45 12 75 32 89 54 14 27 22 70 7 44 14 14 1 21 75 96 48 94 47 30 47 86 63 
48 69 41 57 95 2 6 74 80 76 87 79 58 85 66 52 65 19 44 43 33 86 48 66 12 17 100 36 29 73 59 24 67 72 55 95 68 29 46 72 22 60 33 15 33 31 20 11 42 40 69 16 45 22 79 28 64 80 54 74 97 26 62 22 
12 31 2 94 56 96 87 97 46 72 68 80 68 52 66 4 87 88 42 41 20 98 22 31 20 42 54 21 6 72 73 77 34 84 15 40 67 24 47 73 90 58 31 80 48 74 18 81 11 32 99 99 70 22 39 38 47 25 16 8 2 91 39 69 
1 10 27 87 33 47 58 79 12 35 1 76 83 76 82 21 34 9 20 92 21 29 39 13 38 22 52 10 70 2 49 21 19 79 98 47 36 11 32 10 3 44 93 25 26 75 17 48 83 85 79 53 73 74 91 57 15 46 16 74 55 86 89 66 
12 26 35 12 61 84 8 76 21 47 33 87 77 55 56 28 24 67 56 18 36 14 76 50 57 76 48 72 76 22 92 43 36 44 59 58 57 29 76 33 68 63 95 93 65 16 67 50 20 17 4 7 96 9 63 10 57 22 44 19 92 45 37 99 
4 44 85 89 35 16 88 18 20 75 54 31 72 100 68 39 19 37 85 88 51 40 81 63 70 85 51 47 19 89 75 16 15 54 55 77 16 57 6 7 60 49 60 17 39 18 65 29 65 82 1 37 94 29 37 75 5 78 29 93 14 95 25 20 
73 4 10 87 60 71 56 93 49 28 12 50 32 94 10 85 96 36 10 66 78 30 86 92 10 58 64 86 20 90 85 45 73 18 5 4 8 52 67 30 45 88 63 6 3 81 17 77 49 41 9 90 3 15 3 63 81 88 51 34 54 88 13 70 
16 92 35 70 22 61 97 52 65 10 51 15 63 31 60 74 47 67 97 45 71 4 4 35 52 29 82 23 24 64 23 95 35 82 94 17 55 73 43 48 10 15 79 53 88 90 85 28 98 65 77 41 97 55 20 20 54 4 93 87 92 64 18 94 
81 54 50 67 58 6 16 39 12 67 50 45 85 12 41 40 18 55 81 40 48 43 83 59 37 6 55 10 69 32 60 28 85 30 80 68 14 35 46 56 34 68 27 57 78 54 93 1 16 1 32 92 37 5 22 96 7 13 54 23 47 46 40 47 
16 45 83 49 32 76 19 91 56 26 53 8 54 52 68 5 25 99 94 94 99 23 77 18 94 92 3 54 66 2 97 54 44 89 60 78 71 11 70 51 26 44 5 94 63 73 7 73 57 69 16 16 19 2 40 97 36 76 25 80 50 78 92 3 
66 11 23 23 23 71 74 98 31 50 49 70 24 24 97 60 12 15 55 71 14 92 27 13 3 93 91 42 64 4 99 93 75 18 71 65 95 86 15 54 60 37 91 36 75 72 21 82 66 89 11 82 38 65 28 28 8 90 41 98 40 51 7 31 
71 46 59 100 27 47 58 1 25 35 11 68 17 79 4 36 34 35 55 39 7 22 72 87 74 9 13 16 44 67 92 80 65 90 51 38 11 91 86 36 37 56 97 88 92 87 3 33 84 88 88 41 78 23 78 31 5 57 97 81 53 11 80 31 
84 29 92 11 10 84 64 16 59 69 90 77 78 65 82 67 48 17 64 87 86 26 97 22 14 31 3 8 8 48 62 10 46 74 45 30 6 55 80 90 86 78 45 20 69 4 6 39 10 7 41 21 61 34 49 98 41 6 63 39 23 100 75 46 
59 67 74 52 23 68 33 65 88 38 6 13 57 61 84 93 2 13 78 92 16 14 88 99 99 88 29 84 14 32 47 23 2 49 31 4 49 40 54 79 98 22 26 61 19 8 54 69 82 92 67 81 25 26 69 12 4 98 21 9 92 9 82 52 
81 88 8 34 99 59 22 53 1 17 55 56 43 26 40 15 30 39 98 50 69 58 60 36 2 51 93 66 24 7 11 39 49 80 80 62 55 90 51 25 42 87 21 96 94 59 63 6 93 7 63 17 25 72 25 56 79 22 79 61 31 29 5 84 
91 84 79 38 65 6 1 33 74 100 38 19 37 85 75 97 63 87 32 62 14 87 41 59 37 78 70 23 69 38 2 78 77 71 3 73 9 90 9 84 39 81 97 62 91 88 11 64 44 38 8 85 17 77 44 84 32 39 98 7 18 76 9 40 
54 7 97 31 53 48 97 54 63 19 49 23 33 37 24 95 69 14 61 28 87 1 18 25 39 14 52 5 1 24 40 59 11 56 90 14 74 22 80 29 57 56 50 99 35 77 11 62 38 61 46 82 95 61 55 5 85 44 22 53 25 67 29 89 
43 47 6 69 13 49 96 26 39 49 16 94 96 51 56 79 92 61 22 90 64 1 63 58 35 86 25 77 48 50 3 96 61 20 23 64 7 45 25 53 45 69 92 6 9 95 89 91 34 60 39 64 99 1 52 48 37 85 51 12 68 79 14 73 
6 7 9 32 65 3 72 45 69 23 29 31 90 27 23 37 29 69 61 80 44 87 13 52 86 13 84 39 84 37 69 80 38 89 31 14 46 48 15 58 52 48 100 32 77 57 21 23 74 66 82 81 13 83 30 7 76 90 44 26 94 3 15 48 
8 81 83 47 98 87 62 69 14 76 88 17 79 60 78 82 86 92 79 73 62 31 37 79 14 16 28 52 59 10 82 93 37 40 19 89 73 86 4 34 34 93 92 7 45 1 57 90 19 29 77 8 21 99 21 48 88 44 71 64 88 56 7 53 
46 26 92 2 58 13 71 92 96 20 28 37 52 65 47 64 57 30 14 80 94 86 21 89 73 72 42 23 26 96 9 42 54 95 10 52 37 87 82 57 23 24 24 40 54 40 19 67 19 16 64 32 69 53 42 4 73 67 90 58 16 15 12 2 
98 43 72 15 10 31 6 13 17 75 29 97 61 14 62 92 55 11 95 2 67 76 52 89 1 32 69 42 19 16 58 21 66 20 36 94 76 31 16 74 38 69 26 100 90 86 18 2 35 71 34 35 46 92 21 65 73 86 52 22 67 77 62 81 
94 22 43 35 84 72 88 39 18 52 28 62 71 63 40 67 90 29 86 12 6 70 34 7 27 29 69 54 50 67 88 84 38 88 85 54 85 1 100 95 99 66 38 84 67 37 66 55 90 51 22 4 47 92 55 11 58 40 69 28 78 100 39 63 
71 55 63 71 62 87 34 13 19 28 39 35 52 11 42 34 23 45 18 95 23 39 36 5 42 4 28 74 70 69 71 86 54 5 90 15 13 41 14 87 83 36 11 42 76 15 59 60 12 38 85 25 56 48 5 11 77 99 81 95 31 53 27 97 
16 82 14 74 20 98 5 20 30 29 72 76 1 1 61 15 30 91 60 28 76 10 19 55 43 86 1 4 31 42 83 1 88 27 89 24 11 72 47 94 46 20 11 16 35 43 26 36 11 70 82 10 22 93 42 4 40 42 38 26 84 25 72 3 
92 6 94 23 61 17 7 94 15 67 82 5 9 37 70 60 51 44 49 2 49 55 79 81 39 78 3 83 48 44 96 36 50 74 22 70 31 75 47 44 17 83 42 36 76 37 25 7 7 89 96 75 91 82 99 87 83 20 13 88 21 88 22 98 
23 44 54 38 3 93 60 24 46 45 11 98 42 95 86 61 69 56 33 24 57 100 42 70 90 83 99 88 26 9 24 91 57 67 20 90 81 66 48 15 69 62 78 39 69 27 12 39 78 26 30 72 74 66 25 20 77 23 54 40 83 27 84 43 
74 29 38 11 31 31 82 11 4 17 41 88 2 62 82 50 50 34 21 87 74 22 56 97 87 21 54 53 4 21 7 95 26 16 63 81 86 42 76 81 8 70 15 42 19 28 64 20 100 40 96 64 99 11 56 39 18 40 46 33 21 55 83 70 
12 32 54 81 82 27 87 28 25 57 64 61 62 44 93 40 58 60 14 68 60 93 35 2 43 50 25 52 45 40 2 9 99 56 58 6 18 89 99 99 11 27 2 36 31 97 52 45 42 17 86 56 72 66 30 2 3 23 7 84 77 52 99 2 
68 51 90 94 85 23 19 10 24 22 85 90 43 4 34 6 32 24 82 97 72 24 82 25 31 58 52 91 21 73 24 56 3 5 76 28 62 5 25 72 86 77 48 43 41 41 25 21 12 65 44 78 9 81 92 66 16 63 56 59 44 28 7 19 
29 63 92 48 93 89 2 36 72 58 66 86 62 72 46 61 71 48 93 6 19 26 70 12 100 57 31 18 89 43 51 22 99 53 56 43 45 40 67 12 6 46 36 43 25 71 94 56 32 54 88 2 99 37 6 41 76 76 65 43 22 26 36 32 
15 14 32 99 96 77 71 45 39 51 63 94 81 44 8 47 79 57 79 60 49 75 79 34 24 81 68 23 81 79 79 25 42 68 50 43 38 34 18 31 73 43 85 58 63 35 99 59 71 55 100 36 48 13 87 36 67 59 34 80 54 51 77 88 
61 89 64 48 46 56 92 76 12 86 35 57 8 58 60 91 57 89 52 23 33 44 21 11 7 24 31 95 76 77 99 13 2 19 50 29 67 67 14 63 93 22 70 81 41 42 41 22 29 31 87 3 73 83 15 77 44 13 85 12 8 79 30 69 
5 95 24 38 81 6 60 86 10 21 63 73 62 55 47 73 26 67 3 91 75 57 46 57 81 92 28 24 46 16 79 14 10 28 91 43 31 25 17 58 89 93 16 34 8 10 35 88 47 47 82 48 32 44 61 58 87 83 57 43 47 5 50 41 
63 86 12 34 46 72 58 55 43 27 22 18 40 13 18 64 13 75 3 46 58 99 77 29 31 22 95 56 11 86 66 63 61 95 94 19 5 47 39 65 83 72 76 56 37 68 74 85 13 62 1 61 78 63 33 46 10 9 53 50 3 47 81 15 
65 77 81 24 4 33 71 59 50 20 21 22 12 5 37 26 27 12 64 14 64 33 98 70 80 82 52 70 45 70 10 62 98 46 48 54 47 84 99 100 19 41 73 14 9 94 31 22 7 11 20 52 29 91 35 92 57 10 62 73 78 89 67 64 
22 53 33 27 4 87 45 96 74 39 65 85 69 67 100 64 20 11 82 3 51 9 68 82 73 30 26 34 36 64 81 97 45 98 47 28 28 13 31 37 98 28 34 53 1 44 38 95 100 71 22 46 61 56 43 74 75 68 5 14 52 5 47 87 
82 56 8 38 21 64 53 21 37 96 10 23 9 67 87 5 24 24 82 70 93 33 57 12 30 37 35 28 14 9 83 44 10 73 14 56 30 2 9 62 22 86 89 91 6 59 82 44 36 61 28 81 64 78 12 77 18 38 36 21 65 100 20 64 
45 69 13 42 41 69 12 59 83 94 93 81 45 51 85 56 57 23 63 5 44 74 13 94 22 2 51 19 15 72 80 21 43 78 25 43 52 49 64 94 48 24 16 50 26 86 76 38 44 92 61 28 75 34 51 83 22 75 42 48 12 87 1 12 
11 14 82 81 20 55 49 94 10 27 21 59 51 99 79 46 63 64 88 2 44 21 10 8 70 27 96 69 32 99 3 64 14 47 52 26 5 52 54 97 48 98 69 61 11 44 16 79 100 86 67 21 7 46 75 97 30 83 76 13 84 93 25 89 
35 61 62 99 87 100 86 70 92 20 67 21 8 33 60 49 92 73 62 9 92 64 54 82 51 46 59 10 65 68 25 28 58 33 16 31 34 2 52 29 51 34 30 34 28 21 24 41 4 64 7 20 91 34 4 35 77 34 37 86 31 41 16 53 
14 73 17 82 41 82 18 98 29 6 58 75 64 52 84 47 4 65 96 90 24 15 76 33 87 85 60 24 24 42 96 97 29 35 28 14 1 75 90 8 9 25 38 61 97 19 15 54 99 69 83 95 60 26 41 33 50 73 12 35 10 49 50 52 
61 90 33 56 77 19 19 52 92 61 23 77 6 14 27 85 35 79 28 22 64 42 27 33 68 13 100 85 27 44 71 21 15 8 78 59 44 22 55 72 15 13 82 34 49 42 70 93 91 55 35 18 61 86 38 53 79 85 32 14 43 67 7 95 
7 62 46 70 74 70 51 94 7 6 71 17 39 86 78 31 41 20 29 86 89 25 12 51 64 62 95 95 61 43 14 37 21 19 45 52 69 46 11 64 24 47 26 77 78 67 87 58 64 9 38 99 2 58 67 70 78 49 34 40 13 63 17 61 
33 40 24 83 83 89 75 76 40 23 33 17 28 84 61 60 97 84 84 77 20 49 51 14 38 23 27 49 19 32 86 50 82 2 26 5 80 90 82 24 88 52 89 20 71 45 98 45 64 87 86 58 61 29 2 34 32 38 42 36 60 44 17 29 
46 94 20 44 3 54 26 71 18 33 54 29 15 100 40 31 25 46 64 11 38 29 5 54 33 26 74 86 50 73 78 20 67 45 98 37 56 40 79 88 88 64 1 14 66 3 52 11 80 70 6 24 56 4 97 58 45 37 89 30 63 43 46 17 
21 82 82 86 99 28 39 93 79 32 60 92 49 76 7 49 9 49 83 30 89 13 64 72 65 98 5 27 23 68 41 11 24 38 8 64 47 78 25 67 85 46 95 12 74 14 81 32 28 12 45 9 100 82 85 49 45 94 62 80 84 59 93 73 
9 51 72 34 57 82 70 10 35 100 63 73 4 91 93 74 92 74 64 61 60 14 78 85 92 74 37 55 2 10 51 37 23 40 33 57 36 44 53 15 70 97 71 41 57 32 57 72 27 14 38 66 51 67 97 66 85 71 88 19 26 11 99 92 
62 84 55 8 34 66 18 71 24 97 68 19 45 59 1 66 28 46 1 95 99 33 95 19 43 62 59 9 69 19 99 59 100 47 28 96 61 57 89 35 76 94 88 65 98 12 22 86 30 62 98 37 60 67 92 2 48 1 44 83 39 56 88 44 
91 42 23 92 70 81 32 78 60 65 33 42 52 80 36 21 8 76 49 92 73 43 36 21 60 54 53 58 3 53 54 33 53 37 75 72 9 57 24 33 18 67 80 55 89 54 87 3 88 14 67 76 6 20 86 41 99 16 94 19 78 100 34 18 
53 30 39 37 41 55 10 38 74 83 33 14 68 8 1 50 89 82 39 60 69 61 54 83 61 64 94 81 68 32 30 92 78 59 24 14 42 6 88 17 51 59 68 96 64 86 43 19 85 78 74 27 15 49 45 78 15 23 29 98 100 61 32 12 
82 62 86 51 66 15 86 90 17 9 27 76 23 94 54 75 27 24 18 39 64 53 46 81 3 94 94 28 96 3 48 35 71 1 2 57 85 60 92 29 85 75 2 14 30 59 89 22 33 2 30 39 81 27 55 44 11 85 70 87 91 55 16 12 
11 8 94 54 62 31 100 32 97 99 81 87 69 50 31 69 47 29 63 19 37 89 24 63 82 96 99 67 40 62 67 55 75 21 35 38 79 1 71 16 98 62 40 28 68 23 1 58 7 36 61 94 34 11 1 27 17 42 37 65 80 51 18 84 
95 20 46 25 53 3 44 47 19 20 84 74 22 22 88 75 89 97 100 88 48 55 98 9 46 95 87 80 80 27 94 88 75 83 30 40 91 25 73 5 12 2 35 92 76 11 42 66 41 90 31 68 96 59 73 7 67 11 8 67 66 56 21 55 
51 67 98 49 52 74 12 86 47 61 85 79 2 90 71 91 22 21 61 67 1 60 75 86 79 79 12 89 17 28 21 10 26 62 14 96 43 68 78 56 51 44 29 62 32 92 98 91 28 43 3 43 67 82 1 75 94 87 64 67 78 80 59 75 
186 34 81 169 67 66 137 96 88 108 174 72 40 126 53 42 90 112 72 102 189 67 100 136 158 65 116 85 70 98 175 33 33 92 13 103 115 138 99 168 58 115 135 92 169 100 122 120 88 121 172 23 168 99 140 94 19 142 170 21 165 108 65 63 
34 104 115 113 100 86 73 152 100 135 70 97 115 141 130 93 27 133 19 90 106 183 95 80 104 126 104 98 87 165 126 27 139 77 96 65 68 91 61 130 107 60 84 135 160 88 99 107 119 135 175 98 69 133 95 149 149 42 82 200 113 60 81 127 
81 115 160 125 106 89 118 37 88 93 160 153 66 57 173 108 93 167 51 28 59 113 59 170 38 133 100 26 115 148 92 82 64 93 97 173 117 53 93 132 34 59 86 146 69 126 133 51 83 43 38 32 74 115 128 41 101 103 29 19 89 46 159 106 
169 113 125 180 138 112 123 14 55 173 156 128 167 105 113 50 141 128 103 100 110 65 56 124 112 66 156 138 72 39 90 26 129 55 75 123 32 87 47 61 139 147 147 119 172 88 102 71 101 68 124 114 81 53 37 49 122 157 131 17 54 40 75 74 
67 100 106 138 84 79 86 200 59 163 134 120 101 162 116 104 101 144 133 100 112 98 148 82 107 163 93 105 75 101 147 179 82 70 96 81 96 123 165 132 119 75 25 162 74 68 105 83 88 104 154 110 109 68 102 67 95 34 38 66 107 78 52 160 
66 86 89 112 79 32 90 47 164 149 163 77 173 126 30 67 77 144 106 30 81 108 112 79 58 135 143 120 84 104 138 163 123 40 118 142 108 119 106 109 119 142 184 163 101 184 98 78 91 60 151 130 96 64 86 98 179 152 116 176 148 110 110 74 
137 73 118 123 86 90 82 176 177 170 83 172 123 75 141 41 139 128 83 122 49 145 23 79 151 128 77 128 63 19 126 125 125 21 151 104 141 72 124 129 101 122 66 66 142 81 62 36 24 85 63 84 81 145 166 160 110 67 98 127 94 53 142 33 
96 152 37 14 200 47 176 186 94 79 155 104 115 38 143 100 114 50 128 136 158 85 148 149 105 106 115 93 136 97 160 82 144 113 147 131 85 149 103 64 130 177 110 111 150 91 136 88 135 105 118 70 63 64 56 148 82 163 66 92 66 38 79 60 
88 100 88 55 59 164 177 94 108 139 90 127 26 140 119 84 40 72 156 103 138 86 38 196 117 78 63 167 107 119 173 56 29 148 140 98 152 22 123 104 146 141 163 76 32 107 90 104 92 130 84 179 125 135 93 103 98 167 41 67 87 103 80 96 
108 135 93 173 163 149 170 79 139 178 149 151 41 107 27 150 120 72 7 124 81 99 142 62 101 113 87 48 68 162 189 111 121 25 122 126 131 143 87 38 130 88 61 54 66 28 122 146 130 100 79 96 96 25 184 72 72 18 65 51 85 99 84 96 
174 70 160 156 134 163 83 155 90 149 154 74 150 117 146 136 114 110 66 68 50 139 92 129 96 121 141 145 116 197 132 122 193 138 121 125 96 117 53 32 145 106 94 79 76 60 141 135 41 142 16 146 97 89 142 101 101 109 101 139 105 166 108 74 
72 97 153 128 120 77 172 104 127 151 74 150 146 90 90 165 123 107 82 106 175 37 62 126 134 126 114 66 103 108 160 62 120 98 151 27 88 73 127 8 86 42 66 147 50 110 137 70 136 181 108 88 152 144 108 144 102 175 101 93 83 77 121 176 
40 115 66 167 101 173 123 115 26 41 150 146 170 94 174 106 82 159 154 81 55 135 23 140 188 41 145 124 119 53 78 95 109 80 75 63 115 147 124 130 133 127 89 106 39 101 159 158 134 118 131 104 94 64 65 170 55 69 122 65 45 102 83 62 
126 141 57 105 162 126 75 38 140 107 117 90 94 186 141 43 66 61 80 106 122 112 88 126 90 89 8 116 121 117 103 48 105 54 87 161 145 88 178 121 103 85 40 128 165 65 51 67 176 58 62 151 192 73 162 191 129 48 27 99 50 41 59 103 
53 130 173 113 116 30 141 143 119 27 146 90 174 141 184 170 70 119 93 57 100 90 138 78 164 185 49 49 78 138 156 82 159 154 142 86 71 81 76 76 47 37 123 37 108 125 140 89 78 144 105 86 67 82 16 128 63 187 187 147 20 101 126 80 
42 93 108 50 104 67 41 100 84 150 136 165 106 43 170 190 89 117 143 94 48 44 144 28 127 45 138 75 116 132 163 80 103 175 105 64 147 135 125 38 146 144 135 140 93 133 86 150 174 92 90 23 104 35 99 106 97 49 89 104 116 106 109 114 
90 27 93 141 101 77 139 114 40 120 114 123 82 66 70 89 64 54 81 92 53 98 144 166 91 182 95 91 80 98 38 107 110 69 81 131 105 25 128 44 124 185 110 120 90 139 69 165 97 101 99 137 78 125 96 65 61 87 106 85 62 105 49 89 
112 133 167 128 144 144 128 50 72 72 110 107 159 61 119 117 54 2 111 67 82 183 66 21 125 124 143 102 56 104 87 108 71 180 126 60 60 132 136 89 132 112 129 158 178 124 90 29 46 123 96 106 62 151 50 157 62 28 134 105 25 152 142 124 
72 19 51 103 133 106 83 128 156 7 66 82 154 80 93 143 81 111 30 150 121 182 86 33 88 114 147 78 71 96 143 113 93 78 117 33 102 82 100 42 30 162 178 9 71 79 40 74 98 155 103 149 182 46 118 10 124 103 154 178 143 81 16 118 
102 90 28 100 100 30 122 136 103 124 68 106 81 106 57 94 92 67 150 72 113 166 31 94 100 142 172 72 120 92 101 127 89 94 43 85 119 124 93 75 88 138 65 100 88 58 70 88 93 104 136 93 70 130 74 117 70 79 120 94 107 146 157 81 
189 106 59 110 112 81 49 158 138 81 50 175 55 122 100 48 53 82 121 113 2 78 164 128 79 110 111 156 109 146 115 104 63 115 164 32 57 140 183 124 75 187 86 121 146 126 123 142 58 166 111 127 143 18 144 163 75 29 154 93 159 59 37 112 
67 183 113 65 98 108 145 85 86 99 139 37 135 112 90 44 98 183 182 166 78 20 9 107 154 61 68 58 117 115 172 129 52 138 79 114 99 182 90 99 147 146 56 27 71 98 112 116 127 51 92 98 143 129 85 100 67 78 81 112 110 90 94 75 
100 95 59 56 148 112 23 148 38 142 92 62 23 88 138 144 144 66 86 31 164 9 126 52 166 70 39 152 109 103 79 117 124 143 167 147 62 77 41 154 151 64 116 153 134 93 110 137 97 177 121 59 192 167 133 176 138 132 154 81 134 147 128 147 
136 80 170 124 82 79 79 149 196 62 129 126 140 126 78 28 166 21 33 94 128 107 52 150 34 71 120 127 33 106 77 75 100 99 159 125 62 170 101 107 39 52 169 29 90 97 26 55 109 128 102 97 96 120 40 80 142 84 100 150 156 53 136 151 
158 104 38 112 107 58 151 105 117 101 96 134 188 90 164 127 91 125 88 100 79 154 166 34 54 138 81 110 137 98 115 82 54 18 63 53 120 34 124 146 141 126 117 174 123 162 80 152 94 52 114 99 68 105 144 116 97 68 82 81 150 50 73 95 
65 126 133 66 163 135 128 106 78 113 121 126 41 89 185 45 182 124 114 142 110 61 70 71 138 24 135 93 132 102 72 167 41 23 50 73 102 155 90 141 79 122 80 111 60 5 80 46 66 132 46 100 100 142 93 145 77 84 135 127 134 164 105 20 
116 104 100 156 93 143 77 115 63 87 141 114 145 8 49 138 95 143 147 172 111 68 39 120 81 135 108 99 66 126 108 94 53 100 129 98 153 114 156 107 77 104 90 147 152 141 181 84 71 141 155 178 91 100 74 61 78 84 68 123 133 26 124 36 
85 98 26 138 105 120 128 93 167 48 145 66 124 116 49 75 91 102 78 72 156 58 152 127 110 93 99 136 194 162 127 100 113 86 114 100 170 180 160 147 101 68 122 54 142 128 68 116 164 80 128 38 131 110 91 102 143 133 88 116 69 136 75 142 
70 87 115 72 75 84 63 136 107 68 116 103 119 121 78 116 80 56 71 120 109 117 109 33 137 132 66 194 94 48 180 82 85 102 97 61 121 152 121 96 136 91 80 35 168 99 104 37 15 57 113 86 91 169 59 49 152 139 188 26 98 104 63 144 
98 165 148 39 101 104 19 97 119 162 197 108 53 117 138 132 98 104 96 92 146 115 103 106 98 102 126 162 48 24 67 93 141 37 68 132 116 107 91 100 91 102 75 168 147 82 25 144 39 80 83 112 36 73 84 146 153 175 79 62 141 44 112 170 
175 126 92 90 147 138 126 160 173 189 132 160 78 103 156 163 38 87 143 101 115 172 79 77 115 72 108 127 180 67 178 109 74 165 32 70 33 125 97 21 113 39 135 100 161 107 81 189 48 104 122 168 41 112 67 102 123 155 83 134 104 122 105 161 
33 27 82 26 179 163 125 82 56 111 122 62 95 48 82 80 107 108 113 127 104 129 117 75 82 167 94 100 82 93 109 126 130 68 102 88 73 103 65 97 168 119 126 149 94 125 56 108 123 116 160 122 132 139 100 122 144 164 10 108 185 58 162 88 
33 139 64 129 82 123 125 144 29 121 193 120 109 105 159 103 110 71 93 89 63 52 124 100 54 41 53 113 85 141 74 130 78 130 117 106 53 161 46 87 116 147 33 159 105 79 116 146 21 103 142 130 181 116 118 93 107 33 175 143 165 80 156 99 
92 77 93 55 70 40 21 113 148 25 138 98 80 54 154 175 69 180 78 94 115 138 143 99 18 23 100 86 102 37 165 68 130 192 42 46 92 37 88 180 105 120 138 144 13 135 79 166 116 38 166 182 147 123 30 69 116 82 64 113 135 133 148 71 
13 96 97 75 96 118 151 147 140 122 121 151 75 87 142 105 81 126 117 43 164 79 167 159 63 50 129 114 97 68 32 102 117 42 120 89 73 59 49 117 143 65 72 115 65 163 127 147 121 156 31 107 86 95 80 89 102 66 34 126 192 119 141 127 
103 65 173 123 81 142 104 131 98 126 125 27 63 161 86 64 131 60 33 85 32 114 147 125 53 73 98 100 61 132 70 88 106 46 89 22 32 147 133 84 53 118 160 42 111 149 153 91 116 100 142 76 40 145 89 155 82 142 24 105 158 129 84 116 
115 68 117 32 96 108 141 85 152 131 96 88 115 145 71 147 105 60 102 119 57 99 62 62 120 102 153 170 121 116 33 73 53 92 73 32 174 141 103 115 111 111 87 67 85 101 161 111 93 96 165 87 170 102 31 86 90 32 71 90 152 142 95 169 
138 91 53 87 123 119 72 149 22 143 117 73 147 88 81 135 25 132 82 124 140 182 77 170 34 155 114 180 152 107 125 103 161 37 59 147 141 74 179 72 84 129 62 65 84 89 52 128 137 83 166 113 104 70 99 110 119 150 66 149 154 51 192 103 
99 61 93 47 165 106 124 103 123 87 53 127 124 178 76 125 128 136 100 93 183 90 41 101 124 90 156 160 121 91 97 65 46 88 49 133 103 179 186 59 103 90 67 38 29 151 90 128 57 99 71 97 117 133 160 109 130 108 91 68 111 79 42 178 
168 130 132 61 132 109 129 64 104 38 32 8 130 121 76 38 44 89 42 75 124 99 154 107 146 141 107 147 96 100 21 97 87 180 117 84 115 72 59 186 110 10 26 46 96 39 110 58 117 27 154 125 90 110 146 124 41 122 101 128 112 89 55 153 
58 107 34 139 119 119 101 130 146 130 145 86 133 103 47 146 124 132 30 88 75 147 151 39 141 79 77 101 136 91 113 168 116 105 143 53 111 84 103 110 78 68 103 119 99 53 129 181 119 161 67 81 87 171 124 106 106 101 85 177 101 155 101 105 
115 60 59 147 75 142 122 177 141 88 106 42 127 85 37 144 185 112 162 138 187 146 64 52 126 122 104 68 91 102 39 119 147 120 65 118 111 129 90 10 68 12 115 81 61 65 129 108 82 137 107 107 163 82 57 141 84 73 101 65 169 71 42 99 
135 84 86 147 25 184 66 110 163 61 94 66 89 40 123 135 110 129 178 65 86 56 116 169 117 80 90 122 80 75 135 126 33 138 72 160 87 62 67 26 103 115 122 95 134 147 108 116 45 93 89 118 117 164 143 174 94 115 21 36 25 137 89 92 
92 135 146 119 162 163 66 111 76 54 79 147 106 128 37 140 120 158 9 100 121 27 153 29 174 111 147 54 35 168 100 149 159 144 115 42 67 65 38 46 119 81 95 40 151 141 130 165 106 139 182 116 170 120 108 84 7 107 48 104 126 74 34 98 
169 160 69 172 74 101 142 150 32 66 76 50 39 165 108 93 90 178 71 88 146 71 134 90 123 60 152 142 168 147 161 94 105 13 65 111 85 84 29 96 99 61 134 151 186 181 13 125 61 142 73 120 147 146 38 98 118 162 103 70 125 144 84 92 
100 88 126 88 68 184 81 91 107 28 60 110 101 65 125 133 139 124 79 58 126 98 93 97 162 5 141 128 99 82 107 125 79 135 163 149 101 89 151 39 53 65 147 141 181 196 101 128 66 59 171 100 171 137 58 150 67 60 10 73 97 43 123 99 
122 99 133 102 105 98 62 136 90 122 141 137 159 51 140 86 69 90 40 70 123 112 110 26 80 80 181 68 104 25 81 56 116 79 127 153 161 52 90 110 129 129 108 130 13 101 150 77 86 171 181 53 77 152 89 151 165 149 107 31 136 146 75 50 
120 107 51 71 83 78 36 88 104 146 135 70 158 67 89 150 165 29 74 88 142 116 137 55 152 46 84 116 37 144 189 108 146 166 147 91 111 128 128 58 181 108 116 165 125 128 77 56 51 120 141 99 70 173 94 65 95 101 88 146 180 99 135 170 
88 119 83 101 88 91 24 135 92 130 41 136 134 176 78 174 97 46 98 93 58 127 97 109 94 66 71 164 15 39 48 123 21 116 121 116 93 137 57 117 119 82 45 106 61 66 86 51 94 121 16 123 130 107 89 124 90 103 152 129 101 94 96 75 
121 135 43 68 104 60 85 105 130 100 142 181 118 58 144 92 101 123 155 104 166 51 177 128 52 132 141 80 57 80 104 116 103 38 156 100 96 83 99 27 161 137 93 139 142 59 171 120 121 16 55 97 106 172 86 53 94 136 136 62 55 126 55 80 
172 175 38 124 154 151 63 118 84 79 16 108 131 62 105 90 99 96 103 136 111 92 121 102 114 46 155 128 113 83 122 160 142 166 31 142 165 166 71 154 67 107 89 182 73 171 181 141 16 55 26 113 120 117 88 166 114 24 118 158 138 122 68 92 
23 98 32 114 110 130 84 70 179 96 146 88 104 151 86 23 137 106 149 93 127 98 59 97 99 100 178 38 86 112 168 122 130 182 107 76 87 113 97 125 81 107 118 116 120 100 53 99 123 97 113 106 96 129 82 35 145 80 64 128 107 14 98 31 
168 69 74 81 109 96 81 63 125 96 97 152 94 192 67 104 78 62 182 70 143 143 192 96 68 100 91 131 91 36 41 132 181 147 86 40 170 104 117 90 87 163 117 170 147 171 77 70 130 106 120 96 92 50 91 77 121 93 138 192 44 177 173 142 
99 133 115 53 68 64 145 64 135 25 89 144 64 73 82 35 125 151 46 130 18 129 167 120 105 142 100 110 169 73 112 139 116 123 95 145 102 70 133 110 171 82 164 120 146 137 152 173 107 172 117 129 50 18 158 79 133 104 80 117 117 119 163 37 
140 95 128 37 102 86 166 56 93 184 142 108 65 162 16 99 96 50 118 74 144 85 133 40 144 93 74 91 59 84 67 100 118 30 80 89 31 99 160 146 124 57 143 108 38 58 89 94 89 86 88 82 91 158 14 146 111 101 99 109 87 80 144 26 
94 149 41 49 67 98 160 148 103 72 101 144 170 191 128 106 65 157 10 117 163 100 176 80 116 145 61 102 49 146 102 122 93 69 89 155 86 110 109 124 106 141 174 84 98 150 151 65 124 53 166 35 77 79 146 120 67 87 72 71 87 85 148 73 
19 149 101 122 95 179 110 82 98 72 101 102 55 129 63 97 61 62 124 70 75 67 138 142 97 77 78 143 152 153 123 144 107 116 102 82 90 119 130 41 106 84 94 7 118 67 165 95 90 94 114 145 121 133 111 67 194 159 10 82 96 78 111 110 
142 42 103 157 34 152 67 163 167 18 109 175 69 48 187 49 87 28 103 79 29 78 132 84 68 84 84 133 139 175 155 164 33 82 66 142 32 150 108 122 101 73 115 107 162 60 149 101 103 136 24 80 93 104 101 87 159 186 94 168 166 43 146 116 
170 82 29 131 38 116 98 66 41 65 101 101 122 27 187 89 106 134 154 120 154 81 154 100 82 135 68 88 188 79 83 10 175 64 34 24 71 66 91 101 85 101 21 48 103 10 107 88 152 136 118 64 138 80 99 72 10 94 46 13 50 125 102 99 
21 200 19 17 66 176 127 92 67 51 139 93 65 99 147 104 85 105 178 94 93 112 81 150 81 127 123 116 26 62 134 108 143 113 126 105 90 149 68 128 177 65 36 104 70 73 31 146 129 62 158 128 192 117 109 71 82 168 13 50 95 85 124 94 
165 113 89 54 107 148 94 66 87 85 105 83 45 50 20 116 62 25 143 107 159 110 134 156 150 134 133 69 98 141 104 185 165 135 192 158 152 154 111 112 101 169 25 126 125 97 136 180 101 55 138 107 44 117 87 87 96 166 50 95 80 119 132 125 
108 60 46 40 78 110 53 38 103 99 166 77 102 41 101 106 105 152 81 146 59 90 147 53 50 164 26 136 104 44 122 58 80 133 119 129 142 51 79 89 155 71 137 74 144 43 146 99 94 126 122 14 177 119 80 85 78 43 125 85 119 16 50 46 
65 81 159 75 52 110 142 79 80 84 108 121 83 59 126 109 49 142 16 157 37 94 128 136 73 105 124 75 63 112 105 162 156 148 141 84 95 192 42 55 101 42 89 34 84 123 75 135 96 55 68 98 173 163 144 148 111 146 102 124 132 50 178 128 
63 127 106 74 160 74 33 60 96 96 74 176 62 103 80 114 89 124 118 81 112 75 147 151 95 20 36 142 144 170 161 88 99 71 127 116 169 103 178 153 105 99 92 98 92 99 50 170 75 80 92 31 142 37 26 73 110 116 99 94 125 46 128 164 