32
9 81 70 57 61 3 28 41 83 40 55 67 97 5 85 29 54 93 50 66 75 49 6 98 3 14 77 17 87 76 64 17 
24 56 82 33 6 76 21 27 96 5 51 58 34 93 72 53 65 42 56 41 93 98 12 28 81 97 48 89 3 21 15 60 
75 52 12 36 16 34 10 62 22 80 36 42 66 68 67 77 37 13 44 82 6 78 66 87 8 22 89 21 38 91 88 43 
24 14 39 74 71 34 31 81 1 41 68 85 79 59 38 7 11 90 54 79 45 57 89 94 75 74 27 90 35 18 95 58 
76 15 40 8 91 48 9 77 57 93 43 100 15 53 43 17 58 97 100 75 12 95 62 54 38 4 54 63 53 8 64 68 
11 87 70 29 68 6 83 9 24 95 87 24 17 82 7 16 69 43 95 19 89 95 16 38 34 45 3 35 47 30 17 25 
15 58 31 73 11 14 74 44 30 26 47 96 3 61 97 92 46 70 24 87 94 81 7 80 38 64 92 26 40 72 10 50 
26 41 35 67 96 2 17 82 19 21 71 89 54 86 74 67 66 23 46 33 12 37 46 15 33 73 74 98 40 86 35 69 
65 94 51 84 57 86 83 47 44 23 99 15 93 21 3 12 1 46 58 18 70 2 33 6 29 67 66 70 1 66 21 41 
39 98 89 20 68 27 92 45 96 11 18 77 70 85 89 28 57 52 59 52 4 20 96 39 1 65 75 24 21 65 54 60 
13 97 60 5 27 53 82 73 21 50 67 33 28 84 45 40 71 80 39 77 33 21 34 34 29 2 92 32 87 98 15 67 
27 13 51 86 10 41 82 83 24 99 85 38 92 77 43 69 27 1 91 75 1 1 96 98 2 8 57 80 35 28 55 52 
48 83 86 75 55 55 47 91 24 16 21 63 54 40 31 81 82 43 13 64 76 45 20 7 22 69 22 6 40 19 11 92 
20 6 66 14 11 55 90 32 98 64 32 31 3 1 58 46 70 97 35 80 68 91 17 82 90 32 63 92 98 36 70 98 
67 72 10 8 95 39 13 32 12 43 98 86 98 86 27 50 76 70 25 13 17 37 42 7 69 31 67 14 66 11 76 11 
55 49 20 99 25 31 97 76 12 64 32 80 93 36 66 4 17 31 85 7 28 33 74 59 6 100 6 46 71 89 47 46 
36 5 42 17 7 37 16 33 7 45 48 28 59 84 64 65 29 47 57 88 15 100 95 60 56 33 14 99 18 9 47 97 
72 5 51 90 40 72 92 13 32 57 10 17 98 3 58 35 22 57 98 60 72 53 58 81 30 95 41 20 50 11 45 33 
34 57 86 47 38 93 6 26 37 24 81 2 97 80 81 61 89 68 49 39 31 26 90 36 57 18 1 4 78 41 71 7 
29 89 84 64 32 29 61 15 84 88 74 66 94 59 11 14 19 83 90 49 18 45 77 55 41 53 45 48 94 72 34 51 
54 99 100 21 20 60 9 36 65 1 71 90 55 98 39 41 57 88 65 56 81 68 96 77 80 38 76 19 30 87 77 81 
18 83 7 67 88 29 16 10 60 67 91 19 98 67 86 31 18 82 95 87 59 80 95 85 16 17 17 71 68 12 34 77 
35 91 3 4 38 51 66 73 83 75 3 63 59 59 100 62 39 31 36 51 39 3 98 83 37 52 58 65 76 56 18 95 
68 57 42 50 71 28 41 21 83 57 15 30 23 13 27 20 38 2 87 43 51 78 99 61 20 53 78 43 36 82 33 34 
71 57 49 11 57 17 40 18 42 93 60 4 99 76 97 39 21 54 82 49 82 84 61 15 38 39 16 35 69 72 47 94 
57 3 36 28 90 93 40 60 8 45 64 34 36 35 56 87 63 55 39 65 4 62 50 54 77 38 77 85 98 88 50 15 
22 71 85 1 74 74 32 32 9 81 65 44 26 18 12 18 99 18 5 4 89 82 60 81 14 4 74 14 68 53 12 51 
87 50 56 58 31 73 20 95 73 46 22 95 22 62 28 36 34 69 24 19 16 58 38 66 57 21 88 81 2 89 25 42 
85 44 4 20 59 16 69 91 15 40 78 97 56 38 100 98 53 59 75 19 40 56 89 78 26 44 98 65 92 75 8 58 
49 38 4 96 98 84 61 93 98 11 5 73 55 50 89 94 85 8 17 64 71 21 46 14 88 41 57 45 17 77 75 15 
66 32 37 67 100 95 45 46 52 60 87 50 60 33 30 35 74 100 76 83 82 68 44 23 12 71 85 92 92 66 13 94 
73 52 72 96 80 93 18 63 36 55 72 67 72 50 76 10 31 38 10 38 92 32 9 73 99 34 51 24 10 52 57 72 
40 62 132 101 126 105 47 114 136 127 87 148 146 54 88 114 101 28 94 56 154 131 125 157 158 115 81 150 73 159 118 17 
62 142 105 64 101 111 172 179 74 92 155 150 76 45 148 112 76 149 95 123 156 174 37 54 134 186 46 118 53 143 114 43 
132 105 146 91 112 99 78 43 153 121 16 122 18 144 67 147 82 76 26 54 166 132 78 100 165 169 45 86 104 49 96 98 
101 64 91 32 37 43 56 37 59 178 139 97 94 110 33 120 118 94 122 134 15 168 139 44 113 81 115 32 87 99 36 104 
126 101 112 37 20 106 63 121 86 156 180 174 70 112 136 135 33 43 84 118 85 99 126 165 138 139 122 106 81 113 51 158 
105 111 99 43 106 112 48 148 129 91 96 97 97 93 115 51 168 49 118 141 143 40 93 91 120 99 39 85 164 48 80 150 
47 172 78 56 63 48 198 89 180 52 109 186 167 81 93 166 78 72 50 123 166 109 68 108 63 87 112 99 49 143 73 69 
114 179 43 37 121 148 89 38 90 27 87 44 39 82 128 41 87 185 88 152 30 120 128 107 112 90 112 64 42 151 94 43 
136 74 153 59 86 129 180 90 34 169 30 107 96 96 73 21 108 60 78 151 125 29 176 89 165 47 69 90 138 101 42 115 
127 92 121 178 156 91 52 27 169 78 81 118 71 167 118 30 17 70 66 37 43 114 100 184 163 138 106 140 87 167 61 119 
87 155 16 139 180 96 109 87 30 81 10 85 83 133 179 82 119 140 115 117 96 95 163 107 124 50 156 108 90 92 135 40 
148 150 122 97 174 97 186 44 107 118 85 70 95 128 74 129 77 77 124 102 75 109 50 65 64 96 81 40 152 73 126 98 
146 76 18 94 70 97 167 39 96 71 83 95 56 56 164 162 116 83 112 174 118 62 96 124 111 172 32 94 108 122 70 92 
54 45 144 110 112 93 81 82 96 167 133 128 56 132 118 84 111 84 137 70 72 59 58 70 140 157 145 97 63 65 111 55 
88 148 67 33 136 115 93 128 73 118 179 74 164 118 144 50 123 147 57 143 105 173 154 72 34 20 88 87 63 113 15 135 
114 112 147 120 135 51 166 41 21 30 82 129 162 84 50 116 97 102 104 55 99 53 132 175 126 74 160 45 68 24 53 127 
101 76 82 118 33 168 78 87 108 17 119 77 116 111 123 97 166 91 87 44 66 122 182 80 107 147 103 85 135 88 59 121 
28 149 76 94 43 49 72 185 60 70 140 77 83 84 147 102 91 126 140 163 81 63 114 8 138 135 36 115 89 127 70 133 
94 95 26 122 84 118 50 88 78 66 115 124 112 137 57 104 87 140 120 40 124 58 111 132 76 155 67 95 80 170 108 138 
56 123 54 134 118 141 123 152 151 37 117 102 174 70 143 55 44 163 40 162 136 111 90 73 90 103 86 101 105 114 25 57 
154 156 166 15 85 143 166 30 125 43 96 75 118 72 105 99 66 81 124 136 182 144 132 124 57 27 96 136 152 129 106 143 
131 174 132 168 99 40 109 120 29 114 95 109 62 59 173 53 122 63 58 111 144 68 122 75 150 99 82 125 36 30 63 173 
125 37 78 139 126 93 68 128 176 100 163 50 96 58 154 132 182 114 111 90 132 122 152 76 108 106 134 125 118 96 48 146 
157 54 100 44 165 91 108 107 89 184 107 65 124 70 72 175 80 8 132 73 124 75 76 116 118 110 90 117 107 106 59 28 
158 134 165 113 138 120 63 112 165 163 124 64 111 140 34 126 107 138 76 90 57 150 108 118 176 169 17 56 173 46 169 59 
115 186 169 81 139 99 87 90 47 138 50 96 172 157 20 74 147 135 155 103 27 99 106 110 169 46 172 161 172 119 30 137 
81 46 45 115 122 39 112 112 69 106 156 81 32 145 88 160 103 36 67 86 96 82 134 90 17 172 112 152 101 131 109 170 
150 118 86 32 106 85 99 64 90 140 108 40 94 97 87 45 85 115 95 101 136 125 125 117 56 161 152 102 152 64 28 98 
73 53 104 87 81 164 49 42 138 87 90 152 108 63 63 68 135 89 80 105 152 36 118 107 173 172 101 152 174 62 77 95 
159 143 49 99 113 48 143 151 101 167 92 73 122 65 113 24 88 127 170 114 129 30 96 106 46 119 131 64 62 186 125 100 
118 114 96 36 51 80 73 94 42 61 135 126 70 111 15 53 59 70 108 25 106 63 48 59 169 30 109 28 77 125 136 129 
17 43 98 104 158 150 69 43 115 119 40 98 92 55 135 127 121 133 138 57 143 173 146 28 59 137 170 98 95 100 129 52 