128
9 1 4 10 10 9 1 3 2 10 1 6 7 10 8 7 9 4 9 9 2 10 10 5 4 10 9 6 9 10 10 9 6 9 6 9 4 3 9 10 6 9 8 6 10 1 5 1 2 3 9 1 7 2 1 4 10 8 10 9 3 10 9 7 10 9 8 9 2 3 1 3 9 3 9 3 7 2 4 8 7 2 2 6 1 3 3 1 3 2 9 2 3 2 3 8 3 4 9 6 3 6 3 6 10 5 2 10 6 1 8 5 5 2 10 4 3 6 9 1 8 9 7 10 8 2 7 1 
4 3 2 6 7 9 10 9 6 9 5 9 6 10 1 1 4 6 5 5 4 1 9 2 6 5 3 10 6 8 1 4 6 8 1 1 6 8 6 9 2 9 6 1 1 7 8 6 3 3 5 4 4 6 10 3 8 3 4 9 1 10 7 10 3 6 6 4 8 5 3 10 6 5 3 6 3 10 7 1 2 6 1 10 9 6 6 6 6 6 10 8 4 6 4 6 4 2 1 10 8 10 1 10 6 7 10 6 1 4 3 9 2 6 5 2 1 9 9 9 1 4 7 3 3 6 4 10 
10 4 8 10 4 2 3 7 1 9 10 7 4 10 5 8 10 1 6 7 8 5 6 3 6 8 8 8 10 9 2 9 5 4 8 2 9 10 5 2 2 6 1 1 2 9 8 1 3 7 5 2 4 7 2 4 4 2 6 4 6 4 9 2 2 5 10 7 7 3 10 6 9 2 7 6 2 8 10 9 6 10 8 1 3 4 9 7 1 5 7 5 8 7 6 8 5 6 6 7 2 4 10 9 4 2 8 6 7 2 10 2 2 2 2 7 10 9 8 2 2 1 2 4 9 8 2 8 
5 7 2 10 6 3 2 2 5 10 2 9 10 1 2 5 3 9 8 7 2 7 3 9 4 1 8 4 2 6 6 5 7 7 9 9 9 6 5 6 10 9 1 4 8 1 10 2 9 7 5 1 2 5 7 8 9 2 4 5 9 10 2 8 8 10 10 7 3 10 5 3 9 3 2 2 10 3 10 5 8 8 4 5 9 2 1 2 3 1 1 8 1 7 9 8 4 5 8 5 10 6 8 3 4 9 9 4 6 8 9 3 8 10 4 2 10 8 10 9 5 5 7 5 4 6 2 4 
4 10 9 1 9 7 7 1 3 2 9 7 9 7 6 2 9 6 10 6 1 1 4 5 5 3 10 9 3 10 7 4 1 5 4 6 7 6 8 6 6 5 5 8 4 2 7 8 10 8 7 6 2 6 2 6 5 9 10 8 8 7 2 4 5 7 1 1 1 3 7 7 9 3 8 10 8 10 7 3 5 1 9 9 4 3 6 9 3 1 7 5 4 7 3 3 5 3 10 3 9 10 5 9 5 10 1 5 4 10 3 2 4 8 2 10 2 4 8 3 2 4 3 6 1 1 2 7 
4 9 2 3 8 9 2 3 9 1 2 6 4 5 5 9 9 8 6 1 7 1 5 3 8 8 4 2 6 6 2 2 2 8 1 4 1 2 4 8 7 7 4 2 3 6 10 8 5 3 1 1 9 4 5 2 10 4 6 8 6 4 1 8 10 4 9 7 6 6 6 5 9 2 5 10 9 8 7 6 8 9 3 10 5 4 7 9 8 8 6 9 2 1 10 3 3 6 9 7 6 6 3 9 7 1 4 3 10 7 3 4 1 7 10 1 7 8 1 8 3 1 9 1 10 7 8 1 
8 1 8 5 6 4 4 1 9 1 2 4 1 7 1 8 7 7 5 9 7 2 4 10 6 1 5 6 9 7 4 7 6 10 1 10 4 4 4 2 4 10 5 1 2 7 3 7 8 7 2 9 1 6 9 9 6 6 7 6 6 5 7 8 9 6 9 5 9 9 4 9 8 1 6 1 5 4 1 4 8 4 9 1 5 9 3 5 6 8 8 2 9 7 2 5 8 7 1 1 5 9 6 7 4 6 1 9 3 3 5 10 7 10 9 9 1 6 5 5 6 2 3 7 1 1 5 8 
7 4 1 8 7 8 8 8 10 10 1 3 1 2 1 2 6 3 9 7 7 9 9 7 8 8 5 10 7 7 4 1 3 1 6 7 7 8 2 1 10 3 2 3 10 10 4 7 5 6 8 4 3 5 2 10 8 8 5 5 2 8 1 1 4 6 3 3 7 5 5 3 8 1 8 3 10 2 4 9 5 10 9 9 5 3 9 1 3 8 9 9 8 10 10 10 10 2 2 9 3 3 4 3 3 10 9 1 2 9 5 1 2 8 7 6 3 2 1 7 6 4 8 6 10 9 10 10 
3 7 4 1 7 1 1 8 5 10 10 6 7 2 3 10 6 7 5 8 8 10 1 3 6 7 2 8 10 7 3 8 5 6 6 2 5 5 2 8 10 2 8 9 4 7 4 2 9 8 8 9 7 3 7 9 3 1 8 2 5 4 3 8 8 2 9 9 5 8 10 8 7 9 10 4 7 3 4 10 9 10 5 8 4 6 4 3 2 4 7 8 2 10 3 6 8 6 5 4 4 10 4 5 1 8 6 4 5 8 5 4 6 10 4 3 7 7 3 4 8 9 4 5 6 8 5 7 
9 10 6 6 8 6 8 3 10 5 9 2 4 1 3 1 6 7 6 5 10 5 1 2 3 10 8 8 9 9 7 6 8 6 2 7 8 1 9 3 2 7 2 2 9 5 7 7 5 10 9 1 9 8 1 5 5 7 4 8 5 4 2 9 5 9 5 2 5 5 6 2 8 2 10 10 10 7 9 5 7 3 4 1 4 9 8 4 7 8 3 9 3 6 9 10 2 7 6 1 4 10 9 10 1 4 5 3 7 9 3 7 4 3 7 10 8 4 7 2 10 7 8 7 3 9 7 1 
7 3 9 2 7 2 5 1 9 1 5 6 3 4 1 3 7 4 2 5 8 6 7 5 10 1 10 10 5 6 10 4 4 8 4 4 1 5 1 6 9 10 4 7 6 7 2 4 8 2 5 4 6 10 2 3 4 3 7 8 5 2 4 10 9 5 5 7 6 5 3 9 8 1 9 9 5 10 8 6 9 8 9 10 2 1 6 3 3 10 4 3 4 9 9 4 3 5 10 10 5 10 9 5 3 1 2 9 10 8 1 6 8 6 10 2 10 6 3 6 7 10 4 3 10 6 3 6 
9 9 6 2 8 10 5 6 10 7 9 7 3 4 9 7 9 6 7 3 3 2 3 4 10 8 6 10 3 3 10 4 6 4 8 6 4 6 2 3 9 2 9 6 7 9 2 10 7 7 6 3 7 1 9 6 1 3 5 8 7 1 10 5 2 6 7 9 10 10 6 7 8 6 2 3 4 7 10 3 6 7 10 6 7 7 9 5 6 4 5 6 8 5 4 8 9 7 9 3 5 3 6 4 2 6 10 1 5 1 4 9 5 9 3 7 6 7 7 4 4 9 5 6 7 9 5 4 
9 5 6 7 1 5 9 5 5 1 1 6 4 8 10 8 3 1 4 4 9 4 10 6 10 3 4 8 4 8 9 7 4 8 10 7 2 2 5 9 9 1 5 8 4 5 6 2 5 1 8 7 6 7 1 1 9 2 5 10 3 6 9 1 9 2 4 10 2 5 4 9 8 5 5 10 6 9 8 5 7 9 4 3 2 6 6 3 6 7 7 10 8 8 10 8 10 7 3 1 2 9 9 8 1 5 4 1 10 5 1 1 8 8 8 2 1 5 1 3 3 2 9 6 1 3 10 1 
4 10 4 3 9 1 2 10 6 5 3 5 2 9 9 7 7 8 10 8 1 7 4 5 9 6 6 9 3 10 4 6 7 10 8 10 8 5 5 10 2 10 8 5 4 1 1 6 10 7 5 8 5 6 10 1 10 9 9 10 2 9 3 4 1 4 10 1 9 2 3 6 1 8 9 10 2 1 10 5 8 10 2 10 1 9 4 9 8 5 1 4 4 3 2 5 8 2 5 3 7 1 7 4 7 6 10 2 4 3 9 4 9 5 6 1 8 1 10 2 10 9 9 5 4 7 7 6 
5 4 3 8 2 9 3 4 9 6 7 6 3 3 7 8 5 10 3 1 3 3 8 6 10 5 4 4 5 1 5 2 7 10 9 6 8 4 3 1 5 9 9 2 8 5 9 5 9 1 4 3 5 5 8 9 8 4 6 2 8 2 3 8 10 1 7 1 2 8 1 6 10 3 9 4 5 8 2 4 8 7 5 7 5 7 8 2 7 3 4 2 6 8 4 7 7 4 4 6 4 4 8 8 4 6 7 8 6 1 2 4 8 9 6 7 10 1 1 5 5 8 2 8 2 4 4 5 
9 2 1 3 7 9 8 6 3 9 9 4 7 2 4 4 7 9 4 6 6 4 9 4 6 9 2 9 4 9 4 1 5 8 1 2 3 2 3 9 9 9 2 9 4 10 6 7 1 4 6 9 4 3 6 5 4 7 10 1 8 2 7 3 5 10 9 10 8 4 10 4 5 6 3 4 2 7 10 4 6 10 10 1 2 6 4 4 9 9 3 3 4 10 2 7 3 7 7 6 3 10 2 10 4 4 8 3 9 7 9 1 2 4 3 1 4 10 10 8 1 7 3 2 7 4 6 3 
5 2 9 6 6 9 10 9 6 3 8 8 4 6 4 8 9 1 6 10 9 10 10 8 1 5 6 2 7 3 1 3 3 5 10 10 10 9 1 10 2 4 9 3 10 3 4 9 1 9 9 9 2 4 2 4 5 3 5 7 4 1 10 5 5 5 6 2 10 10 7 8 2 6 1 3 10 6 6 6 5 1 1 6 7 7 8 1 8 10 3 9 8 5 10 9 7 4 8 7 3 6 5 10 7 5 10 10 6 6 2 1 10 8 2 7 6 4 9 1 9 7 3 10 3 7 1 7 
6 7 6 7 10 10 9 2 4 10 1 9 9 7 9 2 3 7 9 10 8 5 6 9 1 4 5 2 8 3 5 8 10 10 6 8 5 1 5 1 8 10 1 10 4 2 9 3 10 4 10 2 6 1 3 9 9 7 2 6 9 7 8 10 7 6 2 7 3 3 3 7 3 2 8 3 10 2 6 10 9 2 9 3 9 8 7 10 8 2 6 3 1 1 6 6 9 2 1 4 8 5 9 6 7 10 10 2 6 1 4 10 1 5 1 7 7 7 10 3 4 3 2 6 10 8 7 9 
5 3 1 3 2 5 3 1 6 1 5 7 8 5 5 4 8 6 1 9 2 8 10 4 3 8 3 10 2 6 9 2 9 9 7 8 6 8 7 9 5 4 8 9 8 3 4 9 4 3 10 1 10 10 2 6 5 2 2 3 9 1 3 10 2 5 6 6 3 8 5 8 2 6 4 7 2 9 5 10 6 4 5 6 10 9 1 1 7 2 6 7 10 2 6 6 7 1 10 9 3 2 8 7 7 8 2 4 2 4 1 3 1 8 1 5 6 8 5 8 3 10 6 4 4 9 6 6 
3 6 1 7 9 6 4 2 5 1 7 6 6 10 6 6 10 10 5 3 5 10 8 5 8 2 2 7 6 6 9 5 9 4 1 5 5 1 9 6 1 5 2 5 8 10 9 1 9 7 3 6 10 1 7 4 4 7 1 8 6 7 10 8 5 5 9 1 1 1 10 2 4 7 5 3 9 4 8 9 10 4 6 3 2 10 2 2 5 1 1 9 10 10 8 9 5 7 2 1 4 8 4 3 2 6 1 9 8 3 4 4 7 5 1 9 1 10 5 7 1 1 2 7 5 5 5 8 
5 2 10 5 8 5 4 1 6 10 7 4 1 5 1 4 10 8 2 3 3 7 8 7 4 1 5 9 6 10 10 2 1 8 7 7 10 5 4 1 3 1 8 6 3 5 3 9 10 10 9 4 8 1 9 3 5 10 8 8 2 10 9 8 1 1 6 8 1 7 5 6 7 2 1 1 4 1 8 1 9 9 9 5 1 9 4 3 8 1 5 5 1 3 6 6 3 6 6 10 6 8 5 6 1 9 6 2 4 8 2 6 5 6 1 4 6 8 6 2 4 1 3 10 6 9 8 1 
7 5 7 6 10 6 6 6 8 6 2 4 5 2 5 6 5 6 2 6 3 5 7 9 9 7 5 9 1 2 5 2 8 8 3 6 5 5 2 9 9 7 7 1 10 5 3 6 8 4 2 6 6 1 9 9 7 3 5 5 1 7 3 3 2 3 6 1 9 2 9 9 7 8 8 2 5 4 10 6 9 5 6 2 10 1 8 10 6 2 8 3 10 10 3 1 7 4 3 8 7 7 10 7 5 3 9 8 1 3 8 4 2 7 6 5 6 8 4 7 6 3 10 8 1 8 2 9 
7 6 7 1 5 5 3 3 5 9 2 10 5 2 9 4 9 8 2 9 5 7 2 4 8 6 3 9 3 10 6 9 5 4 3 3 7 1 6 6 7 4 1 7 9 1 2 4 4 6 4 7 7 6 5 4 5 4 3 1 1 3 1 2 8 1 8 10 6 9 7 1 6 8 9 2 1 10 8 5 7 3 5 3 3 5 8 3 4 3 10 7 9 10 7 9 9 8 7 6 9 1 6 3 4 3 7 2 5 1 6 7 6 5 9 7 8 1 7 6 10 8 1 9 3 10 2 3 
1 3 6 1 3 9 5 8 6 5 6 3 9 6 2 2 6 8 4 1 8 6 5 4 2 9 7 9 4 1 1 9 10 7 6 3 10 2 4 6 6 6 8 3 6 6 5 9 8 9 10 4 2 10 8 8 8 2 9 7 1 6 6 5 8 4 9 8 1 8 7 10 9 9 5 5 5 10 8 1 8 4 6 9 2 3 10 2 10 10 9 10 6 2 3 4 9 5 2 6 8 10 9 1 1 8 2 6 3 10 4 9 3 1 4 4 8 8 5 8 8 6 3 1 4 6 4 4 
10 10 7 4 9 6 10 1 5 5 7 10 2 3 2 3 1 7 3 9 3 8 7 1 2 2 3 1 3 10 8 3 7 8 6 7 7 1 5 9 6 7 10 4 9 5 9 9 5 9 6 8 5 10 7 1 3 6 4 10 3 8 8 2 8 4 8 9 1 4 4 1 2 4 3 8 4 9 10 6 9 2 4 7 10 10 10 6 1 7 10 5 6 8 9 5 2 1 5 7 6 4 1 7 1 4 4 9 1 4 3 8 7 4 2 9 5 5 7 2 4 8 7 10 1 6 8 2 
8 1 1 2 10 7 2 10 1 1 9 4 2 7 1 3 1 1 6 5 9 6 6 6 3 7 5 7 8 9 5 7 2 10 2 10 7 2 6 7 2 8 1 7 4 9 9 6 1 5 7 10 1 7 8 10 5 1 3 5 3 5 3 5 9 9 5 7 8 3 10 5 1 9 4 9 1 6 5 7 5 2 1 3 2 2 6 2 6 3 10 7 3 2 7 3 9 9 7 3 8 4 4 4 6 6 4 9 10 7 3 6 9 8 3 8 9 3 7 6 4 4 10 6 2 9 7 1 
9 10 9 4 6 5 4 10 1 9 5 4 5 9 8 10 7 5 6 9 6 2 8 8 9 2 6 5 2 1 1 3 4 6 5 8 9 7 1 10 1 5 4 3 4 9 9 3 4 5 3 1 7 3 6 2 6 7 9 4 8 1 8 9 1 10 9 10 2 4 2 2 8 9 10 4 2 6 8 7 10 7 9 10 6 8 7 7 10 5 10 8 2 3 3 2 7 5 10 10 3 5 1 9 4 1 2 7 10 3 1 4 1 4 7 6 1 5 9 4 1 4 3 2 8 1 2 5 
4 9 7 2 4 10 10 10 10 3 1 2 9 10 2 10 9 2 6 4 8 6 9 9 7 5 8 3 10 2 10 10 4 10 7 1 1 3 6 1 7 6 10 2 9 3 8 6 1 7 6 9 1 9 1 7 1 3 9 3 3 3 6 6 10 10 8 2 1 3 9 9 1 5 10 3 1 6 1 10 8 8 1 3 4 10 8 8 6 5 7 3 9 4 1 8 3 4 7 6 6 4 1 7 5 6 5 6 7 8 10 8 1 9 9 1 4 4 2 7 7 2 6 6 4 5 8 2 
5 6 8 1 7 5 10 3 10 4 6 9 5 7 4 2 2 8 3 5 8 10 1 9 7 10 7 2 6 9 10 2 7 6 3 3 8 6 1 4 6 6 2 5 8 4 1 9 4 1 3 9 9 6 6 10 6 3 8 9 3 7 10 2 3 1 1 7 1 6 10 10 10 7 1 6 10 8 9 8 2 2 2 9 6 10 6 1 8 7 9 10 8 9 1 1 2 8 10 6 10 3 10 1 1 7 7 3 3 2 1 3 9 9 9 6 8 10 8 8 5 2 8 10 7 2 10 1 
1 3 10 1 2 1 10 2 7 5 7 8 10 10 2 1 3 10 1 5 8 9 5 6 4 7 10 3 3 3 2 6 1 6 4 10 7 3 9 6 2 1 1 2 3 10 5 8 3 5 2 8 4 1 7 3 10 10 7 9 6 9 7 8 6 2 3 3 8 8 1 10 1 4 4 1 5 10 6 10 7 4 5 8 9 6 10 6 3 8 9 9 10 10 5 6 1 10 9 8 2 1 6 7 10 5 3 2 6 2 1 9 8 9 6 6 9 4 6 9 5 4 3 10 9 1 4 4 
10 4 4 9 4 10 1 8 8 3 9 7 3 4 3 3 9 4 6 7 10 5 1 1 7 2 5 2 6 2 4 3 1 4 7 4 3 5 1 1 4 2 5 5 10 7 2 10 1 5 4 3 8 9 4 10 6 7 7 5 1 4 5 5 6 3 6 10 2 3 4 8 2 9 6 7 7 4 6 6 10 2 8 9 4 1 6 1 5 5 10 4 2 7 6 10 9 8 2 4 10 7 3 4 6 5 5 7 1 3 3 10 2 3 3 5 7 7 8 3 8 7 3 1 2 4 7 4 
4 10 3 5 9 6 10 10 10 9 1 8 2 2 1 2 7 1 4 2 1 1 3 1 2 9 6 2 4 7 8 3 5 2 10 4 7 10 6 3 2 10 5 2 10 8 5 3 3 5 3 1 10 1 7 10 7 5 8 10 3 7 8 10 5 7 10 6 8 7 8 6 9 4 2 6 6 8 6 4 2 2 1 1 5 7 10 6 6 1 10 3 9 5 8 6 10 10 9 2 10 3 10 1 3 9 7 9 1 3 6 1 9 7 10 4 2 9 10 7 4 4 5 1 8 6 2 5 
3 5 8 7 8 3 8 9 2 3 3 3 8 7 4 3 7 5 5 4 9 10 4 9 4 1 10 2 4 8 10 3 7 8 10 7 9 10 10 9 5 5 1 3 1 10 6 3 2 10 1 10 3 8 6 8 10 7 2 3 2 8 9 3 10 3 10 7 6 9 4 3 2 2 9 4 10 7 5 7 8 2 7 2 10 7 10 8 4 7 8 2 7 6 7 10 4 3 8 2 6 3 6 8 9 8 8 1 9 5 9 4 3 3 9 3 4 10 8 6 7 5 5 1 6 1 8 7 
6 7 9 5 4 7 2 7 10 2 2 8 7 7 2 2 4 3 6 1 8 2 2 9 8 7 8 1 7 9 1 3 5 7 10 3 2 1 1 5 7 3 5 6 1 8 2 7 8 7 9 8 9 10 10 6 3 10 7 7 10 3 1 9 7 5 4 4 1 2 9 9 2 6 2 7 5 6 1 2 2 5 3 10 5 3 7 9 10 10 5 3 2 2 1 7 6 10 9 10 8 1 2 4 3 6 1 4 2 3 10 4 1 6 2 10 4 9 3 8 3 4 3 5 1 9 10 4 
7 3 1 9 1 6 10 3 10 1 2 5 3 9 3 6 5 8 9 3 8 7 3 1 9 8 6 1 3 6 10 9 10 9 3 1 5 7 1 8 10 4 10 6 10 10 4 6 10 9 4 4 2 8 9 1 3 9 9 7 6 6 6 7 8 3 9 8 2 8 1 10 5 9 10 9 4 10 3 9 4 1 4 5 2 9 4 4 5 2 5 9 1 9 8 2 6 5 8 5 6 9 5 6 8 10 4 10 2 9 2 6 2 7 2 8 9 4 1 4 7 9 10 8 3 9 7 6 
7 5 6 10 8 1 4 9 8 10 5 4 7 6 8 10 1 7 4 8 6 8 1 3 5 3 3 8 5 1 2 1 6 1 1 3 4 6 10 8 6 7 4 9 7 3 3 1 1 8 9 3 2 3 7 3 5 2 2 10 5 7 1 3 3 8 6 7 3 9 9 4 6 3 8 5 4 5 9 4 8 7 4 2 9 5 2 10 2 6 7 3 4 3 2 5 7 2 3 2 5 5 5 6 9 7 10 9 2 3 10 7 5 5 2 6 10 5 3 3 10 6 9 3 2 3 1 3 
6 3 4 8 8 3 7 5 6 5 5 7 8 6 7 8 2 3 3 6 7 5 7 8 5 4 8 7 10 9 3 10 3 8 9 9 4 1 10 7 3 5 1 1 6 1 7 5 6 2 10 1 5 4 8 9 1 9 9 2 1 4 9 6 5 7 6 2 1 10 1 9 6 8 10 5 8 8 3 8 10 2 5 3 8 2 7 9 6 3 6 10 1 9 8 4 5 5 6 3 3 1 2 1 10 9 2 10 4 7 9 6 1 3 2 2 5 1 2 8 7 2 4 1 7 10 7 1 
10 1 9 1 8 6 4 4 8 7 9 3 2 9 6 10 7 10 7 7 9 9 7 9 3 7 6 2 8 2 6 6 9 1 2 10 6 3 5 10 1 2 4 10 4 10 6 1 6 5 3 9 2 6 1 3 7 2 3 6 1 7 1 1 7 5 3 9 9 7 6 2 5 1 8 3 10 8 6 4 8 6 9 7 1 8 7 1 7 1 2 3 3 5 6 2 2 6 5 10 2 2 6 6 4 2 9 2 7 3 9 2 6 5 5 2 6 5 9 1 10 10 9 1 6 4 8 9 
1 6 9 9 3 9 3 9 5 4 4 3 5 5 10 3 6 6 7 2 6 10 8 7 5 5 4 7 4 8 6 6 4 6 4 1 4 5 2 10 9 10 9 3 4 5 10 3 7 10 4 8 4 3 6 10 4 10 8 8 4 9 2 2 8 10 6 6 3 5 2 8 7 6 3 8 7 8 4 3 9 4 6 2 1 7 3 6 5 6 8 8 7 7 4 7 8 10 3 5 1 6 1 7 4 2 3 1 3 2 8 9 5 7 5 5 2 6 1 7 7 6 7 5 6 4 5 7 
6 2 5 1 6 4 2 10 4 10 6 1 9 3 1 6 2 9 4 5 8 5 4 4 9 7 6 5 5 8 1 10 3 3 3 7 10 8 10 8 1 8 10 1 8 1 2 2 7 9 7 5 2 6 2 4 3 8 3 6 2 3 5 10 6 8 5 7 2 8 8 9 7 1 3 1 10 2 6 6 4 7 2 8 9 9 7 4 10 7 1 5 6 2 2 8 2 5 4 2 3 5 3 6 6 10 1 4 5 10 5 4 2 7 3 4 9 5 3 1 7 4 4 3 6 5 3 10 
10 9 6 9 10 8 4 8 4 2 9 8 9 7 8 9 2 9 3 10 3 6 2 2 1 3 10 7 8 5 3 10 4 5 3 1 3 4 1 8 8 4 4 7 6 9 2 1 3 1 3 6 3 4 8 3 9 4 4 10 3 6 3 1 9 1 5 4 9 6 9 5 1 8 6 5 9 10 6 5 4 2 8 3 3 6 4 3 2 1 1 10 5 9 10 8 6 7 9 5 3 2 2 4 10 10 5 1 3 3 8 4 5 10 5 2 10 5 6 1 8 2 10 5 1 9 3 10 
2 7 4 6 6 10 9 10 5 3 4 9 9 9 6 1 7 10 4 8 2 7 1 3 8 8 10 10 7 1 1 8 10 4 2 8 1 8 10 4 10 4 2 5 3 2 9 4 7 3 8 3 7 8 4 1 1 1 2 6 3 7 4 2 5 8 3 7 3 6 4 3 7 5 1 1 6 7 8 6 4 4 7 6 7 4 7 1 6 2 1 8 6 7 3 5 10 9 6 2 9 2 8 1 2 10 2 5 10 10 4 1 5 8 6 4 3 4 6 8 6 9 2 4 4 2 3 1 
2 4 8 5 3 2 4 6 8 5 5 1 1 10 8 2 8 6 8 4 1 7 1 10 10 2 8 1 7 10 4 2 7 2 10 10 7 3 5 10 5 2 3 5 8 4 8 6 4 4 9 3 8 1 6 1 1 7 3 6 4 4 7 1 1 2 9 10 8 2 2 6 3 10 6 9 2 1 6 9 7 6 9 2 1 1 3 3 2 8 8 1 6 7 1 9 1 6 3 2 5 9 10 9 2 8 5 2 3 9 7 7 3 4 9 2 10 10 3 5 9 10 6 1 1 1 8 7 
7 9 8 7 1 8 1 8 7 5 3 9 7 10 2 5 8 6 3 8 3 5 10 7 3 9 8 5 10 3 5 2 5 3 4 8 4 7 7 2 1 2 2 7 7 9 5 3 9 8 7 2 10 3 9 4 4 9 6 9 9 1 2 7 1 3 9 5 7 2 4 3 9 5 3 5 6 8 10 2 9 1 3 3 2 6 3 10 3 7 8 9 10 10 2 7 4 7 7 2 1 2 4 2 8 6 5 9 9 8 4 5 3 1 9 4 9 2 5 7 5 1 9 3 9 2 7 6 
1 10 9 8 6 8 2 1 2 9 6 5 4 6 10 2 3 10 4 9 3 3 9 6 9 10 7 6 6 9 10 2 7 1 9 5 6 9 3 10 7 2 2 8 6 3 6 7 8 10 4 4 4 10 4 7 5 8 10 9 2 8 2 7 1 9 6 2 5 1 2 4 4 2 3 10 5 8 8 5 8 1 7 2 2 5 7 9 6 8 9 9 8 5 1 8 7 4 8 6 10 1 6 6 8 9 8 3 7 1 5 10 7 6 6 2 5 7 6 6 6 10 2 3 10 3 3 5 
7 7 1 4 6 3 7 5 8 5 3 2 8 2 2 7 5 10 4 8 3 10 5 6 6 8 4 1 4 8 10 7 2 3 8 9 4 8 1 5 8 6 7 5 2 5 7 7 1 5 8 3 5 4 8 7 6 6 4 2 8 10 1 7 8 6 1 9 4 8 9 6 4 9 9 6 6 7 6 1 7 10 6 3 4 3 9 7 2 6 10 8 9 2 2 4 3 9 10 2 1 7 3 7 9 4 10 7 6 8 4 6 6 1 10 7 3 6 3 2 2 6 7 7 7 10 10 2 
1 2 1 3 3 2 8 3 10 6 4 10 1 6 9 8 4 2 2 8 5 1 1 4 6 7 8 6 10 4 4 6 6 3 5 7 3 10 10 5 8 4 3 8 3 5 10 5 1 7 7 7 10 1 10 2 6 10 2 2 10 8 1 7 1 6 7 10 5 1 8 3 2 3 9 4 7 6 10 7 9 9 9 3 2 2 5 3 5 9 5 2 7 2 10 4 10 1 2 8 3 4 7 2 5 9 5 7 9 1 7 3 9 4 7 8 10 2 8 2 2 10 6 2 6 4 6 4 
2 3 3 3 8 2 8 10 6 8 8 8 10 4 4 1 5 1 10 1 5 9 1 10 2 2 4 8 8 1 2 1 9 4 1 5 5 10 9 8 7 8 8 3 8 10 7 3 9 3 4 7 8 7 10 6 10 5 1 8 10 5 4 2 7 9 3 5 4 9 9 9 5 7 5 2 3 2 2 10 6 6 8 1 6 10 6 8 6 1 7 9 4 5 3 9 5 9 10 4 6 7 9 6 7 10 2 1 4 3 4 5 10 2 2 10 8 5 10 8 4 9 6 9 9 2 1 4 
10 7 9 8 5 3 4 5 7 9 7 2 3 10 5 4 4 5 9 9 6 4 9 2 2 9 10 9 9 4 1 7 7 3 1 2 6 9 5 9 2 2 5 5 1 4 8 8 2 9 9 2 1 8 4 7 2 7 6 9 2 9 10 6 3 8 8 6 1 6 6 10 4 4 8 6 2 6 1 8 7 1 10 4 7 10 6 2 4 4 2 3 9 6 6 10 1 5 6 10 10 1 3 8 4 5 2 6 10 1 5 2 6 10 6 6 4 10 3 9 2 9 2 10 6 5 2 8 
8 4 4 5 3 6 1 8 8 3 3 9 5 8 1 3 7 2 6 7 3 3 8 8 8 8 5 6 5 4 4 3 9 7 2 4 5 2 6 8 8 7 9 7 10 10 10 8 3 9 5 2 2 5 6 7 5 6 8 2 8 6 5 9 2 5 3 10 5 1 9 7 1 8 5 3 8 5 7 9 7 4 4 7 8 8 9 8 10 9 1 8 2 2 6 2 5 7 5 3 9 7 6 7 9 1 5 9 7 10 7 1 1 3 9 9 5 2 3 3 1 1 6 10 10 8 4 6 
2 10 1 1 1 1 2 6 3 8 10 6 1 6 9 2 2 1 6 6 10 10 7 6 1 10 2 9 5 5 9 3 8 8 10 6 8 5 3 3 6 9 2 9 10 8 3 4 5 5 5 8 10 9 2 8 8 9 8 6 8 10 3 3 8 1 1 3 6 8 9 6 8 8 9 8 6 2 3 9 3 9 5 4 8 3 4 10 2 1 2 10 2 4 6 10 5 3 7 2 3 5 10 5 6 10 10 9 5 1 2 8 1 4 1 8 5 1 7 6 1 9 3 10 10 7 7 6 
7 7 7 7 1 1 5 5 1 7 1 4 3 2 7 5 7 10 7 5 8 2 4 3 3 1 5 7 5 5 2 3 1 8 1 4 10 7 3 9 9 6 2 1 10 2 8 9 10 1 10 1 9 9 9 7 10 5 4 6 9 2 6 9 3 3 1 10 4 7 10 5 9 2 6 6 5 7 6 5 6 1 3 1 3 2 5 4 4 6 7 2 7 5 8 5 8 2 4 8 7 6 6 3 1 1 5 2 8 4 1 5 4 4 8 1 9 9 7 3 9 10 6 7 1 9 7 3 
3 5 1 5 10 4 4 9 3 6 2 4 5 1 5 9 5 4 4 5 3 5 3 7 2 8 3 5 10 5 8 10 3 3 10 1 9 6 9 4 5 10 4 3 3 4 5 3 6 5 6 9 6 7 3 2 7 2 1 2 5 8 3 7 1 1 9 10 5 7 10 7 6 8 6 10 6 7 4 7 8 6 10 4 6 6 1 4 5 8 8 5 3 2 10 8 10 1 3 7 2 5 5 5 7 6 1 3 5 10 2 8 4 1 7 7 5 8 3 4 9 9 1 2 5 8 10 7 
10 6 9 10 9 6 3 2 2 9 3 7 2 10 6 10 9 1 9 7 8 2 8 5 2 3 2 4 3 9 3 8 1 6 6 10 8 9 6 5 9 9 7 8 7 7 3 7 6 9 3 2 5 7 5 10 5 3 9 10 6 3 2 10 2 9 2 8 6 10 9 4 10 5 5 8 7 6 7 6 6 5 1 1 10 2 8 6 6 8 1 3 5 3 8 2 9 4 10 6 6 2 5 7 7 9 6 9 1 6 6 6 3 9 8 4 2 3 7 8 8 4 5 8 10 5 8 2 
3 3 6 10 5 9 9 2 4 7 6 4 7 5 6 6 8 10 5 3 9 3 4 8 9 6 9 6 9 1 9 7 10 3 6 1 4 1 9 8 2 5 8 4 10 6 6 4 8 3 10 2 8 10 7 2 4 2 5 2 5 7 5 1 9 6 4 9 4 9 10 4 3 9 3 4 8 10 5 6 3 7 10 3 6 9 10 1 5 9 1 5 5 3 4 1 9 10 2 1 9 7 4 2 2 6 7 10 7 7 7 6 2 4 5 9 7 3 4 4 10 3 9 2 5 9 6 3 
8 2 8 7 7 4 7 7 4 7 7 9 10 1 1 1 6 8 4 5 4 8 4 1 7 9 9 7 8 4 3 7 6 10 4 7 3 10 1 1 9 9 4 10 6 10 5 1 7 9 5 1 10 8 1 10 5 8 9 7 10 7 2 1 5 7 2 3 1 6 10 5 1 6 4 8 5 10 3 9 10 4 1 3 1 2 9 2 6 9 6 1 6 9 6 2 3 3 9 10 9 7 3 3 1 9 3 4 6 5 8 4 2 3 2 1 10 4 3 2 8 5 10 6 7 4 9 8 
8 2 2 9 1 2 9 10 1 2 6 7 4 7 7 4 4 4 3 2 3 9 7 2 1 1 8 8 1 2 5 1 5 2 2 10 4 9 7 1 4 10 7 7 6 5 1 10 5 5 6 2 5 4 10 1 2 1 4 7 8 6 4 9 7 7 6 1 7 7 4 7 5 9 3 3 6 7 9 5 8 1 5 9 2 8 9 4 2 8 5 2 8 7 10 8 4 5 4 2 2 1 4 5 3 9 8 10 7 5 4 10 1 8 5 4 10 10 10 8 6 5 4 10 5 3 5 6 
7 4 2 2 1 8 7 1 3 9 5 6 2 9 9 8 1 6 6 1 4 6 10 10 6 9 7 3 10 5 10 3 5 2 5 6 2 8 1 3 3 2 5 9 6 1 5 10 6 6 3 1 10 4 1 8 6 7 6 7 9 10 1 6 1 9 7 4 6 9 3 2 5 9 8 5 4 4 5 4 4 8 2 6 10 8 3 4 7 4 10 10 3 7 9 4 10 7 4 7 2 8 9 5 7 5 2 2 9 6 1 2 3 5 7 7 2 8 2 9 4 6 8 1 6 4 6 5 
6 10 5 8 7 7 3 8 9 7 6 6 4 5 3 2 2 5 10 6 1 3 1 1 5 8 4 4 6 5 4 10 9 10 10 1 6 1 7 2 9 5 3 6 10 4 2 2 2 8 7 7 4 10 7 4 4 9 4 4 4 4 4 5 7 5 9 8 8 5 8 7 8 2 5 1 8 7 8 3 10 5 8 1 6 10 3 10 8 2 9 7 5 6 3 7 1 9 5 5 8 3 2 4 1 1 5 9 6 6 7 10 9 4 9 1 8 10 5 2 10 4 1 5 5 5 7 4 
10 9 5 2 8 9 9 7 9 5 9 3 9 6 10 2 10 1 7 8 4 6 6 7 6 3 9 5 10 1 10 9 6 7 2 5 5 2 6 4 1 1 9 7 10 1 4 3 2 7 2 5 4 1 2 7 5 3 6 3 7 1 1 5 3 6 5 4 1 6 9 2 5 4 9 5 1 3 4 6 10 10 10 7 10 10 4 7 4 2 8 10 2 6 10 4 2 5 7 10 2 5 5 7 5 6 5 7 1 5 1 4 7 1 2 5 5 10 8 5 2 3 3 10 1 9 5 4 
10 8 10 8 9 9 1 9 7 5 4 6 3 1 6 6 2 6 3 3 4 10 9 10 7 4 4 4 4 7 3 10 9 5 6 1 1 5 3 1 10 5 6 8 2 4 3 3 3 9 3 10 10 6 7 9 6 8 7 3 6 4 8 4 5 2 9 8 4 9 4 7 10 9 10 7 6 4 8 10 1 4 8 10 10 9 1 7 2 6 6 3 5 1 6 9 5 5 3 2 4 10 9 8 9 3 1 10 7 10 1 5 6 8 8 1 6 10 7 5 9 10 7 8 6 4 4 10 
7 8 9 4 3 5 1 1 9 7 3 6 7 5 8 6 2 3 10 1 8 2 10 3 9 5 2 3 4 7 9 2 6 8 9 2 5 7 5 1 6 10 1 8 6 3 9 7 1 1 6 2 7 4 1 8 5 10 8 7 3 6 7 2 2 4 8 2 10 8 8 7 8 3 2 6 3 8 1 2 5 6 8 7 7 6 3 8 9 5 4 4 1 6 1 8 8 6 9 8 1 7 10 3 9 6 10 6 6 10 5 10 4 1 5 6 1 5 6 4 9 10 1 3 4 6 3 10 
4 8 2 5 7 9 3 5 7 2 5 4 3 10 4 6 9 6 4 1 4 7 10 7 6 5 9 2 6 4 8 9 9 4 1 1 9 2 1 1 8 6 5 6 5 5 7 10 8 5 8 2 8 6 3 2 2 8 3 1 10 1 2 9 4 8 1 3 3 6 4 1 7 5 3 4 6 4 6 4 5 3 6 4 5 4 6 2 4 4 9 2 2 9 8 6 10 5 1 4 2 6 10 9 8 10 2 10 9 7 1 9 9 6 5 6 6 6 8 5 6 2 10 1 8 7 10 4 
2 2 8 6 3 7 4 2 8 9 6 3 1 5 5 5 8 8 1 8 8 7 6 6 8 10 3 3 3 5 2 3 8 5 3 5 5 5 6 3 7 2 8 4 8 4 3 4 4 2 4 1 2 2 1 5 10 8 5 3 7 5 8 2 1 9 6 8 9 1 10 8 2 10 5 7 6 7 1 8 1 10 10 1 6 4 7 7 8 10 4 10 3 5 10 4 5 2 5 1 6 5 1 1 2 7 4 6 4 8 4 6 10 9 6 2 1 9 10 4 3 2 9 4 2 4 5 7 
1 6 1 9 6 2 10 2 3 1 10 7 1 4 4 7 4 10 7 10 7 1 5 2 5 5 6 5 6 3 1 9 4 6 1 6 3 7 8 3 6 10 5 5 4 5 10 8 1 2 7 10 6 7 6 1 1 3 4 8 6 8 3 9 10 2 1 3 3 3 4 9 8 8 3 5 1 5 5 4 8 8 10 10 2 1 5 9 8 3 1 4 3 9 4 8 3 9 1 10 3 6 5 2 5 9 5 8 7 4 9 2 5 4 7 9 5 6 8 2 8 10 4 6 5 3 9 10 
5 3 8 9 9 7 8 6 10 5 10 5 10 1 8 5 7 3 4 5 4 9 6 1 1 7 1 7 7 9 4 7 6 5 10 4 10 5 2 5 3 6 5 3 10 10 6 5 2 2 9 10 2 4 8 5 8 6 7 6 10 6 6 4 7 8 6 9 5 8 4 5 8 9 10 3 8 5 6 2 9 4 8 8 8 8 6 7 10 1 6 10 4 7 10 2 1 1 6 6 1 7 3 5 4 6 1 1 8 9 2 10 7 2 3 4 1 5 8 4 7 7 3 2 10 7 5 3 
3 5 6 1 8 10 1 3 4 2 7 9 10 10 10 3 3 4 1 9 9 10 3 5 1 4 5 3 10 7 8 6 9 9 10 6 1 4 7 6 10 5 6 2 4 3 6 7 8 3 2 1 5 2 7 9 6 2 4 3 2 1 9 7 5 1 1 7 2 3 4 7 9 7 7 8 8 5 8 2 2 6 2 5 2 5 4 1 1 9 5 8 3 4 2 6 3 10 8 6 4 1 1 5 10 2 6 6 5 7 4 8 9 2 3 9 1 10 1 10 2 2 1 1 8 4 6 6 
1 8 3 3 6 10 4 6 2 5 9 9 7 4 5 9 2 7 2 6 5 9 8 5 1 5 10 2 4 7 2 1 6 5 6 8 9 6 9 7 6 5 4 8 3 2 5 7 10 4 2 6 2 7 6 10 6 1 4 1 10 4 9 9 6 9 1 10 7 8 4 7 4 8 6 10 7 8 10 2 2 9 6 8 7 6 1 5 3 2 1 10 3 4 10 8 10 5 9 9 5 4 10 2 2 1 6 4 2 8 1 9 9 10 8 9 7 6 6 8 3 3 3 10 9 6 8 7 
1 3 1 10 4 4 2 4 2 7 1 5 10 4 5 1 4 7 3 1 4 2 3 7 1 1 1 7 1 2 7 5 10 9 2 1 9 1 8 6 2 4 10 3 9 4 1 10 5 7 6 9 8 8 4 3 9 7 8 6 6 2 8 2 6 1 5 1 4 4 6 9 1 9 6 10 9 7 1 2 9 9 5 1 1 3 10 4 9 8 10 1 5 5 5 10 7 4 2 7 7 2 6 3 8 6 4 4 2 5 5 2 10 9 3 1 2 9 8 2 5 3 6 3 8 9 3 8 
7 10 8 6 1 8 9 8 1 3 6 4 5 1 8 6 8 4 7 8 4 9 3 3 4 2 7 10 2 5 7 7 2 6 7 2 3 7 8 1 2 6 3 1 9 3 4 3 4 8 5 9 1 3 9 4 2 2 1 1 2 8 1 10 7 10 6 9 9 2 7 1 7 3 2 9 7 10 10 10 10 10 8 2 10 4 2 5 9 3 8 2 2 6 1 4 8 2 10 9 6 5 8 2 10 7 1 1 7 5 5 3 1 8 7 3 4 1 9 9 6 5 5 2 1 8 4 3 
3 4 6 2 6 10 1 10 1 1 2 9 4 8 4 9 9 9 4 4 5 3 10 5 10 7 7 9 5 8 5 1 10 10 4 3 10 8 8 10 1 2 8 8 9 2 1 4 6 10 10 6 4 3 3 3 8 6 5 9 1 10 9 4 4 6 3 9 8 6 2 10 3 10 8 9 3 9 2 9 10 6 1 1 3 8 2 9 6 9 7 9 5 4 6 9 9 6 3 9 3 9 6 7 9 5 2 2 6 2 3 5 5 5 1 6 10 3 10 5 9 9 10 9 3 6 2 3 
4 7 3 8 4 1 2 9 1 2 10 9 6 6 1 7 3 5 4 4 3 3 2 6 10 1 7 8 2 1 3 2 6 3 10 8 5 1 3 10 9 1 9 7 2 7 9 1 5 7 3 3 5 5 4 9 6 1 10 4 1 1 3 7 7 4 9 2 8 3 2 10 10 7 4 6 10 6 9 6 5 9 2 9 5 5 5 10 8 6 2 6 8 5 4 2 10 5 8 2 6 9 10 3 8 9 10 10 2 9 9 10 2 7 2 5 3 4 6 4 3 9 3 9 7 8 10 9 
7 4 4 8 8 8 1 9 10 6 1 6 4 5 5 6 7 3 9 9 9 1 4 4 5 6 7 8 4 6 5 8 5 5 1 7 3 6 5 5 6 5 4 2 4 8 7 8 9 7 2 2 6 7 7 9 9 4 6 8 1 8 6 8 7 1 3 3 4 3 2 5 3 9 6 6 1 7 7 5 1 5 1 3 8 4 6 5 8 8 5 2 8 3 4 7 10 4 2 9 10 8 4 2 2 10 3 3 2 10 3 5 10 5 3 10 10 6 2 9 3 1 9 8 1 7 5 5 
10 9 3 5 2 7 8 9 5 9 4 1 6 6 6 5 1 1 6 4 10 2 3 2 4 3 9 5 1 7 6 1 3 9 6 9 7 5 6 1 6 4 5 9 3 1 2 6 10 3 9 6 7 8 2 10 4 7 6 8 9 9 8 1 4 3 1 1 8 8 3 3 7 7 7 2 1 5 4 1 4 4 6 7 9 8 6 8 3 5 3 2 3 4 3 7 10 1 5 5 4 4 10 4 5 4 9 9 9 10 8 7 6 2 6 3 5 2 1 4 5 6 10 3 2 9 6 5 
5 5 10 4 2 3 8 5 5 9 9 4 10 1 8 2 8 8 9 2 5 9 10 1 2 7 10 3 5 8 5 7 7 9 2 10 7 4 8 8 4 3 4 7 9 1 7 4 2 3 10 2 10 7 10 2 3 5 10 10 6 10 6 4 5 6 5 9 1 10 3 4 9 2 3 6 5 1 1 3 2 7 5 5 3 1 9 7 10 8 10 10 6 9 4 5 7 4 8 7 4 10 5 4 8 3 5 3 2 9 1 8 7 8 5 6 10 10 7 6 1 1 8 10 8 5 9 8 
3 6 2 4 4 7 6 3 6 3 9 8 3 2 1 10 1 8 3 8 4 3 3 5 5 2 8 10 4 2 9 6 4 9 1 5 7 2 4 5 1 1 4 5 8 7 6 7 5 3 7 6 1 1 9 5 6 6 4 1 10 9 4 7 3 8 1 5 1 6 3 2 4 8 5 10 8 6 4 4 1 6 3 8 4 7 4 2 10 7 3 7 3 7 8 6 10 3 6 8 8 8 5 1 10 6 1 7 5 5 5 5 5 7 8 6 6 6 6 7 10 8 2 3 2 9 8 3 
1 2 10 1 8 6 6 5 7 9 9 6 4 6 5 6 10 5 10 1 9 1 2 10 10 10 7 7 1 3 9 7 6 8 2 3 7 1 2 7 3 1 10 6 4 3 8 8 6 9 9 7 1 10 2 5 3 4 4 8 4 4 5 7 9 9 1 6 2 8 1 3 9 9 5 5 1 6 2 2 6 3 7 10 7 9 6 6 8 4 3 10 6 9 5 9 3 9 6 10 8 9 7 7 6 1 4 2 5 1 9 5 3 1 10 6 9 8 4 4 6 1 3 8 7 6 7 5 
2 9 3 2 8 7 3 8 4 4 4 1 6 4 5 9 9 8 5 8 2 2 7 10 6 7 6 1 1 7 7 4 6 4 7 9 7 4 9 3 10 4 1 2 6 6 7 6 3 8 10 10 6 8 7 7 8 1 4 1 6 4 9 8 7 6 3 1 9 9 7 5 5 3 2 1 5 8 8 1 6 3 6 4 6 3 6 6 6 4 6 3 8 2 1 2 7 7 5 8 1 3 6 6 5 2 2 9 1 8 1 9 4 10 2 5 10 6 6 9 6 5 6 5 2 8 8 7 
5 3 1 1 3 2 8 9 6 5 1 10 8 9 3 3 4 1 3 4 10 9 5 2 1 1 2 7 8 3 3 1 1 2 4 4 4 10 2 10 8 9 9 1 4 1 5 5 2 7 7 1 2 9 1 9 2 8 8 9 2 6 8 4 4 6 5 7 2 8 2 10 4 6 10 4 7 1 10 6 6 1 4 8 1 10 9 4 1 3 2 10 2 7 4 2 7 4 10 9 5 5 5 10 1 1 6 7 5 1 7 5 10 9 10 4 1 8 5 8 1 9 8 5 3 2 2 5 
8 3 4 10 8 9 8 5 5 4 6 8 4 5 5 1 8 8 5 3 4 2 4 3 3 4 3 8 3 2 2 8 9 4 7 4 9 8 8 10 6 8 5 6 10 3 1 9 7 10 4 2 9 7 2 1 2 9 3 6 1 5 5 9 5 2 1 6 4 3 3 5 10 1 3 2 5 1 7 10 3 5 1 5 9 1 6 7 5 3 7 10 6 8 5 2 10 1 5 4 10 7 7 10 6 2 7 4 2 1 2 9 2 10 2 1 8 4 10 8 6 2 1 5 1 2 6 2 
8 1 5 6 5 10 3 9 3 4 6 1 1 10 6 9 4 6 2 5 9 8 4 7 3 3 5 10 8 2 6 2 6 3 5 8 10 2 10 1 2 4 10 1 8 5 7 4 4 8 2 2 4 10 4 4 2 7 7 8 10 10 3 5 3 6 4 6 2 3 6 4 4 8 6 8 4 8 3 5 6 9 10 10 9 6 3 2 9 7 9 4 3 7 8 9 7 4 4 8 10 6 9 1 3 1 10 4 5 8 2 3 7 9 2 3 10 10 7 1 6 9 10 3 6 9 1 5 
5 1 10 5 6 3 1 9 7 9 1 7 7 1 5 3 1 7 4 1 7 6 5 7 3 8 2 10 1 8 6 3 1 8 10 5 5 6 2 8 3 8 4 9 5 10 2 8 4 1 6 5 7 5 10 7 9 2 4 5 2 9 1 2 10 8 2 4 1 8 5 1 10 6 4 5 1 3 6 7 2 9 1 3 2 8 5 3 9 3 7 6 6 5 7 9 5 6 2 7 6 4 4 5 1 1 8 1 9 7 1 3 6 3 9 2 7 3 3 8 2 8 4 1 6 6 4 4 
6 7 10 10 4 6 9 1 10 2 4 2 5 7 7 5 10 3 5 8 6 10 2 7 9 7 4 3 5 7 5 1 9 2 7 2 7 2 1 6 5 2 7 1 6 4 2 1 5 5 8 4 5 4 6 6 5 1 5 1 10 5 4 4 7 6 3 4 5 10 8 2 1 8 4 5 7 6 4 1 10 9 1 3 8 4 10 7 6 9 2 7 3 2 5 9 8 1 8 1 10 7 3 4 4 2 4 3 6 2 3 1 2 4 7 4 4 8 7 9 5 10 4 7 4 5 3 9 
7 10 6 2 10 10 5 2 9 1 5 2 3 10 2 8 7 1 3 6 8 1 10 6 5 7 4 10 1 3 9 7 6 1 2 6 4 6 10 3 3 1 6 1 5 1 6 7 5 9 1 6 5 4 10 8 5 6 1 10 8 7 9 6 5 2 2 10 7 7 7 2 10 1 10 9 1 3 5 5 6 6 9 9 3 1 1 3 7 10 9 10 6 10 1 5 1 3 9 10 3 7 10 9 6 8 2 9 1 2 9 4 2 7 2 10 3 9 8 9 1 9 8 1 3 8 4 8 
9 10 5 1 10 1 7 1 10 1 9 6 2 5 1 2 2 4 2 10 10 8 4 3 1 4 9 7 7 4 3 4 9 4 1 9 3 10 8 2 4 2 2 1 5 2 6 6 10 6 4 5 6 10 3 8 9 10 7 10 6 6 7 10 9 9 6 8 7 4 5 3 3 8 7 4 2 2 7 2 3 7 2 5 10 1 7 4 10 1 1 6 8 8 3 1 9 10 6 8 2 3 8 10 1 4 10 4 6 6 2 10 2 7 5 1 8 10 8 10 1 6 10 9 1 8 3 4 
1 6 4 3 5 9 3 1 8 10 4 9 1 9 10 7 7 10 8 3 8 10 8 3 8 6 3 8 4 6 10 7 8 6 7 9 10 10 1 10 6 7 1 10 4 2 3 1 9 5 10 7 10 9 8 5 3 9 5 4 7 2 9 8 5 3 1 9 10 5 3 2 1 2 10 7 10 1 9 8 6 5 3 8 8 4 10 9 5 5 3 3 5 7 3 7 10 9 8 10 10 8 8 2 9 8 10 1 5 5 7 10 8 7 5 2 6 5 7 2 8 2 1 10 4 3 9 5 
1 8 5 7 7 9 3 5 5 4 9 1 6 3 7 1 6 2 1 5 5 3 7 1 6 2 6 8 6 1 10 8 4 6 3 1 10 2 2 5 10 3 3 3 7 8 7 3 9 3 8 10 6 6 10 1 9 9 9 4 7 8 4 9 8 3 8 1 6 6 1 5 4 7 10 5 6 5 10 6 7 9 6 6 10 10 6 3 7 2 4 4 2 9 6 5 3 2 7 2 4 6 10 9 2 2 10 9 4 3 10 4 10 9 10 2 4 2 6 10 6 7 7 2 6 1 8 9 
7 3 6 6 8 7 6 3 2 10 2 5 10 9 3 7 10 1 8 6 5 2 2 6 4 6 1 5 2 8 8 10 5 6 7 4 2 1 9 2 4 6 10 8 8 5 6 6 8 9 7 4 2 2 10 5 2 1 3 9 7 8 9 3 10 9 4 8 1 1 3 2 9 7 5 9 2 8 4 4 1 10 8 3 1 7 9 8 4 8 8 4 1 9 10 7 6 5 9 4 9 9 4 10 10 3 5 1 2 8 1 7 5 6 8 1 3 4 9 10 10 1 3 7 2 9 4 3 
5 10 3 10 4 3 1 1 5 10 8 9 8 6 7 2 6 1 4 8 1 5 7 10 3 10 3 4 6 4 8 8 8 3 1 6 9 7 4 9 7 5 4 7 8 7 5 6 7 7 9 2 2 9 4 4 10 10 4 10 9 6 2 7 7 3 5 10 1 1 4 5 7 2 6 7 10 3 3 6 9 10 7 7 1 4 1 4 7 1 3 5 7 7 6 3 8 9 9 8 8 5 3 9 5 8 3 4 9 9 2 1 8 4 5 10 7 1 3 8 10 4 9 1 5 10 7 2 
10 7 9 4 9 7 2 3 4 9 6 8 8 5 4 4 10 3 4 4 5 6 6 1 1 10 5 4 4 5 4 4 9 7 9 6 2 6 10 5 7 6 10 7 5 7 10 6 8 2 10 9 4 3 6 9 6 5 10 5 10 2 6 1 8 10 10 4 9 1 1 3 6 5 10 6 3 8 4 7 2 5 1 8 5 8 5 4 8 7 6 3 3 4 7 4 2 2 3 5 7 6 4 1 4 8 5 4 8 2 2 10 2 9 6 9 1 1 6 10 5 7 8 7 8 4 6 1 
7 2 9 1 1 7 1 6 3 4 3 2 7 10 6 10 3 6 8 7 8 10 4 5 2 5 7 2 6 9 4 9 5 5 6 10 6 5 8 10 2 3 6 1 1 4 4 3 9 4 1 7 9 3 3 8 2 1 5 1 6 3 10 7 2 5 9 9 9 4 8 7 8 9 2 6 8 3 10 9 7 3 2 10 7 5 10 1 3 6 5 8 3 6 9 2 10 3 7 10 3 5 9 5 5 10 1 8 2 6 7 2 9 1 5 8 6 5 2 10 2 7 2 9 1 2 4 8 
2 7 3 4 3 7 3 10 9 7 5 8 4 9 4 8 2 7 8 6 1 8 5 6 3 10 6 1 1 7 3 8 7 8 1 1 8 8 9 8 7 8 6 2 1 7 7 4 8 6 2 5 6 3 10 9 8 10 2 10 2 5 4 3 6 8 9 1 1 6 9 6 6 4 5 5 2 7 7 7 2 2 2 9 3 8 3 1 1 5 8 6 7 7 1 2 7 9 4 9 1 3 1 3 4 8 1 7 1 10 1 1 9 7 1 6 8 4 3 5 1 1 3 6 6 9 3 1 
7 7 10 10 5 9 1 10 4 9 3 2 7 2 9 7 2 2 10 2 4 6 7 10 9 9 10 3 7 7 7 6 1 4 3 7 1 8 6 5 3 9 8 5 1 2 10 1 5 3 5 3 4 6 6 7 5 10 5 8 2 7 8 6 1 8 7 10 1 7 6 1 2 9 7 2 7 1 2 5 2 10 7 5 8 6 4 7 4 2 3 8 2 5 2 4 8 7 5 6 4 6 8 9 3 6 1 6 10 2 5 1 5 9 3 1 3 6 3 8 8 2 5 3 5 8 6 3 
10 4 7 7 2 5 3 4 6 5 1 8 3 3 3 2 10 7 8 6 3 10 10 9 10 3 10 2 3 7 5 9 1 7 10 5 8 10 10 5 10 10 3 10 5 5 3 10 9 10 4 3 6 4 8 8 3 8 6 1 1 8 1 4 9 8 7 6 10 10 6 1 10 9 9 8 5 10 6 10 9 1 4 10 9 8 1 8 2 7 8 3 2 8 4 5 1 10 8 8 1 7 4 9 2 4 6 9 7 9 2 2 10 9 10 9 6 5 4 3 9 7 5 1 2 8 1 1 
3 5 6 2 5 2 9 10 10 5 10 3 10 4 10 4 9 5 7 9 7 4 8 5 6 5 9 10 1 4 5 1 7 7 6 10 1 10 10 6 8 5 2 3 6 6 9 7 9 9 1 5 5 6 10 9 10 7 8 10 6 2 5 8 7 10 4 6 8 8 4 6 5 4 5 1 8 10 8 4 1 5 4 4 7 5 8 2 8 1 2 10 1 2 8 4 1 8 10 10 2 6 10 4 6 4 5 3 1 5 1 10 9 6 4 1 4 6 3 7 4 4 7 3 9 7 6 7 
6 5 5 6 5 10 5 5 8 8 1 3 4 9 7 6 1 6 3 9 4 4 8 3 8 6 7 8 9 2 5 1 3 1 5 7 4 5 1 9 1 9 2 2 1 10 4 2 3 5 5 7 6 8 8 10 5 7 1 4 1 7 1 3 2 8 5 1 10 5 1 9 8 5 1 2 4 2 6 6 3 10 5 8 7 5 1 3 9 4 10 7 5 2 5 4 1 7 10 6 5 8 2 3 10 10 3 6 10 6 2 5 10 3 3 6 10 6 9 3 7 10 8 10 10 5 5 3 
1 4 2 1 9 2 3 5 3 10 7 5 3 5 2 8 10 9 5 4 6 6 9 4 5 10 5 2 9 2 7 1 5 8 7 2 4 10 4 1 1 8 1 2 10 5 9 1 7 6 8 7 2 6 10 6 6 8 6 10 1 8 10 2 4 1 4 3 5 1 1 9 3 10 1 3 9 8 8 7 7 10 9 5 8 1 4 3 4 9 8 9 4 8 7 9 4 3 7 7 3 1 3 4 2 7 9 4 5 5 8 6 10 5 2 8 4 1 5 3 4 10 1 5 6 3 2 9 
9 7 9 3 1 5 3 1 8 4 5 8 1 9 7 9 7 9 2 10 9 4 5 2 2 9 8 9 6 5 10 10 2 3 9 8 2 7 7 1 8 9 1 10 10 5 8 8 10 1 1 5 5 1 10 1 1 4 1 6 1 4 3 1 3 5 10 7 4 6 5 1 1 2 4 5 10 2 1 8 2 7 2 7 7 2 7 10 4 6 10 5 8 4 1 1 1 4 2 7 3 5 3 5 8 9 1 9 3 2 7 6 10 3 10 8 5 6 4 3 6 8 5 9 4 10 1 3 
10 2 5 7 9 10 10 5 7 3 4 6 1 6 10 9 7 9 8 8 3 1 2 8 2 4 10 1 6 4 10 6 7 2 2 4 3 7 5 3 3 9 5 3 6 8 8 9 1 6 3 5 8 4 5 7 4 4 1 7 10 2 1 6 5 9 8 10 9 10 2 6 2 10 5 8 7 9 6 10 1 7 8 4 6 6 10 1 4 3 10 4 2 5 3 9 9 7 7 3 6 2 7 10 1 6 9 4 9 10 8 8 1 4 4 2 4 5 2 9 3 9 2 1 10 7 4 9 
10 2 9 5 5 6 9 10 8 5 3 7 5 6 7 1 3 7 10 6 7 6 6 8 5 6 6 3 2 5 10 6 3 8 9 8 5 8 9 4 9 6 7 2 8 10 4 2 8 3 1 1 8 4 2 10 2 2 10 3 2 7 1 2 1 10 7 8 2 4 4 5 5 9 8 1 7 5 7 5 9 10 6 1 10 5 7 6 8 1 7 5 6 4 8 3 9 1 1 8 5 3 10 8 10 6 8 2 9 10 4 10 2 8 2 9 9 6 5 6 5 1 9 10 1 1 6 3 
6 4 6 7 1 5 1 4 10 6 8 2 7 9 10 10 8 6 10 10 8 1 1 1 6 5 7 1 6 4 2 9 3 5 1 1 6 2 9 3 8 7 8 5 1 5 4 7 4 10 8 10 3 3 2 8 2 10 7 2 2 10 7 9 3 1 2 8 9 5 5 1 4 3 3 9 10 1 8 4 4 6 5 2 7 1 6 2 3 8 9 10 4 6 2 4 1 6 7 5 3 5 3 6 7 8 6 1 5 2 7 6 2 5 5 10 3 7 9 9 2 7 4 3 5 10 10 9 
1 9 3 5 6 1 6 6 4 10 2 5 5 7 5 6 6 1 6 1 5 9 3 9 3 2 6 2 2 3 10 4 9 5 1 8 9 4 1 5 6 6 6 5 4 10 10 6 6 8 7 5 3 1 7 8 1 1 9 4 3 2 7 7 10 9 10 3 7 3 10 8 7 9 9 6 7 3 2 9 3 2 7 8 3 6 1 5 10 4 7 5 8 10 5 10 4 4 10 3 6 8 10 7 10 8 8 6 3 10 5 5 5 8 3 4 10 10 9 8 3 3 6 5 4 6 5 8 
3 3 4 10 4 5 9 1 7 9 2 4 1 3 1 7 6 4 8 2 6 4 9 10 9 3 3 3 10 6 6 4 1 2 4 1 8 1 7 1 10 4 1 9 10 6 6 2 8 5 5 1 8 6 2 7 5 3 6 10 9 9 4 5 8 8 5 2 7 4 4 1 9 6 6 3 8 5 1 1 7 4 4 7 8 7 1 7 4 3 6 2 2 4 9 4 6 10 6 5 9 1 8 6 4 4 1 4 9 1 4 2 4 3 3 9 10 3 7 8 9 6 5 7 4 4 7 9 
4 2 2 4 7 9 9 8 3 4 3 8 9 9 10 8 4 8 9 3 2 6 9 10 6 8 4 10 9 2 2 10 7 6 1 10 1 8 5 3 7 10 9 9 4 8 9 2 10 3 9 5 7 5 8 8 8 9 7 1 3 9 8 2 2 4 10 9 7 8 8 9 7 8 7 4 2 8 2 6 1 9 8 2 3 1 9 9 8 5 9 3 9 3 8 10 2 8 3 3 2 7 6 2 10 9 5 2 10 4 9 8 9 9 2 5 6 10 5 8 1 1 4 8 1 2 4 6 
6 4 5 1 7 7 2 8 10 3 2 10 4 1 3 4 2 9 8 2 5 4 9 9 3 10 8 5 1 6 9 4 8 2 3 6 2 7 6 10 6 2 2 10 7 10 10 10 5 1 3 8 3 4 5 1 4 8 3 5 8 7 7 10 2 7 9 5 5 6 3 1 2 9 5 6 6 1 8 6 9 5 8 1 9 8 4 4 5 3 1 2 5 8 4 1 8 3 6 5 6 1 3 4 1 4 10 10 5 4 2 1 9 6 7 8 5 6 5 7 2 2 2 5 4 10 7 10 
4 1 4 2 6 5 5 8 3 7 10 9 8 4 1 7 8 2 1 2 2 2 3 6 9 10 2 8 5 6 10 9 8 9 1 10 2 8 5 3 3 5 6 5 4 6 3 8 1 1 6 9 9 10 3 4 9 5 7 3 2 7 1 9 8 10 4 10 4 6 9 9 1 9 5 8 10 6 9 7 8 8 9 4 5 1 5 3 4 1 9 6 4 7 1 7 5 2 8 8 3 7 9 4 7 1 1 3 4 9 2 8 10 9 5 10 8 2 2 2 10 10 1 1 9 9 4 8 
9 4 4 6 1 10 4 9 5 5 10 10 8 5 3 8 8 8 3 9 2 3 9 8 6 2 2 2 8 6 4 7 1 2 1 9 6 2 8 8 2 4 10 3 3 10 2 3 2 5 2 7 10 3 3 2 8 9 5 2 3 5 3 4 6 1 5 7 9 7 7 10 4 10 1 8 8 9 8 6 10 2 7 4 4 3 6 7 8 10 6 7 4 6 9 4 2 5 4 1 8 7 3 1 6 10 9 7 6 3 7 5 10 9 3 2 5 1 10 3 5 8 5 6 9 9 5 9 
10 1 2 7 4 9 10 9 6 2 3 3 3 7 10 8 9 10 1 4 5 2 4 1 7 2 6 3 1 8 8 3 3 6 1 8 7 6 7 3 4 10 2 5 3 8 6 4 7 1 7 7 7 4 7 9 3 2 7 6 9 2 2 5 6 7 9 9 7 5 7 6 8 3 9 6 5 1 5 6 4 10 6 8 2 2 2 1 8 10 8 1 9 9 5 8 6 10 7 9 6 4 3 5 5 6 7 7 7 3 1 10 3 8 5 6 7 1 6 1 1 7 5 8 4 5 7 2 
10 9 8 7 10 1 1 8 10 3 1 8 2 3 9 3 6 9 8 7 3 6 7 3 7 2 4 4 9 10 2 6 9 6 1 7 9 4 1 10 6 7 3 4 3 9 6 9 8 1 9 10 7 7 6 10 5 10 9 8 10 2 9 4 6 3 8 3 3 2 2 4 7 4 2 6 4 4 6 2 2 7 1 1 8 8 10 1 7 2 2 3 10 3 1 8 3 7 10 10 3 1 8 10 8 8 8 1 9 3 7 4 8 10 10 4 3 6 2 9 8 3 1 7 6 8 9 2 
1 6 9 10 7 2 1 1 6 4 4 4 2 1 2 2 8 1 7 3 7 7 8 3 10 10 4 8 2 7 5 3 9 8 3 9 9 8 3 8 2 4 9 7 8 2 6 10 9 8 10 7 5 9 7 3 8 6 6 7 2 10 6 1 5 7 1 3 4 7 5 1 5 6 2 8 7 5 5 10 9 5 9 7 7 3 5 9 7 4 10 3 10 1 6 1 4 5 3 7 6 2 6 1 6 6 6 5 3 7 3 7 1 5 4 9 6 3 1 2 8 4 5 8 7 9 4 1 
8 1 6 7 1 2 10 3 9 1 7 9 10 1 9 7 10 6 7 8 9 9 7 2 8 1 5 1 2 6 4 10 4 2 6 5 9 7 1 4 4 5 9 4 4 3 3 10 5 1 9 2 10 7 10 10 10 7 9 1 7 6 2 1 8 7 10 3 5 2 3 1 6 6 9 4 7 5 5 9 7 4 10 2 9 5 6 4 7 4 3 9 4 4 5 1 7 9 5 9 3 7 9 10 5 6 7 3 5 6 3 10 9 8 2 3 1 6 9 4 4 5 9 1 8 7 7 6 
8 9 10 10 10 2 7 1 3 9 10 4 10 6 7 6 8 4 5 1 7 3 7 5 4 9 1 9 1 2 9 1 6 1 4 9 10 7 10 1 10 4 1 7 8 8 5 5 10 3 7 9 2 5 2 8 6 4 4 7 1 8 3 10 6 7 6 9 2 9 5 2 2 6 7 10 10 6 2 8 3 10 9 8 8 9 6 9 1 5 2 3 8 3 2 10 9 5 9 6 4 4 1 4 8 5 5 5 6 10 10 5 10 1 4 10 9 7 5 10 5 9 7 1 3 10 1 7 
5 2 5 6 3 3 7 1 2 3 5 2 8 8 8 8 4 10 2 4 5 10 4 2 10 8 7 3 9 1 1 4 3 4 10 3 10 10 4 4 5 4 8 7 10 5 2 10 2 8 8 8 4 10 7 6 7 5 5 4 9 2 2 1 3 10 7 3 3 1 1 6 3 8 4 10 7 4 8 8 1 7 10 4 3 4 4 5 1 7 6 6 5 7 10 1 3 10 10 9 2 7 9 6 3 6 10 10 5 9 2 9 9 7 8 5 7 6 7 5 3 2 2 3 8 5 4 7 
3 9 3 5 6 4 9 10 3 2 7 2 2 9 8 1 10 5 10 2 4 1 1 2 1 7 2 8 7 4 6 3 5 4 7 10 9 4 6 8 7 1 1 6 1 1 7 6 3 5 6 1 6 8 8 3 1 1 4 4 8 9 6 1 4 3 3 7 4 3 10 1 4 8 2 9 10 7 1 10 5 8 4 5 8 8 7 7 10 2 3 8 4 3 7 6 6 7 9 2 5 2 9 1 7 8 8 1 4 4 8 10 2 3 7 2 1 1 10 3 4 6 3 4 3 9 4 8 
9 8 7 4 1 5 8 1 4 5 8 6 4 10 9 6 2 2 9 3 2 8 8 3 10 10 1 6 5 2 5 2 4 8 5 6 9 2 7 6 10 6 5 4 1 4 7 6 5 6 9 1 4 4 7 10 4 8 8 4 5 10 3 10 6 6 9 1 2 8 7 6 5 7 5 9 7 7 4 4 3 10 2 5 5 1 5 10 4 3 3 10 10 6 7 10 5 2 4 2 8 4 8 9 8 6 2 2 1 1 7 1 10 10 1 9 4 5 9 2 2 3 2 1 8 5 4 5 
10 2 8 8 4 1 4 8 8 9 4 1 9 7 1 1 3 3 8 5 5 3 7 4 10 7 10 5 7 2 6 6 4 10 7 3 1 2 8 9 7 1 6 5 3 2 4 1 10 6 8 3 8 4 2 9 10 3 6 9 4 1 9 8 7 9 9 1 6 3 5 1 7 2 6 2 8 5 1 9 2 10 8 5 9 6 6 2 7 2 5 6 4 9 6 9 7 7 6 6 2 4 3 7 9 3 9 2 6 3 2 7 9 4 9 4 1 8 8 10 9 10 5 4 3 4 10 7 
5 8 5 5 4 7 10 10 10 1 8 6 8 1 8 9 7 5 3 4 6 9 1 1 7 3 3 10 3 9 5 8 1 10 1 6 7 8 4 4 4 6 4 5 9 5 5 9 6 9 2 5 3 7 8 1 3 5 1 1 5 3 3 8 9 3 6 3 5 8 4 1 10 4 9 1 10 9 6 4 3 5 6 1 5 7 7 9 9 7 2 7 9 8 9 6 6 7 10 4 10 7 9 9 7 6 10 9 3 8 4 1 3 4 9 8 1 7 1 1 3 7 4 5 6 7 10 8 
10 8 8 7 9 9 1 9 9 7 2 9 6 8 10 10 1 3 10 10 3 9 7 8 2 9 6 4 8 7 9 5 1 8 5 1 5 10 7 4 9 7 1 2 3 4 4 2 3 10 10 4 4 10 8 1 10 3 10 3 8 1 5 5 9 2 2 2 2 5 9 5 6 7 5 9 1 5 1 2 7 4 3 9 4 9 7 4 2 1 1 4 10 8 10 1 7 3 6 2 5 7 7 7 7 2 8 10 1 2 7 4 4 5 1 4 10 1 10 9 9 4 7 4 2 8 1 10 
2 7 9 6 1 4 4 2 7 2 10 3 7 7 5 2 6 6 4 4 9 7 3 1 8 9 1 5 8 3 1 5 7 3 9 6 9 4 5 8 9 3 3 3 4 3 4 10 6 7 5 9 7 2 2 8 8 6 1 7 1 8 1 6 7 4 10 4 1 6 8 4 2 5 10 9 10 2 3 1 10 9 2 9 9 6 7 4 5 2 3 4 8 9 6 8 2 8 1 7 7 3 5 6 4 9 7 1 4 4 6 5 1 5 4 6 2 5 8 7 6 2 6 1 10 8 7 5 
1 5 2 8 6 3 2 10 7 1 8 9 6 8 5 7 8 4 8 6 8 6 1 5 1 6 8 10 3 4 2 1 2 1 9 9 1 7 4 3 4 9 4 2 4 4 3 10 6 2 2 4 9 7 7 8 10 5 3 1 6 10 6 9 10 5 8 4 5 4 9 8 7 4 1 6 9 8 3 3 3 9 2 10 1 5 9 3 10 8 2 1 1 8 9 7 9 6 4 10 9 6 3 8 9 3 2 7 9 4 10 5 10 3 10 9 9 5 3 7 5 9 3 10 10 2 2 9 
6 10 4 3 8 8 2 5 10 2 2 3 3 6 3 8 4 4 2 2 1 6 3 5 8 1 9 4 8 10 7 1 1 4 7 4 6 1 4 2 10 5 1 6 3 5 6 4 1 6 7 4 7 8 5 10 1 7 4 9 6 3 5 3 8 10 4 1 5 2 5 1 7 5 10 1 5 1 4 1 4 10 9 10 1 8 3 6 1 3 10 4 1 8 2 1 2 9 2 5 3 9 8 10 1 8 10 2 3 4 6 7 2 5 7 10 6 6 7 2 4 1 7 7 2 5 5 10 
9 4 8 1 9 7 10 5 6 1 5 9 5 6 6 5 5 4 1 6 2 9 5 9 6 4 6 2 6 4 1 4 7 9 3 2 2 3 3 1 9 1 2 7 5 3 8 7 1 9 8 2 10 3 10 3 7 9 3 1 3 10 5 1 9 8 3 4 6 9 1 8 10 5 7 9 4 2 3 1 1 9 1 1 10 4 5 3 1 7 9 9 5 7 1 4 10 8 5 8 3 9 2 1 9 4 4 8 9 6 6 8 1 8 10 2 7 3 4 6 4 2 2 2 1 6 4 4 
8 1 1 1 10 2 2 4 5 5 2 6 2 9 7 10 10 3 7 9 1 1 4 3 3 2 2 3 7 8 6 3 10 9 8 9 10 9 1 3 5 8 7 7 3 1 10 1 5 4 7 7 7 6 2 3 9 1 4 3 7 5 7 4 5 5 7 5 4 7 4 5 8 3 6 4 4 2 8 9 2 5 9 10 1 8 2 9 1 9 1 2 7 9 2 3 3 3 9 7 9 6 10 3 8 4 2 7 4 4 3 10 3 3 6 7 5 5 1 3 4 2 8 7 3 2 9 9 
9 6 1 9 2 3 9 5 9 8 4 9 8 9 6 2 6 4 10 6 4 1 1 8 3 2 2 8 9 2 9 7 1 7 10 9 8 6 9 5 6 2 4 4 1 7 10 6 1 1 9 8 2 5 9 3 8 5 4 4 7 1 10 5 10 3 6 4 5 6 9 3 1 6 8 3 1 2 2 2 2 8 6 9 1 7 7 10 4 9 7 10 2 9 8 2 3 8 2 1 4 10 5 8 4 2 6 2 8 1 7 9 4 8 9 9 4 6 8 6 10 8 10 3 7 6 2 6 
10 10 5 3 4 4 8 1 10 10 9 6 6 10 7 8 5 6 7 4 10 2 3 6 9 4 6 3 2 7 9 1 3 4 9 8 10 1 9 10 2 6 4 2 3 5 6 1 5 8 7 5 10 8 3 5 7 7 3 1 2 10 7 1 9 1 7 4 9 7 7 1 3 8 9 8 8 7 4 5 7 1 5 8 6 2 1 6 6 10 7 9 9 7 2 6 6 6 9 8 10 6 4 5 3 8 4 6 5 6 1 10 1 9 7 4 3 4 8 6 2 8 8 3 8 7 5 10 
6 6 3 3 6 5 3 1 2 2 5 1 7 5 8 1 5 10 9 7 5 4 7 10 8 2 7 8 4 8 5 2 6 9 4 3 8 3 6 2 4 9 10 8 2 3 6 5 7 7 5 3 10 8 3 8 3 8 10 6 9 5 7 7 3 4 5 3 6 1 10 3 7 2 8 3 2 6 1 5 2 6 10 6 4 6 3 10 2 5 6 2 4 8 6 6 2 10 5 10 2 3 8 4 7 5 3 1 2 3 10 10 3 7 4 1 9 4 10 10 4 3 8 7 3 4 3 2 
8 3 3 4 5 3 7 5 6 9 5 10 4 7 10 8 9 10 8 5 1 2 1 2 3 9 5 7 7 8 5 5 6 10 2 2 3 1 10 8 2 7 2 2 5 1 5 9 5 3 4 5 1 6 2 10 10 7 5 8 1 2 1 6 4 2 2 7 4 10 4 8 9 1 8 2 4 6 3 4 2 2 9 2 2 5 5 9 4 2 6 3 4 5 3 9 9 4 8 4 4 1 8 1 3 3 5 6 8 9 6 2 10 4 10 5 3 3 4 10 8 6 4 5 7 7 1 3 
4 4 4 9 2 9 10 2 3 9 6 5 9 2 7 7 7 10 3 5 7 4 9 8 4 7 10 4 1 10 9 2 4 2 10 1 10 9 2 5 5 3 5 8 8 8 1 3 4 7 8 3 1 3 5 8 7 10 1 1 9 5 5 6 7 7 1 8 9 8 7 4 6 4 5 6 4 9 5 8 8 9 9 2 9 9 2 2 3 10 6 1 2 4 2 3 4 7 3 6 7 9 2 4 6 9 6 4 2 6 9 5 3 10 6 2 6 2 10 2 10 7 1 8 4 5 10 4 
30 81 173 62 89 86 67 126 93 184 46 183 154 61 109 31 67 41 78 106 64 89 144 154 171 42 83 176 145 152 103 91 122 157 98 117 78 107 30 90 53 113 134 70 181 84 73 62 123 172 120 38 52 140 134 87 102 12 138 133 39 34 55 104 97 123 70 95 114 87 137 31 56 144 99 127 75 140 16 105 109 87 57 57 163 167 80 26 108 130 95 40 111 160 69 41 90 178 73 84 109 93 92 117 56 145 80 116 110 122 110 85 101 153 180 77 68 100 61 100 127 105 56 134 100 124 127 107 
81 196 54 115 174 93 118 45 105 100 131 67 88 36 19 87 70 97 164 68 119 77 178 26 113 70 93 84 89 128 119 56 120 15 101 59 137 135 169 49 177 102 177 113 127 90 173 158 79 143 139 63 89 84 133 110 84 165 40 131 131 114 133 66 68 45 150 126 120 125 53 48 101 143 128 188 116 56 119 161 32 55 28 68 131 68 48 98 62 45 94 83 98 118 92 102 43 66 109 124 90 132 77 115 155 85 86 133 38 70 89 136 66 101 102 98 94 109 37 172 34 176 151 117 99 144 69 25 
173 54 74 80 83 72 63 136 8 52 182 46 76 107 120 111 190 138 134 111 104 100 93 125 70 142 113 25 179 136 73 90 43 149 159 181 152 140 34 184 58 70 123 76 48 46 63 52 132 174 63 89 145 135 109 52 53 115 81 125 63 60 99 172 47 59 192 134 199 74 115 111 69 182 104 69 166 66 53 106 76 126 109 138 40 109 58 195 108 173 143 65 88 72 176 102 148 147 35 47 62 158 69 93 154 74 109 76 20 49 145 106 72 32 124 133 127 179 87 142 63 86 56 80 127 108 12 139 
62 115 80 68 109 38 78 61 43 61 159 117 90 110 111 95 73 45 139 104 192 197 95 93 22 198 149 93 86 157 69 82 88 68 73 73 116 107 19 158 70 63 149 111 85 144 42 34 132 97 89 90 145 130 148 55 130 56 170 119 74 137 88 109 76 119 133 111 143 59 108 139 86 39 84 96 74 171 123 66 43 108 66 87 116 63 96 126 67 118 151 135 77 73 148 23 34 195 50 177 97 92 96 64 66 177 95 57 108 120 159 158 103 86 53 105 53 129 118 105 113 136 84 128 71 43 117 151 
89 174 83 109 124 77 56 90 91 165 86 142 58 113 147 110 157 104 153 72 105 131 94 57 128 135 26 103 61 159 140 100 158 164 75 56 142 104 153 147 75 61 58 130 80 96 104 67 96 96 122 106 139 114 50 89 149 57 129 37 86 66 114 100 113 27 52 118 108 75 146 45 44 93 86 173 105 99 76 47 59 64 13 172 92 159 153 63 82 107 130 103 34 124 70 172 103 111 15 153 62 92 140 8 123 41 50 109 119 59 170 96 143 45 40 115 160 150 16 99 61 114 132 193 121 105 77 67 
86 93 72 38 77 56 137 160 69 106 125 58 46 162 85 77 87 121 61 148 121 131 49 158 130 62 119 65 124 183 136 104 54 129 166 75 85 117 104 176 71 137 85 81 158 162 74 104 33 177 91 95 111 176 95 156 143 114 118 62 27 113 123 153 106 31 138 28 96 98 139 117 78 126 88 66 12 192 150 87 181 99 153 134 50 86 91 147 103 161 102 109 84 108 77 174 27 159 140 39 59 71 56 53 138 180 84 67 101 176 97 91 176 131 35 149 131 116 150 125 124 137 35 45 109 122 119 73 
67 118 63 78 56 137 42 178 82 84 74 61 151 175 193 161 46 103 56 186 99 180 61 71 56 112 111 73 124 107 165 116 191 109 145 86 21 41 114 102 92 119 151 151 107 111 36 101 97 119 73 76 176 105 87 64 112 60 100 111 149 91 61 34 113 121 81 104 81 85 126 60 70 171 87 69 164 77 9 111 102 168 119 114 128 62 4 120 76 102 37 17 118 79 186 119 75 86 94 122 80 60 160 112 152 51 65 60 104 93 150 79 134 32 87 55 184 85 49 45 89 162 140 146 79 141 74 96 
126 45 136 61 90 160 178 138 82 74 88 60 55 129 140 136 75 171 118 75 108 96 77 113 179 67 101 99 171 125 176 144 81 129 121 106 96 121 132 143 141 124 61 24 106 65 88 100 57 69 105 64 176 129 109 111 87 173 141 71 10 122 114 68 155 117 109 183 121 57 89 100 130 124 45 70 13 135 82 82 122 81 173 153 161 77 164 85 146 53 170 94 31 117 95 141 111 122 117 190 33 66 159 134 161 88 62 73 155 133 109 79 162 84 54 85 120 93 39 89 150 117 96 118 113 144 112 123 
93 105 8 43 91 69 82 82 186 73 108 115 104 85 91 47 161 120 173 69 150 80 141 161 153 84 98 59 143 98 112 52 132 81 105 77 102 53 90 143 91 61 59 80 96 110 94 39 120 18 64 97 138 113 80 136 147 110 108 92 145 119 27 60 133 45 85 146 76 174 61 92 89 145 63 119 113 33 123 90 137 95 136 69 58 70 101 123 129 51 48 116 56 138 170 77 152 101 102 139 129 169 72 95 97 153 124 106 163 75 75 68 38 142 118 136 133 148 100 137 84 106 88 121 73 87 58 189 
184 100 52 61 165 106 84 74 73 44 127 101 108 130 55 113 82 115 160 59 167 111 15 118 80 169 100 79 152 156 126 63 62 38 34 152 168 21 114 113 159 115 128 100 100 124 136 110 84 112 129 150 62 26 115 74 84 126 130 169 109 60 138 79 85 145 159 130 76 115 72 34 169 114 125 5 133 43 139 46 25 154 124 77 101 145 139 95 63 59 93 118 70 158 81 144 134 125 43 159 111 122 76 113 44 163 84 163 22 90 92 67 50 110 65 85 129 140 77 106 140 86 20 86 65 95 18 74 
46 131 182 159 86 125 74 88 108 127 28 161 124 85 112 57 136 65 16 155 121 73 132 110 181 14 72 69 141 59 116 121 92 126 98 109 178 112 37 114 39 81 73 21 96 119 14 157 32 154 88 89 120 93 48 100 15 47 182 80 156 80 74 104 61 72 105 143 94 141 96 62 141 15 114 125 164 48 31 143 152 91 62 134 120 111 104 106 143 68 81 99 99 110 60 78 114 115 82 89 51 141 151 164 134 130 38 30 79 117 115 180 148 125 82 67 12 29 65 153 176 112 113 61 79 159 115 109 
183 67 46 117 142 58 61 60 115 101 161 152 68 166 66 88 134 62 104 73 84 110 131 57 174 197 162 85 120 162 79 87 57 115 80 95 21 44 126 120 145 73 141 139 85 99 20 104 84 62 177 113 98 45 42 114 89 113 174 176 44 184 107 120 118 124 134 83 85 37 110 174 105 50 75 84 73 98 96 47 125 73 148 74 96 108 49 152 59 173 121 64 78 76 85 124 164 58 168 73 117 61 103 143 39 111 43 60 78 70 149 98 97 162 95 141 43 43 72 104 59 100 14 50 95 73 112 107 
154 88 76 90 58 46 151 55 104 108 124 68 132 126 109 125 136 93 103 84 103 143 115 110 79 152 78 71 84 160 102 45 133 62 70 88 145 31 126 167 107 103 98 121 43 13 51 118 99 57 95 94 98 129 119 107 138 144 22 64 142 22 81 69 113 99 62 32 117 116 170 110 186 72 91 72 97 108 104 120 90 89 69 72 118 92 65 25 51 158 78 66 105 104 52 102 61 101 183 147 92 152 136 72 92 101 95 75 32 140 159 192 106 72 128 38 106 41 146 161 51 82 132 159 76 72 52 70 
61 36 107 110 113 162 175 129 85 130 85 166 126 18 91 97 111 86 86 60 120 117 104 158 112 110 180 122 89 89 120 90 80 140 146 176 66 42 60 37 105 97 71 73 136 95 103 119 76 123 127 189 61 107 120 109 96 136 142 75 167 114 77 47 80 85 160 36 85 126 151 51 50 77 54 75 169 136 138 63 79 65 78 94 126 77 177 106 99 143 76 197 74 103 63 12 91 64 110 121 108 101 84 148 59 79 67 44 78 154 108 81 128 23 138 144 62 76 172 127 118 127 121 140 76 114 82 90 
109 19 120 111 147 85 193 140 91 55 112 66 109 91 150 130 80 31 74 97 95 62 56 117 158 169 151 13 160 30 113 155 39 87 38 134 136 140 127 97 73 156 142 97 158 53 124 59 55 94 100 102 94 177 122 135 144 75 177 9 87 183 141 46 69 171 97 152 112 101 133 126 152 71 110 65 88 71 90 107 89 137 80 24 174 119 56 43 41 93 89 64 122 63 87 64 93 87 101 170 106 157 86 28 36 143 59 119 78 151 96 109 169 46 89 119 136 70 112 25 89 153 83 114 77 34 120 91 
31 87 111 95 110 77 161 136 47 113 57 88 125 97 130 6 87 155 109 49 53 92 102 162 178 127 97 124 174 129 79 139 125 85 150 127 109 67 154 92 116 85 75 18 128 175 64 78 67 141 157 158 62 81 39 29 97 81 90 119 7 66 83 103 42 79 53 141 135 130 146 186 56 107 62 110 65 100 103 160 79 55 173 179 160 134 164 157 137 191 55 65 118 175 146 34 55 57 110 98 170 96 166 93 66 30 53 144 127 101 95 62 105 46 67 86 94 182 78 146 72 112 141 99 118 94 51 28 
67 70 190 73 157 87 46 75 161 82 136 134 136 111 80 87 38 81 146 97 90 106 106 27 78 58 156 102 23 111 99 188 169 145 112 113 42 157 78 130 96 142 115 11 21 48 14 81 91 160 67 80 27 74 28 150 78 154 48 99 77 79 109 120 104 19 124 105 110 138 102 99 131 85 64 78 130 84 197 59 74 128 86 35 28 110 149 90 75 77 104 185 165 192 86 107 52 119 186 97 97 143 79 110 88 104 29 151 176 119 61 29 78 116 73 51 73 164 95 78 88 109 52 108 158 117 170 77 
41 97 138 45 104 121 103 171 120 115 65 62 93 86 31 155 81 80 47 148 90 169 47 106 171 50 88 86 134 76 51 105 66 115 102 158 127 66 134 108 97 126 115 143 156 99 143 85 53 82 112 120 52 148 80 104 178 132 122 120 163 103 119 90 87 100 177 137 155 104 72 80 77 126 181 42 72 74 195 104 64 28 166 193 84 116 90 134 75 84 83 83 149 44 80 91 47 59 144 151 93 185 83 128 22 127 64 15 43 42 139 172 79 73 133 74 169 16 76 67 78 143 118 104 134 29 107 142 
78 164 134 139 153 61 56 118 173 160 16 104 103 86 74 109 146 47 52 69 77 113 75 98 78 108 112 110 86 101 69 68 71 132 123 122 128 27 143 156 74 83 68 42 132 104 83 70 70 76 191 12 158 146 101 12 176 147 65 169 43 53 14 58 190 53 119 50 141 71 41 33 98 107 58 10 61 107 165 140 12 39 58 14 93 30 90 172 192 78 66 164 68 137 78 103 111 32 65 82 116 59 159 87 87 130 88 99 120 91 96 109 183 86 172 109 138 191 111 103 163 87 135 142 128 101 131 115 
106 68 111 104 72 148 186 75 69 59 155 73 84 60 97 49 97 148 69 174 115 138 104 55 88 24 80 67 145 101 108 47 127 106 42 121 114 105 94 89 75 177 40 72 20 88 125 97 125 22 102 112 129 61 49 52 102 52 179 129 31 121 139 127 90 29 143 98 84 149 128 38 179 99 129 76 127 113 126 77 47 96 151 67 103 133 40 123 134 49 72 60 102 124 34 32 160 45 97 88 104 126 162 102 44 165 58 66 52 118 83 129 6 93 136 47 95 98 92 122 158 74 97 143 136 81 148 92 
64 119 104 192 105 121 99 108 150 167 121 84 103 120 95 53 90 90 77 115 86 32 112 127 58 107 25 141 98 163 19 66 98 12 123 95 151 61 117 120 44 138 100 104 40 147 125 74 15 190 176 145 56 125 48 58 88 68 61 97 87 18 97 160 126 140 54 106 144 108 84 175 92 53 85 89 73 143 128 140 161 105 45 104 87 107 119 140 80 118 136 84 68 43 110 117 102 95 62 73 45 93 94 165 96 142 88 110 70 64 73 147 78 29 40 133 35 12 127 136 80 31 46 67 71 105 48 82 
89 77 100 197 131 131 180 96 80 111 73 110 143 117 62 92 106 169 113 138 32 136 64 135 39 149 142 139 96 155 153 103 48 63 156 144 107 91 115 97 129 131 117 81 111 135 148 143 128 86 107 159 46 80 172 110 92 100 120 97 97 106 118 105 152 74 92 103 145 35 128 121 35 34 72 170 136 172 95 61 127 58 102 148 100 107 46 29 104 138 84 95 121 91 109 159 98 106 88 182 193 113 88 163 52 86 145 69 138 37 147 170 119 90 63 147 90 153 124 124 74 158 189 167 106 159 117 37 
144 178 93 95 94 49 61 77 141 15 132 131 115 104 56 102 106 47 75 104 112 64 58 72 124 58 133 111 51 88 167 92 68 145 127 87 96 85 110 22 102 41 40 106 50 97 65 141 122 93 92 115 129 91 131 115 19 113 132 44 138 138 67 189 60 42 25 188 128 91 106 134 159 110 146 46 153 103 139 63 149 144 90 129 79 160 33 79 108 27 126 68 82 146 57 162 96 66 82 35 96 86 84 123 61 79 106 189 40 57 46 56 123 56 62 36 24 102 77 151 131 127 128 116 130 156 23 129 
154 26 125 93 57 158 71 113 161 118 110 57 110 158 117 162 27 106 98 55 127 135 72 62 169 65 98 59 120 119 137 76 90 85 76 105 117 110 26 91 33 80 87 154 70 80 178 51 197 117 120 139 138 169 97 41 59 66 43 127 74 126 103 176 85 172 136 135 162 81 89 91 42 148 72 21 118 74 149 99 112 118 114 79 75 61 42 122 53 136 157 133 120 115 135 89 126 56 56 77 141 180 69 142 131 14 86 112 132 136 164 69 174 153 63 49 143 110 57 23 157 76 92 168 103 136 99 97 
171 113 70 22 128 130 56 179 153 80 181 174 79 112 158 178 78 171 78 88 58 39 124 169 14 51 87 104 50 145 131 77 174 113 154 88 135 122 63 120 116 106 35 82 63 47 112 186 116 164 118 125 104 57 90 138 163 98 35 36 30 109 135 93 107 120 111 68 29 126 74 57 126 60 88 32 172 96 137 129 166 106 89 40 66 43 161 86 86 114 81 98 95 109 150 54 77 121 93 141 52 100 167 146 129 158 36 87 74 141 130 132 121 123 164 146 115 103 125 115 125 80 114 102 114 90 107 33 
42 70 142 198 135 62 112 67 84 169 14 197 152 110 169 127 58 50 108 24 107 149 58 65 51 156 132 108 93 44 70 144 86 112 164 70 146 35 67 79 108 86 81 50 128 176 117 74 140 128 95 136 151 76 151 81 170 167 130 80 94 88 58 127 121 95 96 69 168 100 104 121 165 62 99 111 77 114 136 12 103 115 66 119 46 118 51 76 188 149 80 161 120 84 65 57 43 43 128 122 97 100 48 146 113 158 86 147 111 125 113 156 89 136 101 41 171 75 130 122 127 173 41 70 151 115 106 179 
83 93 113 149 26 119 111 101 98 100 72 162 78 180 151 97 156 88 112 80 25 142 133 98 87 132 134 130 129 107 168 104 130 190 89 46 115 115 148 61 47 20 29 152 114 70 126 105 114 160 120 106 98 111 49 99 110 35 102 103 134 151 129 95 126 113 123 110 128 117 126 59 68 120 63 63 95 109 86 88 84 128 173 137 83 76 50 153 52 87 133 110 126 110 170 99 74 158 104 151 67 191 92 115 150 116 169 34 161 167 66 73 177 75 108 59 178 132 132 48 91 146 76 163 45 106 67 74 
176 84 25 93 103 65 73 99 59 79 69 85 71 122 13 124 102 86 110 67 141 139 111 59 104 108 130 84 83 85 156 111 102 92 119 73 91 20 39 184 56 146 167 87 65 172 103 117 22 148 69 42 88 126 77 81 48 138 104 66 40 93 105 93 92 144 127 100 99 171 190 87 127 96 146 81 129 163 154 137 154 93 93 162 109 126 35 123 89 86 88 83 54 126 113 45 102 52 92 20 30 102 64 119 95 124 107 145 79 136 64 145 119 97 32 69 91 128 64 113 31 17 157 162 151 65 140 169 
145 89 179 86 61 124 124 171 143 152 141 120 84 89 160 174 23 134 86 145 98 96 51 120 50 93 129 83 144 29 38 140 49 115 32 21 108 53 126 151 167 119 146 108 151 107 133 85 135 80 44 43 94 105 152 164 45 105 105 96 69 51 144 125 176 182 89 167 109 111 97 120 82 60 144 80 176 77 22 80 33 101 174 65 183 114 86 94 83 181 81 88 141 141 124 139 21 96 126 93 54 105 56 105 88 48 36 153 51 93 51 139 113 50 166 159 163 154 136 94 144 161 49 94 117 101 63 81 
152 128 136 157 159 183 107 125 98 156 59 162 160 89 30 129 111 76 101 101 163 155 88 119 145 44 107 85 29 150 65 58 56 106 124 98 49 134 124 134 124 73 73 33 131 97 108 167 120 158 119 120 63 88 40 61 143 158 14 111 190 58 54 96 71 101 158 141 65 94 144 57 110 78 161 169 67 52 117 54 60 73 40 70 92 179 153 36 120 93 88 89 105 167 120 44 168 27 127 131 83 27 177 105 165 116 93 132 99 72 117 59 108 162 133 102 119 149 58 115 61 152 160 91 104 134 12 58 
103 119 73 69 140 136 165 176 112 126 116 79 102 120 113 79 99 51 69 108 19 153 167 137 131 70 168 156 38 65 32 129 16 137 111 64 83 103 47 161 47 99 162 108 166 60 174 62 86 65 81 120 99 136 90 142 151 111 74 132 91 147 49 62 97 86 49 42 71 105 127 159 78 145 108 183 119 124 43 132 102 133 68 100 110 135 138 114 94 119 109 169 83 153 146 42 101 79 110 34 18 77 106 60 80 110 82 35 120 105 118 87 138 128 73 114 95 183 44 78 71 32 132 102 158 58 83 80 
91 56 90 82 100 104 116 144 52 63 121 87 45 90 155 139 188 105 68 47 66 103 92 76 77 144 104 111 140 58 129 158 55 150 103 121 90 118 26 96 41 104 98 113 56 170 155 141 140 99 117 100 108 47 140 71 72 117 66 163 98 135 55 108 136 61 87 126 146 144 82 178 139 131 49 136 107 101 84 87 124 104 105 86 74 155 96 97 80 119 88 153 20 67 35 72 96 40 123 181 134 86 101 119 83 61 88 183 85 98 169 115 72 126 196 38 183 21 33 123 96 140 59 29 97 92 103 144 
122 120 43 88 158 54 191 81 132 62 92 57 133 80 39 125 169 66 71 127 98 48 68 90 174 86 130 102 49 56 16 55 40 124 78 142 148 97 57 126 164 76 122 117 85 163 89 141 110 141 31 143 56 88 129 104 164 165 59 160 63 158 102 57 121 57 38 50 147 70 140 154 68 86 103 80 113 76 125 108 124 136 105 132 103 159 89 173 109 109 101 127 85 101 82 134 120 131 12 91 27 112 58 18 94 147 87 29 106 105 122 108 101 102 72 163 166 148 101 123 103 97 41 150 182 73 87 98 
157 15 149 68 164 129 109 129 81 38 126 115 62 140 87 85 145 115 132 106 12 63 145 85 113 112 190 92 115 106 137 150 124 132 61 57 167 61 127 84 50 89 92 41 144 84 113 95 109 114 187 142 92 51 121 78 130 93 48 117 98 80 157 27 94 30 98 151 132 132 112 67 152 161 80 140 81 39 39 115 17 121 10 90 141 150 88 91 68 112 100 19 133 30 171 108 156 126 74 83 101 193 129 121 100 55 73 73 57 43 58 131 79 134 148 52 77 143 99 113 103 133 96 46 115 71 34 102 
98 101 159 73 75 166 145 121 105 34 98 80 70 146 38 150 112 102 123 42 123 156 127 76 154 164 89 119 32 124 111 103 78 61 134 49 153 85 121 31 125 120 107 87 83 139 186 66 69 85 110 53 76 168 78 13 161 96 147 60 94 193 73 107 104 39 119 89 81 144 18 113 132 79 91 155 103 132 98 91 89 146 37 88 157 100 103 120 137 85 94 78 69 29 96 94 100 108 165 99 130 56 120 93 14 181 148 170 71 128 145 59 86 92 147 170 62 69 121 68 72 27 98 102 140 129 93 53 
117 59 181 73 56 75 86 106 77 152 109 95 88 176 134 127 113 158 122 121 95 144 87 105 88 70 46 73 21 98 64 121 142 57 49 122 93 162 97 150 125 124 62 105 188 73 81 93 92 135 81 116 66 155 108 150 131 91 64 101 103 99 125 75 81 45 62 75 68 128 157 57 150 174 120 89 50 42 73 109 81 63 92 72 74 37 78 103 121 119 111 75 64 94 29 72 74 92 131 117 101 62 131 27 91 18 132 82 120 119 142 169 80 129 114 134 115 59 124 111 156 102 125 130 44 129 78 134 
78 137 152 116 142 85 21 96 102 168 178 21 145 66 136 109 42 127 128 114 151 107 96 117 135 146 115 91 108 49 83 90 148 167 153 93 192 144 181 109 104 81 41 191 71 48 158 54 132 147 127 85 98 60 137 196 83 9 71 138 126 111 128 64 91 139 110 99 118 65 70 116 183 86 96 107 117 63 104 38 111 119 159 152 160 45 148 176 148 54 68 116 55 57 81 123 169 73 81 164 161 123 49 117 63 114 71 118 70 42 76 140 51 149 73 39 72 94 69 90 70 55 60 116 179 124 47 49 
107 135 140 107 104 117 41 121 53 21 112 44 31 42 140 67 157 66 27 105 61 91 85 110 122 35 115 20 53 134 103 118 97 61 85 162 144 138 111 120 130 138 75 112 67 119 106 108 68 180 157 18 35 87 84 89 42 128 72 81 108 60 155 95 169 99 116 107 117 120 100 123 123 101 48 64 54 54 128 29 84 23 113 15 123 102 118 82 126 93 100 76 81 109 53 82 39 129 39 110 49 66 106 63 55 75 102 23 78 174 56 188 42 112 99 104 75 79 85 75 127 150 99 122 104 93 167 117 
30 169 34 19 153 104 114 132 90 114 37 126 126 60 127 154 78 134 143 94 117 115 110 26 63 67 148 39 126 124 47 26 57 127 121 97 181 111 164 92 67 69 49 122 109 124 105 107 174 37 58 118 57 57 27 57 34 138 144 41 68 90 8 68 95 22 73 154 119 52 93 151 73 60 92 29 88 179 196 123 179 56 88 96 128 73 131 94 59 114 188 122 45 93 75 97 143 178 136 131 65 86 136 159 107 99 118 22 122 159 53 151 177 143 63 152 51 162 75 18 118 167 171 95 84 134 90 84 
90 49 184 158 147 176 102 143 143 113 114 120 167 37 97 92 130 108 156 89 120 97 22 91 120 79 61 184 151 134 161 96 126 84 31 150 109 120 92 130 152 163 72 89 124 109 86 34 44 118 174 110 178 47 76 101 103 145 102 27 75 81 99 119 113 118 50 112 72 109 125 102 107 70 183 133 169 123 99 66 13 71 93 55 100 160 96 85 100 120 125 70 124 50 117 105 56 27 97 131 154 115 131 58 152 95 134 143 121 173 171 161 92 171 125 146 97 59 96 37 89 87 120 72 171 117 126 121 
53 177 58 70 75 71 92 141 91 159 39 145 107 105 73 116 96 97 74 75 44 129 102 33 116 108 47 56 167 124 47 41 164 50 125 125 104 130 67 152 192 79 140 137 79 146 89 151 17 167 137 58 93 61 85 166 144 58 108 104 156 135 73 85 139 132 147 74 97 81 131 63 56 74 112 96 87 110 116 128 52 101 32 78 35 17 50 98 59 127 66 89 165 52 112 103 137 177 112 21 112 195 146 27 98 61 156 80 135 177 77 80 37 85 149 118 80 131 197 81 165 88 176 124 65 55 38 83 
113 102 70 63 61 137 119 124 61 115 81 73 103 97 156 85 142 126 83 177 138 131 41 80 106 86 20 146 119 73 99 104 76 89 120 124 81 138 69 163 79 84 61 63 158 109 98 96 68 127 179 61 135 107 155 76 22 17 103 78 132 130 119 170 132 71 115 78 101 89 140 154 78 77 130 157 113 53 108 105 68 110 94 109 57 137 95 106 13 90 108 183 85 126 93 136 150 93 34 78 70 64 116 137 124 94 135 105 69 130 130 154 80 191 114 93 133 129 127 111 75 160 70 180 144 108 142 84 
134 177 123 149 58 85 151 61 59 128 73 141 98 71 142 75 115 115 68 40 100 117 40 87 35 81 29 167 146 73 162 98 122 92 107 62 41 75 49 72 140 61 192 60 56 101 123 118 114 61 25 125 145 141 104 129 171 51 89 90 58 132 81 68 94 104 149 130 112 119 143 163 70 133 51 45 112 115 143 59 86 144 124 167 113 88 117 103 75 100 118 101 111 126 122 56 120 87 56 79 124 62 87 135 19 15 128 26 133 100 142 26 69 67 131 116 110 167 133 110 119 132 36 60 142 111 83 98 
70 113 76 111 130 81 151 24 80 100 21 139 121 73 97 18 11 143 42 72 104 81 106 154 82 50 152 87 108 33 108 113 117 41 87 105 191 112 122 89 137 63 60 18 131 130 141 156 48 174 82 14 179 148 40 85 179 121 109 53 71 98 92 124 144 80 94 101 152 186 58 134 40 72 72 118 63 43 86 62 88 49 128 30 128 69 69 162 100 117 116 125 142 84 130 73 114 84 58 74 179 98 92 116 147 119 121 114 146 76 72 120 161 143 110 134 109 181 91 28 38 138 165 111 104 129 17 140 
181 127 48 85 80 158 107 106 96 100 96 85 43 136 158 128 21 156 132 20 40 111 50 70 63 128 114 65 151 131 166 56 85 144 83 188 71 67 109 124 79 158 56 131 14 32 118 49 84 151 143 115 133 135 124 150 139 85 101 90 77 138 85 122 67 61 88 75 107 170 82 92 94 135 124 143 67 38 133 142 67 106 88 27 38 68 89 107 63 119 77 89 126 30 38 66 99 57 132 55 100 52 71 110 105 42 184 39 29 144 87 142 54 70 120 125 30 94 20 111 151 108 139 40 138 100 124 53 
84 90 46 144 96 162 111 65 110 124 119 99 13 95 53 175 48 99 104 88 147 135 97 80 47 176 70 172 107 97 60 170 163 84 139 73 48 119 124 109 146 109 101 130 32 82 117 99 84 104 120 158 75 139 32 106 130 64 35 41 71 124 97 135 35 72 171 145 119 112 127 154 135 127 122 173 45 63 33 41 89 100 71 146 81 105 135 72 125 142 121 124 84 77 87 162 107 66 107 112 170 35 87 128 81 120 139 106 76 40 62 58 100 55 19 100 108 89 105 75 97 72 110 119 55 163 152 145 
73 173 63 42 104 74 36 88 94 136 14 20 51 103 124 64 14 143 83 125 125 148 65 178 112 117 126 103 133 108 174 155 89 113 186 81 158 106 105 86 89 98 123 141 118 117 178 73 85 95 77 137 89 88 107 119 106 95 73 68 108 75 95 61 86 64 90 15 118 74 131 94 124 98 63 138 47 76 96 135 146 99 158 153 83 162 60 106 35 161 86 150 90 29 75 129 150 99 116 76 28 169 98 143 169 49 36 134 121 162 102 181 18 98 144 72 131 54 85 98 101 138 61 136 42 22 55 119 
62 158 52 34 67 104 101 100 39 110 157 104 118 119 59 78 81 85 70 97 74 143 141 51 186 74 105 117 85 167 62 141 141 95 66 93 54 108 107 34 151 96 118 156 49 99 73 178 132 83 103 36 123 115 54 48 13 82 112 88 114 127 91 76 151 114 62 85 45 51 122 142 42 142 51 35 98 106 140 29 141 155 145 123 86 142 60 113 45 81 178 14 139 121 54 56 129 100 73 103 52 56 78 99 155 122 50 9 152 129 63 108 141 11 150 106 118 88 86 84 147 166 93 86 187 139 151 94 
123 79 132 132 96 33 97 57 120 84 32 84 99 76 55 67 91 53 70 125 15 128 122 197 116 140 114 22 135 120 86 140 110 109 69 92 132 68 174 44 17 68 114 48 84 84 85 132 110 104 43 65 71 133 137 116 111 58 116 117 167 47 55 112 76 130 143 173 29 45 105 80 99 134 27 42 101 82 33 124 35 127 148 39 146 115 69 140 99 188 119 73 126 139 102 94 43 111 104 29 171 48 117 54 106 112 97 44 174 82 138 113 135 105 72 164 30 193 110 167 110 126 185 51 62 74 90 182 
172 143 174 97 96 177 119 69 18 112 154 62 57 123 94 141 160 82 76 22 190 86 93 117 164 128 160 148 80 158 65 99 141 114 85 135 147 180 37 118 167 127 61 174 151 104 95 83 104 136 28 126 72 25 48 191 165 36 191 57 137 64 89 59 192 57 54 145 129 133 63 131 94 45 111 43 133 68 65 108 168 128 108 86 136 120 171 58 120 118 91 36 150 169 142 97 158 97 95 181 139 18 136 123 73 104 145 83 38 156 69 100 87 89 52 36 44 54 139 143 171 77 60 119 126 172 126 94 
120 139 63 89 122 91 73 105 64 129 88 177 95 127 100 157 67 112 191 102 176 107 92 120 118 95 120 69 44 119 81 117 31 187 110 81 127 157 58 174 137 179 25 82 143 120 77 103 43 28 104 123 140 120 109 109 54 56 161 70 105 146 68 31 39 70 133 130 78 58 61 119 121 57 63 85 179 47 39 105 53 124 150 52 55 90 154 160 84 169 73 115 88 64 146 164 43 136 167 77 96 76 148 179 115 156 72 76 121 118 106 76 93 151 118 34 71 56 49 42 86 95 109 94 161 150 61 130 
38 63 89 90 106 95 76 64 97 150 89 113 94 189 102 158 80 120 12 112 145 159 115 139 125 136 106 42 43 120 120 100 143 142 53 116 85 18 118 110 58 61 125 14 115 158 137 36 65 126 123 150 68 109 137 100 145 103 14 100 128 111 122 43 86 143 33 136 83 52 19 145 97 60 117 70 117 91 66 86 158 118 167 71 110 61 97 85 134 110 162 81 112 88 49 46 136 102 110 141 42 72 49 132 60 85 60 102 79 137 126 126 94 67 130 53 110 184 51 69 128 52 101 191 122 44 99 127 
52 89 145 145 139 111 176 176 138 62 120 98 98 61 94 62 27 52 158 129 56 46 129 138 104 151 98 88 94 63 99 108 56 92 76 66 98 35 57 178 93 135 145 179 133 75 89 123 71 72 140 68 36 97 146 101 93 79 169 52 31 11 159 81 117 118 96 112 161 64 101 138 73 101 160 76 126 32 87 92 148 185 128 15 148 98 76 172 107 52 118 101 78 143 63 23 122 115 95 43 93 49 122 115 31 47 199 95 77 141 193 78 48 94 64 154 125 51 92 13 105 97 141 112 137 152 177 89 
140 84 135 130 114 176 105 129 113 26 93 45 129 107 177 81 74 148 146 61 125 80 91 169 57 76 111 126 105 88 136 47 88 51 168 155 60 87 57 47 61 107 141 148 135 139 88 115 133 25 120 109 97 178 129 142 95 21 5 58 96 100 162 108 22 101 60 130 111 71 117 65 99 144 49 64 57 74 117 127 155 73 154 95 119 28 32 113 60 126 165 82 156 116 128 65 67 151 184 117 125 100 153 74 93 74 179 40 11 81 64 117 108 52 100 93 110 91 73 47 59 113 97 149 186 122 80 42 
134 133 109 148 50 95 87 109 80 115 48 42 119 120 122 39 28 80 101 49 48 172 131 97 90 151 49 77 152 40 90 140 129 121 78 108 137 84 27 76 85 155 104 40 124 32 107 54 137 48 109 137 146 129 118 110 77 61 176 158 135 109 129 37 136 91 69 100 14 102 148 46 139 109 200 31 57 128 77 66 79 77 57 122 47 64 70 107 69 185 58 101 67 94 70 139 65 179 88 132 61 62 34 124 98 40 99 52 56 58 70 122 120 104 139 85 113 20 85 76 118 122 19 105 152 69 101 120 
87 110 52 55 89 156 64 111 136 74 100 114 107 109 135 29 150 104 12 52 58 110 115 41 138 81 99 81 164 61 142 71 104 78 13 150 196 89 57 101 166 76 129 85 150 106 119 48 116 191 109 100 101 142 110 142 28 112 71 133 86 119 89 101 156 89 21 183 130 121 97 64 54 70 20 125 184 60 64 161 70 182 125 165 102 84 119 32 63 94 23 157 102 74 143 93 80 148 76 130 107 138 70 151 93 152 65 129 163 103 106 143 98 169 176 184 102 134 84 73 151 76 93 160 8 172 156 96 
102 84 53 130 149 143 112 87 147 84 15 89 138 96 144 97 78 178 176 102 88 92 19 59 163 170 110 48 45 143 151 72 164 130 161 131 83 42 34 103 144 22 171 179 139 130 106 13 111 165 54 145 93 95 77 28 120 68 96 175 143 115 44 77 78 33 147 101 129 148 77 62 92 141 112 58 80 126 79 56 157 90 128 53 103 113 158 111 61 86 172 159 106 106 125 107 93 164 116 141 163 137 52 123 126 96 93 102 47 96 71 176 97 179 154 77 49 127 102 82 131 131 102 104 150 88 77 97 
12 165 115 56 57 114 60 173 110 126 47 113 144 136 75 81 154 132 147 52 68 100 113 66 98 167 35 138 105 158 111 117 165 93 96 91 9 128 138 145 58 17 51 121 85 64 95 82 58 36 56 103 79 21 61 112 68 34 92 28 32 152 111 114 93 170 117 103 44 87 121 162 132 122 143 79 113 129 56 129 175 102 94 121 121 125 56 99 124 83 81 58 161 125 92 116 74 86 129 149 73 143 70 155 48 145 144 107 104 163 148 126 116 42 121 86 79 129 169 154 35 63 130 90 131 147 122 135 
138 40 81 170 129 118 100 141 108 130 182 174 22 142 177 90 48 122 65 179 61 120 132 43 35 130 102 104 105 14 74 66 59 48 147 64 71 72 144 102 108 103 89 109 101 35 73 112 116 191 161 14 169 5 176 71 96 92 170 134 116 134 90 135 53 48 15 74 89 15 120 84 100 59 59 113 122 20 44 159 87 91 48 58 86 63 62 151 164 136 69 23 132 75 104 96 122 81 141 142 161 184 133 97 23 99 132 102 196 171 113 128 140 63 36 108 133 139 68 174 135 115 41 116 98 111 78 107 
133 131 125 119 37 62 111 71 92 169 80 176 64 75 9 119 99 120 169 129 97 97 44 127 36 80 103 66 96 111 132 163 160 117 60 101 138 81 41 27 104 78 90 53 90 41 68 88 117 57 70 100 52 58 158 133 175 28 134 170 38 103 128 153 72 48 49 53 124 111 111 198 80 33 91 76 137 84 100 112 46 84 119 26 79 153 124 69 88 177 168 106 102 125 66 142 85 114 112 40 90 137 122 112 91 107 83 126 133 191 88 57 166 61 150 119 186 143 52 120 54 113 127 179 130 132 45 108 
39 131 63 74 86 27 149 10 145 109 156 44 142 167 87 7 77 163 43 31 87 97 138 74 30 94 134 40 69 190 91 98 63 98 94 103 126 108 68 75 156 132 58 71 77 71 108 114 167 137 105 128 31 96 135 86 143 32 116 38 168 159 122 98 89 145 57 92 14 118 82 103 89 109 8 121 18 132 150 79 113 120 138 66 174 61 122 73 49 44 181 150 178 131 87 117 137 48 78 78 175 35 130 82 169 106 115 23 128 105 47 36 164 100 40 66 79 163 118 105 74 60 101 76 62 121 142 142 
34 114 60 137 66 113 91 122 119 60 80 184 22 114 183 66 79 103 53 121 18 106 138 126 109 88 151 93 51 58 147 135 158 80 193 99 111 60 90 81 135 130 132 98 138 124 75 127 47 64 146 111 11 100 109 119 115 152 134 103 159 116 116 107 85 74 71 157 132 108 112 149 54 77 85 27 115 151 159 104 129 133 88 61 153 77 127 193 13 105 109 125 112 128 138 112 121 116 109 46 148 157 140 122 176 156 123 59 150 177 35 56 151 53 70 99 89 124 152 139 101 179 28 96 85 135 82 180 
55 133 99 88 114 123 61 114 27 138 74 107 81 77 141 83 109 119 14 139 97 118 67 103 135 58 129 105 144 54 49 55 102 157 73 125 128 155 8 99 73 119 81 92 85 97 95 91 55 89 68 122 159 162 129 89 44 111 90 128 122 116 30 63 88 26 79 101 121 118 79 117 111 145 115 113 97 125 118 75 92 75 102 162 85 97 174 146 37 105 116 108 87 126 48 40 141 53 63 67 56 134 140 121 140 54 29 70 29 125 120 11 133 84 141 66 73 92 119 27 61 55 50 62 49 83 123 71 
104 66 172 109 100 153 34 68 60 79 104 120 69 47 46 103 120 90 58 127 160 105 189 176 93 127 95 93 125 96 62 108 57 27 107 75 64 95 68 119 85 170 68 124 122 135 61 76 112 59 31 43 81 108 37 101 77 114 135 153 98 107 63 68 131 58 109 56 84 147 169 104 108 187 69 40 102 61 66 89 101 132 23 73 22 110 96 169 106 92 172 85 120 191 136 180 93 118 100 184 155 108 53 109 79 161 50 21 158 139 145 98 106 81 102 103 97 120 45 83 99 124 130 103 108 61 162 75 
97 68 47 76 113 106 113 155 133 85 61 118 113 80 69 42 104 87 190 90 126 152 60 85 107 121 126 92 176 71 97 136 121 94 104 81 91 169 95 113 139 132 94 144 67 35 86 151 76 192 39 86 117 22 136 156 78 93 53 72 89 85 88 131 156 103 88 99 135 43 160 104 45 102 146 149 98 106 158 127 43 66 108 154 72 94 111 173 110 134 46 28 149 41 118 63 80 111 27 119 52 116 143 74 125 93 106 122 71 54 116 57 63 43 83 112 138 86 90 127 91 28 119 122 142 126 112 109 
123 45 59 119 27 31 121 117 45 145 72 124 99 85 171 79 19 100 53 29 140 74 42 172 120 95 113 144 182 101 86 61 57 30 39 45 139 99 22 118 132 71 104 80 61 72 64 114 130 57 70 143 118 101 91 89 33 170 48 48 145 74 26 58 103 164 45 115 101 84 101 58 78 26 124 119 158 109 109 165 118 91 96 132 108 195 91 39 58 49 35 96 97 111 138 113 49 159 98 42 25 186 160 86 167 55 101 127 67 122 138 36 17 54 194 75 164 107 54 48 122 86 64 141 142 127 100 68 
70 150 192 133 52 138 81 109 85 159 105 134 62 160 97 53 124 177 119 143 54 92 25 136 111 96 123 127 89 158 49 87 38 98 119 62 110 116 73 50 147 115 149 94 88 171 90 62 143 54 133 33 96 60 69 21 147 117 15 49 57 71 79 109 88 45 48 93 64 96 151 71 91 34 11 192 92 81 103 93 99 94 135 105 58 138 44 126 148 60 96 87 126 51 125 70 102 156 124 127 173 170 119 128 92 68 169 52 79 47 97 155 126 30 120 111 144 107 103 152 136 51 100 57 110 148 54 149 
95 126 134 111 118 28 104 183 146 130 143 83 32 36 152 141 105 137 50 98 106 103 188 135 68 69 110 100 167 141 42 126 50 151 89 75 99 107 154 112 74 78 130 101 75 145 15 85 173 145 130 136 112 130 100 183 101 103 74 53 92 157 101 56 99 115 93 96 87 153 11 102 126 146 104 110 101 55 127 131 144 112 159 93 152 142 108 133 81 120 53 138 168 113 99 21 146 157 80 40 117 181 53 94 107 130 43 156 97 63 115 113 103 107 88 114 85 131 81 59 108 164 59 73 122 146 105 30 
114 120 199 143 108 96 81 121 76 76 94 85 117 85 112 135 110 155 141 84 144 145 128 162 29 168 128 99 109 65 71 146 147 132 81 68 118 117 119 72 97 101 112 152 107 119 118 45 29 129 78 83 161 111 14 130 129 44 89 124 14 132 121 84 135 101 64 87 170 42 125 169 149 101 144 153 96 134 61 118 97 175 157 110 116 111 113 91 168 73 140 21 102 102 95 65 130 119 95 25 64 124 78 77 183 27 74 173 50 147 125 125 110 146 88 183 94 127 24 28 38 141 175 91 56 47 60 144 
87 125 74 59 75 98 85 57 174 115 141 37 116 126 101 130 138 104 71 149 108 35 91 81 126 100 117 171 111 94 105 144 70 132 144 128 65 120 52 109 81 89 119 186 170 112 74 51 45 133 58 52 64 71 102 121 148 87 15 111 118 108 118 147 43 84 96 153 42 56 68 65 130 109 141 121 63 126 188 105 60 141 183 81 91 43 88 159 91 144 171 27 96 93 87 76 81 122 96 83 74 94 66 144 129 69 24 72 97 112 88 165 130 111 139 61 58 90 79 104 61 64 158 117 125 76 94 85 
137 53 115 108 146 139 126 89 61 72 96 110 170 151 133 146 102 72 41 128 84 128 106 89 74 104 126 190 97 144 127 82 140 112 18 157 70 100 93 125 131 140 143 58 82 127 131 122 105 63 61 19 101 117 148 97 77 121 120 111 82 112 79 169 160 101 151 11 125 68 110 117 77 80 172 71 88 103 156 172 35 105 24 99 138 88 128 167 38 180 60 82 72 148 89 77 98 81 27 191 60 113 73 101 146 77 142 105 103 116 88 118 66 145 83 28 135 111 120 88 80 156 116 136 93 157 68 27 
31 48 111 139 45 117 60 100 92 34 62 174 110 51 126 186 99 80 33 38 175 121 134 91 57 121 59 87 120 57 159 178 154 67 113 57 116 123 151 102 63 154 163 134 92 154 94 142 80 131 119 145 138 65 46 64 62 162 84 198 103 149 117 104 104 58 71 102 169 65 117 94 124 123 181 136 147 135 27 44 108 85 99 163 50 71 64 132 118 161 148 112 95 49 138 114 116 73 122 107 92 179 96 39 15 65 152 126 69 106 97 111 119 66 118 104 173 93 126 79 124 183 138 99 49 97 3 91 
56 101 69 86 44 78 70 130 89 169 141 105 186 50 152 56 131 77 98 179 92 35 159 42 126 165 68 127 82 110 78 139 68 152 132 150 183 123 73 107 56 78 70 40 94 135 124 42 99 94 121 97 73 99 139 54 92 132 100 80 89 54 111 108 45 78 91 126 149 130 77 124 40 101 78 109 141 52 59 69 162 45 88 103 84 98 105 46 72 63 107 97 74 156 116 81 91 70 41 61 91 90 57 121 71 88 11 75 73 92 81 116 22 26 142 104 52 54 47 84 134 59 151 37 73 96 41 122 
144 143 182 39 93 126 171 124 145 114 15 50 72 77 71 107 85 126 107 99 53 34 110 148 60 62 120 96 60 78 145 131 86 161 79 174 86 101 60 70 74 77 133 72 135 127 98 142 134 45 57 60 101 144 109 70 141 122 59 33 109 77 145 187 102 26 34 146 101 109 80 123 101 42 67 138 116 44 84 38 91 49 56 102 157 24 73 13 114 102 117 111 58 69 60 158 42 182 68 149 120 105 59 19 92 111 57 63 147 133 154 129 143 19 65 144 110 148 33 184 110 86 170 105 84 89 31 100 
99 128 104 84 86 88 87 45 63 125 114 75 91 54 110 62 64 181 58 129 85 72 146 72 88 99 63 146 144 161 108 49 103 80 91 120 96 48 92 183 112 130 51 72 124 122 63 51 27 111 63 117 160 49 200 20 112 143 59 91 8 85 115 69 146 124 11 104 144 141 172 181 78 67 78 90 55 138 114 122 104 37 117 76 59 67 127 89 62 83 69 50 147 140 106 77 100 110 198 105 63 139 118 72 189 13 86 35 72 142 86 137 135 38 183 85 77 126 128 143 76 85 104 177 107 66 71 57 
127 188 69 96 173 66 69 70 119 5 125 84 72 75 65 110 78 42 10 76 89 170 46 21 32 111 63 81 80 169 183 136 80 140 155 89 107 64 29 133 96 157 45 118 143 173 138 35 42 43 85 70 76 64 31 125 58 79 113 76 121 27 113 40 149 119 192 110 153 121 71 136 109 138 90 148 50 130 86 133 112 108 78 56 72 157 117 74 147 108 49 97 80 70 78 108 108 77 68 121 90 186 50 27 150 122 137 41 86 83 60 64 156 115 128 53 144 105 87 81 51 155 108 32 80 134 130 147 
75 116 166 74 105 12 164 13 113 133 164 73 97 169 88 65 130 72 61 127 73 136 153 118 172 77 95 129 176 67 119 107 113 81 103 50 117 54 88 169 87 113 112 63 67 45 47 98 101 133 179 117 126 57 57 184 80 113 122 137 18 115 97 102 98 158 92 101 96 63 88 147 141 116 55 50 16 116 137 47 51 66 177 129 72 101 96 92 100 142 12 71 100 109 125 78 122 4 76 105 53 154 131 96 24 157 37 128 68 40 82 32 154 44 104 126 84 32 46 97 108 71 162 182 64 156 97 80 
140 56 66 171 99 192 77 135 33 43 48 98 108 136 71 100 84 74 107 113 143 172 103 74 96 114 109 163 77 52 124 101 76 39 132 42 63 54 179 123 110 53 115 43 38 63 76 106 82 68 47 91 32 74 128 60 126 129 20 84 132 151 125 61 106 109 81 55 134 126 103 135 52 44 138 130 116 32 141 53 178 160 69 115 89 44 87 167 80 120 88 141 89 89 49 100 99 132 91 51 54 159 150 174 187 96 51 155 67 111 61 133 195 88 187 170 170 55 82 122 112 151 128 127 161 104 120 146 
16 119 53 123 76 150 9 82 123 139 31 96 104 138 90 103 197 195 165 126 128 95 139 149 137 136 86 154 22 117 43 84 125 39 98 73 104 128 196 99 116 108 143 86 133 33 96 140 33 65 39 66 87 117 77 64 79 56 44 100 150 159 118 66 158 109 103 127 61 188 156 27 59 84 114 86 137 141 132 94 56 58 56 104 134 157 97 125 54 59 142 176 107 124 170 67 91 45 142 109 110 79 49 118 82 92 120 159 158 117 102 136 89 123 20 66 52 50 94 102 94 126 126 40 28 61 140 161 
105 161 106 66 47 87 111 82 90 46 143 47 120 63 107 160 59 104 140 77 140 61 63 99 129 12 88 137 80 54 132 87 108 115 91 109 38 29 123 66 128 105 59 62 142 41 135 29 124 108 105 86 92 127 66 161 56 129 159 112 79 104 75 89 127 165 93 131 118 105 172 44 69 38 122 133 47 53 94 142 110 164 93 112 100 146 131 64 122 150 92 65 37 74 65 65 109 110 75 140 94 100 123 95 52 138 96 93 65 51 88 129 42 116 105 47 84 101 127 23 163 96 129 130 148 175 100 116 
109 32 76 43 59 181 102 122 137 25 152 125 90 79 89 79 74 64 12 47 161 127 149 112 166 103 84 154 33 60 102 124 124 17 89 81 111 84 179 13 52 68 86 88 67 89 146 141 35 168 53 158 148 155 79 70 157 175 87 46 113 129 92 101 43 118 99 144 97 60 35 108 162 91 104 112 51 178 56 110 198 106 75 18 110 83 99 75 44 146 117 160 99 188 113 90 95 67 80 164 33 98 188 136 145 77 121 141 132 123 67 90 131 57 45 129 126 131 131 61 104 35 178 124 75 114 86 90 
87 55 126 108 64 99 168 81 95 154 91 73 89 65 137 55 128 28 39 96 105 58 144 118 106 115 128 93 101 73 133 104 136 121 146 63 119 23 56 71 101 110 144 49 106 100 99 155 127 128 124 118 185 73 77 182 90 102 91 84 120 133 75 132 66 91 94 112 175 141 105 85 45 49 37 108 66 160 58 164 106 116 146 108 94 32 160 133 117 31 83 58 30 164 46 46 124 87 49 162 52 123 87 131 76 58 131 86 114 99 107 147 122 127 122 90 125 35 68 46 100 29 143 97 57 181 95 74 
57 28 109 66 13 153 119 173 136 124 62 148 69 78 80 173 86 166 58 151 45 102 90 114 89 66 173 93 174 40 68 105 105 10 37 92 159 113 88 93 32 94 124 128 88 71 158 145 148 108 150 167 128 154 57 125 128 94 48 119 138 88 102 23 108 96 135 159 157 183 24 99 88 56 117 78 177 69 56 93 75 146 180 150 75 42 73 95 103 120 59 105 158 121 194 67 136 71 57 143 125 128 135 74 108 145 152 101 83 160 131 96 89 80 69 64 137 50 194 113 124 108 107 128 161 162 111 149 
57 68 138 87 172 134 114 153 69 77 134 74 72 94 24 179 35 193 14 67 104 148 129 79 40 119 137 162 65 70 100 86 132 90 88 72 152 15 96 55 78 109 167 30 27 146 153 123 39 86 52 71 15 95 122 165 53 121 58 26 66 61 162 73 154 132 105 93 110 81 99 163 103 102 76 56 129 115 104 112 18 108 150 58 126 106 75 122 115 118 90 89 177 27 150 116 40 91 158 103 174 57 59 92 135 15 90 47 111 99 152 89 6 55 90 138 149 89 61 89 107 74 123 67 43 76 112 22 
163 131 40 116 92 50 128 161 58 101 120 96 118 126 174 160 28 84 93 103 87 100 79 75 66 46 83 109 183 92 110 74 103 141 157 74 160 123 128 100 35 57 113 128 38 81 83 86 146 136 55 110 148 119 47 102 103 121 86 79 174 153 85 22 72 108 58 152 116 91 138 50 84 157 59 72 72 89 134 100 110 94 75 126 66 83 75 90 197 82 67 67 55 141 73 62 116 110 181 92 50 78 80 59 92 91 126 156 87 61 126 114 104 121 45 130 88 81 186 114 50 123 83 125 96 74 130 145 
167 68 109 63 159 86 62 77 70 145 111 108 92 77 119 134 110 116 30 133 107 107 160 61 43 118 76 126 114 179 135 155 159 150 100 37 45 102 73 160 17 137 88 69 68 105 162 142 115 120 90 61 98 28 64 84 113 125 63 153 61 77 97 110 94 195 138 142 111 43 88 71 98 24 67 157 101 44 157 146 83 32 42 106 83 48 141 178 108 142 76 113 75 76 66 128 81 117 12 105 58 118 101 126 67 28 43 91 171 161 103 53 75 131 90 139 104 86 168 45 181 114 156 115 160 71 88 127 
80 48 58 96 153 91 4 164 101 139 104 49 65 177 56 164 149 90 90 40 119 46 33 42 161 51 50 35 86 153 138 96 89 88 103 78 148 118 131 96 50 95 117 69 89 135 60 60 69 171 154 97 76 32 70 119 158 56 62 124 122 127 174 96 111 91 44 108 113 88 128 64 105 73 127 117 96 87 97 131 99 160 73 75 75 141 130 46 126 42 171 170 77 50 38 97 146 105 172 50 127 103 85 154 154 36 76 153 100 131 138 92 156 94 125 119 132 75 60 102 86 114 103 44 25 80 34 139 
26 98 195 126 63 147 120 85 123 95 106 152 25 106 43 157 90 134 172 123 140 29 79 122 86 76 153 123 94 36 114 97 173 91 120 103 176 82 94 85 98 106 103 162 107 72 106 113 140 58 160 85 172 113 107 32 111 99 151 69 73 193 146 169 173 39 126 133 91 159 167 132 46 13 89 74 92 167 125 64 75 133 95 122 90 178 46 168 102 22 195 114 110 69 51 113 111 168 72 52 96 61 77 92 49 64 145 97 177 58 171 96 86 132 135 80 152 144 83 174 46 176 65 88 167 64 95 10 
108 62 108 67 82 103 76 146 129 63 143 59 51 99 41 137 75 75 192 134 80 104 108 53 86 188 52 89 83 120 94 80 109 68 137 121 148 126 59 100 59 13 75 100 63 125 35 45 99 120 84 134 107 60 69 63 61 124 164 88 49 13 37 106 110 58 148 81 168 91 38 118 72 114 62 147 100 80 54 122 44 117 103 115 197 108 126 102 44 94 86 111 112 59 152 122 17 74 146 78 116 88 39 127 8 71 160 99 148 137 48 91 114 43 92 65 117 123 162 96 172 136 106 81 74 145 61 88 
130 45 173 118 107 161 102 53 51 59 68 173 158 143 93 191 77 84 78 49 118 138 27 136 114 149 87 86 181 93 119 119 109 112 85 119 54 93 114 120 127 90 100 117 119 142 161 81 188 118 169 110 52 126 185 94 86 83 136 177 44 105 105 92 134 49 60 120 73 144 180 161 63 102 83 108 142 120 59 150 146 31 120 118 82 142 42 22 94 128 56 110 78 46 95 106 105 80 108 41 67 178 107 121 143 84 101 171 108 145 61 122 48 92 134 144 83 39 125 123 86 74 87 143 23 99 102 84 
95 94 143 151 130 102 37 170 48 93 81 121 78 76 89 55 104 83 66 72 136 84 126 157 81 80 133 88 81 88 109 88 101 100 94 111 68 100 188 125 66 108 118 116 77 121 86 178 119 91 73 162 118 165 58 23 172 81 69 168 181 109 116 172 46 35 96 53 140 171 60 148 107 117 69 49 12 88 142 92 117 83 59 90 67 76 171 195 86 56 42 134 115 154 23 34 66 115 74 70 26 132 46 110 86 98 62 141 105 133 49 20 149 111 146 86 72 40 44 55 94 145 91 42 80 33 125 103 
40 83 65 135 103 109 17 94 116 118 99 64 66 197 64 65 185 83 164 60 84 95 68 133 98 161 110 83 88 89 169 153 127 19 78 75 116 76 122 70 89 183 101 125 89 124 150 14 73 36 115 81 101 82 101 157 159 58 23 106 150 125 108 85 28 96 87 138 21 27 82 112 97 111 50 97 71 141 176 65 160 58 105 89 67 113 170 114 111 110 134 2 95 104 105 98 124 140 85 73 81 101 175 89 104 121 99 167 45 26 14 53 112 187 116 95 46 154 125 54 93 41 79 144 115 69 114 150 
111 98 88 77 34 84 118 31 56 70 99 78 105 74 122 118 165 149 68 102 68 121 82 120 95 120 126 54 141 105 83 20 85 133 69 64 55 81 45 124 165 85 111 142 126 84 90 139 126 150 88 112 78 156 67 102 106 161 132 102 178 112 87 120 149 97 126 168 102 96 72 95 74 58 147 80 100 89 107 37 99 30 158 177 55 75 77 110 112 78 115 95 46 136 76 129 108 131 128 97 152 51 118 61 124 98 64 159 65 61 119 101 134 142 95 130 126 149 110 60 42 134 36 170 41 130 164 61 
160 118 72 73 124 108 79 117 138 158 110 76 104 103 63 175 192 44 137 124 43 91 146 115 109 84 110 126 141 167 153 67 101 30 29 94 57 109 93 50 52 126 126 84 30 77 29 121 139 169 64 88 143 116 94 74 106 125 75 125 131 128 126 191 41 111 51 113 102 93 148 49 156 69 140 70 109 89 124 74 188 164 121 27 141 76 50 69 59 46 154 104 136 140 80 77 86 135 50 91 160 22 61 183 105 103 124 51 167 113 164 109 101 61 51 49 110 134 105 184 141 55 164 54 69 95 142 128 
69 92 176 148 70 77 186 95 170 81 60 85 52 63 87 146 86 80 78 34 110 109 57 135 150 65 170 113 124 120 146 35 82 171 96 29 81 53 75 117 112 93 122 130 38 87 75 54 102 142 146 49 63 128 70 143 125 92 104 66 87 138 48 136 118 138 125 99 95 87 89 138 116 60 106 78 125 49 170 65 113 46 194 150 73 66 38 51 152 95 23 105 76 80 118 66 163 88 34 10 101 110 13 182 149 47 99 98 97 139 64 132 140 111 100 95 80 121 37 102 82 108 182 98 153 106 47 137 
41 102 102 23 172 174 119 141 77 144 78 124 102 12 64 34 107 91 103 32 117 159 162 89 54 57 99 45 139 44 42 72 134 108 94 72 123 82 97 105 103 136 56 73 66 162 129 56 94 97 164 46 23 65 139 93 107 116 96 142 117 112 40 180 63 113 70 21 65 76 77 114 81 158 77 108 78 100 67 65 90 46 67 116 62 128 97 113 122 106 34 98 129 77 66 92 101 166 116 96 39 44 110 75 89 123 50 140 73 132 91 38 111 87 79 107 83 35 119 160 82 58 136 130 124 78 121 118 
90 43 148 34 103 27 75 111 152 134 114 164 61 91 93 55 52 47 111 160 102 98 96 126 77 43 74 102 21 168 101 96 120 156 100 74 169 39 143 56 137 150 120 114 99 107 150 129 43 158 43 136 122 67 65 80 93 74 122 85 137 121 141 93 80 49 102 146 130 81 98 116 91 42 100 108 122 99 91 109 95 124 136 40 116 81 146 111 17 105 66 124 108 86 163 101 172 67 22 2 113 130 175 79 71 72 83 137 165 126 73 132 158 63 158 92 129 34 43 184 134 62 73 126 13 166 54 174 
178 66 147 195 111 159 86 122 101 125 115 58 101 64 87 57 119 59 32 45 95 106 66 56 121 43 158 52 96 27 79 40 131 126 108 92 73 129 178 27 177 93 87 84 57 66 99 100 111 97 136 102 115 151 179 148 164 86 81 114 48 116 53 118 111 159 156 157 119 122 81 73 70 182 110 77 4 132 45 110 67 87 71 91 110 117 105 168 74 80 115 140 131 135 88 166 67 92 97 117 102 109 121 68 48 127 145 76 62 176 70 108 180 95 108 60 94 29 89 135 112 87 115 104 108 105 77 108 
73 109 35 50 15 140 94 117 102 43 82 168 183 110 101 110 186 144 65 97 62 88 82 56 93 128 104 92 126 127 110 123 12 74 165 131 81 39 136 97 112 34 56 58 132 107 116 73 104 95 167 110 95 184 88 76 116 129 141 112 78 109 63 100 27 98 124 80 95 96 27 122 41 68 198 68 76 91 142 75 80 49 57 158 181 12 172 72 146 108 74 85 128 50 34 116 22 97 8 129 85 85 92 76 191 36 48 110 148 91 159 127 78 79 73 131 83 105 65 109 70 141 157 104 51 93 52 147 
84 124 47 177 153 39 122 190 139 159 89 73 147 121 170 98 97 151 82 88 73 182 35 77 141 122 151 20 93 131 34 181 91 83 99 117 164 110 131 131 21 78 79 74 55 112 76 103 29 181 77 141 43 117 132 130 141 149 142 40 78 46 67 184 119 42 127 40 25 83 191 107 61 149 105 121 105 51 109 140 164 162 143 103 92 105 50 52 78 41 70 73 97 91 10 96 2 117 129 188 61 169 82 163 139 195 85 134 185 91 79 47 84 132 109 148 169 150 116 147 84 75 120 157 143 84 118 141 
109 90 62 97 62 59 80 33 129 111 51 117 92 108 106 170 97 93 116 104 45 193 96 141 52 97 67 30 54 83 18 134 27 101 130 101 161 49 65 154 112 70 124 179 100 170 28 52 171 139 96 42 93 125 61 107 163 73 161 90 175 148 56 155 52 25 173 117 64 74 60 92 91 120 63 90 53 54 110 94 33 52 125 174 50 58 127 96 116 67 26 81 152 160 101 39 113 102 85 61 142 148 24 57 124 111 126 182 99 44 93 61 154 55 98 92 93 188 175 90 181 171 48 138 170 50 123 71 
93 132 158 92 92 71 60 66 169 122 141 61 152 101 157 96 143 185 59 126 93 113 86 180 100 100 191 102 105 27 77 86 112 193 56 62 123 66 86 115 195 64 62 98 52 35 169 56 48 18 76 72 49 100 62 138 137 143 184 137 35 157 134 108 116 186 170 181 124 94 113 179 90 105 139 186 154 159 79 100 98 123 128 57 78 118 103 61 88 178 132 101 51 22 110 44 130 109 85 169 148 112 146 132 53 77 124 166 113 66 146 120 104 95 74 107 160 123 127 84 131 68 79 114 110 108 102 63 
92 77 69 96 140 56 160 159 72 76 151 103 136 84 86 166 79 83 159 162 94 88 84 69 167 48 92 64 56 177 106 101 58 129 120 131 49 106 136 131 146 116 87 92 71 87 98 78 117 136 148 49 122 153 34 70 52 70 133 122 130 140 140 53 143 160 119 53 78 66 73 96 57 59 118 50 131 150 49 123 188 87 135 59 80 101 85 77 39 107 46 175 118 61 13 110 175 121 92 82 24 146 172 117 129 166 139 50 142 99 110 143 152 112 165 89 156 103 98 85 77 18 82 83 62 168 176 124 
117 115 93 64 8 53 112 134 95 113 164 143 72 148 28 93 110 128 87 102 165 163 123 142 146 146 115 119 105 105 60 119 18 121 93 27 117 63 159 58 27 137 135 116 110 128 143 99 54 123 179 132 115 74 124 151 123 155 97 112 82 122 121 109 74 86 128 94 77 144 101 39 121 19 72 27 96 174 118 95 136 131 74 92 59 126 154 92 127 121 110 89 61 183 182 75 79 68 76 163 57 132 117 62 63 130 109 102 175 55 154 65 180 119 135 59 69 90 147 176 99 126 137 88 198 83 154 44 
56 155 154 66 123 138 152 161 97 44 134 39 92 59 36 66 88 22 87 44 96 52 61 131 129 113 150 95 88 165 80 83 94 100 14 91 63 55 107 152 98 124 19 147 105 81 169 155 106 73 115 60 31 93 98 93 126 48 23 91 169 176 140 79 125 167 92 107 183 129 146 15 71 92 189 150 24 187 82 52 145 76 108 135 92 67 154 49 8 143 86 104 124 105 149 89 71 48 191 139 124 53 129 63 166 76 145 171 147 118 126 144 54 89 97 126 128 86 119 117 107 98 178 35 68 132 52 155 
145 85 74 177 41 180 51 88 153 163 130 111 101 79 143 30 104 127 130 165 142 86 79 14 158 158 116 124 48 116 110 61 147 55 181 18 114 75 99 95 61 94 15 119 42 120 49 122 112 104 156 85 47 74 40 152 96 145 99 107 106 156 54 161 93 55 68 130 27 69 77 65 88 111 13 122 157 96 92 138 77 58 145 15 91 28 36 64 71 84 98 121 98 103 47 123 72 127 36 195 111 77 166 130 76 46 70 164 56 61 119 92 127 158 148 86 94 15 146 188 118 113 41 124 104 96 46 119 
80 86 109 95 50 84 65 62 124 84 38 43 95 67 59 53 29 64 88 58 88 145 106 86 36 86 169 107 36 93 82 88 87 73 148 132 71 102 118 134 156 135 128 121 184 139 36 50 97 145 72 60 199 179 99 65 93 144 132 83 115 123 29 50 106 101 169 43 74 24 142 152 11 57 86 137 37 51 120 96 121 131 152 90 126 43 76 145 160 101 62 99 64 124 99 50 83 145 48 85 126 124 139 109 145 70 44 30 141 81 33 54 86 128 163 79 127 64 110 87 18 61 56 6 158 90 136 84 
116 133 76 57 109 67 60 73 106 163 30 60 75 44 119 144 151 15 99 66 110 69 189 112 87 147 34 145 153 132 35 183 29 73 170 82 118 23 22 143 80 105 26 114 39 106 134 9 44 83 76 102 95 40 52 129 102 107 102 126 23 59 70 21 122 127 52 156 173 72 105 126 75 63 35 41 128 155 159 93 141 86 101 47 156 91 153 97 99 171 141 167 159 51 98 140 137 76 110 134 182 166 50 102 171 164 30 64 155 13 95 187 76 113 95 60 65 132 103 164 88 88 126 175 148 115 88 99 
110 38 20 108 119 101 104 155 163 22 79 78 32 78 78 127 176 43 120 52 70 138 40 132 74 111 161 79 51 99 120 85 106 57 71 120 70 78 122 121 135 69 133 146 29 76 121 152 174 38 121 79 77 11 56 163 47 104 196 133 128 150 29 158 71 67 79 97 50 97 103 69 73 147 72 86 68 67 158 65 132 114 83 111 87 171 100 177 148 108 105 45 65 167 97 73 165 62 148 185 99 113 142 175 147 56 141 155 174 80 46 91 85 56 109 92 114 181 108 80 74 126 86 84 108 52 94 78 
122 70 49 120 59 176 93 133 75 90 117 70 140 154 151 101 119 42 91 118 64 37 57 136 141 125 167 136 93 72 105 98 105 43 128 119 42 174 159 173 177 130 100 76 144 40 162 129 82 156 118 137 141 81 58 103 96 163 171 191 105 177 125 139 54 122 47 63 147 112 116 106 92 133 142 83 40 111 117 51 123 99 160 99 61 161 131 58 137 145 133 26 61 113 139 132 126 176 91 91 44 66 99 55 118 61 81 13 80 74 79 35 146 133 71 92 113 124 164 89 88 112 101 18 119 159 52 98 
110 89 145 159 170 97 150 109 75 92 115 149 159 108 96 95 61 139 96 83 73 147 46 164 130 113 66 64 51 117 118 169 122 58 145 142 76 56 53 171 77 130 142 72 87 62 102 63 138 69 106 126 193 64 70 106 71 148 113 88 47 35 120 145 116 138 97 115 125 88 88 97 81 154 86 60 82 61 102 88 67 107 131 152 126 103 138 171 48 61 49 14 119 164 64 91 73 70 159 79 93 146 110 154 126 119 33 95 46 79 62 57 75 63 43 113 100 100 74 105 96 126 63 141 5 145 47 171 
85 136 106 158 96 91 79 79 68 67 180 98 192 81 109 62 29 172 109 129 147 170 56 69 132 156 73 145 139 59 87 115 108 131 59 169 140 188 151 161 80 154 26 120 142 58 181 108 113 100 76 126 78 117 122 143 176 126 128 57 36 56 11 98 57 36 155 113 125 165 118 111 116 129 137 64 32 133 136 129 90 147 96 89 114 53 92 96 91 122 20 53 101 109 132 38 132 108 127 47 61 120 143 65 144 92 54 187 91 35 57 82 187 61 41 25 103 100 41 174 198 168 102 62 52 35 74 165 
101 66 72 103 143 176 134 162 38 50 148 97 106 128 169 105 78 79 183 6 78 119 123 174 121 89 177 119 113 108 138 72 101 79 86 80 51 42 177 92 37 80 69 161 54 100 18 141 135 87 93 94 48 108 120 98 97 116 140 166 164 151 133 106 63 17 126 103 110 130 66 119 22 143 135 156 154 195 89 42 131 122 89 6 104 75 156 86 114 48 149 112 134 101 140 111 158 180 78 84 154 104 152 180 54 127 86 76 85 146 75 187 140 18 27 60 46 93 147 91 185 183 66 27 72 41 101 19 
153 101 32 86 45 131 32 84 142 110 125 162 72 23 46 46 116 73 86 93 29 90 56 153 123 136 75 97 50 162 128 126 102 134 92 129 149 112 143 171 85 191 67 143 70 55 98 11 105 89 151 67 94 52 104 169 179 42 63 61 100 53 84 81 43 54 30 107 146 111 145 66 26 19 38 115 44 88 123 116 57 127 80 55 121 131 94 132 43 92 111 187 142 61 111 87 63 95 79 132 55 95 112 119 89 158 128 113 56 133 63 61 18 112 120 83 84 46 88 102 108 136 103 103 88 100 81 164 
180 102 124 53 40 35 87 54 118 65 82 95 128 138 89 67 73 133 172 136 40 63 62 63 164 101 108 32 166 133 73 196 72 148 147 114 73 99 63 125 149 114 131 110 120 19 144 150 72 52 118 130 64 100 139 176 154 121 36 150 40 70 141 102 83 194 120 88 88 139 83 118 142 65 183 128 104 187 20 105 45 122 69 90 45 90 125 135 92 134 146 116 95 51 100 79 158 108 73 109 98 74 165 135 97 148 163 95 109 71 43 41 27 120 114 109 52 110 141 142 82 99 64 73 103 133 102 143 
77 98 133 105 115 149 55 85 136 85 67 141 38 144 119 86 51 74 109 47 133 147 36 49 146 41 59 69 159 102 114 38 163 52 170 134 39 104 152 146 118 93 116 134 125 100 72 106 164 36 34 53 154 93 85 184 77 86 108 119 66 99 66 103 112 75 111 114 183 61 28 104 104 144 85 53 126 170 66 47 129 90 64 138 130 139 119 80 65 144 86 95 130 49 95 107 92 60 131 148 92 107 89 59 126 86 79 60 92 92 113 25 60 83 109 128 160 114 163 87 114 99 77 99 74 109 178 115 
68 94 127 53 160 131 184 120 133 129 12 43 106 62 136 94 73 169 138 95 35 90 24 143 115 171 178 91 163 119 95 183 166 77 62 115 72 75 51 97 80 133 110 109 30 108 131 118 30 44 71 110 125 110 113 102 49 79 133 186 79 89 73 97 138 164 144 85 94 58 135 173 52 110 77 144 84 170 52 84 126 125 137 149 88 104 132 152 117 83 72 46 126 110 80 83 129 94 83 169 93 160 156 69 128 94 127 65 114 113 100 103 46 84 52 160 26 154 118 103 152 19 107 30 78 68 164 106 
100 109 179 129 150 116 85 93 148 140 29 43 41 76 70 182 164 16 191 98 12 153 102 110 103 75 132 128 154 149 183 21 148 143 69 59 94 79 162 59 131 129 167 181 94 89 54 88 193 54 56 184 51 91 20 134 127 129 139 143 163 124 92 120 86 107 107 131 127 90 111 93 54 148 126 105 32 55 50 101 131 35 50 89 81 86 75 144 123 39 40 154 149 134 121 35 34 29 105 150 188 123 103 90 86 15 64 132 181 124 100 100 93 46 110 114 154 80 146 39 115 26 121 50 84 78 190 85 
61 37 87 118 16 150 49 39 100 77 65 72 146 172 112 78 95 76 111 92 127 124 77 57 125 130 132 64 136 58 44 33 101 99 121 124 69 85 75 96 197 127 133 91 20 105 85 86 110 139 49 51 92 73 85 84 102 169 68 52 118 152 119 45 90 54 103 81 24 79 120 126 47 33 128 87 46 82 94 127 131 68 194 61 186 168 60 83 162 125 44 125 110 105 37 119 43 89 65 116 175 127 98 147 119 146 110 103 108 164 74 41 147 88 141 163 118 146 68 22 74 179 124 88 153 131 176 83 
100 172 142 105 99 125 45 89 137 106 153 104 161 127 25 146 78 67 103 122 136 124 151 23 115 122 48 113 94 115 78 123 123 113 68 111 90 75 18 37 81 111 110 28 111 75 98 84 167 143 42 69 13 47 76 73 82 154 174 120 105 139 27 83 127 48 152 59 28 104 88 79 84 184 143 81 97 122 102 23 61 46 113 89 114 45 102 174 96 123 55 54 60 184 102 160 184 135 109 147 90 84 85 176 117 188 87 164 80 89 105 174 91 102 142 87 103 39 22 16 55 86 104 85 107 86 144 84 
127 34 63 113 61 124 89 150 84 140 176 59 51 118 89 72 88 78 163 158 80 74 131 157 125 127 91 31 144 61 71 96 103 103 72 156 70 127 118 89 165 75 119 38 151 97 101 147 110 171 86 128 105 59 118 151 131 35 135 54 74 101 61 99 91 122 136 108 38 61 80 124 134 110 76 51 108 112 94 163 104 100 124 107 50 181 86 46 172 86 94 93 42 141 82 82 134 112 70 84 181 131 77 99 107 118 18 88 74 88 96 198 185 108 82 114 152 115 74 55 194 103 110 115 91 149 56 65 
105 176 86 136 114 137 162 117 106 86 112 100 82 127 153 112 109 143 87 74 31 158 127 76 80 173 146 17 161 152 32 140 97 133 27 102 55 150 167 87 88 160 132 138 108 72 138 166 126 77 95 52 97 113 122 76 131 63 115 113 60 179 55 124 28 86 51 164 141 64 156 183 59 86 85 155 71 151 126 96 35 29 108 74 123 114 114 176 136 74 145 41 134 55 108 58 62 87 141 75 171 68 18 126 98 113 61 88 126 112 126 168 183 136 99 99 19 26 179 86 103 78 100 21 76 146 18 22 
56 151 56 84 132 35 140 96 88 20 113 14 132 121 83 141 52 118 135 97 46 189 128 92 114 41 76 157 49 160 132 59 41 96 98 125 60 99 171 120 176 70 36 165 139 110 61 93 185 60 109 101 141 97 19 93 102 130 41 127 101 28 50 130 119 64 100 59 175 158 116 138 151 170 104 108 162 128 126 129 178 143 107 123 83 156 103 65 106 87 91 79 36 164 182 136 73 115 157 120 48 79 82 137 178 41 56 126 86 101 63 102 66 103 64 77 107 121 124 104 110 100 194 64 117 177 91 72 
134 117 80 128 193 45 146 118 121 86 61 50 159 140 114 99 108 104 142 143 67 167 116 168 102 70 163 162 94 91 102 29 150 46 102 130 116 122 95 72 124 180 60 111 40 119 136 86 51 119 94 191 112 149 105 160 104 90 116 179 76 96 62 103 122 141 57 73 91 117 136 99 37 105 177 32 182 127 40 130 124 97 128 67 125 115 44 88 81 143 42 144 170 54 98 130 126 104 104 157 138 114 83 88 35 124 6 175 84 18 141 62 27 103 73 99 30 50 88 85 115 21 64 172 80 166 89 90 
100 99 127 71 121 109 79 113 73 65 79 95 76 76 77 118 158 134 128 136 71 106 130 103 114 151 45 151 117 104 158 97 182 115 140 44 179 104 84 171 65 144 142 104 138 55 42 187 62 126 161 122 137 186 152 8 150 131 98 130 62 85 49 108 142 142 110 122 56 125 93 49 73 84 107 80 64 161 28 148 75 57 161 43 96 160 25 167 74 23 80 115 41 69 153 124 13 108 51 143 170 110 62 198 68 104 158 148 108 119 5 52 72 88 103 74 78 84 153 107 91 76 117 80 100 176 34 92 
124 144 108 43 105 122 141 144 87 95 159 73 72 114 34 94 117 29 101 81 105 159 156 136 90 115 106 65 101 134 58 92 73 71 129 129 124 93 134 117 55 108 111 129 100 163 22 139 74 172 150 44 152 122 69 172 88 147 111 132 121 135 83 61 126 127 148 146 47 76 157 97 96 89 66 134 156 104 61 175 114 181 162 76 74 71 80 64 145 99 33 69 130 95 106 78 166 105 93 84 50 108 168 83 132 96 90 115 52 159 145 35 41 100 133 109 68 78 131 86 149 146 177 166 176 114 39 117 
127 69 12 117 77 119 74 112 58 18 115 112 52 82 120 51 170 107 131 148 48 117 23 99 107 106 67 140 63 12 83 103 87 34 93 78 47 167 90 126 38 142 83 17 124 152 55 151 90 126 61 99 177 80 101 156 77 122 78 45 142 82 123 162 112 100 54 105 60 94 68 3 41 31 71 130 97 120 140 100 86 95 111 112 130 88 34 95 61 102 125 114 164 142 47 121 54 77 52 118 123 102 176 154 52 46 136 88 94 52 47 74 101 81 102 178 164 190 176 144 56 18 91 89 34 39 150 98 
107 25 139 151 67 73 96 123 189 74 109 107 70 90 91 28 77 142 115 92 82 37 129 97 33 179 74 169 81 58 80 144 98 102 53 134 49 117 84 121 83 84 98 140 53 145 119 94 182 94 130 127 89 42 120 96 97 135 107 108 142 180 71 75 109 68 149 30 144 85 27 91 122 100 57 147 80 146 161 116 90 74 149 22 145 127 139 10 88 84 103 150 61 128 137 118 174 108 147 141 71 63 124 44 155 119 84 99 78 98 171 165 19 164 143 115 106 85 83 84 65 22 72 90 92 117 98 52 