16
3 9 9 1 3 10 9 7 4 8 10 3 8 2 9 1 
6 7 3 10 5 10 9 2 4 5 7 6 1 7 6 4 
10 8 6 2 9 9 4 6 10 10 8 5 3 3 3 4 
7 6 10 6 3 3 3 1 1 4 2 2 4 1 8 7 
6 10 9 7 1 1 7 9 3 7 3 4 9 3 9 10 
6 8 2 6 7 9 5 6 6 8 5 9 2 1 4 5 
3 3 2 4 8 6 4 8 4 4 8 7 4 5 6 10 
10 10 4 8 1 2 8 4 8 2 7 1 4 2 8 10 
7 10 2 7 10 10 10 2 7 4 4 9 5 8 6 8 
5 2 8 10 9 4 5 10 3 4 7 6 8 6 2 9 
6 8 5 5 1 3 8 10 5 4 4 2 1 2 7 7 
1 3 10 5 7 7 4 8 2 10 10 2 3 5 8 7 
8 9 3 6 5 7 8 5 5 5 10 10 5 7 9 9 
4 1 3 9 4 3 4 8 6 9 8 3 8 10 8 2 
10 10 7 4 8 4 6 6 6 8 4 3 6 8 4 3 
8 6 10 9 6 1 2 6 4 1 4 4 4 6 7 6 
68 101 131 71 117 128 80 153 90 49 90 57 140 92 128 84 
101 114 49 123 76 96 184 124 98 61 111 53 30 33 56 152 
131 49 120 105 122 166 76 175 94 117 179 68 91 69 59 56 
71 123 105 50 83 82 109 99 100 162 146 101 145 88 132 70 
117 76 122 83 58 56 61 104 61 153 34 144 164 103 130 104 
128 96 166 82 56 96 188 87 118 165 61 78 100 36 113 52 
80 184 76 109 61 188 102 29 43 87 155 135 93 97 23 99 
153 124 175 99 104 87 29 46 124 119 128 17 108 103 67 129 
90 98 94 100 61 118 43 124 84 39 158 35 50 112 116 117 
49 61 117 162 153 165 87 119 39 182 97 42 72 86 150 64 
90 111 179 146 34 61 155 128 158 97 72 175 125 72 164 102 
57 53 68 101 144 78 135 17 35 42 175 24 122 95 171 181 
140 30 91 145 164 100 93 108 50 72 125 122 74 9 109 96 
92 33 69 88 103 36 97 103 112 86 72 95 9 140 77 113 
128 56 59 132 130 113 23 67 116 150 164 171 109 77 40 89 
84 152 56 70 104 52 99 129 117 64 102 181 96 113 89 50 