16
93 60 65 5 40 39 67 5 94 40 79 96 41 11 67 22 
31 25 42 39 3 38 67 20 53 73 48 57 8 6 66 76 
62 36 3 36 99 43 33 18 95 70 22 32 81 91 22 52 
37 11 10 37 76 80 1 91 3 89 48 8 71 86 95 64 
36 7 19 43 2 38 91 41 35 76 43 35 9 55 68 55 
89 36 64 27 52 53 86 26 46 86 24 1 48 98 91 77 
31 7 5 4 34 57 10 12 84 22 92 28 48 71 23 58 
42 25 59 24 100 78 80 10 84 40 16 6 85 39 78 100 
51 100 15 35 87 74 21 20 23 94 75 72 67 64 30 28 
52 5 95 34 32 88 81 84 76 29 13 44 6 56 19 76 
38 65 85 85 19 2 98 25 43 16 39 24 100 96 29 76 
52 21 95 14 48 92 70 6 77 89 41 61 87 26 78 60 
59 64 2 76 74 37 63 75 54 2 50 85 29 21 3 15 
71 35 52 48 50 9 51 31 46 71 64 24 14 24 59 32 
64 17 12 55 69 61 63 24 49 17 4 83 32 76 61 49 
30 72 87 77 27 70 14 71 62 11 6 5 47 9 82 87 
168 39 28 77 76 150 87 85 122 21 121 116 7 67 114 59 
39 120 97 85 98 123 107 151 135 188 46 91 76 106 119 61 
28 97 162 66 130 138 95 55 104 91 118 32 58 98 81 96 
77 85 66 68 27 85 69 88 116 87 115 136 103 54 149 118 
76 98 130 27 104 18 71 130 112 113 81 22 67 124 131 100 
150 123 138 85 18 130 95 88 112 148 75 105 68 132 87 118 
87 107 95 69 71 95 118 107 64 60 129 132 164 124 34 86 
85 151 55 88 130 88 107 48 97 45 32 57 99 53 133 108 
122 135 104 116 112 112 64 97 142 44 52 154 32 121 112 81 
21 188 91 87 113 148 60 45 44 144 132 37 181 139 101 52 
121 46 118 115 81 75 129 32 52 132 152 93 29 111 98 174 
116 91 32 136 22 105 132 57 154 37 93 150 93 68 83 71 
7 76 58 103 67 68 164 99 32 181 29 93 156 81 104 71 
67 106 98 54 124 132 124 53 121 139 111 68 81 54 51 50 
114 119 81 149 131 87 34 133 112 101 98 83 104 51 170 118 
59 61 96 118 100 118 86 108 81 52 174 71 71 50 118 52 