16
3 9 9 2 10 1 4 4 1 4 7 10 4 4 8 9 
1 1 1 10 9 9 9 9 8 8 2 2 6 7 1 6 
8 8 4 2 7 1 4 1 9 6 8 1 9 3 1 7 
1 4 8 8 3 7 2 2 5 3 10 4 8 6 6 8 
9 2 10 6 8 2 7 4 4 4 6 7 9 8 6 2 
10 5 2 10 8 2 7 5 5 2 3 6 4 10 6 5 
9 6 10 9 7 8 8 8 2 5 9 2 9 2 7 8 
5 8 2 1 1 8 2 6 1 4 4 4 7 9 3 7 
9 5 6 7 4 3 5 9 7 7 5 10 1 1 5 1 
9 10 4 4 7 10 10 3 10 3 5 10 3 10 2 5 
8 9 4 2 1 1 2 1 3 8 2 10 9 8 1 3 
10 4 10 7 7 9 1 3 2 2 6 4 7 4 2 4 
10 1 10 2 9 10 3 4 9 10 4 8 6 1 5 4 
10 5 6 4 4 1 6 5 4 10 5 6 1 7 4 2 
3 3 5 5 10 3 1 10 1 5 5 6 10 10 5 8 
4 2 6 3 6 4 4 7 4 8 6 9 6 9 2 7 
190 97 51 106 135 146 79 76 94 148 63 139 96 124 60 81 
97 166 42 84 162 156 90 104 49 116 78 195 68 80 163 80 
51 42 34 65 80 30 137 58 108 173 115 104 124 197 142 90 
106 84 65 170 90 79 116 86 129 56 115 55 42 103 45 49 
135 162 80 90 72 137 103 111 46 154 135 136 121 93 119 74 
146 156 30 79 137 178 87 76 25 94 21 144 85 51 96 83 
79 90 137 116 103 87 20 117 111 116 130 74 142 117 61 50 
76 104 58 86 111 76 117 20 163 93 133 71 109 148 106 46 
94 49 108 129 46 25 111 163 80 171 74 88 165 149 6 137 
148 116 173 56 154 94 116 93 171 192 126 72 26 143 131 121 
63 78 115 115 135 21 130 133 74 126 154 42 102 63 97 85 
139 195 104 55 136 144 74 71 88 72 42 154 23 157 61 153 
96 68 124 42 121 85 142 109 165 26 102 23 70 93 141 97 
124 80 197 103 93 51 117 148 149 143 63 157 93 16 136 128 
60 163 142 45 119 96 61 106 6 131 97 61 141 136 82 75 
81 80 90 49 74 83 50 46 137 121 85 153 97 128 75 110 