128
7 8 10 1 9 4 8 6 4 6 9 5 1 7 2 4 8 9 10 4 2 4 10 8 9 2 2 1 7 4 2 9 8 1 6 10 5 9 10 4 6 10 8 4 6 4 5 7 5 6 9 2 8 3 1 2 5 3 1 5 5 5 3 6 4 7 10 10 1 4 1 4 7 3 6 2 9 6 10 7 6 1 1 9 6 9 2 1 4 3 8 3 6 2 8 8 10 6 7 7 6 5 4 2 6 6 4 2 1 3 10 9 9 5 7 10 9 7 10 1 9 4 7 5 3 5 2 8 
7 1 6 7 3 10 2 10 9 10 10 3 4 3 4 9 9 9 4 5 5 6 3 9 8 10 2 9 9 8 6 9 7 2 5 8 7 8 8 4 4 4 10 4 9 8 3 1 2 6 6 7 10 3 1 6 4 4 4 8 8 6 10 3 6 9 5 4 7 10 7 5 10 7 3 10 6 8 4 2 6 6 5 3 5 9 10 3 10 10 2 8 6 6 9 3 3 7 7 5 9 3 4 9 5 1 4 1 4 3 1 1 4 3 3 8 3 2 1 3 3 6 2 10 5 6 9 3 
2 7 2 9 10 1 7 6 5 3 10 2 3 9 6 4 9 7 7 6 4 5 1 5 4 10 10 5 1 1 8 1 3 3 1 1 1 10 9 1 9 7 1 3 6 8 2 2 1 10 6 4 1 8 8 8 1 8 1 10 1 1 6 2 5 9 6 3 6 7 1 1 4 8 6 9 5 8 8 6 2 5 5 3 1 9 3 3 10 7 1 7 1 3 1 5 8 8 1 8 5 5 5 9 5 1 9 6 2 2 5 9 9 7 1 1 3 4 10 3 9 4 9 8 6 10 3 5 
1 6 7 7 4 4 2 1 6 6 7 5 10 2 8 10 5 7 10 9 2 3 8 5 8 1 1 5 9 3 3 2 5 8 1 10 5 5 1 5 6 6 3 6 8 9 4 8 10 10 7 3 4 10 2 6 2 10 9 7 4 9 8 4 3 10 8 5 2 5 9 5 9 5 6 5 2 8 9 8 10 6 3 8 7 10 1 6 2 2 7 1 2 1 2 4 7 3 6 6 8 3 3 2 2 10 2 10 6 3 9 10 8 8 2 7 4 2 5 2 9 8 5 7 2 8 10 1 
4 9 1 10 6 2 6 3 10 7 10 5 3 6 7 10 10 9 7 8 2 6 5 5 5 3 9 1 7 9 8 2 10 3 1 3 10 3 3 9 6 7 8 6 4 3 7 1 2 1 9 6 6 3 1 7 3 10 8 9 10 7 7 3 2 5 2 3 9 10 2 8 8 1 5 8 5 4 4 2 6 9 5 8 8 7 9 6 10 6 9 10 3 7 1 1 8 9 1 8 9 2 5 6 8 8 5 9 1 5 7 8 10 1 10 5 3 2 1 1 1 6 1 4 2 5 6 1 
3 5 9 7 9 8 9 7 5 3 8 7 6 1 8 3 5 8 7 7 7 6 8 2 6 9 10 6 3 8 8 2 4 6 2 8 9 5 1 5 9 8 3 10 3 9 1 4 10 6 5 2 3 2 8 5 4 4 6 10 6 9 10 10 9 8 5 5 5 1 8 9 9 3 3 9 6 2 10 6 7 9 9 8 2 1 10 8 4 5 4 2 6 5 10 2 3 1 5 9 5 8 1 5 10 10 9 8 4 10 9 4 4 1 5 2 4 5 1 7 10 8 6 2 3 3 5 3 
6 5 6 6 3 1 2 4 7 10 1 6 1 5 5 7 7 7 8 9 4 10 6 5 4 8 5 1 8 8 10 1 4 7 1 7 8 10 2 6 7 3 5 10 10 1 4 4 5 5 3 2 4 3 8 8 5 6 5 9 4 2 9 5 10 9 6 2 10 9 3 3 4 10 9 5 7 8 1 7 7 4 7 4 6 1 2 10 3 7 5 1 1 4 5 4 6 9 1 2 9 2 10 8 4 4 4 4 1 3 4 4 7 8 8 9 4 7 2 10 10 5 6 8 4 5 5 10 
10 1 6 1 2 3 9 6 2 3 2 3 1 9 9 3 7 8 6 9 1 8 10 4 10 3 7 6 7 3 4 4 10 8 2 8 10 3 8 10 7 7 8 6 5 3 3 1 6 10 9 5 7 9 7 9 8 2 5 5 6 7 7 9 2 9 6 8 7 4 5 5 1 3 3 10 8 2 8 2 9 8 9 9 9 6 10 8 2 2 1 3 2 10 4 2 2 10 8 5 5 6 4 1 10 7 7 3 9 3 9 5 7 2 4 9 1 4 1 6 3 4 1 6 6 1 7 1 
10 9 2 9 1 8 9 5 4 3 9 6 5 6 10 1 5 8 9 9 8 3 3 8 5 5 6 10 6 5 1 8 3 10 3 8 8 5 4 10 8 1 9 7 4 10 4 8 2 8 10 3 9 2 5 10 5 3 7 4 7 6 3 3 8 6 8 7 9 2 5 8 10 2 1 8 2 5 9 7 9 9 6 8 7 5 8 7 8 4 5 10 7 5 8 2 3 9 4 9 4 3 6 6 10 9 4 5 7 9 7 5 9 9 9 1 8 1 7 6 5 6 7 3 5 9 1 4 
1 4 4 4 3 8 10 5 9 8 1 1 7 2 3 1 6 1 4 1 3 2 9 9 4 6 8 6 1 3 8 9 5 10 8 1 6 6 10 1 7 1 1 3 6 6 8 1 9 2 9 1 5 7 2 9 4 8 6 7 3 2 2 3 9 7 6 3 10 8 2 6 9 1 6 8 6 5 3 3 8 9 6 9 5 4 2 8 8 10 8 9 10 1 1 8 1 10 2 4 8 4 5 5 4 3 2 6 5 10 1 10 5 5 6 4 10 10 3 2 4 1 3 9 3 6 5 5 
2 5 8 9 2 6 9 8 7 8 8 4 8 4 1 4 10 7 4 8 7 4 1 3 6 2 2 5 10 7 1 9 2 2 1 6 10 10 5 9 10 4 10 9 1 5 2 4 5 4 10 6 3 8 6 10 6 8 4 5 4 1 9 9 6 4 4 8 8 1 4 8 9 8 1 9 9 3 2 5 3 9 1 2 3 7 3 1 5 4 2 10 5 5 9 2 9 7 5 3 7 4 10 10 1 7 6 1 3 1 5 9 6 5 1 10 4 4 7 6 5 4 7 1 2 4 5 10 
10 7 3 3 1 10 10 9 5 5 2 4 1 6 3 6 5 1 5 1 7 2 8 4 5 10 1 2 6 6 5 6 6 6 9 9 6 3 3 8 5 8 6 2 9 8 6 1 7 1 7 6 9 3 7 7 6 8 1 7 4 1 4 9 7 7 5 4 2 3 10 9 8 7 6 6 4 2 2 8 7 2 7 8 7 6 3 5 1 3 10 5 1 7 7 9 7 3 3 8 5 7 10 8 5 3 1 8 1 5 2 10 6 5 7 1 3 3 7 2 9 7 10 1 7 9 3 4 
10 2 9 4 5 9 2 6 4 7 7 10 3 10 4 10 7 9 6 10 10 6 4 8 9 9 2 7 5 8 1 4 8 1 2 8 6 3 3 6 1 4 6 8 9 10 3 9 7 9 7 7 6 5 6 1 4 3 7 10 8 2 2 5 7 2 5 1 10 10 5 9 3 9 2 1 10 4 6 6 6 7 10 2 2 2 8 2 8 1 9 5 3 5 7 3 2 7 8 2 8 5 1 4 7 4 4 6 10 9 3 7 6 2 8 9 9 9 1 6 9 5 8 4 1 4 1 8 
5 7 9 7 8 2 5 8 9 3 1 9 1 9 4 10 5 6 1 10 5 2 5 1 6 6 9 3 4 3 10 7 3 3 3 5 5 5 7 4 5 1 8 2 2 5 5 8 4 3 5 9 1 10 6 1 2 8 4 10 10 2 8 5 3 6 4 5 1 2 1 6 3 4 9 10 6 5 9 1 5 10 7 3 5 4 6 5 3 3 2 10 4 10 7 1 8 6 8 8 2 8 3 9 2 6 10 8 9 7 3 3 3 6 3 4 7 6 9 8 9 7 4 4 2 7 4 7 
9 3 7 1 4 3 8 5 10 8 3 9 2 6 5 1 5 8 7 9 2 1 6 3 3 10 3 1 4 10 3 2 10 3 2 7 1 7 9 3 9 3 9 2 10 10 9 6 3 1 6 9 9 8 2 2 6 4 3 6 4 10 5 9 6 2 1 10 9 3 2 1 7 5 8 1 9 8 5 3 8 5 10 3 6 3 5 3 5 3 9 4 9 7 5 5 10 6 1 10 3 10 3 2 10 1 4 4 3 6 6 2 4 2 5 2 8 9 5 2 2 2 3 7 9 3 5 5 
2 8 7 7 3 7 2 7 4 6 9 2 8 9 3 2 7 7 10 6 1 7 4 10 7 10 6 4 1 2 7 1 6 1 10 2 1 6 9 7 7 1 3 7 2 9 7 7 7 2 9 3 1 1 8 6 8 3 7 10 10 4 4 9 2 7 7 8 7 10 10 5 2 7 4 6 9 2 5 10 6 5 1 9 4 4 10 1 5 8 1 9 2 1 1 6 1 4 10 6 8 10 6 2 1 8 1 3 2 8 2 3 6 7 10 10 8 9 9 1 7 4 2 4 8 4 7 5 
6 6 1 10 5 4 9 3 9 10 7 4 3 8 9 10 5 6 10 2 4 2 8 2 9 4 2 9 4 10 1 10 2 4 5 6 8 3 2 2 1 7 2 4 7 5 8 10 8 3 2 2 5 3 7 10 4 3 2 4 8 5 2 8 4 2 2 9 8 10 1 2 9 8 9 2 9 1 1 2 6 10 9 7 2 2 6 8 5 8 7 1 5 10 2 9 9 8 5 4 4 10 5 1 9 4 2 4 8 8 6 4 3 8 9 7 1 8 8 2 7 5 2 8 7 2 8 3 
2 6 6 2 2 2 1 2 7 1 1 8 3 6 8 5 4 8 4 7 6 3 4 1 6 5 2 6 1 3 2 4 4 7 1 1 1 5 6 2 1 7 6 4 10 10 6 2 8 7 10 10 8 3 6 10 7 10 6 3 7 3 7 8 7 10 5 2 3 10 9 5 3 7 6 6 7 8 9 9 4 9 6 10 3 9 7 4 3 10 4 1 8 8 10 4 6 10 4 1 10 4 6 10 1 4 4 5 7 9 5 10 2 9 5 6 2 7 7 2 9 10 7 4 2 5 2 7 
4 3 3 8 8 6 10 9 3 3 10 8 7 8 3 4 1 6 5 4 8 10 4 3 10 7 7 9 7 7 3 4 5 2 1 3 3 10 10 7 8 10 3 4 3 9 10 7 8 1 8 8 9 8 6 10 9 9 1 2 5 7 9 5 5 3 10 10 2 8 1 9 5 4 2 10 1 7 8 7 10 1 10 2 10 9 3 4 8 10 2 10 5 10 4 1 1 5 1 8 10 10 6 1 7 3 2 6 2 3 10 1 6 1 1 6 10 3 6 1 7 1 8 7 10 4 4 3 
5 7 8 8 8 5 3 8 3 6 3 7 4 6 8 2 3 2 4 6 4 6 10 10 3 4 8 9 6 1 8 7 3 9 7 2 3 9 6 2 3 3 4 8 9 5 3 6 10 5 8 6 10 5 10 6 2 7 2 2 1 9 5 7 4 3 8 1 10 7 7 8 5 9 9 5 6 3 3 4 10 10 5 10 3 4 4 10 1 8 10 2 8 2 4 10 2 10 8 5 1 7 1 8 1 10 7 8 3 8 5 2 6 6 10 6 7 1 4 7 9 5 9 1 10 3 10 9 
10 3 5 8 9 9 7 5 7 1 9 3 5 10 8 6 7 2 7 5 9 2 10 1 6 4 10 10 8 5 2 6 5 6 1 3 5 6 2 8 5 6 9 10 9 7 10 5 5 10 7 9 10 7 2 3 8 6 6 7 10 4 10 8 4 10 6 3 2 10 1 5 9 9 7 8 10 3 8 2 5 2 10 6 1 2 2 9 1 7 2 5 5 7 7 5 7 4 3 10 5 1 4 3 5 7 1 5 7 10 3 2 1 1 10 8 7 8 3 4 9 2 9 5 3 3 3 4 
10 3 5 10 1 10 2 10 9 2 10 9 1 7 3 1 10 6 10 4 8 2 3 3 4 9 6 8 2 7 5 2 5 1 6 9 5 6 10 10 3 8 1 10 5 9 10 3 4 6 7 3 2 2 1 6 8 6 8 6 8 1 7 3 3 6 10 8 4 7 3 1 8 6 3 7 4 7 9 1 10 1 8 2 1 2 7 3 4 4 10 4 1 10 8 4 8 5 8 6 6 9 5 10 10 7 5 5 8 6 4 3 10 4 2 8 6 10 4 4 8 2 1 7 8 7 1 7 
5 7 1 6 9 4 7 7 2 2 3 3 4 4 7 9 3 8 5 9 1 3 10 3 4 3 3 7 7 9 3 7 10 2 9 6 5 9 4 5 9 4 7 6 10 2 9 6 7 5 3 9 4 5 4 2 5 6 7 3 10 5 1 6 8 9 3 4 4 2 6 7 8 5 5 7 6 8 7 8 7 7 5 2 10 8 1 6 6 2 2 5 10 5 8 8 3 6 9 10 1 2 6 4 4 1 1 1 2 5 8 7 4 6 2 8 3 8 5 9 6 5 7 3 4 1 3 9 
2 9 7 8 9 5 6 5 9 4 1 4 3 4 2 4 9 2 7 2 6 1 1 8 9 3 9 1 4 3 3 6 3 9 8 5 7 10 2 6 7 1 8 8 1 2 9 7 1 6 7 6 8 9 8 2 4 5 2 9 4 3 10 4 4 7 7 7 8 3 1 6 2 9 9 2 1 10 4 6 5 4 2 5 10 2 8 7 2 3 1 7 9 3 4 8 5 8 1 7 10 3 1 7 3 3 1 3 4 10 4 5 8 8 8 5 7 4 1 4 7 3 4 2 1 6 6 9 
4 6 6 10 8 4 5 5 7 10 1 3 2 1 9 3 7 1 6 7 9 7 7 2 2 5 2 8 3 3 3 5 4 9 9 5 6 4 1 10 10 6 1 6 10 4 6 4 6 5 9 6 6 6 5 6 10 10 7 7 8 1 7 5 9 3 1 6 4 7 3 10 3 4 9 4 9 10 3 7 2 6 3 10 4 8 10 2 3 6 3 9 1 6 8 7 5 9 8 2 1 4 1 5 10 8 2 6 5 7 2 5 6 10 1 2 6 5 6 9 9 3 10 1 8 2 7 9 
4 10 9 9 5 2 7 10 1 5 5 2 6 8 2 9 9 4 1 8 3 6 9 7 2 4 1 7 4 6 5 6 2 3 5 8 6 9 4 6 10 5 4 6 6 6 3 2 6 3 2 9 10 6 1 3 1 6 3 8 8 10 8 3 3 3 6 7 5 4 3 7 10 8 5 3 9 6 6 2 7 2 1 7 1 2 1 10 6 7 4 5 3 4 3 3 9 2 10 8 3 9 2 8 6 5 9 6 4 9 1 6 4 3 6 5 1 9 9 2 8 3 2 3 4 6 5 8 
2 7 8 10 7 6 1 4 6 4 6 9 7 10 2 8 2 5 2 4 3 8 8 2 3 10 1 6 7 6 3 6 1 8 1 4 1 9 4 4 2 10 10 6 7 2 7 6 6 5 8 1 7 9 6 9 4 1 7 9 10 4 7 8 1 10 10 7 6 5 1 1 2 10 9 10 8 1 4 7 9 5 3 1 8 4 7 6 8 7 4 6 10 7 6 3 2 4 7 5 4 4 1 6 1 10 4 10 3 7 2 2 10 6 2 1 6 8 5 1 1 1 4 5 5 4 2 9 
2 6 6 9 1 10 5 9 6 2 6 10 5 3 2 6 1 8 10 1 10 1 8 7 7 10 9 1 4 6 8 10 4 8 5 7 3 1 7 6 6 4 5 7 1 3 8 3 9 3 7 9 4 2 4 3 7 6 2 1 8 7 2 3 6 6 3 4 8 3 2 9 9 3 3 9 2 8 9 6 6 8 4 5 10 8 1 1 2 4 2 10 5 9 6 6 1 6 8 7 2 6 9 8 9 8 7 2 7 7 6 7 8 8 7 4 6 4 3 7 2 6 7 9 3 8 4 3 
10 10 7 7 7 3 1 6 9 9 7 4 6 1 5 3 5 4 8 5 4 3 6 4 7 1 10 4 2 4 2 9 8 10 4 7 9 2 4 2 7 10 6 5 7 3 2 6 4 5 7 5 3 7 3 1 6 7 7 8 4 5 3 1 6 1 2 3 3 7 6 6 7 3 5 4 7 10 1 2 10 2 10 4 3 9 5 5 8 3 7 8 9 3 10 1 4 8 4 4 6 1 3 10 3 7 4 9 6 10 1 5 9 2 2 1 10 3 10 3 9 1 2 5 7 3 5 6 
8 9 1 9 8 5 2 2 4 9 6 9 10 10 10 3 9 7 6 5 5 6 1 5 4 4 10 6 9 1 10 10 5 3 7 6 5 6 8 4 3 6 8 7 7 5 5 1 7 10 5 3 7 5 8 6 6 3 4 9 4 9 1 2 7 8 1 9 10 8 4 9 7 5 9 10 1 8 10 3 5 2 8 3 9 10 7 6 4 10 4 7 4 10 3 2 5 5 10 1 10 5 7 7 2 5 1 4 9 1 5 8 1 10 1 1 6 1 10 4 8 2 3 6 8 5 2 1 
1 8 3 7 10 10 1 8 10 9 4 9 7 9 1 4 2 6 1 9 10 9 1 8 6 1 1 8 3 7 10 4 6 9 10 2 6 4 4 7 3 8 8 1 4 8 4 1 2 6 5 3 7 8 3 8 5 2 3 3 3 4 2 9 5 1 10 2 2 9 7 1 1 1 8 5 3 4 5 1 10 5 4 1 1 1 9 1 2 10 2 9 7 8 3 6 9 5 3 10 9 1 7 10 10 3 8 2 1 3 6 3 5 3 5 1 9 1 10 3 9 7 1 6 8 7 6 3 
5 6 1 9 5 2 1 6 3 2 2 7 5 7 1 5 5 8 9 5 5 8 1 4 8 5 1 8 2 7 6 2 10 9 7 9 3 9 5 3 1 7 9 2 1 5 5 2 3 9 5 7 7 6 8 2 3 6 3 10 10 2 4 9 3 2 5 2 10 9 6 8 5 7 7 3 4 9 1 1 9 7 8 8 10 8 1 3 9 2 9 3 7 8 7 1 8 3 7 9 4 2 10 9 10 2 10 6 8 3 2 10 9 2 3 5 8 3 8 3 8 10 3 1 8 2 1 8 
10 7 10 6 5 3 6 1 8 6 6 3 5 2 3 5 5 4 8 2 2 6 1 9 6 5 2 5 6 6 9 6 9 10 9 9 7 5 9 3 5 2 6 3 10 8 2 10 7 2 1 5 10 7 10 4 1 5 5 2 3 7 7 3 5 1 1 5 1 9 1 1 4 7 6 9 2 10 9 3 5 9 2 2 7 2 5 5 7 8 7 7 6 4 5 7 2 5 9 10 6 8 7 8 1 7 1 9 1 7 1 10 2 1 5 5 10 2 4 9 5 10 9 9 4 4 4 3 
1 3 10 7 2 7 10 9 3 2 9 4 7 3 4 3 7 4 6 10 9 9 8 4 5 9 6 1 9 10 10 4 3 1 1 5 9 5 3 6 5 10 8 10 4 3 3 9 10 3 7 2 6 3 10 6 6 10 4 9 5 1 9 2 2 10 7 7 6 10 1 5 9 2 8 9 3 4 2 10 2 7 7 2 8 9 7 8 9 2 7 7 9 5 6 2 2 10 9 7 4 8 4 1 6 5 5 6 4 4 5 5 8 5 6 3 6 8 5 1 5 1 8 6 7 9 10 9 
10 6 2 10 1 4 1 4 9 9 7 6 3 9 5 4 9 3 4 4 3 5 6 10 1 3 2 2 6 2 9 7 9 5 3 4 8 2 9 9 8 10 4 3 6 2 5 5 4 6 1 2 4 6 7 1 6 8 6 4 9 10 7 4 1 9 9 6 5 8 8 10 1 3 2 1 9 5 5 9 1 3 2 5 8 6 5 3 10 8 5 5 8 2 5 3 8 10 4 5 3 5 6 2 7 4 1 5 6 10 9 8 5 9 5 5 2 5 4 1 10 4 8 2 10 4 3 7 
4 8 3 7 10 10 4 4 10 7 5 10 9 1 7 1 3 6 1 8 7 5 1 1 7 1 3 2 6 3 1 2 7 6 8 5 5 1 6 6 7 9 1 2 6 2 2 4 2 8 2 2 6 2 10 3 10 1 10 6 3 4 1 8 7 9 7 4 4 10 9 1 7 4 2 7 1 2 1 5 8 7 6 5 2 10 1 3 8 7 9 7 10 1 3 3 10 4 8 5 1 9 9 7 1 2 1 3 1 2 5 6 4 4 9 6 1 6 4 4 8 3 9 2 4 8 4 10 
5 3 4 10 7 4 9 1 4 1 8 6 1 1 7 5 5 5 9 7 3 7 5 7 3 6 7 8 1 3 2 4 10 6 8 8 4 6 1 9 8 3 4 1 8 4 6 9 2 8 10 1 5 1 2 4 8 2 7 4 1 1 3 9 2 8 7 3 6 4 5 1 8 8 6 2 3 8 8 7 10 3 5 8 4 10 1 7 6 10 6 7 5 4 6 10 7 10 6 5 4 7 3 1 7 7 8 3 3 10 9 5 10 10 8 1 3 2 1 6 2 3 8 6 1 6 10 8 
10 8 2 5 2 10 10 3 3 2 10 3 10 6 6 10 10 6 5 5 3 9 4 6 7 6 5 5 3 8 10 8 7 9 3 6 10 2 2 7 6 9 9 1 5 1 6 3 10 10 6 6 4 7 7 8 8 1 1 4 4 10 3 10 7 1 10 7 8 6 6 3 6 5 4 2 8 4 3 5 5 4 2 3 7 1 6 4 9 7 7 7 6 6 8 9 5 7 1 8 5 6 8 10 8 8 7 7 4 1 6 10 6 5 3 1 6 5 9 9 5 6 10 1 10 6 4 3 
1 4 8 3 6 2 2 8 4 1 9 6 5 10 9 3 10 1 2 1 5 8 9 10 6 6 2 10 10 3 9 5 5 9 8 9 10 4 4 4 9 5 10 9 6 7 4 7 3 4 3 3 5 7 3 8 9 9 10 10 7 1 6 9 1 9 3 5 9 5 10 2 10 10 8 8 5 4 9 7 3 2 4 2 5 5 3 8 5 1 9 3 7 10 1 10 10 3 6 5 2 4 3 1 9 10 1 2 8 8 7 1 3 5 3 4 9 6 3 5 7 3 6 10 2 9 6 1 
1 6 9 5 4 7 6 1 5 6 6 2 4 1 1 1 5 6 3 9 8 9 1 5 5 2 8 6 4 3 7 6 7 3 5 6 9 5 2 9 10 5 9 4 9 2 5 9 6 10 4 5 6 5 3 7 3 3 3 7 10 6 10 4 9 9 4 10 8 3 4 6 5 7 6 9 4 2 3 2 8 3 3 6 8 4 9 7 4 4 1 8 1 10 10 2 2 4 8 2 1 2 1 5 5 4 9 1 7 10 9 9 7 6 1 6 1 1 1 9 6 8 7 8 3 1 4 1 
1 4 2 2 10 5 1 4 8 7 9 3 10 4 8 4 7 5 8 10 10 6 5 10 5 4 7 3 8 8 6 9 4 5 1 7 2 4 9 10 6 7 5 10 9 4 4 8 10 5 6 3 5 6 7 9 3 5 3 6 6 5 8 5 2 10 10 7 4 3 2 4 3 2 3 4 3 7 8 5 3 7 5 5 1 8 9 5 5 7 4 1 2 2 4 3 5 6 5 8 4 6 4 9 10 7 6 2 9 2 3 1 1 7 10 10 9 3 8 1 6 2 9 2 6 4 2 5 
4 8 9 4 4 5 3 2 4 4 6 1 3 4 10 7 6 10 8 1 1 2 7 2 5 9 1 9 8 3 6 2 10 1 9 9 5 5 3 7 7 6 4 9 4 10 5 2 10 8 5 9 2 3 4 1 3 3 10 1 2 4 2 9 1 9 1 6 9 9 10 7 8 10 5 2 4 10 5 10 3 8 2 2 5 9 7 10 3 7 10 9 1 8 4 5 10 5 6 1 9 10 2 1 3 2 3 7 10 1 6 5 2 3 3 4 9 8 1 10 7 2 5 2 3 2 9 3 
5 4 1 9 7 7 4 9 9 8 7 1 5 9 10 5 9 10 7 5 1 10 5 4 9 5 7 7 2 1 6 1 6 5 9 7 6 5 9 2 3 6 3 6 1 8 4 1 4 3 9 9 8 2 2 5 2 2 9 3 7 6 8 10 9 8 8 6 2 7 7 1 1 6 5 7 8 5 5 3 6 1 9 3 3 9 1 9 10 6 2 10 1 10 5 1 3 4 4 3 2 6 6 8 7 10 6 7 3 7 10 10 6 6 7 3 8 10 8 1 6 2 3 4 3 6 8 5 
7 7 5 9 7 4 4 9 1 10 8 9 8 6 6 8 1 4 8 7 3 1 4 2 4 5 1 8 3 4 5 2 5 4 1 5 10 6 7 10 7 6 4 9 5 6 1 6 4 9 8 6 5 5 2 4 1 6 2 10 4 7 8 7 8 9 10 3 8 10 4 4 8 2 2 8 8 5 8 2 2 6 9 2 7 5 7 9 1 10 8 4 6 7 7 4 5 6 8 5 8 9 6 8 10 6 5 10 10 1 1 8 7 2 7 1 6 2 9 4 8 5 5 4 3 5 7 9 
5 3 4 6 3 4 10 5 4 2 3 3 1 1 7 1 2 3 3 6 3 9 4 9 5 9 7 2 2 10 8 3 4 9 6 7 10 9 8 8 1 7 9 6 10 5 7 7 5 7 4 4 3 3 5 1 8 3 6 7 8 4 1 7 9 9 1 3 7 6 8 1 6 8 8 7 5 4 10 2 8 3 3 3 5 10 2 3 4 3 7 2 1 9 4 2 5 10 4 2 4 7 3 5 2 2 4 8 10 4 10 10 4 1 7 1 1 7 7 8 1 1 9 9 1 10 1 9 
2 8 8 10 3 8 8 5 1 3 9 10 3 8 3 5 5 7 6 5 6 3 3 6 3 7 5 5 3 9 7 10 3 6 4 8 7 8 5 10 5 1 9 4 7 7 5 8 10 2 2 5 7 6 8 8 4 7 9 5 2 2 9 9 4 7 7 10 9 7 4 5 10 6 4 3 1 8 4 3 5 3 7 3 5 7 3 2 10 3 7 4 7 7 1 8 3 3 3 6 5 1 8 7 8 8 3 6 5 5 5 9 3 2 7 6 10 7 6 5 8 2 3 9 8 2 6 10 
2 8 3 8 3 1 8 7 6 9 7 2 4 1 10 3 2 1 5 2 10 7 9 1 9 2 6 4 4 10 6 1 9 4 3 2 6 7 10 1 7 3 7 1 7 4 10 10 7 9 8 5 7 8 8 3 9 3 9 2 3 4 2 8 6 10 5 5 4 5 10 9 1 3 1 10 2 1 5 9 1 1 2 4 10 6 10 4 9 3 10 8 3 1 5 8 4 4 10 7 9 4 1 4 5 4 8 1 1 9 5 8 2 7 3 8 10 7 9 8 8 10 5 4 5 5 6 6 
4 7 6 5 4 5 3 7 6 6 2 3 2 6 1 5 8 9 3 7 6 8 3 5 5 10 10 1 2 5 8 2 6 3 6 4 1 6 8 4 6 1 10 5 8 6 3 5 4 1 5 7 10 10 5 6 7 1 10 6 6 3 1 3 10 6 2 1 1 3 9 2 10 4 8 8 10 6 1 2 5 8 10 3 6 6 4 7 2 2 5 5 8 10 4 9 3 5 10 5 8 1 4 8 2 1 2 10 5 10 10 9 8 10 5 7 1 10 10 5 7 7 7 3 4 7 6 7 
2 9 1 5 4 3 7 8 9 5 6 6 4 3 10 6 10 9 3 9 9 8 8 6 8 2 1 1 2 9 4 8 8 7 4 4 5 10 5 1 2 7 5 10 2 2 2 7 3 5 7 8 8 6 4 10 10 3 6 8 9 1 5 7 8 7 7 7 3 4 9 7 3 9 10 7 2 2 7 4 2 3 7 4 3 6 2 5 3 9 8 7 5 6 5 6 3 4 9 10 4 8 8 5 9 5 6 10 1 10 3 7 2 4 10 4 7 7 8 6 6 9 9 1 9 10 9 5 
10 4 5 7 6 9 4 1 4 6 10 9 9 2 8 4 10 1 6 7 5 7 7 9 4 3 1 7 4 9 5 10 5 3 6 1 7 7 4 3 2 4 5 5 1 9 1 1 5 6 6 3 4 9 3 7 6 10 2 1 7 3 4 7 2 4 7 6 4 10 6 2 4 6 4 2 1 2 9 8 4 7 9 7 5 7 3 1 7 6 5 5 3 1 8 2 9 8 6 7 5 6 8 9 6 3 1 2 3 4 3 10 6 5 8 4 6 5 7 4 4 5 10 8 8 8 3 8 
10 10 6 3 9 7 1 2 4 7 10 2 4 4 5 7 6 1 6 10 7 1 3 9 5 9 7 1 7 6 7 8 4 4 9 8 4 8 5 9 1 10 9 4 7 1 9 3 5 4 8 5 10 8 3 10 8 3 6 1 2 2 9 4 6 8 2 10 5 5 4 4 7 4 8 7 3 7 9 1 7 3 8 7 8 6 10 2 2 7 7 8 6 9 5 9 9 1 9 7 2 5 3 5 10 8 4 2 2 10 7 5 10 3 6 4 5 10 3 10 9 5 8 10 8 9 6 5 
4 4 6 1 2 7 2 8 7 2 5 7 8 7 8 10 4 5 9 2 5 4 8 4 3 6 6 8 7 2 2 7 3 10 7 10 1 6 6 10 6 9 9 8 1 5 3 8 7 8 2 2 1 8 10 8 3 8 2 8 2 9 8 5 7 1 5 3 2 8 5 7 9 10 5 10 3 5 4 9 6 7 1 10 1 1 1 3 4 9 8 1 3 10 1 10 1 1 9 10 1 4 7 1 3 2 5 8 6 3 6 1 7 7 10 8 6 10 7 3 2 10 2 3 3 9 7 5 
10 5 3 5 3 8 7 2 10 9 3 2 6 4 4 8 5 6 1 10 8 5 1 5 2 8 7 3 10 10 2 6 1 2 3 1 4 1 4 1 9 10 7 10 7 10 6 10 9 4 9 7 1 7 1 9 5 6 3 3 8 4 5 10 1 9 2 5 8 10 5 7 2 8 10 4 10 5 6 9 8 4 10 10 4 1 6 4 6 4 5 1 3 8 2 9 7 10 10 7 3 9 6 6 1 7 1 2 9 8 8 10 5 3 6 4 5 7 7 1 6 2 8 2 1 7 1 1 
10 5 7 9 2 8 2 4 9 1 1 2 7 10 6 8 7 9 6 8 6 8 2 7 8 3 5 3 3 3 8 3 6 6 9 7 6 2 8 8 5 10 5 9 6 10 5 5 7 10 10 9 8 3 3 1 10 5 3 8 8 6 9 8 7 8 2 6 5 7 4 7 7 8 7 5 9 9 1 7 4 3 5 8 7 10 6 4 5 4 1 3 7 6 9 7 9 9 6 7 8 3 1 4 3 1 6 4 2 3 4 9 8 10 6 4 10 1 3 10 2 4 1 9 8 9 3 10 
1 8 6 3 7 9 10 4 8 1 4 5 7 6 3 10 4 9 10 3 2 6 4 7 9 4 7 7 8 9 6 10 7 1 6 7 6 3 1 10 7 6 2 10 6 10 2 2 10 6 1 10 3 8 2 10 5 5 6 5 9 2 2 2 6 8 9 1 8 2 4 6 2 10 4 7 6 7 2 9 8 3 9 1 4 1 5 6 8 9 4 1 6 4 10 6 10 5 3 4 9 7 5 4 3 6 4 6 8 8 9 1 2 9 7 2 6 1 1 7 4 4 7 10 7 8 4 8 
6 3 7 10 3 9 3 10 10 2 8 1 4 9 6 9 3 6 7 5 5 3 7 6 3 4 8 9 3 2 9 9 6 1 1 2 4 9 6 5 9 2 10 4 3 5 10 4 8 7 1 8 3 5 6 7 5 9 8 7 9 3 3 9 2 10 5 2 2 4 2 2 9 1 2 8 4 10 5 8 4 10 6 5 4 8 8 2 2 10 4 6 1 1 8 8 5 3 7 9 2 8 7 3 2 9 7 6 5 3 7 4 2 8 3 3 7 4 7 7 9 5 4 8 5 2 3 1 
9 10 3 9 8 8 9 4 1 10 5 6 4 9 9 1 1 7 9 1 4 7 6 4 5 2 4 3 4 2 5 8 8 1 7 2 1 2 1 8 4 5 7 9 4 3 9 4 6 4 10 8 1 1 1 9 3 4 4 5 3 5 1 3 3 3 10 7 3 10 4 3 8 8 10 3 1 9 3 6 5 2 3 9 10 2 9 10 4 5 7 1 2 5 3 2 1 8 2 8 9 5 10 3 1 9 1 9 3 9 6 8 6 6 3 6 3 10 1 5 3 1 7 9 10 6 8 3 
3 5 6 7 8 3 9 4 10 1 10 7 9 7 10 8 1 1 5 3 3 4 10 10 3 5 3 7 6 8 5 1 7 1 1 6 7 9 8 2 10 6 5 7 8 10 9 1 10 1 8 8 4 2 2 1 2 9 3 2 8 4 6 7 8 9 9 1 4 5 7 6 1 2 9 9 6 5 7 5 7 7 4 10 8 9 4 3 5 7 8 9 1 6 5 1 10 2 2 3 6 1 2 9 7 8 6 9 8 8 3 10 10 8 6 3 7 8 3 10 9 2 2 7 9 3 2 5 
7 2 1 8 10 6 5 1 2 2 5 10 3 3 2 9 2 6 7 6 8 9 3 6 4 8 4 9 10 6 4 8 5 10 5 10 7 2 8 4 3 9 6 2 9 7 2 7 5 2 3 1 6 5 6 4 10 4 5 3 10 4 2 8 9 9 6 10 6 7 7 9 9 7 7 9 1 4 6 3 1 8 1 6 1 2 9 9 1 5 10 8 5 8 10 4 1 7 5 4 6 1 2 3 9 3 8 9 8 1 9 4 1 10 1 5 6 1 3 7 2 9 4 4 1 2 7 7 
1 8 10 8 6 8 1 4 1 4 8 7 4 7 7 10 3 5 8 3 7 4 4 3 9 9 2 3 5 8 2 8 9 8 10 4 4 5 10 3 1 10 7 10 9 6 9 5 1 4 3 10 8 1 1 9 1 3 5 3 1 8 4 6 2 9 5 1 1 9 1 5 9 1 9 7 5 4 3 7 10 2 1 5 10 4 8 7 1 5 7 8 4 9 10 10 7 5 6 6 4 2 4 1 4 1 2 3 9 10 8 3 5 10 4 7 1 8 4 9 10 3 4 7 10 2 1 4 
5 5 3 7 10 10 9 5 3 7 5 7 4 9 9 1 8 1 8 7 4 1 9 8 3 10 6 4 1 2 6 7 5 2 5 4 10 5 5 4 1 2 7 10 4 2 7 6 3 2 8 5 2 2 7 8 5 7 7 3 4 1 10 1 1 9 7 8 1 3 6 3 1 6 8 8 10 2 4 1 3 6 6 9 2 8 5 8 4 2 2 5 1 2 4 6 2 9 1 6 9 9 8 5 4 4 5 2 8 2 5 1 7 2 5 6 10 3 4 1 2 5 2 8 2 7 4 1 
10 7 1 4 10 7 5 3 2 1 10 5 3 9 7 5 10 4 8 7 10 6 5 9 8 3 1 10 9 6 8 4 7 2 3 7 1 4 2 6 6 2 3 3 1 5 4 10 5 2 8 6 2 8 8 1 10 7 5 3 1 6 4 7 3 5 5 4 7 9 1 3 1 10 9 10 10 5 4 2 4 3 9 3 3 2 3 6 7 2 6 6 6 10 5 2 5 8 4 3 3 4 3 5 2 1 2 1 7 9 4 10 10 5 1 9 8 7 9 3 4 6 3 6 6 2 6 10 
6 1 1 3 5 8 9 4 5 8 10 9 8 2 1 1 6 10 5 7 3 7 5 5 10 5 9 6 8 6 8 5 2 3 7 2 3 10 1 2 2 10 9 1 7 5 9 1 7 1 8 1 6 5 2 8 10 10 9 9 5 5 2 2 1 3 8 5 4 3 4 3 6 4 1 3 3 2 2 8 10 7 5 2 6 1 1 5 10 2 3 7 5 8 3 10 2 9 1 10 1 4 10 6 5 8 10 9 2 1 5 2 10 6 1 5 6 4 6 8 10 4 2 5 7 9 6 1 
10 2 8 1 2 5 1 9 7 9 7 4 4 1 1 5 6 5 6 2 9 2 5 2 5 9 2 3 8 2 9 7 1 7 6 6 5 5 4 3 7 1 8 2 2 8 1 6 6 8 2 6 10 9 9 5 9 6 3 2 6 8 3 4 3 2 10 9 1 8 1 4 3 7 10 9 5 10 6 10 2 7 10 10 9 2 6 8 2 7 9 3 3 4 4 4 7 10 1 5 9 10 3 10 10 1 5 1 7 8 6 8 9 2 6 2 5 1 3 4 6 1 7 8 6 5 2 5 
8 7 1 5 1 6 6 2 4 2 7 10 6 10 6 8 10 10 7 9 2 6 6 2 10 10 7 2 7 6 8 6 10 4 8 9 9 7 8 3 7 4 9 6 9 4 9 6 8 3 10 4 1 9 3 3 6 4 6 5 2 2 2 4 9 9 2 2 3 2 9 8 9 3 10 9 5 9 5 5 3 9 6 8 2 10 4 6 6 7 5 6 3 10 2 7 6 4 9 4 8 5 5 9 7 6 2 3 7 7 10 3 10 8 7 2 2 8 6 4 6 10 9 9 3 4 9 9 
5 8 10 9 7 9 7 4 2 6 6 2 7 5 7 3 7 5 9 9 10 10 1 2 10 10 3 3 9 2 2 3 6 8 5 6 10 3 5 5 1 6 8 6 10 10 4 4 8 10 2 5 3 2 2 8 6 7 5 3 10 8 2 4 7 7 5 6 10 10 5 6 6 1 6 5 2 10 8 2 7 6 5 10 10 8 6 10 5 9 5 8 3 7 1 8 7 10 9 2 4 6 6 9 4 2 7 2 1 7 2 2 6 4 5 9 1 6 4 10 2 3 8 10 4 3 4 10 
5 7 9 4 6 4 4 9 5 9 8 5 10 4 9 7 2 5 5 7 6 9 8 2 1 10 4 6 3 7 1 7 10 4 9 2 2 6 9 1 3 6 2 1 6 1 2 9 4 1 2 8 10 10 4 1 8 7 1 7 10 5 4 10 3 3 6 5 9 6 9 5 3 8 8 1 2 1 1 5 3 1 5 8 7 9 4 6 1 6 3 3 3 6 6 6 7 7 1 2 1 2 4 5 3 7 9 6 2 3 2 4 1 6 5 9 9 3 5 7 2 6 10 8 4 5 1 5 
3 10 8 5 1 7 8 5 1 6 3 2 7 5 9 3 10 10 5 1 9 7 4 9 2 1 7 3 10 8 10 8 7 7 4 10 2 5 6 6 10 9 4 1 10 9 1 7 4 9 1 9 5 2 5 6 2 8 10 5 10 7 9 8 2 3 3 6 2 9 2 1 2 9 9 9 5 6 4 4 7 2 6 5 5 9 10 8 1 10 6 4 1 9 1 1 1 3 4 6 5 8 10 1 6 6 5 6 7 9 2 7 7 4 3 5 3 3 3 5 4 2 7 1 6 10 6 4 
7 4 9 5 3 6 2 8 1 10 9 10 1 4 4 10 1 4 2 4 6 8 7 8 5 9 5 8 6 8 1 10 8 1 9 9 4 8 3 6 2 2 6 9 3 1 7 4 3 7 2 9 7 5 2 4 4 4 4 2 5 6 4 7 3 2 2 2 6 7 4 7 2 2 3 1 8 8 9 5 2 3 8 3 1 7 8 1 7 8 5 5 6 9 2 7 9 4 6 2 6 10 4 7 10 10 10 2 6 9 1 1 8 3 2 7 1 1 6 1 3 4 9 2 9 3 7 6 
1 7 5 10 4 1 10 2 1 7 4 9 10 5 9 7 5 1 4 6 7 3 10 3 3 9 2 1 6 7 5 1 4 9 1 2 4 2 1 9 5 2 8 8 5 2 9 2 5 3 3 8 10 1 1 2 5 2 4 10 7 5 3 8 5 8 2 3 9 1 5 2 4 3 4 5 9 9 1 3 8 1 6 7 5 9 4 9 4 9 8 7 5 5 4 4 2 6 2 10 4 1 8 4 2 9 2 7 5 5 1 10 3 3 6 4 8 3 4 3 7 9 2 3 5 2 9 1 
5 5 7 10 10 10 3 10 5 8 9 6 9 4 6 10 4 9 2 3 3 3 4 1 8 5 7 9 3 10 2 9 9 1 1 3 3 7 9 8 10 3 8 1 3 8 1 10 9 1 2 4 7 10 3 7 3 1 9 8 8 5 1 8 4 6 6 4 6 1 10 10 6 3 4 5 2 4 8 4 10 1 2 9 6 10 1 5 10 5 10 4 9 3 5 8 5 3 5 2 9 3 4 4 7 9 1 10 5 8 3 2 4 7 3 7 8 6 5 10 9 9 6 3 4 3 2 5 
2 10 8 3 3 6 5 9 6 5 7 6 9 8 7 10 5 7 5 3 10 2 1 1 4 10 5 2 3 1 2 4 9 5 5 10 6 1 2 10 10 10 6 9 7 6 7 2 3 7 6 4 1 7 3 10 6 7 7 3 5 5 9 6 4 1 1 3 4 9 4 5 10 3 8 3 7 4 1 2 9 7 5 7 5 10 2 6 3 8 2 9 5 6 2 9 2 9 10 9 2 8 7 1 8 5 7 7 2 10 8 2 10 8 5 3 2 3 2 2 3 9 10 1 10 6 8 10 
7 6 3 2 2 8 6 4 8 5 5 4 4 1 10 1 8 3 4 3 4 8 5 10 7 8 4 10 10 7 10 8 7 8 10 1 7 8 9 2 5 6 7 9 9 8 8 1 9 2 3 1 10 5 4 9 10 10 5 2 1 5 4 5 2 7 9 9 5 1 4 5 6 9 9 10 2 5 4 4 3 6 1 5 6 7 10 9 9 1 6 6 9 10 6 7 8 4 8 1 10 2 5 10 7 2 5 8 3 5 8 4 5 1 9 1 8 4 7 8 5 1 2 10 6 8 8 2 
10 10 2 8 4 6 6 2 10 3 8 4 2 7 2 9 10 8 5 1 4 1 7 8 9 8 4 10 2 7 1 4 7 10 2 2 6 5 7 7 1 6 4 9 7 10 9 2 3 1 4 1 3 9 5 10 8 10 9 4 1 8 2 1 10 9 9 4 8 3 2 4 9 6 6 8 2 6 2 2 6 1 6 2 3 4 8 2 4 10 2 5 10 2 9 8 6 7 7 10 5 9 2 8 9 6 3 9 6 1 9 7 8 1 1 5 5 8 8 1 2 2 8 9 10 8 2 10 
5 9 1 10 7 3 8 6 1 8 4 6 10 3 5 2 8 8 6 8 5 1 8 7 8 5 9 10 6 10 2 4 9 7 3 6 4 5 3 3 4 7 1 7 2 5 8 4 9 1 8 3 10 8 8 10 5 9 2 7 3 6 3 4 5 10 7 10 5 2 2 8 7 3 8 6 3 3 5 10 6 7 10 5 10 10 9 6 5 4 4 4 4 5 9 4 6 10 1 3 6 2 3 4 5 6 7 10 10 2 2 9 6 8 3 2 6 10 8 5 1 5 10 9 4 4 4 6 
4 3 10 10 10 10 6 3 2 6 1 8 9 5 2 5 10 10 10 3 8 10 5 7 10 5 4 4 8 1 3 8 4 3 4 10 1 5 3 8 10 1 5 3 10 6 7 7 5 1 1 1 4 3 9 3 7 5 10 6 6 8 5 2 2 9 9 3 4 6 8 6 5 7 7 6 3 3 4 1 8 4 10 7 10 5 10 9 7 4 7 10 6 5 3 6 5 9 1 10 5 8 1 4 1 6 3 6 8 5 1 9 10 9 7 3 3 3 1 4 2 7 10 1 7 4 1 1 
6 3 10 2 4 1 5 1 7 1 6 4 2 5 4 8 5 9 9 10 9 9 2 2 10 2 2 3 3 6 8 1 6 7 5 5 9 10 10 8 7 4 1 4 6 6 8 10 3 10 1 5 9 4 6 3 4 7 6 4 2 6 2 4 5 2 4 2 5 1 8 3 2 4 9 7 5 8 1 6 6 4 4 8 4 2 8 10 5 4 7 9 4 5 4 5 5 6 8 6 2 4 8 6 1 9 5 3 3 6 8 8 8 5 1 3 6 2 2 6 7 5 4 4 4 5 3 8 
1 10 1 9 3 5 8 10 6 1 9 5 10 9 1 6 9 2 8 5 3 4 7 2 10 6 5 1 5 4 1 8 7 5 8 2 6 7 8 3 9 7 1 5 10 2 9 1 6 7 3 9 3 1 3 10 3 5 6 1 5 6 8 1 10 3 7 2 1 2 2 10 2 5 10 8 2 10 7 9 8 4 1 9 4 5 8 2 6 4 6 10 1 10 1 10 7 9 4 9 6 9 8 5 7 4 4 3 4 8 2 2 3 6 3 7 9 3 9 1 10 8 9 5 4 6 1 4 
10 10 2 7 9 5 10 4 5 7 6 1 7 4 2 5 2 6 4 7 5 2 10 9 7 6 5 8 6 8 2 1 5 4 4 3 7 3 2 5 3 8 6 9 10 9 9 1 1 10 9 1 4 3 6 2 9 10 8 2 6 8 6 2 1 4 7 8 9 9 5 3 5 2 5 5 3 3 1 2 2 2 3 9 8 9 3 1 10 9 4 5 9 7 7 5 7 3 6 3 6 3 10 7 6 6 4 8 4 9 8 4 6 3 1 2 5 5 3 4 7 1 7 10 6 4 3 4 
3 9 10 6 9 6 1 2 8 2 3 10 1 7 8 1 10 9 3 2 10 4 3 7 9 4 8 8 6 3 8 5 9 5 9 3 4 4 2 7 9 6 2 9 5 6 1 7 1 3 7 5 8 7 4 10 10 5 5 1 5 10 7 5 1 6 7 4 4 5 5 4 3 4 3 6 1 10 8 6 4 6 3 9 8 10 6 3 10 10 8 9 1 1 5 2 7 10 5 8 1 3 10 2 10 10 8 9 3 8 10 7 2 7 7 5 5 10 10 3 5 6 10 2 10 3 4 6 
2 4 1 8 6 6 4 2 2 4 5 7 3 8 6 6 3 4 4 9 7 4 3 4 9 4 5 3 2 6 4 7 5 9 8 2 8 6 10 8 9 1 2 1 1 2 3 3 3 6 6 9 9 4 9 3 4 4 2 1 2 1 4 9 10 4 1 5 10 4 6 8 3 8 6 10 7 5 8 3 9 9 6 1 6 4 6 7 2 1 10 6 7 4 7 8 4 4 4 8 9 10 10 8 9 9 2 9 5 1 9 10 8 4 8 3 2 7 7 10 4 2 3 5 1 9 2 4 
1 4 9 1 7 9 5 6 6 1 2 1 5 7 8 7 5 3 1 8 4 6 3 3 1 2 8 4 9 3 6 1 2 8 7 9 7 8 9 4 1 10 2 9 10 3 3 5 1 7 5 3 10 4 8 10 6 2 10 2 8 10 6 9 8 9 4 3 2 1 4 4 2 5 2 9 2 4 7 10 9 7 5 8 9 1 3 1 4 3 6 9 7 9 8 8 10 10 2 3 9 5 3 10 7 7 1 6 2 1 3 7 5 5 4 7 1 10 8 6 10 9 8 5 1 3 2 6 
8 10 5 9 2 1 4 8 8 6 9 6 3 1 1 9 2 5 3 1 1 6 6 5 4 1 9 10 1 9 6 7 4 8 8 6 6 3 1 8 1 2 10 10 5 2 3 7 10 8 7 4 8 5 7 4 5 9 7 5 5 6 4 7 1 3 8 10 3 6 5 10 7 9 9 10 10 1 2 8 8 4 6 2 4 6 2 2 1 8 3 4 5 2 10 1 4 5 9 3 8 5 4 9 2 7 6 5 1 7 2 1 1 1 7 6 7 5 6 6 2 3 5 4 8 5 3 10 
9 7 5 6 8 9 1 2 8 3 3 3 10 9 2 4 8 3 2 7 6 2 10 10 2 2 6 9 1 2 1 8 1 9 8 3 4 1 10 10 7 2 1 8 9 2 2 1 2 5 5 2 4 4 9 1 4 6 9 8 3 10 3 2 6 7 4 10 6 9 1 2 5 4 7 10 8 1 6 10 9 10 2 1 6 4 9 9 10 6 2 9 10 10 6 10 6 3 7 8 6 4 6 4 8 9 2 6 9 7 4 3 1 7 2 5 2 1 6 1 6 1 3 1 3 9 5 5 
2 2 4 4 6 2 3 1 5 6 7 4 6 10 10 9 5 7 9 8 5 6 6 4 4 6 4 6 1 5 7 3 10 5 7 1 5 4 2 9 6 10 2 6 2 2 8 7 10 8 10 4 2 1 9 4 5 10 4 1 7 8 4 1 6 6 5 10 8 1 8 2 1 3 1 6 4 5 7 1 10 5 3 2 6 8 9 9 1 3 8 3 6 7 6 2 9 6 1 7 5 1 2 7 7 4 7 5 10 2 4 6 9 10 5 2 9 10 9 8 5 4 5 5 3 9 10 8 
9 7 8 1 4 3 8 9 4 3 1 6 10 8 8 1 10 8 2 2 8 8 5 1 8 3 4 10 8 1 7 10 2 5 10 8 1 6 9 8 9 2 8 9 7 9 3 7 8 3 10 7 10 9 1 10 2 4 1 3 8 7 8 1 1 2 5 1 10 3 2 2 3 9 6 4 1 1 4 2 5 2 5 3 7 9 9 6 8 3 6 6 9 2 2 10 2 3 1 1 3 3 5 6 5 8 4 9 7 10 2 3 10 5 10 5 8 1 8 8 4 4 10 4 4 2 9 4 
8 6 3 9 1 1 6 9 4 10 6 3 1 7 9 8 10 7 6 8 8 2 7 7 6 10 8 7 4 1 2 4 9 6 4 9 1 8 6 8 9 10 1 7 8 5 3 9 10 4 8 6 3 8 1 7 1 4 6 8 5 10 6 7 1 6 6 4 7 8 1 10 10 5 6 5 1 6 1 6 5 6 10 3 10 5 3 6 4 10 3 4 8 7 3 4 4 1 5 5 1 2 7 9 3 8 7 6 9 1 9 7 10 2 10 3 1 10 6 4 5 6 8 5 10 5 9 3 
10 10 8 3 7 10 7 7 9 9 1 1 7 8 10 1 8 1 10 7 5 8 8 3 1 8 10 8 4 4 2 3 9 6 8 1 5 2 6 8 5 10 10 5 10 9 10 3 9 6 2 10 10 2 1 1 2 3 9 4 3 7 9 5 1 4 9 2 9 2 1 5 7 8 7 3 9 7 6 1 10 1 8 10 2 1 10 6 8 2 6 7 9 8 9 6 8 2 6 8 7 4 5 7 7 10 7 9 10 7 5 6 6 1 9 9 5 9 3 10 10 4 3 10 1 2 7 9 
6 8 9 1 2 4 2 10 2 9 9 7 4 1 9 8 1 7 9 5 3 10 9 10 10 7 4 8 3 10 6 2 1 8 9 6 2 5 6 10 5 1 5 8 8 4 10 2 10 1 3 2 6 10 5 8 5 1 4 8 2 3 6 10 7 3 10 6 9 10 8 5 4 4 9 6 8 5 6 1 2 1 2 6 6 3 3 3 9 6 1 10 10 3 8 3 5 5 10 2 10 1 4 4 7 3 8 1 9 8 3 4 9 1 8 4 9 5 9 1 2 5 7 9 5 5 8 5 
5 7 9 10 6 5 5 8 9 10 1 5 5 4 10 4 7 9 10 3 6 6 3 4 2 8 3 2 3 10 8 2 8 6 5 9 4 4 8 10 10 7 8 10 6 2 2 7 10 8 4 9 10 8 7 4 7 10 4 2 9 9 2 10 9 9 10 5 6 4 3 10 7 1 5 3 6 2 1 1 2 5 7 3 3 8 5 2 1 4 5 6 3 1 3 4 8 4 4 2 8 1 8 4 5 4 4 10 2 1 10 1 6 2 9 5 1 9 10 4 3 1 10 10 1 1 2 3 
2 5 6 5 3 8 7 10 7 10 1 10 5 2 7 10 2 4 2 1 5 5 1 3 6 1 6 10 8 4 5 5 8 10 5 8 7 6 1 1 3 7 9 3 5 6 3 10 9 1 9 9 6 9 10 10 3 2 2 7 1 7 4 4 7 7 1 4 2 5 8 1 10 7 2 8 8 2 7 9 8 1 9 9 3 1 7 6 4 7 9 10 5 1 3 7 10 1 9 5 2 6 7 1 2 1 9 2 1 5 6 7 2 4 10 9 3 1 1 7 2 4 8 2 4 2 1 8 
3 4 1 2 10 7 4 8 1 2 7 8 3 3 9 3 10 8 10 10 9 10 1 7 8 7 5 10 1 3 7 10 1 10 7 4 10 9 8 6 6 7 2 2 7 2 2 6 4 7 5 5 8 8 10 3 6 9 6 3 10 9 3 4 9 3 1 7 6 7 8 2 8 10 5 10 6 2 9 9 7 2 1 10 6 1 7 8 4 6 9 7 7 2 5 9 1 4 4 8 8 6 7 7 2 6 10 1 3 9 4 2 2 8 5 4 1 10 2 6 6 8 6 6 6 1 2 8 
3 9 10 6 5 9 5 1 6 3 3 4 4 10 10 5 8 1 1 3 5 6 5 5 3 6 3 7 5 7 1 7 1 3 2 8 6 5 7 10 7 3 3 5 7 5 4 5 4 4 5 5 2 7 2 7 4 4 9 9 8 8 9 10 7 9 4 4 9 3 7 4 10 3 1 9 8 9 2 3 5 8 3 8 10 7 1 3 9 6 1 10 2 1 10 7 6 1 3 2 8 9 6 9 8 2 8 10 1 10 1 1 9 1 5 8 2 5 6 9 1 4 9 5 9 7 4 4 
9 10 8 7 2 9 1 9 1 4 3 2 7 1 6 7 2 1 9 9 3 9 1 2 7 3 5 2 4 5 3 4 2 6 9 10 10 1 9 8 4 7 4 10 1 10 1 6 8 4 7 3 5 5 6 1 3 1 10 8 4 4 3 2 5 10 1 10 10 6 9 4 3 9 9 8 8 9 1 5 6 2 4 9 2 10 4 7 3 10 8 7 2 3 4 5 3 9 9 4 3 2 7 6 4 6 5 5 7 6 7 2 6 5 9 4 1 8 1 9 9 10 7 6 5 1 9 6 
10 6 1 1 6 4 5 3 8 2 4 6 9 6 1 3 4 9 4 1 10 6 5 5 10 9 1 5 5 7 7 4 5 10 6 10 9 10 2 10 8 8 2 9 8 4 3 4 7 7 7 1 6 4 7 10 1 4 2 5 10 3 3 8 9 3 2 6 9 10 8 1 7 3 4 5 7 6 9 8 5 7 6 2 8 8 3 8 7 6 4 1 3 8 6 5 8 8 1 2 5 10 5 4 3 1 8 1 1 9 10 7 1 2 6 4 9 4 9 10 8 8 5 8 3 3 1 7 
5 10 2 1 3 8 8 8 1 8 9 10 1 4 3 2 2 8 8 3 8 9 2 5 9 7 7 5 3 1 6 9 3 10 5 1 7 9 5 3 4 6 6 3 4 4 6 1 5 3 4 5 3 3 8 1 6 1 9 5 1 9 6 3 9 4 8 10 1 6 1 8 6 6 4 4 4 5 7 3 3 5 3 8 5 10 6 2 8 3 10 5 2 9 2 10 5 4 4 3 6 1 4 1 10 8 10 1 6 10 10 8 4 5 2 1 6 2 4 9 2 10 5 1 1 6 1 5 
6 9 3 10 3 1 6 3 2 8 2 9 4 5 5 10 10 10 10 10 7 1 10 2 5 10 5 6 7 4 8 9 8 2 6 7 8 2 8 2 2 1 4 10 4 1 6 4 1 4 3 3 6 8 4 2 3 10 3 3 8 7 5 3 5 8 9 4 6 5 7 4 2 10 4 10 9 7 8 2 1 10 6 9 3 8 7 5 1 8 3 9 4 9 10 8 2 2 8 3 1 4 8 4 5 9 4 7 10 10 4 5 7 8 7 6 6 6 8 3 2 8 6 8 8 4 3 1 
5 8 8 4 3 6 1 5 9 6 8 3 4 4 9 3 8 9 6 8 10 3 5 3 2 2 2 5 3 7 7 10 1 2 5 2 5 2 8 6 6 3 4 5 6 5 2 4 3 6 7 9 5 5 4 1 4 10 3 2 4 6 10 3 9 9 3 1 9 2 10 3 8 9 5 3 6 3 3 7 2 1 5 8 3 2 7 8 3 7 8 10 2 7 2 7 9 1 10 9 6 8 3 3 2 8 8 8 5 7 6 1 9 10 4 8 6 10 10 10 10 2 9 6 10 8 5 4 
5 4 9 9 2 4 7 6 4 6 3 7 6 5 4 6 3 10 1 2 4 7 8 2 2 8 8 1 6 6 2 2 2 2 2 3 6 4 10 3 5 2 2 10 2 1 6 6 9 6 8 3 1 8 8 2 7 5 10 9 7 7 10 1 3 9 10 5 9 9 6 2 6 1 3 7 3 2 7 8 10 8 7 2 4 9 5 2 10 4 2 2 8 3 6 9 4 9 8 8 9 7 5 10 6 4 10 10 4 1 2 6 4 3 9 8 9 7 5 1 2 5 6 7 4 6 6 8 
1 4 1 3 3 3 8 6 1 4 8 7 7 3 3 6 4 7 2 1 4 5 9 2 5 3 7 3 8 4 10 6 1 4 8 3 10 6 4 4 1 6 2 5 5 5 1 9 3 8 10 5 6 5 3 7 8 5 5 4 3 7 6 2 3 9 5 4 10 8 7 9 6 3 7 7 8 6 5 7 2 6 8 3 1 9 10 6 1 10 3 6 4 8 5 2 7 10 10 3 8 3 4 5 6 2 7 3 9 2 2 4 3 5 8 4 4 6 3 10 7 6 3 2 8 7 8 10 
6 6 7 6 3 3 4 1 4 8 7 5 6 4 3 3 8 5 4 3 8 2 3 9 3 9 5 4 8 7 3 7 3 1 6 7 6 4 4 8 7 5 3 7 8 8 3 2 10 8 10 10 5 6 2 5 5 7 8 2 3 1 3 2 6 9 7 7 5 1 5 9 1 9 3 2 10 10 1 4 4 9 3 7 2 9 1 9 6 10 9 1 4 6 1 2 7 8 9 1 10 4 2 10 8 8 1 10 1 9 10 6 7 4 3 7 2 9 7 9 5 6 3 7 10 4 4 4 
2 8 4 3 5 6 10 3 3 9 4 10 4 10 10 9 8 2 2 6 3 10 1 3 5 3 1 3 5 9 1 4 4 1 6 9 4 2 10 4 2 8 3 7 1 3 5 2 7 1 1 3 2 8 9 8 4 7 2 10 8 4 1 8 1 10 10 1 4 9 1 10 3 3 5 6 8 1 9 1 5 5 7 8 2 10 8 5 8 7 3 2 1 9 10 1 5 9 10 7 3 7 8 7 6 5 5 8 9 5 10 9 7 1 8 2 7 4 5 2 8 3 8 6 6 5 5 7 
7 8 7 6 7 1 6 6 1 5 5 10 5 1 2 8 5 8 9 9 8 9 1 6 10 4 9 7 7 4 3 6 9 4 8 7 9 8 10 7 5 8 6 4 8 5 10 1 3 7 2 4 7 7 3 8 2 10 9 7 6 3 9 10 1 6 4 6 10 7 9 2 4 10 1 10 3 9 2 3 4 5 1 9 8 4 1 1 8 7 10 3 9 2 4 7 5 1 1 2 1 6 2 8 6 1 4 6 2 6 8 7 1 10 7 3 2 7 4 9 2 7 9 10 9 6 2 4 
9 9 9 1 7 3 2 9 4 6 4 8 1 1 8 9 10 10 7 8 3 5 6 9 4 3 1 8 10 10 4 7 9 7 2 8 8 6 3 4 8 3 2 7 1 5 5 9 7 6 9 7 5 2 5 4 10 2 1 1 2 5 4 4 10 3 6 8 4 10 6 5 3 5 1 9 1 4 5 8 5 6 3 8 5 3 9 2 5 5 9 4 2 3 2 9 6 3 7 6 9 5 2 9 4 9 7 5 9 1 2 5 8 6 10 8 5 7 1 8 8 1 3 1 6 7 6 9 
2 7 7 2 5 6 6 1 2 8 1 9 2 4 10 10 5 9 6 8 8 3 8 7 3 5 4 6 7 2 1 10 10 5 8 6 5 5 9 10 6 5 5 2 7 3 3 10 5 9 8 6 10 10 2 3 1 6 1 5 10 8 10 3 1 5 5 7 3 6 7 8 7 1 3 4 7 2 7 8 6 1 9 6 7 5 7 3 4 7 5 4 9 10 1 8 3 2 8 6 9 7 3 4 7 8 10 7 5 5 3 10 1 7 7 7 6 6 9 2 4 8 8 3 8 7 5 3 
2 7 9 1 10 9 2 8 5 4 8 7 6 7 10 6 10 3 10 8 8 6 2 4 4 7 10 10 5 8 6 2 7 7 5 6 6 4 4 8 10 8 4 8 7 7 10 1 8 4 1 3 6 2 8 8 2 10 4 10 5 8 5 4 2 10 3 10 3 9 4 2 6 1 5 10 3 7 2 8 9 9 10 8 5 7 8 6 3 7 4 7 6 5 7 4 10 9 1 4 9 7 1 6 10 5 2 10 9 9 6 4 5 7 1 1 5 2 8 8 7 6 10 1 4 10 5 7 
6 3 2 1 2 4 9 3 5 5 4 4 6 10 6 4 5 6 10 9 4 3 6 3 6 2 8 4 4 5 10 8 1 4 4 4 6 1 8 4 2 4 5 5 2 8 5 10 1 7 1 9 5 10 9 3 9 1 8 7 9 7 1 10 2 8 1 3 7 1 9 2 9 9 5 3 3 10 5 8 2 9 6 1 4 6 7 4 9 9 4 9 4 1 4 4 2 10 2 6 7 1 10 1 1 10 10 5 5 1 10 10 6 6 5 10 6 1 10 8 1 5 6 6 4 3 5 5 
7 9 9 10 10 7 2 6 7 6 5 10 2 8 1 3 5 10 4 2 5 8 5 10 8 6 10 6 6 4 6 2 4 6 6 3 5 7 6 3 7 8 10 10 2 1 2 6 1 3 2 9 2 1 2 1 9 7 1 9 3 10 5 9 8 9 6 1 2 9 9 1 8 4 5 1 6 7 1 5 7 1 1 10 5 10 5 3 10 1 5 5 6 8 4 7 7 2 9 1 5 3 10 9 10 7 10 2 3 4 5 6 2 9 10 4 7 4 9 8 2 6 8 5 6 9 7 7 
9 1 1 4 8 2 7 6 4 1 2 9 3 7 1 1 1 9 9 6 3 10 2 9 6 5 1 5 4 8 3 3 3 2 8 4 4 6 8 3 10 8 6 1 1 7 2 3 5 2 2 8 7 3 7 1 6 2 6 9 8 8 1 7 2 7 9 7 7 2 6 5 5 7 8 9 9 8 1 6 2 10 6 4 1 6 8 7 3 9 2 6 7 1 1 6 3 10 10 6 9 2 2 6 10 6 6 9 9 10 4 1 4 9 3 7 7 9 5 8 6 10 8 2 10 6 6 4 
7 6 3 7 1 5 1 6 5 3 6 7 3 7 9 6 5 3 1 6 6 2 9 6 10 8 6 10 10 10 8 4 10 7 3 5 4 10 2 1 8 2 1 8 3 1 10 1 2 2 5 9 10 2 9 8 3 4 4 2 5 7 8 9 4 1 5 6 3 3 2 2 6 8 2 7 9 10 1 5 2 9 9 5 4 1 5 2 1 6 10 7 1 5 10 9 7 4 8 9 9 10 8 4 6 8 1 9 8 8 7 1 5 5 7 6 4 3 7 5 5 2 10 6 3 10 6 10 
8 5 5 1 4 6 9 1 7 1 1 10 8 6 9 7 7 2 6 1 7 9 4 9 4 6 5 6 9 10 6 6 9 8 5 5 5 10 10 7 7 2 4 8 5 1 6 10 1 5 5 1 10 1 3 10 10 9 7 6 9 5 7 5 9 10 6 2 9 8 3 8 7 4 9 10 9 5 10 10 7 3 2 8 5 4 4 2 6 3 7 8 6 2 5 7 2 9 9 4 10 9 10 10 9 2 5 1 9 1 2 8 7 10 4 9 5 8 2 4 5 1 9 4 9 8 4 3 
2 9 2 10 7 2 3 10 3 9 4 3 2 10 2 4 10 5 4 4 9 4 10 6 9 4 2 8 1 9 9 2 8 7 5 1 2 8 6 9 4 2 4 5 9 4 7 1 2 5 9 8 2 8 5 5 3 4 9 6 9 1 10 10 9 6 1 2 5 2 7 2 6 9 9 3 8 5 4 1 1 8 10 6 1 4 5 4 6 8 3 2 8 7 4 5 9 7 4 5 10 6 7 2 1 9 5 6 5 3 4 10 10 6 8 2 4 1 2 1 2 8 1 10 6 5 1 4 
5 1 6 3 10 6 8 10 10 3 7 8 4 2 5 7 4 4 2 7 4 8 6 2 8 9 8 3 3 2 1 4 4 4 1 1 3 8 7 1 7 2 1 3 4 4 4 10 2 5 10 8 5 1 8 7 5 6 5 5 10 9 1 2 7 6 9 7 1 7 8 6 10 2 7 3 10 6 6 2 5 4 9 6 3 1 10 3 8 1 10 1 7 3 8 10 7 3 7 4 7 4 8 8 10 4 7 8 6 3 9 7 9 3 8 7 6 2 7 1 6 8 3 6 1 5 6 2 
7 3 7 4 5 4 9 8 3 10 9 9 10 8 9 7 5 9 6 1 2 6 3 9 2 7 3 1 3 10 7 5 1 4 1 8 2 1 8 2 6 3 10 9 6 4 8 10 10 5 2 1 7 10 1 3 6 1 10 2 10 9 8 9 7 10 8 7 6 4 8 5 8 1 5 2 8 7 8 6 4 3 7 5 2 3 3 1 2 9 1 4 4 5 4 8 6 5 7 6 1 6 10 9 9 4 7 8 10 4 9 10 10 2 3 5 6 5 9 2 8 3 4 4 6 5 7 7 
4 7 3 2 4 4 1 2 7 10 1 1 1 4 6 6 1 5 1 2 3 9 10 8 3 10 4 6 2 2 8 10 6 8 3 7 4 10 2 2 6 8 9 9 4 1 10 8 2 2 3 10 6 10 9 4 9 6 7 4 10 10 7 7 10 4 6 4 7 5 6 7 4 1 7 5 1 10 8 8 1 4 5 9 7 7 3 9 9 3 1 2 2 2 7 8 8 7 1 10 5 9 3 7 8 5 8 8 2 4 7 8 6 3 7 2 10 2 9 7 8 2 7 8 3 4 6 4 
10 7 7 9 8 6 2 2 1 2 10 1 9 4 2 3 10 1 10 10 2 4 7 8 10 2 5 1 9 10 2 1 10 3 5 10 7 3 9 1 9 8 7 5 5 6 9 10 4 1 5 8 1 10 2 1 5 7 1 7 8 6 5 9 4 9 7 9 4 5 10 10 4 2 7 1 1 10 3 2 4 9 3 2 6 9 2 10 6 7 5 2 10 10 7 9 3 9 8 8 4 2 9 6 4 2 10 10 7 3 10 9 10 2 6 4 4 4 9 6 4 4 8 8 10 4 10 6 
10 8 8 9 5 6 4 3 6 10 6 10 9 4 1 7 2 5 10 7 10 10 8 9 4 4 9 3 8 7 1 4 6 9 2 6 5 10 2 1 3 10 3 9 9 3 4 6 2 7 8 9 5 6 1 3 6 1 4 7 8 1 7 2 7 3 6 2 2 5 5 10 9 2 2 8 10 8 3 6 6 7 7 5 3 3 2 6 8 2 7 5 2 6 10 5 2 2 3 9 5 5 8 1 4 5 5 3 10 10 7 9 8 7 2 4 5 9 10 8 9 2 4 9 7 4 6 8 
7 7 7 1 6 5 2 2 5 6 4 9 4 9 9 7 10 1 2 2 2 6 7 3 4 3 4 2 9 1 7 6 9 8 5 9 5 2 2 3 7 5 3 3 2 6 1 4 4 4 10 10 6 4 3 5 3 2 6 3 2 4 2 3 7 8 6 1 2 10 7 5 2 4 7 7 8 8 3 4 8 2 4 8 1 6 7 7 7 2 7 3 7 8 9 8 1 1 7 3 9 6 9 6 10 10 10 7 4 7 2 4 6 8 1 3 6 1 2 6 4 1 2 10 1 3 9 7 
4 8 1 10 8 7 7 8 7 5 1 4 10 10 5 7 7 2 5 1 7 3 8 1 9 7 3 8 9 5 2 9 8 2 2 3 6 2 8 2 1 5 6 5 1 1 1 5 4 2 10 10 9 4 5 5 1 9 1 3 8 9 9 6 5 6 6 3 10 5 5 10 3 10 4 7 8 3 9 3 1 6 1 7 7 8 8 7 7 7 9 4 6 10 9 9 7 1 7 2 3 3 5 5 4 9 6 8 4 2 5 5 9 6 10 5 5 6 10 4 10 10 1 1 10 9 6 5 
9 4 9 4 3 4 8 6 10 4 5 8 1 9 4 3 5 9 3 7 7 9 10 8 3 4 6 8 7 9 7 5 9 8 5 3 10 10 10 10 6 1 5 7 2 2 2 8 4 10 4 7 9 2 3 4 1 3 1 7 7 8 2 1 10 2 4 10 5 5 3 3 9 8 7 3 7 10 10 7 9 3 10 1 8 5 3 3 3 2 4 1 8 7 4 8 2 6 3 1 5 8 2 3 10 5 6 10 5 10 6 10 3 5 1 7 1 6 8 10 8 6 3 9 3 7 3 6 
5 7 1 2 9 9 9 9 3 10 5 4 1 9 4 4 4 8 1 1 8 5 1 8 4 4 6 2 6 9 4 3 7 1 5 1 3 7 3 2 5 8 2 8 1 2 7 3 5 1 3 10 1 9 8 8 6 3 2 7 3 3 7 5 9 1 10 10 1 3 7 2 7 3 6 7 5 4 2 6 9 10 10 6 5 8 9 9 6 3 9 4 7 1 4 10 1 10 3 5 5 9 8 3 10 3 5 9 6 1 9 1 6 10 7 3 8 1 1 7 3 2 6 8 7 3 9 8 
4 4 4 6 4 8 3 1 10 6 2 2 2 10 5 6 7 2 1 1 10 2 6 6 3 1 9 10 9 9 6 10 2 2 9 6 7 1 3 3 2 5 9 8 10 3 2 4 8 5 4 7 10 4 8 4 4 7 1 10 10 5 9 8 2 9 5 2 9 8 5 1 1 10 5 5 6 3 4 9 8 1 2 8 9 2 5 7 4 7 7 2 1 9 3 2 4 3 3 6 8 9 10 1 4 6 7 8 5 2 3 9 9 10 7 2 7 8 8 6 3 6 7 8 5 1 9 1 
3 2 10 6 9 7 1 8 4 1 2 6 3 7 5 8 2 10 7 6 1 8 7 10 6 7 6 9 9 3 2 8 9 2 5 1 8 2 6 8 9 4 1 5 1 3 4 10 7 3 1 10 4 9 9 5 10 2 8 3 9 4 3 10 9 4 9 9 1 7 9 4 9 9 9 1 1 4 5 5 8 4 7 3 4 3 3 5 5 2 10 2 7 7 6 8 1 6 9 7 8 6 3 8 6 10 7 6 1 9 5 2 3 5 3 3 2 4 9 7 2 7 7 10 8 5 7 4 
6 6 7 6 1 4 3 3 9 5 6 3 3 7 8 9 7 4 6 4 3 4 4 10 2 10 10 6 4 4 9 3 2 6 6 4 5 3 9 2 6 1 10 9 8 7 5 10 10 9 10 1 7 7 9 10 6 10 10 4 10 1 8 1 7 3 5 5 1 1 5 10 8 2 8 9 8 7 3 9 5 6 6 10 2 8 1 9 3 10 3 1 1 5 8 10 9 1 4 4 1 2 10 10 10 5 2 10 2 7 1 4 3 9 9 4 7 5 8 9 8 5 6 9 2 6 1 4 
2 3 7 6 10 2 7 5 9 1 1 10 4 9 5 1 5 8 4 4 7 4 6 5 4 6 10 2 10 3 2 9 3 1 6 10 9 7 2 2 9 4 9 9 1 9 1 6 7 1 3 5 9 5 1 3 9 3 7 9 8 3 9 5 6 1 10 5 8 8 5 7 10 1 7 4 10 4 1 10 6 7 9 7 6 6 3 2 6 7 4 4 10 2 2 7 2 3 7 8 6 5 10 9 7 7 4 5 5 2 6 7 10 10 7 7 2 3 7 2 9 3 9 5 9 5 4 1 
6 2 3 10 8 8 2 7 3 6 10 2 4 5 4 8 4 10 2 5 6 6 6 8 5 7 8 6 9 4 6 4 9 3 6 7 1 4 3 5 5 6 5 6 9 3 7 7 6 8 2 7 3 4 9 5 8 8 1 1 4 7 4 4 2 5 3 9 2 4 9 3 10 9 6 5 4 1 4 7 2 2 5 1 1 5 7 9 9 8 2 5 8 5 10 1 2 5 2 10 5 5 3 10 8 4 5 8 6 9 8 5 1 3 2 9 2 2 3 1 9 1 3 5 8 7 8 3 
7 3 8 6 2 10 2 10 3 5 3 8 1 7 1 5 10 10 10 4 1 6 9 3 3 9 9 2 1 5 1 7 8 4 1 9 5 7 10 8 3 9 1 7 7 10 6 8 1 4 9 4 4 6 7 1 3 4 5 2 6 1 7 3 10 2 10 6 3 7 5 9 4 10 2 8 6 6 8 4 7 8 4 6 5 6 1 5 3 3 7 2 2 1 2 3 4 10 9 9 6 3 8 7 3 7 9 10 8 3 7 8 2 2 3 2 3 6 8 3 10 5 4 7 10 5 3 2 
8 1 7 10 2 6 5 8 4 8 1 2 10 1 4 5 2 5 6 2 10 9 7 4 4 1 4 1 9 9 6 5 2 3 9 6 7 5 10 2 8 4 7 8 3 2 1 8 7 5 3 9 4 4 2 9 8 1 1 1 7 9 9 5 6 2 5 6 5 10 8 7 9 6 1 10 7 9 1 6 5 7 3 5 2 1 2 8 5 9 1 5 9 9 9 1 2 8 8 8 2 1 4 7 8 10 4 10 3 7 9 4 7 7 8 7 3 7 10 8 1 6 8 6 7 3 7 10 
54 109 119 118 102 47 81 120 156 30 135 87 65 96 64 58 49 92 132 165 72 90 111 118 137 90 76 156 94 82 161 93 74 49 79 54 188 55 155 100 73 112 84 121 129 124 107 103 98 72 96 84 76 121 136 47 100 106 108 144 151 139 106 69 108 85 111 64 35 14 74 74 169 62 66 86 137 18 111 114 157 121 114 99 93 115 116 92 90 85 85 30 61 80 108 180 107 113 138 38 53 182 29 143 65 45 131 42 119 181 60 137 159 127 58 127 57 130 44 110 58 114 55 83 46 178 50 74 
109 78 155 104 29 169 124 140 115 107 58 100 138 112 68 125 96 107 91 167 136 100 28 108 47 110 74 82 126 104 84 133 131 67 119 62 89 132 100 71 64 77 38 99 81 70 96 113 147 102 118 133 163 81 117 19 110 54 81 120 71 149 114 94 85 152 78 94 122 109 141 90 93 28 118 101 131 148 71 92 134 52 62 147 90 106 162 161 22 114 163 171 117 95 127 85 64 75 83 50 134 132 123 115 133 37 109 126 87 97 59 15 57 137 151 96 95 108 101 86 88 61 35 134 95 186 91 108 
119 155 56 61 110 54 125 148 171 34 92 51 87 105 153 41 61 78 114 43 169 91 129 38 70 77 64 109 93 157 94 26 76 145 56 75 84 103 109 142 26 30 141 126 174 108 83 145 191 21 12 105 64 131 100 45 164 199 151 105 87 64 88 55 90 49 149 91 152 162 177 108 44 126 98 69 142 21 101 144 53 152 152 74 99 122 134 143 172 69 155 93 65 57 119 144 122 40 146 138 94 66 120 180 96 113 87 108 145 77 132 115 57 71 175 109 111 31 56 97 72 126 62 114 35 115 96 145 
118 104 61 132 97 61 164 48 119 91 114 62 169 36 81 98 112 80 80 156 7 156 109 194 133 119 151 154 87 144 67 143 102 121 138 37 94 22 50 127 14 155 106 90 69 172 154 129 78 70 80 41 133 113 107 101 72 118 68 36 169 94 120 114 58 38 108 64 86 120 126 166 31 142 94 59 165 87 40 137 152 89 105 101 48 65 116 108 88 119 112 117 136 105 129 102 91 115 146 46 127 92 133 89 163 71 45 117 70 103 97 122 70 19 84 84 146 124 127 131 140 73 112 27 129 70 73 122 
102 29 110 97 50 115 94 91 22 69 104 136 114 78 54 158 82 89 85 66 110 100 81 12 109 48 160 137 92 91 160 95 102 158 78 168 97 38 75 100 94 81 165 149 93 183 28 61 135 169 159 61 88 68 181 40 108 71 134 30 114 60 66 68 72 83 55 92 129 48 175 171 131 92 109 87 78 65 112 48 144 118 118 42 57 119 59 53 69 114 66 136 109 97 144 75 190 71 145 136 43 92 120 137 43 96 167 145 144 164 162 131 21 173 90 49 113 18 104 102 117 85 139 52 36 95 166 182 
47 169 54 61 115 30 71 77 76 90 126 138 112 131 147 61 97 164 82 64 128 144 128 78 40 70 65 40 110 119 103 107 120 89 21 82 48 103 75 96 89 155 42 75 116 109 76 42 123 144 125 116 96 103 33 79 138 104 76 95 105 142 48 108 136 84 170 146 122 53 114 92 168 127 30 121 103 177 172 44 110 142 105 93 109 97 123 104 129 177 152 71 151 34 152 87 113 123 63 145 124 10 141 42 87 138 95 78 77 127 104 63 52 83 55 86 100 59 79 56 138 29 116 111 150 153 84 83 
81 124 125 164 94 71 12 178 103 67 114 40 99 117 84 60 127 66 114 54 117 147 60 28 109 104 120 120 53 135 145 87 87 119 181 31 58 96 90 144 101 120 39 153 90 89 121 129 130 71 44 67 193 71 141 127 82 64 55 65 57 138 174 122 58 127 80 183 25 106 83 86 102 122 62 37 118 68 63 117 72 35 50 103 86 107 113 91 24 109 61 36 100 111 155 98 126 104 56 101 120 106 128 91 58 116 101 50 82 130 58 94 11 35 109 131 137 84 143 127 102 39 117 119 96 90 135 57 
120 140 148 48 91 77 178 6 138 30 73 72 93 73 178 90 61 123 36 152 114 98 65 63 104 112 117 96 59 174 158 70 123 139 108 66 75 60 125 101 43 92 39 80 103 69 156 82 12 12 166 51 130 77 159 136 48 70 50 137 119 84 102 144 110 63 115 123 148 123 110 41 58 52 45 88 118 143 95 84 120 70 150 130 104 108 116 114 133 106 150 40 114 173 187 100 127 121 101 159 187 120 131 127 96 174 160 72 107 68 99 76 135 82 171 149 69 150 126 131 110 71 162 112 98 69 30 178 
156 115 171 119 22 76 103 138 4 93 122 132 105 63 80 36 37 72 87 139 81 145 133 121 91 104 105 77 121 138 85 125 85 121 60 56 77 111 100 79 85 46 98 145 150 63 183 118 126 90 156 127 84 162 115 147 62 99 101 18 96 136 97 45 123 62 115 83 15 68 133 82 67 121 77 96 83 153 124 74 131 60 80 160 121 112 100 95 169 53 60 27 177 100 110 95 50 155 77 106 133 150 80 114 80 80 145 89 77 123 108 63 36 142 162 187 25 103 175 108 111 95 154 154 110 55 100 61 
30 107 34 91 69 90 67 30 93 8 102 125 85 64 102 64 87 61 62 40 119 177 72 69 88 93 138 96 79 137 65 120 68 78 69 144 109 173 43 121 122 170 45 184 137 101 78 113 116 142 166 88 133 73 48 101 70 162 53 154 68 96 67 94 159 130 79 89 24 69 49 144 37 68 116 28 103 175 89 91 133 128 99 176 197 97 51 166 103 110 27 112 108 190 132 102 60 80 174 131 113 116 142 57 108 89 38 92 114 187 106 50 186 90 155 161 66 101 120 47 75 139 135 86 101 105 95 145 
135 58 92 114 104 126 114 73 122 102 188 62 127 151 104 53 188 107 179 130 133 78 115 106 90 43 111 145 66 164 114 110 150 160 135 168 39 86 84 67 153 154 105 121 68 71 66 51 128 77 132 133 88 84 127 126 114 149 77 111 123 107 149 13 128 143 80 130 133 74 77 94 138 144 191 66 67 143 49 132 110 122 69 155 104 174 137 149 115 101 97 74 126 172 109 120 142 149 100 139 118 128 38 115 64 76 39 66 108 95 114 134 132 74 124 111 92 79 111 60 61 91 132 25 167 120 100 69 
87 100 51 62 136 138 40 72 132 125 62 62 90 49 51 101 142 103 109 19 84 83 55 165 85 123 133 157 139 113 107 70 122 156 93 96 132 46 127 56 102 61 57 155 56 122 113 123 133 129 125 48 90 78 98 148 131 176 181 159 66 107 49 69 63 60 64 151 97 60 181 121 124 149 111 49 191 93 100 134 84 170 178 111 145 138 86 131 143 89 107 72 190 152 171 100 140 169 35 68 167 112 66 55 88 106 114 181 158 174 142 118 143 84 113 59 137 116 83 87 46 73 101 127 86 110 104 152 
65 138 87 169 114 112 99 93 105 85 127 90 92 189 150 141 106 66 67 139 154 113 173 91 84 140 133 122 80 114 90 140 121 150 108 149 52 127 56 68 120 99 141 7 84 127 91 43 121 72 100 21 117 19 95 23 109 122 109 48 140 122 117 78 96 113 91 125 94 136 42 162 128 118 118 106 145 114 124 82 124 133 65 79 184 57 78 82 132 183 87 118 151 139 104 86 117 58 100 89 158 178 184 17 180 28 50 174 170 124 58 19 98 79 85 107 160 124 123 30 159 51 142 149 144 87 132 116 
96 112 105 36 78 131 117 73 63 64 151 49 189 26 82 76 143 43 57 143 67 79 94 155 84 82 58 96 185 142 72 159 145 94 85 113 102 134 73 37 45 161 90 124 75 118 10 147 77 23 180 128 108 60 87 135 141 106 83 107 68 169 88 126 108 133 48 63 105 124 147 143 98 90 133 183 157 117 114 88 83 104 64 93 87 122 109 89 189 69 114 53 51 140 114 148 95 138 83 48 119 120 42 113 128 108 113 134 164 97 70 122 69 61 113 167 96 59 42 138 161 152 91 85 162 81 128 86 
64 68 153 81 54 147 84 178 80 102 104 51 150 82 196 89 112 63 30 103 109 75 137 143 71 173 27 93 170 191 71 166 174 110 43 71 82 50 51 109 72 83 35 45 164 55 54 138 97 29 128 60 102 67 171 32 101 177 136 171 23 156 96 77 23 93 168 123 143 104 100 62 129 110 44 84 140 63 59 83 108 113 98 35 148 105 137 75 115 100 162 148 154 184 59 19 108 91 73 51 168 60 109 171 94 174 73 112 49 53 142 143 24 122 88 169 61 17 94 82 118 37 105 46 91 114 139 136 
58 125 41 98 158 61 60 90 36 64 53 101 141 76 89 66 64 69 77 132 91 118 166 94 58 88 121 64 98 69 20 77 104 33 112 11 71 42 66 109 119 147 141 114 124 136 134 94 70 14 139 133 142 77 85 142 66 56 89 100 49 13 53 142 83 99 107 139 54 90 52 53 78 160 57 70 82 173 50 104 31 67 67 44 90 49 71 130 110 96 129 68 166 43 31 117 90 41 105 114 88 97 62 101 88 102 41 128 13 67 96 116 64 85 58 143 67 168 126 99 151 124 93 119 179 117 69 107 
49 96 61 112 82 97 127 61 37 87 188 142 106 143 112 64 62 131 163 118 155 42 140 151 39 85 157 140 103 52 89 146 105 95 52 138 40 114 144 141 131 69 117 74 58 79 87 128 106 73 46 47 91 66 85 122 150 100 70 44 193 111 120 168 92 81 52 136 58 171 7 68 68 95 121 101 171 127 113 25 127 55 148 99 43 178 63 152 160 110 160 115 113 110 134 38 122 151 59 45 127 76 88 138 84 178 164 66 111 95 94 118 149 95 89 81 97 114 163 144 90 134 126 63 139 108 110 43 
92 107 78 80 89 164 66 123 72 61 107 103 66 43 63 69 131 162 139 63 112 70 88 56 133 50 97 130 116 167 163 103 88 80 60 115 104 60 40 120 149 67 178 64 129 171 131 94 158 120 130 191 97 150 62 63 143 100 116 71 68 136 66 130 56 74 165 117 79 71 20 48 85 96 146 156 93 152 173 152 128 90 159 101 89 123 109 141 76 46 27 172 111 45 53 46 75 73 102 85 153 73 87 95 19 107 129 108 58 97 41 49 136 152 102 145 89 103 131 146 88 43 94 84 139 92 51 141 
132 91 114 80 85 82 114 36 87 62 179 109 67 57 30 77 163 139 12 119 160 170 58 88 102 165 146 133 148 111 162 141 121 146 91 93 24 77 115 117 90 28 68 86 116 59 84 38 56 135 158 81 147 67 123 155 98 50 86 80 120 57 87 106 126 26 89 47 34 90 29 81 92 103 116 92 160 87 97 153 104 140 110 126 37 95 44 149 77 108 108 56 90 79 102 90 108 154 168 146 105 197 57 58 39 141 92 186 178 67 73 97 56 110 85 139 65 155 43 178 47 89 121 122 90 107 115 51 
165 167 43 156 66 64 54 152 139 40 130 19 139 143 103 132 118 63 119 194 48 70 121 98 89 130 138 108 47 138 126 71 116 91 79 140 107 153 89 116 93 141 112 70 84 41 42 189 82 94 82 83 163 118 155 61 82 61 132 61 101 85 90 85 162 89 138 134 18 112 110 45 73 131 51 106 168 66 105 119 125 62 58 95 51 112 83 69 89 63 22 66 150 131 116 67 43 32 136 107 119 110 17 34 127 159 154 25 122 96 117 141 140 61 72 117 123 134 94 179 41 60 31 34 107 178 98 153 
72 136 169 7 110 128 117 114 81 119 133 84 154 67 109 91 155 112 160 48 182 59 115 24 194 103 198 154 58 6 60 113 154 141 113 111 140 77 78 160 78 141 82 155 22 102 68 68 104 50 31 105 28 26 45 55 55 143 125 142 16 119 85 77 30 105 156 115 111 11 110 125 140 109 151 134 120 134 90 135 61 154 97 173 79 151 88 90 92 79 135 50 93 37 131 65 91 71 116 21 105 164 81 111 106 127 107 75 25 183 89 101 104 104 54 135 94 52 153 100 118 74 32 52 118 96 78 123 
90 100 91 156 100 144 147 98 145 177 78 83 113 79 75 118 42 70 170 70 59 164 153 147 155 127 28 155 89 102 153 153 133 93 33 118 46 144 184 149 94 40 45 123 67 94 179 141 70 98 128 134 139 113 99 80 159 154 147 40 118 121 77 99 75 54 91 95 80 143 102 102 120 124 62 116 88 138 64 96 101 123 69 119 10 68 130 42 143 171 96 163 64 143 64 27 140 96 102 82 86 125 105 14 98 99 115 132 165 70 76 90 139 60 178 69 55 109 87 104 60 123 136 80 65 92 79 24 
111 28 129 109 81 128 60 65 133 72 115 55 173 94 137 166 140 88 58 121 115 153 148 106 25 162 101 79 145 149 77 39 85 28 165 102 144 128 81 81 167 119 62 128 6 94 102 48 138 172 123 136 61 148 127 102 119 97 165 100 99 59 18 179 138 71 49 133 80 86 155 151 104 115 123 78 33 122 130 110 73 154 63 52 35 78 136 109 68 59 93 113 51 71 128 109 123 36 60 106 162 28 104 129 84 45 73 126 167 111 129 33 54 124 116 125 64 112 95 135 142 115 24 135 106 33 141 135 
118 108 38 194 12 78 28 63 121 69 106 165 91 155 143 94 151 56 88 98 24 147 106 24 45 108 104 144 94 75 83 154 167 108 60 84 111 139 60 128 73 121 118 78 61 95 110 178 159 150 69 37 28 35 17 110 137 162 103 110 49 153 88 119 90 121 95 90 105 122 63 93 137 67 87 173 97 168 110 106 33 143 127 112 134 37 112 29 107 103 48 151 35 170 34 63 171 152 88 74 89 138 63 86 175 178 95 33 134 172 122 134 127 67 111 170 99 33 150 139 154 118 75 51 122 76 141 168 
137 47 70 133 109 40 109 104 91 88 90 85 84 84 71 58 39 133 102 89 194 155 25 45 4 90 120 135 144 148 87 176 73 149 152 127 110 50 166 81 41 112 133 93 126 51 109 63 63 116 178 71 95 95 72 53 116 69 65 136 102 103 80 139 131 79 138 95 10 100 44 105 106 58 125 48 116 89 8 86 113 68 131 139 36 82 108 63 72 59 76 106 54 50 81 129 99 111 186 62 94 90 69 106 158 115 106 71 79 41 68 46 146 97 89 79 78 46 115 99 85 19 83 188 21 92 155 132 
90 110 77 119 48 70 104 112 104 93 43 123 140 82 173 88 85 50 165 130 103 127 162 108 90 190 91 82 93 105 48 95 51 59 155 117 136 105 67 152 44 178 100 125 117 126 137 43 32 52 97 116 22 154 123 88 91 61 69 84 187 104 134 17 67 79 80 75 67 78 38 38 141 119 58 123 95 142 95 132 12 47 104 125 35 175 73 111 74 48 41 56 88 87 57 173 130 52 106 42 82 85 101 16 77 135 82 97 79 99 161 96 160 74 110 42 130 118 76 95 128 124 56 32 70 128 139 115 
76 74 64 151 160 65 120 117 105 138 111 133 133 58 27 121 157 97 146 138 198 28 101 104 120 91 64 134 62 103 109 145 59 47 143 60 19 21 107 53 85 152 41 65 77 86 163 109 35 51 128 128 106 26 175 111 107 116 77 63 94 151 170 109 64 113 101 77 125 60 80 46 98 79 50 129 94 91 170 58 68 84 12 154 47 166 83 125 31 168 126 130 26 178 149 57 107 171 153 51 182 115 49 151 143 73 164 23 93 34 81 115 83 166 86 77 114 133 108 105 145 160 78 129 85 140 41 98 
156 82 109 154 137 40 120 96 77 96 145 157 122 96 93 64 140 130 133 108 154 155 79 144 135 82 134 174 97 122 36 116 125 97 133 65 102 108 125 86 92 95 48 108 111 78 85 130 68 140 44 86 133 145 158 36 44 93 132 55 141 95 79 124 108 144 118 58 89 77 94 89 138 97 128 151 103 178 107 132 115 102 119 118 76 121 87 73 77 103 62 158 92 151 147 141 161 61 115 152 52 35 54 71 120 74 87 89 144 101 58 128 51 95 181 93 170 82 33 75 100 36 129 65 105 48 33 69 
94 126 93 87 92 110 53 59 121 79 66 139 80 185 170 98 103 116 148 47 58 89 145 94 144 93 62 97 124 104 112 21 73 123 114 130 115 38 113 27 88 70 125 118 105 87 121 53 106 103 103 154 175 123 76 135 108 184 23 56 99 54 170 44 142 100 97 28 59 83 95 113 30 124 78 120 80 118 169 117 49 137 133 77 101 106 60 66 104 149 73 117 107 91 86 99 103 59 35 37 35 97 85 148 61 71 176 123 94 157 163 157 137 51 159 96 137 127 147 66 115 59 147 170 169 146 70 64 
82 104 157 144 91 119 135 174 138 137 164 113 114 142 191 69 52 167 111 138 6 102 149 75 148 105 103 122 104 42 79 119 144 120 92 31 179 132 26 113 62 94 106 98 50 134 97 88 68 121 135 130 85 49 109 104 56 146 92 125 80 187 119 29 111 118 119 8 91 86 81 167 177 129 112 165 121 80 46 138 171 84 111 100 94 190 189 98 148 104 144 123 104 105 108 61 53 71 172 86 67 97 104 102 82 99 42 43 102 78 146 106 42 137 32 174 66 40 41 118 121 67 114 167 43 43 159 126 
161 84 94 67 160 103 145 158 85 65 114 107 90 72 71 20 89 163 162 126 60 153 77 83 87 48 109 36 112 79 136 177 128 92 93 181 93 96 154 105 151 151 150 115 30 102 96 150 86 115 77 83 86 128 162 80 53 42 90 29 145 81 58 153 176 142 131 86 184 55 193 128 98 147 145 84 94 134 95 89 86 115 126 93 168 142 76 94 106 148 64 19 58 96 65 82 140 90 20 81 97 121 40 42 19 88 147 104 131 31 96 130 118 58 48 99 31 28 52 48 179 158 145 79 139 108 65 118 
93 133 26 143 95 107 87 70 125 120 110 70 140 159 166 77 146 103 141 71 113 153 39 154 176 95 145 116 21 119 177 22 16 88 74 114 136 116 126 104 134 118 79 52 11 129 55 117 84 123 138 40 120 174 61 84 90 180 86 78 118 91 124 78 31 114 22 136 25 148 187 119 86 156 126 128 84 115 39 94 153 46 54 127 95 116 109 106 132 14 129 91 97 153 87 105 29 120 153 66 103 44 35 106 115 178 164 144 92 104 110 129 63 160 49 176 119 151 62 127 90 154 15 73 94 136 73 68 
74 131 76 102 102 120 87 123 85 68 150 122 121 145 174 104 105 88 121 116 154 133 85 167 73 51 59 125 73 144 128 16 12 43 59 96 112 99 109 120 125 149 137 74 141 130 44 115 124 124 56 89 48 149 89 23 122 98 25 82 167 131 79 80 126 67 93 22 43 35 101 132 89 95 120 81 78 121 88 9 164 16 20 91 90 71 53 70 99 51 142 97 171 38 14 111 94 106 64 75 160 189 102 118 75 16 85 89 40 47 164 75 145 143 176 117 116 84 125 146 106 66 83 87 43 114 86 129 
49 67 145 121 158 89 119 139 121 78 160 156 150 94 110 33 95 80 146 91 141 93 28 108 149 59 47 97 123 120 92 88 43 106 64 146 64 131 153 117 9 83 92 151 135 110 134 116 134 184 48 128 26 148 44 188 66 121 52 114 162 134 109 156 167 174 136 117 50 91 183 142 14 75 69 153 162 115 121 165 55 139 129 86 90 141 28 85 77 38 115 133 128 89 113 71 86 86 135 63 35 24 62 61 50 85 73 91 156 117 96 47 150 189 104 143 73 116 167 123 98 116 114 58 71 93 66 66 
79 119 56 138 78 21 181 108 60 69 135 93 108 85 43 112 52 60 91 79 113 33 165 60 152 155 143 133 114 92 93 74 59 64 110 54 101 32 114 142 101 112 31 126 138 149 106 42 75 74 84 111 48 142 142 65 71 61 117 147 158 100 134 129 82 64 112 31 100 50 147 156 112 76 76 95 78 174 63 95 137 118 154 78 88 108 113 16 149 150 123 47 125 133 128 150 153 43 121 162 40 92 74 112 139 35 99 112 159 167 122 75 102 73 99 128 152 96 96 156 63 70 151 138 99 81 128 133 
54 62 75 37 168 82 31 66 56 144 168 96 149 113 71 11 138 115 93 140 111 118 102 84 127 117 60 65 130 31 181 114 96 146 54 6 133 109 39 123 143 60 107 123 158 155 110 84 56 113 168 141 112 58 177 89 86 175 33 130 122 44 41 79 145 67 137 137 126 126 97 92 72 102 110 67 30 136 195 121 90 151 136 91 170 146 57 87 79 128 98 154 30 142 119 141 93 58 162 26 148 131 91 129 173 108 141 173 156 48 95 149 120 121 77 123 67 54 71 70 107 86 173 93 30 85 52 59 
188 89 84 94 97 48 58 75 77 109 39 132 52 102 82 71 40 104 24 107 140 46 144 111 110 136 19 102 115 179 93 136 112 64 101 133 190 92 145 77 151 135 95 108 54 90 147 154 152 158 87 84 52 91 116 100 76 101 146 95 173 104 144 115 44 40 157 23 126 46 37 57 109 110 47 55 151 46 79 77 178 83 125 119 98 141 105 129 111 75 23 79 69 82 175 113 124 61 81 75 117 153 186 149 35 107 180 115 81 126 84 57 93 84 102 151 67 102 95 102 87 96 153 97 107 145 144 118 
55 132 103 22 38 103 96 60 111 173 86 46 127 134 50 42 114 60 77 153 77 144 128 139 50 105 21 108 38 132 96 116 99 131 32 109 92 134 35 182 72 89 52 34 61 70 128 91 36 68 104 78 114 33 67 94 19 81 133 76 127 186 125 54 54 101 89 132 134 79 52 80 99 145 168 80 132 96 76 86 94 124 168 27 110 77 74 166 77 65 162 104 128 134 58 169 41 97 115 135 89 73 90 36 66 91 66 188 32 13 35 88 81 137 155 166 144 27 130 66 12 129 147 183 48 66 91 57 
155 100 109 50 75 75 90 125 100 43 84 127 56 73 51 66 144 40 115 89 78 184 81 60 166 67 107 125 113 26 154 126 109 153 114 39 145 35 178 167 92 107 108 140 87 195 59 115 56 117 56 99 100 77 119 87 55 39 45 5 100 137 47 51 69 55 116 71 107 113 64 117 76 60 127 81 107 81 34 144 137 58 64 158 20 38 116 69 144 44 117 157 155 56 138 125 94 171 103 39 96 89 149 147 92 162 62 65 136 100 135 102 20 13 102 6 108 96 103 24 16 38 156 38 118 121 138 123 
100 71 142 127 100 96 144 101 79 121 67 56 68 37 109 109 141 120 117 116 160 149 81 128 81 152 53 86 27 113 105 104 120 117 142 123 77 182 167 28 89 114 115 106 81 34 178 79 56 164 75 164 124 80 146 128 92 101 122 91 104 138 119 123 114 167 76 80 168 100 98 175 143 97 33 128 113 129 54 122 143 73 48 107 111 67 130 37 59 49 73 140 64 120 134 94 122 155 89 72 103 145 92 152 96 86 158 81 144 75 150 115 105 113 74 100 141 109 124 28 97 172 145 113 124 113 152 88 
73 64 26 14 94 89 101 43 85 122 153 102 120 45 72 119 131 149 90 93 78 94 167 73 41 44 85 92 88 62 151 134 125 9 101 143 151 72 92 89 166 115 98 97 98 19 114 57 184 91 55 99 59 67 98 101 125 101 123 76 108 84 66 65 190 104 106 158 51 27 136 68 187 107 131 127 179 104 102 83 100 39 71 177 68 109 102 140 95 138 104 156 78 111 127 170 162 105 114 95 109 93 150 101 104 52 39 76 74 105 104 58 121 111 105 115 137 47 96 64 98 120 150 37 112 157 167 26 
112 77 30 155 81 155 120 92 46 170 154 61 99 161 83 147 69 67 28 141 141 40 119 121 112 178 152 95 70 94 151 118 149 83 112 60 135 89 107 114 115 132 94 93 85 102 82 97 43 135 107 123 92 144 81 97 140 144 107 73 11 134 65 92 99 133 93 184 141 60 153 103 129 150 96 135 86 149 107 135 113 120 75 146 44 105 113 115 28 59 49 25 71 101 159 95 49 76 63 59 164 90 66 45 75 86 171 29 67 63 111 196 164 70 141 117 66 64 69 173 55 89 116 134 82 106 72 111 
84 38 141 106 165 42 39 39 98 45 105 57 141 90 35 141 117 178 68 112 82 45 62 118 133 100 41 48 125 106 150 79 137 92 31 107 95 52 108 115 98 94 116 82 117 129 86 93 123 60 113 56 97 92 120 105 87 126 68 169 111 160 89 151 152 33 165 20 55 130 76 156 61 109 70 126 65 66 55 100 85 103 99 170 93 111 103 165 102 164 97 88 136 160 43 119 122 148 67 142 101 158 164 92 124 81 79 158 72 62 90 84 138 44 62 152 140 184 94 137 29 118 128 93 114 91 30 152 
121 99 126 90 149 75 153 80 145 184 121 155 7 124 45 114 74 64 86 70 155 123 128 78 93 125 65 108 118 98 115 52 74 151 126 123 108 34 140 106 97 93 82 40 79 150 78 117 75 71 155 83 83 109 98 101 81 121 86 126 92 94 75 50 120 145 102 110 149 172 52 171 133 116 81 112 101 104 172 51 82 105 44 110 18 119 140 144 128 118 54 75 103 100 74 186 7 29 72 129 150 105 105 60 149 86 28 119 61 79 128 97 127 64 80 178 121 57 44 126 67 158 128 22 87 61 116 112 
129 81 174 69 93 116 90 103 150 137 68 56 84 75 164 124 58 129 116 84 22 67 6 61 126 117 77 111 105 50 30 11 141 135 138 158 54 61 87 81 98 85 117 79 94 67 98 30 90 61 131 118 97 38 107 81 89 155 105 121 16 176 154 111 106 134 42 34 65 128 152 92 107 153 131 18 53 112 136 55 93 59 135 154 90 89 98 91 140 118 49 153 53 167 133 26 131 16 132 96 177 65 77 114 51 153 33 121 180 15 145 67 108 116 60 24 127 118 54 119 149 99 133 91 73 78 166 55 
124 70 108 172 183 109 89 69 63 101 71 122 127 118 55 136 79 171 59 41 102 94 94 95 51 126 86 78 87 134 102 129 130 110 149 155 90 70 195 34 19 102 129 150 67 22 114 62 99 144 92 157 85 44 67 57 86 152 99 47 80 106 85 190 129 79 105 106 23 119 68 53 117 143 137 86 68 70 158 56 152 32 62 166 82 125 151 152 73 59 176 94 132 107 141 56 77 144 32 91 149 105 23 152 171 105 107 57 148 106 44 138 109 110 172 108 102 93 51 119 132 81 94 119 81 74 126 48 
107 96 83 154 28 76 121 156 183 78 66 113 91 10 54 134 87 131 84 42 68 179 102 110 109 137 163 85 121 97 96 55 44 134 106 110 147 128 59 178 114 82 86 78 98 114 186 122 109 95 142 90 117 149 164 72 132 183 132 131 105 167 56 103 161 95 101 122 132 42 128 135 63 81 108 128 132 34 108 137 87 116 23 47 38 56 78 133 89 135 113 90 77 33 91 53 54 102 87 105 99 139 131 47 107 84 111 108 109 80 49 131 49 100 155 97 84 151 131 102 95 105 91 70 69 178 69 124 
103 113 145 129 61 42 129 82 118 113 51 123 43 147 138 94 128 94 38 189 68 141 48 178 63 43 109 130 53 88 150 117 115 116 42 84 154 91 115 79 57 97 93 117 30 62 122 38 97 89 133 43 46 78 70 76 102 86 20 71 186 94 84 25 85 101 16 103 116 129 65 111 114 52 171 28 55 120 31 142 103 48 142 122 143 104 166 97 108 130 81 57 109 48 138 131 83 60 86 91 88 108 149 176 176 118 107 25 51 183 152 147 79 30 112 137 121 85 104 103 180 94 59 142 63 124 150 105 
98 147 191 78 135 123 130 12 126 116 128 133 121 77 97 70 106 158 56 82 104 70 138 159 63 32 35 68 106 68 86 84 124 134 75 56 152 36 56 56 184 43 123 75 90 99 109 97 190 130 87 125 48 67 130 63 187 126 66 125 108 8 91 93 87 187 112 58 107 106 74 100 22 160 39 67 80 79 112 155 72 93 97 71 22 59 82 101 160 114 158 191 33 32 60 100 93 8 82 103 115 129 118 122 98 64 44 59 83 79 37 76 175 107 136 53 131 159 65 90 138 139 144 140 98 97 156 147 
72 102 21 70 169 144 71 12 90 142 77 129 72 23 29 14 73 120 135 94 50 98 172 150 116 52 51 140 103 121 115 123 124 184 74 113 158 68 117 164 91 135 60 71 61 144 95 89 130 88 71 106 77 89 50 26 40 104 82 90 146 138 166 36 167 122 161 107 161 141 134 88 115 102 165 100 83 112 66 82 155 75 51 137 147 108 165 172 87 86 161 109 54 57 123 126 60 66 93 124 184 85 183 111 113 65 128 133 48 95 6 123 144 128 112 77 71 31 133 131 59 141 183 115 21 111 83 124 
96 118 12 80 159 125 44 166 156 166 132 125 100 180 128 139 46 130 158 82 31 128 123 69 178 97 128 44 103 135 77 138 56 48 84 168 87 104 56 75 55 107 113 155 131 92 142 133 87 71 6 86 69 186 68 156 43 91 171 71 143 63 88 150 142 70 148 106 106 146 103 148 127 88 90 124 79 62 107 14 22 89 69 103 131 138 109 50 72 150 27 170 94 54 124 31 80 27 125 145 104 98 106 140 158 67 138 127 135 109 61 104 157 61 124 55 139 142 100 93 99 89 81 94 114 105 135 92 
84 133 105 41 61 116 67 51 127 88 133 48 21 128 60 133 47 191 81 83 105 134 136 37 71 116 128 86 154 130 83 40 89 128 111 141 84 78 99 164 99 123 56 83 118 157 90 43 125 106 86 164 70 106 132 79 92 76 59 41 147 133 100 181 93 97 101 172 32 136 143 97 90 120 132 128 103 85 104 140 52 104 63 112 114 87 80 90 40 47 167 155 140 48 97 99 97 94 92 103 147 139 126 148 84 131 124 151 131 98 143 150 155 59 61 83 122 96 95 38 136 77 71 122 85 56 29 94 
76 163 64 133 88 96 193 130 84 133 88 90 117 108 102 142 91 97 147 163 28 139 61 28 95 22 106 133 175 85 86 120 48 26 48 112 52 114 100 124 59 92 97 83 97 85 117 46 48 77 69 70 144 131 84 140 197 85 116 96 96 170 43 47 84 71 28 47 143 136 70 65 101 197 157 142 145 78 164 87 96 157 65 22 181 64 54 52 113 106 159 170 72 92 126 54 131 159 51 181 161 188 107 104 122 138 50 137 135 125 40 80 166 153 103 127 132 185 22 22 90 55 121 63 156 112 67 92 
121 81 131 113 68 103 71 77 162 73 84 78 19 60 67 77 66 150 67 118 26 113 148 35 95 154 26 145 123 49 128 174 149 148 142 58 91 33 77 80 67 144 92 109 38 44 149 78 67 89 186 106 131 44 63 40 16 69 72 133 72 103 175 80 99 123 91 99 69 94 110 22 58 25 93 174 99 80 69 130 122 79 76 60 107 79 11 41 163 116 109 48 85 76 93 112 86 94 60 48 78 66 52 60 82 152 122 102 161 163 106 83 119 68 69 61 157 63 66 65 56 132 177 97 114 89 150 61 
136 117 100 107 181 33 141 159 115 48 127 98 95 87 171 85 85 62 123 155 45 99 127 17 72 123 175 158 76 109 162 61 89 44 142 177 116 67 119 146 98 81 120 98 107 67 164 70 130 50 68 132 84 63 154 131 123 127 104 39 50 95 141 149 85 107 108 71 76 95 111 140 86 102 73 102 151 90 118 161 164 146 36 83 148 71 130 115 105 111 135 50 88 40 94 45 59 75 132 110 144 74 119 61 107 84 116 77 118 113 98 148 52 37 98 94 112 84 129 95 20 74 104 167 176 156 117 117 
47 19 45 101 40 79 127 136 147 101 126 148 23 135 32 142 122 63 155 61 55 80 102 110 53 88 111 36 135 104 80 84 23 188 65 89 100 94 87 128 101 97 105 101 81 57 72 76 63 26 156 79 140 40 131 148 50 173 56 112 72 149 114 179 143 90 152 86 147 40 61 41 49 88 76 144 163 183 114 79 126 93 176 57 62 130 126 93 42 177 107 140 131 122 165 76 127 53 126 113 103 84 55 65 157 75 103 96 171 110 64 112 108 47 147 59 72 96 80 75 146 80 170 40 73 96 116 137 
100 110 164 72 108 138 82 48 62 70 114 131 109 141 101 66 150 143 98 82 55 159 119 137 116 91 107 44 108 56 53 90 122 66 71 86 76 19 55 92 125 140 87 81 89 86 132 102 187 40 43 92 197 16 123 50 32 67 51 64 89 83 171 88 83 88 32 131 125 19 125 90 46 78 104 109 141 103 129 66 130 130 106 7 118 84 17 63 65 32 168 73 54 49 100 144 31 133 19 190 102 104 50 160 166 111 143 58 115 129 130 121 68 133 56 30 86 101 67 99 122 123 23 80 129 37 143 183 
106 54 199 118 71 104 64 70 99 162 149 176 122 106 177 56 100 100 50 61 143 154 97 162 69 61 116 93 184 146 42 180 98 121 61 175 101 81 39 101 101 144 126 121 155 152 183 86 126 104 91 76 85 69 127 173 67 42 51 114 94 138 73 98 67 77 54 138 114 103 175 130 114 37 78 118 52 52 85 52 62 94 122 65 143 89 99 153 155 97 87 132 85 156 140 69 50 77 178 83 135 151 99 66 108 71 66 139 111 84 116 85 79 117 138 97 26 87 96 74 99 139 97 124 158 13 134 140 
108 81 151 68 134 76 55 50 101 53 77 181 109 83 136 89 70 116 86 132 125 147 165 103 65 69 77 132 23 92 90 86 25 52 117 33 146 133 45 122 123 107 68 86 105 99 132 20 66 82 171 59 116 72 104 56 51 51 164 100 137 114 33 102 123 78 177 76 96 113 100 144 104 65 103 63 10 57 110 99 125 97 42 100 128 128 107 133 66 109 185 79 122 63 190 119 141 69 59 40 135 65 83 60 164 27 83 124 119 141 188 97 45 111 91 109 38 73 136 172 117 47 187 126 150 48 84 94 
144 120 105 36 30 95 65 137 18 154 111 159 48 107 171 100 44 71 80 61 142 40 100 110 136 84 63 55 56 125 29 78 82 114 147 130 95 76 5 91 76 73 169 126 121 47 131 71 125 90 71 41 96 133 39 112 64 114 100 64 94 120 91 152 159 99 89 53 98 156 33 75 152 61 112 107 156 22 116 68 89 114 140 115 140 160 118 110 155 108 141 74 116 29 124 101 74 108 116 166 117 65 145 81 124 136 26 137 93 186 84 146 121 100 59 180 73 110 110 110 149 42 43 73 104 124 45 73 
151 71 87 169 114 105 57 119 96 68 123 66 140 68 23 49 193 68 120 101 16 118 99 49 102 187 94 141 99 80 145 118 167 162 158 122 173 127 100 104 108 11 111 92 16 80 105 186 108 146 143 147 96 72 50 72 89 94 137 94 88 109 99 123 94 98 93 113 39 36 86 102 106 143 168 105 125 108 152 120 103 183 101 147 91 94 66 83 82 61 102 130 158 94 75 34 55 133 89 97 140 137 158 115 39 104 84 119 130 59 82 69 166 107 162 86 121 37 169 66 82 50 92 184 78 92 65 89 
139 149 64 94 60 142 138 84 136 96 107 107 122 169 156 13 111 136 57 85 119 121 59 153 103 104 151 95 54 187 81 91 131 134 100 44 104 186 137 138 84 134 160 94 176 106 167 94 8 138 63 133 170 103 95 149 83 138 114 120 109 122 147 46 102 91 169 89 159 24 157 157 35 160 87 109 132 100 155 142 126 18 95 55 112 98 93 144 86 74 57 86 141 111 91 75 102 143 83 99 123 78 112 12 75 157 108 42 94 126 179 145 29 107 119 11 51 79 53 89 33 59 108 41 112 36 40 59 
106 114 88 120 66 48 174 102 97 67 149 49 117 88 96 53 120 66 87 90 85 77 18 88 80 134 170 79 170 119 58 124 79 109 134 41 144 125 47 119 66 65 89 75 154 85 56 84 91 166 88 100 43 175 141 114 171 73 33 91 99 147 46 116 97 108 82 136 94 149 167 68 110 88 77 145 35 171 138 147 38 82 32 177 95 92 111 161 112 108 92 34 105 41 140 105 105 91 180 61 170 71 80 125 150 120 42 42 110 83 20 75 103 106 74 73 131 123 110 66 71 95 55 181 109 100 104 140 
69 94 55 114 68 108 122 144 45 94 13 69 78 126 77 142 168 130 106 85 77 99 179 119 139 17 109 124 44 29 153 78 80 156 129 79 115 54 51 123 65 92 151 50 111 190 103 25 93 36 150 181 47 80 149 179 88 98 102 152 123 46 116 144 76 122 149 66 124 140 115 59 120 100 32 42 127 107 164 130 117 107 50 161 103 151 81 75 76 137 171 38 50 133 22 75 30 76 80 79 189 118 100 122 45 62 126 128 130 93 144 69 40 38 177 129 66 7 101 4 122 122 126 36 83 46 174 131 
108 85 90 58 72 136 58 110 123 159 128 63 96 108 23 83 92 56 126 162 30 75 138 90 131 67 64 108 142 111 176 31 126 167 82 145 44 54 69 114 190 99 152 120 106 129 161 85 87 167 142 93 84 99 85 143 83 67 123 159 94 102 97 76 180 116 63 66 94 140 195 153 159 102 61 75 106 89 105 65 27 46 113 102 60 75 75 108 147 59 92 133 86 153 120 56 148 106 70 95 170 84 92 28 67 134 138 153 65 60 36 68 69 112 45 175 124 128 83 121 69 87 72 113 128 53 164 140 
85 152 49 38 83 84 127 63 62 130 143 60 113 133 93 99 81 74 26 89 105 54 71 121 79 79 113 144 100 118 142 114 67 174 64 67 40 101 55 167 104 133 33 145 134 79 95 101 187 122 70 97 71 123 107 90 88 77 78 99 98 91 108 122 116 162 75 102 175 99 84 133 117 131 48 140 188 191 76 90 96 114 86 24 106 53 194 55 86 80 50 95 79 155 33 112 57 90 18 72 110 96 116 113 86 56 141 112 46 93 126 106 97 89 97 180 37 40 119 86 156 110 80 41 126 73 120 121 
111 78 149 108 55 170 80 115 115 79 80 64 91 48 168 107 52 165 89 138 156 91 49 95 138 80 101 118 97 119 131 22 93 136 112 137 157 89 116 76 106 93 165 102 42 105 101 16 112 161 148 101 28 91 108 152 32 54 177 89 93 169 82 149 63 75 26 130 99 64 119 90 82 67 158 68 81 79 125 19 160 76 51 118 82 132 87 64 150 43 103 94 91 34 141 95 79 75 166 141 68 115 129 94 166 123 14 64 175 72 93 52 33 117 168 137 105 87 100 77 99 134 116 188 138 84 71 94 
64 94 91 64 92 146 183 123 83 89 130 151 125 63 123 139 136 117 47 134 115 95 133 90 95 75 77 58 28 8 86 136 22 117 31 137 23 132 71 80 158 184 20 110 34 106 122 103 58 107 106 172 47 99 71 86 131 138 76 53 113 89 136 66 66 102 130 102 52 124 34 13 166 169 77 112 88 107 145 128 89 83 86 163 91 70 123 78 157 18 85 51 150 140 157 78 145 67 84 115 47 34 111 131 80 122 54 106 94 119 21 127 164 59 83 103 101 148 10 142 119 101 91 96 59 109 120 113 
35 122 152 86 129 122 25 148 15 24 133 97 94 105 143 54 58 79 34 18 111 80 80 105 10 67 125 89 59 91 184 25 43 50 100 126 126 134 107 168 51 141 55 149 65 23 132 116 107 161 106 32 143 69 76 147 125 114 96 98 39 159 94 124 94 175 99 52 128 87 32 137 112 89 82 97 105 185 76 60 140 58 47 134 89 123 73 98 146 112 100 135 41 60 145 116 106 185 75 85 122 27 97 51 134 133 144 90 155 97 57 69 21 129 97 68 167 96 178 56 171 105 58 39 121 88 95 124 
14 109 162 120 48 53 106 123 68 69 74 60 136 124 104 90 171 71 90 112 11 143 86 122 100 78 60 77 83 86 55 148 35 91 50 126 46 79 113 100 27 60 130 172 128 119 42 129 106 141 146 136 136 94 95 40 19 103 113 156 36 24 149 140 140 99 64 124 87 100 161 146 162 58 111 56 128 71 110 74 156 33 102 102 107 137 106 76 86 179 165 125 142 90 80 100 142 47 157 62 142 92 84 69 83 95 49 141 62 148 129 102 109 113 35 115 62 104 175 131 145 100 107 66 57 157 102 115 
74 141 177 126 175 114 83 110 133 49 77 181 42 147 100 52 7 20 29 110 110 102 155 63 44 38 80 94 95 81 193 187 101 183 147 97 37 52 64 98 136 153 76 52 152 68 128 65 74 134 103 143 70 110 111 61 125 175 100 33 86 157 167 115 195 84 119 34 32 161 200 78 78 76 24 108 14 68 137 61 160 180 83 129 159 104 117 118 119 90 101 93 45 58 104 107 149 60 115 86 150 107 97 142 133 103 91 112 109 68 153 157 102 88 143 39 112 147 132 91 109 21 69 135 129 60 134 105 
74 90 108 166 171 92 86 41 82 144 94 121 162 143 62 53 68 48 81 45 125 102 151 93 105 38 46 89 113 167 128 119 132 142 156 92 57 80 117 175 68 103 156 171 92 53 135 111 100 88 148 97 65 22 140 41 90 130 144 75 102 157 68 59 153 133 90 13 137 146 78 158 90 86 138 158 144 148 62 78 110 81 106 147 88 117 50 107 182 122 88 166 163 138 44 126 166 147 126 106 116 161 108 125 120 59 90 39 102 90 99 88 127 86 45 136 100 122 151 84 56 129 72 165 127 58 101 171 
169 93 44 31 131 168 102 58 67 37 138 124 128 98 129 78 68 85 92 73 140 120 104 137 106 141 98 138 30 177 98 86 89 14 112 72 109 99 76 143 187 129 61 133 107 117 63 114 22 115 127 90 101 58 86 49 46 114 104 152 106 35 110 120 159 117 82 166 112 162 78 90 158 146 89 23 115 151 144 129 86 106 186 55 88 50 101 61 25 104 50 95 194 72 104 46 168 14 64 139 131 163 135 166 139 83 110 124 119 100 47 101 106 119 162 136 118 47 93 82 118 108 39 61 68 141 20 167 
62 28 126 142 92 127 122 52 121 68 144 149 118 90 110 160 95 96 103 131 109 124 115 67 58 119 79 97 124 129 147 156 95 75 76 102 110 145 60 97 107 150 109 116 153 143 81 52 160 102 88 120 197 25 102 88 78 37 65 61 143 160 88 100 102 131 67 169 89 58 76 86 146 24 29 22 115 103 130 124 145 66 130 134 117 16 133 122 88 25 162 114 94 50 159 95 111 144 107 154 40 129 85 33 107 109 57 119 114 112 103 107 120 78 53 75 151 111 44 52 121 47 3 68 117 128 87 116 
66 118 98 94 109 30 62 45 77 116 191 111 118 133 44 57 121 146 116 51 151 62 123 87 125 58 50 128 78 112 145 126 120 69 76 110 47 168 127 33 131 96 70 81 131 137 108 171 39 165 90 132 157 93 73 76 104 78 103 112 168 87 77 32 61 48 158 77 82 111 24 138 89 29 118 57 52 104 153 121 177 182 86 192 110 107 72 127 159 88 74 119 62 102 44 133 151 32 51 132 63 46 106 79 80 120 104 42 80 53 15 35 64 109 143 126 125 148 92 82 110 44 87 129 165 123 88 95 
86 101 69 59 87 121 37 88 96 28 66 49 106 183 84 70 101 156 92 106 134 116 78 173 48 123 129 151 120 165 84 128 81 153 95 67 55 80 81 128 127 135 126 112 18 86 128 28 67 100 124 128 142 174 102 144 109 118 63 107 105 109 145 42 75 140 68 112 97 56 108 158 23 22 57 124 132 128 138 62 119 119 127 138 68 143 23 170 130 111 97 164 151 138 93 111 106 93 35 110 94 123 57 95 78 167 138 113 147 77 27 161 119 145 144 110 25 73 81 94 70 113 153 36 169 79 133 116 
137 131 142 165 78 103 118 118 83 103 67 191 145 157 140 82 171 93 160 168 120 88 33 97 116 95 94 103 80 121 94 84 78 162 78 30 151 132 107 113 179 86 65 101 53 68 132 55 80 83 79 103 145 99 151 163 141 52 10 156 125 132 35 127 106 188 81 88 105 128 14 144 115 115 52 132 28 109 145 60 161 143 142 110 167 184 144 66 122 85 117 180 68 48 69 72 98 52 103 103 87 97 101 134 155 90 51 63 33 42 157 85 142 83 97 51 60 48 140 117 105 160 155 57 146 114 13 55 
18 148 21 87 65 177 68 143 153 175 143 93 114 117 63 173 127 152 87 66 134 138 122 168 89 142 91 178 118 80 134 115 121 115 174 136 46 96 81 129 104 149 66 104 112 70 34 120 79 112 62 85 78 80 90 183 103 52 57 22 108 100 171 107 89 191 79 107 185 71 68 148 151 103 104 128 109 112 99 63 76 85 83 96 154 78 67 53 111 96 101 129 140 82 81 89 125 112 139 59 141 32 69 22 148 141 76 43 106 89 73 137 129 17 57 177 118 83 60 104 119 135 101 90 144 84 71 35 
111 71 101 40 112 172 63 95 124 89 49 100 124 114 59 50 113 173 97 105 90 64 130 110 8 95 170 107 169 46 95 39 88 121 63 195 79 76 34 54 102 107 55 172 136 158 108 31 112 66 107 104 164 69 118 114 129 85 110 116 152 155 138 164 105 76 125 145 76 110 137 62 144 130 153 138 145 99 86 109 187 119 87 106 78 19 65 83 67 153 52 133 81 113 128 112 67 66 91 106 18 53 96 153 78 81 171 117 110 92 59 181 162 122 44 79 76 38 77 72 85 98 117 130 90 78 43 78 
114 92 144 137 48 44 117 84 74 91 132 134 82 88 83 104 25 152 153 119 135 96 110 106 86 132 58 132 117 138 89 94 9 165 95 121 77 86 144 122 83 135 100 51 55 56 137 142 155 82 14 140 87 130 161 79 66 52 99 68 120 142 147 130 65 90 19 128 60 74 61 78 129 124 121 62 60 63 109 150 92 84 104 109 113 71 123 100 169 124 144 88 63 170 36 25 50 96 107 69 145 144 41 145 73 69 75 144 168 60 143 104 89 41 118 170 130 58 53 148 78 115 128 77 73 126 113 155 
157 134 53 152 144 110 72 120 131 133 110 84 124 83 108 31 127 128 104 125 61 101 73 33 113 12 68 115 49 171 86 153 164 55 137 90 178 94 137 143 100 113 85 82 93 152 87 103 72 155 22 52 96 122 164 126 130 62 125 89 103 126 38 117 27 96 160 89 140 156 160 110 86 145 177 119 161 76 187 92 142 87 66 77 196 139 34 173 129 75 110 68 56 110 89 98 132 39 185 98 91 138 119 101 141 133 182 130 101 135 75 98 18 138 150 129 106 75 170 88 159 2 92 160 117 158 95 57 
121 52 152 89 118 142 35 70 60 128 122 170 133 104 113 67 55 90 140 62 154 123 154 143 68 47 84 102 137 84 115 46 16 139 118 151 83 124 58 73 39 120 103 105 59 32 116 48 93 75 89 104 157 79 146 93 130 94 97 114 183 18 82 107 46 114 76 83 58 33 180 81 106 66 182 119 143 85 119 84 87 96 103 103 146 81 104 37 89 156 38 110 116 6 173 28 6 97 155 85 151 151 137 125 71 140 92 102 92 61 64 165 96 101 72 23 83 103 102 104 99 92 72 104 108 159 132 169 
114 62 152 105 118 105 50 150 80 99 69 178 65 64 98 67 148 159 110 58 97 69 63 127 131 104 12 119 133 111 126 54 20 129 154 136 125 168 64 48 71 75 99 44 135 62 23 142 97 51 69 63 65 76 36 176 106 122 42 140 101 95 32 50 113 86 51 86 47 102 83 106 186 130 86 127 142 83 87 104 66 103 166 192 114 97 61 96 86 53 65 79 103 98 103 41 159 46 103 101 24 154 149 116 152 103 32 53 76 143 102 28 57 93 172 100 135 124 46 105 36 39 177 108 43 137 142 121 
99 147 74 101 42 93 103 130 160 176 155 111 79 93 35 44 99 101 126 95 173 119 52 112 139 125 154 118 77 100 93 127 91 86 78 91 119 27 158 107 177 146 170 110 154 166 47 122 71 137 103 112 22 60 83 57 7 65 100 115 147 55 177 161 102 24 118 163 134 102 129 147 55 134 192 138 110 96 106 109 77 103 192 186 99 122 57 160 78 50 113 115 110 79 23 84 61 44 103 94 52 89 120 45 96 119 116 82 60 185 75 120 46 96 93 124 67 111 116 102 124 48 125 110 49 107 159 87 
93 90 99 48 57 109 86 104 121 197 104 145 184 87 148 90 43 89 37 51 79 10 35 134 36 35 47 76 101 94 168 95 90 90 88 170 98 110 20 111 68 44 93 18 90 82 38 143 22 147 131 114 181 107 148 62 118 143 128 140 91 112 95 103 60 106 82 91 89 107 159 88 88 117 110 68 167 154 78 113 196 146 114 99 172 170 98 76 69 115 152 80 148 123 188 110 85 124 127 104 138 61 169 99 92 74 64 172 162 98 116 80 120 122 106 123 97 44 49 69 77 117 112 43 128 108 38 143 
115 106 122 65 119 97 107 108 112 97 174 138 57 122 105 49 178 123 95 112 151 68 78 37 82 175 166 121 106 190 142 116 71 141 108 146 141 77 38 67 109 105 111 119 89 125 56 104 59 108 138 87 64 79 71 130 84 89 128 160 94 98 92 151 75 53 132 70 123 137 104 117 50 16 107 143 184 78 19 71 139 81 97 122 170 44 70 89 145 90 151 180 113 75 70 70 83 65 100 85 144 122 52 117 79 168 27 31 113 113 116 152 62 162 78 67 177 136 34 108 88 128 80 141 16 37 129 98 
116 162 134 116 59 123 113 116 100 51 137 86 78 109 137 71 63 109 44 83 88 130 136 112 108 73 83 87 60 189 76 109 53 28 113 57 105 74 116 130 102 113 103 140 98 151 78 166 82 165 109 80 54 11 130 126 17 99 107 118 66 93 111 81 75 194 87 123 73 106 117 50 101 133 72 23 144 67 65 123 34 104 61 57 98 70 72 162 43 125 44 53 22 151 159 151 64 85 110 112 165 111 126 80 91 115 117 71 174 67 156 100 164 109 127 101 130 102 87 172 40 123 74 25 95 173 104 163 
92 161 143 108 53 104 91 114 95 166 149 131 82 89 75 130 152 141 149 69 90 42 109 29 63 111 125 73 66 98 94 106 70 85 16 87 129 166 69 37 140 115 165 144 91 152 133 97 101 172 50 90 52 41 115 93 63 153 133 110 83 144 161 75 108 55 64 78 98 76 118 107 61 122 127 170 66 53 83 100 173 37 96 160 76 89 162 154 93 111 34 72 138 84 80 62 107 95 17 82 140 170 117 71 139 93 95 102 107 99 181 114 121 120 23 97 100 121 89 41 80 86 101 170 111 164 70 26 
90 22 172 88 69 129 24 133 169 103 115 143 132 189 115 110 160 76 77 89 92 143 68 107 72 74 31 77 104 148 106 132 99 77 149 79 111 77 144 59 95 28 102 128 140 73 89 108 160 87 72 40 113 163 105 42 65 155 66 155 82 86 112 76 147 86 150 157 146 86 119 182 25 88 159 130 122 111 67 169 129 89 86 78 69 145 43 93 14 54 87 193 106 100 26 174 138 124 117 59 132 95 76 95 138 118 90 99 110 98 100 86 79 57 89 127 73 152 134 40 97 12 66 130 155 171 57 100 
85 114 69 119 114 177 109 106 53 110 101 89 183 69 100 96 110 46 108 63 79 171 59 103 59 48 168 103 149 104 148 14 51 38 150 128 75 65 44 49 138 59 164 118 118 59 135 130 114 86 150 47 106 116 111 177 32 97 109 108 61 74 108 137 59 80 43 18 112 179 90 122 104 25 88 111 85 96 153 124 75 156 53 50 115 90 125 111 54 32 25 23 105 160 123 109 105 105 72 104 103 130 124 39 43 62 125 126 129 115 82 72 98 147 125 91 127 166 87 115 52 120 75 24 31 154 88 139 
85 163 155 112 66 152 61 150 60 27 97 107 87 114 162 129 160 27 108 22 135 96 93 48 76 41 126 62 73 144 64 129 142 115 123 98 23 162 117 73 104 49 97 54 49 176 113 81 158 161 27 167 159 109 135 107 168 87 185 141 102 57 92 171 92 50 103 85 100 165 101 88 50 162 74 97 117 101 52 144 110 38 65 113 152 151 44 34 87 25 182 105 159 155 91 177 161 158 101 142 98 119 110 19 94 107 118 126 70 39 49 45 85 52 60 143 95 73 173 85 47 85 161 135 46 26 128 130 
30 171 93 117 136 71 36 40 27 112 74 72 118 53 148 68 115 172 56 66 50 163 113 151 106 56 130 158 117 123 19 91 97 133 47 154 79 104 157 140 156 25 88 75 153 94 90 57 191 109 170 155 170 48 50 140 73 132 79 74 130 86 34 38 133 95 94 51 135 125 93 166 95 114 119 164 180 129 133 88 68 110 79 115 80 180 53 72 193 23 105 18 71 27 93 110 121 140 22 119 111 51 155 86 125 76 102 68 146 58 143 32 138 68 41 192 172 149 52 30 109 52 30 96 120 75 90 113 
61 117 65 136 109 151 100 114 177 108 126 190 151 51 154 166 113 111 90 150 93 64 51 35 54 88 26 92 107 104 58 97 171 128 125 30 69 128 155 64 78 71 136 103 53 132 77 109 33 54 94 140 72 85 88 131 54 85 122 116 158 141 105 50 86 79 91 150 41 142 45 163 194 94 62 151 68 140 81 63 56 116 103 110 148 113 22 138 106 105 159 71 138 135 42 32 178 39 105 82 140 115 188 114 21 106 43 80 140 121 135 100 73 93 109 106 76 142 103 109 104 161 63 128 121 149 153 98 
80 95 57 105 97 34 111 173 100 190 172 152 139 140 184 43 110 45 79 131 37 143 71 170 50 87 178 151 91 105 96 153 38 89 133 142 82 134 56 120 111 101 160 100 167 107 33 48 32 57 54 48 92 76 40 122 49 156 63 29 94 111 41 133 153 155 34 140 60 90 58 138 72 50 102 138 48 82 113 170 110 6 98 79 123 75 151 84 100 160 155 27 135 198 75 114 7 95 89 138 153 118 105 189 106 182 71 96 143 111 83 117 109 151 133 116 90 100 105 117 67 134 133 85 78 134 68 87 
108 127 119 129 144 152 155 187 110 132 109 171 104 114 59 31 134 53 102 116 131 64 128 34 81 57 149 147 86 108 65 87 14 113 128 119 175 58 138 134 127 159 43 74 133 141 91 138 60 123 124 97 126 93 94 165 100 140 190 124 75 91 140 22 120 33 141 157 145 80 104 44 104 159 44 93 69 81 128 36 89 173 103 23 188 70 159 80 26 123 91 93 42 75 86 119 149 86 146 84 18 111 117 102 162 86 120 86 53 129 170 159 74 55 141 116 118 53 107 189 50 106 177 166 169 150 115 137 
180 85 144 102 75 87 98 100 95 102 120 100 86 148 19 117 38 46 90 67 65 27 109 63 129 173 57 141 99 61 82 105 111 71 150 141 113 169 125 94 170 95 119 186 26 56 53 131 100 126 31 99 54 112 45 76 144 69 119 101 34 75 105 75 56 112 95 78 116 100 107 126 46 95 133 111 72 89 112 25 98 28 41 84 110 70 151 62 174 109 177 110 32 114 119 70 126 105 166 177 69 18 121 100 84 161 112 112 58 161 101 83 117 81 107 155 85 121 185 73 91 45 79 169 143 183 176 18 
107 64 122 91 190 113 126 127 50 60 142 140 117 95 108 90 122 75 108 43 91 140 123 171 99 130 107 161 103 53 140 29 94 86 153 93 124 41 94 122 162 49 122 7 131 77 54 83 93 60 80 97 131 86 59 127 31 50 141 74 55 102 105 30 148 57 79 145 106 142 149 166 168 111 151 106 98 125 67 50 132 6 159 61 85 83 64 107 138 105 161 121 178 7 149 126 158 86 92 85 31 175 104 191 22 195 71 60 110 35 29 108 107 124 148 161 76 131 166 90 56 141 64 163 115 99 97 157 
113 75 40 115 71 123 104 121 155 80 149 169 58 138 91 41 151 73 154 32 71 96 36 152 111 52 171 61 59 71 90 120 106 86 43 58 61 97 171 155 105 76 148 29 16 144 102 60 8 66 27 94 159 94 75 53 133 77 69 108 133 143 91 76 106 90 75 67 185 47 60 147 14 144 32 93 52 112 66 96 39 97 46 44 124 65 85 95 124 105 158 140 39 95 86 105 86 182 42 124 87 190 71 138 127 146 133 151 81 82 52 59 143 116 75 83 61 68 69 129 137 90 55 136 138 36 29 47 
138 83 146 146 145 63 56 101 77 174 100 35 100 83 73 105 59 102 168 136 116 102 60 88 186 106 153 115 35 172 20 153 64 135 121 162 81 115 103 89 114 63 67 72 132 32 87 86 82 93 125 92 51 60 132 126 19 178 59 116 89 83 180 80 70 18 166 84 75 157 115 126 64 107 51 35 103 139 91 107 185 155 103 103 127 100 110 17 117 72 101 22 105 89 146 166 92 42 12 104 181 49 46 116 86 181 55 102 127 83 102 110 81 145 75 70 124 148 136 148 12 99 100 167 152 108 52 139 
38 50 138 46 136 145 101 159 106 131 139 68 89 48 51 114 45 85 146 107 21 82 106 74 62 42 51 152 37 86 81 66 75 63 162 26 75 135 39 72 95 59 142 129 96 91 105 91 103 124 145 103 181 48 110 113 190 83 40 166 97 99 61 79 95 72 141 115 85 62 86 106 139 154 132 110 103 59 106 69 98 85 101 94 104 85 112 82 59 104 142 119 82 138 84 177 85 124 104 88 97 101 40 42 55 54 123 72 98 130 129 182 83 88 156 52 124 122 115 119 146 144 143 105 177 90 120 156 
53 134 94 127 43 124 120 187 133 113 118 167 158 119 168 88 127 153 105 119 105 86 162 89 94 82 182 52 35 67 97 103 160 35 40 148 117 89 96 103 109 164 101 150 177 149 99 88 115 184 104 147 161 78 144 103 102 135 135 117 140 123 170 189 170 110 68 47 122 142 150 116 131 40 63 94 87 141 18 145 91 151 24 52 138 144 165 140 132 103 98 111 140 153 18 69 31 87 181 97 74 150 41 45 24 34 110 104 113 165 150 152 126 82 115 87 123 91 72 121 84 113 113 91 132 179 164 128 
182 132 66 92 92 10 106 120 150 116 128 112 178 120 60 97 76 73 197 110 164 125 28 138 90 85 115 35 97 97 121 44 189 24 92 131 153 73 89 145 93 90 158 105 65 105 139 108 129 85 98 139 188 66 74 84 104 151 65 65 137 78 71 118 84 96 115 34 27 92 107 161 163 129 46 123 97 32 53 144 138 151 154 89 61 122 111 170 95 130 119 51 115 118 111 18 175 190 49 101 150 124 157 123 164 108 69 138 80 108 150 161 183 132 68 118 113 60 81 108 101 138 78 68 147 90 99 149 
29 123 120 133 120 141 128 131 80 142 38 66 184 42 109 62 88 87 57 17 81 105 104 63 69 101 49 54 85 104 40 35 102 62 74 91 186 90 149 92 150 66 164 105 77 23 131 149 118 183 106 126 107 52 119 55 50 99 83 145 158 112 80 100 92 116 129 111 97 84 97 108 135 85 106 57 101 69 96 41 119 137 149 120 169 52 126 117 76 124 110 155 188 105 117 121 104 71 46 40 41 157 118 121 162 67 76 105 131 177 142 67 58 90 126 100 73 148 100 108 133 58 80 125 101 134 111 158 
143 115 180 89 137 42 91 127 114 57 115 55 17 113 171 101 138 95 58 34 111 14 129 86 106 16 151 71 148 102 42 106 118 61 112 129 149 36 147 152 101 45 92 60 114 152 47 176 122 111 140 148 104 60 61 65 160 66 60 81 115 12 125 122 28 113 94 131 51 69 142 125 166 33 79 95 134 22 153 145 101 125 116 45 99 117 80 71 95 39 19 86 114 189 102 100 191 138 116 42 45 123 121 128 90 141 81 170 115 129 149 117 116 142 40 131 80 101 155 89 107 165 118 65 12 80 66 58 
65 133 96 163 43 87 58 96 80 108 64 88 180 128 94 88 84 19 39 127 106 98 84 175 158 77 143 120 61 82 19 115 75 50 139 173 35 66 92 96 104 75 124 149 51 171 107 176 98 113 158 84 122 82 107 157 166 108 164 124 39 75 150 45 67 86 166 80 134 83 133 120 139 107 80 78 155 148 78 73 141 71 152 96 92 79 91 139 138 43 94 125 21 106 162 84 22 127 86 55 24 164 162 90 36 151 127 165 116 89 87 180 107 83 102 101 63 135 79 77 66 131 72 148 12 57 139 125 
45 37 113 71 96 138 116 174 80 89 76 106 28 108 174 102 178 107 141 159 127 99 45 178 115 135 73 74 71 99 88 178 16 85 35 108 107 91 162 86 52 86 81 86 153 105 84 118 64 65 67 131 138 152 84 75 111 71 27 136 104 157 120 62 134 56 123 122 133 95 103 59 83 109 120 167 90 141 81 69 133 140 103 119 74 168 115 93 118 62 107 76 106 182 86 161 195 146 181 54 34 108 67 141 151 34 113 107 95 130 122 112 84 165 141 67 113 109 140 50 99 81 125 54 99 198 158 40 
131 109 87 45 167 95 101 160 145 38 39 114 50 113 73 41 164 129 92 154 107 115 73 95 106 82 164 87 176 42 147 164 85 73 99 141 180 66 62 158 39 171 79 28 33 107 111 107 44 128 138 124 50 122 116 103 143 66 83 26 84 108 42 126 138 141 14 54 144 49 91 90 110 57 104 138 51 76 171 75 182 92 32 116 64 27 117 95 90 125 118 102 43 71 120 112 71 133 55 123 110 69 76 81 127 113 44 77 39 134 109 157 108 137 111 86 158 130 91 100 85 146 77 140 116 117 125 91 
42 126 108 117 145 78 50 72 89 92 66 181 174 134 112 128 66 108 186 25 75 132 126 33 71 97 23 89 123 43 104 144 89 91 112 173 115 188 65 81 76 29 158 119 121 57 108 25 59 133 127 151 137 102 77 96 58 139 124 137 119 42 42 128 153 112 64 106 90 141 112 39 124 119 42 113 63 43 117 144 130 102 53 82 172 31 71 102 99 126 126 68 80 96 86 112 60 151 102 72 104 138 105 170 165 107 77 170 166 158 77 179 115 96 49 162 93 167 44 108 124 76 69 140 102 153 138 117 
119 87 145 70 144 77 82 107 77 114 108 158 170 164 49 13 111 58 178 122 25 165 167 134 79 79 93 144 94 102 131 92 40 156 159 156 81 32 136 144 74 67 72 61 180 148 109 51 83 48 135 131 135 161 118 171 115 111 119 93 130 94 110 130 65 46 175 94 155 62 109 102 119 114 80 147 33 106 110 168 101 92 76 60 162 113 174 107 110 129 70 146 140 143 53 58 110 81 127 98 113 80 131 115 116 95 39 166 68 100 151 152 82 101 104 123 94 91 59 118 170 64 56 53 91 155 155 112 
181 97 77 103 164 127 130 68 123 187 95 174 124 97 53 67 95 97 67 96 183 70 111 172 41 99 34 101 157 78 31 104 47 117 167 48 126 13 100 75 105 63 62 79 15 106 80 183 79 95 109 98 125 163 113 110 129 84 141 186 59 126 83 93 60 93 72 119 97 148 68 90 100 112 53 77 42 89 92 60 135 61 143 185 98 113 67 99 98 115 39 58 121 111 129 161 35 82 83 130 165 108 177 129 89 130 134 158 100 162 59 146 41 111 100 85 150 178 146 87 131 122 85 139 167 127 93 143 
60 59 132 97 162 104 58 99 108 106 114 142 58 70 142 96 94 41 73 117 89 76 129 122 68 161 81 58 163 146 96 110 164 96 122 95 84 35 135 150 104 111 90 128 145 44 49 152 37 6 61 143 40 106 98 64 130 116 188 84 82 179 20 144 36 126 93 21 57 129 153 99 47 103 15 27 157 73 59 143 75 64 102 75 116 116 156 181 100 82 49 143 135 83 170 101 29 52 102 129 150 150 142 149 87 122 109 77 151 59 52 102 131 154 74 160 22 126 77 45 120 146 173 119 58 145 116 36 
137 15 115 122 131 63 94 76 63 50 134 118 19 122 143 116 118 49 97 141 101 90 33 134 46 96 115 128 157 106 130 129 75 47 75 149 57 88 102 115 58 196 84 97 67 138 131 147 76 123 104 150 80 83 148 112 121 85 97 146 69 145 75 69 68 106 52 127 69 102 157 88 101 107 35 161 85 137 181 104 98 165 28 120 80 152 100 114 86 72 45 32 100 117 159 83 108 59 110 182 152 161 67 117 180 112 157 179 152 146 102 82 61 41 49 83 107 105 145 122 178 170 188 28 117 117 134 155 
159 57 57 70 21 52 11 135 36 186 132 143 98 69 24 64 149 136 56 140 104 139 54 127 146 160 83 51 137 42 118 63 145 150 102 120 93 81 20 105 121 164 138 127 108 109 49 79 175 144 157 155 166 119 52 108 68 79 45 121 166 29 103 40 69 97 33 164 21 109 102 127 106 120 64 119 142 129 162 89 18 96 57 46 120 62 164 121 79 98 85 138 73 109 74 117 107 143 81 83 126 183 58 116 107 84 108 115 82 41 131 61 148 133 65 151 97 142 151 77 83 41 120 171 83 54 126 124 
127 137 71 19 173 83 35 82 142 90 74 84 79 61 122 85 95 152 110 61 104 60 124 67 97 74 166 95 51 137 58 160 143 189 73 121 84 137 13 113 111 70 44 64 116 110 100 30 107 128 61 59 153 68 37 47 133 117 111 100 107 107 106 38 112 89 117 59 129 113 88 86 119 78 109 145 83 17 122 41 138 101 93 96 122 162 109 120 57 147 52 68 93 151 55 81 124 116 145 88 82 132 90 142 83 165 137 96 101 111 154 41 133 200 101 21 126 84 75 20 75 98 159 149 46 105 19 135 
58 151 175 84 90 55 109 171 162 155 124 113 85 113 88 58 89 102 85 72 54 178 116 111 89 110 86 181 159 32 48 49 176 104 99 77 102 155 102 74 105 141 62 80 60 172 155 112 136 112 124 61 103 69 98 147 56 138 91 59 162 119 74 177 45 97 168 83 97 35 143 45 162 53 143 144 97 57 44 118 150 72 172 93 106 78 127 23 89 125 60 41 109 133 141 107 148 75 75 156 115 68 126 40 102 141 111 49 104 100 74 49 65 101 174 107 108 88 83 72 41 87 169 81 43 102 105 65 
127 96 109 84 49 86 131 149 187 161 111 59 107 167 169 143 81 145 139 117 135 69 125 170 79 42 77 93 96 174 99 176 117 143 128 123 151 166 6 100 115 117 152 178 24 108 97 137 53 77 55 83 127 61 94 59 30 97 109 180 86 11 73 129 175 180 137 103 68 115 39 136 136 75 126 110 51 177 79 170 129 23 100 124 123 67 101 97 127 91 143 192 106 116 116 155 161 83 70 52 87 118 100 131 101 67 86 162 123 85 160 83 151 21 107 158 103 123 190 107 116 47 77 31 92 24 118 74 
57 95 111 146 113 100 137 69 25 66 92 137 160 96 61 67 97 89 65 123 94 55 64 99 78 130 114 170 137 66 31 119 116 73 152 67 67 144 108 141 137 66 140 121 127 102 84 121 131 71 139 122 132 157 112 72 86 26 38 73 121 51 131 66 124 37 105 101 167 62 112 100 118 151 125 25 60 118 76 130 106 83 135 67 97 177 130 100 73 127 95 172 76 90 118 85 76 61 124 124 123 113 73 80 63 113 158 93 94 150 22 107 97 126 108 103 148 135 148 188 55 97 72 101 125 28 94 14 
130 108 31 124 18 59 84 150 103 101 79 116 124 59 17 168 114 103 155 134 52 109 112 33 46 118 133 82 127 40 28 151 84 116 96 54 102 27 96 109 47 64 184 57 118 93 151 85 159 31 142 96 185 63 84 96 101 87 73 110 37 79 123 7 128 40 87 148 96 104 147 122 47 111 148 73 48 83 38 58 75 103 124 111 44 136 102 121 152 166 73 149 142 100 53 121 131 68 148 122 91 60 148 101 135 109 130 167 91 178 126 105 142 84 88 123 135 4 63 166 138 67 126 93 154 70 34 87 
44 101 56 127 104 79 143 126 175 120 111 83 123 42 94 126 163 131 43 94 153 87 95 150 115 76 108 33 147 41 52 62 125 167 96 71 95 130 103 124 96 69 94 44 54 51 131 104 65 133 100 95 22 66 129 80 67 96 136 110 169 53 110 101 83 119 100 10 178 175 132 151 93 44 92 81 140 60 77 53 170 102 46 116 49 34 87 89 134 87 173 52 103 105 107 185 166 69 136 115 72 81 100 155 79 140 91 44 59 146 77 145 151 75 83 190 148 63 144 112 102 37 163 90 145 155 32 108 
110 86 97 131 102 56 127 131 108 47 60 87 30 138 82 99 144 146 178 179 100 104 135 139 99 95 105 75 66 118 48 127 146 123 156 70 102 66 24 28 64 173 137 126 119 119 102 103 90 131 93 38 22 65 95 75 99 74 172 110 66 89 66 4 121 86 77 142 56 131 91 84 82 52 82 94 117 104 72 148 88 104 105 102 69 108 172 41 40 115 85 30 109 117 189 73 90 129 148 119 121 108 108 89 77 50 100 108 118 87 45 122 77 20 72 107 188 166 112 26 77 83 138 55 93 93 166 130 
58 88 72 140 117 138 102 110 111 75 61 46 159 161 118 151 90 88 47 41 118 60 142 154 85 128 145 100 115 121 179 90 106 98 63 107 87 12 16 97 98 55 29 67 149 132 95 180 138 59 99 136 90 56 20 146 122 99 117 149 82 33 71 122 69 156 99 119 171 145 109 56 118 121 110 70 105 119 85 78 159 99 36 124 77 88 40 80 97 52 47 109 104 67 50 91 56 137 12 146 84 101 133 107 66 99 85 124 170 131 120 178 83 75 41 116 55 138 102 77 8 163 97 95 10 144 115 140 
114 61 126 73 85 29 39 71 95 139 91 73 51 152 37 124 134 43 89 60 74 123 115 118 19 124 160 36 59 67 158 154 66 116 70 86 96 129 38 172 120 89 118 158 99 81 105 94 139 141 89 77 55 132 74 80 123 139 47 42 50 59 95 122 87 110 134 101 105 100 21 129 108 47 44 113 160 135 98 115 2 92 39 48 117 128 123 86 12 120 85 52 161 134 106 45 141 90 99 144 113 138 58 165 131 81 146 76 64 122 146 170 41 98 87 47 97 67 37 83 163 190 134 104 147 182 168 181 
55 35 62 112 139 116 117 162 154 135 132 101 142 91 105 93 126 94 121 31 32 136 24 75 83 56 78 129 147 114 145 15 83 114 151 173 153 147 156 145 150 116 128 128 133 94 91 59 144 183 81 71 121 177 104 170 23 97 187 43 92 108 55 126 72 80 116 91 58 107 69 72 39 3 87 153 155 101 117 128 92 72 177 125 112 80 74 101 66 75 161 30 63 133 177 79 64 55 100 143 113 78 80 118 72 125 77 69 56 85 173 188 120 159 169 77 72 126 163 138 97 134 178 110 117 47 181 138 
83 134 114 27 52 111 119 112 154 86 25 127 149 85 46 119 63 84 122 34 52 80 135 51 188 32 129 65 170 167 79 73 87 58 138 93 97 183 38 113 37 134 93 22 91 119 70 142 140 115 94 122 63 97 167 40 80 124 126 73 184 41 181 36 113 41 188 96 39 66 135 165 61 68 129 36 57 90 130 77 160 104 108 110 43 141 25 170 130 24 135 96 128 85 166 169 163 136 167 105 91 68 125 65 148 54 140 140 53 139 119 28 171 149 81 31 101 93 90 55 95 104 110 150 119 177 83 41 
46 95 35 129 36 150 96 98 110 101 167 86 144 162 91 179 139 139 90 107 118 65 106 122 21 70 85 105 169 43 139 94 43 71 99 30 107 48 118 124 112 82 114 87 73 81 69 63 98 21 114 85 156 114 176 73 129 158 150 104 78 112 109 83 128 126 138 59 121 57 129 127 68 117 165 169 146 144 90 73 117 108 43 49 128 16 95 111 155 31 46 120 121 78 169 143 115 138 152 177 132 147 101 12 12 99 116 102 91 167 58 117 83 46 43 92 125 154 145 93 10 147 117 119 156 120 106 35 
178 186 115 70 95 153 90 69 55 105 120 110 87 81 114 117 108 92 107 178 96 92 33 76 92 128 140 48 146 43 108 136 114 93 81 85 145 66 121 113 157 106 91 61 78 74 178 124 97 111 105 56 112 89 156 96 37 13 48 124 92 36 100 46 53 73 84 109 88 157 60 58 141 128 123 79 114 84 78 126 158 159 137 107 108 37 173 164 171 154 26 75 149 134 150 183 99 36 108 90 179 90 134 80 57 198 117 153 155 127 145 117 54 105 102 24 28 70 155 93 144 182 47 177 120 124 172 81 
50 91 96 73 166 84 135 30 100 95 100 104 132 128 139 69 110 51 115 98 78 79 141 141 155 139 41 33 70 159 65 73 86 66 128 52 144 91 138 152 167 72 30 116 166 126 69 150 156 83 135 29 67 150 117 116 143 134 84 45 65 40 104 174 164 120 71 120 95 102 134 101 20 87 88 133 13 71 43 113 95 132 142 159 38 129 104 70 57 88 128 90 153 68 115 176 97 29 52 120 164 99 111 66 139 158 125 138 155 93 116 134 126 19 105 118 94 34 32 166 115 168 181 83 106 172 46 79 
74 108 145 122 182 83 57 178 61 145 69 152 116 86 136 107 43 141 51 153 123 24 135 168 132 115 98 69 64 126 118 68 129 66 133 59 118 57 123 88 26 111 152 112 55 48 124 105 147 124 92 94 92 61 117 137 183 140 94 73 89 59 140 131 140 121 94 113 124 115 105 171 167 116 95 116 55 35 78 155 57 169 121 87 143 98 163 26 100 139 130 113 98 87 137 18 157 47 139 156 128 149 158 58 125 40 91 117 112 143 36 155 124 135 65 74 14 87 108 130 140 181 138 41 35 81 79 188 