32
4 7 1 6 5 7 4 6 1 6 6 5 7 8 3 4 3 3 4 7 7 1 8 3 10 10 6 7 3 7 4 2 
6 10 5 1 3 1 8 7 6 5 5 1 3 10 4 1 6 5 5 7 3 8 2 6 4 9 10 7 9 2 10 7 
7 9 6 9 2 10 7 1 4 5 10 10 7 9 5 7 1 7 2 8 4 9 4 4 6 7 5 10 4 8 1 3 
10 2 1 2 9 5 4 3 2 2 7 2 1 3 4 4 5 2 1 5 7 6 8 3 1 4 1 10 7 6 10 2 
6 1 4 9 3 6 7 8 8 7 1 2 4 1 3 7 4 7 2 5 3 4 2 5 8 4 6 7 9 1 10 9 
2 2 5 9 9 2 6 5 10 9 3 1 1 4 8 8 10 5 6 10 2 9 9 5 4 9 9 4 8 7 9 10 
1 3 3 9 5 5 9 1 7 10 7 10 7 1 10 9 3 7 3 2 6 2 8 10 3 6 1 7 10 2 8 8 
3 2 10 7 3 10 4 6 1 5 8 6 3 9 7 1 4 8 1 4 2 7 1 3 9 2 10 2 8 2 7 1 
4 2 10 3 1 3 4 2 5 6 10 3 4 7 5 1 4 5 5 1 4 6 6 10 5 5 4 1 5 10 2 4 
5 7 9 7 1 4 9 1 6 5 6 8 7 8 3 6 8 9 1 5 1 9 9 5 9 6 8 9 4 7 8 4 
10 4 8 7 2 10 7 4 9 9 5 2 1 7 7 2 9 1 1 4 7 7 3 10 9 4 3 3 2 4 9 5 
4 4 2 7 5 7 3 7 4 5 1 8 4 9 5 8 8 2 4 10 8 2 5 1 3 4 6 7 8 9 6 7 
5 2 5 6 1 9 7 7 1 9 8 7 2 2 9 1 7 8 8 2 6 3 5 2 9 6 6 8 2 10 2 8 
8 2 2 6 2 5 4 10 2 6 2 6 4 6 4 2 9 9 10 7 10 9 5 9 5 9 7 6 8 10 7 9 
1 6 4 2 8 5 8 5 8 9 4 1 9 8 1 5 6 2 8 10 3 3 7 6 3 10 1 8 5 1 6 5 
2 10 5 7 8 5 9 6 8 4 10 10 1 4 10 7 8 3 7 4 9 2 9 2 1 6 3 8 7 1 3 5 
7 5 8 8 9 10 1 8 9 5 10 8 10 6 3 5 8 6 5 9 9 7 9 3 4 6 2 6 4 3 3 4 
4 3 5 8 4 6 6 10 5 6 4 2 3 2 1 1 9 4 10 8 10 10 8 3 4 1 1 4 5 10 5 5 
7 2 4 5 10 4 2 8 9 9 6 2 1 3 4 8 4 6 2 10 10 8 8 9 4 9 1 10 9 3 1 4 
4 10 10 4 1 6 4 1 1 1 4 10 9 3 2 10 2 7 8 4 3 8 6 4 10 10 5 7 9 3 2 9 
8 1 4 7 4 2 8 6 4 4 3 10 9 2 8 5 4 1 9 8 7 4 7 9 1 10 9 9 6 7 2 8 
2 9 7 2 3 2 7 7 1 5 5 6 6 3 9 8 6 6 2 2 9 3 1 10 5 7 1 10 4 9 5 5 
1 6 3 6 6 2 2 4 10 4 7 2 8 2 7 4 6 10 5 3 3 10 3 9 8 10 7 7 2 9 7 7 
3 1 4 5 7 3 6 9 7 2 4 6 3 8 9 7 3 9 2 4 6 3 2 9 3 2 6 4 10 9 3 7 
4 2 8 6 8 5 10 1 1 1 5 1 1 6 9 1 2 5 4 10 2 9 3 9 3 10 6 10 3 7 3 9 
5 4 7 10 10 7 10 3 5 1 8 8 2 5 4 9 8 8 5 1 1 9 4 7 2 3 7 9 10 1 2 7 
1 7 10 6 9 9 10 10 6 1 10 6 5 5 6 2 9 9 1 8 5 5 2 5 6 5 5 6 3 7 8 1 
7 1 10 10 6 5 6 4 3 6 7 9 8 9 7 10 6 4 4 3 1 3 4 8 5 3 7 4 10 4 4 10 
8 4 1 7 6 5 2 2 6 9 1 3 7 10 3 10 9 2 5 5 3 9 6 7 8 2 5 6 5 10 3 5 
2 2 7 3 10 6 9 8 3 9 3 6 5 2 5 9 10 3 7 7 6 2 9 2 10 7 1 8 1 8 6 1 
4 9 1 5 1 8 8 8 8 6 6 3 1 6 7 6 8 9 7 7 7 10 8 7 7 4 5 10 9 1 8 4 
6 4 3 7 1 7 4 7 3 7 10 3 3 7 7 7 1 6 9 5 8 7 1 5 1 7 5 5 9 3 8 1 
194 58 116 132 139 95 157 107 137 150 121 122 175 40 129 101 32 171 92 108 95 31 125 131 157 141 34 113 61 153 154 109 
58 88 136 60 26 93 132 162 155 91 94 60 43 187 169 129 67 118 44 112 109 101 128 65 54 101 147 120 87 72 131 47 
116 136 74 29 35 115 34 127 99 97 92 123 101 145 49 94 109 83 27 116 105 130 47 136 35 79 65 83 20 96 96 119 
132 60 29 82 124 103 94 142 99 66 114 58 82 104 172 90 121 192 136 89 135 149 69 65 46 104 90 114 125 126 146 132 
139 26 35 124 46 109 65 69 60 157 115 75 136 91 52 109 88 135 62 51 107 105 156 67 130 118 123 52 59 99 97 143 
95 93 115 103 109 186 151 96 98 114 148 131 124 50 61 27 104 67 101 152 151 144 104 68 177 76 97 177 31 30 14 135 
157 132 34 94 65 151 10 183 41 106 71 189 99 25 107 101 137 121 85 42 146 115 103 25 84 62 51 65 24 98 113 87 
107 162 127 142 69 96 183 10 103 101 129 61 59 92 99 173 173 152 135 78 41 73 70 81 93 116 69 180 120 166 115 115 
137 155 99 99 60 98 41 103 106 99 102 162 142 72 130 182 79 109 23 125 50 121 97 105 96 89 57 78 49 181 143 45 
150 91 97 66 157 114 106 101 99 28 135 109 116 165 103 136 47 71 29 144 45 99 104 57 110 133 57 85 91 106 156 88 
121 94 92 114 115 148 71 129 102 135 198 116 134 168 76 72 74 154 136 86 48 118 145 62 143 84 160 101 35 59 42 42 
122 60 123 58 75 131 189 61 162 109 116 112 55 134 55 118 112 91 97 80 125 103 54 74 120 123 150 79 127 113 160 129 
175 43 101 82 136 124 99 59 142 116 134 55 162 123 140 95 111 157 57 121 167 31 66 164 122 86 118 168 52 79 159 81 
40 187 145 104 91 50 25 92 72 165 168 134 123 166 116 37 165 169 115 108 86 74 72 67 115 152 71 117 109 136 72 63 
129 169 49 172 52 61 107 99 130 103 76 55 140 116 52 109 94 88 175 99 118 142 86 127 153 41 99 81 130 63 86 148 
101 129 94 90 109 27 101 173 182 136 72 118 95 37 109 120 100 93 196 158 43 72 109 125 31 69 94 75 34 87 36 93 
32 67 109 121 88 104 137 173 79 47 74 112 111 165 94 100 52 132 137 100 37 94 149 105 157 158 37 49 57 150 109 80 
171 118 83 192 135 67 121 152 109 71 154 91 157 169 88 93 132 64 119 136 56 76 52 55 55 124 142 107 83 141 81 121 
92 44 27 136 62 101 85 135 23 29 136 97 57 115 175 196 137 119 172 154 111 54 183 149 84 67 107 155 97 173 91 60 
108 112 116 89 51 152 42 78 125 144 86 80 121 108 99 158 100 136 154 152 35 93 90 99 50 118 90 107 161 94 145 158 
95 109 105 135 107 151 146 41 50 45 48 125 167 86 118 43 37 56 111 35 104 77 116 102 111 177 81 183 89 146 93 171 
31 101 130 149 105 144 115 73 121 99 118 103 31 74 142 72 94 76 54 93 77 90 102 141 72 149 117 48 102 100 62 136 
125 128 47 69 156 104 103 70 97 104 145 54 66 72 86 109 149 52 183 90 116 102 44 101 162 37 99 107 109 131 111 153 
131 65 136 65 67 68 25 81 105 57 62 74 164 67 127 125 105 55 149 99 102 141 101 170 60 112 39 84 44 40 121 52 
157 54 35 46 130 177 84 93 96 110 143 120 122 115 153 31 157 55 84 50 111 72 162 60 48 43 108 115 47 138 70 82 
141 101 79 104 118 76 62 116 89 133 84 123 86 152 41 69 158 124 67 118 177 149 37 112 43 16 81 27 139 74 114 78 
34 147 65 90 123 97 51 69 57 57 160 150 118 71 99 94 37 142 107 90 81 117 99 39 108 81 124 142 147 182 160 177 
113 120 83 114 52 177 65 180 78 85 101 79 168 117 81 75 49 107 155 107 183 48 107 84 115 27 142 192 144 108 48 151 
61 87 20 125 59 31 24 120 49 91 35 127 52 109 130 34 57 83 97 161 89 102 109 44 47 139 147 144 2 55 142 67 
153 72 96 126 99 30 98 166 181 106 59 113 79 136 63 87 150 141 173 94 146 100 131 40 138 74 182 108 55 198 38 95 
154 131 96 146 97 14 113 115 143 156 42 160 159 72 86 36 109 81 91 145 93 62 111 121 70 114 160 48 142 38 10 57 
109 47 119 132 143 135 87 115 45 88 42 129 81 63 148 93 80 121 60 158 171 136 153 52 82 78 177 151 67 95 57 124 