32
3 1 8 3 2 7 2 4 4 2 6 9 5 10 2 8 7 6 6 3 7 5 9 2 1 4 8 4 5 6 1 8 
8 6 5 7 5 4 7 9 4 1 10 8 9 8 3 8 8 4 4 5 6 10 4 2 5 6 10 9 4 10 6 7 
6 1 5 3 8 10 5 10 3 1 3 6 2 1 6 6 8 1 2 7 9 5 8 2 9 6 8 1 10 2 10 3 
5 5 1 6 3 5 3 8 6 8 7 8 6 6 9 6 8 2 1 4 9 7 4 6 8 5 9 8 1 4 10 8 
1 1 3 1 9 4 4 2 7 5 2 3 5 5 3 9 9 10 8 9 1 9 4 9 6 6 9 4 10 9 5 2 
9 6 3 7 3 1 10 3 6 6 5 9 10 7 4 8 5 3 8 7 3 3 5 9 9 7 3 4 8 4 2 3 
6 9 2 10 5 1 4 1 6 2 9 4 1 2 5 6 10 3 10 3 3 9 2 8 8 9 2 2 10 9 10 9 
3 8 8 10 1 6 9 4 2 6 2 1 3 7 1 9 4 4 4 8 4 6 1 2 7 3 7 1 9 1 2 4 
8 3 8 4 3 9 9 8 2 6 3 8 8 2 8 6 10 7 6 9 7 6 7 5 6 10 10 2 8 10 3 3 
2 7 1 9 4 10 9 3 1 7 5 7 9 5 10 7 4 10 3 9 9 7 5 1 8 8 6 2 7 7 2 7 
7 8 10 7 9 6 5 2 10 1 5 2 5 4 2 3 4 10 6 8 9 7 7 6 6 7 6 8 9 10 2 9 
6 4 6 1 5 4 5 1 1 10 4 4 7 3 6 7 7 3 3 9 9 8 1 10 8 7 6 10 5 4 9 2 
3 5 1 6 7 10 5 1 1 3 5 1 6 4 4 7 10 10 4 7 10 5 6 10 2 1 1 2 8 3 6 5 
7 3 9 10 10 4 1 4 1 10 3 2 2 7 5 5 10 9 5 4 7 5 3 2 7 8 6 6 9 9 7 1 
10 4 6 5 1 5 10 2 7 8 6 3 7 5 10 8 10 1 2 4 2 8 7 6 5 2 2 6 10 4 10 1 
10 8 2 4 9 2 9 10 2 6 5 7 1 2 1 1 8 5 5 9 2 5 2 5 3 10 7 10 1 8 3 4 
9 3 2 9 7 5 2 8 4 1 7 6 5 2 1 6 10 9 4 8 10 1 10 6 1 5 6 8 9 1 5 7 
3 7 4 2 2 5 4 1 8 3 1 7 2 7 9 2 7 2 9 1 1 6 5 7 8 4 6 1 5 5 7 8 
10 10 8 8 2 5 4 7 9 8 6 3 9 8 1 5 9 9 9 5 3 7 9 9 6 7 9 3 4 5 9 6 
5 10 1 10 1 8 9 7 5 5 4 5 10 9 3 2 7 9 2 7 1 5 6 1 3 8 3 10 9 9 9 4 
1 4 7 6 6 8 1 5 6 7 7 4 6 5 6 3 5 7 9 9 5 8 6 5 6 5 6 8 10 9 10 2 
8 9 1 2 9 5 10 4 2 10 5 6 6 10 3 10 4 9 9 6 6 6 7 3 1 7 5 2 8 10 1 2 
5 3 10 2 5 7 8 4 1 4 10 10 9 6 9 9 10 4 10 9 2 7 6 1 5 3 4 2 3 6 2 3 
8 3 4 5 9 2 3 1 1 2 9 3 1 10 6 9 3 4 10 2 10 1 10 8 7 8 3 6 4 7 3 3 
10 4 8 4 7 10 1 3 9 8 6 2 6 6 6 7 1 8 8 4 2 5 8 8 1 5 3 2 5 6 10 9 
8 8 7 1 6 10 8 2 3 5 4 3 1 3 1 3 4 9 4 7 8 7 1 10 5 10 1 9 7 4 10 9 
5 1 7 4 3 8 9 3 10 1 7 1 2 10 2 1 10 7 3 6 5 6 4 2 8 4 3 2 7 3 2 1 
4 8 4 8 5 6 9 4 10 1 4 9 3 2 10 6 9 3 8 10 3 2 6 10 8 9 5 1 7 7 2 6 
10 3 1 9 5 2 3 6 2 4 1 1 5 3 2 9 10 1 10 6 7 7 8 7 10 2 5 6 6 6 1 8 
7 7 8 7 6 8 9 2 8 3 5 1 8 2 1 9 9 5 6 4 10 10 5 7 4 8 4 6 6 7 6 7 
4 8 9 7 2 5 1 4 6 1 10 2 9 3 2 9 5 8 7 2 3 8 1 8 6 5 4 6 9 9 4 4 
10 8 6 10 9 9 6 8 5 7 4 5 2 9 2 1 2 9 1 6 6 5 9 10 7 2 7 4 5 8 7 10 
144 62 113 149 50 43 170 109 124 141 148 18 79 102 134 146 143 141 147 114 78 108 126 85 96 168 170 133 114 37 91 13 
62 68 127 174 181 37 78 123 69 58 167 97 147 105 187 160 43 75 61 131 68 80 150 136 52 28 97 131 178 139 117 106 
113 127 174 124 100 142 84 98 182 134 192 26 108 63 131 112 65 168 106 115 142 97 60 77 83 144 93 137 88 119 26 52 
149 174 124 118 17 63 127 88 153 156 137 110 78 59 67 81 38 168 28 27 79 120 91 51 180 110 32 120 120 120 109 43 
50 181 100 17 62 35 44 110 33 53 99 69 128 99 153 59 104 148 76 145 34 141 135 28 115 32 80 104 23 84 61 107 
43 37 142 63 35 16 70 155 63 98 56 102 30 26 16 94 99 87 152 103 182 66 110 102 92 135 54 71 84 27 70 77 
170 78 84 127 44 70 98 173 162 103 108 93 67 131 168 131 99 183 147 130 94 20 97 40 99 66 151 76 56 132 90 39 
109 123 98 88 110 155 173 118 40 167 106 75 31 188 139 170 62 87 92 140 124 131 61 125 36 140 26 70 137 120 69 77 
124 69 182 153 33 63 162 40 162 147 132 119 129 146 120 110 147 69 128 111 29 80 3 172 152 90 55 158 182 48 98 35 
141 58 134 156 53 98 103 167 147 178 145 87 131 87 73 128 186 109 150 159 88 139 37 147 61 135 81 108 46 119 86 93 
148 167 192 137 99 56 108 106 132 145 46 159 40 133 83 22 101 49 74 118 78 149 113 54 41 112 133 141 71 151 70 73 
18 97 26 110 69 102 93 75 119 87 159 86 85 103 61 91 81 130 92 133 90 58 98 87 93 64 35 162 136 100 98 126 
79 147 108 78 128 30 67 31 129 131 40 85 74 79 166 97 122 165 108 16 84 91 60 91 91 91 133 64 104 104 99 170 
102 105 63 59 99 26 131 188 146 87 133 103 79 108 109 179 36 102 91 105 92 172 128 63 144 130 157 80 69 72 76 91 
134 187 131 67 153 16 168 139 120 73 83 61 166 109 90 26 123 100 126 89 90 119 91 91 97 93 81 39 70 163 44 117 
146 160 112 81 59 94 131 170 110 128 22 91 97 179 26 136 132 95 122 96 7 174 118 131 149 14 149 156 159 99 149 103 
143 43 65 38 104 99 99 62 147 186 101 81 122 36 123 132 104 29 98 131 76 68 45 96 121 50 158 156 124 79 86 164 
141 75 168 168 148 87 183 87 69 109 49 130 165 102 100 95 29 54 136 19 148 55 131 125 39 125 165 135 74 74 113 126 
147 61 106 28 76 152 147 92 128 150 74 92 108 91 126 122 98 136 40 162 59 170 70 42 73 79 158 29 87 163 165 108 
114 131 115 27 145 103 130 140 111 159 118 133 16 105 89 96 131 19 162 36 94 99 33 139 109 71 81 82 54 76 17 52 
78 68 142 79 34 182 94 124 29 88 78 90 84 92 90 7 76 148 59 94 186 145 98 110 78 101 98 21 61 97 43 105 
108 80 97 120 141 66 20 131 80 139 149 58 91 172 119 174 68 55 170 99 145 54 132 144 155 133 42 149 66 70 163 36 
126 150 60 91 135 110 97 61 3 37 113 98 60 128 91 118 45 131 70 33 98 132 106 156 46 141 105 78 32 70 123 107 
85 136 77 51 28 102 40 125 172 147 54 87 91 63 91 131 96 125 42 139 110 144 156 80 107 148 92 97 92 171 94 38 
96 52 83 180 115 92 99 36 152 61 41 93 91 144 97 149 121 39 73 109 78 155 46 107 182 54 87 124 137 92 183 117 
168 28 144 110 32 135 66 140 90 135 112 64 91 130 93 14 50 125 79 71 101 133 141 148 54 16 58 64 135 118 59 82 
170 97 93 32 80 54 151 26 55 81 133 35 133 157 81 149 158 165 158 81 98 42 105 92 87 58 174 88 159 97 120 77 
133 131 137 120 104 71 76 70 158 108 141 162 64 80 39 156 156 135 29 82 21 149 78 97 124 64 88 160 55 101 112 112 
114 178 88 120 23 84 56 137 182 46 71 136 104 69 70 159 124 74 87 54 61 66 32 92 137 135 159 55 50 98 107 94 
37 139 119 120 84 27 132 120 48 119 151 100 104 72 163 99 79 74 163 76 97 70 70 171 92 118 97 101 98 198 164 12 
91 117 26 109 61 70 90 69 98 86 70 98 99 76 44 149 86 113 165 17 43 163 123 94 183 59 120 112 107 164 34 76 
13 106 52 43 107 77 39 77 35 93 73 126 170 91 117 103 164 126 108 52 105 36 107 38 117 82 77 112 94 12 76 6 