32
94 27 7 97 36 64 89 32 18 52 48 55 74 14 83 79 100 56 20 86 26 73 57 51 98 56 93 13 72 38 100 40 
19 86 90 88 86 36 76 45 51 30 53 79 48 48 25 2 55 71 57 91 29 48 53 29 27 43 88 61 85 89 21 71 
29 60 84 17 16 55 94 25 91 50 93 10 9 58 11 97 32 87 8 63 57 89 45 59 25 76 89 45 11 52 55 47 
72 34 35 53 73 31 3 53 97 92 38 44 93 75 19 42 26 8 46 97 32 86 49 91 81 96 11 63 74 13 44 67 
42 53 94 66 37 81 9 23 57 63 18 59 43 67 73 3 76 85 35 2 75 93 75 20 94 76 59 96 43 92 97 52 
89 8 35 54 36 34 24 99 14 94 43 58 32 22 11 25 8 38 32 24 100 3 66 84 57 41 52 43 96 89 93 28 
9 41 36 94 42 97 75 3 78 73 54 33 8 84 16 20 59 84 30 35 62 49 95 96 37 67 11 33 32 94 25 90 
7 83 95 65 8 94 48 31 21 23 24 63 63 52 15 99 18 29 74 34 92 19 87 11 12 56 66 58 88 19 54 15 
56 79 96 57 52 96 22 71 1 37 88 81 67 95 88 96 52 81 55 58 61 36 38 53 15 93 5 11 39 66 62 14 
90 27 22 18 43 51 86 16 80 54 72 68 97 18 65 24 91 32 20 15 11 68 30 28 30 23 8 42 13 48 77 60 
94 33 92 29 44 25 6 78 93 36 67 30 15 77 70 87 5 72 84 86 86 71 73 75 14 58 25 9 13 20 32 16 
58 76 91 98 91 47 62 13 9 73 4 11 6 89 38 48 45 19 18 36 27 73 67 74 97 73 7 59 58 2 24 35 
3 77 70 53 75 45 20 29 62 49 37 79 35 48 21 38 14 98 89 27 20 4 65 33 71 34 17 57 100 94 67 58 
8 36 31 32 8 86 92 1 51 13 15 20 59 83 15 79 31 80 70 30 28 35 71 75 19 78 30 73 52 94 41 54 
45 3 54 10 54 83 70 28 19 26 24 15 95 82 35 73 83 43 55 76 6 71 34 68 19 67 81 88 98 28 50 81 
33 29 32 26 11 64 15 88 61 48 23 21 55 77 75 60 10 5 69 14 81 42 72 14 17 72 2 77 8 11 36 53 
13 97 68 98 89 79 98 13 68 82 28 13 14 85 79 79 49 81 76 78 60 7 47 45 10 96 89 35 16 95 46 83 
70 5 38 3 96 42 94 87 61 54 28 39 6 83 48 95 70 22 32 99 64 58 85 88 100 12 81 58 7 4 8 41 
81 14 64 5 88 2 95 100 69 12 3 78 56 90 54 30 80 53 54 71 69 43 49 86 31 77 25 11 35 20 33 70 
95 13 79 95 93 84 69 90 61 31 26 19 18 71 56 33 20 12 86 67 36 73 59 48 32 10 4 10 12 91 50 53 
52 83 17 91 20 12 89 87 14 71 53 92 1 48 23 40 23 52 51 51 100 91 57 8 41 21 89 43 45 25 37 35 
19 98 65 86 8 8 92 94 8 98 22 23 42 48 19 29 13 73 84 75 32 5 91 76 81 70 2 73 99 89 20 72 
4 25 86 4 35 42 74 56 95 2 35 59 10 75 37 81 83 1 63 31 43 17 88 30 47 65 31 23 32 90 25 16 
53 14 87 55 46 91 86 10 93 65 73 40 47 68 90 60 99 87 60 92 39 60 94 70 37 25 52 74 13 33 7 92 
89 25 54 71 30 60 51 19 74 31 62 36 93 21 100 23 11 73 21 76 59 14 44 60 17 75 19 51 62 41 63 54 
93 84 77 13 65 21 5 24 39 25 30 74 25 78 53 86 84 45 44 29 25 6 24 87 17 79 67 56 30 56 18 96 
14 1 28 65 65 67 58 40 33 33 22 85 74 83 87 71 40 49 22 12 19 60 85 89 82 44 61 27 74 20 9 70 
20 52 22 94 69 37 95 30 56 52 78 40 54 50 52 4 68 25 75 52 7 77 82 56 46 87 86 55 71 3 22 64 
37 92 48 99 28 22 74 63 42 29 95 3 27 25 35 83 7 86 24 83 44 5 62 38 16 68 83 83 87 90 15 20 
11 84 74 77 60 5 85 42 78 51 86 40 84 68 1 60 83 94 21 34 19 23 88 92 55 31 10 76 2 91 87 81 
32 75 15 68 19 96 6 38 5 56 78 99 18 81 35 38 72 18 62 78 41 88 41 23 84 98 46 98 50 85 95 21 
87 28 99 84 72 73 18 70 54 44 40 54 31 17 47 44 38 58 52 71 61 69 7 15 76 10 72 86 15 57 11 16 
126 90 96 132 123 117 115 84 135 69 168 109 99 103 73 118 164 28 103 151 80 146 156 98 109 48 73 113 133 87 81 104 
90 186 62 170 112 105 146 35 150 173 38 146 133 57 68 93 136 60 129 41 63 102 127 118 77 127 64 64 163 96 102 136 
96 62 154 71 112 93 113 122 77 148 80 109 104 82 156 125 57 132 95 117 100 78 175 100 160 113 118 115 67 184 117 190 
132 170 71 98 82 115 73 158 62 68 72 38 70 99 172 133 119 116 93 71 37 86 85 101 52 85 28 32 98 119 48 95 
123 112 112 82 200 147 82 111 136 97 138 117 95 177 139 167 52 72 99 91 41 37 67 93 142 61 124 69 159 107 97 98 
117 105 93 115 147 50 124 74 94 86 101 67 153 116 141 91 153 34 79 159 90 168 65 195 77 106 139 29 87 78 127 166 
115 146 113 73 82 124 142 152 96 73 101 50 159 105 120 28 165 166 50 107 89 88 186 29 122 73 141 84 8 69 136 122 
84 35 122 158 111 74 152 76 141 68 66 101 170 74 75 72 31 104 58 67 103 84 100 51 114 167 96 108 60 98 69 91 
135 150 77 62 136 94 96 141 160 119 120 149 100 127 85 64 98 55 165 121 119 120 112 41 44 112 90 137 40 155 24 162 
69 173 148 68 97 86 73 68 119 178 171 36 90 39 73 124 139 94 62 97 71 94 44 70 171 32 121 78 43 63 120 77 
168 38 80 72 138 101 101 66 120 171 76 103 99 15 99 130 127 50 33 73 107 123 105 63 76 53 60 112 42 150 59 102 
109 146 109 38 117 67 50 101 149 36 103 40 33 123 152 158 108 122 139 161 119 130 46 65 132 118 164 129 37 125 90 124 
99 133 104 70 95 153 159 170 100 90 99 33 94 77 109 17 149 101 65 96 155 40 74 94 127 161 124 171 92 75 113 96 
103 57 82 99 177 116 105 74 127 39 15 123 77 192 117 116 134 83 117 118 22 114 32 165 109 95 123 105 80 41 174 48 
73 68 156 172 139 141 120 75 85 73 99 152 109 117 194 52 36 115 55 71 156 120 61 132 118 164 45 123 55 2 53 134 
118 93 125 133 167 91 28 72 64 124 130 158 17 116 52 192 127 103 158 103 145 184 30 75 102 192 129 83 117 129 108 119 
164 136 57 119 52 153 165 31 98 139 127 108 149 134 36 127 164 77 77 95 56 104 105 108 72 137 92 71 99 25 125 71 
28 60 132 116 72 34 166 104 55 94 50 122 101 83 115 103 77 48 188 114 7 89 140 109 44 79 69 57 102 80 87 144 
103 129 95 93 99 79 50 58 165 62 33 139 65 117 55 158 77 188 160 137 134 136 152 118 133 77 57 79 126 169 100 38 
151 41 117 71 91 159 107 67 121 97 73 161 96 118 71 103 95 114 137 6 113 65 107 85 150 115 90 69 89 56 131 105 
80 63 100 37 41 90 89 103 119 71 107 119 155 22 156 145 56 7 134 113 4 110 190 63 90 77 108 113 121 99 163 54 
146 102 78 86 37 168 88 84 120 94 123 130 40 114 120 184 104 89 136 65 110 168 135 75 72 74 165 124 91 23 22 83 
156 127 175 85 67 65 186 100 112 44 105 46 74 32 61 30 105 140 152 107 190 135 96 170 54 57 119 63 174 89 102 51 
98 118 100 101 93 195 29 51 41 70 63 65 94 165 132 75 108 109 118 85 63 75 170 118 114 96 44 113 86 65 171 17 
109 77 160 52 142 77 122 114 44 171 76 132 127 109 118 102 72 44 133 150 90 72 54 114 74 123 98 137 109 95 115 40 
48 127 113 85 61 106 73 167 112 32 53 118 161 95 164 192 137 79 77 115 77 74 57 96 123 30 140 50 105 89 59 107 
73 64 118 28 124 139 141 96 90 121 60 164 124 123 45 129 92 69 57 90 108 165 119 44 98 140 6 144 105 112 42 100 
113 64 115 32 69 29 84 108 137 78 112 129 171 105 123 83 71 57 79 69 113 124 63 113 137 50 144 184 79 59 68 189 
133 163 67 98 159 87 8 60 40 43 42 37 92 80 55 117 99 102 126 89 121 91 174 86 109 105 105 79 136 132 155 139 
87 96 184 119 107 78 69 98 155 63 150 125 75 41 2 129 25 80 169 56 99 23 89 65 95 89 112 59 132 42 145 133 
81 102 117 48 97 127 136 69 24 120 59 90 113 174 53 108 125 87 100 131 163 22 102 171 115 59 42 68 155 145 144 134 
104 136 190 95 98 166 122 91 162 77 102 124 96 48 134 119 71 144 38 105 54 83 51 17 40 107 100 189 139 133 134 110 