128
3 7 3 10 10 9 1 1 2 8 2 7 8 1 4 4 7 9 9 9 5 6 2 3 2 8 7 4 3 2 1 5 1 1 1 3 8 10 10 8 4 9 4 7 7 10 4 8 5 8 7 9 1 2 1 7 1 2 1 1 6 2 8 5 4 8 9 10 4 5 3 3 10 7 1 10 4 3 5 8 1 5 4 2 10 4 1 7 9 1 3 3 2 2 2 4 8 4 10 5 7 9 7 2 4 1 3 6 4 3 1 6 2 2 8 3 2 3 8 3 1 10 8 4 6 4 3 10 
10 5 9 8 1 10 8 8 3 4 8 2 3 9 4 1 1 9 4 10 2 5 8 9 6 2 6 8 3 7 10 1 2 10 8 7 2 5 1 4 3 8 4 4 2 7 4 7 4 6 5 2 10 6 1 2 4 9 4 5 6 3 10 9 8 9 6 6 8 5 5 9 3 2 7 7 2 9 1 10 3 4 5 6 5 8 2 6 2 7 10 6 6 7 9 2 8 6 6 1 8 6 2 6 3 8 7 7 8 8 9 1 10 3 10 2 5 1 8 3 1 1 7 3 2 7 8 2 
10 8 6 7 6 5 8 2 10 2 2 1 7 3 2 8 9 9 9 2 6 6 1 5 3 1 1 4 5 10 4 6 2 8 10 9 3 4 8 7 1 4 3 5 1 5 4 1 10 3 3 4 6 8 4 10 3 5 1 1 6 10 7 8 1 2 8 6 4 8 2 6 9 2 3 7 3 9 3 9 8 9 7 1 5 8 8 9 9 1 10 4 3 3 2 8 4 8 5 3 2 1 3 3 10 9 10 4 5 5 10 7 1 7 7 3 7 4 10 6 2 5 5 9 6 2 4 5 
4 6 7 7 5 8 7 5 6 5 7 6 8 10 10 1 10 3 2 10 7 10 10 5 1 8 9 5 9 6 1 2 4 6 8 2 1 9 3 10 3 6 8 6 4 6 3 6 5 7 5 5 7 7 9 5 7 10 3 4 3 8 1 9 3 10 3 6 8 8 8 10 8 10 4 7 10 4 2 9 3 7 4 4 10 8 10 6 9 3 10 2 2 3 6 9 6 8 2 8 1 4 1 8 5 8 7 1 7 4 8 7 8 5 4 4 8 4 3 8 10 1 10 10 7 3 3 9 
2 5 7 4 7 10 2 10 5 1 10 7 1 7 4 9 8 2 1 9 8 10 6 8 3 7 5 7 2 6 8 7 9 5 10 1 3 5 8 6 8 7 10 5 9 8 10 5 7 5 8 10 1 9 7 3 1 5 5 5 7 7 1 9 10 3 2 2 5 8 8 4 6 10 1 8 4 2 5 9 1 10 10 4 8 10 1 3 1 4 8 2 9 9 1 1 1 2 5 3 5 4 7 6 3 4 1 1 3 8 7 1 8 1 8 2 10 5 4 1 2 5 4 6 3 10 3 5 
6 2 7 4 2 4 8 4 4 5 10 4 3 3 8 7 8 3 7 4 9 5 10 10 7 9 4 6 10 7 9 2 3 9 6 4 7 5 9 5 3 7 6 10 6 9 4 6 4 5 9 10 8 9 4 2 1 4 6 7 6 6 10 9 9 7 8 4 1 5 1 4 4 2 1 1 5 5 6 2 3 8 10 1 8 9 7 3 9 2 9 5 6 9 5 1 5 5 7 8 3 5 3 2 8 1 6 6 10 9 1 6 1 2 6 5 10 2 6 2 3 1 1 6 4 1 7 10 
5 4 6 7 3 2 10 1 1 1 5 2 7 3 6 3 4 4 3 6 2 5 1 10 6 9 1 8 8 4 1 5 3 8 10 10 4 7 5 3 6 8 3 7 7 9 6 5 2 2 7 1 3 10 8 10 3 9 9 6 4 9 5 10 6 8 6 10 2 6 5 7 7 10 4 5 8 8 9 10 2 1 3 4 2 2 2 10 4 8 10 3 8 4 6 6 8 4 4 7 5 9 8 7 10 1 9 3 5 5 1 3 3 8 8 8 3 6 2 9 9 6 3 2 5 1 8 6 
2 8 9 10 2 1 5 8 1 10 10 10 4 6 2 8 5 8 4 3 3 1 1 9 5 2 4 6 2 2 3 1 2 10 5 9 2 9 7 1 10 3 1 1 5 1 2 9 6 2 4 4 3 8 7 2 7 4 5 1 9 2 6 9 3 3 1 5 10 5 6 3 4 9 7 8 1 4 1 9 6 4 6 2 8 4 8 1 1 9 9 3 3 2 3 1 7 2 7 3 6 2 1 1 2 8 5 8 6 8 7 8 10 4 6 2 7 6 3 5 10 4 4 4 1 10 2 3 
2 1 7 10 7 2 7 4 9 4 5 7 7 3 8 8 9 8 5 8 8 6 7 3 7 5 4 1 10 5 3 10 6 7 5 3 7 8 2 3 7 6 8 1 3 6 6 6 7 9 2 2 3 7 10 7 2 8 2 8 1 4 2 4 1 1 8 1 1 6 6 7 3 1 3 3 9 9 9 1 3 7 1 2 5 5 6 5 1 7 2 5 7 1 9 6 4 2 2 3 4 3 2 1 8 1 8 4 1 3 6 10 3 3 3 2 5 10 1 2 1 8 1 4 6 7 10 5 
2 3 7 6 7 5 3 1 9 3 10 3 1 5 10 10 3 8 5 7 2 10 2 9 10 10 10 8 4 9 4 4 6 1 8 4 6 6 6 5 6 4 3 3 7 4 1 3 4 1 4 3 10 3 10 10 9 2 10 4 4 8 5 9 9 7 2 4 6 3 9 8 4 2 9 5 7 9 6 8 6 8 4 3 9 3 5 8 6 6 4 9 9 1 6 3 7 2 7 2 1 7 6 1 2 8 1 1 2 5 2 5 1 10 4 4 5 4 2 8 7 3 7 2 8 3 2 8 
6 6 7 6 2 10 5 5 9 5 10 7 4 1 6 7 9 1 9 3 10 3 8 2 8 9 3 2 5 7 1 10 3 5 5 10 10 1 4 4 3 5 4 3 5 2 2 7 8 9 6 3 2 6 10 2 4 1 1 2 1 3 10 8 1 2 10 9 9 5 4 4 10 5 4 7 3 7 8 9 1 5 5 5 10 9 1 10 2 2 3 3 3 10 3 9 10 6 8 5 10 3 3 9 10 8 8 1 4 3 3 6 3 2 4 7 4 7 8 7 6 5 5 5 5 3 8 9 
6 5 2 9 1 4 5 1 1 8 2 8 6 9 5 10 9 5 1 6 9 5 4 9 8 5 1 5 4 9 6 2 6 2 2 3 6 1 9 9 9 1 7 2 4 5 6 9 10 6 10 8 10 1 9 2 7 3 3 8 3 3 6 3 2 9 9 1 10 8 8 9 8 5 2 8 7 7 1 2 1 1 3 2 8 7 2 10 9 5 5 10 6 4 6 10 3 8 6 5 10 6 3 9 9 9 1 8 6 8 1 9 10 6 10 5 8 9 5 9 9 9 1 7 8 5 4 9 
6 6 9 6 2 10 8 1 9 2 6 9 3 10 3 10 9 10 7 10 8 5 8 5 3 7 1 6 6 6 2 9 7 6 1 3 9 10 2 1 4 5 5 6 2 7 3 3 3 4 4 1 7 6 5 3 4 6 5 10 8 8 4 5 1 7 2 2 4 9 8 4 3 5 9 8 7 2 6 6 4 9 4 10 2 9 10 2 2 10 8 2 9 1 5 6 10 4 5 4 10 2 9 9 1 6 9 5 9 6 3 6 10 4 2 7 10 2 5 6 6 5 6 10 8 3 2 3 
9 3 4 2 5 9 1 7 5 8 2 3 3 8 7 2 3 2 9 10 6 2 8 4 5 10 7 10 5 2 10 8 2 7 6 4 8 3 1 5 2 6 4 6 4 1 2 6 2 8 7 5 1 8 6 2 9 9 6 3 1 10 10 8 7 1 8 8 7 2 8 6 5 8 5 2 6 1 1 9 3 2 4 5 5 5 7 5 6 8 7 6 4 2 10 3 3 8 9 6 9 4 2 8 7 2 6 9 4 5 6 8 10 1 8 6 9 1 5 8 3 3 9 8 5 2 6 4 
6 1 3 10 9 9 1 6 9 5 8 4 10 10 7 5 10 1 3 2 10 3 9 1 7 3 6 8 4 7 3 3 3 5 7 7 7 6 10 2 7 8 4 10 4 7 5 3 10 1 9 4 1 1 6 9 7 8 1 10 9 10 10 9 6 7 4 8 7 8 2 3 10 2 6 1 8 10 5 5 7 8 10 10 5 7 3 3 9 5 6 3 7 6 8 1 10 5 3 6 10 8 1 7 10 10 8 3 9 8 9 6 9 7 6 3 4 5 4 1 3 7 8 4 3 8 4 10 
10 5 7 5 7 3 7 1 8 8 5 2 10 8 1 4 1 1 8 3 2 8 6 9 2 6 7 7 6 10 10 6 5 10 4 1 10 10 10 3 5 8 10 6 6 7 10 2 10 1 3 1 2 3 10 2 2 6 1 5 4 1 9 4 1 8 4 5 5 7 10 6 1 7 8 5 7 3 7 5 9 10 7 10 8 10 2 2 3 4 4 1 2 7 6 1 7 2 9 9 6 9 10 6 9 10 4 3 1 7 7 8 6 8 10 4 6 7 4 3 7 4 5 8 9 2 6 3 
8 2 3 10 3 7 3 5 3 8 4 5 8 7 1 2 10 1 8 1 4 6 2 9 10 9 9 9 4 6 1 4 9 10 9 9 3 10 8 8 9 4 5 3 3 3 10 7 4 4 1 2 7 3 6 2 3 3 8 8 9 5 4 4 3 6 5 2 8 1 10 10 6 10 7 10 6 9 6 10 4 10 5 2 7 8 9 9 3 10 6 1 5 10 8 1 10 6 3 5 8 1 5 1 9 4 3 4 10 7 1 1 1 9 5 9 5 4 10 7 7 3 9 6 10 8 2 8 
9 10 4 3 9 1 9 5 4 9 9 9 9 1 10 8 9 5 7 1 9 4 3 8 6 6 3 4 10 8 3 10 10 6 3 6 8 1 3 2 4 5 4 4 1 7 10 3 2 1 1 3 2 8 3 3 7 9 6 2 4 8 1 3 6 5 6 3 5 10 1 8 7 10 8 4 7 10 3 7 8 8 9 9 10 4 8 6 1 3 8 1 4 6 8 9 6 1 10 2 5 5 10 5 5 4 2 7 6 7 6 1 2 6 3 3 9 9 5 4 7 1 9 1 8 8 5 1 
3 2 3 10 3 10 5 1 9 10 2 7 5 7 4 10 7 2 3 8 8 2 6 4 3 7 7 10 8 9 5 7 10 5 6 10 7 4 7 10 7 4 4 8 7 1 1 9 4 6 6 6 2 3 6 5 3 10 10 4 7 7 7 6 4 7 6 8 10 7 3 5 1 5 3 2 1 4 5 6 2 10 6 8 3 1 6 1 6 2 7 7 1 3 4 5 8 6 5 3 3 9 1 10 3 8 6 8 10 7 8 6 9 1 1 7 7 4 2 4 6 4 4 9 3 8 6 6 
3 8 4 2 2 1 9 5 5 10 5 7 6 2 3 9 1 8 10 4 2 10 4 5 1 5 5 2 7 5 2 5 3 4 10 8 9 2 10 9 1 6 7 2 2 8 10 5 10 10 4 1 5 1 1 8 6 9 5 7 8 2 1 9 6 4 5 4 7 4 4 9 6 4 9 5 4 5 3 2 3 3 5 8 9 2 8 2 8 2 8 9 1 1 9 1 4 2 6 1 4 9 3 5 7 6 4 7 4 5 2 1 6 8 1 5 5 10 9 2 8 4 9 3 3 4 7 7 
1 5 5 5 2 8 2 10 9 3 6 10 3 4 8 1 4 9 5 1 6 7 5 2 8 5 8 1 1 2 2 8 1 6 9 9 10 5 10 7 10 8 4 7 8 3 6 2 7 1 5 2 4 9 1 3 5 9 1 1 2 8 4 6 2 4 2 6 3 7 7 8 5 4 10 5 4 4 5 7 3 1 2 1 4 5 10 1 1 1 10 2 6 6 9 1 5 5 4 8 6 3 2 9 7 9 2 6 9 5 2 8 5 4 9 10 7 10 9 2 6 5 1 4 3 7 8 6 
10 4 8 5 2 5 8 1 6 4 2 10 7 5 4 7 6 7 1 3 2 7 8 4 6 10 2 5 4 10 9 3 7 1 2 3 4 9 3 10 2 5 1 7 10 9 1 8 9 5 4 3 8 3 10 7 10 6 5 10 2 5 7 10 7 1 4 5 3 2 3 8 3 10 4 8 4 3 8 3 5 9 6 4 5 4 3 4 5 3 6 5 3 4 6 9 9 4 3 4 10 2 3 4 10 4 10 9 9 6 4 9 9 9 5 3 10 5 6 1 7 2 5 4 3 10 10 9 
10 6 2 2 7 2 10 1 10 10 10 9 8 5 9 8 3 10 5 6 6 4 10 8 6 1 2 9 4 1 9 5 9 4 5 4 1 8 3 4 4 5 4 9 7 10 7 4 10 5 6 9 7 10 7 1 8 5 3 6 6 1 4 9 4 8 4 10 7 3 2 3 9 6 5 8 1 4 9 5 1 3 3 4 2 4 2 2 5 1 9 4 2 5 6 5 9 7 7 6 6 4 3 7 3 10 3 9 7 3 1 4 8 1 9 10 10 9 6 10 7 2 9 1 7 2 7 9 
3 4 6 1 7 3 8 5 4 9 7 1 7 4 8 8 6 7 8 1 2 10 3 3 1 9 8 10 9 8 4 4 3 4 6 3 4 6 5 1 1 7 5 1 7 10 8 5 1 6 5 4 10 5 2 7 1 6 2 5 2 4 10 5 8 9 7 8 4 1 2 3 10 8 9 2 1 1 3 3 10 5 6 2 3 5 5 4 8 7 6 8 9 8 9 3 6 2 1 8 9 1 5 5 6 6 8 7 9 3 7 6 9 10 4 2 10 1 10 6 1 4 7 3 4 10 4 3 
8 7 2 1 10 2 6 8 6 5 3 7 10 4 4 10 5 5 7 3 7 1 9 4 5 3 10 8 7 2 10 1 7 9 1 2 7 1 3 9 7 2 1 4 4 10 1 3 10 9 6 10 1 2 9 7 2 5 8 3 3 2 1 5 10 7 5 7 1 4 8 7 9 5 8 5 2 7 8 4 5 5 7 6 8 1 5 5 10 8 7 5 1 8 1 9 5 9 2 9 7 2 7 9 1 1 6 3 4 9 10 6 6 1 7 7 5 3 4 6 9 3 4 1 6 5 7 7 
5 9 10 1 1 5 7 6 8 4 6 1 2 10 9 6 2 2 9 3 5 10 3 5 10 9 6 2 1 9 4 10 6 2 10 6 10 2 9 7 1 3 2 7 2 8 10 8 3 10 2 2 10 6 5 8 3 4 3 8 6 4 1 10 10 6 8 5 9 4 4 1 1 8 9 9 6 4 5 9 7 6 5 2 3 3 10 9 7 10 1 7 10 10 10 5 9 4 10 5 4 7 2 10 2 1 7 1 3 10 6 5 5 9 8 9 7 10 1 8 7 8 5 6 5 3 2 8 
4 1 8 9 3 10 8 8 9 8 7 1 4 6 9 8 5 7 9 8 1 3 2 8 1 2 9 1 6 1 9 9 3 7 9 2 5 7 6 8 5 2 3 8 5 5 8 3 4 5 9 6 4 7 2 1 4 6 6 5 6 1 3 2 1 6 2 3 8 6 7 7 9 9 6 4 10 3 4 5 9 3 2 10 8 3 7 10 1 9 2 6 2 7 5 6 6 2 3 4 3 2 9 5 3 1 3 3 1 7 8 5 1 9 7 6 9 5 6 9 9 9 5 9 6 10 6 2 
3 10 7 10 8 3 5 1 8 2 6 3 9 3 4 7 2 8 5 7 6 9 1 3 3 4 8 7 5 5 5 6 7 9 6 6 4 5 6 10 3 10 9 5 5 7 8 8 6 5 6 3 3 4 8 2 10 10 2 7 10 6 7 8 10 8 8 7 1 6 2 4 9 1 8 9 6 9 1 8 8 1 10 4 8 9 10 9 3 4 4 1 5 9 1 6 3 5 7 9 2 1 5 3 4 6 6 4 7 2 5 1 10 4 7 5 6 10 10 7 9 8 5 2 8 9 8 6 
6 3 10 1 6 2 3 4 2 9 9 8 9 8 3 9 10 5 9 5 1 9 2 8 5 1 8 2 10 7 2 3 5 1 10 2 5 4 1 9 7 3 6 1 6 9 9 8 4 10 1 4 5 3 4 10 3 3 3 4 3 6 9 1 10 5 6 3 10 1 1 7 5 8 1 7 7 3 6 8 8 9 10 9 1 3 2 1 1 8 2 10 6 6 8 2 2 1 8 2 2 1 4 3 7 1 6 6 8 9 9 3 2 10 5 1 6 9 1 9 6 1 4 7 8 1 8 5 
9 9 3 6 2 7 1 7 9 3 3 5 7 6 4 10 4 8 4 8 10 2 4 2 9 3 6 4 9 9 5 2 2 7 2 6 3 7 10 10 5 7 5 7 4 10 8 4 9 9 9 2 1 8 1 3 8 1 10 7 8 4 8 9 9 2 2 9 1 3 10 1 6 9 6 5 6 1 9 4 8 4 6 7 2 1 3 1 9 5 4 9 2 4 4 6 4 8 3 3 1 1 10 6 2 9 4 10 7 1 4 6 9 8 10 4 9 5 9 6 2 6 8 8 7 5 10 1 
5 3 2 5 5 5 2 10 7 4 6 1 10 1 1 6 6 5 9 4 7 4 6 10 10 1 5 7 6 7 8 7 3 8 10 9 4 6 10 2 6 4 10 5 10 10 5 6 5 6 5 7 7 7 1 10 4 4 8 2 8 2 5 6 6 3 10 6 4 2 3 3 2 3 10 8 10 1 10 7 1 4 1 8 8 4 5 8 10 6 7 8 2 7 1 5 4 1 2 6 8 4 10 1 10 1 9 3 6 2 9 4 6 4 9 3 8 1 7 2 1 6 10 8 6 6 3 9 
10 8 4 9 2 2 9 2 4 9 9 5 6 9 2 1 9 7 9 5 8 8 8 5 4 5 10 8 3 6 3 10 2 4 10 10 2 3 3 4 4 9 2 1 1 8 9 5 5 7 8 2 8 6 8 9 2 4 2 7 7 1 2 3 3 9 1 7 10 2 9 4 7 10 2 3 1 6 1 1 6 6 4 2 7 10 9 10 5 1 8 3 1 10 3 5 7 10 7 6 1 1 10 5 5 2 8 9 2 4 8 4 6 9 8 3 2 1 7 9 5 8 4 4 5 7 5 10 
9 1 8 9 7 3 10 4 3 10 2 4 10 5 10 1 4 2 6 2 8 8 9 1 7 5 5 1 10 8 7 2 10 8 8 1 7 7 10 10 1 1 1 2 4 6 6 1 5 8 2 1 1 5 3 6 4 6 6 2 5 2 3 8 4 7 5 3 9 8 2 1 6 6 4 5 5 7 5 9 9 1 8 4 6 7 1 7 5 9 5 2 8 10 7 2 3 8 1 2 7 3 9 5 2 6 5 4 6 9 1 10 3 2 4 2 7 2 9 9 1 8 5 6 6 4 6 8 
8 7 8 3 6 8 5 2 9 2 10 2 9 1 9 2 7 3 10 6 3 3 3 8 6 8 9 9 8 1 2 7 9 9 8 7 4 7 6 7 2 4 7 7 3 6 10 5 5 4 7 10 3 7 10 4 1 9 10 1 3 4 1 6 9 3 8 10 7 4 7 10 3 1 9 2 9 7 2 8 7 9 6 7 5 10 7 6 5 4 1 8 1 5 5 1 7 1 8 1 4 4 2 8 1 5 9 7 9 1 8 2 7 3 6 4 7 7 5 4 8 9 10 4 1 10 5 6 
2 6 8 1 2 10 4 1 1 10 6 1 10 5 8 1 3 5 3 1 4 6 10 1 10 7 4 1 10 10 10 4 7 2 10 10 9 7 7 4 9 8 2 7 6 5 3 6 8 5 8 10 2 5 1 9 10 10 3 3 10 9 8 7 6 9 5 5 2 5 2 10 4 10 7 6 8 6 8 4 7 7 5 1 6 5 7 10 3 6 3 10 9 10 2 2 3 1 10 5 6 8 4 8 8 10 1 3 3 2 9 1 6 2 9 2 8 2 7 8 8 4 4 2 5 3 9 2 
2 7 10 1 7 9 9 5 10 5 1 9 2 8 4 9 9 2 2 5 8 2 4 3 3 7 5 3 4 7 4 4 3 3 9 6 2 3 6 5 5 3 2 2 6 5 8 7 4 3 8 1 4 6 7 7 4 2 2 7 7 6 5 2 5 3 4 9 6 10 1 4 7 4 7 8 2 8 6 9 4 9 1 8 4 1 3 10 9 2 7 2 9 6 2 1 2 2 3 10 1 3 8 9 3 6 2 3 6 7 4 9 9 10 8 9 5 10 10 7 2 1 2 9 2 9 8 8 
1 10 7 8 7 7 10 8 5 1 3 2 4 2 2 6 6 9 2 4 6 2 10 7 2 7 6 1 4 5 5 5 10 9 9 8 4 4 2 10 6 5 6 10 5 6 3 3 5 6 1 2 8 5 5 6 8 2 8 9 6 8 5 7 3 8 9 8 3 1 6 4 8 8 8 9 2 3 3 1 1 8 10 8 8 10 3 3 3 3 2 5 4 8 7 3 10 7 1 8 9 7 6 9 7 2 6 8 8 8 8 3 8 5 6 1 2 5 5 3 6 5 4 5 6 6 5 7 
4 5 8 8 3 9 5 5 9 8 8 5 8 8 8 6 8 10 2 4 10 5 7 6 5 4 5 3 3 1 8 7 7 2 5 4 10 4 5 3 8 4 1 10 5 2 9 4 9 3 9 2 8 6 4 8 10 8 5 9 4 2 9 4 10 5 7 4 1 8 6 5 1 1 10 8 5 5 10 10 6 1 8 8 4 7 6 5 4 10 7 7 2 8 4 6 10 10 3 2 4 2 9 2 1 5 8 6 1 5 10 7 10 2 8 3 9 6 7 3 6 2 4 7 8 3 3 7 
3 2 6 10 7 9 5 4 4 6 1 2 1 5 5 1 9 1 1 2 4 7 9 4 9 9 7 5 1 4 1 1 4 7 1 5 10 6 10 1 7 8 5 5 7 3 1 3 3 3 10 8 10 2 5 7 1 3 4 3 9 1 6 1 2 4 1 8 1 1 7 3 4 10 4 4 7 1 4 4 2 6 7 6 2 6 1 7 10 2 10 7 1 6 6 1 9 7 6 7 6 1 4 6 7 2 9 7 1 1 4 6 9 2 4 1 2 9 4 5 8 3 5 9 4 5 7 8 
4 6 9 5 8 10 6 1 6 4 5 7 1 9 4 2 10 6 6 7 5 4 8 7 9 1 10 10 9 6 4 1 6 8 1 2 9 2 6 2 1 9 5 10 2 3 4 7 10 7 7 6 5 8 6 5 7 2 4 10 4 8 5 2 10 1 3 1 5 9 3 4 1 2 1 10 1 4 2 9 1 10 5 8 1 10 1 7 10 7 1 2 9 3 3 2 9 8 5 8 1 1 7 2 6 2 6 4 5 1 5 10 9 6 4 3 10 6 4 6 10 9 7 7 6 4 6 9 
3 1 9 10 6 2 7 3 6 6 3 8 8 7 8 8 7 10 9 4 5 7 4 1 3 10 8 8 8 2 8 7 10 3 7 2 4 7 5 2 10 7 7 7 8 5 7 4 2 8 3 10 8 4 7 2 8 1 9 2 9 3 3 5 8 1 5 7 3 10 7 5 2 4 4 5 1 5 6 2 4 7 4 3 4 2 7 1 1 4 10 9 1 5 9 1 9 9 6 5 10 4 8 9 10 8 3 2 3 5 3 3 9 6 6 7 8 6 10 10 3 1 5 3 2 2 3 8 
7 6 8 2 3 2 1 6 5 8 8 8 9 4 4 2 10 9 4 8 9 5 10 2 3 7 2 8 5 1 3 1 7 9 1 6 7 5 10 9 4 4 9 2 8 8 9 2 9 9 7 5 8 10 7 10 4 10 2 2 5 2 10 6 10 1 10 6 3 5 1 10 4 8 10 8 6 3 5 10 1 3 2 7 9 5 10 9 3 3 7 6 10 8 4 10 3 4 5 6 4 2 10 1 8 5 10 10 1 10 4 8 4 2 6 5 6 1 6 9 10 5 4 2 4 5 3 7 
9 7 8 1 1 8 6 2 8 2 5 5 3 8 7 2 1 8 7 3 10 4 10 4 8 7 9 4 10 3 6 2 10 7 6 1 8 7 2 9 2 8 6 9 9 7 5 1 1 7 8 7 4 1 9 9 2 7 5 7 7 6 1 7 4 4 7 9 5 5 10 7 10 7 5 10 3 1 1 10 10 7 6 2 9 2 4 6 7 9 4 1 5 6 1 3 8 5 3 10 1 2 4 2 3 2 8 8 2 3 6 2 7 5 7 7 7 5 2 6 7 2 7 9 7 7 1 9 
2 8 5 3 3 5 9 10 9 9 3 1 3 4 10 2 1 5 1 4 3 9 4 3 5 2 1 3 5 6 9 9 8 5 6 1 10 6 5 4 8 4 5 7 8 9 8 6 10 1 8 5 8 3 7 3 9 5 3 4 8 8 2 3 9 10 6 9 5 2 4 2 10 5 7 2 4 6 4 7 4 2 5 1 9 7 7 4 8 1 2 10 6 4 3 7 9 10 3 8 7 3 3 7 4 3 2 2 7 7 9 2 5 8 8 1 3 10 1 3 8 1 8 2 7 2 7 4 
8 3 4 5 6 9 5 10 3 10 9 2 6 3 5 9 10 4 6 10 4 6 9 8 6 9 9 7 6 1 8 2 5 6 10 4 2 4 10 4 7 8 3 5 7 5 10 7 3 6 9 8 1 4 7 2 7 3 2 8 5 1 10 6 6 4 5 3 10 10 6 3 10 1 8 4 6 1 8 8 3 7 7 10 4 7 1 9 8 4 10 2 2 10 2 4 3 1 5 5 9 8 10 10 3 4 4 3 10 6 2 1 7 7 8 5 8 6 9 2 8 9 6 9 4 9 2 8 
9 4 1 3 8 10 2 8 3 7 3 7 1 4 1 9 2 3 1 1 2 6 3 5 4 4 2 8 9 5 3 1 3 2 9 8 10 7 3 8 7 7 4 9 8 5 4 1 5 9 2 5 4 5 9 5 4 4 4 1 8 1 10 1 3 1 6 5 8 3 5 5 8 4 3 2 2 1 10 3 3 9 10 7 4 4 10 7 1 6 6 8 2 5 9 3 9 4 8 6 8 8 9 8 4 2 1 10 3 10 1 2 7 2 9 8 4 3 7 7 5 7 5 7 4 1 10 3 
8 10 7 9 1 7 5 6 4 7 4 4 4 6 3 4 1 7 6 9 6 7 2 9 6 10 5 3 8 10 5 8 5 10 3 10 1 2 9 8 10 6 3 8 5 2 9 4 4 9 9 7 4 2 1 7 6 6 10 3 10 1 6 6 4 7 4 10 6 10 10 7 8 9 4 4 10 4 1 1 4 8 4 3 3 6 4 10 1 7 7 1 7 3 2 2 5 1 7 5 6 7 8 9 7 1 3 3 6 8 5 6 2 1 3 7 6 10 5 4 5 2 3 10 7 10 3 5 
3 1 9 2 4 5 9 7 8 3 4 4 7 1 3 1 7 8 2 10 10 5 3 1 3 8 10 2 8 5 1 7 10 10 8 6 4 3 7 9 9 10 2 6 4 9 6 10 10 6 3 2 2 6 5 6 3 2 1 2 3 9 7 10 10 1 3 5 5 2 10 2 1 8 1 10 2 1 9 1 1 5 5 9 1 4 2 6 5 10 6 3 8 3 6 1 3 1 10 3 8 7 4 8 3 5 4 10 9 7 1 5 7 5 2 6 4 3 6 4 5 4 6 8 9 9 10 4 
4 8 5 10 3 1 2 8 5 5 10 4 6 9 4 1 2 2 6 1 1 3 2 9 9 1 7 9 6 7 8 5 3 4 2 10 1 8 8 7 2 10 6 6 2 3 8 2 1 10 7 2 1 4 4 6 2 3 5 9 3 9 4 4 4 4 7 3 10 8 1 2 3 10 5 5 9 5 9 9 6 5 6 6 5 4 1 1 9 10 9 2 10 10 3 9 9 7 10 7 10 7 4 6 5 3 9 2 10 9 4 8 1 2 2 7 10 5 6 10 5 3 4 5 5 6 10 1 
1 2 2 7 10 8 1 4 1 1 8 1 3 8 5 7 5 5 6 5 9 6 4 6 5 1 3 10 10 6 4 10 2 5 9 7 1 4 10 2 6 1 8 1 3 7 8 10 5 4 4 6 8 8 2 8 1 10 9 2 10 1 2 5 2 7 10 10 2 7 9 6 8 7 3 5 4 5 6 2 5 8 5 6 2 6 4 9 9 1 1 8 2 8 9 10 4 4 9 6 8 1 10 3 5 7 5 4 9 8 5 1 4 3 1 5 10 5 5 1 3 10 3 4 3 6 8 3 
7 4 6 3 7 6 1 9 10 1 10 8 2 4 2 4 8 5 5 7 7 1 8 6 5 1 5 9 3 9 3 4 7 9 5 10 7 6 6 8 7 7 6 1 2 6 6 7 1 2 9 2 7 7 7 10 5 1 7 1 10 4 6 8 10 6 2 4 3 3 6 6 6 2 4 2 9 3 4 8 8 2 5 9 8 1 7 7 5 7 4 10 8 7 1 5 7 4 5 7 10 7 2 3 7 5 7 6 1 10 10 8 10 3 7 4 6 10 5 5 1 3 2 9 2 4 10 4 
2 1 7 6 5 10 10 1 2 9 4 5 7 2 8 9 7 1 5 9 2 2 1 3 8 5 3 2 3 4 10 9 1 2 1 5 3 1 2 10 8 10 3 8 10 9 5 8 2 3 7 7 10 2 10 2 10 9 7 3 1 5 3 1 3 8 4 9 9 4 2 4 3 8 4 5 5 5 4 6 5 4 1 10 6 5 9 4 6 7 8 5 9 9 8 1 5 3 5 10 8 6 6 1 10 8 1 9 5 1 7 7 2 7 4 8 8 4 6 4 1 10 1 8 2 1 10 7 
3 1 6 8 9 9 2 10 4 10 7 2 9 10 3 2 10 5 9 9 6 10 4 5 1 6 8 7 3 5 2 10 1 6 1 9 9 8 2 2 1 5 2 1 7 4 7 8 5 8 4 6 5 6 10 8 2 2 9 6 10 5 9 8 7 6 9 9 1 1 9 8 1 6 10 3 4 8 8 8 5 2 2 10 2 6 8 2 4 7 1 7 2 1 6 2 5 7 2 9 8 5 7 3 10 1 9 10 7 4 8 5 6 3 4 7 5 3 3 6 10 7 9 4 4 6 3 9 
6 3 5 4 7 1 8 9 4 5 4 2 5 4 6 9 4 7 8 1 8 7 4 4 10 7 3 5 7 7 9 3 6 1 2 5 9 8 6 1 3 8 10 4 7 7 8 4 3 2 6 10 10 9 1 1 10 1 1 6 5 6 1 3 7 6 6 3 2 6 10 1 10 5 6 9 8 2 1 3 9 6 2 10 7 5 3 8 7 4 2 9 3 5 3 4 9 6 2 7 4 1 4 1 8 4 9 1 2 10 4 8 5 8 2 3 5 3 1 2 6 7 4 4 3 1 2 7 
3 3 7 6 10 9 7 2 9 9 5 5 4 10 10 6 9 6 7 1 2 8 4 2 1 1 1 8 2 8 6 7 10 4 5 9 8 5 9 5 5 1 10 3 10 2 2 8 2 1 5 8 4 2 8 7 8 4 1 3 4 6 2 7 9 10 5 4 8 2 10 8 6 5 1 6 7 7 8 2 3 9 6 7 3 10 8 1 5 6 8 6 8 10 7 10 6 6 4 4 7 7 4 1 7 4 2 3 7 10 8 1 9 3 3 4 4 2 7 5 9 8 4 1 5 9 8 1 
6 8 2 5 5 9 4 5 3 10 6 9 9 8 4 2 4 10 2 4 6 7 7 2 8 9 6 9 5 7 4 4 10 9 7 7 5 4 4 8 2 7 5 2 7 10 9 9 1 1 5 5 2 5 9 4 8 8 10 1 1 5 6 3 7 5 7 1 7 10 5 9 1 10 3 5 5 1 9 6 7 1 10 7 8 3 10 2 1 8 6 6 8 6 7 9 5 7 3 4 5 1 3 3 9 1 9 6 1 6 5 4 1 4 3 9 3 10 9 6 6 1 7 8 7 6 6 2 
8 8 4 10 10 3 9 9 1 3 6 6 4 4 9 8 7 4 7 1 9 10 6 7 8 3 2 7 10 10 6 10 1 6 1 5 3 5 3 5 2 4 9 8 3 8 9 3 9 9 9 7 8 9 2 9 2 10 4 2 4 1 2 2 5 6 3 7 10 6 4 8 5 5 2 3 7 5 6 1 2 6 6 2 10 1 2 1 7 3 10 8 7 9 1 10 5 9 3 9 6 10 7 9 2 2 6 4 9 4 2 7 5 1 10 10 7 5 7 2 9 1 7 2 9 1 9 4 
9 9 10 5 10 3 5 7 8 8 7 1 9 6 3 7 1 2 9 6 7 5 10 5 9 6 4 3 6 4 7 8 10 10 10 7 6 2 3 5 10 1 2 3 7 8 3 1 7 4 4 2 8 10 1 4 7 2 1 6 2 5 10 9 8 6 3 2 2 6 1 9 1 1 1 9 3 8 2 6 5 4 10 6 9 6 6 5 10 10 1 5 5 6 3 4 6 5 9 7 2 6 2 8 5 9 6 4 10 6 1 3 6 8 1 7 7 4 6 8 8 6 6 2 4 9 7 4 
2 4 4 1 4 3 4 7 2 1 9 8 5 4 1 5 2 1 4 1 10 7 7 1 8 5 2 8 1 5 1 1 1 7 4 8 4 6 4 8 2 10 4 6 2 10 7 9 4 8 5 7 8 4 5 2 7 3 7 5 1 1 9 3 5 9 9 4 4 1 3 6 3 9 10 1 1 5 3 8 7 9 6 6 2 9 8 6 2 10 2 10 4 6 8 3 4 2 1 7 10 9 8 7 10 10 2 5 10 8 7 4 3 9 8 10 7 7 9 7 4 5 9 10 9 2 5 4 
7 8 2 1 1 4 3 2 10 10 3 6 3 10 10 8 8 7 8 5 8 7 4 8 2 4 1 7 6 7 8 7 6 1 2 9 7 3 5 1 8 1 4 8 3 6 9 7 3 2 4 5 7 6 8 5 7 9 4 6 6 7 8 5 5 9 2 3 2 4 2 5 2 7 10 9 9 1 5 9 2 7 3 1 5 7 9 7 9 6 3 5 2 4 6 4 6 10 7 7 6 6 1 2 5 9 10 9 7 4 3 2 8 9 10 1 6 5 4 2 2 3 5 10 2 8 2 5 
6 4 8 8 10 8 1 8 7 10 4 2 9 3 8 3 4 5 3 9 10 2 1 3 8 5 4 5 7 5 10 9 10 4 5 5 2 5 5 8 9 6 9 10 5 8 1 6 5 10 8 4 10 7 1 1 10 9 5 5 5 3 9 5 7 9 2 6 9 10 4 9 9 1 1 5 3 9 5 10 4 9 9 2 7 8 3 10 8 10 7 3 10 1 7 5 6 8 8 4 7 2 8 4 9 10 9 4 3 7 3 8 5 7 1 8 9 8 5 10 4 10 2 6 5 6 2 7 
4 6 1 9 8 9 4 9 6 5 4 4 10 7 7 9 7 6 6 10 5 9 10 1 8 2 6 6 5 4 10 5 7 9 7 5 7 5 1 2 4 10 10 5 3 10 4 4 3 6 5 5 10 5 5 3 8 4 9 10 5 6 9 10 9 5 8 8 9 10 6 7 7 7 8 8 2 7 6 1 7 10 7 2 3 8 9 8 10 6 1 8 10 7 5 4 4 10 9 6 6 3 10 2 7 8 2 2 1 5 10 9 1 6 7 5 10 4 7 5 8 4 3 10 6 9 9 8 
1 10 4 9 7 5 4 3 8 1 7 10 9 5 6 10 1 8 9 8 6 3 9 3 1 5 5 10 5 4 7 9 2 1 5 4 10 7 9 5 7 3 1 5 6 6 5 5 3 10 4 10 7 5 6 3 7 4 5 7 6 2 5 10 2 5 9 6 8 2 7 8 2 7 8 4 9 10 4 2 8 7 7 8 5 2 9 9 8 10 9 4 2 3 2 9 2 8 1 10 4 1 6 6 1 4 9 3 10 6 4 1 5 7 8 10 10 4 3 9 9 5 7 8 4 7 6 2 
5 3 10 2 6 3 4 8 7 10 5 8 4 3 10 2 8 6 9 2 2 9 7 5 3 9 7 9 10 4 7 6 7 7 2 4 10 4 10 1 4 4 8 10 3 9 6 10 5 4 8 7 7 5 10 3 7 10 10 5 7 5 6 5 9 1 1 7 1 8 1 1 5 8 3 6 9 3 8 2 5 10 4 8 9 8 5 5 3 10 2 4 10 5 5 7 10 6 2 10 3 7 5 3 6 2 4 10 4 4 4 6 5 10 9 4 6 10 6 8 5 4 10 7 8 9 9 10 
5 7 4 3 10 5 8 6 7 9 3 5 5 10 9 2 9 8 9 9 4 5 4 2 9 7 10 8 7 8 4 4 6 1 3 1 10 10 2 9 7 7 5 1 7 8 5 2 9 4 2 6 4 4 5 6 3 4 4 10 9 5 8 9 4 3 10 10 5 6 9 3 5 1 4 9 7 8 2 7 6 10 2 1 8 4 9 4 4 3 1 7 10 7 9 5 5 9 4 4 1 3 5 9 3 2 7 3 8 3 6 9 6 2 2 9 2 5 9 9 3 8 2 6 7 6 10 6 
5 10 2 10 3 1 2 9 8 8 1 3 2 1 3 3 4 1 4 8 4 5 7 10 9 7 1 4 6 8 1 9 1 7 6 9 3 5 8 2 7 10 6 9 7 5 8 9 6 4 4 4 5 4 2 7 4 10 8 1 7 3 6 3 10 9 10 1 1 4 8 7 9 3 1 2 7 3 2 4 6 4 9 5 1 3 9 1 5 7 4 3 9 10 6 5 7 4 3 8 4 10 2 10 7 4 9 10 4 6 10 4 9 1 10 1 6 8 6 3 10 9 3 5 10 4 8 2 
7 2 1 1 6 2 10 1 8 1 5 8 9 1 6 9 9 10 3 4 10 7 6 10 6 6 10 8 2 5 10 1 2 3 3 8 3 3 9 9 10 1 8 6 7 9 7 9 9 7 9 8 9 6 4 1 3 7 6 3 5 5 8 6 9 4 3 1 3 2 9 8 2 3 5 3 1 5 4 3 6 4 9 3 8 7 3 4 6 10 2 8 10 9 6 8 1 6 1 10 9 10 9 3 2 9 10 6 4 5 2 7 2 3 3 7 6 9 5 2 2 7 6 7 3 9 9 8 
3 10 8 7 6 3 7 9 3 8 2 2 7 9 2 2 8 1 6 3 9 1 5 4 9 8 4 7 5 3 9 8 1 8 10 4 10 7 7 8 2 3 9 3 8 5 6 6 5 10 2 4 5 3 10 1 6 4 4 6 5 2 2 7 6 3 3 4 7 1 3 10 9 5 10 10 8 1 7 3 7 6 3 5 7 7 10 3 9 6 8 10 1 4 1 10 9 5 1 4 2 7 2 10 8 6 7 6 8 3 3 7 10 3 7 5 1 4 10 2 4 6 1 2 10 8 7 4 
10 4 9 3 9 7 4 10 1 1 1 10 6 2 5 7 9 2 3 3 9 2 4 5 1 3 5 3 1 10 1 4 6 10 1 4 4 5 5 6 5 2 9 7 4 10 6 4 10 5 9 9 10 7 6 4 5 1 5 5 3 9 5 3 7 8 7 3 7 4 10 6 5 4 7 1 8 3 9 5 7 7 2 6 7 7 6 6 7 2 7 4 5 10 4 1 6 10 5 9 9 7 8 6 5 10 6 10 1 9 7 9 9 9 10 8 6 10 6 9 6 3 9 9 5 10 10 10 
9 10 10 6 2 4 6 10 9 10 9 10 8 7 4 8 10 7 3 3 3 4 6 1 9 10 3 6 4 8 7 6 8 7 10 8 7 1 4 10 7 3 1 1 2 6 4 3 8 1 9 3 10 7 10 8 3 9 7 4 6 9 4 9 10 2 8 7 5 1 2 3 2 5 5 2 6 3 9 9 1 10 2 10 10 5 6 6 10 9 6 10 3 6 5 8 5 1 1 8 3 1 7 2 6 7 5 10 10 8 1 4 7 1 10 1 5 2 6 4 8 8 6 4 7 5 5 4 
2 3 2 3 5 5 8 3 9 1 10 6 5 2 9 7 8 9 9 10 9 10 8 1 1 7 5 3 2 6 2 6 4 6 9 9 8 9 6 7 1 4 10 5 5 5 9 7 7 9 9 6 2 8 4 4 7 3 9 6 9 8 3 4 10 8 3 2 2 3 5 6 6 3 6 8 10 2 5 9 5 2 4 2 1 1 8 3 1 7 1 1 4 3 3 8 5 7 1 3 4 2 2 10 1 2 3 9 2 4 10 6 6 4 4 7 8 4 5 10 10 8 5 1 8 6 6 5 
8 2 2 5 6 10 8 7 7 6 3 2 4 5 10 2 1 10 6 3 6 10 8 9 7 4 3 5 1 8 6 3 9 4 3 10 6 2 1 9 6 7 7 9 9 1 2 7 1 2 3 4 5 10 5 10 1 2 8 3 1 7 10 9 6 2 2 7 3 5 4 8 3 7 3 1 8 4 9 8 8 7 3 10 8 6 6 10 9 5 1 4 7 3 8 1 2 2 4 7 10 7 4 9 7 10 5 3 2 7 2 7 9 3 9 2 3 6 6 5 7 1 1 9 3 10 1 7 
7 2 7 8 4 1 7 7 1 5 7 6 2 9 9 4 2 3 6 8 2 3 2 10 8 1 7 1 8 10 2 9 7 4 9 5 6 3 7 9 4 6 4 5 2 3 5 5 2 7 3 10 10 1 8 8 9 9 7 10 4 2 2 1 8 5 4 7 2 9 9 4 5 6 4 8 1 6 4 8 4 1 3 1 2 8 3 2 10 6 2 8 1 10 9 4 3 10 9 7 3 3 6 2 2 1 2 9 5 4 10 5 7 2 8 5 2 8 8 6 3 2 1 2 5 5 4 7 
3 9 7 9 10 1 1 9 8 6 5 4 3 5 4 7 6 7 1 6 3 4 5 4 10 1 7 6 4 8 10 10 2 5 3 9 5 2 1 4 9 8 7 1 7 5 9 6 5 9 7 8 4 10 1 6 10 10 9 7 7 6 5 2 10 7 1 5 9 9 9 7 9 2 10 3 5 8 8 9 3 3 3 5 9 9 6 9 2 2 10 6 9 9 5 10 7 1 8 9 9 3 7 7 2 5 1 7 8 3 10 6 4 10 1 4 4 10 3 9 1 10 6 10 4 9 10 5 
3 7 6 6 2 2 6 8 1 3 5 1 9 10 8 6 9 6 10 10 1 9 9 9 7 10 1 4 2 10 3 6 10 3 4 10 10 4 4 4 3 6 6 10 10 1 2 8 7 3 1 5 7 4 6 2 5 9 7 3 10 1 8 7 1 8 2 7 2 3 1 3 6 7 1 4 9 1 6 10 8 10 4 5 2 7 9 2 8 7 9 4 4 2 2 5 6 3 1 1 8 2 2 3 9 6 1 7 6 1 6 3 7 3 1 7 7 8 3 10 3 8 7 8 7 7 6 3 
9 8 5 1 1 1 2 8 5 1 2 10 9 5 3 3 6 9 5 1 5 9 2 6 10 7 10 2 4 4 10 2 5 7 9 4 5 6 2 6 10 4 1 8 3 3 8 5 5 2 3 6 4 5 8 8 7 4 4 9 1 2 8 6 1 5 3 5 2 9 3 1 3 3 7 6 4 2 1 4 6 6 2 2 6 1 4 10 7 2 6 9 6 7 2 3 10 1 4 10 3 1 6 5 5 2 4 8 2 1 3 5 5 1 7 9 2 5 5 3 10 2 10 2 5 2 1 6 
4 5 1 4 7 8 6 7 8 3 6 8 10 6 3 3 1 8 5 8 5 9 4 5 5 1 1 2 4 7 8 4 10 9 5 7 3 8 1 3 10 3 6 9 8 10 5 5 3 7 3 10 4 10 5 8 1 6 1 10 2 9 9 6 3 7 6 3 5 2 10 7 6 1 7 8 1 7 1 5 5 8 7 3 5 6 4 1 7 6 5 5 2 7 7 4 1 9 2 5 8 3 9 1 1 7 5 3 7 6 3 4 9 2 5 2 6 7 1 7 9 4 3 2 1 9 4 8 
3 6 3 8 7 2 9 2 8 9 1 3 6 5 9 2 3 9 3 5 6 3 4 5 9 6 6 7 9 5 6 9 8 1 8 1 6 7 2 7 8 7 6 6 8 7 3 2 5 6 10 2 8 9 9 9 1 7 10 1 8 10 7 9 5 4 3 9 9 3 5 1 3 3 8 5 3 10 9 9 10 1 8 5 7 6 6 8 7 4 7 3 3 7 3 9 2 5 3 10 8 10 3 5 2 4 10 7 8 8 10 5 4 4 3 3 9 10 8 10 2 7 2 3 1 3 4 10 
7 1 4 2 4 3 6 8 7 5 7 10 8 2 6 8 6 4 3 9 4 6 10 6 5 3 6 8 9 3 3 10 1 8 5 4 4 5 6 2 3 3 3 3 2 8 7 1 2 3 1 3 1 3 4 6 10 2 6 4 4 6 2 4 1 6 10 1 8 9 9 4 4 9 1 5 3 3 1 5 8 8 1 10 9 4 6 10 1 7 8 1 8 7 3 9 5 9 8 10 3 4 9 7 9 1 10 8 8 10 1 10 10 8 3 2 10 2 7 10 10 5 7 9 1 5 5 6 
9 9 9 3 10 5 2 3 4 9 9 8 6 8 9 5 5 1 7 3 4 10 4 8 2 8 7 1 3 2 6 8 1 7 6 6 8 1 5 10 8 9 1 8 1 1 4 8 5 4 2 6 7 8 10 4 5 9 3 9 5 8 4 8 9 6 8 3 4 7 2 7 1 2 7 2 4 10 2 8 7 10 5 5 3 8 2 6 5 6 4 2 7 6 9 1 8 4 4 2 6 8 2 3 8 6 4 10 7 2 5 3 2 7 6 1 4 4 2 6 2 7 3 1 3 8 4 7 
8 4 9 5 10 7 5 6 6 8 5 6 1 5 10 5 10 1 10 4 8 7 5 8 7 10 2 7 5 5 7 2 5 3 8 2 5 4 7 6 8 1 7 8 10 1 1 7 1 4 4 9 9 9 10 6 10 1 3 6 8 5 4 9 8 4 6 9 8 8 6 7 5 6 5 5 7 3 10 8 6 7 7 7 7 1 10 4 1 3 4 8 5 6 4 5 8 7 8 3 10 5 1 8 10 5 9 6 4 8 7 4 10 9 6 10 10 4 6 6 10 8 2 10 8 5 3 10 
4 5 3 4 8 6 9 9 10 1 5 10 8 5 4 8 5 7 4 1 8 10 9 1 8 7 8 6 5 8 10 3 8 5 6 9 8 1 4 6 8 1 1 8 5 9 10 5 1 5 2 1 2 5 10 9 5 1 7 4 3 1 4 6 5 1 1 6 5 3 7 1 8 5 7 2 1 5 8 4 5 6 1 6 6 3 7 2 6 1 3 3 9 1 4 5 8 9 10 4 6 6 8 3 2 3 10 9 10 6 5 3 8 4 1 5 9 4 10 8 10 3 5 10 10 2 3 10 
10 7 1 5 5 3 10 4 8 1 7 9 7 5 8 2 4 3 3 2 3 10 8 5 2 9 7 2 1 10 6 3 6 10 3 7 5 8 7 9 4 10 1 7 4 2 4 4 2 7 9 2 2 3 7 3 8 5 6 8 5 5 10 2 8 2 6 8 5 3 6 9 6 7 9 7 10 9 3 5 7 2 7 7 7 4 6 4 9 1 3 9 5 6 3 6 4 9 4 5 10 1 7 10 8 7 2 1 8 6 10 5 4 8 9 3 3 9 6 6 8 1 7 7 2 4 3 10 
9 4 9 4 8 9 10 8 6 3 6 2 6 9 6 6 5 4 1 8 8 4 1 6 3 6 10 9 3 1 2 4 6 9 6 6 7 9 5 5 4 5 3 1 4 9 3 4 4 3 3 7 7 6 5 8 2 9 3 7 8 3 6 10 8 3 8 5 9 4 10 1 5 10 10 3 9 2 9 9 7 3 1 7 3 8 6 7 5 9 8 10 9 4 10 9 8 10 2 3 5 9 1 1 8 9 5 5 10 2 7 3 4 9 6 9 9 3 1 3 8 9 7 8 6 8 1 10 
3 8 2 10 10 7 10 6 4 10 9 3 7 3 4 1 4 6 7 1 3 2 4 8 9 4 7 6 4 3 6 5 1 8 1 8 5 10 2 1 5 9 3 6 3 3 8 2 9 5 7 8 5 3 8 4 4 10 8 8 4 9 6 6 4 8 10 5 9 9 10 2 5 2 2 10 6 10 6 1 9 1 1 2 8 6 10 9 10 4 3 9 2 8 10 8 7 7 5 6 9 1 4 6 6 1 4 5 7 6 4 4 6 9 4 6 8 7 6 4 4 6 4 4 3 3 2 2 
4 2 1 1 6 6 9 9 7 7 4 8 9 6 10 4 4 4 10 8 6 2 6 1 3 4 5 7 8 5 2 9 5 9 2 5 1 4 8 3 7 10 1 2 7 8 4 9 8 10 7 10 9 4 7 7 5 6 1 5 8 3 5 9 8 4 10 10 9 9 3 1 2 4 4 10 5 4 3 9 6 1 9 5 10 9 8 8 4 6 9 2 10 2 3 5 4 8 8 7 2 8 5 8 10 6 5 6 5 9 2 8 9 4 4 8 8 3 9 1 2 1 9 10 9 5 9 6 
6 8 6 5 5 2 8 2 9 8 7 1 2 1 7 2 3 5 8 7 1 6 10 10 7 10 8 7 7 6 10 4 8 8 7 4 8 3 9 10 4 9 8 2 1 4 5 8 5 9 7 9 7 10 9 8 2 8 1 8 5 7 1 7 8 3 8 9 8 10 1 7 9 1 10 4 4 2 5 6 7 5 7 7 7 1 4 6 9 9 7 4 7 10 7 2 1 10 5 4 8 4 2 3 5 5 5 7 10 3 1 2 8 2 7 7 8 4 2 4 4 3 10 8 3 2 8 1 
5 3 9 5 1 1 7 3 4 6 4 9 1 4 5 1 3 2 5 8 6 3 1 1 10 6 6 4 7 1 1 1 4 2 7 3 4 7 9 2 6 1 2 1 8 4 7 10 7 2 6 8 2 8 9 2 3 7 4 10 7 7 10 4 5 10 6 7 7 10 9 3 4 5 3 5 6 6 3 6 3 7 4 5 2 10 7 4 7 2 9 5 4 2 5 6 6 6 9 2 8 6 7 3 9 7 4 7 5 6 2 4 1 9 9 7 8 7 10 2 8 1 3 10 3 9 3 7 
8 10 6 5 9 8 1 3 8 2 8 10 3 10 4 5 6 10 7 6 8 5 3 7 10 5 4 5 8 7 2 7 2 7 10 6 10 2 4 9 6 3 7 1 10 3 3 8 2 3 1 8 2 7 2 7 3 5 2 10 3 6 6 6 2 6 2 10 3 8 1 9 8 8 3 4 6 5 5 4 9 3 9 5 10 5 7 7 10 1 3 4 10 6 8 1 8 3 9 6 5 9 5 5 8 9 4 10 7 5 3 2 9 4 4 2 2 8 9 6 7 7 7 10 8 3 2 4 
8 5 7 9 4 4 6 7 8 5 3 9 7 8 5 4 6 8 10 8 10 7 5 8 6 10 7 8 6 8 9 6 3 4 3 1 7 9 7 8 7 7 5 5 10 3 3 7 2 7 1 8 10 10 8 2 7 10 5 1 8 6 2 1 1 3 1 1 5 7 2 8 2 4 6 6 9 6 7 9 9 4 7 3 1 6 9 4 5 10 4 5 3 4 7 8 4 1 2 6 7 4 6 9 10 9 2 1 10 10 3 10 8 1 9 6 5 5 5 10 8 9 2 6 6 5 8 1 
2 10 5 7 5 2 7 9 7 3 6 6 1 6 2 5 4 3 6 1 7 5 4 6 1 1 7 2 4 4 5 4 8 2 9 10 3 1 10 9 9 8 10 1 8 10 8 6 1 7 6 9 10 8 4 3 9 3 7 10 5 3 8 5 5 5 3 4 9 5 3 7 4 6 1 2 4 7 9 1 3 4 10 9 8 1 9 8 3 4 1 6 2 3 9 10 8 7 9 3 8 8 10 10 4 4 9 4 5 4 7 7 3 7 6 10 3 6 6 5 6 1 8 5 1 3 9 3 
6 10 10 9 8 2 4 2 1 7 7 5 6 4 7 4 6 6 10 1 5 2 2 9 6 3 8 2 7 3 3 5 7 9 4 8 2 9 10 7 5 6 5 1 5 3 10 5 3 9 1 4 10 2 9 1 10 1 2 5 4 2 9 8 9 5 4 3 7 8 3 2 7 10 3 3 10 3 1 1 3 3 5 4 10 8 9 2 4 3 6 10 5 1 4 3 6 7 9 3 4 10 7 5 10 6 8 9 10 1 2 5 6 9 2 9 4 3 10 6 9 4 3 4 9 8 7 4 
3 6 2 1 4 9 6 7 3 7 2 8 8 8 9 7 2 4 1 5 7 10 4 7 10 2 7 3 2 6 2 1 9 7 6 9 8 8 4 8 2 8 2 5 9 6 1 4 5 1 6 2 6 10 9 8 1 7 3 2 4 2 9 1 6 1 3 8 5 10 6 5 1 2 5 3 5 2 3 4 1 1 7 2 1 2 10 4 1 8 7 2 4 3 1 10 7 7 7 1 9 5 8 4 8 4 7 5 7 9 5 6 7 2 8 7 7 8 8 7 6 6 9 8 4 2 8 4 
10 10 5 9 4 3 7 8 5 3 3 9 6 4 10 9 5 10 4 7 2 7 8 8 5 2 3 4 9 8 2 6 9 1 7 2 5 1 9 8 5 10 10 9 10 10 6 1 8 4 3 9 1 8 5 9 1 1 1 8 6 7 10 2 9 5 1 8 8 7 5 2 9 9 4 4 3 7 9 9 9 8 4 2 2 1 3 10 5 9 3 1 7 8 10 2 5 4 6 3 3 7 4 7 7 4 2 4 7 7 9 8 8 4 5 7 1 9 4 3 9 6 4 9 2 8 2 5 
2 9 4 10 2 10 4 9 8 5 1 5 8 3 4 10 2 10 4 9 3 2 2 1 7 9 2 9 9 7 2 4 3 4 4 10 4 10 9 2 1 9 7 7 2 2 10 8 8 1 2 5 8 3 4 3 8 5 10 8 7 2 7 10 9 2 6 5 3 4 5 6 1 3 1 5 6 10 5 10 9 8 3 2 9 8 8 6 2 7 6 4 5 6 10 2 8 7 2 2 6 2 6 4 3 7 2 8 2 3 8 3 3 9 7 9 8 3 4 9 5 1 3 2 7 5 4 2 
7 8 10 7 10 3 1 7 6 1 9 4 1 7 8 2 8 8 9 8 10 1 1 1 6 10 10 8 2 2 2 5 2 8 5 3 3 6 10 4 6 1 4 4 10 3 8 10 6 5 3 10 7 9 5 10 1 10 9 10 4 8 10 10 7 8 10 10 9 10 10 9 5 8 5 1 8 9 7 7 5 8 1 7 6 1 5 7 5 5 9 4 3 1 5 7 6 5 10 7 2 5 5 1 8 7 2 4 7 6 6 8 9 4 10 2 5 3 8 5 3 5 1 6 8 3 2 9 
7 2 8 3 5 8 2 6 9 6 10 8 9 8 4 6 2 6 7 10 8 9 5 2 6 9 2 5 6 6 3 4 8 10 3 10 4 10 3 8 7 7 6 4 2 6 10 2 7 3 6 9 6 4 3 1 2 8 10 1 10 10 7 2 6 7 5 5 9 3 8 6 5 6 1 5 10 1 4 1 9 6 8 1 1 10 8 3 2 2 1 3 4 7 5 5 9 5 3 4 6 2 7 7 10 9 1 8 10 10 2 7 10 2 2 7 2 3 2 1 10 8 5 1 3 6 6 6 
2 7 8 3 4 5 10 6 6 9 1 6 8 7 8 2 5 7 2 8 2 6 10 1 10 7 5 9 5 1 3 9 1 6 7 4 2 2 9 5 5 2 7 6 5 10 5 5 2 2 2 9 7 6 4 4 1 1 2 7 9 4 2 10 7 5 5 3 9 4 10 7 2 10 8 8 3 5 6 3 3 5 7 1 8 3 5 8 3 7 5 1 8 9 10 2 6 1 4 2 5 2 8 9 6 3 8 3 9 3 7 9 6 1 7 4 8 3 5 1 2 3 2 6 1 9 10 1 
3 8 9 5 5 1 1 10 7 5 8 3 2 7 4 1 8 3 7 9 1 4 6 9 7 2 3 10 8 2 8 5 2 1 10 4 3 4 6 5 1 3 10 10 4 9 1 5 9 5 5 4 1 6 1 2 2 5 10 6 9 9 4 4 3 10 3 1 3 9 5 1 1 10 8 3 7 1 6 8 1 6 4 9 3 6 2 5 9 7 9 6 8 4 10 7 1 5 2 9 6 7 4 5 7 5 3 3 7 1 4 9 1 5 4 5 10 3 5 4 2 3 1 10 5 8 2 9 
4 9 10 6 2 7 9 4 8 4 2 7 7 4 2 3 1 6 1 8 8 6 5 9 6 6 1 8 1 7 9 9 2 4 9 7 4 3 9 5 7 8 1 9 2 4 4 10 4 2 2 1 9 2 2 9 6 5 2 2 9 10 9 6 1 5 2 7 10 10 9 1 2 6 6 1 1 8 9 7 10 5 8 6 9 2 10 7 10 7 9 8 4 3 3 3 3 6 3 10 9 3 7 4 5 9 7 3 2 9 7 1 8 4 4 10 8 10 1 9 2 9 3 1 5 10 7 2 
5 7 10 3 4 8 8 9 7 7 7 4 1 6 5 3 9 4 10 9 1 6 6 7 7 5 8 5 6 8 9 7 2 4 1 4 3 5 2 7 9 4 1 2 9 4 5 4 3 6 2 10 7 2 3 10 3 9 4 6 1 9 5 7 3 5 1 5 7 7 3 7 8 1 5 3 7 5 8 1 3 1 3 1 2 4 5 8 10 7 5 6 2 10 8 6 3 2 5 10 7 9 5 3 4 2 8 2 4 2 2 2 5 9 4 8 10 1 1 1 1 2 8 8 8 1 6 5 
5 5 5 5 6 6 10 3 6 7 1 7 3 4 9 3 7 2 4 1 5 10 3 9 10 9 2 7 6 7 5 6 9 7 9 10 4 8 5 4 2 2 10 1 8 6 6 6 6 8 6 3 10 7 5 4 3 7 5 1 7 1 4 1 6 10 5 6 7 8 10 2 3 1 7 9 1 1 7 8 8 2 6 8 6 2 5 2 3 3 8 4 2 7 8 6 7 4 5 5 5 1 3 10 4 1 6 9 5 9 5 7 4 2 2 6 2 1 8 3 1 8 7 4 10 6 9 7 
2 10 4 3 3 8 6 7 7 10 5 7 3 4 9 7 2 4 5 4 2 3 4 6 4 2 3 5 9 9 9 7 4 9 8 8 3 3 1 1 1 5 1 3 2 2 4 5 8 5 8 8 6 1 1 8 2 7 10 4 8 3 6 10 2 9 5 1 4 7 6 2 5 4 5 2 2 6 2 8 4 8 7 5 5 10 2 8 4 5 10 7 8 9 7 2 9 3 10 3 9 10 4 1 1 2 5 5 2 2 4 1 3 7 8 7 4 2 7 4 1 2 5 9 6 8 10 5 
5 9 7 10 7 6 2 3 7 8 3 9 7 4 6 6 6 9 10 1 7 5 7 7 4 7 9 6 2 8 8 10 2 9 8 8 4 3 1 2 9 1 1 10 8 10 5 3 7 4 1 5 4 2 3 6 4 2 9 7 6 4 7 9 9 6 2 3 3 3 3 7 5 6 1 9 8 5 3 3 1 10 2 2 4 5 2 9 7 7 4 3 5 3 1 10 5 2 6 1 2 9 1 4 6 1 6 10 10 8 1 1 1 9 9 2 7 10 7 2 1 1 5 10 2 1 7 6 
4 4 10 9 10 7 8 2 3 8 2 3 1 5 5 2 3 5 2 1 8 9 5 5 9 2 7 9 6 4 2 1 5 7 5 9 9 10 4 2 5 1 8 1 6 7 1 7 1 7 7 8 1 4 6 6 8 8 2 3 10 6 10 6 3 8 10 4 2 9 9 1 5 4 3 4 6 10 3 1 3 2 10 2 4 6 6 6 10 7 5 9 9 8 8 8 10 3 1 6 8 8 1 8 7 6 1 2 8 1 3 9 9 6 6 9 6 9 5 10 7 4 9 2 5 8 6 10 
3 9 9 4 10 1 4 10 8 6 9 1 3 7 10 2 4 10 5 8 2 2 9 9 10 10 3 6 7 10 6 1 1 6 3 6 5 8 7 1 3 5 5 4 5 7 8 4 9 5 1 2 3 1 1 4 10 7 1 3 9 8 2 7 2 2 10 6 1 4 4 10 8 6 8 10 8 3 1 8 8 5 1 10 10 5 7 10 5 10 2 5 1 4 7 7 1 9 7 6 4 9 10 4 8 10 9 10 1 3 4 9 2 5 6 3 8 2 2 9 5 10 5 2 1 1 5 10 
6 8 10 2 2 5 10 10 2 10 4 1 8 8 3 3 4 2 9 10 7 1 5 7 2 10 6 10 5 6 8 8 8 4 9 8 5 9 8 4 5 3 6 2 1 3 7 1 7 10 2 3 2 8 4 1 1 9 9 1 6 5 10 9 2 10 4 2 2 6 6 1 7 1 6 6 4 10 10 1 4 1 10 4 7 10 8 2 10 9 5 3 6 10 8 3 3 1 6 2 4 5 2 5 2 3 1 2 6 8 10 9 8 6 4 3 6 1 4 1 2 8 7 9 3 6 5 5 
10 10 6 8 2 4 3 4 3 7 2 10 9 4 4 8 6 8 2 1 2 6 6 3 1 9 6 6 5 6 3 3 10 4 5 3 7 10 9 9 9 7 6 6 10 4 9 3 3 1 7 1 5 2 9 6 5 5 6 6 7 8 8 4 1 9 8 9 4 3 7 1 10 1 1 2 4 5 8 4 2 5 4 9 1 10 9 8 5 9 4 4 5 7 8 8 1 6 2 6 1 7 7 10 10 6 4 3 9 1 2 2 4 3 3 6 8 8 8 7 1 10 6 2 5 2 5 2 
2 2 10 10 8 5 10 10 1 3 8 9 6 9 4 4 4 1 9 3 3 5 8 6 10 1 7 10 8 4 7 9 7 7 10 7 10 2 7 5 9 4 3 10 1 4 2 8 6 7 9 5 3 3 2 4 5 7 3 9 5 9 10 3 6 7 1 7 9 2 10 9 3 5 3 10 6 4 2 4 3 6 3 9 2 8 7 7 2 2 3 8 2 2 1 7 2 7 9 1 10 4 3 10 2 3 8 8 9 1 4 7 7 8 10 2 4 6 9 3 1 1 8 6 8 4 4 3 
9 1 5 4 7 8 9 6 8 9 5 6 8 6 10 9 4 5 3 2 4 7 5 8 4 9 9 3 4 5 6 6 5 4 6 9 10 8 9 5 3 4 10 2 6 6 2 6 2 9 3 10 3 6 5 9 5 5 6 8 3 9 10 4 10 4 10 2 5 1 9 2 6 7 7 3 10 3 4 7 9 5 3 4 2 2 3 4 7 10 10 5 4 8 2 10 9 4 8 3 2 1 3 3 4 5 8 5 10 9 5 1 7 10 1 6 9 4 8 6 6 3 6 6 2 7 3 3 
6 5 10 7 2 1 10 8 7 6 5 2 2 2 3 1 8 3 4 4 5 9 8 3 6 9 5 7 1 10 7 4 2 9 6 3 9 5 6 1 4 6 7 8 3 1 6 9 8 1 3 9 6 5 9 5 10 2 4 8 2 8 10 6 1 8 8 3 5 8 6 7 7 2 7 1 5 8 9 4 3 5 10 10 3 7 7 7 4 7 9 8 2 10 10 7 3 4 5 2 10 3 8 1 7 7 5 9 6 2 8 1 7 5 9 1 9 6 9 9 2 5 3 5 1 8 2 4 
6 10 3 10 1 6 8 9 8 2 10 9 4 2 7 5 3 9 8 5 10 4 9 8 1 5 8 9 1 10 3 6 3 3 8 9 5 4 1 5 1 4 3 1 9 5 7 3 7 7 9 8 3 2 1 9 1 7 10 3 7 5 8 8 8 6 5 1 7 3 9 5 4 10 9 8 4 10 6 10 4 2 7 3 2 10 10 4 5 6 10 4 9 8 3 10 6 6 7 9 1 2 5 9 3 1 7 6 8 3 5 8 9 5 9 8 10 7 4 7 3 1 1 8 7 2 5 5 
3 3 10 3 2 9 3 4 9 9 7 4 9 9 4 10 7 4 6 9 6 10 6 6 10 8 4 5 2 6 9 10 1 2 9 3 1 7 8 8 5 10 6 6 9 6 7 10 1 4 2 3 6 3 10 10 5 1 5 10 3 7 9 8 10 9 6 2 4 3 7 5 9 8 1 7 4 5 9 5 10 6 1 2 2 6 2 9 7 1 2 10 9 4 6 5 4 7 5 6 5 10 1 9 6 4 8 3 1 5 7 5 1 1 10 9 7 3 6 7 9 8 4 4 5 2 3 4 
6 2 5 9 10 8 6 2 3 6 3 9 8 2 6 7 2 7 7 10 7 5 4 3 3 8 5 1 8 5 5 9 6 1 2 4 2 2 3 5 8 3 5 8 4 7 7 1 4 2 10 7 9 1 3 8 10 6 5 3 3 7 5 9 2 3 10 2 6 6 9 1 2 5 5 1 10 10 6 6 7 6 1 9 9 6 2 2 5 3 1 6 1 10 9 7 5 3 1 9 3 5 9 6 5 8 9 3 8 9 1 6 1 3 5 2 3 8 2 2 1 4 5 7 2 6 10 8 
1 5 3 2 1 7 1 9 2 3 8 4 9 2 9 8 1 2 5 4 4 8 3 3 2 7 10 6 8 10 5 9 8 3 8 2 10 5 7 2 2 1 9 4 8 1 6 6 9 1 10 9 10 9 9 8 6 3 1 6 6 6 7 2 1 1 4 5 9 5 9 3 7 9 7 8 6 1 6 4 2 3 3 1 6 10 10 9 4 1 9 7 6 4 5 2 7 4 6 6 6 8 8 1 6 3 2 1 10 4 6 1 7 10 2 10 3 10 3 3 5 9 4 4 9 10 2 7 
7 3 2 9 10 5 3 5 10 7 8 3 9 1 6 10 5 3 10 2 2 5 4 3 6 9 3 7 10 10 3 7 6 10 5 5 1 8 3 8 3 4 2 7 2 7 10 3 9 5 7 10 10 9 2 6 6 1 6 4 4 1 10 8 3 8 4 9 6 6 3 3 7 5 10 10 4 1 3 4 3 5 2 6 6 1 9 8 9 4 3 7 10 10 7 10 4 9 6 8 1 10 3 5 6 7 8 10 5 10 10 8 2 10 1 10 3 5 6 1 8 5 4 4 4 8 6 10 
9 3 8 3 3 10 6 3 7 2 5 2 7 7 3 8 4 5 3 2 1 8 4 10 7 10 2 5 3 2 9 8 1 3 6 3 9 4 9 5 4 8 8 3 7 7 7 4 5 9 4 1 1 9 9 3 2 1 5 10 2 1 9 4 3 4 7 5 3 1 7 5 8 3 7 2 7 6 10 8 5 3 8 6 4 10 7 3 6 1 8 5 10 6 1 1 5 6 3 5 7 2 9 5 4 7 10 6 2 2 5 7 1 8 1 7 9 1 5 1 3 3 8 3 4 7 4 1 
8 1 9 1 2 5 10 8 8 6 10 4 6 1 3 1 8 10 5 9 3 6 7 4 7 8 1 6 4 1 5 10 4 5 3 2 10 9 3 6 7 6 4 8 3 6 8 7 7 4 5 6 6 5 7 2 6 4 2 7 6 1 8 10 10 7 8 5 1 8 2 2 6 4 10 2 5 5 8 4 7 7 1 8 3 10 8 1 5 9 2 10 2 4 3 10 10 8 2 2 9 3 8 6 2 6 1 2 3 9 5 6 6 6 6 8 1 9 9 4 6 1 3 2 5 5 8 4 
1 10 9 1 2 7 4 10 7 3 8 9 4 8 4 2 1 9 3 4 5 1 1 3 6 10 4 4 9 8 3 3 10 5 3 1 6 3 5 5 2 2 10 8 9 7 5 7 4 4 8 5 7 10 8 4 3 7 6 5 7 3 4 8 5 5 1 6 3 8 10 8 7 2 7 4 9 8 6 1 9 6 10 1 8 10 10 10 7 7 7 2 8 2 2 7 7 5 9 8 4 1 6 5 2 1 9 1 8 4 2 9 9 6 10 2 5 2 4 1 1 2 6 10 5 6 3 6 
7 9 8 9 10 5 7 6 1 5 7 2 10 7 2 6 9 7 6 5 1 7 10 1 1 5 10 10 2 9 5 2 2 6 10 3 5 8 10 5 10 5 6 3 6 3 2 9 3 6 1 9 9 4 3 5 6 1 4 7 9 1 6 5 6 3 4 8 10 8 6 4 4 9 10 2 5 7 10 10 7 3 6 1 10 6 3 4 9 1 8 3 2 6 8 9 10 1 7 9 7 3 1 7 9 10 2 10 4 9 3 7 9 2 6 10 6 10 9 7 5 4 6 2 7 7 4 2 
8 10 2 7 4 9 3 3 9 8 1 3 8 9 10 5 1 10 1 8 5 4 1 9 10 4 10 1 3 3 4 8 2 10 9 8 7 9 2 9 4 10 1 10 4 10 3 3 10 7 10 10 1 6 3 2 2 6 1 3 8 4 3 8 7 10 2 9 6 7 3 10 7 4 8 7 3 9 7 3 9 4 1 2 7 6 3 4 8 5 6 4 3 2 9 10 7 6 10 4 8 10 1 1 6 4 6 5 9 10 1 3 5 8 10 5 8 9 9 7 2 9 6 7 5 6 3 6 
10 7 4 4 9 6 9 4 6 3 4 8 2 6 7 10 6 3 7 9 9 5 3 1 10 1 10 9 10 8 4 9 8 6 7 8 9 3 8 5 4 10 7 1 7 7 4 6 2 8 6 2 1 1 8 10 4 8 6 10 9 9 1 8 5 8 5 5 5 9 10 9 7 3 7 10 3 2 7 5 2 1 7 6 9 10 5 5 2 8 4 5 6 2 5 6 4 4 3 1 7 8 8 10 7 3 7 7 7 9 10 10 10 8 2 8 5 8 7 2 9 5 7 9 2 1 6 4 
6 2 7 4 8 4 7 8 5 3 8 9 4 1 9 1 3 4 5 7 2 7 5 9 2 6 9 3 10 3 6 3 8 9 6 2 6 4 2 6 5 8 5 2 1 10 8 9 1 8 4 1 9 8 7 3 6 3 6 3 4 1 5 2 5 2 9 8 4 1 5 9 9 4 6 7 4 4 3 8 5 1 7 10 2 4 9 10 5 9 4 3 2 1 8 3 4 7 8 5 1 8 2 6 7 6 5 4 9 3 8 7 1 3 6 3 6 4 6 6 5 1 7 3 10 4 2 2 
3 2 9 10 6 10 3 6 2 8 3 8 5 10 1 7 5 4 4 3 10 4 8 6 2 6 6 1 9 8 1 2 10 3 3 9 8 8 8 3 8 5 5 4 1 9 4 6 4 10 3 8 8 9 6 10 7 4 2 1 4 8 2 7 7 5 10 2 10 2 9 2 8 4 3 9 8 9 6 9 6 6 8 2 6 1 9 8 6 7 4 4 6 2 9 3 3 4 2 5 9 7 10 3 10 4 7 4 6 9 1 10 2 4 9 6 6 1 1 2 1 10 10 7 1 3 2 3 
5 7 7 6 9 10 1 2 6 9 5 6 7 6 5 1 4 10 7 7 1 6 4 10 10 1 6 1 6 8 6 3 3 1 5 4 1 3 8 4 7 10 5 10 9 9 3 2 9 2 6 3 9 6 10 6 7 10 5 4 3 7 3 2 9 5 3 1 1 9 4 9 4 4 5 10 8 3 2 8 10 5 9 6 9 10 9 1 2 8 1 9 1 9 1 8 9 6 2 8 7 4 6 3 7 10 3 5 3 2 3 2 4 8 5 2 5 9 8 10 5 7 4 2 9 9 5 6 
8 1 9 4 9 7 10 9 6 3 4 1 1 4 3 7 3 10 10 4 9 1 9 6 7 5 9 4 8 3 10 10 1 1 2 4 7 10 4 4 7 10 1 4 1 4 5 2 7 10 3 1 4 5 2 6 2 9 7 5 8 1 5 8 7 10 6 1 6 1 4 10 4 5 4 2 7 9 2 2 10 3 7 10 5 6 9 6 4 3 6 8 8 1 4 1 3 8 3 2 4 1 9 5 7 1 2 10 8 8 8 7 10 7 9 1 10 1 5 8 4 6 2 3 1 1 8 4 
6 10 1 7 1 3 7 5 3 10 5 8 10 7 9 7 9 6 4 6 3 5 1 7 8 3 4 1 6 6 3 9 3 3 6 8 3 4 8 2 9 4 9 1 7 1 5 5 7 9 2 2 10 2 6 10 9 6 6 2 4 4 4 4 8 6 7 1 4 6 10 5 6 7 3 3 3 8 5 3 10 6 2 10 7 7 1 10 9 7 3 6 1 10 9 3 8 2 3 8 9 1 3 8 2 2 3 4 3 5 9 3 3 9 3 9 8 2 5 2 3 5 10 1 6 4 3 6 
6 3 5 5 10 10 9 5 2 10 8 2 6 5 2 4 10 7 3 7 2 9 2 2 8 1 8 1 7 7 2 3 9 1 8 3 5 1 2 4 1 7 2 7 10 9 6 4 2 10 9 8 1 7 5 1 3 3 4 10 2 1 9 1 9 2 10 9 4 1 4 6 8 6 7 5 7 10 9 3 3 3 6 9 4 2 5 4 5 3 8 10 6 3 8 1 9 2 3 10 5 2 1 5 7 10 4 1 2 2 2 4 10 7 7 8 5 6 4 5 10 7 7 3 4 1 1 2 
194 61 65 134 120 140 86 60 118 94 99 103 128 120 127 118 133 102 63 94 97 139 121 164 38 136 84 93 111 80 79 106 49 43 69 133 158 180 81 41 27 111 145 144 108 165 87 73 66 59 94 123 139 43 168 40 122 33 34 107 65 108 159 113 116 97 98 135 122 8 104 80 78 181 116 165 107 179 87 116 130 107 63 105 86 115 122 71 18 117 120 102 126 66 125 90 91 72 14 24 32 123 153 162 133 99 34 163 147 146 92 139 93 132 70 27 135 54 54 143 112 128 73 66 148 109 138 147 
61 132 141 120 94 17 83 18 164 124 128 121 87 122 55 115 106 88 54 73 144 14 99 128 154 72 92 27 40 154 71 67 112 36 66 108 115 151 97 99 48 122 141 52 118 110 191 117 98 90 127 52 103 81 163 37 185 81 131 151 103 160 76 165 75 153 65 69 81 64 68 131 69 161 120 103 104 28 135 170 51 74 120 112 170 56 154 137 29 95 94 91 118 69 113 145 45 116 117 67 74 113 95 98 178 44 82 171 173 83 115 68 137 122 138 100 40 98 148 17 155 98 42 99 132 181 103 139 
65 141 14 93 129 46 129 132 86 61 121 129 80 136 57 109 98 146 162 63 161 124 62 147 190 40 125 76 113 96 62 30 98 44 117 125 100 146 68 154 75 145 100 72 56 37 52 111 138 127 82 118 73 4 89 124 135 113 122 132 58 51 63 56 83 163 129 75 104 103 91 86 136 88 147 124 65 119 31 98 66 101 88 100 96 82 72 109 70 145 85 135 69 115 92 85 99 110 84 104 116 59 131 150 105 159 73 86 79 146 104 110 116 54 139 113 138 108 25 90 137 37 95 165 72 137 71 103 
134 120 93 148 148 112 98 169 112 154 38 35 115 111 141 48 41 98 158 113 70 31 75 91 149 94 84 168 66 6 77 175 96 152 11 24 54 123 94 83 163 101 105 131 47 187 39 87 95 80 185 58 83 73 39 113 81 130 125 181 158 112 69 167 125 109 125 123 27 12 138 71 151 171 46 81 88 78 66 28 143 167 42 101 127 138 72 67 74 50 101 108 176 44 132 133 163 105 94 109 59 80 106 182 123 125 66 87 78 126 97 113 58 130 125 113 81 92 85 102 105 89 146 108 51 110 100 91 
120 94 129 148 72 78 173 162 55 44 79 78 125 70 80 95 161 151 106 128 105 112 66 59 156 57 52 63 188 138 61 143 102 52 76 165 19 85 114 88 89 184 144 193 70 79 174 59 89 165 104 98 90 161 78 27 44 46 192 145 107 44 37 97 51 113 111 164 83 172 133 125 120 91 12 105 81 97 113 124 75 142 20 27 58 70 94 97 70 75 87 72 135 145 76 99 86 107 109 122 143 81 68 110 103 106 104 113 52 58 108 146 57 98 139 138 111 38 116 107 93 94 131 140 47 68 119 111 
140 17 46 112 78 38 71 51 137 130 156 30 42 83 158 49 73 136 110 85 139 70 139 128 122 82 151 144 136 48 89 148 155 164 45 138 42 89 97 98 133 153 104 121 106 29 44 138 27 48 104 92 29 88 35 85 23 19 93 109 130 56 125 107 70 125 120 166 167 139 190 79 76 129 103 182 96 104 109 160 125 108 198 161 24 62 51 30 89 113 81 90 105 54 86 106 49 118 75 60 105 162 88 137 108 93 165 110 41 131 64 78 114 102 148 135 88 64 45 108 105 157 143 33 47 138 64 87 
86 83 129 98 173 71 72 191 129 141 82 103 35 189 94 85 71 169 99 74 37 155 128 137 39 26 128 95 45 153 99 84 94 176 135 79 75 117 162 112 69 127 86 103 85 173 42 92 5 186 145 143 10 140 105 90 101 86 70 110 42 59 185 64 127 121 136 139 99 27 90 165 151 26 166 179 116 99 34 41 145 85 8 113 109 135 150 60 18 112 73 32 156 83 147 160 58 40 71 110 25 146 91 62 72 115 82 171 41 106 108 172 155 128 49 95 104 124 138 36 104 120 82 103 162 162 151 83 
60 18 132 169 162 51 191 40 72 124 112 70 85 119 71 132 61 87 31 137 113 76 120 38 59 135 40 59 171 178 141 110 192 154 94 64 115 145 162 111 176 119 55 80 150 183 149 127 100 82 67 98 53 81 50 150 59 38 109 115 75 74 131 115 117 112 93 126 117 149 35 87 122 116 57 167 105 115 122 27 41 43 120 111 108 71 119 109 135 137 140 98 70 151 78 114 107 119 31 89 123 53 148 70 153 100 112 105 71 91 116 151 91 113 122 70 114 115 150 104 64 63 72 61 133 152 94 132 
118 164 86 112 55 137 129 72 102 78 114 87 90 121 92 102 26 130 90 66 152 105 37 123 102 12 14 83 119 147 106 159 58 70 118 57 124 104 65 102 74 183 144 104 79 59 32 64 70 12 70 152 39 42 106 106 100 125 143 159 89 99 68 35 86 89 90 169 75 109 174 113 107 135 169 104 74 110 187 87 9 113 62 160 22 154 132 42 84 75 93 154 46 135 46 150 87 172 142 92 189 120 130 102 73 96 137 28 111 58 137 67 107 107 169 129 160 97 50 99 163 85 149 129 139 85 52 39 
94 124 61 154 44 130 141 124 78 26 134 153 76 167 113 112 55 130 165 26 112 19 128 42 56 44 87 122 112 99 161 95 123 68 63 86 84 113 9 94 134 48 129 63 62 77 76 88 91 96 150 112 74 58 69 78 174 116 41 66 34 118 69 68 157 142 103 138 126 72 119 97 111 134 128 97 103 86 104 160 62 92 75 105 88 95 162 104 42 113 108 128 18 86 35 111 144 72 100 85 102 99 14 75 105 77 51 144 144 106 102 112 59 121 35 49 191 53 143 161 29 119 78 60 67 129 99 66 
99 128 121 38 79 156 82 112 114 134 134 129 166 76 33 133 97 46 120 93 124 92 156 152 182 93 175 110 56 62 19 130 105 91 110 107 84 76 157 32 181 114 114 131 47 89 75 102 92 157 122 63 140 54 70 49 159 152 33 45 90 131 37 171 121 128 102 49 95 103 78 61 75 100 44 91 107 97 106 123 157 180 35 83 157 111 104 155 133 37 132 162 89 112 116 20 154 133 176 85 88 44 95 101 160 20 28 128 30 114 143 149 125 127 51 44 109 154 192 79 159 87 145 68 147 166 63 83 
103 121 129 35 78 30 103 70 87 153 129 56 160 104 81 75 160 96 52 125 159 132 125 76 42 71 174 68 126 89 73 61 175 73 118 64 50 128 52 102 108 71 144 118 93 61 59 65 71 85 47 94 145 112 61 67 99 88 169 53 88 181 94 91 48 147 100 142 32 108 103 148 96 158 96 40 84 137 152 70 35 151 73 45 60 69 106 108 41 88 81 128 113 129 111 105 92 76 139 120 46 106 16 49 62 69 18 47 161 45 118 109 81 141 97 97 113 126 110 75 97 174 84 102 61 107 163 153 
128 87 80 115 125 42 35 85 90 76 166 160 12 172 135 101 148 55 105 122 75 98 93 108 113 121 98 93 88 67 139 76 132 67 28 151 138 38 157 137 95 84 145 55 184 114 88 97 18 58 71 110 86 139 165 140 86 72 81 160 120 129 98 86 172 124 170 187 102 79 163 159 64 157 168 83 78 91 80 67 81 189 174 98 149 151 111 112 145 120 61 155 117 116 157 100 75 99 42 108 47 102 133 137 43 37 150 139 45 141 90 98 73 73 122 115 94 158 89 82 77 69 90 71 167 72 108 132 
120 122 136 111 70 83 189 119 121 167 76 104 172 190 81 94 150 75 59 139 51 103 151 44 110 68 106 101 156 148 72 48 94 90 43 101 68 22 95 98 190 131 101 83 54 28 150 119 172 125 172 90 11 140 39 116 60 133 116 111 121 111 136 47 77 142 81 167 133 151 63 58 118 114 80 25 91 82 116 87 89 108 103 85 145 71 130 172 103 73 88 54 55 79 42 35 87 27 59 54 143 89 80 152 158 104 71 72 134 51 117 50 103 111 124 67 98 90 136 130 86 69 115 156 135 149 102 40 
127 55 57 141 80 158 94 71 92 113 33 81 135 81 190 117 82 72 97 119 112 67 95 27 24 140 106 114 115 167 145 113 84 106 152 51 66 67 67 11 115 97 62 49 53 50 154 141 104 71 37 61 44 171 138 125 66 75 66 138 139 66 84 87 117 139 94 98 172 131 52 147 102 125 152 42 152 154 128 172 99 153 96 137 40 46 159 60 137 82 83 84 34 103 88 102 142 167 34 126 121 130 103 77 70 64 121 102 116 121 149 27 137 78 52 48 26 22 169 123 66 106 160 147 95 109 85 121 
118 115 109 48 95 49 85 132 102 112 133 75 101 94 117 134 123 68 117 91 40 99 76 80 37 137 100 83 158 87 97 28 85 108 45 74 116 127 81 142 94 123 108 144 125 127 139 149 66 69 36 158 43 75 57 22 151 88 166 147 90 111 52 176 122 132 87 127 178 99 85 132 78 134 50 92 70 80 86 8 106 166 72 99 50 119 47 89 73 40 175 116 117 51 84 76 99 77 123 76 120 70 120 95 115 102 113 64 80 143 127 113 66 160 39 84 127 114 90 102 106 116 177 41 130 128 31 142 
133 106 98 41 161 73 71 61 26 55 97 160 148 150 82 123 56 167 127 94 109 26 126 101 131 166 96 57 69 148 113 102 43 133 54 91 110 114 77 80 181 103 36 85 127 89 47 142 114 64 162 60 70 88 80 60 136 78 104 93 48 118 49 99 163 44 164 139 48 41 160 54 102 74 177 116 111 108 109 147 148 128 123 93 131 99 57 46 66 105 61 57 182 29 106 101 44 29 115 92 123 119 30 78 188 91 83 165 95 170 135 129 109 89 172 90 117 88 124 98 107 118 76 86 165 93 87 90 
102 88 146 98 151 136 169 87 130 130 46 96 55 75 72 68 167 84 129 8 47 131 96 59 180 84 70 92 90 152 99 68 118 100 101 100 130 103 88 81 171 49 84 72 82 90 69 138 173 28 89 96 154 75 64 109 163 127 138 133 146 115 138 95 61 126 110 60 53 111 81 129 110 148 142 94 160 74 59 47 131 90 111 159 103 152 102 172 142 127 114 79 101 85 114 132 86 41 57 90 72 83 101 60 85 49 152 99 161 104 54 105 115 144 20 98 82 123 121 142 122 122 76 99 118 86 145 95 
63 54 162 158 106 110 99 31 90 165 120 52 105 59 97 117 127 129 76 92 123 67 98 152 112 62 118 93 82 91 68 93 174 117 8 80 19 138 44 98 55 126 77 142 104 93 108 50 76 6 93 88 55 89 100 51 154 115 110 130 157 87 68 108 84 87 53 121 97 57 47 138 36 53 177 138 95 128 137 96 94 81 83 88 52 118 96 161 78 40 104 80 126 116 101 32 117 42 102 188 9 67 69 95 93 24 98 120 94 85 141 44 77 77 101 87 60 141 53 94 44 86 101 127 149 121 147 65 
94 73 63 113 128 85 74 137 66 26 93 125 122 139 119 91 94 8 92 122 92 112 115 56 87 23 112 145 26 79 38 79 134 132 167 92 97 131 187 124 97 181 107 39 93 85 46 108 77 60 87 126 33 102 167 98 147 112 148 132 109 95 80 191 160 29 96 123 118 97 185 38 91 128 55 121 92 88 125 136 58 66 103 120 77 139 64 75 92 88 71 183 79 78 116 99 112 146 76 135 90 93 73 93 135 151 102 47 106 79 183 46 161 160 98 95 69 87 70 111 54 166 18 78 174 31 42 43 
97 144 161 70 105 139 37 113 152 112 124 159 75 51 112 40 109 47 123 92 48 146 164 160 106 64 78 160 132 36 111 66 85 142 39 39 53 54 120 156 68 92 130 97 124 137 43 179 87 40 49 105 165 141 169 105 143 118 172 102 134 117 116 59 35 149 97 99 87 48 90 115 172 156 109 164 125 93 45 146 58 66 36 125 148 101 158 58 77 74 121 129 89 70 150 86 67 64 79 55 103 99 127 82 71 61 138 32 111 25 114 42 130 35 53 153 90 161 56 64 26 92 108 124 80 126 131 106 
139 14 124 31 112 70 155 76 105 19 92 132 98 103 67 99 26 131 67 112 146 24 56 179 148 160 60 168 48 66 80 94 180 56 111 144 93 173 120 186 184 165 122 153 76 74 88 123 120 118 108 68 138 108 128 128 40 78 109 81 156 100 29 169 49 87 188 89 122 103 116 24 171 184 91 123 96 155 75 61 135 84 121 113 42 158 91 143 128 109 74 30 126 117 155 124 63 85 153 90 141 166 92 125 72 69 158 105 148 149 141 52 106 80 72 61 83 164 159 45 59 57 28 55 125 23 82 158 
121 99 62 75 66 139 128 120 37 128 156 125 93 151 95 76 126 96 98 115 164 56 8 41 48 90 16 103 121 95 84 94 31 17 124 49 69 153 111 114 43 130 123 55 87 184 163 136 90 40 107 90 146 122 118 116 60 113 39 75 175 124 111 95 72 130 122 102 114 89 67 41 90 15 143 111 138 125 134 179 99 177 27 161 148 112 131 70 51 128 49 119 78 95 88 147 107 69 38 159 113 78 76 58 85 40 14 155 178 87 166 94 87 148 193 111 97 137 34 141 62 88 15 117 59 74 53 127 
164 128 147 91 59 128 137 38 123 42 152 76 108 44 27 80 101 59 152 56 160 179 41 188 86 30 195 128 10 124 118 112 118 128 150 66 89 83 91 123 155 51 137 105 154 94 60 26 114 90 124 81 112 136 51 80 62 190 109 159 164 46 98 105 153 121 166 146 27 105 154 91 52 30 133 120 106 145 90 51 145 145 106 140 104 83 127 171 126 108 48 59 193 170 74 126 107 84 171 120 138 74 82 175 73 156 42 179 107 41 109 94 51 94 178 29 122 69 72 58 120 94 113 112 70 149 13 59 
38 154 190 149 156 122 39 59 102 56 182 42 113 110 24 37 131 180 112 87 106 148 48 86 146 119 51 88 47 57 41 109 105 86 86 58 158 189 97 35 82 63 114 82 82 86 149 167 88 126 94 168 139 114 95 157 37 67 126 118 178 105 103 131 180 65 82 117 161 90 28 144 135 146 65 8 116 80 168 27 177 109 55 110 43 58 161 93 149 139 65 53 172 137 151 63 29 111 122 88 190 121 148 88 21 62 75 101 121 58 97 158 75 149 82 12 108 174 165 148 37 180 146 65 80 43 113 51 
136 72 40 94 57 82 26 135 12 44 93 71 121 68 140 137 166 84 62 23 64 160 90 30 119 194 76 78 93 116 51 132 91 71 123 37 176 105 116 117 106 170 99 104 116 167 171 176 129 93 149 143 151 20 122 183 75 154 81 43 51 45 133 67 128 154 41 99 56 108 91 94 88 53 154 103 113 138 117 91 111 89 72 119 80 147 87 69 149 75 76 114 80 78 114 130 69 145 144 82 74 80 66 95 56 152 160 91 170 106 64 147 22 59 115 111 84 88 42 126 106 21 91 94 105 98 52 35 
84 92 125 84 52 151 128 40 14 87 175 174 98 106 106 100 96 70 118 112 78 60 16 195 51 76 170 154 112 149 56 116 61 105 93 80 113 92 66 108 72 72 172 112 116 41 94 85 135 154 110 174 34 164 111 136 83 94 166 26 154 107 52 120 101 96 107 108 154 26 31 136 108 98 79 83 42 90 83 90 145 142 44 139 70 98 46 109 52 40 159 112 62 143 71 126 145 124 130 83 181 142 122 33 162 75 180 95 124 152 39 42 98 126 167 98 91 187 139 88 49 31 113 114 136 79 33 188 
93 27 76 168 63 144 95 59 83 122 110 68 93 101 114 83 57 92 93 145 160 168 103 128 88 78 154 62 104 126 133 43 96 179 98 72 92 106 107 71 87 72 36 125 121 36 191 91 84 81 70 111 141 142 120 135 63 128 105 42 97 69 157 115 57 27 111 141 123 79 151 104 15 57 137 49 96 59 117 127 127 164 162 92 39 71 186 125 124 97 141 100 57 131 69 130 89 151 141 83 111 111 138 109 79 53 115 123 108 112 61 69 109 70 91 94 72 119 127 134 43 103 112 107 59 79 92 147 
111 40 113 66 188 136 45 171 119 112 56 126 88 156 115 158 69 90 82 26 132 48 121 10 47 93 112 104 52 36 82 90 15 144 103 77 103 72 103 82 154 110 43 90 107 67 72 121 134 136 135 20 119 139 138 55 81 12 66 181 107 106 129 115 28 46 68 91 137 145 109 80 122 190 117 164 87 99 70 77 108 80 108 41 97 128 54 123 72 129 107 51 52 169 181 153 108 63 113 86 133 124 142 66 66 95 61 156 35 121 105 129 84 141 176 12 72 156 120 99 129 123 104 83 130 64 172 89 
80 154 96 6 138 48 153 178 147 99 62 89 67 148 167 87 148 152 91 79 36 66 95 124 57 116 149 126 36 70 46 184 114 70 98 154 3 94 69 26 22 89 147 120 95 93 33 10 66 33 98 85 59 96 153 51 79 57 66 139 112 105 108 93 37 69 143 119 157 88 142 43 73 81 91 108 183 120 77 122 60 151 169 151 171 61 49 43 143 129 113 41 159 110 105 65 101 156 90 107 108 139 108 154 130 167 87 95 165 105 122 61 78 167 102 17 27 88 173 37 112 39 75 167 69 75 134 141 
79 71 62 77 61 89 99 141 106 161 19 73 139 72 145 97 113 99 68 38 111 80 84 118 41 51 56 133 82 46 116 148 140 115 41 46 77 94 71 153 99 139 110 88 132 178 150 58 124 124 142 183 100 103 22 142 167 117 75 105 111 97 66 135 131 139 120 115 155 62 74 121 113 187 77 163 108 163 77 128 150 32 100 41 81 129 119 151 110 38 154 56 146 120 106 89 199 60 36 89 96 183 108 157 46 140 133 91 97 71 178 92 147 83 53 17 112 133 41 101 142 150 80 152 141 121 43 83 
106 67 30 175 143 148 84 110 159 95 130 61 76 48 113 28 102 68 93 79 66 94 94 112 109 132 116 43 90 184 148 124 19 104 154 59 117 117 131 171 52 105 98 63 85 99 135 159 66 48 118 108 32 61 34 88 143 39 131 146 149 107 37 93 40 163 77 39 177 70 105 86 39 31 59 146 130 5 67 115 157 114 77 119 149 154 118 84 62 11 155 49 85 153 120 136 118 36 87 102 75 109 92 135 39 109 119 148 86 124 176 92 45 91 130 95 105 131 101 125 10 74 123 96 149 15 73 40 
49 112 98 96 102 155 94 192 58 123 105 175 132 94 84 85 43 118 174 134 85 180 31 118 105 91 61 96 15 114 140 19 176 64 65 102 95 148 132 120 172 133 127 160 85 67 132 111 89 69 131 40 122 61 104 14 142 142 110 128 37 74 130 108 167 112 38 73 110 45 85 101 108 112 140 177 148 36 94 94 184 107 101 134 92 148 161 27 146 101 82 97 188 42 157 117 145 131 135 129 171 125 78 113 132 67 159 113 180 168 40 150 42 128 52 150 192 64 60 33 39 128 151 72 136 170 35 120 
43 36 44 152 52 164 176 154 70 68 91 73 67 90 106 108 133 100 117 132 142 56 17 128 86 71 105 179 144 70 115 104 64 156 112 72 94 58 122 95 50 53 83 68 133 69 111 160 97 183 76 98 175 90 110 126 139 34 124 72 45 44 51 84 68 138 94 87 180 90 43 121 146 88 49 89 118 53 168 39 80 114 103 32 131 54 92 109 100 151 130 119 183 72 118 110 123 87 24 194 126 141 130 88 66 78 192 83 107 128 89 113 124 137 99 60 126 38 152 102 93 55 135 120 79 84 104 79 
69 66 117 11 76 45 135 94 118 63 110 118 28 43 152 45 54 101 8 167 39 111 124 150 86 123 93 98 103 98 41 154 65 112 92 71 103 38 176 114 185 49 102 114 143 60 100 43 106 135 77 84 46 139 85 112 80 66 177 126 88 167 97 26 52 104 61 20 111 107 83 168 117 152 165 113 102 100 98 118 118 90 107 179 33 97 116 141 146 100 96 105 57 101 38 90 155 47 86 91 174 176 126 78 165 102 134 157 101 59 149 86 132 194 77 72 69 156 85 49 112 98 54 176 126 109 81 137 
133 108 125 24 165 138 79 64 57 86 107 64 151 101 51 74 91 100 80 92 39 144 49 66 58 37 80 72 77 154 46 59 102 72 71 138 158 44 105 25 124 58 61 49 130 56 146 82 110 77 108 47 69 112 149 112 112 152 140 75 143 182 190 96 104 124 105 145 153 67 101 79 106 92 145 113 64 73 101 86 129 119 76 117 124 76 72 30 144 30 148 97 166 100 139 80 172 148 100 190 134 71 90 112 150 122 96 120 54 122 166 86 71 154 85 79 56 99 32 101 137 101 149 82 177 63 55 76 
158 115 100 54 19 42 75 115 124 84 84 50 138 68 66 116 110 130 19 97 53 93 69 89 158 176 113 92 103 3 77 117 95 94 103 158 176 138 180 93 112 108 86 189 148 138 181 54 107 145 103 78 67 54 136 18 52 168 65 95 126 109 148 139 153 100 76 127 132 160 120 97 92 141 163 50 64 163 96 83 64 77 84 174 34 147 144 72 81 58 63 69 54 32 107 103 133 149 121 76 145 115 65 87 131 40 115 131 114 91 39 64 79 43 141 62 129 121 133 132 76 45 95 112 107 103 118 48 
180 151 146 123 85 89 117 145 104 113 76 128 38 22 67 127 114 103 138 131 54 173 153 83 189 105 92 106 72 94 94 117 148 58 38 44 138 146 93 75 80 101 99 172 89 32 72 45 121 113 57 98 146 133 171 149 59 114 92 153 48 55 99 48 108 134 101 136 68 74 118 112 73 63 73 15 96 79 120 133 103 160 68 109 155 68 82 175 54 169 144 114 26 109 71 61 135 74 54 40 95 42 84 150 117 40 105 124 56 166 45 78 142 76 138 123 86 169 33 57 162 131 106 119 53 93 73 145 
81 97 68 94 114 97 162 162 65 9 157 52 157 95 67 81 77 88 44 187 120 120 111 91 97 116 66 107 103 69 71 131 132 122 176 105 180 93 174 94 119 185 80 132 86 29 30 111 136 143 167 163 107 67 113 13 31 32 75 112 123 73 140 37 112 89 36 160 51 112 65 145 122 88 93 165 157 92 143 76 29 120 81 136 45 176 132 65 128 165 128 30 100 74 58 155 85 62 85 181 144 141 116 91 124 104 51 138 40 132 65 48 175 57 114 147 146 126 104 66 156 157 97 99 112 39 104 164 
41 99 154 83 88 98 112 111 102 94 32 102 137 98 11 142 80 81 98 124 156 186 114 123 35 117 108 71 82 26 153 171 120 95 114 25 93 75 94 38 91 83 56 136 100 73 100 47 109 74 94 96 109 86 142 118 164 193 141 99 92 93 182 127 137 58 81 39 116 49 65 119 97 112 124 93 44 169 88 151 89 87 98 64 143 66 86 130 58 88 70 125 51 106 128 169 34 36 51 90 126 155 81 61 105 88 123 129 142 175 151 132 33 47 73 89 99 88 130 67 64 118 131 78 166 124 48 142 
27 48 75 163 89 133 69 176 74 134 181 108 95 190 115 94 181 171 55 97 68 184 43 155 82 106 72 87 154 22 99 52 172 50 185 124 112 80 119 91 144 141 40 55 150 78 74 139 146 59 45 120 152 126 79 63 109 123 84 103 52 140 60 147 87 10 106 111 173 56 44 141 84 95 136 138 115 63 98 89 86 103 156 23 104 55 139 129 112 134 144 183 65 81 78 86 99 140 128 107 37 75 103 76 83 163 115 98 116 190 101 81 145 147 153 99 38 52 23 81 89 124 56 124 133 79 76 106 
111 122 145 101 184 153 127 119 183 48 114 71 84 131 97 123 103 49 126 181 92 165 130 51 63 170 72 72 110 89 139 105 133 53 49 58 108 101 185 83 141 120 89 130 137 134 156 95 58 129 162 152 117 59 132 147 133 107 80 92 54 21 146 111 69 123 96 60 124 104 72 25 142 114 171 130 90 95 83 49 68 157 105 29 112 70 93 99 91 124 52 181 129 70 94 35 84 162 148 158 66 57 79 129 16 93 71 65 14 112 99 97 102 56 107 150 145 188 82 96 135 18 156 91 141 67 149 104 
145 141 100 105 144 104 86 55 144 129 114 144 145 101 62 108 36 84 77 107 130 122 123 137 114 99 172 36 43 147 110 98 127 83 102 61 86 99 80 56 40 89 118 108 63 107 57 114 42 48 185 92 126 96 127 38 62 126 87 87 59 186 74 105 164 11 100 70 96 73 10 90 97 77 87 136 101 117 122 42 91 116 68 92 54 74 43 94 25 108 157 47 134 42 100 94 46 57 66 25 77 145 134 48 106 152 111 136 171 78 83 146 111 57 173 140 104 72 76 69 133 129 30 167 45 71 67 187 
144 52 72 131 193 121 103 80 104 63 131 118 55 83 49 144 85 72 142 39 97 153 55 105 82 104 112 125 90 120 88 63 160 68 114 49 189 172 132 136 55 130 108 84 134 86 132 34 69 174 124 104 153 157 103 72 111 142 137 100 157 69 105 98 172 35 102 124 39 129 95 105 62 87 104 69 184 144 55 77 175 108 93 176 58 153 39 65 98 61 67 97 121 150 162 96 84 124 39 172 102 93 92 192 44 114 155 121 124 152 89 123 118 122 24 73 180 44 60 127 172 102 133 51 63 143 78 20 
108 118 56 47 70 106 85 150 79 62 47 93 184 54 53 125 127 82 104 93 124 76 87 154 82 116 116 121 107 95 132 85 85 133 143 130 148 89 86 100 150 137 63 134 160 45 165 75 100 89 177 102 47 108 51 111 69 122 163 111 161 52 88 18 85 169 83 144 185 79 52 112 94 158 168 98 48 113 145 77 192 126 69 73 102 76 78 131 80 135 25 83 97 101 121 73 129 83 149 66 146 74 82 60 138 141 119 119 125 45 110 111 51 53 38 105 179 99 159 110 39 80 128 123 116 133 87 172 
165 110 37 187 79 29 173 183 59 77 89 61 114 28 50 127 89 90 93 85 137 74 184 94 86 167 41 36 67 93 178 99 67 69 60 56 138 32 29 73 78 134 107 86 45 200 93 127 50 95 49 108 111 111 80 126 29 11 92 38 75 79 23 125 166 37 97 59 136 117 150 47 144 113 138 147 66 76 91 75 140 111 147 126 114 79 139 156 95 88 143 121 87 60 100 66 90 53 49 47 81 99 41 67 118 133 75 39 130 117 81 80 95 133 84 90 161 180 142 177 41 125 61 99 87 98 113 96 
87 191 52 39 174 44 42 149 32 76 75 59 88 150 154 139 47 69 108 46 43 88 163 60 149 171 94 191 72 33 150 135 132 111 100 146 181 72 30 100 74 156 57 132 165 93 76 148 80 136 70 69 69 112 89 72 100 34 84 103 103 36 74 23 97 145 76 125 106 84 27 70 68 32 151 140 135 83 48 101 129 85 106 116 51 110 100 119 147 106 173 131 119 87 76 100 48 8 60 35 192 50 78 120 119 120 113 150 101 166 82 118 146 147 101 95 157 106 68 130 91 192 110 111 140 84 107 120 
73 117 111 87 59 138 92 127 64 88 102 65 97 119 141 149 142 138 50 108 179 123 136 26 167 176 85 91 121 10 58 159 111 160 43 82 54 45 111 47 139 95 114 34 75 127 148 30 143 52 153 68 133 44 109 186 122 135 91 152 81 136 142 168 139 105 116 163 55 139 114 138 24 89 61 114 91 102 54 129 65 136 104 93 121 85 134 138 135 125 111 133 111 119 33 97 100 11 93 80 88 190 100 102 154 102 83 82 36 132 143 143 184 45 190 68 45 29 119 134 76 119 95 101 67 83 104 122 
66 98 138 95 89 27 5 100 70 91 92 71 18 172 104 66 114 173 76 77 87 120 90 114 88 129 135 84 134 66 124 66 89 97 106 110 107 121 136 109 146 58 42 69 100 50 80 143 86 81 81 98 28 111 63 82 119 135 55 102 27 129 58 105 54 135 82 46 190 114 112 127 165 97 142 164 104 126 29 112 72 97 160 81 135 120 124 96 59 121 89 136 99 30 48 121 101 68 153 121 84 32 120 35 132 147 84 116 16 156 105 47 73 121 51 67 179 78 197 108 27 97 99 143 84 158 124 164 
59 90 127 80 165 48 186 82 12 96 157 85 58 125 71 69 64 28 6 60 40 118 40 90 126 93 154 81 136 33 124 48 69 183 135 77 145 113 143 74 59 129 48 174 89 95 136 52 81 140 124 53 65 69 125 73 145 143 129 126 144 72 86 97 146 101 84 74 59 56 146 113 67 128 74 164 79 94 58 102 90 110 165 114 63 56 82 57 64 52 79 46 75 85 97 124 76 120 79 54 104 85 145 77 58 140 55 92 83 144 153 108 25 87 161 66 136 130 108 163 89 51 95 78 121 63 129 93 
94 127 82 185 104 104 145 67 70 150 122 47 71 172 37 36 162 89 93 87 49 108 107 124 94 149 110 70 135 98 142 118 131 76 77 108 103 57 167 94 45 162 185 124 177 49 70 153 81 124 138 91 55 78 35 32 32 150 128 99 39 109 92 134 11 113 75 104 169 142 150 64 95 131 188 166 102 92 114 181 146 110 155 67 130 155 159 88 122 130 101 78 85 144 101 132 97 119 155 69 191 124 122 137 72 97 128 96 133 88 70 87 144 94 76 127 156 170 111 134 41 147 36 144 80 114 112 112 
123 52 118 58 98 92 143 98 152 112 63 94 110 90 61 158 60 96 88 126 105 68 90 81 168 143 174 111 20 85 183 108 40 98 84 47 78 98 163 96 120 152 92 104 102 108 69 68 98 53 91 180 100 125 159 106 147 91 111 104 141 107 143 33 153 162 91 188 92 153 106 93 84 47 99 77 147 77 119 112 129 98 91 127 59 149 33 47 82 164 67 107 126 184 19 76 173 30 63 132 85 137 98 105 64 143 104 53 69 168 15 105 9 121 24 93 86 103 29 119 73 35 96 130 122 153 149 105 
139 103 73 83 90 29 10 53 39 74 140 145 86 11 44 43 70 154 55 33 165 138 146 112 139 151 34 141 119 59 100 32 122 175 46 69 67 146 107 109 152 117 126 153 47 111 69 133 28 65 55 100 72 121 58 159 27 44 122 78 52 135 165 120 105 118 81 54 144 59 186 20 140 143 181 155 156 121 99 124 176 170 66 96 95 83 49 93 119 120 100 112 57 57 134 113 17 164 166 135 78 69 116 49 77 116 48 68 120 42 49 105 124 65 118 174 166 73 152 123 75 91 36 118 112 77 185 71 
43 81 4 73 161 88 140 81 42 58 54 112 139 140 171 75 88 75 89 102 141 108 122 136 114 20 164 142 139 96 103 61 61 90 139 112 54 133 67 86 126 59 96 157 108 111 112 44 111 69 78 125 121 126 168 8 71 146 53 94 122 178 95 126 72 140 114 102 82 87 52 96 158 112 86 132 109 143 91 99 36 189 141 52 134 120 139 175 117 140 109 68 103 43 99 91 99 78 40 66 80 144 155 56 121 65 90 17 121 161 131 148 121 192 172 135 116 103 154 78 76 44 116 173 83 106 141 72 
168 163 89 39 78 35 105 50 106 69 70 61 165 39 138 57 80 64 100 167 169 128 118 51 95 122 111 120 138 153 22 34 104 110 85 149 136 171 113 142 79 132 127 103 51 80 89 109 63 125 35 159 58 168 188 143 199 167 96 146 59 82 28 133 59 197 104 138 67 16 177 113 18 158 95 140 39 26 114 119 162 52 126 64 56 117 121 70 130 45 114 92 78 106 37 63 87 56 132 129 145 102 72 158 117 150 144 185 125 46 126 79 150 84 53 77 138 140 77 180 134 143 113 132 10 72 107 25 
40 37 124 113 27 85 90 150 106 78 49 67 140 116 125 22 60 109 51 98 105 128 116 80 157 183 136 135 55 51 142 88 14 126 112 112 18 149 13 118 63 147 38 72 111 126 72 186 82 73 32 106 159 8 143 34 114 96 117 56 162 127 53 109 180 106 119 100 112 49 93 107 79 72 96 74 86 35 47 161 67 130 141 54 34 60 101 175 109 63 134 111 60 117 39 43 65 20 41 106 54 131 165 86 73 45 49 54 118 152 109 129 114 132 127 59 88 141 67 88 113 148 96 63 123 169 30 28 
122 185 135 81 44 23 101 59 100 174 159 99 86 60 66 151 136 163 154 147 143 40 60 62 37 75 83 63 81 79 167 143 142 139 80 112 52 59 31 164 109 133 62 111 69 29 100 122 119 145 32 147 27 71 199 114 74 44 76 118 89 61 127 187 114 44 40 70 64 112 89 56 127 75 158 94 78 75 130 95 94 125 96 85 92 110 93 81 45 103 57 153 147 113 139 104 76 74 152 99 178 110 101 57 85 95 95 109 104 105 76 108 100 111 42 63 113 135 32 64 123 52 81 95 96 127 112 119 
33 81 113 130 46 19 86 38 125 116 152 88 72 133 75 88 78 127 115 112 118 78 113 190 67 154 94 128 12 57 117 39 142 34 66 152 168 114 32 193 123 107 126 142 122 11 34 135 135 143 150 91 44 146 167 96 44 110 94 70 151 149 112 34 106 105 137 62 94 186 72 102 182 66 76 133 115 160 114 100 71 118 87 171 126 117 15 103 63 44 155 100 7 109 68 63 178 124 79 29 60 141 166 45 22 166 106 101 122 113 60 23 90 133 150 131 132 158 145 138 189 148 113 96 166 138 157 86 
34 131 122 125 192 93 70 109 143 41 33 169 81 116 66 166 104 138 110 148 172 109 39 109 126 81 166 105 66 66 75 131 110 124 177 140 65 92 75 141 84 80 87 137 163 92 84 91 55 129 128 111 122 53 96 117 76 94 72 60 63 113 89 110 71 113 148 94 83 74 79 148 60 136 18 119 199 111 182 112 87 116 105 93 85 144 127 164 135 109 93 147 128 4 112 75 120 114 78 55 141 134 55 92 51 133 81 74 132 156 147 86 66 93 123 24 106 84 82 105 80 72 59 34 130 96 37 58 
107 151 132 181 145 109 110 115 159 66 45 53 160 111 138 147 93 133 130 132 102 81 75 159 118 43 26 42 181 139 105 146 128 72 126 75 95 153 112 99 103 92 87 100 111 38 103 152 102 126 99 104 78 94 146 56 118 70 60 174 93 167 116 73 11 140 114 29 103 137 107 160 123 62 90 146 119 66 130 122 92 92 102 72 81 70 95 155 156 118 122 101 71 149 127 89 58 55 117 163 98 117 157 161 96 108 148 75 70 154 110 176 103 55 143 17 84 133 48 61 76 169 66 63 152 129 122 98 
65 103 58 158 107 130 42 75 89 34 90 88 120 121 139 90 48 146 157 109 134 156 175 164 178 51 154 97 107 112 111 149 37 45 88 143 126 48 123 92 52 54 59 157 161 75 103 81 27 144 39 141 52 122 59 162 89 151 63 93 108 185 119 79 70 130 85 70 45 143 98 15 59 59 78 107 124 138 63 73 139 27 38 24 126 138 49 66 106 119 129 36 142 50 107 66 158 127 151 154 110 74 98 69 30 88 127 92 115 182 69 78 136 84 146 87 78 63 130 83 148 131 139 160 52 63 21 142 
108 160 51 112 44 56 59 74 99 118 131 181 129 111 66 111 118 115 87 95 117 100 124 46 105 45 107 69 106 105 97 107 74 44 167 182 109 55 73 93 140 21 186 69 52 79 36 136 129 72 109 107 135 178 82 127 61 149 113 167 185 158 64 42 79 131 52 142 61 104 88 89 31 108 175 75 121 45 109 32 60 128 63 86 132 79 148 104 62 20 118 26 158 44 66 64 110 111 105 146 158 153 81 122 160 175 84 130 125 112 117 82 52 132 169 49 41 88 136 81 78 90 32 40 130 122 47 135 
159 76 63 69 37 125 185 131 68 69 37 94 98 136 84 52 49 138 68 80 116 29 111 98 103 133 52 157 129 108 66 37 130 51 97 190 148 99 140 182 60 146 74 105 88 23 74 142 58 86 92 143 165 95 28 53 127 112 89 116 119 64 190 138 26 87 145 52 101 31 103 149 49 94 78 72 113 118 59 136 142 139 168 60 179 111 112 165 112 99 76 42 152 146 165 84 49 72 117 88 121 134 114 152 110 45 180 101 43 198 67 114 47 148 186 70 107 115 76 151 82 127 125 163 91 103 161 86 
113 165 56 167 97 107 64 115 35 68 171 91 86 47 87 176 99 95 108 191 59 169 95 105 131 67 120 115 115 93 135 93 108 84 26 96 139 48 37 127 147 111 105 98 18 125 23 168 105 97 134 33 120 126 133 109 187 34 110 73 79 42 138 84 100 80 77 115 75 78 55 181 80 142 63 188 162 47 56 89 98 77 137 121 78 115 182 20 123 110 53 117 7 83 117 75 83 185 18 141 52 74 134 26 79 75 110 164 158 105 76 46 83 72 132 139 57 85 145 126 90 138 25 97 65 96 84 107 
116 75 83 125 51 70 127 117 86 157 121 48 172 77 117 122 163 61 84 160 35 49 72 153 180 128 101 57 28 37 131 40 167 68 52 104 153 108 112 137 87 69 164 172 85 166 97 139 54 146 11 153 105 72 59 180 114 106 71 11 70 79 26 100 154 115 122 7 65 141 115 41 125 169 131 109 45 92 109 131 45 91 46 87 101 91 54 123 139 73 111 108 64 12 54 149 97 126 150 65 111 103 71 41 56 36 32 58 109 135 95 83 27 70 129 126 186 80 53 78 153 168 63 94 115 176 61 143 
97 153 163 109 113 125 121 112 89 142 128 147 124 142 139 132 44 126 87 29 149 87 130 121 65 154 96 27 46 69 139 163 112 138 104 124 100 134 89 58 10 123 11 35 169 37 145 105 135 101 113 162 118 140 197 106 44 105 113 140 130 131 87 80 115 4 152 95 162 152 98 117 98 120 58 100 58 118 163 93 112 171 192 119 79 127 68 161 63 101 119 130 103 69 44 112 76 47 147 50 90 171 107 106 145 94 82 80 93 83 154 52 70 153 35 106 94 102 71 188 181 149 44 101 93 82 160 105 
98 65 129 125 111 120 136 93 90 103 102 100 170 81 94 87 164 110 53 96 97 188 122 166 82 41 107 111 68 143 120 77 38 94 61 105 76 101 36 81 106 96 100 102 83 97 76 116 82 84 75 91 81 114 104 119 40 137 148 114 85 52 145 77 122 152 136 155 83 117 135 46 50 111 138 104 158 96 27 149 32 20 100 149 100 94 69 115 118 84 114 72 79 34 106 157 113 79 155 185 57 21 101 50 18 43 125 25 104 66 179 78 69 97 37 99 85 74 146 127 80 106 104 82 144 125 35 19 
135 69 75 123 164 166 139 126 169 138 49 142 187 167 98 127 139 60 121 123 99 89 102 146 117 99 108 141 91 119 115 39 73 87 20 145 127 136 160 39 111 60 70 124 144 59 125 163 46 74 104 188 54 102 138 100 70 62 94 29 70 142 52 115 7 95 155 12 96 100 27 74 83 170 81 149 145 60 151 159 80 68 73 96 78 120 87 45 70 120 159 120 15 65 137 174 76 55 78 113 95 108 68 120 74 110 88 77 67 145 164 103 106 108 131 14 35 48 133 148 189 128 74 71 73 10 173 93 
122 81 104 27 83 167 99 117 75 126 95 32 102 133 172 178 48 53 97 118 87 122 114 27 161 56 154 123 137 157 155 177 110 180 111 153 132 68 51 116 173 124 96 39 185 136 106 55 190 59 169 92 144 82 67 112 64 94 83 103 45 61 101 75 65 162 83 96 92 60 132 193 142 47 109 81 61 66 16 172 127 132 123 98 117 81 100 71 43 163 49 65 42 101 138 85 92 175 149 123 62 137 72 95 148 100 18 54 123 54 99 144 109 174 100 122 70 112 61 161 157 18 123 109 116 67 122 81 
8 64 103 12 172 139 27 149 109 72 103 108 79 151 131 99 41 111 57 97 48 103 89 105 90 108 26 79 145 88 62 70 45 90 107 67 160 74 112 49 56 104 73 129 79 117 84 139 114 56 142 153 59 87 16 49 112 186 74 137 143 104 31 78 141 152 117 100 60 162 171 38 129 83 49 31 166 153 73 30 143 64 68 149 19 52 135 70 172 117 154 59 38 122 64 86 107 74 37 120 98 56 22 139 132 111 145 70 153 57 93 77 45 149 85 112 113 37 111 111 134 42 102 78 73 102 87 48 
104 68 91 138 133 190 90 35 174 119 78 103 163 63 52 85 160 81 47 185 90 116 67 154 28 91 31 151 109 142 74 105 85 43 83 101 120 118 65 65 44 72 10 95 52 150 27 114 112 146 150 106 186 52 177 93 89 72 79 107 98 88 103 55 115 98 135 27 132 171 110 53 159 175 160 78 121 83 64 151 96 128 154 59 136 164 63 91 121 135 54 24 54 110 79 159 126 118 137 102 150 118 116 146 120 170 62 139 109 79 32 124 77 120 65 138 130 61 106 104 85 140 118 166 96 124 39 143 
80 131 86 71 125 79 165 87 113 97 61 148 159 58 147 132 54 129 138 38 115 24 41 91 144 94 136 104 80 43 121 86 101 121 168 79 97 112 145 119 141 25 90 105 112 47 70 138 127 113 64 93 20 96 113 107 56 102 148 160 15 89 149 181 41 117 46 74 193 38 53 82 43 109 150 71 148 60 128 167 108 104 90 179 42 62 34 114 117 105 75 29 148 136 8 52 134 100 43 109 84 159 25 137 183 32 154 76 104 108 56 100 106 57 64 40 100 146 177 34 93 159 125 135 116 38 24 101 
78 69 136 151 120 76 151 122 107 111 75 96 64 118 102 78 102 110 36 91 172 171 90 52 135 88 108 15 122 73 113 39 108 146 117 106 92 73 122 97 84 142 97 62 94 144 68 24 165 67 95 84 140 158 18 79 127 182 60 123 59 31 49 80 125 98 50 83 142 129 159 43 128 114 66 108 96 171 73 28 140 179 157 47 35 179 78 185 51 47 73 87 61 79 35 128 35 105 157 39 39 67 58 93 39 96 92 102 134 129 130 114 83 95 60 118 84 81 173 191 133 77 71 3 90 46 112 59 
181 161 88 171 91 129 26 116 135 134 100 158 157 114 125 134 74 148 53 128 156 184 15 30 146 53 98 57 190 81 187 31 112 88 152 92 141 63 88 112 95 114 77 87 158 113 32 89 97 128 131 47 143 112 158 72 75 66 136 62 59 108 94 142 169 120 111 170 47 83 175 109 114 78 46 137 156 109 131 26 107 35 51 87 100 161 118 73 169 22 71 116 97 65 80 135 116 89 149 75 151 153 74 103 189 95 120 100 113 135 88 170 173 73 55 73 76 111 42 89 133 42 148 24 149 52 86 137 
116 120 147 46 12 103 166 57 169 128 44 96 168 80 152 50 177 142 177 55 109 91 143 133 65 154 79 137 117 91 77 59 140 49 165 145 163 73 93 124 136 171 87 104 168 138 151 61 142 74 188 99 181 86 95 96 158 76 18 90 78 175 78 63 131 58 138 81 109 49 160 150 66 46 26 78 58 89 77 70 127 103 68 78 140 115 54 99 170 132 114 112 111 56 119 48 107 22 13 47 99 73 44 141 87 114 112 112 126 116 167 152 136 150 84 21 82 95 155 141 82 161 124 81 192 12 142 121 
165 103 124 81 105 182 179 167 104 97 91 40 83 25 42 92 116 94 138 121 164 123 111 120 8 103 83 49 164 108 163 146 177 89 113 113 50 15 165 93 138 130 136 69 98 147 140 114 164 164 166 77 155 132 140 74 94 133 119 146 107 75 72 188 109 100 104 149 81 31 78 71 108 137 78 200 75 120 69 98 97 75 131 171 50 92 100 96 134 97 95 58 79 148 76 47 144 129 95 159 165 104 91 17 64 70 143 32 60 120 155 124 35 84 98 147 96 169 169 149 85 48 20 87 85 62 87 65 
107 104 65 88 81 96 116 105 74 103 107 84 78 91 152 70 111 160 95 92 125 96 138 106 116 113 42 96 87 183 108 130 148 118 102 64 64 96 157 44 115 90 101 184 48 66 135 91 104 79 102 147 156 109 39 86 78 115 199 119 124 121 113 162 45 58 158 145 61 166 121 148 96 156 58 75 24 67 120 63 83 139 89 184 71 87 67 89 147 143 97 138 98 74 130 166 97 90 132 43 104 104 88 190 88 100 68 126 71 92 98 109 126 83 4 102 135 33 63 97 119 132 87 112 52 115 144 145 
179 28 119 78 97 104 99 115 110 86 97 137 91 82 154 80 108 74 128 88 93 155 125 145 80 138 90 59 99 120 163 5 36 53 100 73 163 79 92 169 63 95 117 144 113 76 83 102 126 94 92 77 121 143 26 35 75 160 111 66 138 45 118 47 92 118 96 60 66 153 83 60 171 109 89 120 67 150 107 107 39 83 159 92 108 144 113 73 38 136 142 135 42 134 67 50 31 48 89 172 82 23 144 119 119 38 53 35 108 118 18 71 134 57 81 83 72 108 32 146 85 63 42 167 51 150 44 168 
87 135 31 66 113 109 34 122 187 104 106 152 80 116 128 86 109 59 137 125 45 75 134 90 168 117 83 117 70 77 77 67 94 168 98 101 96 120 143 88 98 83 122 55 145 91 48 54 29 58 114 119 99 91 114 47 130 114 182 130 63 109 59 56 109 163 27 151 16 73 64 128 73 131 77 69 120 107 40 90 80 188 56 53 26 71 155 104 110 48 144 131 119 89 118 7 179 95 73 92 47 115 64 73 90 52 76 51 50 71 107 153 116 102 82 84 127 155 169 153 138 76 162 79 94 158 63 138 
116 170 98 28 124 160 41 27 87 160 123 70 67 87 172 8 147 47 96 136 146 61 179 51 27 91 90 127 77 122 128 115 94 39 118 86 83 133 76 151 89 49 42 77 77 75 101 129 112 102 181 112 124 99 119 161 95 100 112 122 73 32 136 89 131 93 149 159 172 30 151 167 28 26 70 98 63 107 90 48 157 97 43 103 27 71 97 116 158 124 111 140 152 187 82 111 99 134 124 81 70 111 52 139 85 113 147 32 51 115 114 178 161 110 13 75 115 115 99 145 106 46 97 77 100 146 52 65 
130 51 66 143 75 125 145 41 9 62 157 35 81 89 99 106 148 131 94 58 58 135 99 145 177 111 145 127 108 60 150 157 184 80 118 129 64 103 29 89 86 68 91 175 192 140 129 65 72 90 146 129 176 36 162 67 94 71 87 92 139 60 142 98 45 112 32 80 127 143 96 108 140 107 127 97 83 39 80 157 190 108 56 150 138 77 70 126 81 85 112 106 120 61 111 128 67 79 189 145 89 160 103 120 108 109 152 98 59 128 106 72 103 136 55 100 37 106 60 121 118 78 96 145 139 12 111 93 
107 74 101 167 142 108 85 43 113 92 180 151 189 108 153 166 128 90 81 66 66 84 177 145 109 89 142 164 80 151 32 114 107 114 90 119 77 160 120 87 103 157 116 108 126 111 85 136 97 110 110 98 170 189 52 130 125 118 116 92 27 128 139 77 91 171 20 68 132 64 128 104 179 35 103 75 139 83 188 97 108 190 28 29 174 102 197 177 98 148 63 80 101 74 55 106 83 69 35 120 36 85 82 81 109 193 70 142 105 97 168 118 9 91 151 105 116 119 39 103 111 57 78 92 132 46 152 168 
63 120 88 42 20 198 8 120 62 75 35 73 174 103 96 72 123 111 83 103 36 121 27 106 55 72 44 162 108 169 100 77 101 103 107 76 84 68 81 98 156 105 68 93 69 147 106 104 160 165 155 91 66 141 126 141 96 87 105 102 38 63 168 137 46 192 100 73 123 68 154 90 157 51 68 131 89 159 56 43 56 28 158 88 70 113 74 94 103 104 31 69 110 73 31 103 107 161 45 105 164 152 58 142 96 114 90 161 94 60 126 124 89 29 170 175 145 118 87 133 87 55 67 145 69 117 79 57 
105 112 100 101 27 161 113 111 160 105 83 45 98 85 137 99 93 159 88 120 125 113 161 140 110 119 139 92 41 151 41 119 134 32 179 117 174 109 136 64 23 29 92 176 73 126 116 93 81 114 67 127 96 52 64 54 85 171 93 72 24 86 60 121 87 119 149 96 98 149 59 179 47 87 78 171 184 92 53 103 150 29 88 178 130 55 145 40 79 117 51 68 37 90 92 102 112 61 146 111 80 113 180 34 37 76 158 119 191 106 63 105 104 55 88 8 96 54 106 107 180 88 66 125 156 66 97 105 
86 170 96 127 58 24 109 108 22 88 157 60 149 145 40 50 131 103 52 77 148 42 148 104 43 80 70 39 97 171 81 149 92 131 33 124 34 155 45 143 104 112 54 58 102 114 51 121 135 63 130 59 95 134 56 34 92 126 85 81 126 132 179 78 101 79 100 78 117 19 136 42 35 100 140 50 71 108 26 27 138 174 70 130 190 20 83 123 127 111 131 131 120 98 46 158 53 110 121 74 94 72 45 93 97 152 45 162 121 43 115 70 90 128 163 151 87 167 119 116 98 93 97 129 162 97 86 59 
115 56 82 138 70 62 135 71 154 95 111 69 151 71 46 119 99 152 118 139 101 158 112 83 58 147 98 71 128 61 129 154 148 54 97 76 147 68 176 66 55 70 74 153 76 79 110 85 120 56 155 149 83 120 117 60 110 117 144 70 138 79 111 115 91 127 94 120 81 52 164 62 179 161 115 92 87 144 71 71 77 102 113 55 20 120 83 168 142 107 115 90 142 171 76 185 62 133 93 94 79 40 140 104 89 44 115 82 22 150 64 79 158 87 101 128 18 105 109 108 51 184 154 80 173 118 119 119 
122 154 72 72 94 51 150 119 132 162 104 106 111 130 159 47 57 102 96 64 158 91 131 127 161 87 46 186 54 49 119 118 161 92 116 72 144 82 132 86 139 93 43 39 78 139 100 134 124 82 159 33 49 139 121 101 93 15 127 95 49 148 112 182 54 68 69 87 100 135 63 34 78 118 54 100 67 113 155 97 70 197 74 145 83 83 46 98 75 119 124 44 111 134 151 64 74 77 139 49 90 134 76 125 119 53 17 117 67 78 73 160 73 82 75 85 60 46 48 113 120 92 118 103 101 36 173 180 
71 137 109 67 97 30 60 109 42 104 155 108 112 172 60 89 46 172 161 75 58 143 70 171 93 69 109 125 123 43 151 84 27 109 141 30 72 175 65 130 129 99 94 65 131 156 119 138 96 57 88 47 93 175 70 175 81 103 164 155 66 104 165 20 123 161 115 45 71 70 91 114 185 73 99 96 89 73 104 116 126 177 94 40 123 168 98 38 53 158 41 68 152 147 104 132 67 164 105 109 67 147 109 112 124 47 63 190 67 172 71 30 103 123 155 89 138 158 111 18 87 72 113 45 66 86 102 20 
18 29 70 74 70 89 18 135 84 42 133 41 145 103 137 73 66 142 78 92 77 128 51 126 149 149 52 124 72 143 110 62 146 100 146 144 81 54 128 58 112 91 25 98 80 95 147 135 59 64 122 82 119 117 130 109 45 63 135 156 106 62 112 123 139 63 118 70 43 172 121 117 51 169 170 134 147 38 110 158 81 98 103 79 127 142 75 53 12 53 137 76 135 139 143 159 83 10 66 61 25 75 96 68 65 100 138 74 115 114 36 38 75 149 88 48 90 88 80 117 77 53 91 83 86 130 147 51 
117 95 145 50 75 113 112 137 75 113 37 88 120 73 82 40 105 127 40 88 74 109 128 108 139 75 40 97 129 129 38 11 101 151 100 30 58 169 165 88 134 124 108 61 135 88 106 125 121 52 130 164 120 140 45 63 103 44 109 118 119 20 99 110 73 101 84 120 163 117 135 105 47 22 132 97 143 136 48 124 85 148 104 117 111 107 119 158 53 36 128 133 119 146 72 135 22 67 114 127 40 109 102 123 110 94 117 141 137 75 58 53 87 48 77 83 132 131 112 85 126 52 174 173 48 77 61 128 
120 94 85 101 87 81 73 140 93 108 132 81 61 88 83 175 61 114 104 71 121 74 49 48 65 76 159 141 107 113 154 155 82 130 96 148 63 144 128 70 144 52 157 67 25 143 173 111 89 79 101 67 100 109 114 134 57 155 93 122 129 118 76 53 111 119 114 159 49 154 54 75 73 71 114 95 97 142 144 111 112 63 31 51 131 115 124 41 137 128 98 56 48 119 171 98 119 95 45 71 22 20 148 135 40 73 127 28 119 137 86 169 110 108 146 16 171 164 158 124 79 135 19 137 162 173 174 88 
102 91 135 108 72 90 32 98 154 128 162 128 155 54 84 116 57 79 80 183 129 30 119 59 53 114 112 100 51 41 56 49 97 119 105 97 69 114 30 125 183 181 47 97 83 121 131 133 136 46 78 107 112 68 92 111 153 100 147 101 36 26 42 117 108 130 72 120 65 59 24 29 87 116 112 58 138 135 131 140 106 80 69 68 131 90 44 68 76 133 56 68 27 162 114 68 6 62 108 122 98 72 134 118 154 100 108 153 128 63 96 120 115 44 77 57 88 99 99 114 129 78 36 89 120 85 146 64 
126 118 69 176 135 105 156 70 46 18 89 113 117 55 34 117 182 101 126 79 89 126 78 193 172 80 62 57 52 159 146 85 188 183 57 166 54 26 100 51 65 129 134 121 97 87 119 111 99 75 85 126 57 103 78 60 147 7 128 71 142 158 152 7 64 103 79 15 42 38 54 148 61 97 111 79 98 42 119 152 120 101 110 37 120 142 111 152 135 119 48 27 126 115 99 113 131 131 77 104 55 84 133 107 138 141 78 107 169 152 105 162 72 63 73 117 136 50 140 166 104 101 132 162 126 108 100 146 
66 69 115 44 145 54 83 151 135 86 112 129 116 79 103 51 29 85 116 78 70 117 95 170 137 78 143 131 169 110 120 153 42 72 101 100 32 109 74 106 81 70 42 150 101 60 87 119 30 85 144 184 57 43 106 117 113 109 4 149 50 44 146 83 12 69 34 65 101 122 110 136 79 65 56 148 74 134 89 187 61 74 73 90 98 171 134 147 139 146 119 162 115 36 113 49 77 95 26 41 130 33 112 85 53 70 155 134 97 104 122 179 147 72 46 68 109 81 101 107 89 94 76 59 130 73 40 29 
125 113 92 132 76 86 147 78 46 35 116 111 157 42 88 84 106 114 101 116 150 155 88 74 151 114 71 69 181 105 106 120 157 118 38 139 107 71 58 128 78 94 100 162 121 100 76 33 48 97 101 19 134 99 37 39 139 68 112 127 107 66 165 117 54 44 106 137 138 64 79 8 35 80 119 76 130 67 118 82 111 55 31 92 46 76 151 104 143 72 171 114 99 113 196 133 160 144 47 106 168 121 125 113 99 152 78 97 59 106 133 161 129 163 105 82 26 69 26 39 119 135 133 109 76 86 91 59 
90 145 85 133 99 106 160 114 150 111 20 105 100 35 102 76 101 132 32 99 86 124 147 126 63 130 126 130 153 65 89 136 117 110 90 80 103 61 155 169 86 35 94 96 73 66 100 97 121 124 132 76 113 91 63 43 104 63 75 89 66 64 84 75 149 112 157 174 85 86 159 52 128 135 48 47 166 50 7 111 128 106 103 102 158 185 64 132 159 135 98 68 113 49 133 40 55 123 189 118 47 30 62 34 41 102 168 162 69 166 113 122 88 106 51 117 100 135 178 116 123 67 105 115 147 43 140 39 
91 45 99 163 86 49 58 107 87 144 154 92 75 87 142 99 44 86 117 112 67 63 107 107 29 69 145 89 108 101 199 118 145 123 155 172 133 135 85 34 99 84 46 84 129 90 48 100 101 76 97 173 17 99 87 65 76 178 120 58 158 110 49 83 97 76 113 76 92 107 126 134 35 116 107 144 97 31 179 99 67 83 107 112 53 62 74 67 83 22 119 6 131 77 160 55 170 76 69 83 98 111 152 168 96 125 116 118 71 144 122 95 102 32 125 144 124 48 71 160 53 31 96 43 108 123 103 52 
72 116 110 105 107 118 40 119 172 72 133 76 99 27 167 77 29 41 42 146 64 85 69 84 111 145 124 151 63 156 60 36 131 87 47 148 149 74 62 36 140 162 57 124 83 53 8 11 68 120 119 30 164 78 56 20 74 124 114 55 127 111 72 185 126 47 79 55 175 74 118 100 105 89 22 129 90 48 95 134 79 69 161 61 110 133 77 164 10 67 95 62 131 95 144 123 76 140 130 30 89 148 151 123 173 113 48 138 145 149 46 110 135 86 91 103 80 65 124 64 45 43 71 118 135 89 112 83 
14 117 84 94 109 75 71 31 142 100 176 139 42 59 34 123 115 57 102 76 79 153 38 171 122 144 130 141 113 90 36 87 135 24 86 100 121 54 85 51 128 148 66 39 149 49 60 93 153 79 155 63 166 40 132 41 152 79 78 117 151 105 117 18 150 147 155 78 149 37 137 43 157 149 13 95 132 89 73 124 189 35 45 146 121 93 139 105 66 114 45 108 77 26 47 189 69 130 62 96 145 97 179 165 95 72 104 35 90 105 43 134 98 145 160 86 56 125 94 95 67 74 149 138 123 36 140 32 
24 67 104 109 122 60 110 89 92 85 85 120 108 54 126 76 92 90 188 135 55 90 159 120 88 82 83 83 86 107 89 102 129 194 91 190 76 40 181 90 107 158 25 172 66 47 35 80 121 54 69 132 135 66 129 106 99 29 55 163 154 146 88 141 65 50 185 113 123 120 102 109 39 75 47 159 43 172 92 81 145 120 105 111 74 94 49 109 61 127 71 122 104 41 106 118 83 30 96 2 83 166 47 140 52 117 95 80 107 78 80 182 96 42 139 90 61 127 117 80 60 63 112 37 59 126 150 107 
32 74 116 59 143 105 25 123 189 102 88 46 47 143 121 120 123 72 9 90 103 141 113 138 190 74 181 111 133 108 96 75 171 126 174 134 145 95 144 126 37 66 77 102 146 81 192 88 84 104 191 85 78 80 145 54 178 60 141 98 110 158 121 52 111 90 57 95 62 98 150 84 39 151 99 165 104 82 47 70 89 36 164 80 94 79 90 67 25 40 22 98 55 130 168 47 98 89 145 83 130 117 165 130 13 158 84 64 137 98 108 97 159 81 79 193 144 92 99 36 91 76 179 143 87 79 88 180 
123 113 59 80 81 162 146 53 120 99 44 106 102 89 130 70 119 83 67 93 99 166 78 74 121 80 142 111 124 139 183 109 125 141 176 71 115 42 141 155 75 57 145 93 74 99 50 190 32 85 124 137 69 144 102 131 110 141 134 117 74 153 134 74 103 171 21 108 137 56 118 159 67 153 73 104 104 23 115 111 160 85 152 113 72 40 134 147 75 109 20 72 84 33 121 30 111 148 97 166 117 16 105 148 130 101 97 57 121 138 109 107 145 63 82 96 90 84 99 156 135 117 100 99 108 99 51 168 
153 95 131 106 68 88 91 148 130 14 95 16 133 80 103 120 30 101 69 73 127 92 76 82 148 66 122 138 142 108 108 92 78 130 126 90 65 84 116 81 103 79 134 92 82 41 78 100 120 145 122 98 116 155 72 165 101 166 55 157 98 81 114 134 71 107 101 68 72 22 116 25 58 74 44 91 88 144 64 52 103 82 58 180 45 140 76 109 96 102 148 134 133 112 125 62 152 151 179 47 165 105 176 76 122 147 117 123 105 19 44 91 113 90 160 87 86 126 157 126 97 40 87 88 12 157 175 162 
162 98 150 182 110 137 62 70 102 75 101 49 137 152 77 95 78 60 95 93 82 125 58 175 88 95 33 109 66 154 157 135 113 88 78 112 87 150 91 61 76 129 48 192 60 67 120 102 35 77 137 105 49 56 158 86 57 45 92 161 69 122 152 26 41 106 50 120 95 139 146 137 93 103 141 17 190 119 73 139 120 81 142 34 93 104 125 112 68 123 135 118 107 85 113 34 168 123 165 140 130 148 76 176 121 61 154 47 134 103 117 185 140 56 139 136 101 108 92 136 52 98 118 68 157 136 57 153 
133 178 105 123 103 108 72 153 73 105 160 62 43 158 70 115 188 85 93 135 71 72 85 73 21 56 162 79 66 130 46 39 132 66 165 150 131 117 124 105 83 16 106 44 138 118 119 154 132 58 72 64 77 121 117 73 85 22 51 96 30 160 110 79 56 145 18 74 148 132 120 183 39 189 87 64 88 119 90 85 108 109 96 37 97 89 119 124 65 110 40 154 138 53 99 41 96 173 95 52 13 130 122 121 134 69 110 110 93 157 151 77 107 111 61 24 95 12 46 177 146 151 163 97 54 79 116 90 
99 44 159 125 106 93 115 100 96 77 20 69 37 104 64 102 91 49 24 151 61 69 40 156 62 152 75 53 95 167 140 109 67 78 102 122 40 40 104 88 163 93 152 114 141 133 120 102 147 140 97 143 116 65 150 45 95 166 133 108 88 175 45 75 36 94 43 110 100 111 170 32 96 95 114 70 100 38 52 113 109 193 114 76 152 44 53 47 100 94 73 100 141 70 152 102 125 113 72 117 158 101 147 61 69 10 109 146 21 57 28 106 51 121 126 157 45 32 161 93 49 129 108 133 79 95 135 89 
34 82 73 66 104 165 82 112 137 51 28 18 150 71 121 113 83 152 98 102 138 158 14 42 75 160 180 115 61 87 133 119 159 192 134 96 115 105 51 123 115 71 111 155 119 75 113 83 84 55 128 104 48 90 144 49 95 106 81 148 127 84 180 110 32 82 125 88 18 145 62 154 92 120 112 143 68 53 76 147 152 70 90 158 45 115 17 63 138 117 127 108 78 155 78 168 116 48 104 95 84 97 117 154 110 109 60 42 126 93 64 20 70 50 156 65 83 64 69 86 110 85 152 40 113 94 188 142 
163 171 86 87 113 110 171 105 28 144 128 47 139 72 102 64 165 99 120 47 32 105 155 179 101 91 95 123 156 95 91 148 113 83 157 120 131 124 138 129 98 65 136 121 119 39 150 82 116 92 96 53 68 17 185 54 109 101 74 75 92 130 101 164 58 80 25 77 54 70 139 76 102 100 112 32 126 35 51 32 98 142 161 119 162 82 117 190 74 141 28 153 107 134 97 162 118 138 35 80 64 57 123 47 110 146 42 64 98 89 102 122 62 78 21 116 60 60 58 46 152 67 131 117 55 108 119 131 
147 173 79 78 52 41 41 71 111 144 30 161 45 134 116 80 95 161 94 106 111 148 178 107 121 170 124 108 35 165 97 86 180 107 101 54 114 56 40 142 116 14 171 124 125 130 101 36 16 83 133 69 120 121 125 118 104 122 132 70 115 125 43 158 109 93 104 67 123 153 109 104 134 113 126 60 71 108 50 51 59 105 94 191 121 22 67 67 115 137 119 128 169 97 59 69 71 145 90 107 137 121 105 134 93 21 126 98 180 67 59 136 69 92 52 64 176 72 107 98 128 37 110 105 133 78 59 129 
146 83 146 126 58 131 106 91 58 106 114 45 141 51 121 143 170 104 85 79 25 149 87 41 58 106 152 112 121 105 71 124 168 128 59 122 91 166 132 175 190 112 78 152 45 117 166 132 156 144 88 168 42 161 46 152 105 113 156 154 182 112 198 105 135 83 66 145 54 57 79 108 129 135 116 120 92 118 71 115 128 97 60 106 43 150 78 172 114 75 137 63 152 104 106 166 144 149 105 78 98 138 19 103 157 57 93 89 67 166 53 99 134 170 128 79 132 108 62 106 169 124 157 111 111 58 103 119 
92 115 104 97 108 64 108 116 137 102 143 118 90 117 149 127 135 54 141 183 114 141 166 109 97 64 39 61 105 122 178 176 40 89 149 166 39 45 65 151 101 99 83 89 110 81 82 143 105 153 70 15 49 131 126 109 76 60 147 110 69 117 67 76 95 154 179 164 99 93 32 56 130 88 167 155 98 18 107 114 106 168 126 63 115 64 73 71 36 58 86 96 105 122 133 113 122 46 43 80 108 109 44 117 151 28 64 102 59 53 82 137 45 106 93 38 110 114 92 150 80 145 127 79 63 159 189 73 
139 68 110 113 146 78 172 151 67 112 149 109 98 50 27 113 129 105 44 46 42 52 94 94 158 147 42 69 129 61 92 92 150 113 86 86 64 78 48 132 81 97 146 123 111 80 118 143 47 108 87 105 105 148 79 129 108 23 86 176 78 82 114 46 83 52 78 103 144 77 124 100 114 170 152 124 109 71 153 178 72 118 124 105 70 79 160 30 38 53 169 120 162 179 161 122 95 110 134 182 97 107 91 185 77 106 20 122 136 99 137 30 46 137 101 161 83 35 24 111 164 26 98 139 44 153 173 43 
93 137 116 58 57 114 155 91 107 59 125 81 73 103 137 66 109 115 77 161 130 106 87 51 75 22 98 109 84 78 147 45 42 124 132 71 79 142 175 33 145 102 111 118 51 95 146 184 73 25 144 9 124 121 150 114 100 90 66 103 136 52 47 83 27 70 69 106 109 45 77 106 83 173 136 35 126 134 116 161 103 9 89 104 90 158 73 103 75 87 110 115 72 147 129 88 102 135 98 96 159 145 113 140 107 51 70 62 69 134 45 46 102 195 139 27 160 65 91 140 109 64 142 69 84 116 147 82 
132 122 54 130 98 102 128 113 107 121 127 141 73 111 78 160 89 144 77 160 35 80 148 94 149 59 126 70 141 167 83 91 128 137 194 154 43 76 57 47 147 56 57 122 53 133 147 45 121 87 94 121 65 192 84 132 111 133 93 55 84 132 148 72 70 153 97 108 174 149 120 57 95 73 150 84 83 57 102 110 136 91 29 55 128 87 82 123 149 48 108 44 63 72 163 106 32 86 145 42 81 63 90 56 111 121 50 78 92 170 106 137 195 148 144 142 103 53 117 53 121 71 104 78 183 114 171 132 
70 138 139 125 139 148 49 122 169 35 51 97 122 124 52 39 172 20 101 98 53 72 193 178 82 115 167 91 176 102 53 130 52 99 77 85 141 138 114 73 153 107 173 24 38 84 101 190 51 161 76 24 118 172 53 127 42 150 123 143 146 169 186 132 129 35 37 131 100 85 65 64 60 55 84 98 4 81 82 13 55 151 170 88 163 101 75 155 88 77 146 77 73 46 105 51 125 91 160 139 79 82 160 139 61 126 156 21 52 128 93 101 139 144 136 112 122 122 70 181 63 64 109 110 101 109 125 94 
27 100 113 113 138 135 95 70 129 49 44 97 115 67 48 84 90 98 87 95 153 61 111 29 12 111 98 94 12 17 17 95 150 60 72 79 62 123 147 89 99 150 140 73 105 90 95 68 67 66 127 93 174 135 77 59 63 131 24 17 87 49 70 139 126 106 99 14 122 112 138 40 118 73 21 147 102 83 84 75 100 105 175 8 151 128 85 89 48 83 16 57 117 68 82 117 144 103 86 90 193 96 87 136 24 157 65 116 64 79 38 161 27 142 112 132 111 130 125 67 45 75 169 69 70 98 85 141 
135 40 138 81 111 88 104 114 160 191 109 113 94 98 26 127 117 82 60 69 90 83 97 122 108 84 91 72 72 27 112 105 192 126 69 56 129 86 146 99 38 145 104 180 179 161 157 45 179 136 156 86 166 116 138 88 113 132 106 84 78 41 107 57 186 94 85 35 70 113 130 100 84 76 82 96 135 72 127 115 37 116 145 96 87 18 60 138 90 132 171 88 136 109 26 100 124 80 56 61 144 90 86 101 95 45 83 60 176 132 110 83 160 103 122 111 34 104 113 192 85 54 180 142 7 85 185 54 
54 98 108 92 38 64 124 115 97 53 154 126 158 90 22 114 88 123 141 87 161 164 137 69 174 88 187 119 156 88 133 131 64 38 156 99 121 169 126 88 52 188 72 44 99 180 106 29 78 130 170 103 73 103 140 141 135 158 84 133 63 88 115 85 80 102 74 48 112 37 61 146 81 111 95 169 33 108 155 115 106 119 118 54 167 105 46 158 88 131 164 99 50 81 69 135 48 65 125 127 92 84 126 108 12 32 64 60 72 108 114 35 65 53 122 130 104 34 80 126 39 188 78 156 99 108 93 26 
54 148 25 85 116 45 138 150 50 143 192 110 89 136 169 90 124 121 53 70 56 159 34 72 165 42 139 127 120 173 41 101 60 152 85 32 133 33 104 130 23 82 76 60 159 142 68 119 197 108 111 29 152 154 77 67 32 145 82 48 130 136 76 145 53 71 146 133 61 111 106 177 173 42 155 169 63 32 169 99 60 39 87 106 119 109 48 111 80 112 158 99 140 101 26 178 71 124 94 117 99 99 157 92 46 161 69 58 107 62 92 24 91 117 70 125 113 80 44 39 189 113 151 161 125 88 53 87 
143 17 90 102 107 108 36 104 99 161 79 75 82 130 123 102 98 142 94 111 64 45 141 58 148 126 88 134 99 37 101 125 33 102 49 101 132 57 66 67 81 96 69 127 110 177 130 134 108 163 134 119 123 78 180 88 64 138 105 61 83 81 151 126 78 188 127 148 161 111 104 34 191 89 141 149 97 146 153 145 121 103 133 107 116 108 113 18 117 85 124 114 166 107 39 116 160 64 95 80 36 156 126 136 177 93 86 46 98 106 150 111 140 53 181 67 192 126 39 38 107 125 183 120 128 16 100 107 
112 155 137 105 93 105 104 64 163 29 159 97 77 86 66 106 107 122 44 54 26 59 62 120 37 106 49 43 129 112 142 10 39 93 112 137 76 162 156 64 89 135 133 172 39 41 91 76 27 89 41 73 75 76 134 113 123 189 80 76 148 78 82 90 153 181 80 189 157 134 85 93 133 133 82 85 119 85 138 106 118 111 87 180 98 51 120 87 77 126 79 129 104 89 119 123 53 45 67 60 91 135 97 52 146 49 110 152 128 169 80 164 109 121 63 45 85 39 189 107 142 87 134 85 167 88 107 34 
128 98 37 89 94 157 120 63 85 119 87 174 69 69 106 116 118 122 86 166 92 57 88 94 180 21 31 103 123 39 150 74 128 55 98 101 45 131 157 118 124 18 129 102 80 125 192 119 97 51 147 35 91 44 143 148 52 148 72 169 131 90 127 138 168 149 106 128 18 42 140 159 77 42 161 48 132 63 76 46 78 57 55 88 93 184 92 72 53 52 135 78 101 94 135 67 31 43 74 63 76 117 40 98 151 129 85 67 37 124 145 26 64 71 64 75 54 188 113 125 87 158 77 141 171 83 134 181 
73 42 95 146 131 143 82 72 149 78 145 84 90 115 160 177 76 76 101 18 108 28 15 113 146 91 113 112 104 75 80 123 151 135 54 149 95 106 97 131 56 156 30 133 128 61 110 95 99 95 36 96 36 116 113 96 81 113 59 66 139 32 125 25 63 44 104 74 123 102 118 125 71 148 124 20 87 42 162 97 96 78 67 66 97 154 118 113 91 174 19 36 132 76 133 105 96 71 149 112 179 100 87 118 163 108 152 131 110 157 127 98 142 104 109 169 180 78 151 183 134 77 154 47 167 113 98 134 
66 99 165 108 140 33 103 61 129 60 68 102 71 156 147 41 86 99 127 78 124 55 117 112 65 94 114 107 83 167 152 96 72 120 176 82 112 119 99 78 124 91 167 51 123 99 111 101 143 78 144 130 118 173 132 63 95 96 34 63 160 40 163 97 94 101 82 71 109 78 166 135 3 24 81 87 112 167 79 77 145 92 145 125 129 80 103 45 83 173 137 89 162 59 109 115 43 118 138 37 143 99 88 68 97 133 40 117 105 111 79 139 69 78 110 69 142 156 161 120 85 141 47 88 73 65 47 152 
148 132 72 51 47 47 162 133 139 67 147 61 167 135 95 130 165 118 149 174 80 125 59 70 80 105 136 59 130 69 141 149 136 79 126 177 107 53 112 166 133 141 45 63 116 87 140 67 84 121 80 122 112 83 10 123 96 166 130 152 52 130 91 65 115 93 144 73 116 73 96 116 90 149 192 85 52 51 94 100 139 132 69 156 162 173 101 66 86 48 162 120 126 130 76 147 108 135 123 59 87 108 12 157 54 79 113 55 133 111 63 44 84 183 101 70 7 99 125 128 167 171 167 73 56 80 103 94 
109 181 137 110 68 138 162 152 85 129 166 107 72 149 109 128 93 86 121 31 126 23 74 149 43 98 79 79 64 75 121 15 170 84 109 63 103 93 39 124 79 67 71 143 133 98 84 83 158 63 114 153 77 106 72 169 127 138 96 129 63 122 103 96 176 82 125 10 67 102 124 38 46 52 12 62 115 150 158 146 12 46 117 66 97 118 36 86 130 77 173 85 108 73 86 43 123 89 36 126 79 99 157 136 79 95 94 108 78 58 159 153 116 114 109 98 85 108 88 16 88 83 113 65 80 106 123 50 
138 103 71 100 119 64 151 94 52 99 63 163 108 102 85 31 87 145 147 42 131 82 53 13 113 52 33 92 172 134 43 73 35 104 81 55 118 73 104 48 76 149 67 78 87 113 107 104 124 129 112 149 185 141 107 30 112 157 37 122 21 47 161 84 61 160 35 173 122 87 39 24 112 86 142 87 144 44 63 52 111 152 79 97 86 119 173 102 147 61 174 146 100 40 91 140 103 112 140 150 88 51 175 57 116 135 188 119 59 103 189 173 147 171 125 85 185 93 53 100 107 134 98 47 103 123 114 92 
147 139 103 91 111 87 83 132 39 66 83 153 132 40 121 142 90 95 65 43 106 158 127 59 51 35 188 147 89 141 83 40 120 79 137 76 48 145 164 142 106 104 187 20 172 96 120 122 164 93 112 105 71 72 25 28 119 86 58 98 142 135 86 107 143 105 19 93 81 48 143 101 59 137 121 65 145 168 138 65 93 168 57 105 59 119 180 20 51 128 88 64 146 29 59 39 52 83 32 107 180 168 162 153 90 89 142 131 129 119 73 43 82 132 94 141 54 26 87 107 34 181 134 152 94 50 92 138 