64
10 1 6 6 5 3 7 9 1 8 3 2 4 10 9 1 3 3 2 8 10 5 5 5 8 1 10 3 8 8 8 5 6 9 5 7 9 10 6 3 6 7 8 4 10 10 7 6 9 10 3 2 5 9 10 1 7 4 10 6 5 5 10 8 
7 3 4 4 8 7 2 10 1 5 8 2 9 6 7 8 2 5 7 2 1 3 1 7 5 3 9 5 9 9 9 10 2 3 10 9 9 10 3 3 3 10 7 8 3 9 9 10 8 4 4 7 3 6 10 5 7 6 2 2 4 2 5 3 
1 2 9 5 1 2 6 7 3 8 4 5 2 9 9 3 9 2 7 8 1 2 4 2 3 8 1 7 10 4 5 2 3 8 8 7 4 10 6 6 3 3 8 2 10 2 3 9 7 8 10 7 6 6 10 9 5 4 5 6 7 9 5 3 
10 9 4 2 5 6 7 1 10 5 1 7 8 8 5 8 3 5 1 4 4 5 5 8 9 2 7 9 5 3 9 3 8 10 9 10 2 3 3 2 8 10 8 8 3 6 1 6 1 1 9 6 6 1 3 1 7 4 3 7 10 4 8 10 
5 5 4 9 5 9 3 6 3 3 4 7 4 1 2 9 5 6 2 3 8 5 6 8 5 4 3 3 7 10 3 5 9 1 6 8 10 10 3 7 4 10 5 8 2 10 6 8 4 3 7 10 10 3 8 5 4 5 8 7 5 10 2 2 
8 3 10 1 9 1 6 5 3 6 8 1 4 4 2 2 1 4 3 9 4 4 10 8 1 6 3 7 9 9 10 9 2 9 6 7 9 10 1 4 1 2 2 8 5 6 2 9 8 3 6 5 10 3 3 6 9 1 10 10 5 5 8 10 
4 2 6 10 10 8 1 9 8 1 2 4 8 1 5 2 6 8 5 1 7 10 3 5 4 4 10 6 6 7 4 3 4 1 2 10 3 10 2 5 1 8 8 1 4 1 2 2 8 7 1 1 4 1 4 10 1 7 6 7 2 8 4 4 
9 5 3 2 1 7 3 6 4 4 3 5 10 8 4 4 7 5 3 5 3 4 3 6 2 9 7 6 8 7 7 1 9 8 10 4 4 8 10 6 10 10 6 3 2 5 4 9 7 2 4 5 2 5 8 6 2 10 6 3 7 10 3 2 
1 6 6 10 8 6 5 6 10 3 7 4 3 10 10 2 7 9 10 10 9 7 8 10 2 8 9 2 1 5 10 7 8 10 9 5 3 4 2 5 5 4 9 4 6 10 8 2 3 6 3 3 7 4 10 5 5 6 7 7 10 10 3 10 
7 7 10 6 3 10 1 4 5 1 7 9 9 5 7 8 7 3 6 6 1 6 7 8 6 3 9 10 3 1 5 5 3 4 6 2 6 4 4 2 6 10 6 1 10 3 3 3 10 6 8 7 1 5 8 1 5 10 10 10 2 3 4 7 
3 8 4 1 4 3 2 6 4 9 5 4 10 4 8 2 10 10 5 5 9 4 7 1 2 6 3 4 10 10 9 3 6 2 9 7 2 1 7 3 6 9 2 2 7 9 2 4 3 4 2 2 6 9 8 1 7 9 3 1 4 6 6 5 
9 1 1 6 2 2 8 5 5 2 9 6 9 6 1 8 4 10 1 2 7 10 5 7 4 7 5 7 9 6 7 2 4 9 9 9 9 3 2 5 7 6 10 2 8 1 6 3 9 1 9 6 4 10 7 5 2 1 8 4 10 3 1 4 
9 7 6 7 8 4 4 4 3 4 2 9 4 5 1 1 2 6 10 4 8 9 2 6 2 8 9 5 3 1 6 4 3 10 1 10 9 5 7 10 4 1 8 7 6 6 9 6 7 6 1 9 4 4 9 6 6 8 3 1 1 1 2 10 
2 9 7 10 1 6 4 5 5 1 7 4 6 2 7 2 5 5 3 1 3 3 8 4 4 4 8 7 9 6 2 2 3 8 10 10 7 9 7 7 5 10 6 10 9 1 8 2 6 8 5 2 3 2 7 2 4 4 2 4 7 4 9 7 
7 9 7 1 5 5 9 10 3 6 8 1 3 7 2 9 5 2 2 4 5 10 7 4 10 9 8 2 2 3 2 1 5 5 5 9 10 4 7 4 8 2 1 5 10 1 10 6 6 9 7 1 9 4 4 7 10 5 6 6 4 9 10 7 
8 4 4 3 5 7 10 8 2 2 7 7 9 10 2 5 6 8 8 10 8 6 4 1 4 1 10 7 10 4 7 8 9 7 6 1 4 3 6 3 7 5 10 8 7 10 4 7 5 8 3 3 3 7 10 3 4 9 6 6 5 1 4 5 
7 9 10 7 2 5 5 4 9 8 8 1 4 1 4 10 7 2 3 4 6 2 4 7 4 6 9 4 6 10 3 7 10 9 6 4 8 3 7 2 5 9 7 1 3 3 3 3 4 6 1 1 1 8 6 10 6 9 10 7 5 8 7 7 
10 6 3 6 4 8 2 10 6 2 3 3 7 8 1 1 9 9 9 3 1 6 4 10 3 4 6 7 6 2 8 5 1 4 5 9 5 10 2 1 8 10 1 5 7 3 7 10 3 4 3 1 1 8 6 3 4 10 5 5 2 3 3 9 
9 2 2 2 3 5 8 7 3 9 1 6 1 3 1 2 8 8 8 4 8 9 10 7 2 6 1 8 3 3 7 6 9 2 7 4 9 6 3 4 8 4 6 2 8 2 7 4 7 8 6 5 6 3 2 10 4 8 9 1 4 3 2 6 
7 6 7 3 4 9 9 5 7 2 5 10 7 9 8 1 9 2 10 9 2 6 3 9 8 10 2 9 4 6 4 7 9 4 4 1 7 1 10 9 8 1 3 3 7 7 1 5 5 3 1 1 4 8 6 3 4 4 7 8 7 3 1 3 
3 6 2 4 10 3 7 1 3 10 5 5 2 2 7 4 6 10 8 4 10 7 4 10 7 4 1 4 4 5 6 6 2 1 9 3 5 10 4 4 5 2 6 7 3 9 4 6 8 8 3 7 2 7 7 5 9 10 6 2 6 5 6 4 
9 3 2 4 2 10 3 2 8 3 9 10 1 7 10 8 6 4 8 9 9 2 1 10 2 5 7 4 1 6 7 8 1 7 5 4 7 7 6 1 1 1 3 7 9 4 7 4 2 7 7 6 2 3 8 6 5 7 9 8 1 1 3 4 
6 10 10 2 8 7 2 1 2 9 9 4 10 6 3 9 6 3 3 8 6 8 3 2 3 9 8 3 4 1 5 8 6 8 1 3 10 8 9 2 1 4 1 4 3 10 7 7 7 5 6 8 8 5 5 2 10 6 5 6 2 8 3 1 
2 7 6 3 9 6 8 8 8 3 5 1 7 4 2 2 9 2 7 7 7 6 4 2 9 3 2 7 7 1 8 8 9 7 9 7 4 6 5 5 2 10 8 9 6 9 9 8 2 6 9 10 4 6 8 4 2 9 2 4 8 6 9 8 
9 6 2 5 6 5 5 4 3 8 1 2 3 8 8 7 2 2 10 5 2 8 6 10 4 7 6 9 10 7 8 1 5 5 6 3 6 6 3 4 7 5 2 1 9 8 2 2 7 4 4 10 1 2 4 9 6 7 5 8 3 1 3 5 
4 4 6 2 5 10 10 3 1 8 8 2 9 4 10 9 6 1 1 10 7 1 2 7 6 4 9 10 5 6 3 4 9 6 2 7 4 4 8 5 2 8 6 7 1 3 10 8 2 9 4 1 8 4 1 1 7 10 9 8 1 3 4 2 
7 10 2 6 4 1 6 7 5 6 10 9 2 6 7 1 4 2 6 1 5 6 10 10 6 6 8 7 8 6 7 2 5 4 8 4 6 4 4 4 1 10 4 3 5 4 8 8 1 8 4 9 10 10 1 2 9 10 3 4 8 3 8 7 
3 10 8 2 10 8 9 6 10 8 3 3 6 6 6 5 6 5 1 9 9 8 5 10 1 10 10 6 1 5 8 7 8 8 10 7 3 5 9 1 6 1 1 6 7 7 3 9 4 5 4 7 10 3 3 1 2 9 4 4 2 9 2 3 
10 3 2 10 5 2 8 5 1 3 6 2 7 5 5 7 8 10 5 2 1 6 10 1 5 3 6 3 7 9 1 1 2 4 3 5 10 1 6 6 3 2 10 4 1 6 7 6 1 4 3 9 3 7 2 7 6 10 10 4 8 8 7 8 
5 7 2 6 4 10 4 4 3 10 3 9 2 8 6 6 3 2 5 1 5 10 9 2 3 8 4 5 7 2 4 6 10 3 2 3 9 8 5 1 10 10 6 7 5 4 9 10 5 8 9 8 2 5 4 2 10 5 7 6 4 1 9 8 
5 8 1 9 10 9 3 10 9 5 3 1 3 4 8 5 3 9 7 8 7 3 3 10 10 7 5 1 10 1 5 5 9 6 4 2 1 4 2 3 8 9 10 10 3 8 9 7 6 8 3 8 8 3 5 6 1 9 1 5 3 9 2 7 
1 8 7 9 4 6 9 5 7 5 6 10 8 3 1 7 6 9 7 5 6 1 4 5 3 7 2 8 5 5 10 8 2 4 5 3 6 5 10 9 5 10 9 7 6 5 1 9 9 6 8 7 2 3 3 9 8 2 8 6 5 2 6 10 
10 7 5 6 1 5 2 8 7 4 3 2 6 2 9 3 8 5 2 4 5 4 1 3 4 10 3 5 4 9 4 3 5 1 10 5 4 4 5 8 5 10 10 10 8 4 9 7 10 6 8 10 4 3 8 4 10 6 1 5 3 2 4 7 
3 3 8 5 5 7 5 9 2 9 1 6 9 8 1 8 10 5 5 9 4 4 6 6 8 8 4 9 7 10 9 1 8 5 8 9 3 8 7 2 9 4 9 8 8 8 5 1 5 5 9 5 10 4 9 8 3 5 2 4 10 3 3 4 
4 1 10 10 2 10 1 10 7 1 2 5 9 8 3 2 2 2 8 10 3 1 8 4 8 7 3 5 8 1 7 1 4 10 9 9 9 3 5 7 5 5 7 7 4 3 7 9 9 4 6 5 1 4 7 4 3 8 4 10 7 2 6 9 
9 10 8 2 9 2 6 4 6 7 9 4 3 10 7 10 6 5 7 7 6 10 3 9 1 6 6 7 6 6 1 4 9 1 9 3 9 1 2 3 3 1 3 6 9 2 3 5 10 9 6 7 3 5 2 1 9 10 9 10 2 10 9 9 
7 1 9 9 5 7 6 8 3 3 7 4 6 8 2 2 3 1 7 4 2 3 8 4 7 4 2 4 4 10 2 8 3 4 3 6 6 6 2 10 5 4 10 6 1 3 1 4 1 1 2 3 4 8 1 5 4 9 6 7 5 1 3 9 
10 10 9 10 7 2 8 4 10 7 2 3 1 8 9 7 5 5 5 6 5 3 1 2 1 2 5 6 1 2 4 4 3 6 4 8 7 6 7 1 3 7 2 4 9 5 10 6 1 9 9 9 1 8 1 4 8 9 2 4 9 3 8 6 
4 9 10 6 10 4 2 7 8 6 1 9 9 8 8 10 10 2 5 8 3 1 9 3 7 2 5 1 5 1 6 8 1 2 9 7 6 4 5 3 6 7 8 1 2 1 6 1 9 1 7 6 10 6 4 5 8 7 6 7 3 6 8 2 
2 9 5 8 7 5 9 3 5 4 8 2 9 10 7 6 6 4 1 8 1 2 3 1 6 4 10 6 6 1 4 10 2 4 8 1 1 7 8 1 5 4 10 6 4 2 1 7 1 4 10 5 10 8 1 10 3 2 3 6 10 8 9 9 
9 6 8 2 3 4 8 8 9 9 5 2 5 10 4 8 8 7 6 3 5 1 2 2 5 3 3 1 9 6 6 10 7 3 5 8 5 8 1 2 2 9 2 6 2 8 2 10 2 7 5 8 3 6 2 10 1 2 7 1 8 8 2 2 
5 4 10 2 8 3 2 6 8 9 10 10 5 8 1 2 8 4 2 3 5 8 10 5 10 2 1 8 10 8 10 5 9 10 10 3 4 7 10 4 8 1 7 2 8 10 8 10 4 6 3 3 1 10 3 3 6 8 3 9 10 5 5 2 
4 6 5 3 6 7 2 2 8 8 6 5 8 7 7 2 2 5 7 8 6 10 8 5 9 4 1 6 6 8 5 8 4 8 2 7 9 4 9 9 1 1 4 5 6 9 8 6 8 1 9 7 1 8 4 8 2 4 10 6 2 2 10 6 
2 4 10 2 9 5 8 2 10 8 7 7 6 8 5 3 8 9 10 5 8 5 1 5 9 3 4 8 2 4 2 5 5 8 9 5 7 7 1 4 9 9 3 6 4 9 8 8 9 5 6 7 6 5 2 5 2 7 9 7 9 10 4 3 
2 8 5 10 2 3 6 9 10 10 2 4 1 10 2 2 5 8 9 5 3 4 1 7 2 2 2 5 1 4 1 10 4 9 7 7 2 7 9 7 7 8 1 3 6 9 1 1 9 10 6 6 10 9 3 10 5 3 1 3 8 6 2 8 
3 5 10 10 3 3 2 3 6 2 4 1 10 6 6 8 2 5 2 9 1 1 9 2 7 7 9 6 6 4 1 4 4 5 10 9 2 10 6 8 3 7 8 7 7 6 4 6 5 3 3 6 7 3 7 10 5 8 3 1 10 5 10 2 
7 3 6 5 6 10 5 5 7 2 3 4 9 8 8 6 10 7 4 5 6 6 5 7 2 2 1 2 3 4 2 5 6 1 9 10 2 2 2 8 10 10 7 5 4 1 4 9 2 2 7 6 10 5 5 1 1 1 7 1 4 8 4 7 
4 8 1 8 2 2 7 4 8 4 10 4 4 5 9 6 4 3 10 5 6 3 10 7 2 8 7 5 6 8 6 7 4 2 4 4 2 5 3 4 10 4 9 8 2 8 6 2 7 7 9 6 9 10 7 7 5 2 7 8 8 9 5 6 
2 9 10 1 5 4 9 7 2 2 7 5 3 4 7 3 8 7 2 4 6 2 10 2 8 5 2 10 2 9 9 7 2 1 7 3 7 4 4 10 8 6 8 5 10 2 8 9 9 2 8 10 6 4 6 3 3 4 6 4 2 2 7 6 
8 4 7 1 3 6 1 5 9 2 6 9 2 3 9 5 2 9 4 8 6 7 6 1 4 6 5 10 10 4 7 4 6 4 9 7 5 5 10 6 6 5 7 3 4 3 10 2 2 8 1 5 10 5 7 1 8 8 3 8 10 7 2 1 
4 1 2 4 2 8 2 8 6 8 2 1 1 2 7 7 7 4 3 8 2 9 3 2 1 8 2 4 2 9 7 9 2 6 1 7 3 1 5 1 7 3 3 9 4 10 9 9 8 6 3 3 9 3 2 5 1 3 2 7 4 10 1 4 
9 7 9 4 3 3 8 8 4 4 2 2 5 9 10 10 4 5 6 5 6 10 1 5 8 1 10 3 8 2 9 7 10 4 5 2 9 6 10 7 6 5 7 7 7 8 7 8 7 9 3 3 1 10 3 2 6 1 9 7 10 6 6 8 
6 7 6 7 1 8 5 7 8 10 3 8 6 3 8 8 4 9 2 3 10 5 3 9 10 6 4 8 5 8 9 8 1 4 9 8 7 10 1 4 1 2 2 1 7 4 1 6 6 6 2 6 7 5 5 1 2 3 10 7 9 8 5 2 
3 5 2 6 8 7 5 10 3 8 2 10 10 5 1 10 3 7 5 2 10 7 7 5 1 5 3 3 10 9 5 2 9 8 10 4 6 1 4 1 2 3 4 8 1 4 10 8 10 1 9 2 9 4 5 9 4 5 5 1 8 9 7 8 
9 6 8 9 7 1 5 7 7 10 2 9 2 1 1 9 8 3 6 5 7 6 7 4 2 9 5 8 3 6 3 1 8 8 6 1 10 2 4 1 7 1 2 7 4 4 2 1 8 1 4 6 9 9 5 6 4 1 5 5 3 5 1 9 
7 8 5 1 6 3 8 5 8 10 4 8 7 1 3 5 7 4 6 6 9 4 9 7 9 4 1 1 2 8 6 10 4 3 4 10 7 2 4 5 3 4 9 5 7 4 4 10 7 8 5 10 9 1 10 9 2 5 1 9 10 7 6 4 
4 8 5 8 5 8 8 9 5 7 8 3 7 4 9 6 3 8 4 9 3 4 5 8 4 7 10 6 3 7 7 3 9 10 2 6 7 2 3 10 5 1 1 8 1 8 5 4 5 2 8 4 5 10 9 3 7 2 1 8 8 7 5 4 
1 7 3 4 3 1 5 4 7 9 1 8 6 6 9 10 8 1 5 4 6 2 6 8 8 7 9 4 1 4 10 2 6 4 9 8 6 3 4 8 6 9 2 3 8 10 2 8 7 5 1 3 7 5 4 4 6 2 9 6 2 6 10 4 
8 6 6 3 6 1 5 3 8 6 10 5 9 6 5 2 8 2 9 7 3 6 3 10 3 6 9 7 10 9 3 5 2 2 5 6 2 9 9 8 5 5 2 5 3 5 10 5 10 7 5 10 5 4 2 9 1 2 1 6 9 3 3 1 
3 1 4 3 8 9 5 6 7 4 10 3 4 7 9 1 8 3 1 5 4 9 5 9 1 8 2 4 7 2 5 5 1 6 9 10 7 4 4 10 1 8 4 3 5 2 10 6 4 1 9 7 1 1 1 9 10 5 1 6 2 7 2 4 
10 2 10 9 8 10 5 2 8 8 6 2 2 3 1 6 4 2 10 10 10 9 8 8 9 4 8 9 4 9 1 9 3 5 1 2 10 4 4 3 6 7 5 9 2 6 7 4 3 10 1 5 2 9 8 2 4 5 3 6 4 1 3 1 
1 10 2 3 6 10 4 5 5 2 7 1 6 10 2 6 6 4 3 1 4 5 8 10 5 10 5 1 7 7 7 4 10 5 1 8 9 5 2 1 8 1 7 8 1 4 3 8 3 7 8 4 4 9 9 3 8 2 10 4 6 2 4 9 
3 4 4 7 2 5 10 10 1 6 9 1 10 9 4 3 4 1 4 5 7 6 9 4 2 9 7 9 4 9 9 6 4 8 6 5 5 6 4 8 5 9 1 5 10 10 2 4 10 4 7 1 5 5 7 2 10 7 8 3 8 10 10 6 
8 5 7 2 7 4 1 3 7 7 10 8 2 10 2 10 10 6 3 9 1 1 4 9 6 4 3 3 4 1 6 1 10 8 8 8 1 7 7 10 3 10 3 1 2 8 4 4 3 6 9 9 6 10 5 1 4 3 5 2 9 3 8 8 
70 69 61 61 29 54 108 146 106 36 109 165 101 175 145 75 79 148 134 111 46 44 76 162 136 98 166 54 118 34 61 128 117 145 98 165 156 43 56 93 130 145 149 124 81 78 99 79 124 115 19 71 29 110 132 102 36 90 159 155 64 90 176 109 
69 98 131 58 95 68 119 139 68 131 42 74 97 129 111 98 112 118 136 13 92 128 151 64 78 80 37 112 125 75 66 92 71 129 129 47 168 111 161 88 96 77 151 99 168 117 40 136 62 128 132 31 13 103 88 151 76 152 95 109 78 129 133 133 
61 131 170 147 84 96 57 111 154 74 94 99 164 96 87 84 69 120 91 72 95 22 106 139 95 159 63 61 116 110 190 61 65 91 50 131 112 65 75 101 27 137 68 121 77 159 155 77 99 61 130 109 28 85 104 75 171 116 101 76 152 80 57 46 
61 58 147 20 75 94 107 51 95 119 99 127 65 57 118 54 85 137 133 146 182 147 77 125 54 75 98 148 192 123 63 55 126 132 94 162 122 152 46 183 91 96 99 78 117 45 168 125 130 106 123 63 115 83 19 56 115 51 75 68 87 79 23 167 
29 95 84 75 62 87 100 100 63 70 127 155 39 42 136 18 106 88 165 108 117 146 95 107 162 115 89 56 85 125 57 100 111 53 72 120 78 96 92 132 47 94 187 112 92 35 90 69 69 92 124 24 11 183 128 84 72 80 106 128 190 110 54 41 
54 68 96 94 87 164 71 168 117 151 146 127 84 145 83 181 53 76 61 101 88 187 111 105 124 66 109 101 96 59 102 149 183 38 148 119 106 97 90 13 85 140 79 121 95 169 46 46 114 51 80 114 92 88 88 106 62 31 87 50 149 93 57 155 
108 119 57 107 100 71 62 101 67 55 143 169 188 175 175 109 192 82 131 110 82 43 117 148 114 99 47 61 114 147 60 71 112 127 93 130 176 153 116 150 32 153 125 88 166 102 99 95 108 95 125 55 88 128 54 67 106 161 100 156 125 117 74 161 
146 139 111 51 100 168 101 98 48 59 101 102 115 89 79 85 36 103 55 89 129 105 18 62 60 60 55 106 110 122 69 144 107 147 125 136 162 191 96 94 72 34 111 84 171 25 161 66 52 100 121 77 128 132 40 103 112 85 138 82 106 61 99 91 
106 68 154 95 63 117 67 48 72 17 150 105 145 158 62 93 77 23 117 75 181 88 99 72 125 101 104 130 53 140 77 163 76 90 158 141 78 86 54 160 49 5 116 155 97 144 121 50 112 51 99 58 104 92 69 78 77 30 93 161 165 112 101 131 
36 131 74 119 70 151 55 59 17 118 51 137 51 86 12 126 89 82 123 112 81 88 36 51 75 94 162 140 76 136 46 127 88 113 66 158 21 46 120 135 104 115 105 33 92 82 106 95 117 139 82 97 108 49 42 142 137 90 138 115 142 171 62 66 
109 42 94 99 127 146 143 101 150 51 34 104 60 56 49 92 97 116 115 170 152 109 52 92 149 112 103 77 57 147 59 84 148 152 107 162 101 112 103 129 131 22 152 108 59 151 173 62 108 129 90 165 159 48 64 59 32 123 114 115 56 123 48 69 
165 74 99 127 155 127 169 102 105 137 104 38 107 128 32 87 100 79 86 102 60 58 108 113 154 147 83 86 98 162 122 141 123 126 87 169 125 138 97 108 101 69 110 92 145 105 173 110 152 107 147 109 108 105 49 127 113 86 116 157 10 69 96 167 
101 97 164 65 39 84 188 115 145 51 60 107 188 103 15 76 129 32 108 139 114 84 35 164 177 132 87 28 130 111 50 44 128 111 93 81 56 114 97 106 103 170 69 134 164 120 134 94 95 64 67 110 113 50 62 93 77 42 15 173 115 133 69 64 
175 129 96 57 42 145 175 89 158 86 56 128 103 184 53 77 101 150 68 46 112 159 80 142 85 47 86 140 80 50 104 103 86 136 61 150 97 181 14 103 94 145 79 170 90 94 117 98 44 103 86 127 119 140 111 114 137 41 85 87 83 169 157 163 
145 111 87 118 136 83 175 79 62 12 49 32 15 53 2 169 43 53 83 122 23 57 127 110 130 115 125 61 83 112 83 77 131 71 147 76 13 167 87 56 109 75 142 59 143 162 160 29 172 153 136 109 176 118 128 181 72 90 93 55 83 55 62 4 
75 98 84 54 18 181 109 85 93 126 92 87 76 77 169 12 84 118 121 102 103 104 134 117 66 48 77 102 29 58 76 178 64 155 78 152 125 158 152 59 77 114 168 111 106 146 156 47 102 131 119 138 67 147 152 72 78 76 57 63 72 167 119 89 
79 112 69 85 106 53 192 36 77 89 97 100 129 101 43 84 94 76 105 131 90 61 75 127 78 134 42 101 110 60 72 132 128 68 132 44 96 61 77 95 28 180 74 43 24 84 105 157 108 50 146 73 27 149 160 45 57 28 115 73 94 132 82 109 
148 118 120 137 88 76 82 103 23 82 116 79 32 150 53 118 76 198 96 79 55 150 99 91 136 134 28 114 133 152 59 198 91 141 70 85 128 5 108 72 117 58 108 124 107 140 40 35 46 123 92 40 110 34 182 167 79 28 90 89 21 65 108 50 
134 136 91 133 165 61 131 55 117 123 115 86 108 68 83 121 105 96 88 156 89 136 74 119 124 109 102 103 182 126 120 131 168 120 112 123 175 133 140 153 44 118 111 165 157 137 38 152 28 89 56 157 184 48 94 46 134 92 154 142 153 95 47 61 
111 13 72 146 108 101 110 89 75 112 170 102 139 46 122 102 131 79 156 200 157 98 97 26 127 102 120 23 76 64 35 65 98 119 150 116 93 180 108 112 179 70 142 157 166 92 105 109 82 76 134 125 85 84 145 150 104 37 113 142 97 130 155 120 
46 92 95 182 117 88 82 129 181 81 152 60 114 112 23 103 90 55 89 157 10 85 93 169 134 130 92 126 95 75 146 148 79 26 111 69 32 136 116 87 62 140 109 38 61 104 128 64 18 71 98 146 8 99 113 138 107 84 172 194 116 114 105 100 
44 128 22 147 146 187 43 105 88 88 109 58 84 159 57 104 61 150 136 98 85 190 74 86 73 79 85 75 153 68 85 35 108 63 55 50 73 80 99 80 120 102 62 77 93 81 138 66 40 101 156 54 129 139 152 124 128 55 143 140 38 80 102 99 
76 151 106 77 95 111 117 18 99 36 52 108 35 80 127 134 75 99 74 97 93 74 104 75 52 83 93 172 64 74 87 115 89 101 78 118 83 130 147 102 102 89 146 61 33 57 61 60 100 72 70 41 92 150 151 107 64 49 111 64 47 158 71 20 
162 64 139 125 107 105 148 62 72 51 92 113 164 142 110 117 127 91 119 26 169 86 75 140 144 75 147 111 83 104 93 161 76 134 88 148 65 98 115 51 38 130 56 82 85 143 60 78 46 176 127 172 92 159 149 112 43 114 121 99 117 116 39 71 
136 78 95 54 162 124 114 60 125 75 149 154 177 85 130 66 78 136 124 127 134 73 52 144 144 143 98 127 138 101 66 100 168 49 22 77 55 97 62 157 100 114 89 144 112 168 100 142 105 37 13 193 58 112 134 138 37 95 104 135 42 32 105 168 
98 80 159 75 115 66 99 60 101 94 112 147 132 47 115 48 134 134 109 102 130 79 83 75 143 64 125 169 69 189 133 27 20 51 121 176 61 62 96 87 175 26 65 187 86 142 114 77 63 91 108 164 93 70 67 117 129 164 156 94 86 142 90 137 
166 37 63 98 89 109 47 55 104 162 103 83 87 86 125 77 42 28 102 120 92 85 93 147 98 125 150 150 111 88 143 138 190 105 188 78 106 135 18 112 39 162 130 121 179 101 94 70 150 162 80 12 104 128 74 44 107 92 77 146 25 168 36 15 
54 112 61 148 56 101 61 106 130 140 77 86 28 140 61 102 101 114 103 23 126 75 172 111 127 169 150 68 71 55 181 107 19 98 89 82 100 34 135 38 116 94 83 32 62 142 56 120 113 105 52 123 194 126 62 107 98 94 138 92 55 94 140 133 
118 125 116 192 85 96 114 110 53 76 57 98 130 80 83 29 110 133 182 76 95 153 64 83 138 69 111 71 104 158 179 119 44 118 172 160 47 60 133 140 98 171 107 150 123 131 147 116 126 98 101 68 120 119 103 174 132 78 128 145 68 98 93 121 
34 75 110 123 125 59 147 122 140 136 147 162 111 50 112 58 60 152 126 64 75 68 74 104 101 189 88 55 158 36 97 98 76 98 78 53 109 193 114 120 91 112 88 104 94 142 152 122 132 66 129 50 114 74 49 151 109 51 97 70 82 72 172 163 
61 66 190 63 57 102 60 69 77 46 59 122 50 104 83 76 72 59 120 35 146 85 87 93 66 133 143 181 179 97 184 57 198 101 100 77 154 117 66 112 50 88 181 58 137 151 152 179 136 72 86 52 106 137 119 65 26 116 188 9 102 22 72 67 
128 92 61 55 100 149 71 144 163 127 84 141 44 103 77 178 132 198 131 65 148 35 115 161 100 27 138 107 119 98 57 146 117 40 132 47 111 74 121 119 132 126 100 50 104 62 108 79 97 49 34 118 58 42 71 80 78 67 83 51 103 99 141 113 
117 71 65 126 111 183 112 107 76 88 148 123 128 86 131 64 128 91 168 98 79 108 89 76 168 20 190 19 44 76 198 117 154 143 80 81 135 125 68 78 62 19 106 83 113 91 2 160 163 81 128 123 86 21 45 153 41 38 144 93 184 88 93 133 
145 129 91 132 53 38 127 147 90 113 152 126 111 136 71 155 68 141 120 119 26 63 101 134 49 51 105 98 118 98 101 40 143 146 116 111 96 59 100 129 66 125 113 45 89 94 145 88 135 140 90 81 138 25 102 115 178 121 89 96 111 94 82 148 
98 129 50 94 72 148 93 125 158 66 107 87 93 61 147 78 132 70 112 150 111 55 78 88 22 121 188 89 172 78 100 132 80 116 74 40 89 30 95 49 57 100 111 193 91 90 54 113 59 88 153 78 154 90 64 91 100 68 116 124 162 96 71 126 
165 47 131 162 120 119 130 136 141 158 162 169 81 150 76 152 44 85 123 116 69 50 118 148 77 176 78 82 160 53 77 47 81 111 40 140 183 94 49 89 122 129 134 96 17 102 133 104 138 151 110 101 103 74 90 94 30 135 100 93 134 34 16 47 
156 168 112 122 78 106 176 162 78 21 101 125 56 97 13 125 96 128 175 93 32 73 83 65 55 61 106 100 47 109 154 111 135 96 89 183 156 100 169 87 185 100 67 76 129 143 180 80 117 48 122 110 95 99 139 122 85 79 68 73 62 89 128 79 
43 111 65 152 96 97 153 191 86 46 112 138 114 181 167 158 61 5 133 180 136 80 130 98 97 62 135 34 60 193 117 74 125 59 30 94 100 34 176 151 167 68 64 94 61 168 101 146 97 97 96 38 91 36 70 101 136 51 123 102 95 46 83 61 
56 161 75 46 92 90 116 96 54 120 103 97 97 14 87 152 77 108 140 108 116 99 147 115 62 96 18 135 133 114 66 121 68 100 95 49 169 176 84 69 185 111 106 85 88 122 55 137 96 168 35 34 22 97 100 117 112 159 98 82 39 91 59 65 
93 88 101 183 132 13 150 94 160 135 129 108 106 103 56 59 95 72 153 112 87 80 102 51 157 87 112 38 140 120 112 119 78 129 49 89 87 151 69 158 103 73 24 120 81 164 90 122 112 94 89 158 81 91 156 94 106 119 150 128 85 57 113 43 
130 96 27 91 47 85 32 72 49 104 131 101 103 94 109 77 28 117 44 179 62 120 102 38 100 175 39 116 98 91 50 132 62 66 57 122 185 167 185 103 74 90 172 144 99 37 107 35 71 125 129 35 154 157 88 45 71 151 62 57 144 117 121 119 
145 77 137 96 94 140 153 34 5 115 22 69 170 145 75 114 180 58 118 70 140 102 89 130 114 26 162 94 171 112 88 126 19 125 100 129 100 68 111 73 90 84 32 175 78 189 88 124 158 79 77 90 137 98 71 119 147 104 76 117 51 82 112 77 
149 151 68 99 187 79 125 111 116 105 152 110 69 79 142 168 74 108 111 142 109 62 146 56 89 65 130 83 107 88 181 100 106 113 111 134 67 64 106 24 172 32 148 84 93 131 80 83 137 102 105 43 106 29 152 102 152 140 11 108 188 180 17 108 
124 99 121 78 112 121 88 84 155 33 108 92 134 170 59 111 43 124 165 157 38 77 61 82 144 187 121 32 150 104 58 50 83 45 193 96 76 94 85 120 144 175 84 104 91 115 142 130 87 97 66 119 133 97 184 160 77 31 145 100 89 109 132 133 
81 168 77 117 92 95 166 171 97 92 59 145 164 90 143 106 24 107 157 166 61 93 33 85 112 86 179 62 123 94 137 104 113 89 91 17 129 61 88 81 99 78 93 91 98 98 77 175 48 98 53 35 146 119 80 131 128 123 71 72 147 107 130 126 
78 117 159 45 35 169 102 25 144 82 151 105 120 94 162 146 84 140 137 92 104 81 57 143 168 142 101 142 131 142 151 62 91 94 90 102 143 168 122 164 37 189 131 115 98 12 56 127 89 66 10 25 106 124 84 91 44 87 148 137 125 96 67 124 
99 40 155 168 90 46 99 161 121 106 173 173 134 117 160 156 105 40 38 105 128 138 61 60 100 114 94 56 147 152 152 108 2 145 54 133 180 101 55 90 107 88 80 142 77 56 144 114 49 120 43 107 53 124 74 151 63 134 133 150 169 39 126 100 
79 136 77 125 69 46 95 66 50 95 62 110 94 98 29 47 157 35 152 109 64 66 60 78 142 77 70 120 116 122 179 79 160 88 113 104 80 146 137 122 35 124 83 130 175 127 114 26 133 35 178 50 81 41 117 74 129 122 81 105 111 101 70 104 
124 62 99 130 69 114 108 52 112 117 108 152 95 44 172 102 108 46 28 82 18 40 100 46 105 63 150 113 126 132 136 97 163 135 59 138 117 97 96 112 71 158 137 87 48 89 49 133 200 128 126 148 81 140 84 23 125 158 99 87 62 101 26 148 
115 128 61 106 92 51 95 100 51 139 129 107 64 103 153 131 50 123 89 76 71 101 72 176 37 91 162 105 98 66 72 49 81 140 88 151 48 97 168 94 125 79 102 97 98 66 120 35 128 82 35 59 68 118 49 55 125 108 16 141 5 116 133 172 
19 132 130 123 124 80 125 121 99 82 90 147 67 86 136 119 146 92 56 134 98 156 70 127 13 108 80 52 101 129 86 34 128 90 153 110 122 96 35 89 129 77 105 66 53 10 43 178 126 35 118 102 66 103 56 137 113 114 136 176 106 103 80 81 
71 31 109 63 24 114 55 77 58 97 165 109 110 127 109 138 73 40 157 125 146 54 41 172 193 164 12 123 68 50 52 118 123 81 78 101 110 38 34 158 35 90 43 119 35 25 107 50 148 59 102 50 106 101 137 144 87 64 122 166 92 166 146 176 
29 13 28 115 11 92 88 128 104 108 159 108 113 119 176 67 27 110 184 85 8 129 92 92 58 93 104 194 120 114 106 58 86 138 154 103 95 91 22 81 154 137 106 133 146 106 53 81 81 68 66 106 60 125 125 171 103 125 51 123 110 179 58 56 
110 103 85 83 183 88 128 132 92 49 48 105 50 140 118 147 149 34 48 84 99 139 150 159 112 70 128 126 119 74 137 42 21 25 90 74 99 36 97 91 157 98 29 97 119 124 124 41 140 118 103 101 125 12 111 136 112 98 151 18 86 75 50 74 
132 88 104 19 128 88 54 40 69 42 64 49 62 111 128 152 160 182 94 145 113 152 151 149 134 67 74 62 103 49 119 71 45 102 64 90 139 70 100 156 88 71 152 184 80 84 74 117 84 49 56 137 125 111 150 32 97 20 88 117 84 50 42 124 
102 151 75 56 84 106 67 103 78 142 59 127 93 114 181 72 45 167 46 150 138 124 107 112 138 117 44 107 174 151 65 80 153 115 91 94 122 101 117 94 45 119 102 160 131 91 151 74 23 55 137 144 171 136 32 200 46 60 138 106 140 72 112 148 
36 76 171 115 72 62 106 112 77 137 32 113 77 137 72 78 57 79 134 104 107 128 64 43 37 129 107 98 132 109 26 78 41 178 100 30 85 136 112 106 71 147 152 77 128 44 63 129 125 125 113 87 103 112 97 46 68 50 95 156 134 167 56 88 
90 152 116 51 80 31 161 85 30 90 123 86 42 41 90 76 28 28 92 37 84 55 49 114 95 164 92 94 78 51 116 67 38 121 68 135 79 51 159 119 151 104 140 31 123 87 134 122 158 108 114 64 125 98 20 60 50 24 34 155 144 79 66 80 
159 95 101 75 106 87 100 138 93 138 114 116 15 85 93 57 115 90 154 113 172 143 111 121 104 156 77 138 128 97 188 83 144 89 116 100 68 123 98 150 62 76 11 145 71 148 133 81 99 16 136 122 51 151 88 138 95 34 184 73 100 186 34 140 
155 109 76 68 128 50 156 82 161 115 115 157 173 87 55 63 73 89 142 142 194 140 64 99 135 94 146 92 145 70 9 51 93 96 124 93 73 102 82 128 57 117 108 100 72 137 150 105 87 141 176 166 123 18 117 106 156 155 73 78 117 91 73 106 
64 78 152 87 190 149 125 106 165 142 56 10 115 83 83 72 94 21 153 97 116 38 47 117 42 86 25 55 68 82 102 103 184 111 162 134 62 95 39 85 144 51 188 89 147 125 169 111 62 5 106 92 110 86 84 140 134 144 100 117 150 109 71 139 
90 129 80 79 110 93 117 61 112 171 123 69 133 169 55 167 132 65 95 130 114 80 158 116 32 142 168 94 98 72 22 99 88 94 96 34 89 46 91 57 117 82 180 109 107 96 39 101 101 116 103 166 179 75 50 72 167 79 186 91 109 122 35 100 
176 133 57 23 54 57 74 99 101 62 48 96 69 157 62 119 82 108 47 155 105 102 71 39 105 90 36 140 93 172 72 141 93 82 71 16 128 83 59 113 121 112 17 132 130 67 126 70 26 133 80 146 58 50 42 112 56 66 34 73 71 35 70 74 
109 133 46 167 41 155 161 91 131 66 69 167 64 163 4 89 109 50 61 120 100 99 20 71 168 137 15 133 121 163 67 113 133 148 126 47 79 61 65 43 119 77 108 133 126 124 100 104 148 172 81 176 56 74 124 148 88 80 140 106 139 100 74 72 