64
8 6 5 4 1 9 3 5 8 9 3 10 8 3 5 8 6 3 8 7 1 1 9 9 6 6 9 1 2 4 4 6 8 10 8 10 4 9 6 7 3 2 8 6 2 2 7 9 4 10 9 10 5 1 7 2 9 6 10 6 9 6 2 10 
8 4 9 1 10 10 10 8 9 7 6 5 4 6 5 8 7 8 4 10 8 1 5 7 7 4 10 9 8 10 5 6 3 3 1 6 4 9 3 2 4 5 4 7 6 4 6 9 8 5 10 5 5 10 4 8 8 1 6 9 2 7 9 1 
1 8 6 10 2 8 2 10 8 2 10 3 9 3 5 4 7 8 3 8 1 4 4 2 6 8 9 6 2 2 4 5 7 2 10 5 8 8 7 1 9 4 8 3 8 4 10 4 10 5 5 3 8 3 8 1 1 4 10 3 7 2 6 9 
5 4 9 5 3 5 1 9 5 6 1 4 4 3 6 3 5 10 2 1 9 1 7 4 6 3 9 4 1 8 2 2 2 4 6 10 7 5 6 10 2 7 4 4 9 6 1 10 7 2 10 10 10 5 3 5 7 6 9 2 10 7 6 5 
7 8 6 7 9 7 8 8 4 5 10 1 5 10 2 1 6 3 10 10 6 1 5 1 9 4 3 7 2 5 2 7 7 7 2 4 9 7 8 1 6 8 5 3 5 5 3 7 4 3 7 3 10 10 4 7 3 9 7 3 2 4 5 8 
4 10 4 9 10 7 3 3 7 5 10 9 6 2 8 6 10 4 9 1 3 8 1 3 7 1 3 6 9 5 6 7 2 6 5 7 9 6 8 10 1 6 8 2 9 7 5 2 1 2 3 8 2 2 7 3 7 4 2 2 10 5 1 6 
4 1 9 1 9 7 5 5 2 6 7 6 7 4 6 6 3 5 1 4 7 8 5 9 8 9 10 7 3 4 8 6 3 10 4 7 4 8 4 4 4 9 6 4 3 5 2 4 4 5 5 3 4 10 8 10 5 6 4 7 5 8 1 10 
2 2 2 5 8 9 5 7 5 1 9 2 6 8 3 10 9 5 6 3 10 5 6 5 1 5 4 8 6 6 5 8 5 7 6 7 2 4 1 4 3 6 9 10 5 1 4 3 5 10 9 5 2 1 9 2 10 1 8 1 1 4 3 9 
7 9 9 2 1 1 5 5 4 3 1 8 3 10 7 7 1 7 5 2 6 6 4 1 3 5 9 1 6 8 6 4 3 3 2 3 3 2 8 2 4 2 3 9 10 4 4 10 4 2 6 5 5 2 2 10 4 4 2 10 10 4 7 8 
8 3 3 7 1 10 6 8 5 1 2 6 7 7 1 5 3 5 9 10 4 6 9 2 8 3 6 7 3 9 7 10 5 1 9 6 5 1 7 8 6 9 5 9 3 4 5 4 3 5 3 5 3 4 4 10 9 10 7 4 6 1 2 5 
7 3 7 5 7 1 4 7 8 3 6 2 9 4 8 8 4 6 5 9 5 5 1 7 4 3 7 9 6 9 9 5 6 2 4 5 8 3 9 6 4 9 4 4 1 1 2 9 2 1 3 3 1 8 3 10 3 10 3 10 5 6 2 2 
10 9 3 6 4 8 1 3 5 3 8 10 2 1 2 2 7 6 10 5 5 5 5 2 10 5 9 6 8 1 6 7 2 1 3 6 9 5 5 6 8 9 6 1 8 3 5 10 9 4 2 2 10 6 2 3 5 6 1 2 1 5 9 9 
3 7 6 8 5 1 8 6 7 9 8 5 5 9 2 7 7 4 9 10 5 5 1 8 10 10 6 8 1 7 10 9 7 10 4 3 10 5 7 5 7 5 9 10 6 7 6 9 6 4 3 2 7 2 10 4 10 4 6 10 3 8 4 9 
8 5 8 2 6 9 8 7 4 3 10 7 5 1 8 1 3 7 2 5 9 2 8 3 2 10 10 2 3 7 1 3 2 4 7 2 3 8 4 1 5 2 3 3 4 8 7 10 7 9 2 1 8 2 5 9 10 5 2 5 4 8 9 9 
9 7 6 1 8 10 2 2 5 5 7 4 6 6 6 1 10 6 8 4 6 9 1 4 4 1 2 5 7 1 8 8 9 5 8 2 8 7 7 1 10 9 6 7 1 5 2 2 5 7 6 2 6 8 9 6 5 5 9 4 5 1 3 6 
9 7 4 8 8 4 9 10 2 6 7 9 7 7 6 5 6 2 2 3 2 10 10 5 6 10 9 5 6 1 8 10 2 8 6 1 8 9 9 7 9 3 8 7 10 9 1 2 4 7 6 4 1 2 8 4 1 2 2 5 1 5 2 8 
1 5 1 10 1 1 8 3 5 4 10 2 6 10 8 4 5 2 2 9 1 1 7 7 2 2 1 5 8 4 6 4 7 1 10 8 1 7 4 10 8 5 2 6 3 9 7 6 3 4 5 8 6 6 10 5 5 3 6 9 9 1 4 6 
1 9 9 6 8 2 3 6 8 2 8 5 5 10 9 6 4 3 7 2 10 2 10 1 6 9 8 1 5 8 3 1 3 6 1 3 8 9 8 4 2 10 10 2 9 10 9 6 3 8 8 10 8 4 7 6 8 10 9 5 6 4 3 3 
1 8 4 10 9 6 5 5 9 7 6 3 10 2 3 10 6 7 10 8 2 3 6 5 4 1 10 10 3 5 5 8 5 9 3 7 3 10 9 4 4 1 6 5 4 1 5 3 1 4 6 8 1 9 7 2 8 9 2 7 10 5 1 9 
8 7 4 6 10 2 5 10 10 7 1 3 10 10 5 3 8 7 9 6 9 10 2 9 6 6 5 5 3 4 2 6 3 4 6 8 8 7 3 3 5 4 4 8 3 2 1 3 7 2 8 7 1 1 2 6 6 9 8 1 9 10 1 8 
4 3 7 8 1 1 6 2 6 4 1 8 8 7 8 7 8 9 8 1 1 3 1 2 4 5 8 10 1 2 3 1 2 10 2 6 4 3 2 1 1 1 1 10 3 2 7 3 3 1 10 2 10 4 6 7 6 8 7 1 4 10 2 4 
2 4 5 1 3 10 1 10 1 4 7 1 6 9 3 10 9 1 3 4 8 9 7 5 5 9 3 6 4 4 3 7 4 6 6 10 8 9 2 4 4 7 7 2 3 7 6 4 4 9 7 9 10 1 6 7 10 7 9 3 9 4 1 6 
6 7 4 10 3 8 1 5 8 10 8 7 4 9 4 2 5 6 5 6 9 10 3 7 8 5 2 3 10 9 1 4 10 2 5 8 1 7 6 5 6 9 5 4 7 8 5 8 2 2 10 6 2 9 3 1 5 5 10 10 5 10 9 6 
1 1 8 2 4 4 2 1 5 3 2 4 10 6 9 7 7 10 7 2 1 10 4 8 9 6 4 8 1 1 10 3 8 2 5 9 8 9 7 4 2 10 9 5 10 6 7 5 1 8 7 1 5 10 1 3 3 9 10 8 4 6 8 3 
4 5 3 1 2 10 4 10 9 7 8 9 1 6 3 10 8 1 8 2 6 8 1 6 6 5 3 10 9 5 6 9 8 5 2 7 6 3 9 7 8 4 10 8 7 5 10 8 2 5 3 1 5 1 5 8 3 9 3 8 5 8 5 9 
1 3 8 8 6 5 9 10 9 7 3 5 9 10 7 9 1 7 3 2 6 3 9 4 9 7 8 3 6 5 3 4 9 10 1 7 9 1 10 4 5 3 5 10 5 1 3 4 2 9 6 3 2 9 3 4 4 10 9 2 8 5 2 1 
3 1 10 5 9 9 10 1 1 9 5 7 7 9 6 2 6 8 2 6 7 2 7 8 9 10 6 4 5 1 7 2 6 2 9 2 9 6 10 10 1 3 5 9 7 9 5 6 2 6 2 9 5 9 6 5 2 1 10 3 8 5 3 10 
4 6 8 4 4 3 2 10 4 9 6 9 4 2 4 6 3 1 4 4 1 4 4 4 6 3 1 8 2 5 4 5 4 3 10 3 4 1 8 2 10 6 5 2 3 8 1 2 3 10 2 9 9 8 5 6 10 2 1 10 1 8 6 1 
3 4 7 4 10 10 7 6 6 6 7 5 7 2 10 1 8 8 7 7 1 6 3 10 1 8 10 1 2 2 6 6 2 4 6 2 3 4 3 9 8 4 3 2 7 6 7 7 9 9 2 10 3 1 10 6 5 8 4 10 3 3 1 8 
5 7 7 2 9 3 7 9 10 9 9 3 8 9 8 2 8 10 5 7 3 1 8 2 3 4 1 1 8 8 3 6 10 2 2 2 10 10 6 1 3 1 8 6 4 5 10 7 8 2 4 9 7 3 10 6 8 9 9 1 10 10 6 10 
7 6 1 4 7 9 10 5 2 2 1 5 9 4 10 2 3 9 8 1 9 3 10 8 4 9 7 9 1 6 6 8 2 4 4 5 8 8 9 3 10 8 2 1 4 5 8 2 1 8 2 7 1 1 2 7 9 9 10 1 7 6 2 2 
6 9 2 6 5 8 10 5 5 5 3 9 8 5 2 7 6 8 5 7 3 6 1 4 3 8 7 4 4 4 7 9 3 8 9 4 5 4 2 3 8 5 3 8 3 2 3 10 9 1 3 5 5 2 8 3 5 7 9 8 6 5 2 4 
3 6 9 5 8 6 8 4 1 3 9 5 8 8 3 5 9 1 10 8 3 7 10 10 5 1 4 3 7 1 7 7 6 6 5 10 9 5 5 2 3 5 8 6 7 8 10 3 5 7 4 1 10 5 5 5 2 6 4 4 9 3 5 8 
1 2 1 9 9 1 2 2 9 9 1 7 3 2 8 10 10 6 9 2 10 8 1 8 8 3 7 9 5 7 4 5 10 7 6 7 7 6 9 6 10 4 5 9 5 10 9 2 8 3 4 5 10 7 6 2 9 3 7 10 4 8 10 1 
6 5 6 2 5 7 6 6 2 4 4 5 6 5 9 10 10 2 2 4 6 10 1 9 7 9 9 5 3 6 5 7 10 2 7 5 6 3 7 8 6 5 5 6 4 9 10 3 6 4 6 10 1 10 3 4 6 2 8 7 6 8 6 8 
2 5 1 4 5 10 1 4 8 5 3 7 2 1 9 7 10 9 3 10 10 4 3 7 10 3 5 6 1 8 8 5 1 1 3 9 2 7 6 6 3 4 4 2 9 10 2 10 6 10 9 8 6 6 8 6 5 3 5 9 3 9 8 10 
5 1 3 4 1 5 9 4 2 6 7 8 9 10 7 9 3 3 7 6 4 5 9 4 1 9 9 7 10 6 1 10 9 5 10 1 6 7 3 7 6 4 10 5 8 6 5 10 4 4 10 9 9 7 3 7 4 9 7 2 1 3 2 3 
5 4 10 8 7 4 5 1 2 8 1 9 9 2 6 3 3 6 10 5 3 1 3 10 7 7 2 4 4 3 5 8 6 2 1 7 7 6 10 3 1 9 7 8 6 9 8 10 9 1 7 9 1 5 10 1 5 10 5 8 1 10 3 6 
7 9 3 5 7 9 4 1 2 4 2 1 1 8 7 5 5 8 5 4 6 3 7 9 7 5 1 9 8 8 1 1 3 5 10 3 8 6 9 8 2 8 8 6 8 6 9 2 6 2 4 8 4 10 10 4 4 8 7 9 4 2 5 2 
8 2 8 3 5 7 5 7 2 5 3 4 7 3 10 6 5 7 6 3 7 10 8 10 4 7 6 7 2 1 3 5 9 1 10 7 6 3 6 8 9 3 10 8 6 7 10 7 7 6 9 6 4 9 2 8 10 2 1 7 9 10 8 9 
3 9 10 4 1 1 2 6 9 8 10 1 2 9 10 1 6 7 6 9 2 1 8 8 1 4 10 4 9 1 2 10 9 2 7 9 2 9 4 3 10 2 8 9 3 7 5 10 2 5 4 3 8 7 2 2 10 10 10 2 3 2 9 7 
4 3 3 1 9 2 5 6 5 10 9 6 8 2 7 6 7 3 5 8 2 2 3 10 7 3 7 4 10 10 6 10 5 5 2 8 9 7 7 5 5 5 8 5 2 3 8 4 5 6 10 7 3 1 9 8 5 2 6 7 1 9 1 8 
7 10 8 4 7 1 7 9 4 1 6 4 6 9 4 2 10 10 10 8 3 4 4 7 8 2 5 3 1 5 4 8 2 9 4 7 10 9 8 8 6 3 4 10 3 2 7 1 1 1 4 3 8 1 9 2 5 4 10 3 2 4 2 7 
6 2 1 1 3 9 2 8 4 6 3 6 8 9 6 9 10 5 6 5 10 5 6 6 1 5 9 1 9 3 10 1 3 8 2 8 1 10 7 1 8 3 3 3 10 8 10 7 10 7 7 7 6 3 3 5 8 10 9 3 10 9 2 7 
8 3 6 2 5 10 3 10 4 9 7 8 1 4 1 4 10 8 2 2 7 1 1 3 2 4 4 5 4 3 2 8 5 6 10 7 5 7 3 5 1 2 2 7 5 10 5 7 4 2 3 5 10 7 1 1 8 9 1 1 6 3 2 7 
7 1 4 10 6 10 1 9 6 2 3 1 4 10 5 1 3 6 2 6 1 3 5 4 2 8 10 4 3 6 3 8 5 6 3 1 8 7 10 9 7 10 5 9 8 4 2 4 7 2 10 1 2 3 3 8 5 5 10 10 3 6 2 3 
8 2 2 3 3 1 7 4 9 10 6 5 7 4 6 1 7 6 4 8 6 10 9 2 8 5 6 5 10 9 7 7 3 3 3 6 7 8 3 6 8 2 8 1 8 1 2 3 6 8 1 1 6 2 8 10 10 8 7 4 5 3 3 4 
7 10 6 7 8 5 3 9 6 1 5 8 2 2 7 7 7 7 3 8 1 5 8 4 10 5 1 7 6 3 2 7 3 4 7 1 9 5 1 7 3 2 5 8 8 1 8 1 9 6 5 2 3 9 3 9 8 8 1 5 7 6 2 1 
3 8 10 6 8 10 6 3 1 1 4 6 1 1 1 10 10 8 9 7 9 8 4 1 4 5 7 8 3 3 4 6 5 4 4 1 7 6 7 2 1 3 10 5 3 1 9 4 9 7 9 1 2 8 4 2 4 1 10 7 8 4 3 10 
7 9 3 2 2 1 3 6 10 2 1 9 3 3 2 4 10 10 10 9 6 10 1 7 5 7 9 8 4 8 10 5 7 1 10 4 10 3 4 8 7 5 4 6 8 4 3 2 4 5 10 3 6 1 4 7 9 2 8 4 4 7 9 2 
6 3 3 4 1 9 5 4 4 9 1 1 7 10 5 7 9 2 9 3 9 3 3 3 9 2 2 1 8 8 9 9 4 4 2 2 1 6 2 2 1 7 7 5 7 10 9 2 1 4 1 5 9 4 7 4 6 5 10 7 8 3 5 5 
4 3 2 3 4 5 9 4 1 7 10 10 1 8 1 10 8 5 8 8 3 3 8 6 6 9 7 6 6 5 3 9 8 8 2 10 10 5 10 7 5 6 10 8 6 3 6 4 10 7 6 5 4 7 7 1 4 10 2 2 6 6 3 4 
6 10 3 2 6 1 5 1 8 5 9 6 2 4 10 3 4 9 3 2 6 10 2 2 6 9 8 2 1 10 2 8 4 1 9 3 9 10 9 9 5 2 3 3 4 4 7 6 4 9 4 8 7 1 1 9 2 10 6 2 1 3 7 1 
7 10 4 4 1 6 7 3 7 8 3 1 1 5 6 10 10 10 5 10 3 10 3 2 2 3 5 5 4 8 4 8 5 4 6 6 9 10 2 10 8 6 3 8 2 4 2 1 2 6 10 1 5 5 3 2 7 7 3 5 6 4 10 1 
1 2 7 9 2 7 10 10 5 1 10 1 4 1 9 9 7 5 1 7 5 1 7 2 5 2 4 3 5 2 7 4 6 6 2 4 8 1 9 1 3 10 2 8 4 3 5 1 6 3 4 4 8 2 1 9 6 5 3 7 7 10 1 5 
2 3 9 9 1 4 6 6 3 5 1 1 2 6 10 9 9 1 9 8 3 7 9 1 9 3 8 2 2 1 3 5 4 3 3 4 5 4 7 8 6 1 10 5 8 2 2 5 3 4 8 2 6 10 7 9 10 4 8 9 4 6 6 10 
6 8 3 7 2 5 6 1 1 10 5 7 4 5 6 2 8 3 1 4 3 10 2 1 2 8 5 3 2 8 1 1 7 6 5 8 2 4 4 5 2 6 4 3 1 9 2 10 5 7 3 2 10 6 1 10 4 6 2 2 3 10 3 9 
10 9 7 8 7 2 4 6 3 3 6 9 3 8 7 6 10 1 4 5 9 3 2 4 3 10 10 6 2 9 7 7 9 6 8 1 3 5 7 3 4 2 4 5 9 2 8 10 10 5 10 6 2 6 2 8 3 2 4 7 10 1 5 7 
2 8 9 8 6 9 9 10 5 2 5 10 6 1 6 4 9 1 6 4 4 6 8 8 5 7 10 3 5 1 5 10 10 1 10 7 9 8 7 3 8 2 4 7 7 4 2 7 8 10 10 8 8 9 5 7 7 5 6 10 10 5 6 3 
5 10 1 3 1 1 5 3 7 1 10 1 1 9 4 4 6 4 10 9 7 3 9 7 7 5 10 9 4 8 2 10 1 10 10 5 8 9 3 3 3 3 5 2 5 1 7 8 5 8 8 6 9 1 6 3 8 8 6 7 8 6 6 7 
6 6 1 5 4 4 7 10 9 4 5 2 10 6 10 6 2 9 10 5 9 10 1 7 7 1 5 6 10 7 10 8 2 2 4 1 2 7 10 10 3 1 10 4 2 7 2 2 6 1 3 3 7 5 2 2 3 4 8 10 9 6 10 6 
5 8 5 1 3 8 5 7 2 6 7 9 10 9 4 10 9 4 5 3 5 6 9 6 3 2 5 10 9 8 6 1 10 4 5 5 1 5 6 1 6 1 7 5 2 5 4 3 8 7 2 3 6 9 6 10 5 3 9 10 7 10 4 9 
6 6 4 4 2 7 8 3 2 5 9 6 3 3 7 1 3 1 3 2 6 10 2 3 9 10 6 5 2 10 10 3 4 6 5 2 9 2 10 1 9 7 5 2 8 5 1 1 10 1 2 10 6 1 4 1 10 8 2 4 8 7 2 1 
9 3 7 8 2 7 7 9 10 2 7 6 4 6 9 2 4 10 4 4 8 8 4 5 2 7 10 8 5 8 3 9 7 10 2 3 2 9 9 7 5 4 9 9 6 9 4 4 10 6 2 1 5 6 4 9 6 8 6 10 5 10 3 6 
118 89 110 114 151 139 82 74 151 118 106 47 35 84 77 134 75 162 43 164 87 57 116 131 56 64 107 65 35 88 51 41 80 96 70 129 153 55 148 92 11 137 155 40 156 97 102 111 103 135 170 169 77 129 85 73 84 120 157 116 69 182 119 90 
89 98 66 52 28 146 81 78 151 129 113 107 145 177 108 65 23 103 98 42 178 146 4 56 92 130 106 82 97 89 75 42 95 104 184 165 78 132 159 74 83 55 19 94 45 74 104 84 117 104 131 111 117 33 35 161 110 57 77 103 102 99 82 124 
110 66 120 173 94 29 55 123 148 76 88 99 157 67 111 124 132 136 11 116 81 17 159 101 142 98 48 106 106 151 117 96 130 41 125 27 185 122 139 111 59 114 39 82 101 110 11 39 142 71 116 46 159 52 77 103 114 158 110 101 34 151 118 57 
114 52 173 194 103 98 143 48 178 119 45 89 107 69 117 95 101 111 126 62 176 138 107 127 109 110 138 25 139 166 22 85 16 27 141 15 87 69 57 7 70 125 79 127 119 177 68 92 149 77 123 89 100 79 155 164 145 75 99 25 151 88 75 125 
151 28 94 103 40 52 65 161 80 89 53 95 138 113 152 128 96 40 117 145 168 83 84 73 128 191 66 61 99 106 122 57 60 92 44 152 72 72 195 64 53 111 104 152 18 91 105 91 37 140 128 120 82 173 129 51 131 161 86 148 136 189 103 137 
139 146 29 98 52 44 33 27 158 154 28 93 128 181 167 121 102 128 117 82 65 128 123 109 137 105 165 140 172 159 93 69 108 143 139 8 102 59 72 102 66 119 85 18 48 101 182 82 28 94 49 95 115 71 51 171 24 154 110 53 65 85 80 111 
82 81 55 143 65 33 92 58 68 163 72 132 15 62 187 55 90 85 12 74 128 76 77 118 52 164 102 78 132 70 88 45 95 100 154 173 115 89 42 95 105 66 155 94 189 52 146 76 130 23 110 158 141 122 147 176 58 75 137 128 130 66 136 59 
74 78 123 48 161 27 58 138 111 126 57 64 92 145 37 92 44 52 191 81 72 153 116 73 92 87 46 53 186 75 113 113 117 172 144 56 88 134 94 67 96 145 91 69 76 96 103 77 100 130 50 120 52 74 80 185 98 109 19 67 73 21 39 177 
151 151 148 178 80 158 68 111 104 107 136 122 54 102 79 75 162 106 27 99 112 119 16 161 110 107 158 71 77 52 90 72 60 123 132 115 68 100 94 108 169 74 104 119 105 49 82 124 133 48 123 81 55 98 112 135 109 106 43 87 138 109 146 24 
118 129 76 119 89 154 163 126 107 100 24 166 85 99 62 128 74 89 129 142 148 121 68 109 46 95 109 105 60 88 27 105 127 130 113 91 114 52 137 118 123 45 79 129 24 86 118 75 56 59 125 27 155 197 57 168 138 157 37 120 155 66 74 118 
106 113 88 45 53 28 72 57 136 24 2 55 143 146 88 105 59 137 32 11 39 145 99 39 116 70 63 165 117 83 149 144 180 35 54 132 141 153 127 168 123 53 129 54 83 162 92 116 100 66 84 115 145 137 157 100 151 100 57 85 122 50 78 178 
47 107 99 89 95 93 132 64 122 166 55 56 44 64 57 46 174 151 103 111 122 37 23 122 107 96 154 109 141 66 85 90 77 55 120 110 28 109 67 23 142 107 64 81 156 15 130 62 126 95 143 54 114 82 108 117 91 78 106 81 121 168 50 176 
35 145 157 107 138 128 15 92 54 85 143 44 76 84 150 85 91 73 150 103 118 62 141 76 84 17 86 78 30 129 96 176 143 83 111 151 44 95 41 82 101 173 69 165 51 101 122 110 124 66 39 171 147 99 151 104 95 80 95 139 38 121 171 135 
84 177 67 69 113 181 62 145 102 99 146 64 84 114 107 96 16 45 64 180 141 106 189 89 104 53 82 131 123 31 107 87 138 133 164 82 124 116 96 49 162 95 43 109 77 152 62 155 124 182 81 122 153 111 169 82 93 158 132 166 62 152 59 61 
77 108 111 117 152 167 187 37 79 62 88 57 150 107 98 104 137 152 161 100 71 85 59 83 46 40 146 104 170 96 170 95 94 98 91 77 118 154 35 99 57 48 80 77 168 129 131 166 90 117 87 153 153 180 143 72 101 92 150 129 97 110 61 80 
134 65 124 95 128 121 55 92 75 128 105 46 85 96 104 168 74 43 123 107 72 171 80 68 19 73 63 155 116 117 55 136 75 91 103 142 128 98 68 167 90 110 60 122 108 92 87 82 48 52 52 39 136 112 174 92 99 95 53 142 117 68 132 94 
75 23 132 101 96 102 90 44 162 74 59 174 91 16 137 74 158 165 97 106 168 107 151 134 81 60 32 71 130 82 97 165 106 77 46 92 52 134 93 67 86 112 120 151 136 62 44 51 44 102 56 135 153 82 83 107 155 103 137 170 121 117 101 117 
162 103 136 111 40 128 85 52 106 89 137 151 73 45 152 43 165 126 90 53 60 37 137 65 83 67 144 124 84 150 96 168 145 99 51 113 117 73 94 63 144 86 63 90 7 88 71 94 163 126 162 24 70 51 58 173 100 91 62 80 127 85 46 94 
43 98 11 126 117 117 12 191 27 129 32 103 150 64 161 123 97 90 62 78 47 114 132 165 40 83 150 81 83 116 163 78 152 13 121 92 106 54 153 105 147 84 94 69 146 121 91 51 106 105 13 61 89 89 37 145 151 43 28 102 104 160 132 97 
164 42 116 62 145 82 74 81 99 142 11 111 103 180 100 107 106 53 78 84 166 24 102 106 84 126 22 137 110 17 73 102 99 99 79 65 120 123 73 171 114 124 116 131 46 48 103 38 76 86 51 122 141 118 71 143 133 111 154 149 102 126 161 103 
87 178 81 176 168 65 128 72 112 148 39 122 118 141 71 72 168 60 47 166 32 111 102 89 107 112 108 17 147 82 153 107 120 36 120 68 104 118 104 92 68 186 63 50 87 79 66 45 112 57 187 123 137 107 109 53 72 121 72 157 69 43 149 119 
57 146 17 138 83 128 76 153 119 121 145 37 62 106 85 171 107 37 114 24 111 82 167 68 111 122 94 48 160 61 86 108 128 102 125 147 114 132 100 141 71 84 44 134 134 94 104 84 140 52 43 24 76 32 72 84 66 104 91 136 81 89 39 165 
116 4 159 107 84 123 77 116 16 68 99 23 141 189 59 80 151 137 132 102 102 167 190 98 135 4 104 89 102 154 137 114 145 104 42 85 125 93 158 132 115 110 69 66 137 146 116 149 167 87 74 27 97 77 166 124 46 27 164 122 87 16 144 195 
131 56 101 127 73 109 118 73 161 109 39 122 76 89 83 68 134 65 165 106 89 68 98 152 82 70 149 110 182 96 24 112 162 83 102 44 33 39 50 107 86 117 156 102 23 151 125 107 98 72 192 76 147 58 107 67 133 52 93 130 137 75 16 91 
56 92 142 109 128 137 52 92 110 46 116 107 84 104 46 19 81 83 40 84 107 111 135 82 158 80 144 108 106 84 76 118 59 119 96 107 164 71 76 28 141 18 56 162 145 84 150 114 74 174 57 162 114 129 106 70 109 122 170 74 52 113 90 64 
64 130 98 110 191 105 164 87 107 95 70 96 17 53 40 73 60 67 83 126 112 122 4 70 80 196 174 108 121 94 27 121 143 142 115 118 162 108 53 105 172 112 162 117 96 111 132 59 28 139 84 75 111 167 132 160 89 137 96 107 101 96 81 103 
107 106 48 138 66 165 102 46 158 109 63 154 86 82 146 63 32 144 150 22 108 94 104 149 144 174 32 31 97 164 101 113 98 57 103 77 26 49 119 141 104 108 122 92 36 110 46 189 128 41 38 84 72 148 58 103 153 149 45 119 23 117 100 121 
65 82 106 25 61 140 78 53 71 105 165 109 78 131 104 155 71 124 81 137 17 48 89 110 108 108 31 56 174 109 94 157 162 127 83 76 140 155 86 113 70 146 107 22 38 51 134 59 169 58 58 6 137 88 199 119 130 20 152 101 162 117 128 157 
35 97 106 139 99 172 132 186 77 60 117 141 30 123 170 116 130 84 83 110 147 160 102 182 106 121 97 174 10 156 178 17 12 74 58 102 125 53 111 172 122 107 55 83 129 92 86 119 149 144 77 83 142 35 104 72 57 173 142 72 110 131 146 119 
88 89 151 166 106 159 70 75 52 88 83 66 129 31 96 117 82 150 116 17 82 61 154 96 84 94 164 109 156 162 86 79 135 149 149 54 53 55 92 108 31 25 66 57 122 37 78 101 95 40 167 159 80 112 144 96 51 116 18 139 99 109 137 111 
51 75 117 22 122 93 88 113 90 27 149 85 96 107 170 55 97 96 163 73 153 86 137 24 76 27 101 94 178 86 200 36 138 138 123 132 115 80 59 110 135 176 139 36 128 118 142 121 181 47 107 153 125 161 79 123 86 189 69 79 158 53 55 103 
41 42 96 85 57 69 45 113 72 105 144 90 176 87 95 136 165 168 78 102 107 108 114 112 118 121 113 157 17 79 36 50 113 76 149 188 132 86 76 64 122 55 49 152 105 106 22 107 136 58 105 112 36 115 95 57 51 101 75 103 124 58 40 154 
80 95 130 16 60 108 95 117 60 127 180 77 143 138 94 75 106 145 152 99 120 128 145 162 59 143 98 162 12 135 138 113 58 72 80 32 100 160 158 98 35 96 91 119 101 88 99 129 99 146 99 126 40 50 131 108 69 116 192 111 110 109 73 47 
96 104 41 27 92 143 100 172 123 130 35 55 83 133 98 91 77 99 13 99 36 102 104 83 119 142 57 127 74 149 138 76 72 38 90 157 85 16 105 39 21 119 97 154 17 99 96 108 112 124 150 45 148 138 113 96 166 90 30 46 113 96 36 87 
70 184 125 141 44 139 154 144 132 113 54 120 111 164 91 103 46 51 121 79 120 125 42 102 96 115 103 83 58 149 123 149 80 90 182 30 28 158 148 176 106 134 87 103 44 65 42 104 181 153 92 100 87 132 24 35 19 160 87 69 60 53 21 170 
129 165 27 15 152 8 173 56 115 91 132 110 151 82 77 142 92 113 92 65 68 147 85 44 107 118 77 76 102 54 132 188 32 157 30 106 42 51 118 83 47 64 78 74 92 117 184 106 178 103 126 66 75 147 76 96 83 143 51 27 86 65 109 139 
153 78 185 87 72 102 115 88 68 114 141 28 44 124 118 128 52 117 106 120 104 114 125 33 164 162 26 140 125 53 115 132 100 85 28 42 190 158 126 119 98 113 55 99 136 121 43 124 162 24 25 145 139 45 50 97 196 27 56 73 153 10 76 97 
55 132 122 69 72 59 89 134 100 52 153 109 95 116 154 98 134 73 54 123 118 132 93 39 71 108 49 155 53 55 80 86 160 16 158 51 158 84 34 176 108 102 79 112 155 36 43 103 104 95 164 128 86 134 133 93 67 100 41 177 198 139 107 124 
148 159 139 57 195 72 42 94 94 137 127 67 41 96 35 68 93 94 153 73 104 100 158 50 76 53 119 86 111 92 59 76 158 105 148 118 126 34 126 66 105 188 3 113 85 126 139 163 130 85 27 47 31 122 44 57 134 28 177 129 160 66 117 113 
92 74 111 7 64 102 95 67 108 118 168 23 82 49 99 167 67 63 105 171 92 141 132 107 28 105 141 113 172 108 110 64 98 39 176 83 119 176 66 96 83 78 109 106 25 130 94 154 132 105 147 34 91 100 65 131 53 84 88 85 121 135 127 130 
11 83 59 70 53 66 105 96 169 123 123 142 101 162 57 90 86 144 147 114 68 71 115 86 141 172 104 70 122 31 135 122 35 21 106 47 98 108 105 83 16 72 24 137 101 126 85 77 55 142 59 141 111 69 127 114 128 119 125 102 121 124 80 152 
137 55 114 125 111 119 66 145 74 45 53 107 173 95 48 110 112 86 84 124 186 84 110 117 18 112 108 146 107 25 176 55 96 119 134 64 113 102 188 78 72 148 104 152 47 104 22 55 95 34 110 119 117 64 146 127 80 73 63 75 129 97 73 118 
155 19 39 79 104 85 155 91 104 79 129 64 69 43 80 60 120 63 94 116 63 44 69 156 56 162 122 107 55 66 139 49 91 97 87 78 55 79 3 109 24 104 156 158 82 127 106 141 89 150 80 57 118 68 53 38 88 58 66 83 16 138 132 118 
40 94 82 127 152 18 94 69 119 129 54 81 165 109 77 122 151 90 69 131 50 134 66 102 162 117 92 22 83 57 36 152 119 154 103 74 99 112 113 106 137 152 158 18 114 105 99 85 126 75 35 164 119 42 102 44 182 170 91 143 149 112 119 88 
156 45 101 119 18 48 189 76 105 24 83 156 51 77 168 108 136 7 146 46 87 134 137 23 145 96 36 38 129 122 128 105 101 17 44 92 136 155 85 25 101 47 82 114 18 87 148 98 118 147 11 112 98 117 100 66 28 109 63 108 118 145 92 138 
97 74 110 177 91 101 52 96 49 86 162 15 101 152 129 92 62 88 121 48 79 94 146 151 84 111 110 51 92 37 118 106 88 99 65 117 121 36 126 130 126 104 127 105 87 50 116 127 90 81 116 118 73 172 131 93 142 68 50 106 150 98 132 71 
102 104 11 68 105 182 146 103 82 118 92 130 122 62 131 87 44 71 91 103 66 104 116 125 150 132 46 134 86 78 142 22 99 96 42 184 43 43 139 94 85 22 106 99 148 116 166 134 106 156 160 122 117 115 160 118 120 118 174 108 46 124 126 16 
111 84 39 92 91 82 76 77 124 75 116 62 110 155 166 82 51 94 51 38 45 84 149 107 114 59 189 59 119 101 121 107 129 108 104 106 124 103 163 154 77 55 141 85 98 127 134 142 66 124 133 184 82 40 103 75 122 103 84 103 119 71 168 24 
103 117 142 149 37 28 130 100 133 56 100 126 124 124 90 48 44 163 106 76 112 140 167 98 74 28 128 169 149 95 181 136 99 112 181 178 162 104 130 132 55 95 89 126 118 90 106 66 42 73 105 156 45 88 85 86 189 82 43 127 136 34 52 78 
135 104 71 77 140 94 23 130 48 59 66 95 66 182 117 52 102 126 105 86 57 52 87 72 174 139 41 58 144 40 47 58 146 124 153 103 24 95 85 105 142 34 150 75 147 81 156 124 73 184 118 92 143 90 98 80 111 167 182 93 94 113 106 140 
170 131 116 123 128 49 110 50 123 125 84 143 39 81 87 52 56 162 13 51 187 43 74 192 57 84 38 58 77 167 107 105 99 150 92 126 25 164 27 147 59 110 80 35 11 116 160 133 105 118 22 137 96 107 80 50 92 58 100 155 44 88 120 157 
169 111 46 89 120 95 158 120 81 27 115 54 171 122 153 39 135 24 61 122 123 24 27 76 162 75 84 6 83 159 153 112 126 45 100 66 145 128 47 34 141 119 57 164 112 118 122 184 156 92 137 162 38 40 94 107 33 184 44 16 108 114 128 94 
77 117 159 100 82 115 141 52 55 155 145 114 147 153 153 136 153 70 89 141 137 76 97 147 114 111 72 137 142 80 125 36 40 148 87 75 139 86 31 91 111 117 118 119 98 73 117 82 45 143 96 38 106 107 55 17 165 108 119 109 166 64 141 70 
129 33 52 79 173 71 122 74 98 197 137 82 99 111 180 112 82 51 89 118 107 32 77 58 129 167 148 88 35 112 161 115 50 138 132 147 45 134 122 100 69 64 68 42 117 172 115 40 88 90 107 40 107 130 81 149 59 132 45 169 84 65 120 126 
85 35 77 155 129 51 147 80 112 57 157 108 151 169 143 174 83 58 37 71 109 72 166 107 106 132 58 199 104 144 79 95 131 113 24 76 50 133 44 65 127 146 53 102 100 131 160 103 85 98 80 94 55 81 182 119 47 140 93 174 165 64 64 103 
73 161 103 164 51 171 176 185 135 168 100 117 104 82 72 92 107 173 145 143 53 84 124 67 70 160 103 119 72 96 123 57 108 96 35 96 97 93 57 131 114 127 38 44 66 93 118 75 86 80 50 107 17 149 119 106 104 50 174 160 94 146 6 27 
84 110 114 145 131 24 58 98 109 138 151 91 95 93 101 99 155 100 151 133 72 66 46 133 109 89 153 130 57 51 86 51 69 166 19 83 196 67 134 53 128 80 88 182 28 142 120 122 189 111 92 33 165 59 47 104 174 160 111 94 89 49 125 91 
120 57 158 75 161 154 75 109 106 157 100 78 80 158 92 95 103 91 43 111 121 104 27 52 122 137 149 20 173 116 189 101 116 90 160 143 27 100 28 84 119 73 58 170 109 68 118 103 82 167 58 184 108 132 140 50 160 148 129 110 48 33 133 10 
157 77 110 99 86 110 137 19 43 37 57 106 95 132 150 53 137 62 28 154 72 91 164 93 170 96 45 152 142 18 69 75 192 30 87 51 56 41 177 88 125 63 66 91 63 50 174 84 43 182 100 44 119 45 93 174 111 129 132 157 26 101 86 77 
116 103 101 25 148 53 128 67 87 120 85 81 139 166 129 142 170 80 102 149 157 136 122 130 74 107 119 101 72 139 79 103 111 46 69 27 73 177 129 85 102 75 83 143 108 106 108 103 127 93 155 16 109 169 174 160 94 110 157 42 65 81 83 98 
69 102 34 151 136 65 130 73 138 155 122 121 38 62 97 117 121 127 104 102 69 81 87 137 52 101 23 162 110 99 158 124 110 113 60 86 153 198 160 121 121 129 16 149 118 150 46 119 136 94 44 108 166 84 165 94 89 48 26 65 100 68 187 67 
182 99 151 88 189 85 66 21 109 66 50 168 121 152 110 68 117 85 160 126 43 89 16 75 113 96 117 117 131 109 53 58 109 96 53 65 10 139 66 135 124 97 138 112 145 98 124 71 34 113 88 114 64 65 64 146 49 33 101 81 68 60 111 59 
119 82 118 75 103 80 136 39 146 74 78 50 171 59 61 132 101 46 132 161 149 39 144 16 90 81 100 128 146 137 55 40 73 36 21 109 76 107 117 127 80 73 132 119 92 132 126 168 52 106 120 128 141 120 64 6 125 133 86 83 187 111 162 86 
90 124 57 125 137 111 59 177 24 118 178 176 135 61 80 94 117 94 97 103 119 165 195 91 64 103 121 157 119 111 103 154 47 87 170 139 97 124 113 130 152 118 118 88 138 71 16 24 78 140 157 94 70 126 103 27 91 10 77 98 67 59 86 60 