16
8 5 6 9 3 3 8 3 3 10 10 3 7 8 1 1 
4 5 4 3 10 5 8 1 5 9 4 7 5 8 9 3 
6 4 9 4 4 1 6 4 2 5 5 5 5 9 8 6 
2 10 10 5 1 6 8 6 4 3 5 9 1 6 2 1 
10 7 7 1 6 9 6 5 10 9 2 9 6 10 8 6 
8 10 10 5 3 3 10 2 2 5 1 10 3 8 10 10 
3 9 2 8 2 9 4 10 3 7 4 1 10 1 2 2 
8 3 10 4 1 1 7 1 9 3 9 8 5 4 9 10 
6 9 4 6 7 7 4 2 1 7 8 6 1 10 5 6 
3 9 1 8 6 1 5 8 1 6 9 7 9 3 9 10 
10 6 3 5 7 6 5 2 3 5 3 8 1 3 5 2 
8 2 6 3 5 2 1 2 8 8 3 3 1 8 7 4 
3 10 9 5 1 8 5 7 2 4 4 5 7 10 4 10 
3 1 7 9 5 9 4 2 10 10 10 6 1 4 10 3 
5 2 9 9 7 3 8 9 5 8 6 3 3 1 6 6 
6 1 5 4 8 3 4 7 1 4 3 3 9 3 6 10 
132 92 131 45 76 115 82 169 81 72 97 49 137 16 91 88 
92 172 111 88 26 144 133 139 90 24 81 183 9 106 146 103 
131 111 120 94 100 154 167 81 11 137 18 105 31 86 117 28 
45 88 94 44 96 153 115 151 96 124 117 151 158 134 49 38 
76 26 100 96 38 94 69 131 94 111 74 43 110 128 88 114 
115 144 154 153 94 92 81 72 158 12 138 34 39 119 84 128 
82 133 167 115 69 81 124 151 170 52 120 41 114 78 30 79 
169 139 81 151 131 72 151 192 104 130 154 83 84 85 61 31 
81 90 11 96 94 158 170 104 102 80 162 165 181 95 84 128 
72 24 137 124 111 12 52 130 80 74 136 97 32 102 135 83 
97 81 18 117 74 138 120 154 162 136 16 71 92 50 46 167 
49 183 105 151 43 34 41 83 165 97 71 110 188 100 58 120 
137 9 31 158 110 39 114 84 181 32 92 188 162 69 74 162 
16 106 86 134 128 119 78 85 95 102 50 100 69 178 104 83 
91 146 117 49 88 84 30 61 84 135 46 58 74 104 160 84 
88 103 28 38 114 128 79 31 128 83 167 120 162 83 84 132 