128
2 1 2 5 3 2 4 7 4 4 1 10 3 7 3 4 8 3 2 7 10 2 8 7 2 2 2 10 8 1 7 9 3 3 2 9 7 9 2 5 4 1 2 10 7 2 10 6 9 8 3 4 2 2 5 2 3 6 1 3 6 7 1 2 4 7 8 3 5 3 5 2 6 6 3 10 10 6 7 7 2 8 7 7 1 8 1 5 8 5 5 2 5 4 8 8 4 9 9 8 3 7 9 10 9 4 8 10 7 6 7 2 4 2 2 10 6 10 4 5 4 2 3 9 9 6 3 6 
7 2 5 4 2 1 4 5 5 4 9 9 6 6 10 7 9 10 9 2 6 7 3 1 3 8 9 1 2 1 9 2 7 4 3 7 7 9 10 5 4 2 6 8 2 4 10 5 5 10 7 8 4 3 4 4 4 9 7 5 4 1 6 3 1 9 4 10 10 8 6 10 10 10 1 5 6 2 9 6 3 7 7 9 6 9 10 9 6 6 5 5 9 3 5 3 6 9 10 10 9 1 8 2 7 1 4 5 10 1 2 2 8 6 1 4 7 3 6 8 4 1 1 4 2 7 7 9 
3 7 1 10 4 3 10 3 10 3 1 2 1 8 4 1 7 10 7 2 5 9 2 9 3 5 5 10 2 9 8 1 7 1 8 3 4 7 10 2 2 9 4 3 3 2 4 3 5 8 10 7 8 1 3 10 9 9 8 7 9 3 6 5 4 2 4 5 6 2 9 2 2 7 6 2 1 10 5 2 8 2 7 9 2 2 10 9 7 2 8 10 3 2 5 8 3 3 2 8 10 4 8 8 6 1 5 1 5 2 7 7 4 9 4 2 9 5 3 2 8 4 2 4 7 2 10 8 
3 4 6 10 4 1 7 7 2 6 8 1 5 5 4 8 6 9 8 2 4 4 9 2 7 7 10 1 2 6 3 8 5 1 7 10 10 1 6 8 8 4 3 7 5 4 4 2 8 2 1 9 10 4 10 2 4 5 10 6 5 8 8 9 6 4 6 7 8 6 1 8 6 3 1 8 7 9 2 4 8 9 3 3 5 7 8 6 4 4 1 10 10 1 5 2 4 10 5 4 5 7 3 8 10 6 7 7 9 1 3 5 1 7 1 6 9 7 8 6 5 7 5 8 8 7 8 1 
2 4 6 10 4 2 9 10 3 10 7 2 10 8 9 6 2 6 3 7 2 8 4 9 6 7 10 7 8 6 4 2 8 6 3 2 4 9 4 9 3 8 7 3 2 9 7 6 2 7 4 8 10 8 4 5 5 1 4 2 3 10 3 5 2 4 2 7 7 1 1 7 1 3 9 2 5 1 4 9 4 1 5 5 8 5 4 2 1 6 1 6 9 6 9 1 4 3 5 6 5 2 3 2 1 3 10 3 3 7 8 6 9 7 3 10 2 5 1 6 7 10 3 9 7 2 1 6 
5 8 9 7 9 2 8 8 3 5 10 4 8 6 6 4 9 7 8 1 5 2 7 3 3 5 4 8 3 1 7 8 3 2 4 8 8 6 8 4 10 9 7 9 3 9 1 10 9 6 6 8 10 1 10 4 6 8 1 8 8 7 2 7 6 9 1 1 3 10 1 1 9 2 2 10 3 8 1 2 2 3 8 8 5 10 8 4 4 10 8 2 8 2 5 10 7 8 9 4 5 2 6 8 3 3 6 9 1 2 8 5 5 8 2 2 2 9 3 2 2 4 6 4 5 9 6 1 
2 8 1 3 4 3 10 4 10 2 9 3 8 10 5 5 1 1 6 5 4 2 3 1 4 2 4 2 5 10 9 6 4 9 5 8 9 9 9 4 9 5 3 1 10 7 5 7 7 9 10 6 4 2 10 10 2 4 3 10 6 7 10 6 8 7 5 9 6 4 6 1 7 5 5 8 7 9 9 7 8 9 2 2 6 7 6 7 5 9 5 1 9 7 7 4 8 1 9 4 3 8 7 2 4 1 10 2 9 5 5 6 8 4 3 7 10 6 7 10 8 7 6 8 4 10 5 8 
5 8 9 10 4 4 7 1 6 9 4 7 6 8 9 5 2 2 9 2 9 4 8 9 1 5 1 4 5 8 9 2 8 10 6 4 3 8 4 6 8 1 8 2 6 3 7 4 6 5 8 8 2 2 6 4 8 1 9 1 4 2 1 10 7 8 2 7 7 10 8 9 10 9 3 7 4 9 8 9 6 5 5 10 8 7 10 6 8 3 2 4 10 8 3 8 1 5 3 8 4 4 7 9 2 1 5 2 6 5 3 8 6 10 10 9 8 6 6 3 7 9 10 10 6 1 2 6 
4 10 8 9 4 2 8 1 4 6 1 3 9 8 8 2 4 10 1 1 5 2 2 7 2 10 10 3 6 1 9 10 1 9 9 10 7 3 7 8 2 3 10 3 5 6 9 10 1 8 8 7 7 6 4 6 5 3 6 6 10 2 5 7 2 10 2 3 3 5 6 9 7 7 4 6 5 3 7 4 5 5 8 4 9 4 10 6 9 9 1 7 5 4 10 5 8 1 3 4 4 8 6 2 9 3 5 4 3 10 2 5 5 1 2 7 7 10 4 4 7 7 4 3 8 8 9 8 
2 4 6 3 1 2 3 6 3 10 4 5 8 10 7 1 1 8 8 10 5 4 5 8 10 6 9 8 7 7 8 6 10 7 6 4 10 7 10 5 9 7 1 7 10 10 6 1 6 2 9 1 10 4 7 1 6 4 2 10 1 5 5 10 6 6 6 7 3 8 7 6 3 3 3 4 1 8 10 6 6 10 8 5 5 8 10 6 1 2 7 7 8 9 4 10 3 10 10 8 9 6 6 5 3 1 8 5 5 3 3 10 2 9 9 10 1 9 7 3 10 7 6 3 9 4 2 9 
7 5 1 7 9 2 7 4 4 3 4 9 3 6 8 7 5 1 5 7 7 3 4 9 9 9 10 9 6 4 9 1 7 10 4 9 3 4 3 4 1 6 2 2 7 8 10 8 4 1 7 3 9 10 2 2 2 7 8 5 6 10 2 1 3 4 3 7 7 3 2 2 3 3 8 10 6 2 4 7 5 2 6 2 3 5 8 5 3 7 3 5 9 6 2 3 2 7 2 9 5 6 3 9 10 1 4 3 10 1 3 4 5 1 3 8 2 3 8 7 1 9 4 4 10 8 8 1 
1 7 9 9 5 9 2 4 3 7 9 5 4 4 10 9 4 8 5 7 2 6 9 9 3 7 7 10 2 8 8 2 5 2 3 5 10 9 8 4 7 5 9 3 1 9 9 9 8 3 6 4 6 4 2 1 6 1 10 2 6 2 1 1 2 2 4 6 9 7 5 4 8 5 8 10 8 8 4 1 6 7 2 2 7 7 4 5 10 8 6 7 1 7 8 6 2 4 6 5 1 1 4 8 8 1 1 5 10 6 3 2 7 9 1 5 8 6 5 6 7 6 8 8 10 2 7 1 
10 2 10 8 4 6 10 6 3 5 2 8 1 3 7 6 3 4 2 7 8 8 5 8 8 10 1 5 10 6 1 6 2 8 4 8 10 4 1 4 2 6 2 10 7 1 5 1 9 9 4 10 5 4 7 8 5 8 4 3 6 4 8 6 10 5 10 4 7 8 2 7 8 9 10 5 8 4 5 2 2 5 8 10 9 2 7 5 8 2 6 5 4 4 7 5 9 9 7 4 6 10 3 2 3 1 1 2 2 8 10 2 10 10 2 2 4 3 10 5 8 5 5 2 1 8 3 6 
8 5 2 6 8 1 8 5 5 5 3 1 9 1 10 7 1 9 10 2 6 6 4 3 3 1 3 1 1 6 2 3 10 8 4 7 7 9 1 3 8 4 9 2 4 7 6 6 2 9 8 5 6 8 7 9 4 2 4 5 3 3 1 9 7 10 6 8 7 4 6 5 6 1 2 3 9 10 9 7 2 2 8 6 9 4 9 5 7 3 3 5 10 6 10 4 5 2 7 2 6 8 4 3 6 9 3 9 9 5 3 7 7 10 6 4 8 7 3 3 5 8 2 10 4 8 1 7 
2 10 3 3 5 6 1 5 9 2 7 6 8 7 8 7 3 9 2 7 7 2 3 7 7 8 4 2 6 8 7 6 6 5 1 5 1 4 1 2 4 7 10 2 7 8 3 8 4 2 4 2 1 2 4 8 3 8 4 9 6 2 4 10 3 5 2 9 9 9 5 3 7 2 6 6 10 4 2 6 1 9 5 10 1 2 1 9 1 4 5 1 8 1 1 3 5 6 7 9 7 6 3 8 4 5 3 1 8 7 7 7 9 1 9 10 8 1 4 10 9 8 8 2 7 7 1 5 
10 3 10 10 6 1 3 2 8 3 7 6 2 1 9 8 5 9 1 4 7 6 6 2 4 2 9 9 8 4 1 10 2 10 3 8 9 3 3 3 8 3 8 6 4 6 2 10 7 2 6 5 6 3 4 1 8 10 3 7 4 6 1 3 6 9 3 3 1 2 3 3 2 5 10 10 1 10 1 1 2 10 8 8 1 4 3 5 8 1 8 8 4 10 10 4 8 8 3 10 1 4 5 2 1 3 6 10 8 9 2 4 1 7 9 3 9 9 9 6 9 2 4 8 6 9 1 4 
10 4 10 2 8 5 7 6 2 2 6 4 7 3 4 1 2 5 3 6 7 1 2 2 10 9 2 3 5 4 7 3 8 4 8 7 8 8 5 6 10 6 7 10 7 3 3 2 3 5 5 7 3 3 9 7 5 7 6 9 5 5 5 3 9 3 2 9 4 9 4 8 5 7 7 10 10 9 6 9 2 9 3 1 10 9 3 6 2 1 2 7 5 10 6 5 9 3 7 6 2 6 4 3 6 1 3 8 9 4 2 4 5 1 3 4 1 7 7 3 10 9 2 8 1 10 7 9 
2 4 2 8 5 2 2 6 5 3 4 1 2 9 9 5 4 10 8 2 3 6 9 10 2 4 3 5 8 3 9 9 7 4 2 10 7 8 3 10 10 9 10 2 2 8 10 8 2 3 4 8 1 10 6 5 1 8 9 4 2 6 2 5 10 5 9 9 4 8 5 8 7 1 10 9 8 2 8 10 3 10 4 8 8 9 3 3 5 6 7 2 8 2 3 10 7 7 9 8 1 6 9 4 10 5 7 9 10 8 10 3 1 5 8 3 2 4 1 8 8 9 1 1 3 3 1 7 
1 8 5 6 7 9 7 2 8 7 4 9 1 4 5 6 7 4 2 6 10 2 2 3 10 7 4 5 1 4 3 6 6 6 1 3 2 4 2 9 6 9 2 1 5 5 2 8 6 6 5 6 2 7 8 8 1 3 5 2 7 7 10 8 6 2 10 5 10 8 5 8 1 2 9 2 10 3 1 6 7 6 8 9 5 4 3 6 2 9 1 2 7 1 7 7 6 4 9 10 4 7 8 2 8 3 9 1 1 7 4 4 6 8 3 5 3 10 9 4 6 10 10 3 10 1 4 8 
10 10 8 3 7 10 1 1 7 9 3 4 10 4 3 10 1 4 3 4 8 9 5 2 4 9 1 3 1 4 5 2 7 8 3 1 3 9 8 2 6 4 1 2 5 7 7 10 2 7 5 4 8 3 7 4 5 1 6 6 4 5 8 10 3 8 4 6 3 9 6 1 6 3 2 10 2 5 5 4 5 6 5 9 8 2 1 10 1 6 9 10 2 3 3 1 6 4 1 6 4 1 10 7 2 10 2 6 6 9 3 8 1 6 4 1 7 3 5 3 1 1 3 9 5 1 1 9 
3 6 4 2 6 7 8 3 1 7 4 1 9 1 3 8 9 2 9 1 7 9 3 8 2 1 10 5 2 3 3 10 4 4 7 7 8 1 4 5 8 2 6 9 7 3 2 7 5 1 10 5 7 10 2 2 7 8 1 8 6 4 5 6 10 1 7 6 9 9 6 7 4 2 8 6 3 6 6 2 1 3 7 10 4 10 6 5 1 9 6 4 4 9 3 9 2 10 3 9 5 10 5 3 9 2 8 1 3 10 1 5 9 9 3 9 6 6 8 3 7 5 8 8 3 5 8 4 
1 2 10 7 9 2 8 5 1 5 10 5 6 8 5 10 8 1 4 2 10 6 3 8 6 9 3 9 3 5 8 1 1 2 6 9 3 1 1 9 2 2 6 10 2 1 8 10 7 6 9 7 10 2 10 2 10 5 7 6 5 4 2 10 8 5 2 9 2 1 2 6 4 8 5 5 7 8 6 8 6 9 8 8 10 7 2 6 3 10 7 2 5 7 7 2 3 3 5 2 4 6 7 3 8 5 9 5 3 7 7 3 1 6 4 7 5 10 10 9 1 5 6 3 8 6 1 4 
5 3 2 3 9 7 3 3 10 5 4 3 1 5 5 10 1 6 3 2 10 9 8 2 10 4 4 7 4 4 8 2 6 1 6 6 5 5 1 1 3 3 8 1 4 1 9 7 6 2 4 9 6 4 5 6 10 1 8 3 6 4 2 3 8 2 3 8 3 9 3 7 2 2 1 10 9 1 6 5 6 2 6 3 7 2 1 8 3 9 3 10 6 7 7 5 4 5 2 10 3 2 1 5 10 3 9 4 6 7 10 5 5 2 5 9 10 3 4 2 9 5 6 4 10 1 1 3 
8 7 7 4 5 9 1 4 8 1 2 6 9 3 5 4 1 10 9 9 9 6 10 3 7 9 5 6 8 7 5 6 6 2 6 7 10 1 3 3 3 8 6 10 10 2 3 8 10 1 4 7 10 2 5 6 10 1 9 3 3 3 8 6 5 1 10 1 8 3 5 9 8 9 1 3 4 3 8 10 2 5 4 9 5 9 5 10 8 3 4 9 7 1 9 3 4 5 10 9 1 7 8 3 10 2 2 1 8 5 4 8 8 4 5 10 10 9 9 6 10 6 5 5 6 10 4 7 
8 9 6 5 3 2 4 6 2 4 5 9 7 4 6 6 7 4 10 9 9 9 6 1 1 8 6 3 1 6 8 2 8 9 1 10 5 7 1 10 4 9 10 7 8 8 5 5 2 4 8 4 8 8 9 8 1 9 9 5 3 7 1 1 6 3 9 9 7 6 6 9 7 1 6 2 8 4 2 6 10 9 3 9 2 3 10 9 9 9 8 5 8 9 7 6 2 2 8 3 10 1 3 4 5 10 7 4 3 2 10 4 6 10 10 10 7 8 7 1 8 10 8 3 9 6 3 7 
10 6 6 5 2 2 8 8 3 3 2 9 7 9 1 9 4 1 5 3 5 1 7 2 3 1 4 9 1 5 1 1 5 4 2 4 7 5 2 5 1 1 7 6 4 8 7 1 10 5 5 7 10 10 7 6 4 7 1 1 7 9 6 3 10 7 6 10 6 7 4 10 4 4 5 8 8 7 5 6 3 3 7 1 7 3 8 7 6 2 6 3 7 7 10 5 3 8 6 6 4 6 5 10 9 8 7 6 6 7 4 5 4 1 9 10 3 5 2 6 4 1 7 2 4 4 4 7 
5 10 6 4 8 8 6 8 8 9 6 6 8 10 10 7 3 2 5 8 9 5 3 1 5 6 5 9 4 8 6 7 5 6 7 6 6 10 7 9 5 4 4 10 5 8 2 10 2 2 6 1 1 5 2 10 1 1 6 10 3 8 3 2 1 9 3 2 5 7 8 10 8 10 10 1 2 8 5 1 10 5 3 3 5 1 5 8 1 2 2 7 8 2 1 7 6 2 9 4 7 5 3 2 7 1 9 4 1 10 8 4 5 4 1 3 4 1 10 1 7 6 9 8 5 6 6 4 
3 10 1 2 1 9 3 6 3 5 10 7 5 7 1 4 7 10 6 8 1 5 4 9 3 4 4 10 4 5 2 10 2 6 9 7 8 2 2 4 5 6 9 10 1 1 6 9 1 8 3 7 5 7 8 2 7 3 7 10 5 5 8 4 8 7 7 7 8 8 6 4 10 6 2 5 10 5 8 6 4 6 7 8 6 4 4 7 8 4 1 7 1 4 9 3 1 7 1 4 3 3 5 7 1 1 10 5 8 5 8 8 7 3 1 6 1 4 2 7 9 8 8 8 4 8 10 5 
7 3 4 10 3 8 7 10 2 3 7 10 10 1 7 3 4 10 2 8 9 8 1 5 3 10 8 5 8 10 7 9 5 6 10 4 8 7 3 2 6 3 4 3 2 3 8 7 5 1 8 10 8 2 8 5 1 6 2 2 9 7 1 2 1 5 3 4 5 2 5 1 5 10 10 5 6 7 4 2 5 1 8 8 9 9 5 3 5 1 10 3 9 3 2 7 1 4 2 9 5 6 1 9 10 6 4 1 2 3 3 9 5 8 10 2 2 7 4 1 9 7 9 8 3 10 3 4 
4 7 6 7 1 2 4 7 8 5 9 2 2 5 9 4 6 7 10 7 8 10 3 4 1 1 7 1 8 7 6 3 1 5 7 6 3 6 9 10 1 8 1 3 9 6 3 5 9 1 5 5 4 8 9 9 7 6 10 10 6 5 2 4 3 7 6 4 8 1 7 3 3 2 3 9 2 10 4 10 8 5 2 9 4 10 2 6 8 2 3 7 1 2 6 5 8 7 6 7 6 6 4 8 6 2 5 2 1 2 1 6 2 8 9 8 5 7 7 9 1 1 6 7 6 6 2 2 
2 2 2 2 8 10 8 3 7 9 3 4 5 4 3 8 3 6 8 7 9 6 9 5 3 10 4 3 10 2 7 5 1 4 4 3 2 5 2 6 4 2 5 7 7 1 7 8 8 6 8 1 10 9 3 4 3 7 2 4 7 3 2 6 10 2 7 3 10 4 5 3 8 2 9 9 7 3 10 10 10 4 6 9 3 4 10 8 3 4 5 1 1 9 7 3 1 8 3 6 3 3 6 3 6 5 8 6 1 10 8 9 2 5 8 8 9 6 9 8 1 3 6 8 1 3 1 8 
6 4 1 9 8 3 5 5 7 8 5 1 10 7 8 6 6 8 1 8 5 2 2 2 9 8 10 3 1 6 9 9 9 2 10 6 7 9 6 9 9 6 3 1 5 2 5 7 1 8 5 4 9 6 5 9 3 5 5 2 6 6 3 7 4 9 10 4 2 2 3 4 5 5 7 6 9 4 7 7 2 8 10 8 4 5 3 2 5 6 2 9 1 7 1 6 2 3 2 2 8 2 3 7 9 2 8 7 9 10 5 1 3 5 3 1 1 6 1 5 9 4 9 10 2 1 9 9 
7 10 6 5 1 2 5 7 9 3 9 6 4 4 1 1 5 8 3 6 4 9 10 1 1 4 1 10 1 2 6 3 1 6 6 6 6 6 3 10 3 10 2 4 4 4 9 4 7 4 4 1 9 5 6 4 9 2 4 1 7 3 6 10 5 3 2 5 1 5 8 8 7 1 10 3 9 9 9 5 3 3 1 4 1 9 5 4 8 7 2 6 10 2 1 10 3 9 4 2 7 3 7 5 8 8 9 5 5 10 4 8 1 6 5 5 10 4 4 4 4 3 8 3 2 8 8 5 
5 7 3 7 6 1 9 9 9 1 2 1 10 6 6 5 9 4 3 9 2 3 2 9 10 10 1 8 7 1 8 5 10 5 6 5 8 9 1 4 6 9 9 7 9 2 9 2 8 10 8 8 5 9 5 10 3 5 5 3 2 4 7 1 2 5 5 1 8 10 4 9 2 8 5 8 8 6 4 1 8 6 2 6 9 6 4 9 5 10 10 10 1 5 2 5 6 7 5 2 1 10 10 5 5 3 3 6 10 7 6 10 3 1 1 4 10 10 7 10 2 4 4 7 5 1 3 5 
7 2 8 8 6 7 3 4 8 5 1 3 8 7 8 4 5 5 5 9 4 5 6 2 8 3 8 9 1 2 3 10 5 9 1 4 1 10 6 3 10 8 1 2 2 9 4 5 1 8 2 6 8 7 6 8 4 2 5 6 9 3 8 3 10 6 9 2 7 10 2 1 2 10 3 1 9 3 8 6 6 1 8 10 8 4 9 7 1 10 2 10 10 5 3 4 9 2 1 8 8 4 1 9 9 8 7 4 7 3 1 5 2 10 9 3 5 9 5 3 10 5 1 1 2 9 8 8 
8 4 3 7 2 6 3 6 6 2 6 10 1 8 9 10 5 9 2 3 1 1 8 3 9 2 2 1 9 7 1 9 5 6 7 10 7 2 3 3 6 6 8 1 4 4 8 5 3 5 1 10 9 1 9 9 3 9 2 1 3 3 1 1 7 3 8 7 7 2 5 5 2 9 6 5 6 1 1 7 9 8 1 3 7 5 10 7 4 3 4 4 8 1 5 5 7 7 2 6 8 7 9 10 5 2 7 5 10 10 2 5 2 5 6 8 1 2 8 4 2 7 9 1 8 2 3 4 
1 2 9 7 10 10 4 9 5 4 5 3 4 6 6 2 9 9 1 3 10 9 7 10 5 4 10 8 7 7 6 5 4 2 6 1 2 1 4 4 2 8 9 1 1 4 9 7 3 5 6 3 3 9 5 4 4 9 4 10 2 5 10 6 1 1 7 5 4 2 10 4 4 5 4 10 9 10 7 1 2 7 6 2 8 3 10 9 5 10 6 2 7 10 6 7 7 3 10 7 9 2 7 4 8 10 8 2 1 8 7 6 5 8 7 6 9 1 8 4 3 3 10 7 9 5 9 8 
9 10 5 2 6 4 2 1 7 9 1 2 9 6 2 7 3 3 6 4 8 6 8 6 2 9 2 9 1 4 2 8 1 4 3 7 9 9 8 8 3 8 3 3 8 1 6 1 4 8 7 1 3 9 3 6 3 6 6 3 5 5 7 2 10 9 7 6 1 8 6 3 1 3 9 5 7 3 6 8 6 7 8 8 9 8 9 8 1 8 6 4 7 7 8 3 4 9 2 6 10 9 3 4 1 8 6 5 8 5 3 9 5 3 8 4 6 9 6 8 2 10 2 3 4 10 9 1 
3 2 7 3 2 6 5 4 5 1 9 3 1 6 6 9 5 10 7 7 5 7 1 1 7 5 2 2 5 3 4 6 1 6 9 10 7 1 10 1 9 10 4 1 2 10 6 6 3 5 2 1 10 9 4 3 1 3 10 7 3 7 6 9 8 9 10 4 9 4 8 8 10 1 2 9 3 4 7 2 4 4 2 9 8 4 2 1 4 2 7 7 5 8 7 4 5 4 7 10 10 5 3 9 6 3 7 1 10 3 3 6 3 4 5 2 5 5 8 9 10 9 4 3 10 9 1 7 
8 5 5 2 2 8 2 8 1 10 4 2 8 6 9 4 1 9 2 10 5 4 6 10 3 9 8 7 4 6 7 4 8 2 6 9 6 7 10 7 5 5 2 8 6 6 4 8 1 4 8 1 3 8 5 7 8 7 10 8 3 7 5 6 8 1 7 4 9 9 1 6 9 6 10 1 10 1 1 8 2 6 8 5 4 9 5 9 2 1 4 7 2 1 6 5 5 1 5 10 8 1 2 3 3 6 1 10 3 1 2 4 2 5 5 5 9 8 8 9 10 1 10 10 4 6 3 5 
4 9 3 1 3 5 6 8 9 3 7 7 9 6 8 4 1 1 10 8 4 9 9 4 10 1 8 10 3 8 3 5 1 2 8 1 3 6 4 3 3 2 2 2 5 9 3 10 1 9 9 5 6 1 8 5 5 8 3 9 4 8 10 9 8 7 5 10 3 10 10 4 10 10 7 4 9 10 6 5 9 4 2 10 3 5 1 10 2 7 5 2 3 4 4 9 8 9 3 10 2 3 6 6 5 2 3 10 10 2 7 4 1 3 10 7 1 10 6 9 3 8 10 9 8 2 5 7 
3 5 6 10 10 7 5 5 1 2 8 4 6 8 9 2 9 7 3 10 7 3 5 1 2 9 7 10 3 4 1 5 4 5 9 2 7 2 10 1 1 4 1 5 1 8 2 1 3 5 3 6 7 10 8 8 10 8 4 5 3 3 10 3 2 5 6 3 2 10 2 10 2 2 9 4 8 7 4 8 1 4 5 3 8 8 8 8 2 2 5 5 9 10 10 3 7 2 4 6 5 9 4 5 5 1 5 7 4 6 2 1 1 6 2 7 5 3 10 1 2 3 10 6 1 4 2 10 
7 2 2 1 1 8 8 6 2 7 1 6 8 3 8 7 1 4 10 7 9 5 5 8 1 7 7 3 8 1 3 3 3 1 5 10 8 3 9 6 1 2 8 9 4 5 1 9 1 5 8 5 7 5 6 10 5 4 3 4 8 4 8 8 8 6 4 10 6 3 3 7 6 1 3 6 1 8 1 5 7 9 8 9 6 2 6 5 10 2 6 8 1 3 1 7 6 10 3 9 1 2 10 2 7 9 2 1 2 2 7 1 7 3 3 9 4 6 2 7 6 7 1 10 9 3 3 8 
7 5 7 10 9 1 9 3 7 4 2 4 7 2 5 6 8 7 9 10 7 6 9 7 8 9 6 10 9 8 7 1 1 10 2 8 9 1 5 2 10 6 8 8 6 10 7 9 7 4 8 1 2 3 9 6 9 3 3 1 10 1 1 7 3 8 2 8 10 3 8 9 8 5 7 10 10 9 9 8 7 9 4 4 6 10 3 1 9 1 7 6 7 2 2 5 1 3 8 2 4 8 3 9 5 8 9 3 9 2 7 10 5 1 3 4 2 5 4 2 5 7 4 7 10 2 7 5 
10 4 10 2 9 7 6 10 6 5 2 6 4 7 10 7 1 6 7 1 9 4 2 1 2 4 7 7 3 2 5 6 5 5 4 5 10 4 5 5 4 4 9 9 8 5 5 7 3 4 9 8 4 2 7 2 4 2 8 4 6 3 6 3 10 2 8 2 3 1 2 6 7 8 4 2 8 8 5 1 3 9 4 2 4 1 9 6 3 8 5 2 8 9 10 5 1 9 7 4 7 2 2 5 4 10 8 1 1 1 6 3 4 3 4 4 1 8 5 3 3 2 8 7 6 9 9 10 
6 3 5 3 10 1 10 2 7 7 7 3 7 1 7 4 6 10 9 8 4 4 6 4 6 8 3 10 10 3 9 1 1 1 8 2 2 1 3 10 5 8 6 9 8 3 9 4 7 10 2 3 9 4 9 6 1 5 9 10 8 9 2 2 6 4 5 1 2 4 7 6 3 3 6 2 8 8 1 10 3 6 6 8 8 4 10 8 10 9 9 7 7 3 6 3 2 4 6 6 3 9 7 4 3 8 9 10 2 6 1 10 3 2 6 2 5 9 7 5 3 1 7 5 5 1 9 7 
4 9 5 4 1 10 8 4 9 9 1 2 9 7 7 5 5 5 8 5 4 10 4 2 1 4 10 1 10 6 9 2 6 9 9 3 2 8 9 7 4 2 7 8 2 5 1 2 2 4 8 6 7 10 10 9 10 10 3 10 9 10 3 6 9 8 10 4 9 8 5 9 6 1 1 7 5 1 3 2 7 1 2 4 6 6 1 6 3 7 6 10 10 3 10 4 8 10 6 3 9 8 4 4 7 7 3 1 1 3 10 1 1 8 5 2 3 9 2 6 6 6 6 8 6 1 4 6 
3 6 9 4 7 7 10 8 4 2 1 7 2 9 6 4 4 6 7 1 4 5 2 3 4 6 2 8 2 5 9 10 8 6 3 6 4 4 10 5 7 9 5 3 4 3 10 2 7 4 3 10 8 1 4 5 10 5 4 7 9 1 3 10 4 4 8 8 8 2 3 2 2 3 4 2 2 4 3 1 10 7 5 7 2 1 2 6 9 6 2 9 1 8 2 8 6 10 5 5 2 3 6 1 1 3 10 8 8 7 10 4 5 10 1 7 10 7 1 9 5 4 4 7 6 7 3 9 
3 1 1 9 5 5 7 2 6 5 3 2 2 5 9 10 5 4 3 8 10 3 5 3 5 10 2 6 7 6 6 1 9 6 4 10 3 1 9 9 6 9 1 2 2 10 1 7 4 10 5 6 1 1 6 10 3 5 3 10 2 4 10 7 5 5 7 1 8 1 9 5 3 1 8 1 7 2 3 1 10 2 4 7 4 7 6 5 6 6 2 2 6 8 8 1 7 1 2 2 6 7 2 2 2 2 2 5 4 1 9 8 4 6 10 1 1 2 3 6 2 3 9 7 3 2 9 2 
7 10 7 8 4 2 2 1 9 7 6 10 7 3 6 1 8 1 3 5 4 2 4 3 5 2 3 1 8 6 8 2 5 6 9 8 5 4 6 4 8 5 10 5 8 3 3 3 5 4 5 10 6 9 10 3 1 8 8 1 6 6 10 5 3 10 3 8 8 10 6 10 7 10 2 9 3 4 3 6 3 9 3 6 6 9 3 4 7 8 2 5 3 5 10 4 6 10 2 10 3 10 2 10 1 7 6 5 2 2 5 10 10 1 4 1 5 1 8 6 1 4 6 6 7 10 8 10 
10 10 6 10 8 2 10 1 6 4 8 8 8 4 10 8 7 2 8 3 7 6 10 8 1 10 1 2 3 10 4 6 6 9 9 3 5 3 3 2 6 2 8 7 2 1 7 2 9 4 1 5 8 8 7 7 9 3 6 3 9 8 9 2 9 6 4 7 7 7 4 8 5 2 4 2 7 3 3 5 7 10 10 6 2 8 9 2 10 4 6 2 2 4 10 3 1 10 5 1 6 5 3 5 9 1 8 4 7 4 5 2 7 9 5 1 6 2 1 2 8 2 3 2 1 6 6 6 
1 3 7 8 4 10 10 1 3 3 4 3 5 8 3 6 1 3 10 9 6 10 8 5 7 8 8 8 10 3 5 3 8 2 4 9 5 2 10 3 1 1 7 5 6 1 10 4 3 3 2 10 3 7 8 1 5 5 4 9 2 1 3 4 1 4 2 8 9 2 10 3 2 10 3 8 7 1 5 10 7 1 7 9 9 8 3 1 2 8 7 9 5 2 2 1 8 10 7 4 1 10 4 4 1 10 1 8 5 5 8 10 9 3 1 10 1 5 5 4 5 3 10 3 1 10 1 8 
1 10 1 6 3 8 10 10 6 3 7 3 7 9 6 3 6 9 4 8 2 8 2 3 1 4 10 4 7 8 6 8 2 10 3 2 8 4 5 8 1 3 1 3 10 6 5 6 1 7 8 2 7 4 10 1 8 3 1 9 5 3 5 4 9 8 4 4 10 7 9 2 9 3 5 3 9 10 9 10 8 9 4 2 3 10 2 2 9 8 6 3 6 1 1 1 9 8 1 1 3 10 9 6 1 1 8 8 8 3 8 3 10 7 7 4 3 6 1 9 3 6 8 7 7 9 7 1 
3 3 7 4 5 10 1 2 10 6 10 3 2 8 5 1 4 3 5 8 6 1 5 1 4 1 10 3 1 7 6 3 7 5 5 10 4 1 6 10 6 4 2 8 4 3 9 1 2 10 5 4 4 9 5 6 1 8 2 1 9 8 6 10 9 7 6 4 9 10 5 5 1 6 5 5 10 3 3 5 7 5 4 3 7 8 5 5 4 8 1 4 7 7 4 10 7 2 5 1 8 4 5 7 6 1 1 1 8 6 8 2 8 9 4 3 5 8 8 2 4 3 1 5 6 4 3 6 
3 1 10 2 5 7 10 3 8 9 10 9 3 5 4 8 10 1 6 8 9 8 1 5 5 3 4 9 7 2 3 10 4 3 9 3 8 1 1 9 9 7 3 4 8 5 8 6 6 9 2 2 6 6 5 6 2 9 9 2 8 8 6 3 3 5 3 4 1 5 9 6 7 2 4 2 2 3 9 2 3 2 6 1 5 6 9 2 3 6 7 8 10 1 5 4 9 5 3 10 6 3 1 9 5 5 8 6 3 8 6 6 10 1 7 7 2 2 2 6 2 6 2 6 9 10 4 3 
9 2 2 5 8 7 8 4 9 2 4 8 3 7 7 2 3 6 10 8 4 5 5 9 8 7 1 1 3 9 2 1 6 7 7 4 10 2 3 6 6 6 6 2 8 10 10 4 1 3 9 1 7 7 10 9 7 9 4 10 8 10 2 1 7 3 9 4 4 3 7 7 7 6 7 2 4 3 7 2 7 4 9 5 9 3 7 2 8 8 9 8 1 4 5 7 9 9 1 7 1 3 6 10 9 4 9 1 1 8 6 5 6 6 8 2 7 10 4 6 10 6 10 9 5 3 1 5 
4 4 7 2 4 5 2 2 9 10 9 2 5 6 3 7 4 7 8 2 1 2 1 10 5 2 7 8 1 7 7 10 8 6 4 1 9 7 4 3 5 3 9 9 6 7 6 7 1 9 6 4 1 6 6 1 10 8 6 7 5 5 7 4 10 8 7 8 8 6 4 1 5 7 5 10 9 6 7 10 6 1 5 8 10 7 8 8 6 4 4 2 9 3 5 7 3 5 2 2 6 8 4 4 10 4 8 7 9 4 6 4 6 6 2 2 8 7 9 10 4 1 9 4 10 8 9 6 
10 8 7 5 10 10 1 7 9 3 6 2 3 2 10 1 1 3 8 10 2 10 1 8 9 5 7 6 6 7 10 3 4 8 1 2 3 8 7 9 3 10 6 7 1 9 4 7 1 2 2 3 8 3 9 8 2 7 5 1 1 7 6 4 9 7 10 9 8 3 4 6 6 2 1 9 4 7 10 4 1 8 10 7 2 8 2 6 1 7 8 1 2 9 10 4 2 8 9 7 1 8 2 10 7 10 2 8 4 8 8 9 7 10 4 8 4 4 6 7 1 10 7 1 3 5 9 1 
7 2 6 3 10 9 9 6 4 6 3 9 7 1 4 4 10 9 5 10 1 7 10 7 10 2 6 1 10 10 7 9 10 4 2 3 5 7 3 6 9 3 4 1 3 10 4 8 5 8 10 1 6 8 9 3 4 1 8 8 6 3 4 6 3 8 2 2 4 4 7 5 2 8 3 3 6 5 8 1 2 5 8 5 2 8 10 9 2 4 7 1 6 9 9 4 1 5 10 9 8 8 9 6 7 10 9 9 10 5 3 1 7 4 10 4 8 10 10 9 9 7 10 7 6 9 1 5 
3 4 7 3 3 5 9 7 5 10 5 9 7 1 7 6 9 10 9 8 8 1 2 9 5 5 1 3 3 9 2 1 2 2 5 9 10 10 4 5 3 1 4 10 6 4 2 5 8 10 10 3 8 5 3 7 4 1 4 2 3 3 6 3 8 5 6 10 7 5 8 8 2 7 7 5 9 4 7 6 7 8 2 5 2 6 5 3 9 7 10 9 5 3 1 2 3 6 4 8 4 8 5 10 5 6 3 8 9 3 7 10 3 4 8 1 6 5 6 8 5 3 4 2 5 3 4 3 
7 10 2 8 9 8 6 5 1 9 1 10 2 2 9 8 6 3 2 1 3 2 7 5 6 3 6 3 5 2 8 4 8 8 6 4 10 5 4 2 2 7 5 9 7 5 5 2 6 8 2 5 8 2 3 9 10 5 10 10 8 8 3 2 3 5 2 4 6 7 7 4 8 1 9 10 6 1 7 2 3 3 1 1 2 9 10 4 7 6 10 2 1 4 2 7 2 2 8 3 1 5 4 5 3 7 8 10 4 1 2 4 5 4 1 10 3 4 9 6 10 7 10 9 6 9 4 2 
6 1 7 8 9 9 4 7 4 3 2 6 4 4 1 3 6 10 6 1 6 1 5 4 9 2 7 1 8 3 7 6 8 10 9 10 7 6 2 2 5 7 4 4 8 5 3 2 5 7 1 10 10 4 5 5 1 2 5 5 1 7 3 3 8 1 6 2 7 1 6 10 4 8 5 4 9 5 9 8 8 1 5 6 5 3 2 5 2 3 8 1 1 5 1 7 2 3 4 10 5 8 3 1 9 1 2 1 5 8 5 3 7 4 1 9 5 3 6 10 1 9 8 7 6 1 6 10 
7 3 9 8 2 10 9 5 1 3 1 10 9 4 8 6 7 9 2 2 10 3 2 3 4 6 5 6 10 1 9 5 10 1 10 9 10 5 9 7 3 1 9 6 7 2 10 1 10 3 5 2 8 6 5 5 2 5 2 5 4 2 4 7 6 10 7 4 7 1 6 10 7 10 6 4 7 4 6 8 4 10 4 5 8 2 5 1 5 5 10 2 5 2 8 10 8 8 10 3 6 4 1 1 3 4 2 1 10 6 7 2 7 4 6 3 1 5 5 1 10 3 10 2 2 5 1 4 
3 10 4 1 2 6 6 10 7 6 1 10 6 10 5 1 1 3 8 3 5 2 6 9 10 5 10 9 2 8 9 5 9 7 4 5 1 10 8 10 2 1 6 5 4 10 7 1 1 2 9 1 10 1 6 6 3 3 4 6 8 2 10 7 4 5 3 4 4 7 7 3 5 2 7 5 5 2 5 10 3 9 3 8 1 2 3 5 5 9 1 9 5 4 9 5 7 10 4 1 4 6 8 5 4 4 1 5 4 6 4 5 9 1 6 7 5 2 1 2 4 4 1 5 9 2 3 4 
4 5 8 6 2 5 9 3 5 7 3 5 4 5 4 6 8 10 3 9 7 7 10 3 9 1 5 9 1 1 10 1 10 9 10 3 8 5 10 3 6 3 3 6 10 4 6 6 5 5 2 4 1 4 2 3 5 7 4 1 1 7 5 1 6 6 5 7 5 1 6 8 9 2 4 7 4 3 5 1 8 3 4 4 4 10 3 3 7 6 2 3 5 9 2 9 6 6 8 10 5 2 1 8 10 7 4 2 1 7 4 7 3 5 5 5 2 2 7 1 3 2 5 9 1 10 9 5 
2 8 10 9 9 10 5 9 1 5 6 7 3 10 5 7 9 2 1 10 5 8 4 9 1 5 6 2 5 9 5 2 10 8 2 6 7 8 4 9 3 6 9 6 6 3 8 1 1 6 5 6 6 3 8 9 1 2 6 1 4 7 7 7 5 3 4 7 1 7 1 7 9 10 5 10 5 8 5 1 3 3 3 7 3 8 6 10 5 9 5 9 10 4 7 8 2 1 9 9 5 6 1 9 9 1 3 6 7 8 5 2 2 5 10 9 5 1 6 2 5 5 4 7 1 1 9 5 
2 9 8 1 5 3 8 2 7 9 10 8 10 2 2 1 6 10 2 7 2 3 7 1 6 6 6 5 1 3 8 6 10 4 2 3 1 4 8 5 8 3 5 6 8 9 6 10 3 5 5 6 3 9 8 5 1 8 10 5 8 6 6 9 3 5 10 4 6 4 9 2 5 2 7 3 2 5 10 10 10 6 6 9 10 6 8 5 7 4 7 2 7 7 2 6 5 3 3 9 9 4 9 8 4 7 4 5 7 3 7 4 4 7 1 5 3 6 1 1 10 3 3 1 4 9 1 7 
2 8 5 2 7 1 6 9 2 9 6 6 3 10 8 2 5 6 4 9 1 10 10 10 8 9 9 4 2 3 10 3 9 8 10 5 5 2 4 8 8 5 8 5 9 3 1 4 6 4 7 9 5 5 6 4 9 7 5 3 10 3 9 6 2 2 4 9 9 6 5 7 9 4 9 6 5 1 1 8 3 5 6 4 6 3 6 4 5 10 1 5 10 8 10 5 4 7 1 7 4 8 8 10 10 4 5 2 10 3 9 1 3 2 6 7 2 3 5 7 9 5 7 1 4 8 4 5 
6 9 8 8 6 4 10 3 10 3 8 2 7 9 5 9 3 8 3 4 4 10 10 9 10 2 1 7 4 10 2 5 3 3 1 5 7 5 8 1 5 2 8 9 1 5 3 8 4 4 6 10 10 5 4 7 5 6 9 7 3 10 8 8 2 5 10 2 6 7 7 1 1 4 5 1 5 6 5 9 3 7 10 7 5 8 4 5 6 2 1 9 1 8 1 6 8 10 7 9 3 1 8 2 4 2 8 8 2 2 4 8 4 9 8 10 5 9 6 10 3 4 6 6 1 6 2 2 
8 2 8 2 4 1 2 10 3 5 5 3 9 6 8 3 4 4 10 3 5 5 1 6 6 9 9 10 7 8 6 9 6 6 6 7 10 8 5 8 2 5 1 4 6 9 7 10 3 7 8 9 5 4 5 2 2 6 6 3 10 1 4 10 7 3 8 2 3 7 8 9 4 4 9 10 8 2 5 3 1 3 3 10 1 2 10 8 3 2 4 6 4 6 10 5 3 4 10 1 10 2 2 6 9 1 8 1 6 1 9 5 8 9 5 2 9 10 6 3 9 9 7 4 5 8 6 10 
3 6 4 6 5 7 3 1 9 10 9 1 8 5 3 3 10 6 2 6 10 10 3 6 4 9 5 3 6 6 4 7 2 10 4 8 1 3 1 10 1 5 7 1 5 2 1 5 4 10 8 1 6 9 6 5 5 1 9 5 1 8 9 6 3 9 7 9 3 2 6 8 2 4 4 5 10 2 4 1 5 3 1 7 9 7 7 6 5 2 8 10 1 9 9 8 3 1 6 4 4 6 5 6 2 8 5 1 10 8 3 7 2 6 1 1 1 3 9 9 10 4 1 5 8 2 7 7 
1 3 10 8 2 9 6 9 5 10 9 3 5 7 8 2 2 6 5 9 4 2 9 1 5 9 10 9 4 6 8 7 3 3 4 9 6 7 8 2 8 7 5 3 7 3 10 2 1 10 10 8 6 9 6 2 2 6 7 1 5 10 1 6 3 1 7 2 7 4 3 6 9 8 1 2 1 9 10 10 6 5 3 2 4 6 1 9 1 4 4 4 1 3 3 7 3 5 7 2 6 4 10 4 3 9 9 9 4 10 6 4 7 9 1 6 7 4 5 9 8 4 9 4 7 4 7 4 
8 4 8 10 5 3 2 9 7 6 7 10 2 1 9 2 10 10 4 10 6 6 1 4 10 2 4 1 2 3 3 8 6 8 6 5 3 4 7 1 3 10 1 10 1 8 10 7 8 5 2 8 5 10 7 3 10 2 5 9 9 3 1 7 6 2 6 9 4 5 3 3 9 8 4 5 7 4 6 2 10 4 7 1 10 6 4 8 1 10 6 4 5 8 4 1 4 8 8 8 2 9 3 9 5 1 7 9 1 10 10 5 2 9 8 9 7 5 9 9 2 9 4 3 4 3 1 7 
6 8 1 5 1 2 3 8 1 6 6 3 1 2 5 9 8 1 1 6 3 4 6 7 4 10 10 10 5 9 3 10 7 9 8 9 10 6 7 2 2 1 3 5 8 1 10 9 9 2 1 3 8 3 2 8 8 2 8 2 5 1 7 9 2 2 6 4 2 5 8 2 3 1 10 5 8 8 6 1 3 9 1 7 10 8 9 3 9 3 9 4 3 2 1 4 10 6 2 3 7 7 9 3 4 9 5 7 3 8 5 7 2 10 1 3 3 9 9 8 3 1 1 5 10 9 6 1 
3 7 3 8 8 6 5 4 8 9 8 9 5 10 5 9 8 6 2 5 10 6 9 5 2 5 3 10 9 7 4 2 10 9 7 9 6 1 8 2 2 4 6 8 8 10 4 9 1 9 6 5 10 2 6 2 8 2 4 2 6 3 5 6 6 6 8 6 1 8 2 9 9 7 8 7 8 7 5 6 9 10 1 5 9 6 2 8 5 4 2 1 9 2 5 10 6 2 1 2 10 2 10 5 8 2 3 9 8 8 9 2 9 3 3 8 1 6 5 6 7 1 2 2 4 6 2 1 
5 10 10 1 7 3 7 9 1 5 5 9 10 10 8 5 6 7 4 6 2 10 1 9 9 4 1 9 3 5 8 8 5 10 9 1 5 1 10 9 10 9 1 5 4 9 5 6 9 7 7 9 2 3 7 1 7 2 5 8 4 8 1 3 7 2 10 8 10 8 1 10 9 3 4 4 2 4 10 5 6 4 4 8 8 8 2 1 10 7 2 8 4 6 2 3 8 8 4 5 7 7 5 9 8 9 4 4 1 8 3 2 3 9 4 8 6 4 7 5 8 4 3 3 5 7 8 1 
10 9 9 6 8 5 6 2 7 3 2 5 9 4 2 5 9 5 6 10 6 1 10 6 2 6 4 10 3 7 3 9 10 7 1 9 9 7 1 8 9 1 9 7 6 6 7 3 2 7 5 3 4 8 8 7 3 2 10 10 7 3 7 8 3 4 9 10 8 1 8 7 7 4 5 6 7 7 9 1 7 3 5 1 7 3 7 4 7 10 8 6 10 7 2 2 3 2 5 7 7 1 5 6 10 9 5 3 4 2 4 9 8 3 8 10 8 6 6 7 10 10 2 4 5 2 3 4 
1 8 8 5 10 5 7 10 3 6 3 8 3 8 7 4 4 1 2 9 4 1 8 5 7 8 4 8 2 2 2 4 4 2 1 8 1 5 6 4 3 6 8 3 7 8 7 3 4 5 3 8 3 5 9 10 6 2 4 3 10 3 6 8 1 4 5 7 10 9 9 3 2 2 9 3 9 10 8 10 7 2 10 4 8 2 8 3 9 10 4 1 9 1 6 5 3 3 5 1 7 5 5 10 6 1 5 7 9 1 2 4 8 8 3 9 5 3 10 5 2 2 9 8 5 2 6 2 
4 6 8 3 5 2 1 9 2 8 8 1 3 4 2 10 2 9 9 7 1 2 6 2 2 1 8 4 8 3 10 9 5 1 1 4 10 1 3 6 7 4 5 10 6 7 8 9 6 4 2 3 3 8 4 7 3 3 8 9 5 10 8 9 6 2 7 5 7 7 6 2 3 3 6 7 5 2 9 4 5 7 4 4 7 8 10 10 5 3 5 1 1 3 1 5 3 9 9 1 10 2 4 2 2 9 10 6 7 7 1 3 1 10 2 8 7 10 5 2 8 4 3 9 2 1 2 4 
8 7 10 9 4 9 5 2 7 8 6 2 7 9 2 4 6 8 3 10 6 4 2 7 10 9 2 6 1 2 3 7 2 2 5 4 6 4 6 9 4 4 1 5 7 2 1 8 5 9 5 10 4 2 9 5 9 6 3 4 9 8 4 7 9 8 1 1 10 2 4 3 1 10 9 5 6 2 8 5 7 8 8 5 2 5 5 3 1 7 4 6 3 1 9 2 4 1 4 3 7 7 9 10 9 5 2 3 5 5 10 8 3 8 5 4 9 4 6 10 5 4 1 6 6 3 2 3 
3 3 9 8 5 8 9 2 3 9 3 5 9 6 4 6 9 6 5 1 1 2 2 8 9 6 5 4 9 8 6 1 4 6 10 1 2 1 7 10 4 10 8 1 9 3 2 3 1 6 8 9 1 4 6 9 6 3 5 8 2 10 3 2 7 3 6 8 4 9 3 9 5 1 1 2 3 4 2 1 7 2 3 2 7 1 6 3 7 4 4 7 6 1 6 6 10 10 10 1 4 8 1 5 3 8 7 7 9 7 6 10 5 7 4 9 1 5 2 2 2 9 2 9 6 5 4 3 
5 6 8 3 7 9 3 10 3 10 10 2 4 9 8 3 10 1 3 5 8 10 2 9 1 6 8 4 10 7 8 9 7 1 10 9 2 5 9 10 9 4 1 5 2 4 2 7 8 1 9 2 4 7 9 3 7 9 9 1 5 7 4 3 9 5 10 8 7 9 9 6 2 4 1 3 3 8 3 8 1 3 9 2 2 1 10 1 6 4 2 9 6 10 6 8 3 8 8 3 6 1 6 7 7 8 10 4 10 2 2 5 3 4 9 4 4 9 5 8 6 6 10 2 1 7 9 8 
7 7 7 10 2 10 2 9 1 5 4 10 3 8 8 6 3 2 5 1 10 3 10 1 8 3 3 7 3 10 1 10 4 2 9 8 9 9 7 5 9 6 5 5 6 7 3 7 6 3 2 1 6 7 9 6 10 4 9 4 5 4 9 5 9 5 2 10 8 2 4 8 5 8 3 7 1 5 8 2 9 9 3 3 7 5 8 9 6 6 3 1 8 9 10 2 7 9 5 5 9 6 7 3 6 7 6 3 7 8 10 3 2 10 3 4 8 7 6 1 5 5 4 8 7 6 5 10 
2 4 8 5 10 6 2 6 9 4 8 6 7 8 9 5 10 10 9 7 5 3 10 7 10 9 6 4 3 1 1 2 9 3 2 9 6 1 9 1 10 10 7 9 3 8 10 5 1 3 7 8 1 4 4 7 8 5 8 10 4 3 3 1 3 1 10 1 6 4 10 10 3 8 9 9 5 1 4 7 8 3 7 4 3 3 10 10 10 7 2 10 8 1 2 4 2 1 3 7 9 1 2 5 2 6 6 5 1 2 10 3 2 6 10 5 4 5 4 10 5 4 5 10 8 5 4 10 
3 5 4 9 7 3 7 5 6 9 7 5 1 2 4 2 7 1 10 5 9 1 7 9 3 10 9 7 7 4 7 9 1 7 9 10 4 5 3 2 10 7 9 7 3 2 10 8 9 6 2 5 5 4 10 9 4 10 4 5 9 3 4 3 1 10 4 3 7 1 4 5 2 8 2 6 1 8 2 10 6 2 6 8 2 7 3 8 5 8 6 9 4 7 10 8 3 8 10 8 6 7 10 7 10 10 5 1 4 1 6 6 4 8 6 5 9 10 1 10 9 10 7 5 1 1 10 1 
5 6 5 7 1 1 10 1 5 10 9 5 2 5 9 5 2 4 8 3 7 3 8 6 2 8 6 10 7 3 5 9 7 3 2 2 1 6 1 5 3 4 10 5 4 8 6 2 5 9 10 5 10 6 2 6 7 1 2 8 1 9 3 4 3 6 2 4 8 8 2 2 6 2 6 7 1 10 4 8 2 10 6 4 8 8 8 4 4 7 2 6 3 3 5 5 1 9 7 7 4 9 2 7 2 7 1 1 1 9 9 1 3 1 7 3 7 8 1 9 1 2 6 9 8 6 3 10 
1 3 6 6 8 10 3 7 5 1 10 5 9 1 7 10 5 2 1 2 4 1 6 9 8 9 7 9 6 10 10 10 2 5 6 9 2 10 5 3 8 2 9 3 4 3 4 9 8 6 4 1 10 6 8 1 5 9 2 8 10 5 4 3 1 9 3 10 7 7 6 6 7 7 9 3 6 3 5 1 8 5 8 8 3 8 4 9 3 2 6 7 8 10 6 9 8 3 5 3 10 7 2 5 10 2 5 10 4 8 9 10 5 7 8 7 10 3 7 9 6 3 7 10 3 3 3 2 
1 2 8 10 8 6 4 3 6 2 10 8 8 2 7 6 8 3 2 3 9 5 5 1 4 7 8 4 9 3 10 1 4 10 2 4 1 10 4 8 4 7 7 1 1 2 8 1 5 2 1 7 9 4 8 7 5 6 2 8 1 2 7 2 3 4 9 6 8 10 2 2 2 10 10 1 4 10 2 8 2 7 9 5 2 5 6 3 2 2 8 9 9 9 5 1 2 4 1 6 2 5 7 8 7 2 5 7 6 4 6 9 9 10 1 9 6 2 4 8 8 6 9 2 1 2 8 8 
3 5 4 8 9 3 2 6 1 10 10 2 7 3 8 6 6 6 2 9 9 8 9 5 10 5 4 8 2 2 4 8 2 5 7 7 1 5 10 5 10 4 7 2 10 7 10 3 5 3 3 2 4 1 3 10 7 9 2 4 3 1 7 2 4 2 8 3 3 7 8 3 7 2 1 10 8 5 5 8 7 6 6 9 9 2 8 6 5 1 10 6 10 7 2 6 3 3 8 7 7 1 9 6 7 1 10 7 5 6 2 5 10 4 2 3 3 2 1 4 9 3 3 9 6 2 4 5 
4 8 8 3 2 5 7 5 4 5 3 10 2 4 2 6 1 9 1 9 5 10 9 6 7 6 5 8 7 9 1 8 3 5 10 10 3 10 9 7 5 2 9 5 10 7 10 7 7 1 5 2 8 1 7 7 10 10 6 5 1 10 10 1 7 10 1 2 1 5 1 7 8 7 10 7 6 7 4 10 9 6 6 6 4 4 6 2 2 10 3 4 4 1 7 9 6 3 2 10 3 3 2 10 7 5 9 2 8 9 7 7 8 5 6 7 5 8 6 1 5 4 2 8 7 7 8 10 
6 8 3 8 1 9 4 1 6 7 9 1 7 4 3 2 10 4 2 10 1 3 1 9 4 4 2 7 7 6 6 8 10 5 3 3 8 8 10 8 7 3 8 7 10 1 7 9 7 6 9 9 3 4 9 5 6 1 9 1 3 4 8 3 7 9 6 9 10 3 3 10 2 8 6 8 8 9 7 3 10 3 6 2 4 5 4 4 9 1 3 10 3 10 5 3 10 6 9 1 7 7 3 9 1 9 5 2 4 6 2 2 1 6 3 10 4 10 4 4 3 6 2 6 3 4 2 6 
6 6 2 4 4 8 3 3 8 8 7 9 3 3 2 5 2 6 1 8 2 4 6 2 10 10 10 10 9 4 3 10 5 6 10 7 8 5 4 9 2 2 8 8 2 10 8 5 5 8 1 3 2 6 7 9 8 1 1 7 10 2 2 5 5 1 1 9 5 1 10 6 7 6 10 6 4 10 3 10 10 8 2 7 3 9 6 4 3 10 6 8 9 2 8 9 6 10 4 9 9 3 9 2 3 4 5 6 7 5 5 6 6 10 5 10 5 1 4 8 8 9 4 3 1 2 5 5 
4 5 5 4 10 1 9 6 6 6 3 3 8 8 8 4 2 6 4 1 1 9 3 8 5 7 2 4 4 1 6 1 9 3 7 6 9 5 6 6 1 9 8 9 7 8 8 9 8 5 5 9 9 2 3 9 5 3 2 4 6 6 7 4 7 5 9 1 10 7 1 3 10 1 5 1 2 1 7 1 1 9 8 2 5 7 4 2 5 1 5 5 6 2 10 1 9 7 6 3 4 5 8 3 1 2 9 6 10 10 5 8 10 3 8 10 3 4 2 8 10 3 6 2 4 6 4 1 
8 9 6 6 10 6 7 9 2 4 10 3 2 6 1 10 10 2 9 7 8 3 1 3 2 6 8 10 7 6 1 2 6 6 5 9 3 1 10 9 7 1 9 7 6 3 3 10 5 8 8 10 4 9 10 10 8 3 4 8 5 5 9 9 4 10 5 7 6 8 5 9 6 5 5 4 2 7 7 4 9 9 2 5 7 6 7 9 1 3 7 3 8 4 9 9 10 4 3 6 8 4 3 3 1 4 10 4 4 10 6 9 3 5 7 3 5 6 9 8 1 1 6 7 4 2 10 9 
6 10 2 4 7 10 6 7 1 3 9 8 2 7 8 5 5 1 6 9 8 9 2 1 1 5 1 2 9 9 5 5 1 2 2 2 5 3 4 6 9 2 7 7 10 2 1 3 6 5 6 3 7 1 6 5 10 6 7 9 2 2 7 7 10 8 1 9 2 3 10 6 2 6 3 8 5 5 7 10 8 2 4 4 9 10 3 3 4 8 5 3 3 2 1 10 1 2 4 4 3 3 1 9 2 5 2 7 7 5 4 3 9 7 10 8 9 10 10 2 5 4 9 5 4 4 3 6 
5 1 1 10 5 9 1 10 2 10 8 7 6 4 7 4 5 7 4 4 9 9 4 1 10 7 9 3 4 7 6 8 9 9 5 2 1 7 5 2 8 7 4 9 1 1 8 5 3 2 6 10 10 3 3 2 8 6 6 2 6 9 9 10 10 7 2 4 8 9 6 10 7 5 3 3 5 4 6 3 3 2 8 2 7 9 10 1 9 4 3 6 10 4 2 9 8 4 1 6 2 7 1 3 8 8 1 6 10 3 2 2 10 8 6 6 3 8 8 10 7 4 8 4 4 10 5 4 
3 9 3 5 7 10 9 1 2 10 1 7 9 4 8 7 2 7 4 7 5 5 7 10 6 8 7 3 9 6 9 8 7 10 2 3 6 10 5 9 10 1 1 6 7 7 10 7 1 9 1 5 2 7 5 1 9 7 3 1 2 10 1 3 5 3 9 8 2 9 9 7 7 8 8 9 2 10 6 4 6 2 1 6 4 9 8 4 6 2 6 3 8 8 7 7 7 8 4 8 3 2 7 4 7 4 9 8 9 5 1 3 3 6 9 4 8 7 9 4 8 5 8 10 4 4 8 9 
2 10 2 7 7 5 1 7 8 4 8 7 4 4 7 5 9 1 1 9 1 10 8 7 4 8 6 6 2 1 7 5 4 4 7 10 9 5 10 9 5 3 4 3 10 4 3 4 4 3 1 8 2 1 3 10 5 7 4 10 2 3 8 5 1 5 4 8 2 2 8 3 1 8 5 9 3 2 8 6 4 9 10 9 3 8 4 3 10 8 10 1 5 9 7 3 2 1 9 6 6 4 3 10 2 5 1 4 10 9 2 2 9 9 3 8 8 1 10 5 8 5 9 2 6 5 7 3 
3 2 10 3 2 6 1 1 5 6 9 3 5 10 9 3 8 9 5 7 3 1 7 4 5 2 4 3 5 7 2 2 9 5 8 3 10 5 3 9 6 1 4 1 3 9 10 6 4 6 7 4 2 4 9 9 4 5 10 2 10 5 9 7 3 8 1 9 7 8 5 7 3 3 9 7 7 1 1 8 9 10 1 2 4 9 8 8 1 2 8 9 9 7 5 2 9 6 2 4 6 10 5 4 3 2 6 9 9 6 3 7 10 6 10 4 10 8 9 5 10 7 6 8 8 1 8 4 
3 1 1 1 7 9 8 3 8 6 2 3 8 9 2 4 10 7 7 5 4 10 4 7 4 10 4 5 3 7 4 5 6 10 3 2 6 6 1 10 3 4 10 2 5 1 10 7 3 9 8 3 5 6 8 9 2 3 1 2 10 7 9 1 3 4 9 6 9 6 4 4 7 3 10 8 2 7 10 2 5 8 7 2 2 9 1 8 5 8 3 5 1 7 7 6 5 8 3 4 6 9 10 4 8 6 7 10 3 5 1 2 9 9 5 1 2 7 5 9 3 6 4 2 8 9 1 6 
9 3 2 8 1 2 3 7 10 4 7 7 1 4 5 2 9 3 5 9 7 7 1 5 6 9 3 10 2 9 1 1 1 7 4 6 7 7 10 10 4 5 3 9 10 4 5 8 3 4 9 8 4 7 6 4 4 9 2 7 7 4 10 8 2 4 5 3 9 1 9 10 3 2 4 10 2 4 8 7 1 1 2 10 7 7 9 2 7 4 7 4 4 10 3 1 5 1 2 8 7 6 6 10 4 9 2 6 9 8 1 2 7 4 9 1 2 2 8 5 8 4 3 1 6 8 2 3 
7 4 8 3 6 8 3 6 5 8 2 1 5 5 3 6 10 1 4 10 10 7 2 1 8 2 4 8 6 9 2 3 7 7 9 3 9 8 3 2 7 7 3 5 7 6 5 10 4 3 3 7 6 5 2 5 2 2 6 7 3 10 7 8 5 1 9 1 1 3 7 1 2 9 10 4 8 6 10 10 6 2 1 6 6 8 6 8 4 7 8 8 2 10 7 8 7 8 9 6 2 1 5 7 5 1 4 10 4 6 1 1 10 2 1 10 8 8 2 7 4 7 10 10 5 6 1 10 
7 3 7 10 7 7 4 2 9 1 10 9 4 9 2 8 4 5 10 8 6 3 7 6 2 4 2 4 1 4 6 10 7 6 9 5 2 10 6 9 1 9 7 5 5 9 4 2 6 6 6 4 9 2 2 3 7 10 10 2 1 1 2 4 10 5 8 8 6 1 10 5 8 2 3 5 9 4 9 3 1 8 2 5 5 1 5 1 6 2 2 7 5 6 10 8 9 1 4 3 4 10 5 4 1 10 9 4 2 4 5 10 3 1 3 2 8 10 2 6 5 2 9 3 4 1 1 10 
10 6 7 3 6 5 10 3 4 3 9 6 8 4 10 1 3 2 7 3 10 7 8 6 7 2 2 4 2 2 10 1 5 6 2 1 2 3 2 5 8 2 10 4 5 6 7 3 4 3 8 1 4 4 5 9 7 6 9 7 1 8 8 6 3 5 10 1 5 7 5 8 9 6 1 4 2 9 9 1 5 2 5 7 1 2 10 1 10 9 6 6 3 6 2 6 5 1 7 8 2 5 5 6 9 5 1 8 7 10 10 3 10 3 2 2 4 2 7 1 10 2 8 1 2 7 9 2 
10 2 3 3 4 6 3 9 5 6 8 9 1 4 3 1 1 4 1 9 5 8 10 6 2 9 4 4 2 7 7 6 10 9 5 5 4 7 4 10 5 5 1 3 9 1 1 5 1 10 3 10 7 10 2 6 1 7 2 8 6 7 2 9 7 5 5 1 2 1 2 5 2 7 7 10 5 9 8 9 1 5 6 10 6 2 6 1 5 7 2 1 8 4 3 10 4 6 4 2 9 9 10 8 5 8 1 5 1 5 6 8 1 8 7 10 9 7 5 5 9 9 7 9 9 2 1 10 
3 6 8 7 7 6 7 5 9 4 6 10 8 7 6 10 1 6 7 10 2 4 9 9 10 9 6 8 4 9 1 10 7 9 3 4 2 9 4 4 10 9 4 3 7 2 3 4 2 10 10 4 6 3 6 3 10 7 3 10 1 4 4 1 5 1 9 4 7 6 10 5 10 4 3 5 10 10 8 4 1 3 3 3 1 8 10 10 7 5 10 7 6 4 6 3 5 2 6 2 6 5 9 5 3 1 4 3 9 9 4 1 3 1 10 4 6 3 9 10 1 4 7 8 3 6 1 8 
5 8 1 3 8 7 6 5 2 4 6 2 3 8 1 3 9 4 4 7 5 9 10 3 7 1 1 9 9 3 3 4 8 5 5 1 3 8 6 7 6 7 10 2 1 2 2 2 3 5 2 5 9 8 9 7 1 7 9 8 1 1 9 7 5 6 5 7 10 7 3 8 6 1 2 8 10 3 7 4 1 6 7 8 5 4 1 3 4 3 4 3 3 6 8 5 1 8 8 5 10 5 9 7 3 3 9 8 8 6 4 7 2 9 3 6 5 10 5 9 5 3 3 9 10 9 1 2 
1 7 1 3 8 5 1 2 4 9 5 5 8 9 3 1 5 4 9 1 1 5 6 10 10 6 8 7 1 8 10 5 3 3 1 5 2 5 10 5 3 6 10 7 7 6 1 3 4 2 9 7 5 6 2 3 6 6 7 8 2 7 5 5 8 6 3 10 3 6 7 9 4 4 1 1 3 10 6 4 5 1 9 5 5 2 9 3 2 10 5 4 10 3 4 2 7 3 9 1 7 9 6 6 4 10 5 5 3 6 3 9 5 7 8 7 10 2 2 2 9 2 6 4 9 2 4 7 
9 4 10 3 7 3 4 10 10 5 3 7 8 4 8 10 10 10 8 6 4 7 2 10 8 9 5 2 10 1 4 8 1 5 4 9 5 3 9 5 5 9 4 4 1 7 7 8 4 10 5 1 6 9 1 5 5 3 7 3 8 7 9 9 8 7 8 2 9 6 1 2 8 7 7 4 2 6 7 9 1 3 4 2 7 10 8 10 2 2 5 8 8 6 1 7 6 8 8 5 5 6 8 1 10 8 5 9 1 2 4 7 1 10 8 4 10 7 10 6 2 4 3 8 10 7 9 3 
10 6 7 5 10 5 2 9 8 5 7 2 2 4 4 9 3 6 10 3 7 8 8 8 6 4 1 2 5 10 5 10 3 2 9 1 5 9 8 10 2 8 3 10 6 9 7 3 5 4 8 7 1 6 6 1 4 1 4 5 1 8 6 5 6 3 5 4 8 1 1 2 3 1 3 3 8 4 2 9 4 3 7 3 3 3 9 2 10 10 8 9 5 4 2 4 8 5 8 9 9 6 10 1 2 10 2 2 1 4 1 5 3 10 3 4 7 4 6 3 4 3 7 1 10 5 1 8 
10 7 8 2 10 6 5 6 3 9 3 3 10 9 10 6 10 2 3 9 5 6 4 8 2 3 5 8 1 4 6 5 2 1 5 1 3 6 6 10 7 10 7 5 10 6 8 1 1 5 1 4 1 1 6 7 5 6 2 7 9 10 10 2 10 8 10 5 9 7 3 3 3 1 10 3 8 7 5 2 1 3 9 10 5 6 9 5 7 4 8 8 4 7 2 3 2 9 1 4 3 2 4 4 2 4 1 4 9 8 1 8 7 4 4 2 1 7 10 10 2 10 8 5 6 5 5 8 
5 2 6 8 2 8 5 5 7 9 2 3 3 10 9 8 2 4 7 1 5 1 4 7 4 5 5 3 4 4 1 7 1 6 1 2 8 4 9 7 2 4 1 4 8 10 1 6 5 4 9 5 10 8 4 10 7 4 10 3 3 2 2 6 9 3 5 7 1 9 5 1 2 10 4 2 5 9 9 7 2 2 7 8 9 9 2 6 3 10 5 6 5 4 8 3 4 2 10 9 5 4 10 9 7 9 9 8 5 8 5 8 4 5 7 6 3 3 9 3 7 3 1 5 2 2 1 6 
9 1 4 2 3 5 8 4 4 6 6 6 6 4 7 6 3 10 2 2 7 7 10 6 8 6 2 6 9 1 6 1 9 5 1 8 9 5 10 4 7 8 2 8 4 4 10 1 3 5 9 6 7 6 5 7 3 5 2 3 3 7 4 4 2 6 7 4 9 6 5 3 7 8 5 4 10 2 4 4 8 1 10 7 2 3 7 4 1 5 2 9 6 8 7 2 6 9 8 9 3 6 6 10 5 8 10 5 1 3 3 8 7 4 4 7 1 10 4 10 2 7 5 3 7 10 9 6 
3 6 7 5 3 1 7 1 5 3 8 2 4 9 5 1 5 4 7 9 7 1 2 3 5 1 7 1 3 4 4 2 3 2 2 6 5 3 4 3 4 2 3 8 4 6 9 3 5 6 2 9 5 5 6 5 4 1 9 4 3 6 2 1 4 3 4 6 10 6 2 6 3 9 1 5 4 8 5 2 10 8 8 6 10 3 3 1 8 7 9 6 6 7 2 1 4 1 2 2 4 1 7 4 3 8 9 5 9 8 8 7 9 6 4 1 9 9 7 10 1 6 1 7 3 10 2 9 
9 2 4 3 3 10 10 6 7 5 1 5 9 1 10 10 7 10 1 1 5 9 8 9 7 4 2 3 10 3 8 8 5 2 6 5 5 2 8 9 10 4 10 1 5 3 3 1 3 5 9 5 7 5 2 3 1 10 10 3 6 2 8 2 9 8 3 9 3 8 7 3 7 7 2 3 10 2 7 3 2 7 6 5 3 3 8 2 6 6 2 10 9 6 4 10 3 7 8 6 2 9 10 10 6 4 10 3 5 3 3 3 7 2 10 7 1 3 2 6 4 4 9 4 2 5 9 1 
7 3 9 2 6 7 8 5 2 4 6 6 7 10 3 8 5 7 9 3 4 2 3 8 3 2 4 7 7 3 9 2 1 6 9 1 3 1 8 9 4 2 4 8 10 3 10 5 1 7 9 5 7 2 9 4 10 6 4 8 4 3 6 5 3 7 3 9 5 3 6 6 10 9 9 1 1 8 4 3 6 5 2 10 6 7 9 3 10 8 1 10 9 1 7 5 6 9 9 8 9 4 4 9 8 7 9 8 3 8 6 4 2 5 8 10 8 5 1 2 9 3 2 8 8 6 4 7 
3 8 2 7 2 1 7 7 9 5 4 10 8 1 4 2 6 9 3 8 6 9 3 8 6 6 9 2 4 2 8 4 4 1 8 9 9 9 4 8 5 7 3 4 6 7 3 8 1 9 7 1 10 3 8 8 2 2 9 3 4 9 6 9 10 7 5 5 1 9 10 2 2 8 6 4 4 8 4 3 5 3 2 1 3 6 3 4 4 1 10 5 8 9 10 1 3 8 9 7 8 2 6 3 9 2 5 10 4 7 8 9 4 10 7 4 6 5 1 5 5 3 7 9 10 4 6 8 
8 1 4 7 4 3 2 4 7 6 5 3 1 8 7 1 7 3 1 6 10 5 3 4 4 5 2 9 10 7 5 6 8 7 4 9 3 4 8 8 7 9 10 6 1 4 3 4 9 5 7 7 10 4 5 8 9 8 7 6 4 4 1 4 3 7 4 8 7 8 10 10 5 10 9 6 3 2 6 4 7 10 1 1 7 8 2 6 5 10 1 7 1 2 7 8 3 6 4 10 3 6 4 2 2 9 3 6 5 1 9 5 1 9 2 4 8 1 4 2 10 10 6 4 9 8 6 1 
9 5 7 5 7 9 1 3 3 3 6 3 5 5 3 8 1 2 6 7 3 10 1 5 5 4 1 4 2 1 3 10 7 2 5 8 1 2 9 3 3 5 9 2 5 6 6 3 10 2 3 9 6 10 10 2 10 8 3 6 2 4 5 6 5 9 9 7 7 4 1 3 2 7 6 2 2 3 7 8 5 4 6 1 4 9 8 10 4 5 1 10 1 9 5 10 5 3 8 6 4 8 5 7 8 7 4 10 8 7 5 8 7 7 5 3 3 4 10 3 3 4 8 1 6 3 7 9 
1 10 1 5 5 1 4 3 8 6 8 7 8 1 7 2 7 6 7 1 10 9 2 4 4 9 9 1 5 5 3 9 5 2 9 1 9 8 6 10 10 9 7 7 7 3 5 3 5 5 3 8 3 4 10 8 1 4 2 7 2 9 3 4 3 9 7 7 1 9 4 4 10 5 10 5 6 9 4 5 2 3 10 8 7 7 4 6 10 6 5 4 2 7 10 6 2 1 3 6 5 6 4 10 8 7 1 1 1 1 7 5 9 9 9 1 7 6 9 4 4 4 5 8 10 6 10 1 
9 9 10 10 7 3 9 1 8 5 8 10 3 3 4 4 9 7 2 10 1 6 1 9 3 4 3 6 4 10 1 1 2 2 2 6 2 5 8 9 1 7 9 4 7 9 8 1 3 7 6 3 6 4 5 2 8 9 6 3 8 3 8 3 3 4 1 9 5 2 8 10 6 8 2 8 7 9 9 3 5 3 10 10 9 1 5 1 6 1 4 5 4 2 4 4 6 2 9 10 2 2 10 6 1 10 5 7 7 10 6 4 8 7 6 6 3 5 6 10 4 9 4 8 6 7 2 10 
10 9 2 9 7 9 3 8 5 8 5 6 7 8 10 8 3 9 7 3 4 3 7 10 1 3 7 9 8 5 10 4 10 4 10 2 6 3 2 4 2 3 7 4 1 4 3 7 9 7 1 8 7 7 10 7 9 8 4 8 9 8 4 3 10 10 1 1 2 8 7 5 7 10 3 8 7 3 4 10 7 5 4 1 3 8 3 2 10 9 9 6 4 6 7 4 7 3 1 8 3 5 5 8 10 6 10 3 10 2 5 9 5 7 6 9 10 10 6 5 8 4 4 10 2 6 5 2 
10 9 4 5 7 2 3 3 4 8 6 5 5 3 10 8 8 8 9 7 2 5 5 8 6 4 1 8 9 3 1 6 10 1 10 7 5 7 9 10 8 1 6 1 1 2 8 1 4 7 10 8 4 1 6 10 6 10 3 10 5 9 4 2 9 1 10 8 1 3 7 7 8 6 6 6 9 3 1 9 1 2 7 8 8 5 4 8 3 2 9 1 9 4 10 4 1 4 2 3 7 10 8 5 9 4 1 9 6 1 3 4 7 5 5 7 1 3 5 4 1 5 10 2 7 2 1 2 
8 9 10 2 4 8 4 2 6 10 2 6 4 2 6 8 2 4 6 7 9 2 4 1 2 9 4 5 3 2 2 5 4 8 3 9 3 8 8 5 10 6 9 6 7 10 2 8 8 5 4 3 6 5 8 10 10 7 4 8 3 3 8 7 9 8 9 3 3 10 1 3 3 9 5 2 6 7 8 5 5 3 8 3 1 3 5 4 10 9 7 1 8 5 1 1 4 7 10 3 5 2 8 7 2 7 7 4 1 1 7 4 10 5 4 1 8 7 6 10 4 2 4 6 5 8 5 10 
7 4 8 7 3 2 2 5 8 4 6 2 2 2 1 8 4 3 9 1 5 8 3 4 8 1 7 5 3 8 10 5 1 8 9 2 3 3 1 4 5 3 2 10 8 5 5 8 4 3 1 9 2 9 6 9 8 3 1 2 9 6 10 3 8 2 8 1 5 3 10 5 2 1 3 8 6 2 1 5 3 3 9 4 4 7 1 10 8 5 5 4 10 5 8 4 4 9 2 2 1 1 7 10 7 1 5 8 6 4 3 5 10 1 9 2 5 3 1 10 10 9 5 8 6 2 6 10 
6 2 8 3 4 6 2 3 7 6 8 5 6 1 9 9 1 2 2 3 5 6 8 4 8 5 6 8 10 2 3 4 9 5 7 6 5 5 2 3 6 9 8 7 8 2 3 8 1 10 10 6 6 2 5 7 1 6 4 7 3 10 6 6 3 9 9 1 3 2 7 10 1 10 1 5 7 7 7 6 9 4 5 4 7 1 7 2 5 6 2 7 1 10 3 3 2 2 1 4 7 10 2 6 10 7 5 10 3 2 10 9 10 3 5 9 2 4 10 2 6 6 5 9 3 8 10 2 
4 8 3 9 6 3 4 5 9 7 10 6 8 7 1 9 6 1 1 1 5 3 10 8 1 4 8 1 2 5 2 9 5 10 1 8 4 9 6 9 6 1 6 8 5 5 9 5 5 9 2 9 2 10 6 1 2 8 10 9 10 4 6 6 6 4 10 7 4 2 4 5 5 1 1 9 8 1 9 6 9 10 5 9 1 9 4 8 8 5 7 2 8 2 10 1 10 10 1 10 2 2 3 2 5 10 2 9 6 8 1 2 9 5 1 9 6 3 3 2 3 7 1 8 8 5 2 4 
1 2 10 6 1 4 9 10 2 1 6 9 1 9 9 9 8 6 3 7 3 6 1 6 6 9 3 5 4 6 9 10 9 2 5 2 7 7 1 7 9 8 5 4 4 8 5 10 7 9 5 10 7 6 7 2 2 7 3 2 5 8 7 4 2 1 10 2 8 5 5 9 9 3 5 4 3 4 4 9 6 7 7 9 9 9 1 10 9 9 6 2 10 2 4 3 5 4 5 8 8 4 6 2 3 2 1 6 5 2 5 6 5 3 3 5 6 2 7 7 8 8 8 2 4 5 9 2 
62 133 88 68 137 88 149 172 106 101 82 47 92 96 90 170 36 85 150 155 98 119 110 33 36 135 42 135 170 184 136 147 108 107 136 104 32 129 97 156 68 166 134 142 33 25 106 104 33 76 135 29 112 105 96 133 100 80 117 120 98 87 87 80 144 139 141 70 103 71 85 86 106 13 147 31 40 97 159 83 109 109 162 110 90 102 86 76 81 99 91 110 79 89 115 162 109 106 159 106 109 77 103 91 79 183 101 108 63 129 144 80 148 131 165 111 112 58 111 77 181 99 77 188 41 144 98 108 
133 78 179 102 169 136 122 149 194 52 73 59 115 58 57 164 64 139 145 68 68 104 16 72 134 101 140 150 116 136 163 123 84 34 156 99 156 86 48 110 89 154 45 111 71 170 82 104 60 97 26 157 66 83 101 109 161 110 151 128 32 106 128 66 98 69 83 95 167 157 87 133 85 55 88 115 13 110 145 49 92 83 79 159 6 85 72 77 44 163 63 121 111 32 129 115 110 60 139 93 83 25 143 103 85 96 158 98 51 61 111 111 89 78 101 135 77 151 91 144 26 148 130 39 102 50 102 24 
88 179 118 114 105 111 94 92 103 85 48 97 157 110 91 137 58 96 103 120 104 151 112 87 37 43 59 160 54 138 105 115 117 136 79 74 31 130 84 95 82 187 103 32 111 176 170 95 98 99 131 18 118 90 101 64 80 87 108 47 71 152 129 69 52 154 131 74 143 100 98 37 113 163 155 174 85 156 108 127 26 53 31 100 135 99 73 110 72 79 141 83 132 91 127 41 10 160 135 102 92 61 129 133 79 66 91 73 92 64 51 44 57 156 82 99 104 31 128 139 133 120 161 42 125 168 58 138 
68 102 114 116 108 97 135 93 138 77 119 119 88 101 145 44 88 73 148 103 143 45 90 103 99 39 166 50 169 62 168 139 50 66 18 108 151 100 97 143 181 72 128 101 35 135 110 42 88 75 96 55 131 107 173 69 139 132 101 119 112 110 97 56 106 95 161 187 62 93 51 112 90 152 138 84 36 97 81 20 194 40 73 111 91 143 128 91 26 136 85 110 69 76 125 119 106 180 141 106 110 128 141 49 46 106 37 20 183 72 90 128 173 107 77 155 110 30 30 115 51 189 94 94 171 154 112 124 
137 169 105 108 80 22 180 82 81 57 30 107 32 99 20 167 132 70 87 165 131 78 143 91 135 174 83 153 69 99 67 112 48 150 121 44 90 88 114 55 127 87 149 151 36 89 106 75 55 117 57 118 91 107 103 135 103 27 146 110 63 104 72 79 121 119 150 27 112 122 58 130 95 114 53 161 107 137 172 153 175 143 44 74 108 79 129 155 133 50 33 83 105 96 33 108 164 24 117 44 100 108 109 98 157 114 76 64 69 82 24 85 100 104 137 104 88 170 153 90 133 86 187 64 94 20 69 45 
88 136 111 97 22 8 96 83 120 44 187 122 171 164 136 60 85 72 116 139 116 52 61 114 21 72 60 146 137 67 39 103 155 91 145 144 55 40 116 137 132 180 46 79 46 95 116 184 67 164 110 27 145 162 40 96 90 106 136 115 104 106 146 136 130 58 111 167 19 105 63 35 120 51 164 112 84 139 90 105 44 132 135 48 80 72 91 51 147 132 114 126 116 77 43 177 88 112 50 98 30 56 102 23 113 122 166 167 125 181 161 125 165 125 52 84 109 70 26 104 27 42 15 183 9 91 66 126 
149 122 94 135 180 96 32 162 51 103 81 136 57 139 55 119 21 93 196 47 113 134 159 36 93 100 159 112 133 110 127 111 78 15 128 124 78 135 95 134 168 141 171 133 106 131 127 135 108 152 146 100 168 153 70 110 142 65 108 51 84 79 56 138 115 126 161 163 164 141 133 154 73 161 75 112 174 141 162 58 63 147 123 144 85 89 92 38 72 104 160 96 88 67 120 67 49 121 152 154 112 126 104 95 87 176 66 100 122 97 61 80 186 92 64 146 100 155 168 164 152 89 76 30 106 125 174 80 
172 149 92 93 82 83 162 58 147 89 170 118 83 118 161 159 24 50 38 183 79 161 67 182 97 57 122 65 83 43 128 172 127 113 162 39 128 91 178 108 101 67 91 89 92 89 124 96 92 51 149 136 8 96 128 124 83 125 29 114 76 84 92 131 93 152 126 170 72 165 41 88 157 69 40 74 17 91 60 82 30 102 15 85 42 181 149 33 124 140 116 90 129 152 64 73 108 89 93 149 84 142 40 114 77 103 194 50 66 118 62 106 62 101 74 100 107 183 68 167 105 81 84 182 40 70 199 79 
106 194 103 138 81 120 51 147 28 101 34 81 115 111 175 74 32 96 148 137 157 66 73 167 133 140 100 102 130 64 140 64 160 86 181 120 141 95 126 61 49 103 124 154 77 84 67 153 55 126 86 46 145 113 33 77 79 158 142 33 67 90 24 104 73 105 154 110 123 93 92 67 127 85 81 164 54 97 143 141 96 84 127 15 40 175 77 98 68 118 117 78 17 109 123 121 156 68 99 130 85 112 177 14 43 99 73 102 113 182 110 58 111 84 133 102 36 95 69 165 120 96 113 137 123 73 80 113 
101 52 85 77 57 44 103 89 101 186 39 141 159 99 182 81 76 60 67 70 140 52 117 44 73 94 147 102 122 83 73 29 100 153 18 44 159 61 43 88 153 186 93 95 122 77 74 50 103 167 120 82 135 131 137 51 102 126 78 197 133 180 79 138 98 75 45 130 147 148 125 107 32 142 120 142 138 117 99 143 38 45 162 114 100 70 150 24 78 108 115 85 107 149 137 102 68 18 142 68 48 55 41 159 76 90 140 55 69 27 103 118 103 129 77 121 92 78 15 56 90 42 47 52 140 92 100 169 
82 73 48 119 30 187 81 170 34 39 134 74 133 119 80 80 139 71 83 130 180 134 186 90 72 147 115 79 101 23 111 42 127 86 49 175 76 62 93 62 157 106 105 44 98 176 89 43 186 111 128 115 112 88 85 168 112 59 142 118 98 69 87 83 108 66 95 96 15 104 71 141 83 128 117 46 166 141 113 133 187 158 107 106 36 112 127 55 151 41 148 110 129 65 175 121 101 43 105 102 62 164 76 101 75 123 61 50 71 118 148 102 90 95 95 136 78 31 128 159 93 105 151 127 75 102 64 97 
47 59 97 119 107 122 136 118 81 141 74 46 61 78 42 127 165 120 21 59 55 79 81 90 142 158 157 140 36 116 83 56 100 76 18 156 25 175 66 51 56 131 184 108 153 116 13 41 96 127 92 35 21 62 139 176 90 109 40 97 73 187 86 99 48 21 84 135 54 127 111 187 110 121 119 152 47 108 70 79 141 96 92 118 83 87 42 34 105 148 82 84 80 96 95 105 112 175 133 135 93 62 105 179 59 152 90 172 38 54 49 76 84 123 12 171 116 109 150 155 59 118 111 90 50 98 119 108 
92 115 157 88 32 171 57 83 115 159 133 61 68 118 109 138 136 61 186 21 162 115 26 110 171 174 90 117 116 43 86 136 129 85 164 143 186 92 126 135 40 85 21 132 105 142 141 111 141 148 139 121 100 106 113 128 123 127 110 36 149 167 119 32 85 80 36 150 88 76 156 155 187 77 139 170 110 110 154 79 154 90 166 38 106 76 73 124 152 83 52 44 101 97 108 93 175 130 111 90 121 57 120 34 94 113 130 28 69 83 174 91 95 94 119 78 128 88 184 71 53 72 148 82 143 127 147 138 
96 58 110 101 99 164 139 118 111 99 119 78 118 36 108 91 175 99 90 128 82 120 96 92 119 89 98 149 107 113 65 134 153 104 87 113 104 125 97 142 111 114 82 110 142 153 117 110 33 140 133 73 55 34 155 109 95 164 99 153 108 44 74 116 76 76 105 108 28 122 125 144 185 123 82 63 103 67 112 50 71 64 93 129 85 97 53 84 49 175 91 106 166 85 44 65 102 93 149 21 64 183 89 86 117 115 108 150 63 103 78 59 144 30 88 146 20 92 12 91 147 145 62 50 108 162 85 127 
90 57 91 145 20 136 55 161 175 182 80 42 109 108 82 119 171 129 181 94 132 111 111 121 51 161 161 90 80 103 128 84 91 118 146 120 99 182 160 33 124 74 134 107 60 123 65 126 101 153 126 121 70 61 102 99 123 121 99 175 20 44 102 143 79 33 150 78 120 81 110 117 124 135 55 138 99 23 102 157 133 66 144 38 142 87 117 68 62 82 132 113 118 156 115 62 115 56 60 104 94 66 104 140 75 137 77 111 124 70 18 161 106 84 170 158 53 33 103 101 74 157 113 131 42 68 74 41 
170 164 137 44 167 60 119 159 74 81 80 127 138 91 119 80 17 27 96 54 188 132 109 90 93 156 130 135 55 34 68 154 103 94 53 119 139 134 106 102 97 61 195 89 64 122 163 148 93 64 98 114 154 126 115 114 150 81 162 104 137 90 106 58 161 55 151 103 118 80 158 117 150 83 168 114 59 136 88 142 138 73 75 77 102 133 99 81 40 91 123 119 91 141 21 174 19 90 22 98 166 82 90 106 105 122 48 46 188 63 90 87 110 39 97 160 97 90 118 151 112 129 85 83 57 82 87 184 
36 64 58 88 132 85 21 24 32 76 139 165 136 175 171 17 92 96 174 121 109 105 115 82 138 128 147 99 37 73 85 48 42 133 86 112 15 95 143 112 86 60 77 161 120 152 170 121 46 138 170 93 149 84 155 111 118 98 121 80 42 143 68 123 78 96 145 111 38 109 82 79 88 117 59 154 105 102 93 115 145 82 45 81 152 74 153 129 37 116 60 111 117 111 133 152 92 72 102 86 82 62 53 118 147 42 136 98 86 67 132 177 105 75 99 168 132 103 139 83 117 143 33 125 93 139 32 133 
85 139 96 73 70 72 93 50 96 60 71 120 61 99 129 27 96 24 87 167 94 184 144 29 8 76 82 126 97 176 161 40 156 95 38 54 141 30 59 31 123 50 89 64 76 66 76 151 87 141 89 112 120 108 152 37 13 161 155 83 72 43 173 91 98 102 101 127 102 139 99 104 101 123 71 181 126 53 13 73 84 25 163 176 23 80 123 168 125 148 108 101 16 67 107 86 148 67 169 112 106 78 45 67 121 188 113 130 88 129 118 149 115 140 149 126 93 47 108 46 81 106 186 127 68 73 124 118 
150 145 103 148 87 116 196 38 148 67 83 21 186 90 181 96 174 87 98 125 29 109 159 37 150 165 156 123 103 108 82 158 99 41 137 27 73 146 103 137 54 147 120 107 40 144 116 129 163 106 59 105 138 47 85 69 41 87 102 63 28 159 108 104 115 116 76 50 116 132 127 83 69 150 50 138 48 70 149 115 14 122 77 140 79 93 64 72 88 110 27 79 86 26 188 85 29 116 155 58 143 76 71 95 118 140 94 76 80 85 105 70 129 96 162 73 112 55 63 143 72 123 149 132 75 53 110 126 
155 68 120 103 165 139 47 183 137 70 130 59 21 128 94 54 121 167 125 90 110 47 155 118 97 172 75 128 84 156 134 117 121 127 39 70 165 112 108 82 78 63 127 96 40 24 115 63 107 103 45 147 98 133 115 74 116 49 94 112 100 97 127 143 131 127 130 112 111 131 56 157 157 127 153 142 88 43 34 48 50 54 81 148 101 137 141 50 136 70 74 117 139 166 105 164 169 151 103 75 91 120 47 179 161 36 75 199 56 50 99 128 99 181 124 157 67 142 14 97 56 95 84 90 64 17 49 87 
98 68 104 143 131 116 113 79 157 140 180 55 162 82 132 188 109 94 29 110 164 65 68 112 142 73 20 112 59 125 164 92 110 97 95 102 44 172 104 82 96 98 76 95 181 25 30 107 111 147 160 141 78 109 15 21 44 136 48 52 90 94 83 50 79 147 99 132 75 115 56 179 79 183 164 164 90 140 121 74 78 100 118 136 148 76 60 47 21 91 104 154 59 20 147 83 121 180 102 88 155 91 107 107 50 70 135 93 131 67 88 101 83 136 43 166 62 55 151 184 115 126 96 77 105 144 79 124 
119 104 151 45 78 52 134 161 66 52 134 79 115 120 111 132 105 184 109 47 65 158 124 79 116 131 72 176 140 82 49 132 68 151 68 163 93 21 88 53 14 120 93 162 118 120 71 102 114 148 78 120 148 116 186 113 130 88 108 87 33 76 77 115 151 100 89 143 64 95 59 116 146 164 176 62 96 80 90 70 115 52 111 84 118 103 47 147 50 113 89 56 112 17 80 52 148 44 50 55 107 145 49 65 102 16 136 93 57 137 194 122 107 164 161 109 21 102 41 154 130 112 121 93 43 31 19 115 
110 16 112 90 143 61 159 67 73 117 186 81 26 96 111 109 115 144 159 155 68 124 68 63 75 140 143 136 62 192 77 164 89 135 89 77 56 69 105 59 182 69 120 144 47 140 57 100 105 114 154 101 55 144 132 136 18 108 123 109 166 83 44 117 61 70 117 105 104 155 48 48 160 153 109 133 58 71 143 117 79 54 84 47 87 123 108 81 126 35 80 67 116 104 103 83 104 111 106 69 98 140 115 47 107 93 30 96 45 90 137 143 122 98 33 93 88 86 112 139 104 109 162 101 154 132 169 128 
33 72 87 103 91 114 36 182 167 44 90 90 110 92 121 90 82 29 37 118 112 79 63 140 84 171 88 62 145 162 97 141 9 127 94 50 111 94 95 122 85 124 74 45 129 105 95 108 75 133 104 105 182 151 75 124 96 174 113 75 142 71 101 142 111 42 99 80 122 125 159 97 143 90 91 167 111 139 99 94 20 92 33 131 136 96 116 98 66 82 152 110 44 121 26 125 128 91 163 156 38 132 49 73 84 101 34 142 88 110 121 119 27 128 117 135 77 121 126 46 19 20 122 129 140 183 65 80 
36 134 37 99 135 21 93 97 133 73 72 142 171 119 51 93 138 8 150 97 142 116 75 84 30 118 114 91 111 98 90 18 156 103 83 78 124 165 80 101 21 159 64 62 102 78 170 85 64 100 181 116 54 160 75 97 112 146 182 58 80 119 132 143 51 113 135 85 175 128 158 46 100 94 106 79 100 78 164 147 130 167 71 81 177 137 80 149 85 90 128 91 118 71 92 118 160 71 70 134 126 29 125 105 133 120 110 82 116 98 81 165 105 100 121 70 77 145 140 13 128 105 65 87 119 114 79 145 
135 101 43 39 174 72 100 57 140 94 147 158 174 89 161 156 128 76 165 172 73 131 140 171 118 52 130 97 36 178 55 106 29 79 112 87 95 160 115 76 129 67 115 131 134 27 29 166 87 132 149 51 112 64 143 112 104 104 78 60 59 122 79 72 66 149 130 122 62 126 115 88 75 93 128 86 169 121 79 140 108 97 53 125 127 189 79 124 78 45 142 74 111 70 76 16 181 170 177 149 106 135 63 89 99 138 93 88 60 140 125 51 131 81 130 52 171 134 54 154 79 148 166 100 163 98 112 59 
42 140 59 166 83 60 159 122 100 147 115 157 90 98 161 130 147 82 156 75 20 72 143 88 114 130 12 86 181 82 181 130 49 98 121 63 30 54 71 84 83 154 43 119 192 143 100 152 47 116 130 126 145 48 130 88 191 50 154 125 83 145 106 55 128 96 135 129 110 129 90 95 79 104 138 52 41 151 19 101 110 109 56 17 109 137 93 114 105 95 92 45 104 146 118 100 106 57 93 23 61 105 111 114 109 124 154 39 158 157 57 65 114 101 94 191 76 32 81 136 129 134 117 114 68 110 126 134 
135 150 160 50 153 146 112 65 102 102 79 140 117 149 90 135 99 126 123 128 112 176 136 62 91 97 86 58 55 37 108 104 112 85 84 47 80 109 78 153 104 161 16 10 69 67 110 148 97 91 87 109 94 74 105 154 75 126 160 41 105 98 78 71 29 169 103 17 92 59 162 106 74 97 73 53 11 67 107 131 110 122 114 51 66 31 130 37 97 57 142 112 188 163 95 172 113 109 88 51 70 109 100 130 135 99 90 116 138 110 107 97 107 95 95 128 169 85 133 97 19 160 127 117 49 161 194 91 
170 116 54 169 69 137 133 83 130 122 101 36 116 107 80 55 37 97 103 84 59 140 62 145 111 36 181 55 94 87 98 128 167 66 133 161 87 152 105 67 140 137 79 108 66 92 141 127 56 168 170 142 121 58 87 93 38 95 108 121 150 123 174 117 131 78 105 110 81 101 177 136 71 101 55 100 96 105 100 160 102 120 113 40 100 133 68 77 90 75 56 91 65 9 66 16 145 93 101 89 68 60 105 68 38 80 38 148 108 91 74 104 79 115 115 59 93 104 100 29 107 48 90 126 82 88 133 132 
184 136 138 62 99 67 110 43 64 83 23 116 43 113 103 34 73 176 108 156 125 82 192 162 98 178 82 37 87 182 52 97 41 139 84 193 37 101 130 80 93 70 93 139 159 59 65 66 99 111 80 98 157 161 92 123 91 39 65 37 88 88 122 79 35 127 189 18 91 124 75 82 168 111 151 141 117 185 29 107 100 122 80 145 144 102 116 145 36 101 110 99 58 85 80 95 113 80 114 91 78 98 196 85 125 119 115 89 47 109 138 123 136 101 65 169 102 102 85 162 167 111 119 115 96 99 85 129 
136 163 105 168 67 39 127 128 140 73 111 83 86 65 128 68 85 161 82 134 164 49 77 97 90 55 181 108 98 52 178 79 84 43 94 32 116 108 65 133 108 102 81 103 92 83 146 69 22 135 83 99 109 53 111 104 135 124 86 118 59 80 145 77 187 103 150 93 108 71 91 140 143 61 87 78 171 26 48 84 87 18 47 74 91 71 126 194 55 168 68 99 88 141 94 52 109 165 151 174 141 25 81 71 62 133 69 120 82 96 64 83 168 71 116 108 14 118 161 128 106 54 121 89 108 116 44 148 
147 123 115 139 112 103 111 172 64 29 42 56 136 134 84 154 48 40 158 117 92 132 164 141 18 106 130 104 128 97 79 32 120 124 68 149 108 117 158 85 67 132 75 188 166 136 66 66 52 24 97 148 43 74 129 105 105 104 121 82 159 158 84 113 128 63 50 18 10 17 74 101 108 75 69 103 82 151 102 114 189 148 39 170 138 98 122 123 113 50 140 13 139 75 47 56 129 72 102 163 141 52 103 147 149 107 111 117 156 159 143 36 99 111 59 160 105 103 98 102 77 59 27 116 76 79 98 94 
108 84 117 50 48 155 78 127 160 100 127 100 129 153 91 103 42 156 99 121 110 68 89 9 156 29 49 112 167 41 84 120 104 120 48 78 52 106 113 51 131 138 80 160 47 133 120 103 59 88 189 124 140 66 41 121 175 41 105 51 79 158 115 80 156 188 114 170 182 93 78 135 90 73 76 159 149 61 156 159 107 127 97 51 135 117 101 74 49 122 170 123 41 102 109 64 106 114 53 52 46 148 54 106 185 46 151 147 132 111 119 134 49 160 135 60 114 58 122 146 165 57 89 96 112 64 119 71 
107 34 136 66 150 91 15 113 86 153 86 76 85 104 118 94 133 95 41 127 97 151 135 127 103 79 98 85 66 139 43 124 120 4 106 24 95 121 71 27 151 78 106 66 119 74 182 16 116 31 74 134 120 96 95 71 142 160 163 105 101 106 102 129 105 60 47 126 58 114 37 93 103 58 43 59 89 170 145 46 128 10 180 104 141 160 110 135 62 120 61 161 119 123 116 165 70 67 129 141 74 116 124 64 146 95 37 63 158 181 172 158 140 80 81 152 41 43 184 85 73 114 104 57 100 134 67 99 
136 156 79 18 121 145 128 162 181 18 49 18 164 87 146 53 86 38 137 39 95 68 89 94 83 112 121 84 133 84 94 68 48 106 142 128 116 90 85 96 71 85 88 86 40 163 93 105 116 128 44 58 77 106 117 135 92 143 128 139 109 46 83 114 98 145 117 39 106 18 102 79 152 80 173 108 60 97 60 99 135 107 113 173 64 41 26 73 26 136 62 62 130 140 110 3 94 90 124 167 26 123 171 112 62 63 97 123 92 125 29 159 125 29 153 102 124 84 122 61 80 80 78 114 104 140 25 85 
104 99 74 108 44 144 124 39 120 44 175 156 143 113 120 119 112 54 27 70 102 163 77 50 78 87 63 47 161 193 32 149 78 24 128 188 63 65 188 164 105 82 119 144 171 164 149 94 98 77 71 77 132 123 134 106 134 100 68 91 142 98 144 36 162 68 153 113 176 166 77 60 40 75 128 82 61 130 46 103 54 173 161 103 144 71 119 153 92 103 126 154 76 64 167 147 196 11 169 128 144 127 71 56 123 72 95 103 84 138 132 119 105 73 24 93 60 128 78 131 143 174 77 63 144 103 95 64 
32 156 31 151 90 55 78 128 141 159 76 25 186 104 99 139 15 141 73 165 44 93 56 111 124 95 30 80 87 37 116 108 52 95 116 63 66 80 119 180 162 93 122 103 96 87 108 2 147 103 111 104 97 42 77 95 160 71 159 126 126 166 165 59 78 106 158 117 95 172 115 45 175 7 35 76 91 173 173 115 80 83 44 79 99 89 98 109 153 110 115 49 63 90 22 74 120 28 98 136 118 125 79 51 99 86 70 84 19 110 102 82 126 54 96 34 64 77 77 31 17 61 60 74 13 139 128 149 
129 86 130 100 88 40 135 91 95 61 62 175 92 125 182 134 95 30 146 112 172 21 69 94 165 160 54 109 152 101 108 117 106 121 90 65 80 62 53 91 64 136 159 181 85 95 94 123 186 65 108 58 47 58 75 53 42 94 151 171 171 110 164 137 168 22 86 27 84 143 152 103 83 89 101 114 80 85 103 172 35 105 90 169 58 4 175 59 173 103 104 163 116 97 75 12 155 76 106 38 114 159 118 87 62 84 62 83 106 84 23 107 160 90 134 78 171 137 120 12 107 139 64 160 73 163 112 136 
97 48 84 97 114 116 95 178 126 43 93 66 126 97 160 106 143 59 103 108 104 88 105 95 80 115 71 78 105 130 65 158 113 71 85 188 119 53 86 139 64 167 78 146 56 104 68 57 40 170 180 91 122 91 105 65 135 146 113 65 105 153 92 159 52 24 121 91 188 52 113 146 89 97 111 102 89 116 137 85 111 67 82 131 73 96 163 60 69 60 102 129 48 143 131 109 127 110 24 123 42 107 82 89 145 139 93 78 53 122 80 93 115 78 71 139 67 66 117 130 122 119 41 51 126 132 155 147 
156 110 95 143 55 137 134 108 61 88 62 51 135 142 33 102 112 31 137 82 82 53 59 122 101 76 84 153 67 80 133 85 51 27 96 164 180 91 139 38 67 194 89 62 84 151 67 56 131 96 19 63 90 144 157 177 46 29 32 155 82 147 123 119 46 169 114 82 85 36 61 152 135 115 63 185 135 11 64 44 100 168 110 93 105 157 11 60 82 78 176 92 132 76 91 131 65 154 85 149 46 89 76 106 81 53 88 90 50 134 53 117 112 148 141 181 97 150 34 76 163 69 147 68 128 105 86 111 
68 89 82 181 127 132 168 101 49 153 157 56 40 111 124 97 86 123 54 78 96 14 182 85 21 129 83 104 140 93 108 67 131 151 71 105 162 64 64 67 134 60 54 97 162 110 76 137 86 121 85 89 152 99 147 117 39 11 36 138 78 95 114 59 133 100 49 100 96 166 98 174 107 155 110 98 77 87 138 98 163 118 106 137 94 82 115 134 96 153 96 54 132 76 146 198 73 124 82 141 134 151 120 104 108 51 108 79 75 169 147 91 78 164 81 101 119 123 140 111 182 155 40 66 179 119 93 121 
166 154 187 72 87 180 141 67 103 186 106 131 85 114 74 61 60 50 147 63 98 120 69 124 159 67 154 161 137 70 102 132 138 78 85 82 93 136 167 194 60 194 98 63 137 130 9 103 64 177 129 69 175 57 94 115 125 87 110 82 83 123 101 149 16 91 94 115 144 166 135 137 112 81 152 82 135 74 103 75 73 76 60 162 3 78 94 18 104 173 103 64 86 133 129 96 104 141 121 82 177 68 129 56 122 146 135 128 112 136 178 138 45 52 109 165 141 81 69 46 107 129 103 91 83 116 91 50 
134 45 103 128 149 46 171 91 124 93 105 184 21 82 134 195 77 89 120 127 76 93 120 74 64 115 43 16 79 93 81 75 80 106 88 119 122 159 78 89 54 98 108 87 119 106 104 113 113 92 85 66 74 141 85 97 58 127 104 122 114 61 190 138 125 154 77 114 97 94 87 156 130 157 45 93 60 103 49 66 74 130 89 76 90 139 115 131 127 79 24 40 112 88 106 154 147 77 106 75 132 101 71 160 21 187 93 163 110 85 51 166 122 121 98 107 91 113 94 80 122 50 85 39 120 119 64 50 
142 111 32 101 151 79 133 89 154 95 44 108 132 110 107 89 161 64 107 96 95 162 144 45 62 131 119 10 108 139 103 188 160 66 86 144 103 181 146 62 97 63 87 124 39 123 86 153 99 55 86 81 134 165 134 135 123 79 70 39 154 170 33 67 159 80 100 115 148 52 94 102 51 53 63 104 128 84 95 115 100 78 91 106 150 112 70 64 54 115 130 78 88 19 95 103 107 80 65 162 72 119 63 107 105 126 32 113 107 123 15 81 146 159 96 56 88 101 121 154 163 69 132 50 106 88 110 39 
33 71 111 35 36 46 106 92 77 122 98 153 105 142 60 64 120 76 40 40 181 118 47 129 102 134 192 69 66 159 92 166 47 119 40 171 96 85 56 84 162 137 119 39 64 50 23 91 41 82 133 84 123 79 121 45 35 140 93 98 83 97 110 173 51 126 69 188 83 66 87 136 44 79 120 15 101 33 104 62 161 119 32 55 190 152 130 153 25 124 141 177 60 47 55 110 156 77 100 51 107 70 98 111 140 84 55 74 144 87 116 142 64 97 78 60 108 31 89 48 86 108 167 174 126 94 193 174 
25 170 176 135 89 95 131 89 84 77 176 116 142 153 123 122 152 66 144 24 25 120 140 105 78 27 143 67 92 59 83 136 133 74 163 164 87 95 104 151 110 130 106 123 50 152 18 103 121 83 80 129 92 135 93 101 118 115 136 116 147 150 141 120 66 55 31 139 37 145 65 40 93 91 62 97 123 165 71 72 95 142 144 96 76 109 39 33 107 89 57 109 51 47 171 173 153 133 109 90 60 112 46 108 97 34 116 126 76 96 131 17 90 116 19 58 129 160 140 60 92 90 75 93 118 102 84 112 
106 82 170 110 106 116 127 124 67 74 89 13 141 117 65 163 170 76 116 115 30 71 57 95 170 29 100 110 141 65 146 66 120 182 93 149 108 94 68 67 76 9 104 86 23 18 160 93 76 59 98 150 74 109 59 25 79 133 66 129 62 93 105 54 109 119 66 115 104 55 98 121 83 56 183 96 44 85 129 121 111 91 72 94 103 128 12 55 90 101 156 19 98 74 110 71 155 91 101 61 91 58 120 153 114 144 86 180 173 158 148 107 112 67 55 89 86 129 97 104 113 133 60 167 114 16 140 96 
104 104 95 42 75 184 135 96 153 50 43 41 111 110 126 148 121 151 129 63 107 102 100 108 85 166 152 148 127 66 69 66 103 16 105 94 2 123 57 56 137 103 113 153 91 103 93 38 132 154 93 178 69 165 163 123 157 149 109 93 78 58 92 145 86 97 191 28 147 150 95 104 157 174 109 74 96 96 50 149 153 133 101 60 107 96 54 78 164 47 136 102 158 84 98 18 140 114 16 100 164 62 98 107 157 90 152 149 102 87 115 38 122 84 129 123 158 82 173 145 88 137 83 70 98 79 133 114 
33 60 98 88 55 67 108 92 55 103 186 96 141 33 101 93 46 87 163 107 111 114 105 75 64 87 47 97 56 99 22 52 59 116 116 98 147 186 40 131 86 64 113 99 41 121 76 132 20 186 143 78 71 99 151 128 112 82 156 174 92 43 59 147 153 64 85 70 150 112 130 64 51 17 84 77 9 100 30 121 135 120 97 141 91 96 117 57 41 56 59 148 52 93 99 118 160 22 131 86 119 132 108 161 140 65 195 125 72 88 34 113 133 103 57 129 113 56 79 152 101 43 63 26 71 69 109 96 
76 97 99 75 117 164 152 51 126 167 111 127 148 140 153 64 138 141 106 103 147 148 114 133 100 132 116 91 168 111 135 24 88 31 128 77 103 65 170 96 121 177 92 55 82 83 59 154 186 200 146 100 102 32 52 63 26 154 55 141 51 77 113 164 153 102 145 185 72 83 136 52 155 121 73 35 109 129 107 109 75 57 93 107 131 55 139 127 97 147 30 158 83 138 76 139 39 102 165 97 36 49 145 160 131 42 32 47 121 130 108 80 134 105 112 48 96 83 176 113 107 185 123 102 129 69 143 133 
135 26 131 96 57 110 146 149 86 120 128 92 139 133 126 98 170 89 59 45 160 78 154 104 181 149 130 87 170 80 83 97 189 74 44 71 111 108 180 19 85 129 85 86 133 80 98 93 143 146 194 71 135 98 84 69 73 106 35 82 87 71 187 104 125 92 173 69 138 51 93 91 99 8 135 186 107 11 94 63 114 98 125 107 148 144 67 135 79 177 74 122 120 154 177 96 76 97 96 36 60 139 137 112 111 159 155 105 104 56 157 116 165 105 145 107 172 90 134 105 95 95 110 95 14 119 110 134 
29 157 18 55 118 27 100 136 46 82 115 35 121 73 121 114 93 112 105 147 141 120 101 105 116 51 126 109 142 98 99 148 124 134 58 77 104 58 91 63 89 69 66 81 84 129 150 178 78 100 71 108 126 121 71 97 91 146 44 110 15 83 110 135 37 101 53 118 151 112 155 139 109 86 14 100 49 112 114 30 155 103 18 102 89 140 75 4 117 113 74 98 84 98 99 77 135 83 85 108 125 58 108 118 20 117 76 133 99 142 82 113 96 102 152 29 132 96 74 122 156 71 111 67 163 108 183 75 
112 66 118 131 91 145 168 8 145 135 112 21 100 55 70 154 149 120 138 98 78 148 55 182 54 112 145 94 121 157 109 43 140 120 77 132 97 47 122 90 152 175 74 134 123 92 74 69 71 102 135 126 136 14 92 52 71 83 113 89 149 119 152 78 59 75 70 91 78 125 161 75 106 41 111 142 75 121 83 123 61 190 71 98 115 113 49 133 164 121 99 62 38 154 141 92 112 88 163 135 70 77 106 72 88 145 113 128 127 62 69 72 118 128 119 74 111 58 140 46 84 104 157 80 112 186 50 79 
105 83 90 107 107 162 153 96 113 131 88 62 106 34 61 126 84 108 47 133 109 116 144 151 160 64 48 74 58 161 53 74 66 96 106 123 42 58 91 144 99 57 141 165 79 135 109 165 99 32 98 121 14 122 166 86 115 124 61 141 155 127 174 84 127 92 77 96 40 110 129 100 152 101 88 39 100 145 145 109 120 132 175 119 118 92 67 89 41 43 105 60 174 188 137 75 95 77 100 116 138 85 180 165 89 126 77 25 87 107 152 102 104 75 108 67 117 42 34 67 143 92 72 87 67 107 95 53 
96 101 101 173 103 40 70 128 33 137 85 139 113 155 102 115 155 152 85 115 15 186 132 75 75 143 130 105 87 92 111 129 41 95 117 134 77 75 105 157 147 94 85 134 121 93 59 163 151 52 84 71 92 166 134 58 130 139 162 128 71 95 161 94 149 114 172 96 87 180 51 87 130 72 176 98 114 145 120 141 122 176 79 130 148 98 103 143 79 69 52 136 93 106 32 7 115 117 45 134 178 69 131 105 131 24 59 184 197 124 165 154 76 181 120 74 73 127 123 94 62 124 108 185 81 136 60 79 
133 109 64 69 135 96 110 124 77 51 168 176 128 109 99 114 111 37 69 74 21 113 136 124 97 112 88 154 93 123 104 105 121 71 135 106 95 53 65 177 117 115 97 135 45 101 25 123 128 63 69 97 52 86 58 158 122 45 31 134 170 167 119 182 88 87 190 41 52 96 102 121 49 177 169 74 113 67 37 52 54 173 32 50 35 89 89 40 86 140 86 113 43 46 87 55 125 62 81 128 99 31 83 144 114 75 88 145 48 113 114 135 140 36 91 123 120 101 173 42 64 40 153 76 130 200 127 88 
100 161 80 139 103 90 142 83 79 102 112 90 123 95 123 150 118 13 41 116 44 130 18 96 112 104 191 75 38 91 135 105 175 142 92 134 160 42 135 46 39 125 58 123 35 118 79 157 112 26 73 91 71 115 130 122 76 130 84 47 80 89 140 132 121 9 49 85 152 128 117 43 138 130 45 114 94 135 93 36 102 90 82 154 115 130 179 108 191 79 81 96 101 72 55 31 146 182 175 75 50 154 86 66 145 148 158 101 90 81 39 154 110 44 137 117 72 93 92 149 115 56 46 77 127 101 153 120 
80 110 87 132 27 106 65 125 158 126 59 109 127 164 121 81 98 161 87 49 136 88 108 174 146 104 50 126 95 39 124 104 41 160 143 100 71 94 146 29 11 87 127 79 140 115 133 149 82 154 106 146 83 124 139 45 130 136 76 76 95 99 70 121 83 140 152 13 94 110 80 139 55 89 146 22 105 47 107 34 105 122 196 80 46 107 4 41 194 124 127 100 130 84 44 175 78 69 102 176 58 144 48 97 92 126 70 44 83 46 170 126 150 62 149 104 95 131 96 20 147 95 99 31 72 58 116 159 
117 151 108 101 146 136 108 29 142 78 142 40 110 99 99 162 121 155 102 94 48 108 123 113 182 78 154 160 108 65 86 121 105 163 128 68 159 151 113 32 36 110 104 70 93 136 66 109 156 55 35 44 113 61 162 31 84 76 126 104 145 159 42 45 88 136 79 171 20 112 166 142 151 112 73 151 141 126 143 126 140 136 173 64 43 125 31 92 110 115 174 137 58 118 97 90 141 65 87 107 170 150 178 109 119 84 74 114 117 63 122 96 87 99 133 186 153 127 167 102 83 117 146 101 89 168 92 70 
120 128 47 119 110 115 51 114 33 197 118 97 36 153 175 104 80 83 63 112 52 87 109 75 58 60 125 41 121 37 118 82 51 105 139 91 126 171 65 155 138 82 122 39 98 116 129 93 174 141 82 110 89 141 128 134 47 76 104 16 93 29 111 49 95 104 69 104 56 186 78 122 127 111 131 25 35 35 156 136 84 108 185 86 115 76 54 91 23 28 143 121 49 13 97 100 117 102 110 52 151 31 168 101 88 55 63 114 137 149 156 84 112 66 57 120 78 24 159 139 132 79 135 85 182 151 88 59 
98 32 71 112 63 104 84 76 67 133 98 73 149 108 20 137 42 72 28 100 90 33 166 142 80 59 83 105 150 88 59 159 79 101 109 142 126 171 105 82 78 83 114 154 83 147 62 78 92 51 87 15 149 155 71 170 80 95 145 93 132 161 127 62 112 91 104 68 118 71 95 158 49 164 180 151 119 78 75 58 174 87 147 118 25 77 116 101 161 135 106 155 44 68 121 33 28 93 123 117 138 80 133 81 69 119 147 117 69 83 131 12 156 116 97 80 93 25 22 125 120 183 21 65 134 123 166 106 
87 106 152 110 104 106 79 84 90 180 69 187 167 44 44 90 143 43 159 97 94 76 83 71 119 122 145 98 123 88 80 158 158 106 46 98 166 110 153 147 95 123 61 170 97 150 93 58 43 77 71 83 119 127 95 167 89 99 159 29 161 118 143 66 127 89 44 86 111 124 117 103 53 116 124 184 46 48 103 116 122 35 96 48 50 152 163 126 80 106 145 182 106 109 60 86 141 62 170 64 132 139 92 138 53 81 25 90 92 50 105 94 102 100 102 127 198 184 173 108 156 48 132 173 87 140 130 79 
87 128 129 97 72 146 56 92 24 79 87 86 119 74 102 106 68 173 108 127 83 77 44 101 132 79 106 78 174 122 145 84 115 102 83 144 165 164 92 123 114 101 190 33 110 141 105 92 59 113 187 110 152 174 161 119 140 70 42 111 127 143 4 107 170 170 55 93 173 118 149 122 95 97 160 76 171 90 124 76 117 109 89 108 139 20 62 91 107 168 65 150 94 95 44 85 165 156 56 31 34 139 67 159 15 180 129 108 67 148 99 97 136 124 98 133 141 153 115 163 120 91 79 114 47 178 80 126 
80 66 69 56 79 136 138 131 104 138 83 99 32 116 143 58 123 91 104 143 50 115 117 142 143 72 55 71 117 79 77 113 80 129 114 36 59 137 159 119 59 149 138 67 173 120 54 145 147 164 104 135 78 84 94 182 132 121 45 49 62 66 107 116 21 140 74 112 38 67 37 31 141 65 103 103 124 123 48 44 69 154 108 96 173 55 98 55 38 127 63 69 173 89 151 167 81 109 127 53 87 97 50 99 109 114 79 135 68 81 101 101 34 89 169 121 159 175 172 119 43 60 121 58 137 63 168 96 
144 98 52 106 121 130 115 93 73 98 108 48 85 76 79 161 78 98 115 131 79 151 61 111 51 66 128 29 131 35 187 128 156 105 98 162 78 168 52 46 133 16 125 159 51 66 109 86 153 153 125 37 59 127 149 88 121 83 88 95 112 127 170 21 186 147 118 97 75 61 115 61 93 146 83 123 85 72 91 175 72 27 120 135 135 6 109 143 180 53 125 135 149 145 122 131 109 60 93 72 148 12 118 68 101 40 129 111 51 98 117 116 92 95 86 95 44 62 97 74 128 126 161 141 135 28 96 153 
139 69 154 95 119 58 126 152 105 75 66 21 80 76 33 55 96 102 116 127 147 100 70 42 113 149 96 169 78 127 103 63 188 60 145 68 106 22 24 169 100 91 154 80 126 55 119 97 64 102 92 101 75 92 114 87 9 140 136 104 91 89 170 140 147 74 142 30 57 98 185 137 161 123 48 63 135 121 70 126 88 86 70 123 93 87 80 112 114 173 152 47 109 55 24 93 116 118 107 156 51 144 111 31 85 60 64 168 93 171 70 91 128 121 85 146 103 125 169 124 122 69 104 88 131 90 114 82 
141 83 131 161 150 111 161 126 154 45 95 84 36 105 150 151 145 101 76 130 99 89 117 99 135 130 135 103 105 189 150 50 114 47 117 153 158 86 121 114 49 94 77 100 69 31 66 191 85 145 173 53 70 77 172 190 49 152 79 69 104 44 55 74 118 142 6 169 150 34 108 68 68 26 130 104 104 45 97 149 16 107 37 123 91 92 49 114 71 163 151 86 74 134 99 119 130 155 145 140 135 90 111 153 115 71 64 121 133 118 67 109 85 86 178 18 39 114 69 155 121 89 22 94 130 95 22 58 
70 95 74 187 27 167 163 170 110 130 96 135 150 108 78 103 111 127 50 112 132 143 105 80 85 122 129 17 110 18 93 18 170 126 39 113 117 27 91 82 100 115 114 115 188 139 115 28 70 185 69 118 91 96 96 41 85 13 171 104 68 86 93 112 97 30 169 108 173 183 65 104 71 23 107 95 71 156 105 139 95 132 108 65 68 153 31 39 63 158 138 55 73 131 77 73 26 167 99 115 107 99 67 44 90 65 148 59 129 150 84 73 82 182 80 68 24 111 70 53 100 179 64 92 96 133 75 15 
103 167 143 62 112 19 164 72 123 147 15 54 88 28 120 118 38 102 116 111 75 64 104 122 175 62 110 92 81 91 108 10 182 58 106 176 95 84 188 85 96 144 97 148 83 37 104 147 150 72 138 151 78 40 87 52 152 94 20 56 118 111 173 38 75 57 150 173 196 141 134 83 150 89 112 50 131 145 104 92 122 67 27 192 122 126 89 110 132 149 71 96 107 59 97 23 160 162 102 143 109 96 105 114 78 120 127 168 129 138 198 159 79 163 19 56 87 97 53 157 127 113 34 49 140 113 147 90 
71 157 100 93 122 105 141 165 93 148 104 127 76 122 81 80 109 139 132 131 115 95 155 125 128 126 129 59 101 124 71 17 93 114 18 166 172 143 52 36 166 166 94 52 66 145 55 150 112 83 51 112 125 110 180 96 128 110 112 186 71 124 118 67 61 98 34 183 141 114 172 106 16 122 91 72 173 127 113 34 49 60 130 66 51 74 125 185 23 178 110 86 135 21 134 126 126 56 63 107 104 33 143 79 138 117 170 88 66 91 120 54 50 178 131 114 112 76 65 115 122 169 91 106 40 110 23 94 
85 87 98 51 58 63 133 41 92 125 71 111 156 125 110 158 82 99 127 56 56 59 48 159 158 115 90 162 177 75 91 74 78 37 102 77 115 152 113 61 98 135 87 94 87 65 98 95 130 136 93 155 161 129 51 102 117 80 166 78 95 117 149 37 115 185 108 65 134 172 12 55 114 82 104 103 128 119 112 80 93 100 114 60 126 110 144 121 111 53 44 186 62 172 62 159 162 48 143 62 147 97 141 134 79 114 90 25 122 93 108 128 147 153 117 71 77 97 129 104 136 29 106 144 79 113 78 139 
86 133 37 112 130 35 154 88 67 107 141 187 155 144 117 117 79 104 83 157 179 116 48 97 46 88 95 106 136 82 140 101 135 93 79 60 45 103 146 152 174 137 156 102 136 40 121 104 64 52 91 139 75 100 87 121 43 139 142 122 158 103 122 31 61 137 68 104 83 106 55 26 131 140 41 50 54 90 127 133 118 66 132 104 137 60 141 100 93 39 52 59 46 92 98 71 83 88 92 61 66 160 62 119 96 86 28 98 126 59 128 151 78 104 83 124 91 82 38 89 119 111 160 137 93 143 143 42 
106 85 113 90 95 120 73 157 127 32 83 110 187 185 124 150 88 101 69 157 79 146 160 143 100 75 79 74 71 168 143 108 90 103 152 40 175 83 89 135 107 112 130 51 44 93 83 157 51 155 99 109 106 152 130 49 138 55 151 127 49 53 95 141 93 161 68 71 150 16 114 131 36 97 121 152 62 46 128 132 109 138 125 134 48 90 164 84 95 79 61 58 164 25 69 145 68 69 126 89 49 54 140 99 8 57 77 107 56 60 94 56 97 123 123 145 71 35 70 44 121 105 161 105 98 148 111 159 
13 55 163 152 114 51 161 69 85 142 128 121 77 123 135 83 117 123 150 127 183 164 153 90 94 93 104 97 101 111 61 75 73 58 80 75 7 89 97 115 155 81 157 53 79 91 56 174 17 121 8 86 41 101 72 177 130 89 112 111 164 116 97 65 146 123 26 23 89 122 82 140 97 144 136 108 7 188 103 57 49 123 113 65 122 86 166 91 68 177 80 129 125 91 114 144 116 19 108 152 107 152 107 99 100 81 96 175 141 40 133 132 99 146 63 85 132 15 39 103 150 153 85 147 89 33 46 26 
147 88 155 138 53 164 75 40 81 120 117 119 139 82 55 168 59 71 50 153 164 176 109 91 106 128 138 73 55 151 87 69 76 43 173 128 35 101 111 63 110 152 45 63 120 62 183 109 84 73 135 14 111 88 176 169 45 146 73 131 180 124 160 103 83 48 130 107 112 91 104 41 121 136 134 84 160 85 88 141 111 82 50 111 121 105 171 34 89 60 38 91 172 128 114 86 63 89 117 163 114 90 103 112 22 175 147 117 126 74 97 84 106 90 114 108 100 110 98 12 121 27 116 180 66 128 120 86 
31 115 174 84 161 112 112 74 164 142 46 152 170 63 138 114 154 181 138 142 164 62 133 167 79 86 52 53 100 141 78 103 159 59 108 82 76 114 102 185 98 82 93 104 15 97 96 74 77 35 186 100 142 39 98 74 114 22 151 25 151 184 76 103 123 63 104 95 50 72 103 50 152 108 84 120 104 130 131 122 78 142 63 151 52 105 140 107 115 103 109 59 53 133 141 107 124 132 126 47 88 46 118 108 34 135 144 62 78 67 132 73 59 121 18 138 171 97 114 54 81 170 168 85 154 67 84 61 
40 13 85 36 107 84 174 17 54 138 166 47 110 103 99 59 105 126 48 88 90 96 58 111 100 169 41 11 96 117 171 82 149 89 60 61 91 80 89 135 77 135 60 128 101 123 44 96 9 109 107 49 75 100 114 113 94 105 141 35 119 46 171 124 85 135 104 71 131 173 128 54 62 7 160 104 68 95 176 151 112 85 107 108 123 137 125 122 151 78 90 114 123 159 74 87 151 89 169 91 55 115 82 123 54 76 46 93 84 92 48 176 73 16 109 163 123 174 68 53 97 75 78 142 128 177 60 148 
97 110 156 97 137 139 141 91 97 117 141 108 110 67 23 136 102 53 70 43 140 80 71 139 78 121 151 67 105 185 26 151 61 170 97 130 173 85 116 11 87 74 103 84 33 165 85 96 100 129 11 112 121 145 145 67 135 47 126 35 78 48 90 123 72 121 45 156 145 127 119 90 46 188 85 130 95 186 64 36 144 157 40 76 81 130 105 141 143 118 104 104 150 73 52 154 124 91 101 107 152 123 28 133 141 151 178 112 71 73 149 19 127 152 66 144 45 133 84 108 81 128 163 66 112 139 97 139 
159 145 108 81 172 90 162 60 143 99 113 70 154 112 102 88 93 13 149 34 121 90 143 99 164 79 19 107 100 29 48 102 156 145 60 46 173 103 137 64 138 103 49 95 104 71 129 50 30 107 94 114 83 145 120 37 93 107 143 156 75 103 124 48 91 70 97 105 104 113 112 127 128 103 88 131 176 64 152 68 104 91 88 156 98 63 104 92 156 68 184 176 83 41 139 121 74 33 94 103 146 93 157 81 20 128 44 80 60 151 134 105 91 137 116 52 108 154 141 16 106 158 126 75 87 129 129 115 
83 49 127 20 153 105 58 82 141 143 133 79 79 50 157 142 115 73 115 48 74 70 117 94 147 140 101 131 160 107 84 114 159 46 99 103 115 172 85 44 98 75 66 115 62 72 121 149 121 109 63 30 123 109 141 52 36 34 126 136 58 116 76 44 175 126 149 139 92 34 80 133 132 57 141 122 151 36 68 172 144 106 43 79 132 154 21 56 158 22 153 32 26 175 123 109 76 24 92 114 73 98 107 168 146 151 180 112 105 88 44 124 175 167 84 129 50 69 57 78 41 165 146 163 154 135 148 112 
109 92 26 194 175 44 63 30 96 38 187 141 154 71 133 138 145 84 14 50 78 115 79 20 130 108 110 110 102 100 87 189 107 128 135 54 80 35 111 100 163 73 74 100 161 95 111 153 135 75 114 155 61 120 122 54 102 105 140 84 174 122 117 69 72 88 16 95 122 49 93 118 109 49 111 78 112 144 104 144 106 148 102 44 135 131 85 166 79 200 116 82 116 97 97 100 115 173 92 55 108 176 22 58 83 51 132 90 72 93 128 126 163 44 135 130 141 46 124 110 99 69 91 148 84 96 128 55 
109 83 53 40 143 132 147 102 84 45 158 96 90 64 66 73 82 25 122 54 100 52 54 92 167 97 109 122 120 122 18 148 127 10 107 173 83 105 67 168 118 76 130 78 119 142 91 133 120 57 98 103 190 132 176 173 90 122 136 108 87 35 109 154 27 86 107 132 67 60 100 66 138 123 82 142 85 157 91 106 148 122 113 152 34 118 99 86 24 154 91 66 72 133 155 61 187 107 169 48 151 68 122 36 38 66 110 112 58 153 62 51 81 120 28 105 80 66 142 146 106 167 184 124 119 83 124 67 
162 79 31 73 44 135 123 15 127 162 107 92 166 93 144 75 45 163 77 81 118 111 84 33 71 53 56 114 113 80 47 39 97 180 113 161 44 90 82 110 106 60 89 91 32 144 72 101 97 93 125 18 71 175 79 32 82 196 173 185 147 96 89 108 120 70 37 108 27 130 114 132 125 113 50 63 107 40 88 43 102 113 42 146 23 71 102 58 135 143 107 45 125 51 133 147 137 75 84 102 72 110 79 136 84 122 137 125 84 69 182 96 120 59 196 108 177 95 111 147 90 84 73 131 78 82 109 64 
110 159 100 111 74 48 144 85 15 114 106 118 38 129 38 77 81 176 140 148 136 84 47 131 81 125 17 51 40 145 74 170 51 104 173 103 79 169 131 93 137 162 76 106 55 96 94 60 141 107 107 102 98 119 130 50 154 80 64 86 118 48 108 96 135 123 123 65 192 66 60 104 134 65 111 151 108 76 156 79 44 152 146 52 152 73 68 113 89 184 78 68 92 130 108 117 20 40 113 103 154 87 35 154 90 18 130 98 146 125 103 156 157 62 125 83 138 78 104 100 108 93 100 59 96 110 122 135 
90 6 135 91 108 80 85 42 40 100 36 83 106 85 142 102 152 23 79 101 148 118 87 136 177 127 109 66 100 144 91 138 135 141 64 144 99 58 73 105 94 3 90 150 190 76 103 107 91 131 148 89 115 118 148 35 115 46 43 115 25 50 139 173 135 93 91 68 122 51 126 137 48 122 121 52 123 81 98 132 135 34 23 152 2 35 40 112 111 187 100 117 59 105 102 100 98 144 79 58 50 121 26 132 172 84 174 49 88 167 59 119 69 99 162 130 144 185 144 143 111 72 109 58 143 81 124 147 
102 85 99 143 79 72 89 181 175 70 112 87 76 97 87 133 74 80 93 137 76 103 123 96 137 189 137 31 133 102 71 98 117 160 41 71 89 4 96 157 82 78 139 112 152 109 128 96 96 55 144 140 113 92 98 89 130 107 125 76 77 152 20 55 6 87 92 153 126 74 110 60 90 86 105 105 137 130 63 154 131 118 71 73 35 110 149 146 48 84 33 154 82 14 50 113 108 53 160 102 50 73 82 120 66 77 105 102 125 149 128 35 111 67 96 147 94 85 32 102 19 36 125 83 190 77 83 52 
86 72 73 128 129 91 92 149 77 150 127 42 73 53 117 99 153 123 64 141 60 47 108 116 80 79 93 130 68 116 126 122 101 110 26 119 98 175 163 11 115 94 115 70 130 39 12 54 117 139 67 75 49 67 103 89 179 4 31 54 116 163 62 98 109 80 49 31 89 125 144 141 164 166 171 140 125 105 104 21 85 99 102 68 40 149 140 26 123 108 118 183 148 85 82 60 153 49 168 102 148 81 63 122 109 118 136 21 191 98 154 77 133 101 165 116 83 150 176 122 36 125 121 178 133 104 71 32 
76 77 110 91 155 51 38 33 98 24 55 34 124 84 68 81 129 168 72 50 47 147 81 98 149 124 114 37 77 145 194 123 74 135 73 153 109 59 60 60 134 18 131 64 153 33 55 78 57 127 135 4 133 89 143 40 108 41 92 91 101 126 91 55 143 112 114 39 110 185 121 100 84 91 34 107 122 141 92 56 166 86 58 113 112 146 26 64 131 121 73 129 155 110 83 193 55 123 62 39 86 189 146 108 156 71 107 95 29 123 186 50 59 56 44 54 105 124 91 190 179 91 79 69 132 176 169 92 
81 44 72 26 133 147 72 124 68 78 151 105 152 49 62 40 37 125 88 136 21 50 126 66 85 78 105 97 90 36 55 113 49 62 26 92 153 173 69 82 96 104 127 54 25 107 90 164 41 97 79 117 164 41 79 86 191 194 110 23 161 80 107 38 180 114 71 63 132 23 111 93 95 68 89 115 151 143 156 158 79 24 135 89 111 48 123 131 136 66 119 94 173 81 111 121 180 113 54 105 130 87 154 68 75 51 139 78 148 157 15 116 150 102 101 72 102 44 84 95 124 107 111 125 49 106 43 87 
99 163 79 136 50 132 104 140 118 108 41 148 83 175 82 91 116 148 110 70 91 113 35 82 90 45 95 57 75 101 168 50 122 120 136 103 110 103 60 78 153 173 79 115 124 89 101 47 56 147 177 113 121 43 69 140 79 124 115 28 135 106 168 127 53 173 163 158 149 178 53 39 79 177 60 103 78 118 68 22 200 154 143 184 187 84 108 121 66 162 148 52 98 64 102 91 134 145 108 115 69 108 111 161 126 134 63 166 60 72 101 89 144 60 187 20 102 137 28 109 120 14 40 82 166 130 62 45 
91 63 141 85 33 114 160 116 117 115 148 82 52 91 132 123 60 108 27 74 104 89 80 152 128 142 92 142 56 110 68 140 170 61 62 126 115 104 102 176 96 103 24 130 141 57 156 136 59 30 74 74 99 105 52 86 81 127 174 143 106 145 65 63 125 152 151 138 71 110 44 52 61 80 38 109 90 104 184 153 116 91 107 78 100 33 118 73 119 148 182 152 65 102 59 49 100 84 98 77 118 162 40 175 63 14 126 63 83 107 121 136 146 61 71 157 115 96 148 67 29 61 173 158 103 39 157 153 
110 121 83 110 83 126 96 90 78 85 110 84 44 106 113 119 111 101 79 117 154 56 67 110 91 74 45 112 91 99 99 13 123 161 62 154 49 163 129 92 54 64 40 78 177 109 19 102 148 158 122 98 62 60 136 113 96 100 137 121 155 182 150 69 135 47 86 55 96 86 186 59 58 129 91 59 114 104 176 32 82 66 45 68 117 154 183 129 94 52 152 12 119 127 88 91 132 165 102 156 144 29 32 70 79 95 109 153 138 77 165 146 91 74 111 75 57 90 33 145 135 123 144 103 110 118 129 189 
79 111 132 69 105 116 88 129 17 107 129 80 101 166 118 91 117 16 86 139 59 112 116 44 118 111 104 188 65 58 88 139 41 119 130 76 63 116 48 132 132 86 112 88 60 51 98 158 52 83 120 84 38 174 93 43 101 130 58 49 44 106 94 173 149 109 74 73 107 135 62 46 164 125 172 53 123 150 83 26 116 72 125 92 59 82 148 155 173 98 65 119 172 90 99 112 108 139 105 29 110 95 99 46 100 101 61 59 87 99 107 118 156 110 129 53 120 74 97 121 164 32 95 58 161 82 177 58 
89 32 91 76 96 77 67 152 109 149 65 96 97 85 156 141 111 67 26 166 20 17 104 121 71 70 146 163 9 85 141 75 102 123 140 64 90 97 143 76 76 133 88 19 47 47 74 84 93 138 154 98 154 188 106 46 72 84 118 13 68 109 95 89 145 55 134 131 59 21 172 92 25 91 128 133 159 73 41 175 97 133 51 130 105 14 85 110 81 64 102 127 90 30 114 59 110 76 24 101 144 68 48 65 41 115 16 146 112 156 182 78 107 115 35 38 30 58 162 37 65 111 100 33 120 191 26 73 
115 129 127 125 33 43 120 64 123 137 175 95 108 44 115 21 133 107 188 105 147 80 103 26 92 76 118 95 66 80 94 47 109 116 110 167 22 75 131 91 146 129 106 95 55 171 110 98 99 76 177 99 141 137 32 87 55 44 97 97 121 60 44 151 122 24 99 77 97 134 62 98 69 114 114 141 74 52 139 123 97 155 133 108 102 50 82 83 111 102 59 88 99 114 130 170 79 122 123 150 69 105 117 37 51 40 146 119 24 60 75 79 33 119 65 52 133 71 28 83 126 130 41 116 149 86 109 142 
162 115 41 119 108 177 67 73 121 102 121 105 93 65 62 174 152 86 85 164 83 52 83 125 118 16 100 172 16 95 52 56 64 165 3 147 74 12 109 131 198 96 154 103 110 173 71 18 118 139 96 77 92 75 7 55 31 175 90 100 33 86 85 167 131 93 119 73 23 126 159 71 145 144 86 107 87 154 121 109 100 61 147 117 100 113 60 193 121 91 49 91 112 59 170 120 145 98 117 185 58 93 76 69 91 146 157 43 110 80 147 88 191 106 88 64 105 101 109 87 140 50 76 98 71 96 129 95 
109 110 10 106 164 88 49 108 156 68 101 112 175 102 115 19 92 148 29 169 121 148 104 128 160 181 106 113 145 113 109 129 106 70 94 196 120 155 127 65 73 104 147 107 156 153 155 140 160 39 76 135 112 95 115 125 146 78 141 117 28 141 165 81 109 116 130 26 160 126 162 83 68 116 63 124 151 124 74 76 115 187 137 20 98 108 153 55 180 134 100 132 108 110 79 145 32 150 94 95 147 154 142 128 92 50 88 77 110 176 111 81 104 121 157 176 129 121 154 124 109 125 87 101 184 110 78 92 
106 60 160 180 24 112 121 89 68 18 43 175 130 93 56 90 72 67 116 151 180 44 111 91 71 170 57 109 93 80 165 72 114 67 90 11 28 76 110 154 124 141 77 80 77 133 91 114 22 102 97 83 88 77 117 62 182 69 65 102 93 62 156 109 60 118 155 167 162 56 48 88 69 19 89 132 89 91 33 24 173 107 75 40 144 53 49 123 113 145 84 165 139 76 122 98 150 160 112 68 118 104 112 116 173 131 76 122 93 85 112 113 94 157 28 137 66 140 95 59 114 98 77 20 122 43 97 153 
159 139 135 141 117 50 152 93 99 142 105 133 111 149 60 22 102 169 155 103 102 50 106 163 70 177 93 88 101 114 151 102 53 129 124 169 98 106 24 85 82 121 106 65 100 109 101 16 131 165 96 85 163 100 45 81 175 102 87 110 123 170 56 127 93 107 145 99 102 63 143 92 126 108 117 126 169 101 94 92 92 169 84 113 79 160 168 62 54 108 98 102 105 24 123 117 94 112 54 108 150 96 168 123 91 55 99 95 85 128 118 86 40 103 84 23 164 86 102 127 122 90 45 171 103 149 98 63 
106 93 102 106 44 98 154 149 130 68 102 135 90 21 104 98 86 112 58 75 88 55 69 156 134 149 23 51 89 91 174 163 52 141 167 128 136 38 123 149 141 82 75 162 51 90 61 100 86 97 36 108 135 116 134 128 75 176 107 52 117 64 31 53 72 156 140 115 143 107 62 61 89 152 163 47 91 107 103 114 55 48 102 103 58 102 102 39 105 115 77 156 29 101 150 185 95 68 108 112 131 121 90 64 82 40 115 26 105 173 106 66 73 88 126 115 129 51 126 107 86 95 89 123 107 101 153 97 
109 83 92 110 100 30 112 84 85 48 62 93 121 64 94 166 82 106 143 91 155 107 98 38 126 106 61 70 68 78 141 141 46 74 26 144 118 114 42 46 134 177 132 72 107 60 91 164 119 36 60 125 70 138 178 99 50 58 170 151 138 132 34 87 148 51 135 107 109 104 147 66 49 107 114 88 55 152 146 73 108 151 72 154 50 50 148 86 130 69 118 144 110 144 69 58 147 118 150 131 176 62 63 101 158 139 179 63 169 60 150 38 150 46 109 74 94 104 112 68 46 126 74 26 79 94 85 56 
77 25 61 128 108 56 126 142 112 55 164 62 57 183 66 82 62 78 76 120 91 145 140 132 29 135 105 109 60 98 25 52 148 116 123 127 125 159 107 89 151 68 101 119 70 112 58 62 132 49 139 58 77 85 69 31 154 144 150 31 80 139 139 97 12 144 90 99 96 33 97 160 54 152 90 46 115 123 93 98 176 68 110 87 121 73 81 189 87 108 162 29 95 68 105 93 154 104 96 121 62 4 173 72 171 31 34 114 89 129 65 127 93 68 54 65 178 127 97 97 84 36 90 93 86 125 167 127 
103 143 129 141 109 102 104 40 177 41 76 105 120 89 104 90 53 45 71 47 107 49 115 49 125 63 111 100 105 196 81 103 54 124 171 71 79 118 82 76 120 129 71 63 98 46 120 98 108 145 137 108 106 180 131 83 86 48 178 168 133 92 67 50 118 111 111 67 105 143 141 62 140 107 103 118 82 28 157 107 22 122 79 35 26 82 63 146 154 111 40 32 99 48 117 76 142 112 168 90 63 173 66 170 74 59 20 69 117 68 193 65 100 141 90 84 104 27 64 68 71 171 56 131 61 136 91 110 
91 103 133 49 98 23 95 114 14 159 101 179 34 86 140 106 118 67 95 179 107 65 47 73 105 89 114 130 68 85 71 147 106 64 112 56 51 87 89 106 104 56 160 107 111 108 153 107 161 160 112 118 72 165 105 144 66 97 109 101 81 138 159 99 68 31 153 44 114 79 134 119 99 99 112 108 123 133 81 168 58 36 136 154 132 120 122 108 68 161 175 70 46 65 37 69 128 116 123 64 101 72 170 8 113 112 97 130 99 44 175 153 130 74 175 125 136 128 32 96 38 160 88 153 75 103 83 103 
79 85 79 46 157 113 87 77 43 76 75 59 94 117 75 105 147 121 118 161 50 102 107 84 133 99 109 135 38 125 62 149 185 146 62 123 99 62 145 81 108 122 21 105 140 97 114 157 140 131 111 20 88 89 131 114 145 92 119 88 69 53 15 109 101 85 115 90 78 138 79 96 8 100 22 34 54 141 20 146 83 38 84 90 172 66 109 156 75 126 63 79 100 41 51 91 92 173 91 82 158 171 74 113 124 57 56 100 121 101 109 70 106 66 115 42 99 44 60 82 33 79 108 54 106 113 27 33 
183 96 66 106 114 122 176 103 99 90 123 152 113 115 137 122 42 188 140 36 70 16 93 101 120 138 124 99 80 119 133 107 46 95 63 72 86 84 139 53 51 146 187 126 84 34 144 90 65 42 159 117 145 126 24 75 148 126 84 55 119 81 180 114 40 60 71 65 120 117 114 86 57 81 175 135 76 151 128 151 51 66 122 18 84 77 118 71 51 134 14 95 101 115 40 146 50 131 55 40 139 31 59 112 57 20 130 65 57 74 104 79 81 167 135 125 94 100 54 102 52 50 153 48 146 103 133 156 
101 158 91 37 76 166 66 194 73 140 61 90 130 108 77 48 136 113 94 75 135 136 30 34 110 93 154 90 38 115 69 111 151 37 97 95 70 62 93 88 108 135 93 32 55 116 86 152 195 32 155 76 113 77 59 88 158 70 74 63 147 25 129 79 129 64 64 148 127 170 90 28 77 96 147 144 46 178 44 180 132 110 137 130 174 105 136 107 139 63 126 109 61 16 146 157 88 76 99 115 179 34 20 97 56 130 142 61 160 135 67 67 115 127 125 64 171 196 97 71 121 118 127 67 162 152 137 60 
108 98 73 20 64 167 100 50 102 55 50 172 28 150 111 46 98 130 76 199 93 93 96 142 82 88 39 116 148 89 120 117 147 63 123 103 84 83 78 90 79 128 163 113 74 126 180 149 125 47 105 133 128 25 184 145 101 44 114 114 117 90 108 135 111 168 121 59 168 88 25 98 107 175 117 62 93 112 80 112 90 112 125 98 49 102 21 95 78 166 63 153 59 146 119 43 77 122 95 26 63 114 69 130 100 65 61 196 73 141 151 119 187 123 124 130 88 83 50 126 128 79 79 25 158 115 32 39 
63 51 92 183 69 125 122 66 113 69 71 38 69 63 124 188 86 88 80 56 131 57 45 88 116 60 158 138 108 47 82 156 132 158 92 84 19 106 53 50 75 112 110 107 144 76 173 102 72 121 104 99 127 87 197 48 90 83 117 137 69 92 67 68 51 93 133 129 129 66 122 126 56 141 126 78 84 71 60 105 72 58 84 146 88 125 191 29 148 60 83 138 87 112 24 110 110 93 85 105 169 89 117 99 121 57 160 73 72 98 99 58 88 123 130 161 79 97 143 90 131 136 102 76 127 64 157 144 
129 61 64 72 82 181 97 118 182 27 118 54 83 103 70 63 67 129 85 50 67 137 90 110 98 140 157 110 91 109 96 159 111 181 125 138 110 84 122 134 169 136 85 123 87 96 158 87 88 130 56 142 62 107 124 113 81 46 63 149 83 50 148 81 98 171 118 150 138 91 93 59 60 40 74 67 92 73 151 88 93 153 69 125 167 149 98 123 157 72 107 77 99 156 60 80 176 85 128 173 60 129 68 44 101 74 135 141 98 148 75 138 68 18 117 26 100 57 101 50 85 93 64 99 31 128 56 57 
144 111 51 90 24 161 61 62 110 103 148 49 174 78 18 90 132 118 105 99 88 194 137 121 81 125 57 107 74 138 64 143 119 172 29 132 102 23 80 53 147 178 51 15 116 131 148 115 34 108 157 82 69 152 165 114 39 170 122 156 131 105 99 101 117 70 67 84 198 120 108 128 94 133 97 132 48 149 134 44 128 62 182 103 59 128 154 186 15 101 121 165 107 182 75 147 111 112 118 106 150 65 193 175 109 104 67 151 99 75 108 99 116 109 180 62 34 116 170 146 99 71 79 96 171 59 39 119 
80 111 44 128 85 125 80 106 58 118 102 76 91 59 161 87 177 149 70 128 101 122 143 119 165 51 65 97 104 123 83 36 134 158 159 119 82 107 93 117 91 138 166 81 142 17 107 38 113 80 116 113 72 102 154 135 154 126 96 84 12 94 97 101 116 91 109 73 159 54 128 151 56 132 84 73 176 19 105 124 126 51 96 156 119 35 77 50 116 89 136 146 118 78 79 88 81 113 86 66 38 127 65 153 70 79 67 119 58 138 99 42 150 160 93 55 147 156 38 112 54 95 104 33 114 177 100 129 
148 89 57 173 100 165 186 62 111 103 90 84 95 144 106 110 105 115 129 99 83 107 122 27 105 131 114 107 79 136 168 99 49 140 125 105 126 160 115 112 78 45 122 146 64 90 112 122 133 134 165 96 118 104 76 140 110 150 87 112 156 102 136 34 92 128 85 82 79 50 147 78 97 99 106 59 73 127 91 175 163 81 120 157 69 111 133 59 150 144 146 91 156 107 33 191 104 94 40 73 150 93 100 130 106 81 115 187 88 68 116 150 20 86 101 24 105 114 106 51 95 140 39 145 172 152 43 84 
131 78 156 107 104 125 92 101 84 129 95 123 94 30 84 39 75 140 96 181 136 164 98 128 100 81 101 95 115 101 71 111 160 80 29 73 54 90 78 148 164 52 121 159 97 116 67 84 103 105 105 102 128 75 181 36 44 62 99 66 116 100 124 89 95 121 86 182 163 178 153 104 123 146 90 121 16 152 137 167 44 120 59 62 99 67 101 56 102 60 61 74 110 115 119 106 121 157 103 88 46 68 141 74 66 167 127 123 123 18 109 160 86 86 136 122 86 114 138 53 105 57 78 155 62 138 89 122 
165 101 82 77 137 52 64 74 133 77 95 12 119 88 170 97 99 149 162 124 43 161 33 117 121 130 94 95 115 65 116 59 135 81 153 24 96 134 71 141 81 109 98 96 78 19 55 129 57 112 145 152 119 108 120 91 137 149 133 57 97 102 98 169 86 85 178 80 19 131 117 83 123 63 114 18 109 66 116 84 135 28 196 125 162 96 165 44 101 187 71 111 129 35 65 88 157 28 84 126 109 54 90 175 115 135 125 124 130 117 180 93 101 136 86 129 74 154 106 67 183 163 111 136 107 65 161 92 
111 135 99 155 104 84 146 100 102 121 136 171 78 146 158 160 168 126 73 157 166 109 93 135 70 52 191 128 59 169 108 160 60 152 102 93 34 78 139 181 101 165 107 56 60 58 89 123 129 48 107 29 74 67 74 123 117 104 186 120 80 127 133 121 95 146 18 68 56 114 71 124 145 85 108 138 163 144 52 129 130 105 108 83 130 147 116 54 72 20 157 75 53 38 52 64 176 137 23 115 74 65 84 125 42 125 64 130 161 26 62 55 24 122 129 182 43 102 53 128 116 157 95 37 138 91 138 55 
112 77 104 110 88 109 100 107 36 92 78 116 128 20 53 97 132 93 112 67 62 21 88 77 77 171 76 169 93 102 14 105 114 41 124 60 64 171 67 97 119 141 91 88 108 129 86 158 113 96 172 132 111 117 73 120 72 95 153 78 93 198 141 159 44 103 39 24 87 112 77 91 71 132 100 171 123 45 108 50 141 80 177 138 144 94 83 105 102 102 115 57 120 30 133 105 129 66 164 129 94 178 104 136 99 94 171 88 79 100 34 147 105 86 74 43 42 108 82 77 30 108 95 147 146 124 146 80 
58 151 31 30 170 70 155 183 95 78 31 109 88 92 33 90 103 47 55 142 55 102 86 121 145 134 32 85 104 102 118 103 58 43 84 128 77 137 66 150 123 81 113 101 31 160 129 82 56 83 90 96 58 42 127 101 93 131 127 24 25 184 153 175 62 125 114 111 97 76 97 82 35 15 110 97 174 133 154 69 46 66 95 78 185 85 150 124 44 137 96 90 74 58 71 101 121 140 86 51 104 127 27 128 44 100 196 83 97 57 116 156 114 114 154 102 108 24 106 120 47 124 133 111 51 93 140 46 
111 91 128 30 153 26 168 68 69 15 128 150 184 12 103 118 139 108 63 14 151 41 112 126 140 54 81 133 100 85 161 98 122 184 122 78 77 120 117 34 140 69 94 121 89 140 97 173 79 176 134 74 140 34 123 173 92 96 167 159 22 173 115 172 97 169 69 70 53 65 129 38 70 39 98 114 68 84 141 57 124 142 111 104 144 32 176 91 84 28 148 33 97 162 28 109 154 95 102 126 112 97 64 32 60 54 97 50 143 101 170 38 106 138 106 53 82 106 40 62 103 128 117 24 54 116 86 107 
77 144 139 115 90 104 164 167 165 56 159 155 71 91 101 151 83 46 143 97 184 154 139 46 13 154 136 97 29 162 128 102 146 85 61 131 31 12 130 76 111 46 80 154 48 60 104 145 152 113 105 122 46 67 94 42 149 20 102 139 125 108 163 119 74 124 155 53 157 115 104 89 44 103 12 54 53 108 16 78 110 146 147 100 143 102 122 190 95 109 67 145 121 37 83 87 124 59 127 107 68 97 68 96 82 102 71 126 90 50 146 112 51 53 67 128 77 120 62 150 77 29 103 127 42 100 120 137 
181 26 133 51 133 27 152 105 120 90 93 59 53 147 74 112 117 81 72 56 115 130 104 19 128 79 129 19 107 167 106 77 165 73 80 143 17 107 122 163 182 107 122 163 86 92 113 88 101 107 95 156 84 143 62 64 115 147 83 132 120 156 120 43 128 122 121 100 127 122 136 119 121 150 121 81 97 81 106 41 99 106 90 108 111 19 36 179 124 120 29 135 164 65 126 140 109 114 122 86 46 84 71 38 33 52 121 128 131 85 99 54 95 105 183 116 30 47 103 77 28 56 17 82 73 77 83 95 
99 148 120 189 86 42 89 81 96 42 105 118 72 145 157 129 143 106 123 95 126 112 109 20 105 148 134 160 48 111 54 59 57 114 80 174 61 139 119 69 155 129 50 69 108 90 133 137 43 185 95 71 104 92 124 40 56 95 117 79 183 48 91 60 126 69 89 179 113 169 29 111 105 153 27 170 75 128 158 165 69 167 84 93 72 36 125 91 107 14 61 123 32 111 130 50 125 98 90 95 126 36 171 160 79 50 118 79 136 93 71 95 140 57 163 157 108 124 128 29 56 154 164 145 62 70 119 104 
77 130 161 94 187 15 76 84 113 47 151 111 148 62 113 85 33 186 149 84 96 121 162 122 65 166 117 127 90 119 121 27 89 104 78 77 60 64 41 147 40 103 85 132 167 75 60 83 63 123 110 111 157 72 108 153 46 99 146 135 21 132 79 121 161 104 22 64 34 91 106 160 161 85 116 168 78 163 126 146 91 184 73 100 109 125 121 79 111 40 173 144 95 100 41 76 87 77 45 89 74 90 56 88 108 153 127 79 102 64 79 104 39 78 111 95 95 133 117 103 17 164 176 100 45 106 105 139 
188 39 42 94 64 183 30 182 137 52 127 90 82 50 131 83 125 127 132 90 77 93 101 129 87 100 114 117 126 115 89 116 96 57 114 63 74 160 51 68 66 91 39 50 174 93 167 70 26 102 95 67 80 87 185 76 77 31 101 85 65 173 114 58 141 88 94 92 49 106 144 137 105 147 180 85 142 66 75 163 148 124 131 59 58 83 178 69 125 82 158 103 58 33 116 98 101 20 171 123 26 93 131 153 54 48 67 25 76 99 96 33 145 155 136 37 147 111 24 127 82 145 100 10 50 137 93 176 
41 102 125 171 94 9 106 40 123 140 75 50 143 108 42 57 93 68 75 64 105 43 154 140 119 163 68 49 82 96 108 76 112 100 104 144 13 73 126 128 179 83 120 106 126 118 114 98 71 129 14 163 112 67 81 130 127 72 89 182 134 87 47 137 135 131 130 96 140 40 79 93 98 89 66 154 128 112 87 154 84 119 78 96 143 190 133 132 49 166 103 110 161 120 149 71 184 122 103 107 79 86 61 75 106 146 162 158 127 31 171 114 172 62 107 138 146 51 54 42 73 62 45 50 122 172 85 70 
144 50 168 154 20 91 125 70 73 92 102 98 127 162 68 82 139 73 53 17 144 31 132 183 114 98 110 161 88 99 116 79 64 134 140 103 139 163 132 105 119 116 119 88 94 102 16 79 69 69 119 108 186 107 136 200 101 58 168 151 123 140 178 63 28 90 95 133 113 110 113 143 148 33 128 67 177 139 129 135 96 83 82 110 81 77 104 176 106 130 39 118 82 191 86 96 110 43 149 101 94 125 136 103 113 103 152 115 64 128 59 177 152 138 65 91 124 93 116 100 77 70 106 137 172 192 89 79 
98 102 58 112 69 66 174 199 80 100 64 119 147 85 74 87 32 124 110 49 79 19 169 65 79 112 126 194 133 85 44 98 119 67 25 95 128 112 155 86 93 91 64 110 193 84 140 133 109 143 110 183 50 95 60 127 153 116 92 88 166 130 80 168 96 114 22 75 147 23 78 143 111 46 120 84 60 97 129 148 128 124 109 122 124 83 71 169 43 62 157 129 177 26 109 129 78 97 98 153 85 167 91 83 27 133 137 32 157 56 39 100 43 89 161 138 146 140 86 120 83 119 105 93 85 89 60 124 
108 24 138 124 45 126 80 79 113 169 97 108 138 127 41 184 133 118 126 87 124 115 128 80 145 59 134 91 132 129 148 94 71 99 85 64 149 136 147 111 121 50 50 39 174 112 96 114 96 133 134 75 79 53 79 88 120 159 70 59 106 79 126 96 153 82 58 15 90 94 139 42 159 26 86 61 148 139 115 112 55 67 64 135 147 52 32 92 87 45 153 189 58 73 142 95 92 153 63 97 56 127 110 103 33 156 60 39 144 57 119 129 84 122 92 55 80 46 107 137 95 104 139 176 70 79 124 188 