128
7 5 5 9 2 9 5 2 1 2 8 10 5 3 5 1 10 7 7 5 5 2 9 8 7 10 10 1 3 4 3 6 6 6 1 1 3 4 7 6 10 5 10 10 10 5 9 9 3 2 9 9 4 8 3 3 8 9 6 9 1 10 8 2 9 3 8 1 2 9 1 1 7 4 5 1 9 9 6 6 9 5 2 7 4 2 1 6 4 4 5 4 2 8 3 3 10 1 6 7 5 4 3 7 4 3 2 6 2 7 4 7 8 4 9 1 1 7 3 5 2 9 8 8 7 10 10 9 
7 3 10 4 5 6 8 4 7 10 3 3 7 5 3 8 4 4 1 5 6 7 8 2 10 6 9 3 8 2 2 7 4 8 6 3 4 3 5 1 9 7 8 1 4 9 2 8 7 2 5 2 2 1 8 5 10 6 7 9 8 1 9 4 9 9 7 8 7 5 6 8 5 7 10 2 7 2 1 6 6 6 1 9 10 7 5 8 10 2 2 9 2 5 5 3 9 2 6 5 1 7 3 7 5 6 6 5 1 1 3 7 3 10 8 6 10 9 8 10 9 2 1 3 9 9 6 7 
5 2 6 8 3 6 2 10 2 6 10 10 4 6 7 9 5 4 9 4 10 5 8 1 4 3 7 9 6 4 8 1 5 8 7 9 1 9 3 10 6 6 7 5 3 9 10 4 2 4 5 4 2 1 7 8 7 1 1 9 2 8 7 2 3 4 1 5 9 4 6 6 9 10 4 9 3 1 5 6 4 3 5 4 6 2 1 3 9 2 3 10 4 5 4 9 7 4 4 6 5 7 8 8 9 9 2 10 3 6 6 3 4 1 3 9 8 3 8 6 3 4 3 3 3 2 7 2 
7 8 8 5 1 2 7 3 1 1 1 6 6 2 10 6 7 10 9 4 7 8 9 2 6 8 10 7 7 7 8 7 1 2 4 9 1 10 6 3 9 2 7 1 7 8 6 3 7 2 9 4 5 8 4 6 10 8 6 1 4 6 9 4 1 4 8 6 7 2 3 4 10 8 2 5 1 7 4 4 9 2 2 1 4 4 4 4 1 9 9 4 2 1 7 9 6 4 4 9 8 3 4 5 5 8 8 9 3 7 4 5 8 5 4 6 5 4 1 5 7 8 3 1 5 5 7 6 
1 2 2 2 2 4 7 5 2 5 5 5 8 4 9 9 10 9 1 7 7 4 7 4 5 2 1 10 10 9 3 4 8 8 7 1 9 6 3 6 7 8 7 4 6 8 10 1 10 7 6 10 8 7 8 1 10 8 5 3 9 3 3 4 8 6 2 4 9 4 2 6 5 8 9 1 5 5 8 5 8 9 1 2 7 7 6 7 4 9 7 10 2 9 7 2 8 5 8 6 1 5 10 4 2 8 10 9 1 7 6 2 2 6 9 4 2 4 1 4 1 2 5 9 7 4 1 2 
10 2 9 10 9 4 6 7 2 7 3 10 10 4 7 1 10 1 4 3 10 9 9 1 7 10 8 1 3 5 1 3 9 6 5 4 10 5 5 9 9 5 1 8 2 1 10 6 1 8 4 3 5 2 6 7 4 6 9 3 10 7 8 5 9 10 4 9 3 1 10 9 8 10 1 9 7 7 9 2 5 6 10 7 3 7 8 7 2 6 3 9 2 5 10 7 6 5 6 3 5 10 6 5 8 5 8 8 8 2 10 5 3 6 7 1 6 5 1 2 10 6 3 8 8 8 10 10 
6 3 9 6 6 3 8 8 7 3 8 9 7 4 5 6 5 8 7 8 10 2 5 10 6 8 1 10 2 10 10 1 7 10 6 9 3 10 8 6 4 8 8 6 9 9 1 2 9 9 8 7 10 3 4 5 2 7 5 2 10 5 8 1 3 6 10 4 3 7 2 6 7 5 8 10 1 1 9 1 1 9 5 3 2 10 6 7 1 4 6 3 9 10 10 10 4 8 3 1 3 2 5 2 2 5 3 6 5 3 3 4 2 5 10 5 7 8 1 10 1 9 7 8 10 8 4 10 
1 6 10 4 6 9 6 2 3 2 6 1 3 2 2 10 5 4 3 9 5 9 3 4 6 6 4 8 4 1 8 10 4 5 6 5 9 1 5 9 7 8 1 6 5 8 2 1 8 8 1 1 6 8 6 7 9 10 4 6 10 3 10 6 5 10 3 9 8 7 3 10 4 1 1 7 1 4 10 5 6 3 3 2 5 4 6 8 9 2 2 1 1 1 4 8 10 7 3 7 10 1 9 2 8 7 1 3 8 6 10 3 1 3 1 7 6 6 5 3 4 4 10 2 7 7 7 10 
8 5 2 9 1 8 3 5 10 10 10 7 6 4 10 6 9 4 3 1 8 7 9 7 5 7 2 7 3 7 6 2 2 4 1 10 3 4 4 7 3 1 2 3 8 10 10 2 7 8 4 3 5 5 1 2 6 6 1 1 1 3 8 8 10 10 7 6 2 9 1 8 4 1 5 2 2 6 2 3 10 3 6 7 9 7 8 4 10 6 9 5 7 8 9 10 7 3 4 7 8 3 6 3 5 4 1 4 6 4 8 2 2 6 10 4 10 5 8 6 9 3 5 7 7 8 1 1 
2 10 3 6 9 6 10 1 5 6 7 5 3 10 3 3 4 2 4 7 10 10 6 2 5 4 8 8 8 8 8 8 2 4 2 4 3 8 2 3 7 3 2 5 2 6 4 6 8 4 5 6 6 5 8 1 6 2 8 8 1 4 10 6 5 10 1 2 1 2 4 1 7 5 10 7 3 8 3 8 8 5 6 1 1 8 10 6 8 3 4 6 7 2 6 6 10 5 9 8 8 6 5 3 3 2 7 4 5 5 1 2 10 5 7 2 9 10 3 7 7 8 4 10 5 4 4 2 
7 7 1 2 5 7 3 1 4 2 8 4 6 5 1 6 6 9 2 3 8 2 8 9 4 10 7 10 10 1 1 2 8 6 10 9 10 10 7 1 5 1 10 6 3 7 6 1 3 6 4 10 4 2 5 3 7 4 10 6 9 3 3 2 2 7 9 5 9 3 5 5 2 3 3 10 3 8 2 9 4 4 5 1 7 8 1 3 7 1 1 8 2 10 1 7 10 6 6 8 4 9 1 1 5 2 4 1 7 3 3 5 4 5 7 6 5 5 10 3 4 4 9 8 2 5 4 3 
6 4 6 8 3 3 5 7 6 5 10 5 3 2 1 1 1 7 4 1 7 10 8 2 10 4 5 6 1 2 4 7 6 6 6 4 9 6 10 4 3 5 4 6 5 4 2 4 1 7 4 7 4 3 8 6 1 10 10 9 5 9 8 2 9 8 2 7 10 1 8 1 2 3 2 5 9 7 10 2 8 7 1 9 10 6 2 4 10 8 3 10 9 5 4 2 8 1 10 9 9 7 7 6 6 5 2 9 1 1 2 5 3 4 3 4 2 4 8 1 9 7 10 10 3 7 4 3 
9 5 1 1 1 7 8 9 5 8 5 7 2 2 6 8 10 10 4 4 4 6 9 1 9 1 10 2 3 2 7 10 6 8 10 10 10 9 6 5 3 1 4 8 5 5 7 7 7 3 5 3 8 8 6 3 2 4 9 9 10 2 3 8 10 6 8 8 5 3 7 4 3 9 3 3 5 1 10 5 10 1 8 7 4 3 7 10 4 3 8 10 2 10 5 4 10 6 1 10 7 5 7 3 9 5 5 10 2 7 7 6 4 6 4 9 3 1 2 5 6 9 4 4 7 6 3 9 
10 1 7 9 2 5 2 9 6 4 9 5 6 2 2 6 10 5 1 10 4 7 3 3 7 9 1 9 8 4 9 3 2 9 1 10 6 9 9 10 2 5 6 6 10 6 3 1 1 8 1 4 3 5 5 5 7 3 7 9 3 7 9 2 1 7 1 2 8 8 9 8 8 6 4 2 2 10 6 8 4 7 1 2 1 7 8 6 5 1 4 9 2 7 9 9 9 5 7 9 1 6 5 10 8 1 1 9 2 9 2 4 8 2 1 3 8 10 4 5 8 3 10 9 10 6 9 2 
7 9 5 3 8 1 7 5 9 2 8 10 8 7 4 2 8 1 9 7 10 8 3 3 7 7 10 2 1 3 6 1 9 10 5 7 5 4 3 8 4 10 9 9 3 1 4 1 7 2 4 2 7 2 7 10 10 4 9 2 8 6 9 2 5 5 8 1 9 3 6 5 9 6 5 10 10 3 8 4 3 1 1 5 7 4 10 9 10 9 2 5 10 2 4 1 10 2 8 1 3 9 3 8 4 8 8 10 9 4 5 7 9 7 6 5 3 7 10 2 10 4 4 7 9 8 5 6 
3 6 6 10 9 5 3 1 8 2 6 8 8 3 1 3 1 8 5 1 9 10 3 1 2 7 4 2 2 1 10 9 3 3 4 2 6 4 5 3 3 5 2 10 9 10 4 8 9 10 1 10 1 3 7 2 5 10 1 1 3 2 6 4 8 3 4 1 6 1 3 5 8 4 4 2 5 8 2 6 6 2 8 10 3 5 10 9 3 9 1 1 1 2 2 10 2 2 9 5 4 2 8 10 6 2 1 5 4 6 1 1 3 3 9 10 8 6 4 2 5 6 8 4 4 5 10 1 
8 2 2 3 4 4 6 1 8 9 4 4 7 3 10 5 6 9 8 9 8 10 10 10 4 7 2 6 2 4 1 5 9 5 9 4 6 7 7 5 6 3 7 1 3 10 7 5 9 10 4 1 9 4 9 6 5 2 2 1 1 10 4 9 2 2 7 2 10 4 6 1 1 9 1 9 1 2 1 7 2 9 1 6 10 7 6 10 3 10 7 7 5 6 6 1 9 4 7 2 9 3 4 9 4 1 9 1 4 2 2 6 5 3 4 10 3 8 2 10 10 2 2 5 6 7 8 8 
4 4 3 2 7 8 10 5 8 8 2 1 9 8 2 5 7 3 10 4 6 7 3 3 8 2 2 10 7 7 2 1 6 3 7 6 8 9 7 1 9 6 5 4 10 3 7 3 6 2 9 7 3 8 2 7 3 9 10 8 6 2 8 5 6 4 9 6 3 7 6 1 6 4 3 2 3 2 6 10 3 6 10 5 4 7 8 8 10 4 9 5 3 6 1 4 8 8 10 6 1 3 10 1 8 9 10 5 7 2 10 7 9 9 10 1 4 6 6 6 6 1 10 7 3 7 8 10 
4 7 7 7 3 2 5 4 5 6 3 3 7 9 2 7 3 4 7 9 6 7 2 2 10 1 6 9 8 2 8 5 4 6 2 5 5 6 6 6 2 4 4 2 3 3 7 4 1 1 5 9 9 7 3 2 1 6 2 4 3 1 1 9 1 6 9 1 9 6 3 9 5 2 7 6 3 5 9 4 5 4 4 6 4 8 6 10 3 1 8 3 6 5 7 5 1 6 6 3 10 3 7 5 4 9 5 6 4 10 1 3 5 3 5 4 4 1 5 2 1 1 3 2 7 8 9 2 
9 7 8 5 2 1 2 8 8 8 2 1 9 10 4 8 8 9 4 7 9 2 3 3 8 7 10 8 7 9 5 2 8 5 2 9 1 3 8 5 4 4 5 7 5 2 7 9 2 6 9 3 8 1 9 3 6 3 6 7 3 8 2 3 4 10 8 7 10 4 7 4 7 9 9 8 10 10 6 3 5 9 9 4 9 5 2 7 4 1 3 6 8 1 3 6 3 3 1 3 8 7 6 8 5 2 4 10 7 10 8 3 9 2 2 9 7 4 7 7 7 1 9 3 6 1 2 2 
2 10 1 5 8 7 8 7 10 7 9 9 8 6 8 2 2 3 10 8 4 1 1 8 3 10 6 10 9 5 2 1 5 7 7 7 1 8 10 6 4 4 7 2 1 4 7 3 6 6 4 3 7 6 3 9 4 3 4 8 10 8 2 8 5 6 9 10 2 5 8 6 3 5 6 9 6 10 8 2 7 2 6 5 9 3 8 8 6 7 8 4 4 9 9 9 6 10 8 2 10 2 1 5 9 6 10 5 2 6 1 3 5 8 7 2 8 5 7 8 6 5 2 1 9 7 5 5 
8 4 9 1 10 6 6 2 5 3 8 6 7 1 4 7 3 3 6 9 5 5 8 8 10 9 4 2 3 5 5 4 9 9 4 10 1 5 3 7 8 9 7 3 6 2 3 10 10 2 7 1 8 8 5 5 8 2 5 4 2 3 10 1 4 9 1 3 4 4 3 4 4 5 5 6 7 3 9 5 8 1 8 3 8 1 10 4 3 7 7 1 6 10 8 9 1 4 9 10 10 6 9 2 2 9 7 4 5 9 6 2 8 7 9 6 10 5 3 5 10 6 10 5 3 8 4 7 
1 2 10 7 10 4 8 3 8 8 7 8 8 1 8 6 1 1 5 2 9 5 7 8 2 2 9 5 7 10 1 10 1 4 1 10 4 1 10 6 4 5 6 5 7 5 5 2 5 1 6 9 2 6 2 5 3 6 10 5 10 10 1 4 2 6 6 6 2 4 5 9 9 7 10 8 8 10 7 8 8 5 2 5 2 3 1 10 6 1 10 2 7 9 8 4 1 9 6 8 1 4 8 7 3 3 10 7 4 5 10 8 1 10 9 4 10 7 8 6 8 7 7 3 1 4 10 8 
4 1 3 3 10 5 5 10 3 1 7 5 3 4 8 3 9 7 7 7 3 8 2 6 9 7 10 2 7 7 5 10 1 2 8 10 7 5 9 9 6 5 1 2 1 4 8 10 2 5 1 5 8 9 2 1 3 1 3 5 3 9 7 2 5 5 5 5 2 6 1 4 7 4 6 6 1 1 1 2 1 10 1 7 6 7 6 2 4 2 8 10 6 4 1 9 3 8 2 10 2 3 6 7 10 7 8 7 7 4 3 8 3 4 6 1 2 3 7 9 2 1 6 2 9 1 9 8 
6 7 2 8 3 8 5 2 8 2 3 3 1 8 6 5 9 9 6 9 6 1 4 5 7 1 6 8 7 9 10 5 1 9 9 10 2 5 5 7 7 10 6 3 1 2 6 3 1 6 1 2 10 5 9 8 1 4 5 3 6 3 6 9 5 10 6 8 5 2 10 5 6 9 1 2 8 1 5 10 6 6 9 3 7 3 5 4 7 3 3 2 7 6 5 6 1 7 5 6 4 6 5 5 7 5 3 5 3 8 3 3 4 3 1 3 9 4 6 7 4 9 6 9 4 9 3 9 
4 7 9 10 1 9 8 3 8 8 6 7 1 9 8 10 7 5 4 9 5 8 7 2 3 10 6 9 5 7 1 7 7 9 2 7 4 4 10 3 7 6 2 9 9 6 8 5 10 9 2 5 3 5 7 2 8 8 3 2 10 4 5 1 7 2 3 3 1 9 1 6 10 9 3 8 8 2 3 6 7 3 10 4 4 5 10 1 5 7 10 9 5 8 6 2 2 2 3 1 1 9 6 5 1 4 10 10 9 5 5 8 9 1 4 3 6 1 9 5 3 1 8 8 2 1 3 5 
6 3 6 10 7 6 3 2 6 3 4 10 7 3 5 1 10 9 8 1 2 10 7 4 3 7 3 7 5 5 10 1 5 8 1 8 6 7 9 10 6 3 10 4 7 1 3 6 1 8 6 1 7 2 8 4 5 1 10 6 6 7 9 10 4 2 2 2 4 3 9 2 5 6 8 4 5 8 7 6 2 9 10 1 8 9 10 3 9 4 6 10 1 5 4 9 4 8 9 9 7 8 1 2 10 6 3 6 5 9 3 2 7 7 4 2 1 9 7 1 6 10 10 6 6 4 4 8 
1 4 6 6 8 6 10 10 7 1 10 1 10 8 8 6 7 10 10 9 10 5 5 9 5 6 3 4 9 8 9 6 7 7 6 4 7 7 1 1 8 10 5 6 4 7 2 8 7 6 2 10 9 2 10 2 3 6 6 2 3 7 5 6 5 10 4 9 8 4 10 5 7 3 10 5 2 2 4 3 1 3 1 2 6 10 10 3 3 5 2 4 9 1 2 7 4 5 10 5 4 5 4 6 9 10 3 8 4 5 7 1 5 6 6 7 4 3 7 3 8 8 3 2 1 4 7 8 
5 6 3 3 4 10 4 6 7 3 6 4 2 10 8 2 8 3 6 2 10 6 3 3 9 7 7 9 4 8 5 7 8 5 6 8 10 6 5 2 3 7 3 4 9 7 2 3 6 5 7 10 6 2 8 4 9 6 9 8 5 10 8 3 4 7 3 8 2 3 10 4 3 8 6 5 7 3 4 10 2 6 4 1 2 10 1 6 3 4 5 3 4 6 5 1 2 3 4 2 4 5 9 8 7 2 10 1 6 5 6 2 1 7 7 9 1 7 4 5 9 2 1 3 9 2 10 9 
7 9 3 2 4 10 9 3 8 6 10 2 7 9 8 8 10 8 10 2 7 3 3 4 7 1 1 8 6 4 6 8 5 8 6 6 3 9 1 4 4 7 9 8 9 1 7 2 7 8 8 3 1 8 6 7 6 10 2 10 6 4 2 1 5 4 1 8 6 2 9 3 10 3 8 8 1 3 9 2 9 1 3 4 1 3 2 3 1 8 10 10 3 9 5 1 1 3 1 3 9 4 4 1 10 3 6 2 9 9 10 7 7 7 8 6 9 3 3 1 3 9 5 8 3 7 2 9 
6 4 8 6 5 2 8 10 3 9 1 2 1 7 8 7 6 9 4 2 6 9 5 3 1 4 10 7 1 5 4 10 8 6 9 2 5 1 8 6 4 5 3 5 1 3 7 8 5 8 2 1 2 2 6 5 9 8 10 4 2 8 6 10 4 6 8 3 3 8 4 9 9 1 7 4 8 8 7 10 5 2 10 4 9 1 3 3 3 5 2 8 1 3 6 8 2 9 1 3 6 3 7 1 4 5 8 2 6 4 10 9 7 4 7 2 3 9 6 3 1 2 6 2 10 6 8 7 
4 7 10 8 7 6 5 4 5 10 1 10 1 8 5 7 7 8 2 8 3 1 10 6 7 6 4 9 6 5 9 8 3 6 7 1 10 4 9 1 3 10 4 4 7 6 5 6 5 7 6 6 7 7 3 5 7 5 3 3 8 2 10 5 2 10 7 6 5 4 5 9 8 2 4 1 8 6 3 6 8 10 4 8 1 10 9 4 8 5 2 5 5 8 5 5 10 10 2 3 6 2 4 4 5 7 1 8 1 7 6 3 4 3 6 6 8 9 9 2 3 8 4 6 5 6 10 3 
7 9 10 1 10 7 7 9 3 5 1 9 9 4 10 2 2 3 6 7 2 3 8 7 3 5 10 2 3 5 3 2 7 6 5 8 6 3 7 9 5 9 4 10 10 10 9 8 6 4 6 5 1 3 1 4 6 7 9 8 8 2 6 2 4 7 6 9 3 6 7 4 2 9 8 10 3 8 5 7 10 1 9 10 6 10 3 6 8 1 10 7 4 10 10 4 3 2 9 3 5 6 1 10 1 4 3 7 5 3 7 4 10 4 6 2 4 6 10 1 10 8 3 7 8 4 9 1 
10 5 4 7 4 10 4 6 3 5 1 8 8 3 3 2 3 9 10 9 8 10 7 8 8 1 10 9 9 10 10 3 5 1 9 10 3 4 2 7 6 2 2 10 1 5 4 7 7 9 3 6 9 2 6 8 5 3 1 9 5 7 8 2 7 10 3 7 7 8 9 4 6 6 1 6 7 1 10 4 6 8 2 5 1 6 2 1 4 8 5 1 7 2 1 2 8 7 8 6 9 4 1 10 3 6 4 4 8 2 6 10 7 8 5 1 4 6 2 2 10 1 8 2 3 10 2 1 
2 2 6 3 6 1 10 5 8 10 7 8 3 5 3 3 2 4 9 8 6 5 9 9 10 3 2 7 6 7 6 1 2 3 3 10 10 9 1 5 5 6 6 8 5 6 8 4 5 8 2 4 7 3 4 3 1 3 1 4 10 2 3 1 6 5 3 8 4 10 8 10 10 5 6 9 4 3 4 9 3 10 8 7 8 2 4 4 4 7 8 3 7 9 8 1 9 6 3 6 5 9 9 10 9 9 10 5 4 9 5 10 3 6 3 6 9 5 6 7 2 7 1 5 10 3 3 9 
4 5 4 6 10 4 9 1 7 9 10 1 1 8 7 2 5 10 1 8 7 1 10 5 2 1 5 1 6 1 1 5 9 2 5 8 10 4 8 3 3 4 6 9 6 10 3 9 2 7 10 3 7 8 1 9 6 4 7 8 6 6 7 7 6 9 1 2 9 7 8 8 9 5 6 5 3 2 7 7 5 10 10 10 3 7 1 9 10 7 8 1 4 3 5 9 8 4 9 2 4 10 2 1 8 2 2 7 2 2 5 6 7 6 9 7 2 5 7 6 10 7 2 7 7 6 2 3 
4 3 9 10 8 9 5 2 1 8 2 5 3 7 9 10 9 10 9 10 7 6 5 7 4 7 2 9 8 10 3 10 7 8 5 10 7 1 10 7 3 10 7 2 6 3 4 9 1 1 3 8 10 2 2 2 2 6 9 1 5 7 9 5 10 9 7 9 7 9 7 2 1 8 8 4 6 10 4 8 9 8 10 6 3 10 8 9 1 1 9 7 1 6 2 1 5 8 2 9 9 10 7 7 10 1 1 7 8 5 9 2 5 10 2 6 2 2 2 9 9 10 1 9 7 10 7 3 
1 9 6 7 8 1 1 8 9 1 7 6 7 4 6 10 5 10 4 3 1 2 2 2 2 6 4 5 10 5 6 5 9 4 5 4 7 8 7 9 9 2 2 2 3 9 1 5 5 3 2 10 10 1 5 8 2 3 3 1 10 8 5 6 6 1 1 4 7 10 10 5 3 2 6 7 5 6 4 6 2 8 8 5 6 10 10 7 6 4 3 10 6 10 10 3 1 5 5 2 4 10 1 2 8 9 4 1 10 10 9 6 1 4 10 3 7 1 6 4 5 3 4 7 4 10 10 7 
3 5 9 2 2 3 10 9 9 6 3 4 10 1 3 1 4 1 5 9 2 4 3 4 1 2 9 2 8 2 8 3 6 2 3 6 5 8 4 10 4 4 6 2 3 9 1 8 4 4 9 1 1 8 4 9 7 5 1 6 5 7 2 2 6 5 9 5 8 1 8 7 9 5 7 1 9 8 1 10 10 10 4 9 10 2 3 5 3 3 4 5 6 5 8 5 7 3 8 3 10 1 2 1 9 3 2 10 4 3 5 4 1 4 1 8 2 5 4 7 2 7 3 10 3 10 4 1 
4 6 6 9 4 7 1 10 10 5 4 8 5 9 7 4 10 4 1 3 10 7 6 10 4 10 5 4 3 6 5 2 9 2 3 6 2 7 6 7 9 8 3 9 5 10 5 5 6 9 8 6 10 9 9 8 7 3 9 3 2 8 9 6 6 6 6 7 5 7 8 5 6 1 8 8 8 6 7 1 9 1 6 5 6 4 4 3 7 3 10 4 5 9 2 2 3 3 3 3 4 3 8 1 9 1 3 1 3 10 1 7 10 5 6 9 10 8 2 1 5 4 2 3 7 1 6 3 
4 6 3 4 8 9 5 5 4 7 3 3 2 4 5 1 3 1 8 2 1 7 2 7 2 5 7 8 4 4 6 6 8 9 8 1 2 10 7 2 8 10 9 4 8 6 1 5 4 2 7 6 10 7 5 8 6 9 7 5 7 4 7 6 7 1 6 10 6 8 4 5 8 9 4 4 3 6 7 6 9 2 8 8 3 4 9 9 9 1 8 5 7 10 2 9 2 2 6 10 10 9 9 9 3 4 5 8 2 8 4 1 8 5 5 7 9 7 2 3 3 9 9 8 10 4 8 2 
9 10 2 2 6 3 9 10 8 8 7 5 5 4 7 10 6 2 3 5 8 4 6 9 5 9 7 10 2 1 4 4 3 6 1 8 10 4 3 5 7 9 1 9 1 4 9 9 9 2 10 8 7 8 10 7 1 2 1 9 8 6 8 8 5 2 8 4 1 2 9 7 6 6 7 10 1 10 5 2 7 3 8 9 7 1 1 9 7 2 5 3 4 2 1 6 1 8 3 4 5 10 1 6 10 2 8 4 2 3 8 9 6 6 5 5 2 4 4 7 6 3 9 9 7 4 9 1 
5 6 9 3 8 5 6 5 9 1 5 8 9 1 9 10 3 1 10 6 9 10 3 8 8 3 1 6 2 5 4 10 10 10 5 7 5 9 9 2 9 4 5 8 10 2 6 1 10 8 5 1 6 1 6 7 8 8 5 4 4 2 8 8 9 4 8 4 6 6 2 7 5 10 4 3 6 4 3 7 6 9 1 3 8 7 3 7 6 1 9 7 9 9 1 3 2 6 9 7 5 10 5 4 7 3 4 6 2 6 9 5 7 2 5 3 9 4 3 2 9 1 10 6 9 7 8 8 
8 2 7 2 9 10 3 1 4 6 8 7 5 10 2 3 10 7 10 8 9 5 9 1 3 8 5 4 9 2 4 6 1 6 6 2 10 8 6 7 5 9 6 10 4 1 7 1 8 9 2 7 5 7 8 4 6 5 6 4 10 3 2 2 4 7 9 1 6 3 9 4 3 1 3 2 4 4 10 10 5 2 4 10 7 2 8 6 1 10 7 8 8 1 7 8 7 3 5 3 5 3 3 6 6 1 5 9 1 9 2 3 4 8 7 3 3 10 9 4 6 8 6 1 2 2 2 8 
1 6 9 5 3 7 6 7 2 3 9 1 2 3 5 10 3 6 8 5 8 6 7 2 3 8 8 2 7 9 10 1 8 5 10 6 7 2 5 8 1 2 7 6 1 9 4 8 5 1 8 10 10 6 6 10 10 8 6 4 2 6 1 7 3 2 7 7 6 7 4 7 5 10 2 9 4 2 2 8 5 2 8 6 8 5 8 7 8 1 6 6 1 7 3 1 7 7 9 8 8 1 3 7 6 4 2 7 4 2 5 8 3 8 3 8 5 8 5 9 9 7 5 3 10 9 3 5 
6 9 9 3 6 2 4 9 4 8 1 1 7 3 7 9 5 3 8 3 10 4 9 9 7 10 1 8 10 9 2 7 8 9 7 5 1 1 7 1 10 5 5 3 3 10 6 9 1 3 2 6 4 4 9 1 3 4 10 6 10 8 8 10 5 9 6 4 10 9 3 7 5 2 1 3 3 4 9 10 10 6 8 3 10 1 5 6 9 6 2 8 3 7 7 3 8 1 9 5 9 4 4 9 5 8 5 4 5 5 3 6 1 6 2 2 8 6 4 4 10 1 6 9 6 1 2 8 
5 4 2 7 1 2 10 6 2 10 4 4 3 5 7 2 7 8 10 8 1 6 8 5 4 9 3 1 3 7 5 9 1 6 5 9 9 6 7 2 6 10 3 7 6 7 7 8 5 3 9 3 1 2 2 6 8 3 4 8 9 4 9 2 1 6 6 9 7 3 2 6 2 4 1 4 10 7 9 9 6 8 6 1 5 4 2 2 2 9 9 1 10 7 6 2 7 3 9 10 6 10 7 9 10 9 10 5 3 7 5 3 1 2 9 10 6 1 1 10 2 9 1 10 8 6 9 8 
4 3 3 10 5 1 6 4 9 4 10 8 7 9 6 5 3 6 3 10 6 9 8 3 10 3 4 10 4 8 8 6 9 4 3 3 8 7 5 3 3 10 6 2 8 7 8 10 1 8 6 5 2 10 9 9 2 3 5 7 10 10 8 5 4 8 8 10 4 9 3 10 1 4 5 7 6 4 1 3 1 10 10 3 9 4 5 7 9 2 7 7 7 4 2 4 3 4 7 9 4 6 9 9 7 3 9 2 1 8 8 5 4 5 7 5 5 9 10 4 7 6 10 4 4 7 9 3 
4 1 2 1 2 5 7 8 5 9 10 9 1 7 5 10 6 10 3 1 10 8 4 6 6 5 6 3 2 8 6 8 9 5 9 7 6 8 8 1 5 6 8 9 6 4 4 5 5 3 5 7 3 3 6 2 4 1 8 5 8 8 9 7 10 1 9 5 7 7 8 1 3 9 4 9 4 4 3 7 6 5 1 5 9 6 2 4 10 9 9 3 3 5 9 2 2 8 9 9 1 7 5 6 5 6 8 4 3 9 7 2 5 8 10 1 9 3 2 8 7 10 1 8 9 2 10 9 
10 5 4 6 2 3 9 9 7 6 5 7 2 7 10 5 9 8 3 9 4 1 7 6 8 3 10 8 4 1 10 3 2 9 7 7 6 3 9 2 6 1 4 10 6 4 3 8 2 3 5 9 6 4 10 8 10 4 2 2 2 7 6 7 6 7 6 10 6 3 10 9 1 8 2 2 5 9 3 10 7 10 6 6 1 3 8 4 10 2 10 6 3 8 9 3 7 1 3 5 10 6 7 8 7 8 8 1 8 4 3 8 9 7 4 8 3 3 2 10 9 4 7 5 3 5 10 10 
10 5 10 3 4 6 10 3 2 10 9 7 8 6 10 8 10 4 3 2 3 8 4 9 3 4 10 9 6 8 4 8 2 1 5 1 8 10 9 2 1 6 3 10 3 8 5 9 7 4 10 1 1 6 2 7 5 10 4 9 2 5 3 6 10 5 8 3 9 3 10 3 2 3 3 3 10 3 5 1 5 8 9 4 1 10 6 1 10 1 2 2 7 3 9 6 9 3 1 4 1 1 5 10 9 9 5 4 10 1 1 9 9 6 7 5 6 5 6 1 5 5 4 1 9 2 5 2 
5 7 4 10 8 3 10 6 1 10 7 1 4 9 6 7 3 5 3 9 8 6 10 6 2 9 8 8 6 7 6 10 4 8 6 7 1 6 3 7 7 5 5 6 7 6 2 7 8 9 5 1 10 10 1 1 9 3 4 3 1 8 9 10 9 3 2 5 1 8 5 3 5 4 10 7 7 9 10 5 3 10 3 6 8 5 10 2 7 8 7 4 4 5 2 10 6 6 2 8 10 9 4 2 9 10 5 3 4 4 8 2 1 3 5 3 8 2 6 2 5 9 5 7 4 10 6 10 
9 1 3 5 5 7 9 7 9 9 7 10 2 3 5 5 7 3 7 1 5 7 4 10 8 3 8 2 6 4 7 7 1 7 3 3 5 9 5 2 10 10 2 8 1 2 5 10 1 8 8 4 1 8 5 10 2 8 3 3 5 8 3 3 9 9 4 3 8 3 7 6 5 8 9 5 5 3 1 5 8 8 9 9 2 10 7 6 9 1 6 3 2 10 9 8 3 9 8 9 6 6 4 2 7 7 8 8 1 5 6 8 6 1 8 4 9 1 4 1 5 10 9 2 2 7 2 6 
7 5 10 7 6 8 4 7 4 10 10 7 10 4 1 7 1 2 3 5 9 5 4 7 10 10 6 2 7 9 2 4 9 8 4 2 9 10 9 3 3 8 10 9 8 7 8 4 2 9 8 6 6 10 6 6 8 8 10 9 10 3 6 6 8 6 7 9 10 7 7 2 3 3 7 8 3 9 5 6 8 9 5 9 7 9 3 9 10 7 9 1 9 2 3 2 9 4 4 7 3 3 4 1 1 9 6 4 6 1 3 4 7 7 4 5 6 2 1 1 9 5 8 3 2 3 2 1 
9 5 2 4 5 2 9 4 9 6 8 6 1 2 4 2 9 1 4 7 6 8 9 2 6 9 3 8 8 8 8 6 2 2 8 9 7 3 4 5 6 3 2 7 10 1 2 4 1 4 9 5 1 4 1 7 1 5 4 6 10 4 8 9 6 7 10 9 8 6 3 8 1 10 7 10 9 3 8 4 9 6 5 7 1 7 3 9 4 5 7 6 7 5 8 5 1 6 4 4 4 4 1 4 10 8 7 2 1 5 8 8 10 2 4 5 2 4 10 9 3 3 10 5 3 5 1 6 
8 8 3 9 8 6 9 10 9 6 2 1 9 10 3 4 4 3 2 3 1 6 5 8 7 8 9 8 2 8 8 6 2 9 10 1 3 8 10 6 10 3 5 1 5 10 9 8 1 5 7 4 8 7 10 5 1 2 6 7 10 8 9 7 1 1 10 3 1 7 5 1 8 6 7 5 5 5 8 7 1 4 10 10 5 10 9 4 9 5 10 4 4 5 10 7 1 5 7 6 10 2 10 6 4 6 10 3 10 10 3 3 6 9 5 6 3 10 4 2 10 8 8 9 10 2 6 3 
3 2 2 1 2 4 6 10 1 6 7 6 5 2 9 9 2 8 8 9 1 8 1 3 1 6 10 8 9 2 7 9 1 6 2 1 1 7 6 6 8 9 4 2 5 9 5 6 3 4 7 7 4 7 8 6 2 1 9 4 8 5 4 4 1 2 8 4 4 4 1 2 8 9 7 4 3 4 6 8 1 7 3 3 3 3 2 1 2 1 1 1 8 7 7 3 7 9 6 5 9 4 9 2 9 7 7 2 8 3 1 6 7 6 5 2 9 4 5 2 10 2 8 7 5 8 10 6 
6 1 5 3 7 1 9 6 10 1 8 4 9 9 3 2 6 5 1 9 8 9 2 5 6 9 3 3 5 6 9 3 3 1 2 9 6 6 6 3 10 6 2 1 8 2 2 1 6 7 2 8 7 3 9 5 4 4 1 4 1 6 3 7 4 10 10 5 7 1 5 6 7 9 10 10 7 5 3 6 7 6 6 10 3 5 2 1 9 4 5 6 5 10 2 9 8 4 1 10 5 5 1 5 5 7 9 6 10 4 5 8 10 8 9 8 3 6 6 1 6 9 7 5 3 10 10 8 
4 9 3 3 9 10 10 5 7 9 8 2 8 2 2 2 8 7 1 3 10 3 1 7 3 10 9 6 3 10 6 9 7 6 9 6 10 4 10 5 8 10 6 8 10 5 4 1 1 9 10 1 2 2 9 9 3 5 2 10 9 7 9 10 9 3 7 6 1 6 3 8 6 2 7 9 3 4 1 10 2 1 6 9 6 7 1 1 2 2 1 3 7 8 7 2 10 2 8 7 4 1 9 5 2 7 9 9 2 2 6 4 5 7 3 6 6 1 3 9 2 4 5 10 6 5 1 5 
3 10 9 6 7 1 1 5 2 9 2 1 3 2 5 9 10 4 4 1 4 5 7 1 9 3 5 8 5 4 9 4 5 4 3 5 1 5 7 2 1 4 3 10 7 5 6 9 5 2 10 1 9 9 6 3 4 7 7 1 9 1 4 7 1 5 6 2 5 9 1 9 1 6 5 9 4 5 7 1 10 9 4 9 9 6 4 6 8 3 3 10 10 1 6 2 3 9 3 3 3 5 5 7 10 7 3 7 7 8 10 3 7 1 7 7 10 10 8 3 10 5 7 9 4 9 5 7 
9 5 5 5 1 4 9 10 2 6 5 7 6 7 6 1 3 5 7 5 5 9 7 7 3 9 6 4 10 2 6 3 6 5 1 9 5 5 5 4 1 9 10 6 3 7 1 3 9 2 4 3 3 2 3 7 1 6 4 3 3 5 6 5 9 5 6 5 4 8 8 4 10 8 8 10 3 6 2 7 10 7 6 6 4 9 4 4 7 2 1 3 3 10 4 4 9 8 3 2 4 8 7 4 3 7 8 6 6 7 4 9 5 7 3 6 7 4 7 6 3 3 1 1 10 4 7 7 
2 9 8 6 3 4 3 3 4 7 2 7 3 10 5 2 5 6 7 2 10 10 9 10 7 1 1 2 9 6 5 8 5 3 9 1 4 1 6 1 4 3 7 8 10 8 5 1 10 8 2 6 7 4 7 10 5 1 8 10 4 10 7 7 9 8 2 9 7 5 4 4 1 9 7 3 5 1 9 10 9 7 3 1 7 6 8 5 10 10 9 10 3 9 10 6 1 2 7 6 3 5 3 9 8 6 2 1 6 6 7 3 5 10 1 8 6 3 10 5 1 5 2 8 9 2 7 9 
7 2 8 1 2 1 1 5 8 8 2 6 3 5 8 1 8 9 10 2 10 6 1 7 10 6 6 2 9 4 5 3 1 6 3 4 8 8 4 10 2 10 7 1 1 4 7 10 4 7 5 4 3 6 10 10 10 3 9 7 9 3 6 7 9 10 10 1 4 3 9 6 4 4 10 6 3 6 8 9 9 4 10 4 10 3 8 1 4 7 3 5 4 9 5 5 4 1 5 2 1 9 1 4 1 8 2 3 1 1 6 7 5 3 8 6 9 3 1 10 3 5 8 5 1 9 4 2 
7 9 2 6 1 8 3 6 10 2 6 1 1 4 8 1 3 4 4 5 9 9 1 10 8 9 6 5 1 1 2 7 8 5 3 4 10 6 2 1 7 6 4 8 8 4 2 2 1 4 5 8 9 8 5 8 1 1 4 6 1 2 2 1 6 6 9 8 7 6 8 5 10 1 7 5 1 1 1 6 8 5 4 5 9 4 5 5 3 2 8 9 3 9 5 7 2 8 7 5 9 6 10 5 1 3 8 5 1 1 9 10 9 9 3 4 2 5 9 5 6 4 8 3 10 10 7 7 
8 10 9 5 7 10 5 7 3 1 10 5 10 7 10 3 4 1 6 5 4 5 3 3 2 6 2 6 7 5 9 4 2 10 4 8 4 8 9 6 9 7 9 7 2 9 9 7 4 4 2 2 2 3 9 7 8 9 4 9 7 6 10 10 5 1 3 8 6 5 2 10 5 8 8 2 2 7 1 7 3 4 10 3 9 3 8 1 1 4 6 10 4 8 7 4 10 9 5 9 7 8 10 3 4 5 7 3 2 9 7 7 5 8 7 2 5 5 6 1 4 2 1 3 9 7 6 3 
2 2 10 2 10 1 4 1 3 6 6 7 2 8 4 3 6 4 3 3 5 3 8 8 3 9 1 4 10 1 3 7 7 1 3 1 8 1 10 7 5 3 8 7 7 1 2 8 10 8 6 4 6 8 1 5 2 5 7 4 7 3 4 4 8 6 10 1 4 10 6 9 5 6 5 8 9 2 6 6 8 7 1 9 3 10 8 10 5 10 1 8 2 3 3 3 4 6 6 6 3 8 10 9 8 3 8 6 9 2 1 4 6 9 4 3 7 5 3 3 9 6 1 8 2 1 7 7 
6 10 10 8 1 7 10 8 4 1 3 10 10 4 4 7 6 10 2 4 3 5 8 4 7 10 6 2 10 2 7 9 7 6 6 1 9 5 3 3 5 8 9 6 9 5 9 6 8 6 3 4 1 10 6 1 5 2 9 1 3 3 2 8 8 8 2 3 10 3 7 6 5 2 2 10 10 5 4 7 7 4 7 2 8 7 2 4 10 8 5 9 9 8 2 10 5 9 7 10 5 5 4 6 2 5 5 6 10 1 3 1 10 3 10 6 4 7 6 9 5 8 3 3 3 2 6 6 
7 5 5 3 9 1 2 8 4 10 4 6 10 4 9 3 3 7 8 2 1 2 2 7 10 10 4 3 9 2 1 3 10 10 3 6 4 9 10 2 7 2 5 9 3 7 8 3 6 8 10 10 5 3 5 7 9 3 10 3 5 8 1 4 10 10 1 9 8 3 5 10 8 3 4 3 9 3 6 9 3 4 8 7 10 3 8 4 8 2 3 8 3 3 8 2 10 5 4 1 10 8 1 4 6 8 5 5 5 6 7 9 10 1 8 6 2 10 6 7 2 2 10 1 10 2 6 5 
6 7 7 3 1 1 4 1 6 5 5 9 2 7 5 4 3 3 9 9 5 4 8 3 2 4 8 4 10 5 9 9 4 9 7 5 1 7 7 9 8 5 1 3 3 4 8 9 4 6 7 6 8 3 4 7 6 9 2 6 6 1 10 4 7 6 5 1 1 9 8 7 8 6 10 5 2 1 6 1 8 3 10 2 4 1 9 5 7 8 7 2 10 3 9 9 3 5 8 5 2 5 10 1 8 10 3 1 5 7 4 9 8 10 5 10 2 5 5 6 4 4 1 4 1 1 4 3 
10 6 4 5 3 9 6 5 7 9 5 6 10 3 1 6 9 8 10 10 7 2 10 9 10 2 9 8 6 2 3 5 7 7 6 3 10 8 3 1 1 2 10 2 4 10 4 7 5 1 8 5 3 1 4 5 10 10 2 3 6 5 9 4 2 5 6 5 6 5 9 7 4 2 6 10 9 3 10 3 1 7 3 7 5 5 10 9 5 6 8 6 4 7 5 1 10 3 10 4 1 7 8 3 8 2 1 9 4 7 1 3 10 7 4 7 5 3 9 2 8 9 8 4 6 5 5 7 
7 2 10 7 1 4 10 3 6 7 1 3 3 9 8 9 10 9 5 7 10 3 1 2 10 9 4 3 1 5 1 2 4 9 7 6 3 1 8 3 7 4 9 7 10 10 8 9 2 1 1 2 7 7 5 8 10 6 7 10 10 5 4 1 1 1 9 3 10 1 5 7 7 5 9 10 10 9 7 2 8 2 1 6 4 7 7 3 6 9 5 9 6 5 9 2 8 5 10 4 10 8 7 5 5 4 8 6 10 2 5 9 7 1 1 4 6 8 9 8 7 3 7 6 8 10 9 1 
3 8 1 4 7 2 9 3 1 2 2 7 4 2 8 7 10 8 1 10 7 8 7 9 3 10 2 5 7 7 1 1 4 3 4 2 4 9 9 5 3 5 8 5 7 9 1 6 9 7 6 10 5 9 5 1 3 8 2 9 9 10 6 5 5 5 4 1 2 4 6 2 4 5 3 1 2 6 1 9 5 10 3 7 4 5 7 4 10 7 2 6 10 4 10 10 7 6 7 8 10 8 6 1 4 5 9 8 4 5 6 7 2 9 10 2 2 5 3 2 6 2 9 4 9 4 2 5 
5 2 8 8 10 3 9 10 8 9 4 3 4 2 9 7 2 2 2 6 8 8 6 6 6 2 3 6 6 5 6 6 10 2 7 4 1 6 6 8 7 2 2 6 4 10 3 4 9 5 2 2 8 5 1 9 3 1 3 8 5 9 3 8 3 1 8 6 5 8 4 1 6 9 9 6 2 1 6 2 5 1 2 8 7 5 3 7 6 2 3 2 6 4 6 8 8 1 6 8 9 8 5 6 5 7 2 5 2 5 2 3 1 7 10 6 7 4 4 3 3 5 5 10 8 5 8 3 
1 2 10 6 3 8 9 8 3 1 3 8 7 10 10 5 10 1 4 8 8 10 5 6 1 6 2 8 2 4 8 3 5 3 8 10 2 1 3 8 9 1 3 3 8 5 4 9 9 7 1 9 3 6 9 4 8 6 2 8 8 3 7 7 3 3 8 3 9 5 8 2 9 4 2 7 4 2 1 4 2 10 5 7 8 1 9 2 7 5 10 4 6 8 3 3 4 10 6 4 7 7 7 4 9 6 5 10 10 2 8 3 10 3 10 4 2 4 2 2 3 3 1 9 9 6 3 4 
3 2 2 5 4 1 6 9 6 3 6 5 3 6 7 7 7 5 2 3 8 7 2 2 5 1 7 4 8 10 4 8 9 4 8 1 1 7 10 2 3 10 7 8 10 9 6 8 2 2 2 2 7 7 8 6 2 8 10 8 7 1 1 2 5 7 3 10 10 1 7 3 4 1 8 8 1 2 5 3 10 8 2 9 7 7 1 7 1 5 2 5 2 7 8 4 8 4 5 3 3 7 5 9 5 3 10 3 9 7 4 8 1 9 4 7 1 7 10 9 6 9 4 8 9 6 10 7 
7 6 7 1 9 4 8 2 3 5 5 1 1 7 5 5 5 6 2 1 7 2 2 9 5 7 7 7 6 5 8 6 6 4 8 10 7 1 1 9 5 9 6 4 4 2 3 10 3 3 1 1 1 3 6 1 4 9 6 1 3 8 6 1 6 10 7 2 2 3 2 6 8 3 7 7 1 5 4 1 1 1 1 3 4 3 1 8 10 8 10 10 4 8 2 2 1 3 9 9 9 5 2 8 9 8 7 9 7 8 10 5 10 8 10 7 1 8 3 6 4 9 10 10 8 6 5 7 
3 2 10 3 6 8 1 3 3 6 3 8 7 4 4 9 8 3 5 1 3 5 8 9 6 7 6 5 7 6 9 8 4 6 7 10 3 10 8 5 5 6 6 2 10 4 6 5 6 2 3 2 5 8 8 5 3 2 7 3 8 1 7 10 1 6 5 10 7 4 10 5 9 1 2 9 5 8 4 3 3 5 2 5 6 5 7 5 3 2 2 3 7 10 1 7 8 2 4 1 3 7 8 5 3 1 10 3 6 3 2 9 5 4 2 3 10 9 9 4 6 5 8 3 5 7 5 7 
8 3 1 2 2 9 9 9 4 1 10 7 4 10 8 8 6 6 6 7 3 4 9 3 4 5 1 1 7 6 7 3 6 10 1 2 3 7 4 9 1 1 9 8 5 1 5 10 6 6 6 2 6 3 7 8 1 4 3 10 9 6 4 3 8 2 9 5 3 7 10 8 4 7 4 1 3 6 7 10 1 5 4 9 10 3 3 1 6 3 10 1 2 2 4 3 8 2 10 5 4 1 6 1 6 6 10 2 3 5 1 5 3 2 10 4 5 10 2 6 7 9 4 3 8 4 10 5 
6 2 8 1 9 7 4 8 7 5 3 1 8 8 6 3 10 5 5 5 1 5 6 9 5 6 2 10 8 1 4 8 7 5 8 6 5 4 2 8 5 8 8 3 6 3 4 9 4 3 1 7 3 7 10 2 1 9 1 5 1 6 1 6 10 4 9 4 3 7 10 5 8 5 8 5 8 5 3 10 4 5 7 9 6 9 9 7 6 3 9 9 7 4 7 8 6 10 5 2 6 3 4 10 3 2 1 7 6 5 3 10 9 3 6 2 9 1 3 3 2 6 8 10 9 5 10 2 
3 10 7 6 1 8 4 1 4 10 3 9 4 9 7 7 6 5 4 10 2 8 2 3 5 1 4 1 8 8 7 10 2 5 1 6 9 8 2 6 10 6 1 2 1 8 2 10 2 9 6 8 8 2 2 3 6 5 1 10 6 2 2 4 1 7 8 5 5 2 10 1 4 6 4 6 7 8 10 4 5 8 5 9 1 4 5 3 10 1 3 9 7 3 4 1 8 3 2 1 3 7 7 10 10 9 6 1 1 8 10 6 7 2 9 4 5 1 1 7 2 1 4 3 2 2 7 6 
7 10 5 9 7 7 9 3 9 8 1 8 6 8 2 4 7 2 3 2 3 2 4 4 6 5 2 8 2 9 6 8 3 2 9 8 3 7 6 1 9 1 4 2 8 8 6 6 3 1 6 10 10 2 4 5 2 4 3 6 6 6 9 10 9 4 5 9 7 4 7 3 6 10 9 9 7 7 7 2 9 10 6 5 10 3 2 5 4 10 10 2 4 1 4 7 8 2 7 4 8 9 1 1 10 2 4 7 6 6 3 4 2 10 5 1 10 9 4 6 7 6 6 10 9 6 2 1 
9 4 5 8 4 10 4 2 5 1 1 9 10 2 9 7 9 9 8 1 3 5 10 2 2 8 4 2 6 1 10 10 5 7 3 10 8 3 10 7 2 4 7 4 1 3 5 6 7 4 3 7 1 3 6 4 7 1 10 9 7 10 6 1 9 6 1 9 7 4 4 8 3 10 10 1 9 8 2 8 1 2 6 7 1 1 2 10 8 10 6 1 10 6 10 10 10 8 9 7 6 6 10 3 1 6 4 10 2 7 1 4 8 10 4 5 7 6 9 7 7 3 4 8 3 1 10 3 
3 8 10 8 9 5 8 1 4 10 5 7 8 7 1 2 3 7 4 9 2 8 5 10 2 7 7 10 2 5 8 9 2 2 3 3 9 5 9 2 6 3 1 3 4 2 2 8 4 7 10 10 3 4 1 3 8 3 8 2 1 9 10 6 3 2 3 1 2 5 8 3 10 10 2 6 1 7 6 10 5 3 5 6 3 6 6 4 6 7 2 5 5 7 4 6 9 3 7 4 5 7 9 7 9 8 7 2 3 6 6 1 9 6 2 9 6 2 5 6 10 1 5 2 8 10 3 10 
4 10 10 5 6 5 4 3 4 10 2 5 8 6 4 5 9 3 9 1 6 1 7 6 7 2 7 1 3 3 4 3 1 8 10 3 7 9 6 2 1 6 10 8 1 5 6 1 2 5 5 10 6 2 4 2 5 10 7 4 4 5 8 10 5 9 5 10 10 6 9 5 7 1 6 7 4 10 9 3 5 2 7 5 5 9 10 8 1 10 4 4 3 7 8 3 4 3 4 10 4 5 2 8 9 9 5 8 6 5 3 4 4 1 3 7 1 3 5 8 5 9 8 5 5 1 3 2 
10 8 5 10 2 8 7 1 7 7 1 10 8 7 9 5 1 2 4 4 5 8 5 10 1 4 9 6 10 7 5 9 6 10 6 2 8 3 9 7 2 6 4 1 10 7 5 3 7 8 5 1 7 3 1 9 3 9 9 1 9 10 8 4 9 1 8 2 3 9 6 1 6 2 5 10 3 9 4 1 2 4 1 7 1 1 5 5 9 5 4 2 7 6 1 1 5 6 6 2 1 2 9 5 4 4 10 9 10 1 10 9 6 5 8 4 8 6 9 5 9 2 1 5 7 4 4 7 
6 5 9 9 2 3 1 2 8 7 9 7 3 10 5 4 5 3 5 8 6 5 3 2 2 9 2 8 2 2 6 7 3 3 7 4 8 1 4 2 10 6 4 2 6 1 2 6 10 5 10 6 1 2 10 2 3 7 2 7 10 1 8 9 6 4 4 10 5 5 9 8 3 6 2 5 7 2 8 8 5 10 1 8 4 4 6 3 3 1 10 9 3 6 8 2 3 10 1 5 1 5 10 8 7 1 4 3 5 4 10 5 1 5 6 6 2 5 10 9 5 2 3 9 2 5 7 3 
1 2 6 9 5 10 2 4 9 4 1 6 9 10 8 1 9 5 8 5 9 10 7 3 7 6 6 6 4 4 3 9 10 10 10 7 10 4 4 3 2 5 4 1 5 3 1 9 1 5 5 6 7 10 1 5 8 6 2 5 9 8 8 10 10 5 4 4 7 7 2 9 6 3 4 4 7 2 8 9 5 2 6 1 2 7 3 7 2 7 5 6 3 4 7 7 8 5 2 10 5 3 8 1 4 9 4 9 1 6 3 2 7 3 1 3 6 1 9 8 8 1 3 1 5 9 9 2 
4 9 2 1 6 10 3 10 9 2 9 4 6 8 4 2 2 7 10 6 8 3 5 9 9 5 10 9 6 4 1 5 3 5 6 1 10 9 3 7 3 1 7 5 6 9 5 3 7 8 3 1 2 3 5 5 1 4 5 8 8 5 10 1 6 7 6 8 4 1 2 10 10 8 10 10 5 4 7 4 8 2 7 7 2 8 7 5 1 9 10 10 4 3 3 3 6 5 1 8 8 9 7 3 8 10 4 5 5 3 2 7 3 10 8 7 1 9 10 6 5 6 6 5 3 3 7 4 
6 1 10 3 7 2 2 9 2 4 2 2 2 3 8 7 3 10 5 6 9 10 6 10 2 4 3 3 1 8 2 5 10 9 10 10 7 8 4 7 6 3 1 5 7 4 7 4 6 1 6 2 2 2 3 5 5 4 2 9 5 1 4 6 3 3 10 7 5 6 1 10 10 8 3 10 3 2 7 4 10 1 4 2 3 10 10 5 4 3 7 7 5 3 1 5 5 2 5 3 9 6 7 9 3 7 9 5 4 6 8 5 5 9 9 4 7 1 8 1 1 10 4 8 2 8 6 8 
1 7 4 4 4 4 10 10 4 9 10 1 2 5 10 3 5 1 4 2 4 1 5 6 9 9 7 6 5 1 5 5 9 7 8 2 7 10 5 3 9 5 7 9 3 9 8 10 4 6 2 10 7 1 4 7 9 1 2 7 3 10 2 9 8 10 1 1 10 1 1 4 1 7 3 2 10 7 1 8 5 10 4 8 5 1 8 8 8 1 3 6 3 10 4 1 3 4 9 9 10 5 1 1 1 6 9 4 3 6 2 2 1 1 6 1 10 3 7 4 5 3 8 4 9 2 7 9 
10 5 5 6 10 1 1 1 9 10 2 10 5 4 5 2 5 3 7 10 4 10 5 1 2 2 2 8 4 8 7 5 8 9 5 8 10 2 7 5 4 7 10 10 7 3 1 3 8 5 7 8 7 3 3 8 4 2 4 1 8 8 8 1 1 7 3 4 8 1 8 8 6 3 7 6 9 6 1 8 6 5 1 10 6 5 1 4 1 3 7 5 1 10 8 6 9 8 10 9 9 5 9 8 7 3 6 10 7 8 9 1 3 8 3 2 6 4 7 8 2 9 5 1 8 5 10 1 
8 6 2 4 3 2 10 8 10 8 6 2 10 5 7 1 7 1 9 2 2 9 1 4 2 10 2 6 6 1 5 3 6 9 5 9 9 8 1 6 5 2 4 8 10 3 5 10 7 6 1 8 5 7 10 3 8 7 3 7 7 4 6 2 2 5 9 10 4 3 5 5 4 5 9 4 1 1 8 3 9 4 9 6 6 1 3 3 8 2 1 6 2 9 5 7 1 9 6 10 1 5 1 4 7 1 9 1 4 1 4 2 2 7 9 9 1 4 2 8 2 5 3 5 4 8 3 10 
4 7 7 3 4 8 10 3 6 3 1 7 3 5 7 6 9 5 5 10 6 7 6 7 1 4 1 10 10 2 9 4 5 3 10 6 5 2 10 3 2 8 8 9 8 10 2 9 7 6 1 10 1 2 10 2 2 6 6 3 9 8 8 1 9 3 5 1 7 4 2 10 10 3 5 7 6 4 7 1 2 9 8 6 5 6 2 7 1 3 1 8 3 8 5 9 2 5 8 5 5 3 5 10 7 7 6 3 3 8 3 9 9 1 4 10 3 9 8 1 3 10 2 1 1 3 3 8 
8 8 7 7 9 7 5 10 9 8 1 5 9 6 2 5 7 10 8 9 3 1 7 3 8 1 3 8 8 10 9 10 2 2 5 5 8 10 3 4 2 1 7 7 3 4 10 7 10 10 2 8 9 10 1 9 6 3 8 10 7 10 5 4 7 2 10 9 2 4 1 5 3 9 7 3 5 8 5 8 4 10 8 9 7 6 9 2 1 4 3 6 3 3 2 5 1 8 7 3 6 8 1 5 5 10 9 8 7 8 8 7 7 8 10 1 3 2 2 2 8 2 4 6 4 8 10 1 
7 9 10 3 10 1 3 3 5 5 10 1 7 7 7 5 4 2 7 6 3 10 10 2 8 5 1 8 7 4 2 9 5 4 7 7 4 7 3 3 8 2 3 3 10 4 9 10 10 5 9 4 2 3 1 7 9 5 2 10 5 2 5 3 8 5 6 5 2 2 5 6 6 8 7 7 7 8 8 7 7 8 10 10 3 4 7 2 7 5 2 4 8 3 1 5 1 6 3 4 2 2 5 7 8 10 5 8 3 8 2 1 10 7 3 6 9 9 4 7 8 1 9 7 9 5 9 4 
7 3 3 5 9 1 7 10 2 7 2 4 2 7 3 1 4 4 9 1 9 2 4 8 4 4 4 6 1 6 8 1 7 7 10 8 6 9 10 3 1 9 5 4 6 4 6 4 4 7 2 5 9 7 4 8 10 10 10 8 9 1 9 4 3 8 4 9 5 10 9 4 2 4 4 8 8 3 3 6 7 6 1 10 8 8 4 6 3 8 8 10 3 4 3 8 1 9 8 5 2 6 8 4 5 9 7 9 3 1 3 2 9 2 2 7 4 6 6 5 2 5 7 3 3 9 7 7 
3 2 3 5 6 6 9 2 9 1 3 7 5 1 1 3 4 2 4 6 1 3 5 8 9 9 8 9 3 7 6 8 2 6 1 9 1 9 7 8 8 7 8 9 7 2 6 1 7 9 6 2 10 3 6 3 2 6 8 4 9 9 4 9 4 7 1 1 8 8 4 8 1 4 8 8 1 7 3 8 10 4 6 8 7 8 8 10 7 2 5 8 7 1 6 2 4 9 9 6 7 2 9 5 5 1 9 4 9 1 7 9 10 2 1 7 1 2 5 5 7 5 1 4 5 4 9 9 
8 10 3 10 3 9 4 2 6 8 4 4 8 4 4 5 3 4 9 1 1 7 1 6 2 3 6 5 1 5 9 4 2 10 6 7 7 3 1 6 4 5 9 4 7 2 3 7 5 8 6 1 2 6 7 8 6 5 5 5 9 6 3 6 2 2 6 8 3 7 1 8 1 4 2 9 1 7 10 6 9 2 6 4 8 5 4 3 3 6 10 7 6 10 10 1 1 4 10 1 1 7 4 5 7 8 5 2 2 10 5 4 5 7 8 3 6 10 2 2 6 1 9 7 2 6 10 9 
4 2 6 7 3 10 10 10 4 2 1 10 1 10 9 7 1 3 7 9 9 8 1 5 1 1 3 7 4 10 10 10 10 9 6 4 3 7 5 10 1 1 5 3 7 1 10 1 10 5 3 7 4 6 5 6 8 7 9 1 10 2 9 4 7 10 3 8 6 10 9 5 7 1 3 3 1 4 6 7 2 7 9 10 9 4 5 7 7 5 7 5 9 9 5 1 5 2 1 5 10 9 5 6 6 10 2 2 1 1 4 3 3 9 7 10 5 2 2 10 10 3 7 2 7 9 1 4 
3 2 6 8 2 8 4 8 5 5 2 6 1 6 3 1 8 5 2 3 4 1 9 7 3 10 8 3 6 5 6 2 4 9 7 9 9 8 4 1 4 3 10 6 5 4 9 4 1 10 8 2 2 3 8 5 9 7 7 5 7 1 8 2 8 3 2 10 4 6 1 1 10 5 8 10 1 6 4 10 2 3 6 9 10 7 6 1 6 2 8 5 5 10 1 6 2 10 4 3 9 6 4 7 1 10 9 1 2 9 5 2 7 9 7 8 4 3 1 4 9 7 4 1 3 2 7 7 
9 1 2 3 3 1 4 9 1 7 4 9 7 1 5 3 10 8 2 6 8 9 1 6 6 3 5 3 1 9 4 7 1 4 2 4 9 10 5 3 2 7 4 5 8 3 5 3 7 7 4 9 9 7 10 5 5 7 3 4 6 2 1 2 10 8 6 3 4 8 4 1 5 10 6 8 5 4 10 1 8 9 5 7 6 7 10 8 3 10 9 5 1 5 5 3 9 8 3 7 2 10 6 3 7 6 3 9 1 8 7 4 5 8 7 7 2 4 5 1 3 3 10 5 6 5 2 4 
7 8 7 7 7 5 9 2 2 3 6 2 2 7 3 3 4 10 7 1 5 6 10 4 6 4 9 8 7 4 3 6 1 2 9 4 5 8 10 8 9 5 2 10 1 1 2 8 10 5 3 4 3 9 1 1 8 4 9 6 9 3 8 10 10 2 1 5 10 3 3 8 7 2 5 2 3 4 2 6 2 6 2 10 2 2 6 1 5 5 6 6 10 1 9 8 8 5 4 7 6 5 9 1 5 8 7 5 3 3 3 8 10 8 2 4 6 9 3 9 8 9 3 1 6 6 4 6 
2 9 2 7 7 2 8 8 8 10 5 4 9 5 4 7 1 8 6 9 4 6 10 5 9 6 9 1 10 4 7 2 7 7 7 1 5 7 6 2 3 4 9 6 5 7 10 9 9 2 8 4 10 7 6 2 4 10 2 9 4 4 9 7 3 9 10 10 5 2 4 10 6 1 7 8 8 2 6 7 6 10 9 8 6 2 7 9 8 1 7 10 10 9 3 5 1 3 7 6 5 4 3 4 9 6 4 1 6 9 3 5 8 2 9 2 5 1 7 10 3 6 4 1 1 2 9 1 
1 1 10 4 8 10 8 8 10 4 2 9 7 8 8 10 3 4 2 5 8 7 3 6 7 10 9 8 4 10 3 2 5 10 9 4 7 3 6 9 9 1 5 4 10 3 5 7 2 8 7 10 2 1 10 2 1 5 7 3 5 4 9 9 3 9 3 3 9 6 10 1 7 8 6 2 4 10 4 9 1 7 5 10 7 7 1 3 1 6 3 6 2 4 8 6 2 1 1 4 2 5 3 8 9 2 1 7 7 3 10 4 5 1 5 10 5 3 1 9 3 10 5 5 9 8 1 3 
3 6 10 6 6 5 2 2 6 6 1 2 4 10 6 6 8 1 5 6 3 1 5 7 10 9 1 5 9 8 4 6 9 6 6 5 10 3 10 6 2 7 6 10 9 8 7 3 4 8 5 5 9 6 2 8 8 8 4 4 1 4 1 9 7 9 4 3 5 1 1 2 2 4 7 8 3 9 8 7 1 9 2 6 3 6 3 6 1 9 2 9 5 6 5 2 8 10 2 3 4 4 4 8 6 7 1 5 10 10 2 5 8 3 9 5 3 9 8 5 5 1 1 5 9 5 7 10 
3 10 8 2 3 5 6 8 1 1 3 3 1 5 10 8 10 7 6 9 2 7 3 10 6 3 7 9 6 3 3 4 2 4 3 8 4 4 10 8 2 3 7 1 5 5 9 3 6 1 7 9 9 1 1 7 3 3 1 6 9 6 5 1 8 3 5 2 10 5 6 6 9 2 8 3 1 4 4 6 6 9 7 2 2 3 3 3 6 4 6 6 4 3 5 7 5 4 4 1 1 2 7 8 1 9 5 9 2 10 1 2 5 4 6 8 10 2 6 4 9 6 7 2 3 8 1 3 
6 8 1 7 7 9 10 3 3 8 1 7 6 4 5 6 4 4 6 5 1 10 5 7 7 4 7 8 2 1 1 4 6 5 6 8 6 3 7 7 3 7 10 5 6 10 10 8 1 2 6 1 5 10 8 6 4 10 3 5 7 9 3 8 1 9 6 7 10 3 4 1 4 2 4 6 8 6 6 5 3 10 6 9 2 5 10 9 8 1 5 8 4 1 5 1 10 3 8 1 5 2 3 4 4 6 7 8 7 5 4 9 5 10 4 1 4 7 10 4 3 3 7 10 2 1 8 1 
7 3 8 5 10 8 2 9 2 8 1 5 5 10 3 3 3 10 7 4 10 5 7 6 9 3 7 8 2 10 6 10 2 2 3 7 8 7 1 2 6 8 4 6 5 4 6 2 3 5 9 10 8 7 2 6 3 5 2 2 9 7 9 10 6 6 5 7 1 10 4 6 6 10 1 8 8 6 5 6 8 10 10 7 10 3 2 4 10 10 5 4 1 7 8 10 9 3 2 1 6 8 6 3 4 7 3 3 9 2 2 10 5 9 4 4 5 7 4 5 5 5 3 4 7 10 2 1 
8 4 4 4 7 8 6 1 1 4 3 1 3 5 7 5 2 9 10 10 2 5 7 3 1 4 10 1 10 5 3 9 7 8 9 3 3 3 2 7 9 7 7 2 10 8 5 10 4 8 7 6 6 2 3 3 3 8 5 3 6 8 3 5 3 5 4 10 4 10 2 1 10 4 6 3 7 4 10 1 5 3 6 1 10 1 2 5 4 7 7 1 1 5 4 2 6 2 4 7 4 1 3 3 3 3 6 6 9 6 2 4 4 2 2 3 5 10 1 1 3 7 8 7 9 4 7 10 
2 1 2 5 3 7 7 9 1 9 2 10 10 6 8 8 4 9 1 2 7 8 2 1 7 2 9 3 4 2 1 8 2 7 9 7 8 3 4 9 8 9 3 4 5 8 2 6 8 10 1 4 5 7 4 1 10 4 6 5 8 5 7 5 1 2 2 7 6 3 6 7 8 8 8 7 4 8 8 4 3 3 5 6 5 1 6 10 10 2 6 9 6 6 6 4 9 3 5 6 3 8 9 7 2 5 2 3 5 2 3 2 2 4 4 3 10 2 9 10 3 6 3 2 5 7 5 9 
5 5 4 5 6 5 10 2 10 6 4 6 1 7 8 3 8 2 1 6 1 8 6 8 1 7 10 2 7 5 6 9 5 7 5 8 4 1 4 4 7 6 8 5 2 8 6 3 6 4 5 5 6 1 7 1 8 1 5 3 8 5 6 6 1 2 8 9 9 1 7 1 2 1 6 2 1 4 4 1 10 2 4 2 1 4 7 10 7 9 6 4 8 6 1 6 1 7 1 1 4 5 5 9 9 3 9 3 9 5 9 5 1 1 3 6 1 2 3 8 2 2 1 4 5 7 2 5 
10 7 9 4 7 3 5 10 9 6 5 2 5 2 7 2 6 10 2 7 2 3 3 3 3 7 1 5 5 3 4 6 5 4 3 2 4 8 4 5 9 1 8 4 3 10 2 4 5 5 5 5 8 8 9 8 10 4 2 3 4 8 2 6 6 10 7 2 2 10 9 3 2 1 4 7 3 9 1 9 9 7 5 3 1 9 3 2 4 5 10 3 8 6 4 9 7 6 2 7 10 7 8 5 8 7 8 1 3 7 7 10 9 7 4 7 2 2 7 6 1 9 2 6 4 6 1 8 
2 10 2 3 10 5 7 5 10 3 9 2 10 4 9 10 2 6 8 10 9 4 5 7 2 10 6 3 8 5 2 4 9 4 2 3 8 6 1 10 6 8 1 4 2 10 5 2 3 5 7 2 8 2 10 6 1 5 5 7 4 9 8 10 7 3 8 2 5 4 2 1 1 7 2 5 10 7 6 3 9 4 1 10 10 2 9 10 9 8 1 3 10 7 4 9 1 3 10 2 1 8 9 10 5 9 8 6 3 6 7 2 5 6 7 10 8 5 6 7 5 7 9 3 6 5 10 8 
6 8 3 6 7 6 7 8 4 1 3 1 9 4 1 5 1 2 6 7 3 8 1 5 8 3 1 6 2 10 3 1 8 10 8 9 4 4 9 6 8 3 9 3 9 6 1 1 9 4 7 5 7 1 10 8 1 8 3 3 5 2 7 3 2 8 5 1 7 4 8 5 6 2 10 6 10 4 7 8 2 2 9 10 5 6 6 9 3 2 2 10 8 2 4 8 9 2 9 6 2 1 9 7 10 2 6 9 3 2 3 1 3 5 3 10 8 3 6 5 2 3 9 2 10 4 6 3 
3 9 3 6 6 5 9 2 6 10 3 7 2 9 4 4 3 5 6 2 9 5 9 3 4 10 5 1 6 4 7 6 3 9 4 10 3 10 2 6 3 9 4 9 3 1 3 1 5 1 8 9 9 9 1 1 7 7 7 1 2 9 1 5 4 8 10 2 2 2 1 3 4 4 5 4 8 10 4 4 8 6 7 4 9 2 5 6 3 6 5 7 10 10 2 7 6 2 5 8 8 9 4 10 3 1 10 8 4 6 4 10 6 6 4 10 6 10 3 6 7 3 1 6 1 3 2 9 
10 9 8 2 2 6 5 4 6 4 3 7 2 10 1 9 3 8 8 3 1 4 6 9 1 10 8 8 10 2 7 5 4 4 4 1 4 7 6 8 6 3 2 7 7 10 6 1 6 2 8 3 8 7 6 4 1 2 6 10 9 4 2 5 7 10 6 3 8 2 9 9 1 5 1 9 6 1 9 7 6 10 1 3 10 2 1 9 9 9 4 9 3 7 3 1 3 8 2 4 1 2 9 10 9 7 10 2 5 5 4 10 9 8 3 1 1 2 6 2 9 6 10 6 5 5 4 6 
4 9 1 10 10 8 3 1 5 3 4 3 1 7 5 1 6 3 4 2 1 8 3 10 6 2 6 7 3 8 1 6 1 3 2 1 5 8 10 8 7 8 8 2 3 4 2 3 10 7 4 9 8 10 6 6 1 2 4 3 1 5 3 9 5 1 6 6 3 4 5 6 1 9 7 6 5 9 2 9 6 5 4 5 4 4 4 10 10 10 9 6 7 7 1 6 2 8 1 8 6 6 6 4 4 3 7 4 1 3 6 10 1 5 3 3 5 5 7 5 4 8 10 2 10 4 7 6 
9 3 4 3 3 1 1 9 6 3 3 10 7 5 4 3 10 9 3 1 2 8 10 5 8 2 1 6 1 5 2 9 9 10 4 10 6 4 8 1 4 1 1 6 1 3 3 9 9 1 4 5 7 8 6 9 9 9 1 2 7 8 1 6 3 9 6 7 1 4 7 4 5 2 6 8 8 8 5 10 3 8 2 7 6 5 1 2 6 9 5 2 9 1 8 3 5 7 4 5 9 4 5 10 5 1 10 7 9 2 3 9 6 10 9 2 1 8 6 3 5 3 5 5 7 7 2 3 
4 8 2 3 3 3 2 4 1 4 10 2 9 9 7 4 7 10 5 6 7 3 6 5 1 6 6 9 8 8 2 3 3 1 5 10 6 6 2 2 4 5 4 5 5 5 7 1 9 9 6 7 10 4 6 7 8 10 1 7 5 5 1 6 4 3 6 5 1 2 7 8 4 5 7 9 6 6 3 2 8 4 4 3 1 7 3 7 3 6 5 8 1 4 4 2 7 8 10 10 2 6 8 9 2 2 4 5 5 9 1 7 9 1 10 3 8 7 6 10 5 6 3 6 6 1 6 7 
6 2 5 8 9 7 4 6 3 3 9 8 5 9 9 4 5 2 9 9 5 9 5 3 4 5 4 9 8 4 2 8 8 10 5 5 9 4 3 9 7 3 9 2 4 4 2 5 3 1 6 9 2 6 8 9 6 2 5 3 1 2 10 5 7 9 3 2 8 5 7 4 9 7 4 5 4 7 9 10 1 10 6 3 6 3 2 4 1 4 2 4 4 3 9 9 4 10 7 7 8 4 7 10 5 10 9 2 3 8 10 10 10 10 4 1 1 4 2 9 10 3 8 8 6 4 8 6 
1 3 4 3 5 5 6 3 7 10 7 2 2 1 2 10 2 2 1 9 3 5 10 6 7 8 1 1 6 7 7 1 5 8 10 6 1 4 7 8 4 2 10 8 8 9 7 2 8 9 2 4 2 4 5 2 5 5 5 7 2 3 10 4 6 8 9 5 3 8 10 7 5 5 2 3 2 2 6 9 4 6 6 7 9 3 4 7 10 5 5 3 9 6 6 2 3 2 9 1 1 5 6 8 3 8 10 2 9 3 2 4 9 5 7 9 1 10 4 6 4 2 8 9 9 5 6 7 
5 10 5 5 9 10 7 10 6 7 6 3 1 1 9 4 6 9 5 7 5 9 2 5 1 3 6 4 1 7 5 3 7 3 10 7 9 6 9 3 6 3 9 5 1 10 4 6 6 4 6 3 4 3 10 1 6 9 4 3 9 8 9 8 9 5 3 1 9 7 1 5 3 8 8 5 7 9 8 7 8 1 6 1 6 3 4 7 6 4 7 3 10 4 3 5 6 6 5 2 7 10 1 2 1 1 6 3 4 5 3 7 7 9 10 3 8 10 10 7 6 5 4 1 4 5 10 2 
1 1 1 7 5 4 1 8 10 4 6 5 5 3 4 7 9 10 7 10 6 8 10 8 4 3 2 8 4 2 10 10 7 10 7 2 5 6 4 2 9 9 7 10 7 8 5 2 3 10 2 6 3 8 2 7 10 3 3 1 5 5 4 2 7 7 2 8 2 5 8 2 2 5 4 4 9 3 5 7 4 4 7 9 1 9 8 2 6 1 1 4 4 6 7 7 5 6 3 2 1 2 6 2 2 6 9 4 9 8 4 6 2 5 3 3 4 6 1 2 8 7 4 2 9 3 8 2 
2 3 2 5 6 10 1 3 4 2 9 3 7 3 3 8 8 3 6 2 1 7 6 2 8 8 1 10 9 4 5 4 10 2 3 2 4 2 8 10 8 9 8 1 2 9 8 4 5 4 2 3 4 9 1 7 6 9 3 3 6 2 7 4 1 8 8 8 6 5 9 10 7 7 3 5 7 9 2 6 7 4 5 4 7 2 8 9 5 6 10 1 6 7 1 4 3 2 1 2 5 4 8 8 8 4 10 4 8 8 1 9 1 4 6 4 4 10 10 2 9 9 4 10 6 9 3 5 
6 8 9 1 6 10 8 2 10 9 7 5 9 6 7 2 10 5 1 2 10 10 3 1 6 2 4 10 1 6 6 1 10 4 6 3 4 5 7 4 3 1 8 6 9 5 5 2 4 9 3 6 2 8 9 4 6 5 3 5 1 9 9 6 2 1 6 8 4 5 4 6 9 6 2 5 1 9 2 6 2 7 7 7 2 9 4 8 5 6 6 3 9 6 7 1 2 2 3 4 8 6 8 4 10 4 1 7 7 1 6 10 10 3 9 10 5 8 4 2 2 9 2 10 3 3 2 9 
6 2 9 5 8 8 6 1 9 7 1 2 8 6 1 5 7 9 10 8 8 3 3 4 2 9 4 10 2 8 4 5 1 8 9 4 2 9 4 2 7 1 5 8 5 3 1 1 7 9 6 3 3 10 6 9 5 2 1 5 5 4 6 5 8 5 1 1 10 1 10 3 8 5 7 10 6 5 6 7 7 3 1 1 2 3 10 2 5 6 10 8 7 4 9 7 1 2 7 3 9 2 5 8 9 4 10 3 8 1 3 7 7 7 3 4 1 6 1 5 1 10 6 9 8 6 1 8 
5 9 7 7 3 6 10 1 7 4 6 3 8 1 8 2 8 8 4 8 8 2 8 10 5 6 1 3 2 2 1 9 8 1 2 7 3 5 1 1 10 5 1 10 7 9 4 8 9 6 10 2 2 5 5 5 6 9 6 8 4 3 7 9 6 6 10 2 2 2 2 10 3 6 3 7 7 3 3 6 5 4 1 9 2 1 9 10 6 3 7 4 7 7 7 10 10 4 9 6 7 8 8 4 7 7 3 1 4 8 4 7 6 10 4 10 9 3 5 2 2 6 9 4 6 2 3 9 
9 5 2 3 2 9 3 7 9 10 2 1 8 10 5 7 10 4 1 6 3 2 1 4 4 3 5 2 5 3 3 6 1 2 5 10 2 6 9 2 2 2 7 6 5 1 3 9 6 1 4 10 7 10 5 10 9 9 9 10 5 2 10 10 5 1 9 8 1 2 10 7 1 4 4 9 8 5 6 2 7 9 5 2 3 10 2 5 6 4 10 1 10 4 6 7 5 3 5 8 1 6 9 8 1 10 7 8 8 9 4 5 6 7 5 3 8 2 4 5 5 9 8 6 5 8 9 7 
100 32 152 84 108 105 105 72 90 37 25 140 103 118 135 84 113 92 43 131 152 125 98 61 71 182 141 124 97 87 152 62 75 57 118 61 190 24 99 93 130 146 63 164 52 165 66 89 141 74 135 184 141 146 187 67 49 64 159 167 144 86 91 78 103 117 156 93 91 115 100 152 125 160 147 13 40 109 118 96 78 95 104 23 111 184 96 142 78 144 25 148 96 118 107 72 50 55 77 153 94 101 116 95 135 32 149 175 183 102 135 17 128 124 92 107 179 36 118 97 98 110 94 168 53 41 91 107 
32 186 22 11 98 65 108 163 55 80 150 28 164 148 73 76 160 112 103 141 98 82 39 100 91 23 142 97 102 75 147 62 99 116 36 108 122 99 177 96 106 66 51 156 173 61 177 144 41 97 106 40 130 102 117 74 149 119 62 90 55 37 49 182 167 99 124 106 124 191 117 35 120 120 51 85 106 125 17 136 111 104 118 151 179 50 25 96 136 135 83 62 29 82 107 187 97 89 107 26 89 46 37 97 47 51 75 52 12 137 66 115 43 91 98 98 99 163 90 156 114 114 161 36 121 119 156 83 
152 22 74 127 79 97 82 91 92 96 13 185 117 83 80 136 94 67 122 147 186 97 89 76 67 122 47 148 65 53 179 54 81 82 36 70 36 110 105 94 176 131 113 184 95 130 108 111 86 106 67 98 127 143 49 85 106 162 31 144 125 136 25 149 56 84 114 149 70 169 42 159 82 94 24 62 137 117 76 162 153 74 100 95 93 132 85 112 45 121 75 86 128 138 127 137 86 97 51 105 105 58 120 44 33 113 59 66 152 184 83 124 132 40 112 122 129 124 109 136 100 96 160 148 145 118 129 52 
84 11 127 188 102 153 116 118 44 80 94 121 71 170 158 192 79 76 101 124 59 76 76 142 117 86 111 79 126 87 147 126 56 124 114 66 85 81 131 157 148 97 63 125 106 105 102 85 134 59 95 80 149 101 132 134 164 137 61 109 54 61 83 141 64 121 83 122 64 68 126 46 54 181 119 91 34 124 56 84 28 159 86 117 133 178 164 121 144 138 81 139 76 77 88 127 64 28 109 127 153 135 168 153 139 67 128 59 157 90 134 40 99 138 101 117 122 70 89 109 100 159 140 37 166 126 117 88 
108 98 79 102 36 72 124 67 106 58 127 105 144 71 120 118 146 111 78 98 88 31 164 72 58 95 105 114 116 130 94 99 126 70 148 152 154 81 52 109 24 115 116 87 118 181 135 89 168 170 136 99 168 69 164 110 15 78 164 101 83 105 5 167 97 83 131 74 160 59 99 150 92 167 86 51 164 126 17 132 117 87 134 66 132 159 114 129 33 136 123 70 41 128 134 77 129 112 177 100 51 116 68 37 150 142 114 86 93 140 127 64 108 59 29 85 102 101 85 86 153 172 103 123 57 126 28 90 
105 65 97 153 72 88 117 89 155 120 77 86 53 118 113 135 60 77 32 58 78 41 144 125 92 173 153 57 51 145 148 84 87 78 107 115 57 105 94 96 11 81 61 64 82 103 81 107 72 147 85 165 51 102 60 96 80 50 100 137 133 105 165 36 61 73 126 193 78 124 176 85 81 36 44 84 133 66 100 118 57 174 118 99 57 90 65 108 102 117 123 133 174 92 133 30 151 46 138 147 40 102 91 151 103 169 83 102 198 83 89 57 147 118 82 114 120 158 132 118 158 118 133 132 133 133 27 84 
105 108 82 116 124 117 124 70 39 120 69 50 170 53 78 77 108 129 75 162 144 71 173 95 131 127 56 113 69 157 172 113 143 60 104 96 93 61 86 40 111 52 140 88 100 56 37 136 58 122 159 131 133 135 139 105 98 39 146 42 82 10 170 90 155 140 83 88 11 122 184 34 109 123 150 142 115 111 63 133 100 91 120 90 111 120 112 58 67 112 127 79 22 59 96 139 60 144 130 81 131 42 51 88 101 170 107 69 77 91 106 89 183 118 163 120 63 63 154 112 181 112 133 90 100 56 97 75 
72 163 91 118 67 89 70 72 100 50 165 154 149 78 12 87 120 86 152 74 93 135 80 104 87 85 76 67 169 101 164 118 135 170 152 105 91 167 133 92 51 69 129 126 93 121 121 99 112 94 49 115 86 123 48 85 117 113 117 105 93 131 142 101 132 24 148 154 142 151 166 103 72 67 60 131 146 114 147 35 143 166 92 79 119 27 120 92 169 62 122 55 96 59 127 35 13 164 88 111 160 133 53 61 71 157 107 63 31 98 101 146 91 111 68 85 119 99 140 151 87 180 121 114 140 118 71 101 
90 55 92 44 106 155 39 100 32 96 98 170 115 44 113 110 119 65 25 90 125 118 144 79 121 100 97 154 89 119 130 123 165 33 76 82 81 90 107 104 17 74 68 129 42 36 53 68 169 86 113 125 59 82 131 103 65 118 31 32 89 87 130 98 43 106 133 20 136 120 163 112 107 159 181 86 88 139 123 110 111 160 120 91 134 98 125 132 119 20 31 121 111 152 169 57 162 77 57 175 140 95 78 149 62 113 141 171 107 89 76 142 133 66 119 140 161 71 74 92 52 46 56 103 71 52 147 179 
37 80 96 80 58 120 120 50 96 106 138 103 67 63 183 81 138 81 100 66 114 40 91 50 53 90 35 31 133 160 133 40 111 65 29 56 106 143 174 109 118 68 85 135 93 49 111 115 97 119 73 60 141 196 156 97 134 37 159 82 126 34 100 85 164 39 119 91 136 140 121 86 67 56 179 164 96 83 118 69 104 118 78 27 78 101 171 117 110 35 65 110 123 39 148 165 164 141 136 81 132 112 108 80 97 180 94 110 157 137 102 50 126 181 90 122 75 71 83 109 130 63 157 73 31 86 93 125 
25 150 13 94 127 77 69 165 98 138 170 140 80 128 49 176 154 125 178 122 161 139 136 88 124 52 78 83 37 159 102 52 116 113 149 161 152 114 144 119 168 103 139 121 97 105 126 56 156 65 32 97 79 127 79 55 142 136 114 86 148 76 74 123 92 90 127 159 50 46 70 101 105 116 129 19 42 95 69 137 133 48 82 157 37 180 13 43 95 192 114 93 98 115 80 93 119 121 76 29 92 95 63 113 49 172 94 46 86 63 15 114 49 138 49 128 98 78 109 95 127 74 99 81 150 78 56 128 
140 28 185 121 105 86 50 154 170 103 140 64 121 169 65 118 106 136 91 156 108 98 67 175 176 163 74 60 184 95 110 115 108 92 143 95 97 173 41 125 122 174 60 78 150 178 104 133 63 66 76 115 140 96 24 107 72 76 76 52 46 88 117 75 114 109 103 44 82 73 142 74 39 108 112 13 151 146 97 132 63 117 134 91 51 79 32 74 92 114 70 70 73 93 21 136 113 39 123 140 57 199 124 87 134 110 109 182 79 76 137 154 83 21 25 68 114 148 164 96 42 95 99 126 64 47 78 154 
103 164 117 71 144 53 170 149 115 67 80 121 40 113 186 140 109 53 44 20 127 67 120 35 140 131 71 167 72 131 106 32 62 62 17 120 89 163 157 83 89 134 112 79 191 55 39 116 77 49 119 82 77 81 53 161 89 144 95 117 59 88 130 52 38 43 137 105 80 99 53 74 121 93 98 102 149 27 159 90 69 76 141 68 61 113 85 57 124 83 155 119 112 116 59 162 67 16 90 149 35 62 86 72 145 114 157 80 15 95 140 166 63 101 127 154 18 180 171 112 134 61 110 167 74 116 123 101 
118 148 83 170 71 118 53 78 44 63 128 169 113 136 120 127 114 111 104 149 55 117 92 79 173 113 74 158 74 146 82 54 99 164 46 118 84 83 38 33 82 103 67 51 138 91 70 51 88 117 88 103 163 108 90 116 68 140 173 114 56 126 169 120 180 98 97 93 118 72 94 166 67 87 158 51 136 135 189 121 149 113 76 56 75 162 88 128 35 77 99 78 102 63 53 97 120 54 49 93 161 88 73 18 108 84 105 33 105 37 136 42 25 83 107 77 81 101 123 123 139 76 96 96 49 44 110 62 
135 73 80 158 120 113 78 12 113 183 49 65 186 120 176 144 101 137 147 86 56 45 38 51 61 166 169 157 129 76 73 114 104 74 42 33 85 161 34 59 127 129 59 129 43 52 132 67 162 113 115 133 161 59 111 116 63 107 73 76 130 89 107 160 151 174 170 88 23 131 81 119 148 114 88 160 172 97 90 62 10 77 84 98 140 70 76 13 63 108 104 40 48 61 127 72 160 93 153 91 134 158 81 10 132 86 77 154 173 92 146 144 124 96 111 124 120 165 139 65 79 61 149 77 146 116 20 112 
84 76 136 192 118 135 77 87 110 81 176 118 140 127 144 88 16 136 63 73 183 77 163 59 90 160 162 143 64 142 127 91 187 127 60 49 91 90 143 174 123 33 68 150 122 197 161 156 91 75 75 45 89 104 84 108 98 101 85 136 140 95 117 150 112 80 143 147 36 167 86 165 41 99 86 158 159 134 93 17 73 66 127 149 71 68 150 172 167 14 45 113 116 131 129 166 161 66 101 118 165 122 102 90 161 90 53 68 59 47 25 132 66 142 77 25 47 139 108 136 146 148 29 169 80 78 149 35 
113 160 94 79 146 60 108 120 119 138 154 106 109 114 101 16 152 66 81 160 168 171 84 83 196 76 71 62 87 19 118 61 131 60 53 136 73 59 84 116 182 105 153 96 189 48 93 111 127 105 132 180 90 107 58 98 61 159 76 78 30 115 42 62 107 81 88 106 106 135 118 164 93 102 35 94 116 141 142 110 145 105 112 88 78 102 109 137 27 67 93 146 80 30 72 147 31 90 84 175 116 86 64 138 64 151 100 41 110 120 121 102 67 46 114 135 101 46 170 94 49 151 89 86 66 165 125 153 
92 112 67 76 111 77 129 86 65 81 125 136 53 111 137 136 66 172 94 42 58 146 74 40 66 189 181 118 41 141 48 93 94 112 146 91 132 51 106 98 126 161 152 183 95 156 90 118 67 152 61 158 115 141 131 120 115 129 111 62 132 94 147 93 68 51 45 80 46 24 80 144 100 91 109 70 86 107 113 183 118 103 87 126 71 97 145 143 141 112 162 77 168 49 65 148 110 98 112 121 128 177 98 157 83 87 133 59 65 83 116 90 105 186 91 31 148 95 154 103 107 104 78 97 149 47 156 132 
43 103 122 101 78 32 75 152 25 100 178 91 44 104 147 63 81 94 198 48 122 68 24 87 66 117 43 168 81 121 35 192 181 80 100 157 84 177 108 128 84 67 75 23 112 171 103 132 115 138 24 161 118 116 50 131 77 60 97 113 124 72 34 67 139 51 180 63 103 86 83 119 61 92 155 103 100 88 74 73 45 124 47 28 76 30 81 73 39 160 128 102 89 17 142 149 118 109 58 75 129 85 97 73 125 39 17 98 60 73 97 81 131 99 96 45 124 42 94 142 130 91 80 97 140 49 118 105 
131 141 147 124 98 58 162 74 90 66 122 156 20 149 86 73 160 42 48 16 88 149 51 179 136 52 165 85 68 106 104 67 137 76 170 144 92 145 147 153 138 135 155 145 166 106 45 79 135 153 82 132 69 87 115 105 82 93 51 68 99 37 154 138 97 136 148 56 110 183 126 137 95 32 109 120 117 152 24 40 27 82 34 40 49 79 152 96 67 85 173 122 105 65 107 49 96 44 134 133 38 96 3 46 95 106 81 70 127 141 129 17 126 126 26 141 84 112 104 63 54 161 48 41 132 164 90 82 
152 98 186 59 88 78 144 93 125 114 161 108 127 55 56 183 168 58 122 88 48 93 60 96 144 132 146 171 100 44 78 30 181 135 66 155 54 131 145 163 121 143 125 134 121 78 182 149 103 111 33 132 41 80 147 170 125 74 34 88 124 132 116 96 35 47 54 57 97 152 74 90 75 77 108 141 116 19 21 88 130 171 133 128 138 23 75 69 169 142 177 105 64 112 74 64 62 118 100 146 39 99 106 118 114 12 36 177 128 61 150 186 137 7 87 76 124 101 87 151 21 85 41 131 75 84 74 144 
125 82 97 76 31 41 71 135 118 40 139 98 67 117 45 77 171 146 68 149 93 82 102 108 134 39 63 132 123 82 95 65 106 59 153 77 177 127 97 71 81 153 122 87 8 86 65 124 44 135 48 93 75 49 47 116 122 87 64 89 102 61 130 103 114 79 145 97 46 81 26 83 13 95 54 161 60 93 144 151 107 81 154 113 98 130 90 118 111 115 122 127 117 65 93 97 80 167 91 80 85 72 49 83 102 134 135 69 120 97 125 78 100 184 90 164 103 91 103 118 123 89 71 56 48 117 127 108 
98 39 89 76 164 144 173 80 144 91 136 67 120 92 38 163 84 74 24 51 60 102 184 142 160 31 124 145 64 162 66 149 122 23 122 57 101 112 95 124 154 96 144 84 59 112 6 17 131 103 118 90 69 128 134 116 69 194 86 110 116 161 71 117 117 79 166 185 121 159 84 108 120 102 117 57 138 120 74 124 95 92 140 102 123 19 126 44 44 82 87 60 62 77 62 37 52 143 111 105 82 22 102 113 89 33 184 126 34 156 160 60 56 57 59 49 84 115 120 93 127 117 94 90 128 58 87 119 
61 100 76 142 72 125 95 104 79 50 88 175 35 79 51 59 83 40 87 179 96 108 142 38 112 103 135 56 64 53 64 138 141 167 51 84 60 59 126 114 126 82 139 87 128 101 108 120 69 116 99 131 158 127 104 82 64 165 38 124 92 65 57 150 100 45 34 168 89 105 106 82 92 116 90 82 38 75 155 138 124 103 45 72 77 66 36 50 196 140 137 48 149 102 86 184 71 80 162 159 171 102 15 100 75 123 112 124 68 85 157 120 157 126 139 70 135 112 109 138 110 129 173 89 123 119 58 134 
71 91 67 117 58 92 131 87 121 53 124 176 140 173 61 90 196 66 66 136 144 134 160 112 92 42 86 109 134 81 149 50 191 82 104 124 79 108 131 19 36 47 145 22 138 105 20 142 115 124 132 107 106 82 118 117 45 161 29 120 115 138 130 161 19 57 141 114 140 143 89 100 130 57 95 184 102 153 135 104 58 59 101 93 83 134 118 111 83 168 136 162 90 30 110 33 158 23 75 34 73 92 59 104 141 60 110 99 63 122 25 81 47 183 93 91 64 102 137 126 92 93 35 117 42 132 74 120 
182 23 122 86 95 173 127 85 100 90 52 163 131 113 166 160 76 189 117 52 132 39 31 103 42 76 115 78 42 157 36 60 40 80 136 154 127 116 110 120 119 153 60 74 88 18 159 126 138 85 112 92 77 68 52 51 61 64 103 162 110 128 117 58 102 109 108 49 121 126 65 87 156 196 136 73 167 108 87 95 141 114 59 111 66 151 108 48 134 4 151 135 173 149 111 132 122 78 142 91 57 166 106 128 104 132 89 164 156 116 69 145 195 64 71 137 102 183 118 74 80 88 91 82 28 63 156 117 
141 142 47 111 105 153 56 76 97 35 78 74 71 74 169 162 71 181 43 165 146 63 124 135 86 115 180 149 40 110 111 3 119 48 123 142 53 130 41 105 58 122 88 36 132 116 132 92 49 97 101 186 31 82 165 112 133 112 122 91 121 58 151 174 137 97 172 149 61 133 111 99 125 92 149 168 94 15 67 149 94 95 106 92 162 82 60 78 133 150 172 33 139 125 32 27 70 123 177 125 72 31 40 117 156 33 118 105 116 113 36 155 85 138 144 84 99 91 152 78 84 76 62 92 151 157 51 76 
124 97 148 79 114 57 113 67 154 31 83 60 167 158 157 143 62 118 168 85 171 132 145 56 109 78 149 124 135 94 119 147 154 70 88 139 44 100 175 118 104 90 162 15 178 97 190 117 120 55 187 40 38 108 94 172 97 122 87 58 84 150 88 119 50 180 110 110 135 161 151 163 108 98 138 78 139 111 130 67 125 136 69 60 49 112 131 79 95 98 161 110 101 147 83 104 72 89 110 52 185 147 142 50 56 54 122 71 102 28 141 83 157 23 88 78 46 68 45 105 88 65 94 86 131 68 127 78 
97 102 65 126 116 51 69 169 89 133 37 184 72 74 129 64 87 41 81 68 100 123 64 64 134 42 40 135 196 114 138 106 131 19 103 124 96 130 128 57 16 63 82 117 125 74 97 89 161 131 139 151 116 46 174 38 70 86 123 54 116 94 122 84 19 99 125 146 71 108 61 156 106 26 137 70 73 84 74 60 78 125 81 124 99 48 74 92 157 75 124 91 63 136 69 96 94 185 114 122 45 146 97 93 124 70 117 75 136 188 66 146 67 104 18 72 149 147 75 121 103 105 53 22 133 174 144 52 
87 75 53 87 130 145 157 101 119 160 159 95 131 146 76 142 19 141 121 106 44 82 162 53 81 157 110 94 114 110 95 94 84 96 98 147 61 43 78 72 132 61 150 139 168 95 103 65 110 92 139 151 114 85 177 173 61 144 68 113 90 102 58 115 173 129 136 167 95 138 154 155 165 46 109 65 128 129 114 79 63 105 90 114 109 106 142 4 147 124 109 115 98 85 148 60 133 83 28 130 14 90 109 110 49 79 44 96 43 102 150 145 103 148 140 20 137 73 159 101 88 110 60 129 69 93 67 76 
152 147 179 147 94 148 172 164 130 133 102 110 106 82 73 127 118 48 35 104 78 95 66 64 149 36 111 119 138 95 88 80 63 40 145 89 105 114 120 103 108 178 29 92 86 82 57 181 131 102 93 16 94 94 98 76 112 51 152 161 89 87 65 102 167 86 151 106 61 58 96 105 150 93 57 144 129 66 92 52 139 24 32 41 38 50 156 18 99 129 55 169 112 137 51 47 103 97 122 136 18 85 120 100 88 167 155 127 148 108 37 152 60 133 104 113 142 119 132 44 132 85 91 169 120 99 33 69 
62 62 54 126 99 84 113 118 123 40 52 115 32 54 114 91 61 93 192 67 30 65 149 138 50 60 3 147 106 94 80 38 36 136 96 68 50 153 104 95 148 66 35 61 164 97 169 151 93 141 78 72 47 82 38 70 33 37 120 82 66 107 101 117 119 153 71 72 99 159 134 121 79 116 33 158 94 140 38 192 161 58 59 53 72 133 95 66 45 90 102 132 132 94 69 28 103 65 87 58 126 173 84 26 131 116 84 158 125 107 131 147 39 83 75 130 123 121 84 14 47 64 154 124 77 172 109 163 
75 99 81 56 126 87 143 135 165 111 116 108 62 99 104 187 131 94 181 137 181 106 122 141 191 40 119 154 131 84 63 36 132 138 41 95 53 80 29 34 130 82 114 97 170 23 36 65 141 130 125 126 8 151 147 44 81 85 140 109 138 73 186 81 92 87 174 173 198 121 110 77 122 100 72 27 73 122 107 13 103 82 115 125 158 66 82 63 75 129 77 41 88 75 119 91 114 79 102 191 73 93 128 84 113 98 69 113 122 124 92 55 162 98 107 93 84 14 108 111 69 131 150 59 122 98 156 55 
57 116 82 124 70 78 60 170 33 65 113 92 62 164 74 127 60 112 80 76 135 59 23 167 82 80 48 70 19 96 40 136 138 108 157 129 108 126 122 134 99 125 86 128 134 41 97 88 168 95 98 93 92 102 29 138 118 111 135 64 160 126 91 59 143 197 48 117 87 155 172 11 91 101 124 67 142 28 95 135 92 163 57 128 114 70 61 173 75 101 87 105 178 59 83 49 83 84 29 133 104 136 145 98 91 70 92 146 131 103 139 158 62 79 66 64 133 63 70 28 35 72 26 117 142 82 114 105 
118 36 36 114 148 107 104 152 76 29 149 143 17 46 42 60 53 146 100 170 66 153 122 51 104 136 123 88 103 98 145 96 41 157 40 174 51 58 70 121 113 151 134 52 72 91 86 84 192 122 74 131 48 106 120 73 137 179 133 86 104 103 126 181 141 25 87 40 131 104 56 140 167 154 157 86 102 128 123 131 104 92 113 107 81 134 87 51 166 107 70 120 88 145 178 46 5 60 63 63 54 187 73 32 15 87 139 145 106 67 88 115 148 93 149 14 33 62 157 22 138 33 74 99 137 28 64 120 
61 108 70 66 152 115 96 105 82 56 161 95 120 118 33 49 136 91 157 144 155 77 57 84 124 154 142 139 124 147 89 68 95 129 174 98 57 93 69 61 75 85 54 158 38 171 129 55 91 106 118 121 93 155 36 104 122 121 109 166 143 137 113 91 49 38 144 94 93 124 95 95 66 112 47 72 110 177 89 105 95 63 55 29 38 100 86 51 72 96 117 65 48 120 43 145 14 150 107 93 125 141 78 54 84 109 94 44 98 134 62 138 98 153 121 144 185 87 83 84 86 94 114 86 64 132 140 32 
190 122 36 85 154 57 93 91 81 106 152 97 89 84 85 91 73 132 84 92 54 177 101 60 79 127 53 44 96 61 105 50 53 108 51 57 48 85 97 15 122 158 96 49 97 53 109 158 176 86 149 143 102 144 131 118 93 166 95 103 52 145 102 100 155 107 74 151 169 28 68 93 68 129 46 93 69 149 42 64 74 56 154 130 111 132 142 58 165 9 59 103 100 89 100 73 85 116 42 93 147 87 36 106 121 90 107 31 70 48 99 113 50 100 144 142 53 82 169 147 131 115 137 119 42 100 163 122 
24 99 110 81 81 105 61 167 90 143 114 173 163 83 161 90 59 51 177 145 131 127 112 59 108 116 130 100 130 43 114 153 80 126 58 93 85 70 43 112 147 191 152 128 101 99 117 76 145 83 78 131 67 149 101 103 142 151 132 104 116 175 122 107 130 38 96 33 103 119 98 45 141 128 152 28 104 69 41 126 101 39 43 150 155 97 47 78 99 100 3 56 125 67 105 66 117 87 33 122 166 91 163 144 134 96 48 32 70 100 173 68 117 130 135 79 154 117 110 86 127 145 142 100 101 89 126 39 
99 177 105 131 52 94 86 133 107 174 144 41 157 38 34 143 84 106 108 147 145 97 95 126 131 110 41 175 128 78 120 104 29 122 70 69 97 43 36 122 57 102 108 103 12 81 97 146 167 127 96 76 131 85 20 98 102 48 178 64 74 110 129 55 103 123 99 44 140 114 133 143 61 186 51 128 92 103 129 158 136 124 117 150 90 177 33 81 25 97 85 107 70 165 89 45 130 113 40 104 96 62 115 37 150 70 164 176 50 114 114 43 49 42 82 59 111 126 108 101 90 57 116 74 108 158 39 75 
93 96 94 157 109 96 40 92 104 109 119 125 83 33 59 174 116 98 128 153 163 71 124 114 19 120 105 118 57 72 103 95 34 134 121 61 15 112 122 8 74 79 112 158 149 104 79 56 104 120 110 137 73 98 82 25 143 110 41 139 80 114 78 157 102 75 37 153 73 133 150 85 62 86 118 17 163 128 37 144 114 105 9 146 99 117 135 174 82 144 23 123 103 92 110 100 43 156 124 123 39 99 100 114 37 107 140 130 59 121 127 95 115 142 23 84 137 98 96 108 104 78 73 165 118 124 103 141 
130 106 176 148 24 11 111 51 17 118 168 122 89 82 127 123 182 126 84 138 121 81 154 126 36 119 58 104 16 132 108 148 130 99 113 75 122 147 57 74 30 59 125 45 117 153 135 100 98 102 82 55 109 82 173 69 121 118 129 103 52 110 77 115 37 23 100 83 133 111 116 142 97 62 90 106 109 89 135 112 115 130 75 126 103 74 153 178 146 103 155 22 121 13 85 193 103 132 126 160 61 109 134 57 136 42 99 120 71 83 89 71 81 121 134 141 107 127 90 109 156 105 90 80 178 74 135 76 
146 66 131 97 115 81 52 69 74 68 103 174 134 103 129 33 105 161 67 135 143 153 96 82 47 153 122 90 63 61 178 66 82 125 151 85 158 191 102 79 59 76 96 97 162 153 85 72 50 72 128 117 173 177 61 100 122 165 106 81 174 93 137 110 45 119 178 152 117 94 91 85 86 143 42 77 134 118 70 38 162 71 91 158 147 29 76 136 97 107 37 113 100 38 127 178 135 116 90 143 181 181 107 143 102 41 159 57 97 153 143 83 124 104 155 56 48 136 73 144 109 69 145 25 34 100 25 132 
63 51 113 63 116 61 140 129 68 85 139 60 112 67 59 68 153 152 75 155 125 122 144 139 145 60 88 162 82 150 29 35 114 86 134 54 96 152 108 112 125 96 4 164 161 52 136 59 81 119 101 112 61 46 124 123 110 87 144 160 55 121 141 107 83 108 94 73 36 111 171 144 49 157 86 60 106 65 126 52 120 117 67 58 132 170 170 115 156 95 152 90 47 112 114 58 101 46 56 97 122 69 153 134 125 114 164 19 78 95 169 58 116 149 178 143 78 182 93 29 58 140 107 40 54 132 115 128 
164 156 184 125 87 64 88 126 129 135 121 78 79 51 129 150 96 183 23 145 134 87 84 87 22 74 36 15 117 139 92 61 97 128 52 158 49 128 103 158 45 97 164 40 59 145 44 144 142 88 115 191 45 111 12 101 20 45 127 44 104 76 176 53 137 118 175 115 134 59 104 103 130 72 39 31 137 172 92 102 99 123 45 101 43 49 99 105 87 175 41 126 113 30 94 72 101 92 98 114 110 122 84 80 124 83 185 136 92 84 69 48 26 83 89 110 129 116 75 127 83 191 88 138 167 168 68 118 
52 173 95 106 118 82 100 93 42 93 97 150 191 138 43 122 189 95 112 166 121 8 59 128 138 88 132 178 125 168 86 164 170 134 72 38 97 101 12 149 117 162 161 59 16 104 26 54 86 155 74 77 122 191 76 141 125 98 172 149 88 56 83 62 116 53 157 80 75 98 98 111 61 76 85 125 76 153 73 14 85 144 31 170 86 132 17 165 131 128 96 73 35 116 64 123 124 159 106 104 58 169 145 104 70 110 147 104 82 108 134 103 88 153 62 88 71 89 161 47 100 144 122 147 123 71 48 73 
165 61 130 105 181 103 56 121 36 49 105 178 55 91 52 197 48 156 171 106 78 86 112 101 105 18 116 97 74 95 82 97 23 41 91 171 53 99 81 104 153 153 52 145 104 60 69 95 90 117 54 142 174 118 82 163 88 90 145 173 54 144 59 58 106 47 177 68 151 63 92 147 34 56 169 166 171 35 88 78 141 137 59 25 112 38 70 145 105 24 100 138 90 33 48 71 33 155 112 136 112 131 84 86 99 98 70 102 100 143 114 167 77 67 30 150 145 29 101 94 156 102 149 126 113 28 29 103 
66 177 108 102 135 81 37 121 53 111 126 104 39 70 132 161 93 90 103 45 182 65 6 108 20 159 132 190 97 103 57 169 36 97 86 129 109 117 97 79 135 85 136 44 26 69 36 151 136 118 119 80 146 114 97 98 95 109 122 67 157 98 65 116 138 74 68 89 150 191 103 58 86 120 59 137 144 113 85 123 59 102 60 38 113 121 27 85 128 35 98 123 42 122 58 183 131 60 27 117 124 58 156 156 155 133 56 77 17 86 81 133 119 98 74 54 29 108 128 146 121 117 146 118 85 53 45 54 
89 144 111 85 89 107 136 99 68 115 56 133 116 51 67 156 111 118 132 79 149 124 17 120 142 126 92 117 89 65 181 151 65 88 84 55 158 76 146 56 100 72 59 144 54 95 151 180 153 172 47 77 59 156 144 146 110 97 73 51 150 84 150 45 154 65 46 94 113 75 114 97 119 72 115 47 30 97 123 105 138 69 99 93 126 82 18 118 168 68 167 40 70 147 37 76 51 75 100 54 173 114 130 66 109 184 172 40 52 63 159 123 78 58 124 13 105 130 84 104 70 75 82 88 33 153 63 56 
141 41 86 134 168 72 58 112 169 97 156 63 77 88 162 91 127 67 115 135 103 44 131 69 115 138 49 120 161 110 131 93 141 168 192 91 176 145 167 104 98 50 81 142 86 90 136 153 188 56 125 64 51 85 31 98 79 186 101 53 132 19 133 115 175 114 118 101 166 146 114 103 111 73 77 159 117 84 79 78 75 84 123 80 147 161 70 70 156 144 162 166 137 135 98 34 116 133 127 51 96 34 179 58 89 133 72 84 52 95 42 82 106 55 54 27 104 153 121 58 79 75 38 85 91 165 101 139 
74 97 106 59 170 147 122 94 86 119 65 66 49 117 113 75 105 152 138 153 111 135 103 116 124 85 97 55 131 92 102 141 130 95 122 106 86 83 127 120 102 72 119 88 155 117 118 172 56 158 175 87 148 119 135 127 88 98 104 120 142 147 124 75 154 48 125 33 163 56 179 117 149 63 70 42 111 103 46 51 82 38 121 52 99 133 74 131 142 164 61 60 37 101 52 113 138 69 124 120 156 14 103 109 143 130 90 155 38 76 135 166 127 167 126 129 52 107 187 124 83 129 111 100 107 96 90 132 
135 106 67 95 136 85 159 49 113 73 32 76 119 88 115 75 132 61 24 82 33 48 118 99 132 112 101 187 139 139 93 78 125 98 74 118 149 78 96 110 82 128 101 115 74 54 119 47 125 175 148 119 96 96 82 38 89 111 111 141 130 160 138 91 189 32 111 173 7 126 33 96 48 48 98 116 175 102 35 29 11 150 76 93 59 85 50 59 152 108 99 31 57 116 124 65 105 111 78 124 110 109 113 72 156 89 49 89 163 65 122 84 119 65 89 47 118 153 72 148 72 99 122 90 74 105 74 58 
184 40 98 80 99 165 131 115 125 60 97 115 82 103 133 45 180 158 161 132 132 93 90 131 107 92 186 40 151 151 16 72 126 93 131 121 143 131 76 137 55 117 112 191 77 142 80 77 64 87 119 64 28 127 140 114 117 109 80 168 8 77 139 61 66 124 56 167 128 87 96 111 81 122 49 41 74 104 30 89 56 95 141 87 43 70 32 163 135 76 97 79 119 73 102 124 90 98 59 65 131 156 110 37 195 53 130 164 140 93 138 16 46 89 89 90 87 56 37 157 81 83 86 91 102 74 66 126 
141 130 127 149 168 51 133 86 59 141 79 140 77 163 161 89 90 115 118 69 41 75 69 158 106 77 31 38 116 114 94 47 8 92 48 93 102 67 131 73 109 173 61 45 122 174 146 59 51 148 96 28 28 8 95 73 82 94 170 109 118 81 75 70 145 168 159 163 70 144 98 124 57 70 81 66 29 84 117 19 133 188 145 85 88 45 110 108 157 116 130 89 110 93 167 131 102 69 82 147 186 82 136 118 107 136 95 128 98 101 87 73 125 139 54 68 133 148 110 24 160 61 33 26 115 101 117 60 
146 102 143 101 69 102 135 123 82 196 127 96 81 108 59 104 107 141 116 87 80 49 128 127 82 68 82 108 46 85 94 82 151 102 106 155 144 149 85 98 82 177 46 111 191 118 114 156 85 119 96 127 8 164 130 107 74 161 147 122 57 66 131 158 69 96 112 79 93 153 62 93 106 56 71 52 102 136 67 111 27 140 117 109 86 108 62 144 173 183 127 106 95 139 121 63 189 13 9 76 67 101 56 131 105 70 153 175 46 50 141 154 94 130 114 111 194 185 38 77 89 61 106 106 137 102 166 45 
187 117 49 132 164 60 139 48 131 156 79 24 53 90 111 84 58 131 50 115 147 47 134 104 118 52 165 94 174 177 98 38 147 29 120 36 131 101 20 82 173 61 124 12 76 82 97 144 31 135 82 140 95 130 10 102 124 86 148 59 123 102 100 107 170 31 139 71 73 130 96 76 55 55 79 147 33 113 132 176 102 65 16 108 68 46 92 23 131 26 45 121 39 110 141 156 91 91 162 96 98 154 37 88 180 86 127 109 126 103 111 157 114 116 61 136 20 109 81 80 156 83 76 81 14 80 199 101 
67 74 85 134 110 96 105 85 103 97 55 107 161 116 116 108 98 120 131 105 170 116 116 82 117 51 112 172 38 173 76 70 44 138 73 104 118 103 98 25 69 100 123 101 141 163 98 146 98 127 38 114 73 107 102 74 118 194 29 97 26 28 136 78 131 86 171 143 64 114 136 152 125 146 183 62 168 66 129 146 96 92 136 153 167 96 164 97 132 83 124 193 130 126 117 195 51 79 55 109 187 139 82 62 53 142 109 88 183 147 141 108 153 141 62 30 40 113 122 72 158 22 77 24 124 72 76 73 
49 149 106 164 15 80 98 117 65 134 142 72 89 68 63 98 61 115 77 82 125 122 69 64 45 61 133 97 70 61 112 33 81 118 137 122 93 142 102 143 121 122 110 20 125 88 95 110 79 88 89 117 82 74 124 118 178 84 97 140 73 168 147 144 149 135 127 88 114 132 86 98 42 97 50 153 76 160 117 71 115 86 94 143 121 186 166 63 88 108 105 169 121 132 138 107 102 84 151 60 103 114 119 36 106 102 112 134 77 81 34 91 96 40 86 73 143 38 45 91 75 81 72 76 109 92 86 28 
64 119 162 137 78 50 39 113 118 37 136 76 144 140 107 101 159 129 60 93 74 87 194 165 161 64 112 122 86 144 51 37 85 111 179 121 166 151 48 110 118 165 87 45 98 90 109 97 186 98 111 109 94 161 86 194 84 12 127 54 138 61 106 99 102 93 125 60 139 48 136 57 44 50 93 23 67 107 199 103 118 61 65 161 165 60 138 102 174 181 96 96 75 113 94 193 178 87 14 127 22 115 119 98 171 115 127 103 84 145 107 107 81 152 47 103 53 85 157 134 84 177 57 182 141 113 54 107 
159 62 31 61 164 100 146 117 31 159 114 76 95 173 73 85 76 111 97 51 34 64 86 38 29 103 122 87 123 68 152 120 140 135 133 109 95 132 178 41 129 106 144 127 172 145 122 73 101 104 111 80 170 147 148 29 97 127 90 37 131 127 137 119 134 72 144 104 113 33 68 90 81 109 93 33 43 122 121 88 114 64 159 88 97 131 85 58 171 88 39 81 21 41 65 43 97 149 141 126 125 51 77 99 108 188 86 102 136 106 109 105 190 120 78 33 122 99 18 68 36 80 67 160 124 108 86 145 
167 90 144 109 101 137 42 105 32 82 86 52 117 114 76 136 78 62 113 68 88 89 110 124 120 162 91 58 54 113 161 82 109 64 86 166 103 104 64 139 103 81 160 44 149 173 67 51 53 120 141 168 109 122 59 97 140 54 37 176 85 147 156 49 102 102 137 52 162 67 126 77 130 168 110 85 122 138 46 94 194 131 68 57 85 93 118 62 104 136 81 105 153 99 131 94 54 108 44 25 87 36 19 76 129 67 43 178 102 86 66 138 99 88 105 157 150 64 97 71 106 107 142 87 73 49 170 164 
144 55 125 54 83 133 82 93 89 126 148 46 59 56 130 140 30 132 124 99 124 102 116 92 115 110 121 84 116 90 89 66 138 160 104 143 52 116 74 80 52 174 55 104 88 54 157 150 132 142 130 8 118 57 123 26 73 138 131 85 58 66 86 59 127 66 79 53 158 33 144 43 76 177 89 147 111 138 166 22 88 122 30 88 139 120 163 122 78 144 97 151 57 124 128 150 44 118 130 88 50 46 122 92 118 86 63 175 56 93 128 174 52 121 41 88 30 53 128 71 116 34 80 71 91 156 165 109 
86 37 136 61 105 105 10 131 87 34 76 88 88 126 89 95 115 94 72 37 132 61 161 65 138 128 58 150 94 102 87 107 73 126 103 137 145 175 110 114 110 93 121 76 56 144 98 84 19 147 160 77 81 66 102 28 168 61 127 147 66 186 148 76 32 127 65 130 58 52 82 54 104 139 142 66 64 176 122 110 160 92 50 148 93 45 121 173 143 114 48 126 64 101 157 82 46 35 134 158 138 171 89 146 51 61 114 24 74 60 115 90 157 87 144 103 68 132 99 96 38 79 88 39 123 194 86 147 
91 49 25 83 5 165 170 142 130 100 74 117 130 169 107 117 42 147 34 154 116 130 71 57 130 117 151 88 122 58 65 101 186 91 126 113 102 122 129 78 77 137 141 176 83 59 65 150 133 124 138 139 75 131 100 136 147 106 137 156 86 148 188 64 128 146 49 5 102 18 54 153 154 16 89 173 112 18 100 38 144 128 160 31 134 112 25 88 94 95 145 81 82 93 163 118 99 50 183 91 177 112 81 127 110 135 147 143 78 54 115 77 107 141 46 46 33 152 42 44 88 74 64 172 91 87 44 183 
78 182 149 141 167 36 90 101 98 85 123 75 52 120 160 150 62 93 67 138 96 103 117 150 161 58 174 119 84 115 102 117 81 59 181 91 100 107 55 157 115 110 107 53 62 58 116 45 115 75 91 61 70 158 107 78 144 99 119 49 59 76 64 80 71 86 30 131 149 161 81 123 87 138 113 83 75 138 166 124 130 149 75 119 133 69 61 20 56 52 92 178 111 91 151 113 97 81 44 91 87 95 58 82 88 98 105 43 96 149 157 191 90 92 198 188 112 81 90 112 127 97 117 52 129 76 169 24 
103 167 56 64 97 61 155 132 43 164 92 114 38 180 151 112 107 68 139 97 35 114 117 100 19 102 137 50 19 173 167 119 92 143 141 49 155 130 103 102 37 45 83 137 116 106 138 154 175 154 189 66 145 69 170 131 149 102 134 102 127 32 128 71 114 95 113 100 80 145 110 142 118 103 53 170 125 141 98 81 23 46 79 113 103 74 42 41 92 117 142 103 114 98 140 18 144 192 147 165 159 82 16 91 162 89 138 64 73 101 73 132 67 111 90 159 150 129 192 96 91 5 173 94 133 89 159 137 
117 99 84 121 83 73 140 24 106 39 90 109 43 98 174 80 81 51 51 136 47 79 79 45 57 109 97 180 99 129 86 153 87 197 25 38 107 38 123 75 23 119 108 118 53 47 74 65 114 48 32 124 168 96 31 86 135 93 72 102 66 127 146 86 95 170 118 80 177 54 121 102 126 115 8 76 112 137 119 63 159 109 51 184 58 121 91 69 33 75 73 98 89 99 138 35 77 77 56 126 60 149 125 68 54 157 63 104 111 24 99 92 107 123 102 126 117 98 119 80 122 64 44 95 73 144 67 126 
156 124 114 83 131 126 83 148 133 119 127 103 137 97 170 143 88 45 180 148 54 145 166 34 141 108 172 110 125 136 151 71 174 48 87 144 74 96 99 37 100 178 94 175 157 177 68 46 118 125 111 56 159 112 139 171 127 125 144 137 79 65 49 30 113 118 138 127 45 117 29 45 114 105 31 112 76 75 93 65 123 64 82 129 96 73 100 84 122 122 82 130 111 104 132 66 118 108 119 69 143 73 110 155 92 147 115 55 103 151 112 127 117 150 75 123 106 33 104 110 80 118 61 86 63 126 62 30 
93 106 149 122 74 193 88 154 20 91 159 44 105 93 88 147 106 80 63 56 57 97 185 168 114 49 149 110 146 167 106 72 173 117 40 94 151 33 44 153 83 152 73 115 80 68 89 94 101 33 173 167 163 79 71 143 88 60 104 52 53 130 5 131 100 80 127 90 76 102 94 44 104 110 114 177 108 73 118 101 153 123 99 80 130 155 177 167 133 158 38 142 67 147 132 72 72 108 54 199 103 43 113 68 50 124 31 75 119 174 170 90 66 187 80 144 57 85 89 59 73 112 101 111 197 7 80 138 
91 124 70 64 160 78 11 142 136 136 50 82 80 118 23 36 106 46 103 110 97 46 121 89 140 121 61 135 71 95 61 99 198 87 131 93 169 103 140 73 133 117 36 134 75 151 150 113 166 163 7 128 70 93 73 64 114 139 113 162 158 58 102 149 80 177 45 76 122 102 17 123 98 30 98 46 76 86 112 25 97 85 156 155 69 133 89 126 148 161 86 70 105 135 62 139 112 70 111 78 125 128 165 43 147 116 175 92 91 134 118 190 69 128 62 100 99 188 95 131 125 88 149 46 108 148 153 119 
115 191 169 68 59 124 122 151 120 140 46 73 99 72 131 167 135 24 86 183 152 81 159 105 143 126 133 161 108 138 58 159 121 155 104 124 28 119 114 133 111 94 111 59 98 63 191 75 146 56 126 87 144 153 130 114 132 48 33 67 33 52 18 161 145 54 117 102 102 198 68 118 110 73 93 89 58 160 41 101 120 56 85 38 65 80 145 145 119 150 170 138 146 177 68 139 148 100 135 41 134 116 142 48 115 50 115 79 91 88 136 134 180 80 147 46 87 27 109 91 134 150 122 173 42 177 115 109 
100 117 42 126 99 176 184 166 163 121 70 142 53 94 81 86 118 80 83 126 74 26 84 106 89 65 111 151 61 154 96 134 110 172 56 95 68 98 133 150 116 91 171 104 98 92 103 114 114 179 33 96 98 62 96 136 86 136 68 126 144 82 54 81 110 121 29 94 17 68 98 153 105 83 117 79 73 91 125 136 45 76 131 107 124 98 82 135 90 16 39 88 138 115 175 93 80 126 48 113 110 99 101 81 27 161 85 130 120 104 14 121 61 140 154 124 32 103 70 70 88 174 56 55 118 105 162 101 
152 35 159 46 150 85 34 103 112 86 101 74 74 166 119 165 164 144 119 137 90 83 108 82 100 87 99 163 156 155 105 121 77 11 140 95 93 45 143 85 142 85 144 103 111 147 58 97 103 117 96 111 124 93 76 152 98 57 90 77 43 54 153 123 142 102 45 44 123 118 153 114 84 26 160 174 45 108 111 88 126 145 31 190 109 112 100 59 94 84 66 109 89 90 20 115 186 101 73 52 69 106 85 46 168 108 44 81 96 46 197 59 104 179 187 162 61 84 46 38 81 92 89 34 82 166 106 84 
125 120 82 54 92 81 109 72 107 67 105 39 121 67 148 41 93 100 61 95 75 13 120 92 130 156 125 108 106 165 150 79 122 91 167 66 68 141 61 62 97 86 49 130 61 34 86 119 111 149 48 81 57 106 55 125 42 44 81 130 76 104 154 87 118 126 114 104 98 110 105 84 126 16 99 89 76 75 161 53 116 84 65 191 83 138 117 107 167 78 104 135 37 105 117 181 80 73 75 151 125 126 81 108 189 121 130 96 85 36 141 102 28 163 137 90 59 106 132 123 80 61 127 53 149 33 15 164 
160 120 94 181 167 36 123 67 159 56 116 108 93 87 114 99 102 91 92 32 77 95 102 116 57 196 92 98 26 46 93 116 100 101 154 112 129 128 186 86 62 143 157 72 76 56 120 72 73 63 48 122 70 56 55 146 97 50 109 168 177 139 16 138 103 115 105 110 30 73 83 26 16 56 102 99 152 107 123 154 109 78 129 127 18 83 43 103 74 52 124 160 150 148 87 135 106 108 113 110 24 181 111 147 89 48 98 140 90 114 168 156 89 153 107 160 74 107 147 85 148 115 74 132 95 74 49 129 
147 51 24 119 86 44 150 60 181 179 129 112 98 158 88 86 35 109 155 109 108 54 117 90 95 136 149 138 137 109 57 33 72 124 157 47 46 152 51 118 90 42 86 39 85 169 59 115 77 70 98 49 81 71 79 183 50 93 93 110 89 142 89 113 53 8 31 114 98 93 117 160 99 102 102 46 93 62 47 62 114 15 145 32 140 71 161 105 107 163 87 146 56 149 101 143 97 31 151 55 105 102 106 142 38 89 126 139 31 98 168 152 125 173 106 137 64 184 109 171 92 64 42 104 47 15 48 76 
13 85 62 91 51 84 142 131 86 164 19 13 102 51 160 158 94 70 103 120 141 161 57 82 184 73 168 78 70 65 144 158 27 67 86 72 93 28 128 17 106 77 60 31 125 166 137 47 159 42 116 41 66 52 147 62 153 23 33 85 147 66 173 83 170 76 112 177 46 89 79 174 89 99 46 100 79 139 75 191 109 190 101 106 114 127 95 111 148 117 119 36 62 175 82 109 169 109 168 71 120 55 107 35 84 56 79 139 81 144 80 109 32 186 114 63 76 106 83 57 90 69 62 137 35 113 109 163 
40 106 137 34 164 133 115 146 88 96 42 151 149 136 172 159 116 86 100 117 116 60 138 38 102 167 94 139 73 128 129 94 73 142 102 110 69 104 92 163 109 134 106 137 76 171 144 30 117 111 175 74 29 102 33 168 76 67 43 122 111 64 112 75 125 112 76 108 76 58 73 45 76 152 93 79 90 103 90 88 94 125 79 117 87 25 96 23 55 52 92 60 129 192 125 107 56 127 100 120 108 96 98 92 58 112 160 143 88 58 124 110 100 32 58 106 60 111 42 41 186 144 131 125 142 90 157 180 
109 125 117 124 126 66 111 114 139 83 95 146 27 135 97 134 141 107 88 152 19 93 120 75 153 108 15 111 84 129 66 140 122 28 128 177 149 69 103 128 89 118 65 172 153 35 113 97 84 103 102 104 84 136 113 66 160 107 122 138 138 176 18 138 141 137 75 73 86 160 91 108 75 107 62 139 103 44 82 21 119 77 127 105 76 188 95 115 45 158 21 41 151 26 71 157 99 69 81 108 107 154 67 81 74 23 158 102 124 78 36 147 83 39 125 80 27 93 87 102 187 99 29 18 131 181 138 84 
118 17 76 56 17 100 63 147 123 118 69 97 159 189 90 93 142 113 74 24 21 144 74 155 135 87 67 130 74 114 92 38 107 95 123 89 42 41 129 37 135 70 126 92 73 88 85 123 79 46 35 30 117 67 132 129 117 199 121 46 166 122 100 166 98 119 93 118 112 41 125 111 161 123 47 75 90 82 166 115 114 87 122 30 94 74 160 144 58 164 74 117 65 140 102 73 93 47 166 78 125 100 148 15 69 117 70 148 33 152 135 103 98 148 71 73 67 134 111 79 155 101 84 32 91 64 38 173 
96 136 162 84 132 118 133 35 110 69 137 132 90 121 62 17 110 183 73 40 88 151 124 138 104 95 149 67 60 79 52 192 13 135 131 105 64 126 158 144 112 38 52 102 14 78 123 105 78 51 29 89 19 111 176 146 71 103 88 94 22 110 38 124 81 63 65 101 25 101 136 88 53 154 62 191 88 21 115 36 50 62 153 44 107 149 128 175 113 115 115 102 72 72 83 119 23 58 25 104 101 60 81 65 183 78 121 152 101 178 75 30 99 46 87 78 117 116 102 118 60 115 90 126 109 106 89 85 
78 111 153 28 117 57 100 143 111 104 133 63 69 149 10 73 145 118 45 27 130 107 95 124 58 141 94 125 78 63 139 161 103 92 104 95 74 101 136 114 115 162 120 99 85 141 59 138 75 82 11 56 133 27 102 96 115 118 114 194 88 160 144 130 23 159 123 153 97 120 45 126 116 109 114 109 94 119 114 50 80 119 29 100 35 148 73 111 177 151 99 75 103 136 111 109 22 31 99 109 102 104 56 74 164 60 92 54 139 58 82 71 95 118 114 112 58 127 81 39 138 24 53 62 114 185 160 118 
95 104 74 159 87 174 91 166 160 118 48 117 76 113 77 66 105 103 124 82 171 81 92 103 59 114 95 136 125 105 24 58 82 163 92 63 56 39 124 105 130 71 117 123 144 137 102 69 84 38 150 95 188 140 65 92 86 61 64 131 122 92 128 149 46 109 64 123 85 56 76 145 84 78 15 190 125 77 87 62 119 88 68 87 93 163 136 59 116 125 93 36 102 100 109 197 163 87 142 179 46 118 93 93 102 66 51 99 37 129 105 140 45 50 175 20 128 140 147 59 171 73 83 185 151 91 164 93 
104 118 100 86 134 118 120 92 120 78 82 134 141 76 84 127 112 87 47 34 133 154 140 45 101 59 106 69 81 90 32 59 115 57 113 55 154 43 117 9 75 91 67 45 31 59 60 99 123 121 76 141 145 117 16 136 94 65 159 68 30 50 160 75 79 51 82 99 156 85 131 31 65 129 145 101 79 127 122 153 29 68 126 75 162 78 65 62 105 31 94 119 131 41 86 110 107 30 109 138 142 45 96 103 103 103 63 90 142 83 39 149 31 123 103 95 18 143 83 71 107 117 48 167 100 69 47 110 
23 151 95 117 66 99 90 79 91 27 157 91 68 56 98 149 88 126 28 40 128 113 102 72 93 111 92 60 124 114 41 53 125 128 107 29 130 150 150 146 126 158 58 101 170 25 38 93 80 52 93 87 85 109 108 153 143 161 88 57 88 148 31 119 113 184 129 80 155 38 107 190 191 127 32 106 117 105 30 44 100 87 75 134 49 73 105 99 103 47 155 144 124 132 81 160 71 138 64 101 131 64 162 92 2 65 51 109 39 52 88 132 18 50 148 108 106 56 116 186 110 71 81 13 89 115 100 168 
111 179 93 133 132 57 111 119 134 78 37 51 61 75 140 71 78 71 76 49 138 98 123 77 83 66 162 49 99 109 38 72 158 114 81 38 111 155 90 99 103 147 132 43 86 112 113 126 147 99 59 43 88 86 68 167 121 165 97 85 139 93 134 133 103 58 96 130 69 65 124 109 83 18 140 114 87 76 94 107 35 93 162 49 164 32 112 96 127 152 141 56 145 119 123 116 101 143 84 187 87 81 65 62 130 141 66 132 50 161 89 162 100 76 62 75 115 87 136 128 95 52 60 79 88 81 69 83 
184 50 132 178 159 90 120 27 98 101 180 79 113 162 70 68 102 97 30 79 23 130 19 66 134 151 82 112 48 106 50 133 66 70 134 100 132 97 177 117 74 29 170 49 132 38 121 82 161 133 85 70 45 108 46 96 186 60 131 93 120 45 112 69 74 121 73 155 133 80 98 112 138 83 71 127 25 188 74 149 148 163 78 73 32 114 142 161 103 143 147 101 90 36 123 145 84 91 172 100 110 160 83 110 145 119 60 157 56 53 87 112 65 92 80 128 141 165 82 53 112 107 111 106 128 142 108 118 
96 25 85 164 114 65 112 120 125 171 13 32 85 88 76 150 109 145 81 152 75 90 126 36 118 108 60 131 74 142 156 95 82 61 87 86 142 47 33 135 153 76 170 99 17 70 27 18 70 74 50 32 110 62 92 164 166 138 85 118 163 121 25 61 42 91 100 177 89 145 82 100 117 43 161 95 96 95 160 128 73 136 65 105 112 142 104 41 85 90 90 164 100 36 116 85 172 90 107 191 144 129 97 121 50 127 73 16 110 109 111 105 103 52 127 155 166 43 107 133 117 76 104 76 50 101 150 183 
142 96 112 121 129 108 58 92 132 117 43 74 57 128 13 172 137 143 73 96 69 118 44 50 111 48 78 79 92 4 18 66 63 173 51 51 58 78 81 174 178 136 115 105 165 145 85 118 70 131 59 163 108 144 23 97 63 102 58 62 122 173 88 20 41 69 84 167 126 145 135 59 107 103 105 111 23 115 144 175 111 59 62 99 96 161 41 126 150 53 86 129 108 91 135 185 114 84 105 154 84 153 59 132 109 90 57 15 101 121 110 131 92 116 158 75 134 83 69 136 154 116 110 86 57 166 122 104 
78 136 45 144 33 102 67 169 119 110 95 92 124 35 63 167 27 141 39 67 169 111 44 196 83 134 133 95 157 147 99 45 75 75 166 72 165 99 25 82 146 97 156 87 131 105 128 168 156 142 152 135 157 173 131 132 88 174 171 104 78 143 94 56 92 33 122 133 148 119 90 94 167 74 107 148 55 45 58 113 177 116 105 103 127 103 85 150 192 72 50 184 125 35 93 93 145 103 130 103 126 92 160 121 139 94 123 127 72 45 159 28 83 111 129 126 21 155 84 66 151 136 175 91 140 88 135 124 
144 135 121 138 136 117 112 62 20 35 192 114 83 77 108 14 67 112 160 85 142 115 82 140 168 4 150 98 75 124 129 90 129 101 107 96 9 100 97 144 103 107 95 175 128 24 35 68 144 164 108 76 116 183 26 83 108 181 88 136 144 114 95 52 117 75 122 158 161 150 16 84 78 52 163 117 52 158 164 115 151 125 31 47 152 143 90 53 72 192 40 84 68 119 69 121 56 12 89 142 63 114 160 41 88 133 66 106 85 52 97 155 70 113 98 54 112 140 113 92 94 25 142 104 167 77 122 102 
25 83 75 81 123 123 127 122 31 65 114 70 155 99 104 45 93 162 128 173 177 122 87 137 136 151 172 161 124 109 55 102 77 87 70 117 59 3 85 23 155 37 152 41 96 100 98 167 162 61 99 97 130 127 45 124 105 96 39 81 97 48 145 92 142 73 82 38 86 170 39 66 104 124 87 119 92 21 74 115 99 93 94 155 141 147 90 86 50 40 122 33 107 127 90 52 97 111 114 64 131 136 13 74 151 120 107 74 68 92 160 140 122 110 131 25 148 94 35 70 91 72 15 51 103 121 118 108 
148 62 86 139 70 133 79 55 121 110 93 70 119 78 40 113 146 77 102 122 105 127 60 48 162 135 33 110 91 115 169 132 41 105 120 65 103 56 107 123 22 113 90 126 73 138 123 40 166 60 31 79 89 106 121 193 169 96 81 105 151 126 81 178 103 98 130 142 70 138 88 109 135 160 146 36 60 41 117 102 75 36 119 144 56 101 164 129 184 84 33 4 62 120 119 27 155 196 144 100 85 94 115 122 164 138 56 77 137 146 30 80 32 116 87 144 126 74 152 38 114 149 115 100 46 26 117 93 
96 29 128 76 41 174 22 96 111 123 98 73 112 102 48 116 80 168 89 105 64 117 62 149 90 173 139 101 63 98 112 132 88 178 88 48 100 125 70 103 121 100 47 113 35 90 42 70 137 37 57 119 110 95 39 130 121 75 21 153 57 64 82 111 114 89 111 67 105 146 138 89 37 150 56 62 129 151 65 72 103 102 131 124 145 90 100 108 125 68 107 62 130 161 76 73 117 135 57 145 33 42 154 105 55 158 118 45 135 195 96 179 104 143 117 174 43 140 74 151 51 22 138 141 113 160 104 106 
118 82 138 77 128 92 59 59 152 39 115 93 116 63 61 131 30 49 17 65 112 65 77 102 30 149 125 147 136 85 137 94 75 59 145 120 89 67 165 92 13 38 112 30 116 33 122 147 135 101 116 73 93 139 110 126 132 113 41 99 124 101 93 91 98 99 104 147 135 177 115 90 105 148 149 175 192 26 140 72 136 100 41 132 119 36 36 91 35 119 127 120 161 156 181 178 93 17 144 80 171 73 71 108 184 74 155 103 82 86 157 97 66 19 116 126 11 34 46 91 98 163 81 152 50 80 133 147 
107 107 127 88 134 133 96 127 169 148 80 21 59 53 127 129 72 65 142 107 74 93 62 86 110 111 32 83 69 148 51 69 119 83 178 43 100 105 89 110 85 127 114 94 64 48 58 37 98 52 124 102 167 121 141 117 138 94 65 131 128 157 163 151 140 138 132 132 62 68 175 20 117 87 101 82 125 71 102 83 111 109 86 81 123 123 116 135 93 69 90 119 76 181 192 95 54 177 76 106 48 148 95 154 95 84 105 64 174 49 93 46 48 66 83 77 103 39 166 122 76 14 169 116 90 94 34 91 
72 187 137 127 77 30 139 35 57 165 93 136 162 97 72 166 147 148 149 49 64 97 37 184 33 132 27 104 96 60 47 28 91 49 46 145 73 66 45 100 193 178 58 72 123 71 183 76 34 113 65 124 131 63 156 195 107 193 43 94 150 82 118 113 18 35 66 72 139 139 93 115 181 135 143 109 107 157 73 119 109 197 110 160 116 145 85 185 93 121 52 27 73 178 95 162 91 101 145 28 70 108 113 71 35 144 121 179 119 115 145 179 133 157 146 141 25 75 95 113 63 73 75 115 33 112 89 79 
50 97 86 64 129 151 60 13 162 164 119 113 67 120 160 161 31 110 118 96 62 80 52 71 158 122 70 72 94 133 103 103 114 83 5 14 85 117 130 43 103 135 101 101 124 33 131 51 116 138 105 90 102 189 91 51 102 178 97 54 44 46 99 97 144 77 118 72 112 148 80 186 80 106 97 169 56 99 93 23 22 163 107 71 101 84 172 114 145 56 97 155 117 93 54 91 54 139 100 158 32 91 54 71 65 103 66 102 134 73 45 135 166 150 181 81 101 61 64 75 127 133 102 66 100 114 150 51 
55 89 97 28 112 46 144 164 77 141 121 39 16 54 93 66 90 98 109 44 118 167 143 80 23 78 123 89 185 83 97 65 79 84 60 150 116 87 113 156 132 116 46 92 159 155 60 75 133 69 111 98 69 13 91 79 84 87 149 108 118 35 50 81 192 77 108 108 70 100 126 101 73 108 31 109 127 69 47 58 31 87 30 138 143 91 90 84 103 12 111 196 135 17 177 101 139 2 172 121 117 104 103 142 151 143 150 98 114 138 87 104 164 129 103 158 78 130 121 136 183 57 116 50 115 138 117 36 
77 107 51 109 177 138 130 88 57 136 76 123 90 49 153 101 84 112 58 134 100 91 111 162 75 142 177 110 114 28 122 87 102 29 63 107 42 33 40 124 126 90 56 98 106 112 27 100 127 124 78 59 82 9 162 55 151 14 141 44 130 134 183 44 147 56 119 54 111 135 48 73 75 113 151 168 100 81 166 25 99 142 109 64 84 172 107 105 130 89 114 144 57 144 76 145 100 172 182 166 113 126 92 70 104 118 95 96 82 67 99 120 141 118 137 100 98 59 31 69 123 90 53 85 45 148 119 114 
153 26 105 127 100 147 81 111 175 81 29 140 149 93 91 118 175 121 75 133 146 80 105 159 34 91 125 52 122 130 136 58 191 133 63 93 93 122 104 123 160 143 97 114 104 136 117 54 51 120 124 65 147 76 96 109 60 127 126 25 88 158 91 91 165 126 69 199 78 41 113 52 151 110 55 71 120 108 78 104 109 179 138 101 187 100 191 154 103 142 64 100 145 80 106 28 158 121 166 102 35 158 64 137 80 120 17 123 165 124 20 76 88 116 58 159 89 130 127 90 99 140 112 84 138 125 96 27 
94 89 105 153 51 40 131 160 140 132 92 57 35 161 134 165 116 128 129 38 39 85 82 171 73 57 72 185 45 14 18 126 73 104 54 125 147 166 96 39 61 181 122 110 58 112 124 173 96 156 110 131 186 67 98 187 103 22 125 87 50 138 177 87 159 60 143 103 125 134 110 69 125 24 105 120 108 107 125 101 102 46 142 131 87 110 144 84 126 63 131 85 33 171 48 70 32 117 113 35 188 81 159 93 64 91 110 40 82 60 41 74 51 126 75 159 112 73 141 123 113 64 91 46 99 113 103 37 
101 46 58 135 116 102 42 133 95 112 95 199 62 88 158 122 86 177 85 96 99 72 22 102 92 166 31 147 146 90 85 173 93 136 187 141 87 91 62 99 109 181 69 122 169 131 58 114 34 14 109 156 82 101 154 139 114 115 51 36 46 171 112 95 82 149 73 43 128 116 99 106 126 181 102 55 96 154 100 60 104 118 45 64 81 160 129 153 92 114 136 94 42 73 148 108 91 104 126 158 81 146 126 166 105 142 176 94 155 11 97 150 99 77 68 108 118 47 105 80 97 132 145 134 61 48 94 32 
116 37 120 168 68 91 51 53 78 108 63 124 86 73 81 102 64 98 97 3 106 49 102 15 59 106 40 142 97 109 120 84 128 145 73 78 36 163 115 100 134 107 153 84 145 84 156 130 179 103 113 110 136 56 37 82 119 119 77 19 122 89 81 58 16 125 110 113 165 142 101 85 81 111 106 107 98 67 148 81 56 93 96 162 65 83 97 59 160 160 13 115 154 71 95 113 54 103 92 64 159 126 116 134 91 81 122 118 149 133 86 25 83 126 158 87 122 184 44 174 154 158 75 120 138 130 96 62 
95 97 44 153 37 151 88 61 149 80 113 87 72 18 10 90 138 157 73 46 118 83 113 100 104 128 117 50 93 110 100 26 84 98 32 54 106 144 37 114 57 143 134 80 104 86 156 66 58 109 72 37 118 131 88 62 36 98 99 76 92 146 127 82 91 68 155 68 43 48 81 46 108 147 142 35 92 81 15 65 74 93 103 92 62 110 121 132 121 41 74 122 105 108 154 71 71 142 70 137 93 166 134 196 156 87 82 100 182 102 77 82 90 102 188 89 72 72 103 66 71 66 114 80 68 82 192 186 
135 47 33 139 150 103 101 71 62 97 49 134 145 108 132 161 64 83 125 95 114 102 89 75 141 104 156 56 124 49 88 131 113 91 15 84 121 134 150 37 136 102 125 124 70 99 155 109 89 143 156 195 107 105 180 53 106 171 108 129 118 51 110 88 162 54 92 50 147 115 27 168 189 89 38 84 58 74 69 183 164 102 103 2 130 145 50 109 139 88 151 164 55 184 95 35 65 151 104 80 64 105 91 156 20 180 86 103 93 98 104 128 119 99 88 146 153 136 75 78 122 100 165 89 100 112 118 15 
32 51 113 67 142 169 170 157 113 180 172 110 114 84 86 90 151 87 39 106 12 134 33 123 60 132 33 54 70 79 167 116 98 70 87 109 90 96 70 107 42 41 114 83 110 98 133 184 133 130 89 53 136 70 86 142 102 115 188 67 86 61 135 98 89 157 147 124 116 50 161 108 121 48 89 56 112 23 117 78 60 66 103 65 141 119 127 90 94 133 120 138 158 74 84 144 103 143 118 120 91 142 81 87 180 94 173 71 158 145 142 120 184 139 99 122 139 128 151 35 132 77 64 42 128 152 85 85 
149 75 59 128 114 83 107 107 141 94 94 109 157 105 77 53 100 133 17 81 36 135 184 112 110 89 118 122 117 44 155 84 69 92 139 94 107 48 164 140 99 159 164 185 147 70 56 172 72 90 49 130 95 153 127 109 112 127 86 43 63 114 147 105 138 63 115 31 175 115 85 44 130 98 126 79 160 158 70 121 92 51 63 51 66 60 73 57 123 66 107 56 118 155 105 121 66 150 95 17 110 176 122 82 86 173 196 102 133 61 98 139 179 134 146 37 169 76 92 94 38 102 66 106 30 85 48 173 
175 52 66 59 86 102 69 63 171 110 46 182 80 33 154 68 41 59 98 70 177 69 126 124 99 164 105 71 75 96 127 158 113 146 145 44 31 32 176 130 120 57 19 136 104 102 77 40 84 155 89 164 128 175 109 88 134 103 102 178 175 24 143 43 64 104 55 75 92 79 130 81 96 140 139 139 143 102 148 152 54 99 90 109 132 157 16 15 127 106 74 77 45 103 64 179 102 98 96 123 40 94 118 100 103 71 102 102 73 109 64 180 159 81 70 108 30 79 61 89 137 172 107 79 127 83 155 54 
183 12 152 157 93 198 77 31 107 157 86 79 15 105 173 59 110 65 60 127 128 120 34 68 63 156 116 102 136 43 148 125 122 131 106 98 70 70 50 59 71 97 78 92 82 100 17 52 52 38 163 140 98 46 126 183 77 84 136 102 56 74 78 96 73 111 103 119 91 91 120 96 85 90 31 81 88 124 33 101 139 37 142 39 50 56 110 101 72 85 68 137 135 82 174 119 134 114 82 165 82 155 149 182 93 158 133 73 124 116 104 69 108 70 65 54 59 109 77 95 78 125 41 117 31 39 71 95 
102 137 184 90 140 83 91 98 89 137 63 76 95 37 92 47 120 83 73 141 61 97 156 85 122 116 113 28 188 102 108 107 124 103 67 134 48 100 114 121 83 153 95 84 108 143 86 63 95 76 65 93 101 50 103 147 81 145 106 86 93 60 54 149 101 24 151 174 134 88 104 46 36 114 98 144 58 78 152 178 58 129 83 52 161 53 109 121 45 52 92 146 195 86 49 115 73 138 67 124 60 11 133 102 98 145 61 109 116 52 114 173 66 96 32 7 105 46 117 118 64 94 73 104 165 53 169 104 
135 66 83 134 127 89 106 101 76 102 15 137 140 136 146 25 121 116 97 129 150 125 160 157 25 69 36 141 66 150 37 131 92 139 88 62 99 173 114 127 89 143 169 69 134 114 81 159 42 135 122 138 87 141 111 141 34 107 109 66 128 115 115 157 73 99 112 170 118 136 14 197 141 168 168 80 124 36 135 75 82 105 39 88 89 87 111 110 159 97 160 30 96 157 93 145 45 87 99 20 41 97 86 77 104 142 98 64 104 114 116 80 46 110 101 111 138 120 60 154 93 80 49 148 171 122 80 69 
17 115 124 40 64 57 89 146 142 50 114 154 166 42 144 132 102 90 81 17 186 78 60 120 81 145 155 83 146 145 152 147 55 158 115 138 113 68 43 95 71 83 58 48 103 167 133 123 82 166 84 16 73 154 157 108 91 107 105 138 174 90 77 191 132 92 127 90 190 134 121 59 102 156 152 109 110 147 103 30 71 140 149 132 162 112 105 131 28 155 140 80 179 97 46 179 135 104 120 76 74 150 25 82 128 120 139 180 69 173 80 152 110 124 110 100 62 54 144 102 145 147 145 47 34 110 99 123 
128 43 132 99 108 147 183 91 133 126 49 83 63 25 124 66 67 105 131 126 137 100 56 157 47 195 85 157 67 103 60 39 162 62 148 98 50 117 49 115 81 124 116 26 88 77 119 78 106 127 119 46 125 94 114 153 96 81 190 99 52 157 107 90 67 107 117 66 69 180 61 104 28 89 125 32 100 83 98 99 95 45 31 18 100 65 103 92 83 70 122 32 104 66 48 133 166 164 141 88 51 99 83 90 119 184 179 159 108 66 46 110 194 92 98 59 90 60 48 19 165 87 64 109 141 33 127 77 
124 91 40 138 59 118 118 111 66 181 138 21 101 83 96 142 46 186 99 126 7 184 57 126 183 64 138 23 104 148 133 83 98 79 93 153 100 130 42 142 121 104 149 83 153 67 98 58 55 167 65 89 139 130 116 141 40 152 120 88 121 87 141 92 111 123 150 187 128 80 140 179 163 153 173 186 32 39 148 46 118 50 123 50 76 92 52 116 111 113 110 116 143 19 66 157 150 129 118 116 126 77 126 102 99 139 134 81 70 96 110 124 92 180 76 108 161 62 152 83 52 93 72 62 133 133 67 179 
92 98 112 101 29 82 163 68 119 90 49 25 127 107 111 77 114 91 96 26 87 90 59 139 93 71 144 88 18 140 104 75 107 66 149 121 144 135 82 23 134 155 178 89 62 30 74 124 54 126 89 89 54 114 61 62 86 47 78 105 41 144 46 198 90 102 75 80 62 147 154 187 137 107 106 114 58 125 71 87 114 175 103 148 62 80 127 158 129 98 131 87 117 116 83 146 181 103 137 58 75 68 158 188 88 99 146 70 65 32 101 110 98 76 166 46 88 70 132 15 154 56 138 93 97 75 102 77 
107 98 122 117 85 114 120 85 140 122 128 68 154 77 124 25 135 31 45 141 76 164 49 70 91 137 84 78 72 20 113 130 93 64 14 144 142 79 59 84 141 56 143 110 88 150 54 13 27 129 47 90 68 111 136 30 73 103 33 157 88 103 46 188 159 126 123 144 100 46 124 162 90 160 137 63 106 80 73 78 112 20 95 108 75 128 155 75 126 54 25 144 174 126 77 141 81 158 100 159 159 108 87 89 146 122 37 108 54 7 111 100 59 108 46 76 68 40 56 137 128 105 86 136 101 97 58 27 
179 99 129 122 102 120 63 119 161 75 98 114 18 81 120 47 101 148 124 84 124 103 84 135 64 102 99 46 149 137 142 123 84 133 33 185 53 154 111 137 107 48 78 129 71 145 29 105 104 52 118 87 133 194 20 40 143 53 122 150 30 68 33 112 150 117 106 57 99 87 32 61 59 74 64 76 60 27 67 117 58 128 18 106 115 141 166 134 21 112 148 126 43 11 103 25 101 78 98 89 112 118 122 72 153 139 169 30 59 105 138 62 90 161 88 68 124 130 93 85 108 154 120 134 112 93 108 10 
36 163 124 70 101 158 63 99 71 71 78 148 180 101 165 139 46 95 42 112 101 91 115 112 102 183 91 68 147 73 119 121 14 63 62 87 82 117 126 98 127 136 182 116 89 29 108 130 153 107 153 56 148 185 109 113 38 85 99 64 53 132 152 81 129 98 33 85 188 27 103 84 106 107 184 106 111 93 134 116 127 140 143 56 87 165 43 83 155 140 94 74 140 34 39 75 61 130 59 130 73 47 184 72 136 128 76 79 109 46 120 54 60 62 70 40 130 108 169 62 113 38 154 155 106 190 56 112 
118 90 109 89 85 132 154 140 74 83 109 164 171 123 139 108 170 154 94 104 87 103 120 109 137 118 152 45 75 159 132 84 108 70 157 83 169 110 108 96 90 73 93 75 161 101 128 84 121 187 72 37 110 38 81 122 45 157 18 97 128 99 42 90 192 119 104 89 95 109 70 46 132 147 109 83 42 87 111 102 81 147 83 116 136 82 107 69 84 113 35 152 74 46 166 95 64 121 31 127 141 105 44 103 75 151 92 61 77 117 60 144 48 152 132 56 93 169 190 111 91 169 49 124 104 168 32 67 
97 156 136 109 86 118 112 151 92 109 95 96 112 123 65 136 94 103 142 63 151 118 93 138 126 74 78 105 121 101 44 14 111 28 22 84 147 86 101 108 109 144 29 127 47 94 146 104 58 124 148 157 24 77 80 72 91 134 68 71 71 96 44 112 96 80 110 59 131 91 70 38 123 85 171 57 41 102 79 118 39 59 71 186 128 53 133 136 66 92 70 38 151 91 122 113 75 136 69 90 123 80 174 66 78 35 94 89 95 118 154 102 19 83 15 137 85 62 111 4 135 47 77 64 129 103 136 110 
98 114 100 100 153 158 181 87 52 130 127 42 134 139 79 146 49 107 130 54 21 123 127 110 92 80 84 88 103 88 132 47 69 35 138 86 131 127 90 104 156 109 58 83 100 156 121 70 79 83 72 81 160 89 156 158 75 84 36 106 116 38 88 127 91 122 80 73 125 134 88 81 80 148 92 90 186 187 155 60 138 171 107 110 95 112 117 154 151 94 91 114 51 98 76 63 127 183 123 99 113 97 154 71 122 132 38 137 78 64 93 145 165 52 154 128 108 113 91 135 80 72 58 100 122 97 82 142 
110 114 96 159 172 118 112 180 46 63 74 95 61 76 61 148 151 104 91 161 85 89 117 129 93 88 76 65 105 110 85 64 131 72 33 94 115 145 57 78 105 69 140 191 144 102 117 75 75 129 99 83 61 61 83 22 81 177 80 107 34 79 74 97 5 64 118 112 88 150 174 92 61 115 64 69 144 99 101 115 24 73 117 71 52 107 76 116 136 25 72 149 22 163 14 73 133 57 90 140 64 132 158 66 100 77 102 172 125 94 80 147 87 93 56 105 154 38 169 47 72 20 159 41 43 98 66 115 
94 161 160 140 103 133 133 121 56 157 99 99 110 96 149 29 89 78 80 48 41 71 94 173 35 91 62 94 53 60 91 154 150 26 74 114 137 142 116 73 90 145 107 88 122 149 146 82 38 111 122 86 33 106 76 77 72 57 67 142 80 88 64 117 173 44 61 101 149 122 56 89 127 74 42 62 131 29 84 90 53 83 48 81 60 111 104 110 175 142 15 115 138 81 169 75 102 116 53 112 91 145 75 114 165 64 66 107 41 73 49 145 64 72 138 86 120 154 49 77 58 159 56 86 143 149 131 74 
168 36 148 37 123 132 90 114 103 73 81 126 167 96 77 169 86 97 97 41 131 56 90 89 117 82 92 86 22 129 169 124 59 117 99 86 119 100 74 165 80 25 40 138 147 126 118 88 85 100 90 91 26 106 81 24 76 182 160 87 71 39 172 52 94 95 86 111 46 173 55 34 53 132 104 137 125 18 32 126 62 185 167 13 79 106 76 86 91 104 51 100 141 152 116 115 66 50 85 84 46 134 120 80 89 42 106 79 117 104 148 47 109 62 93 136 134 155 124 64 100 41 86 200 39 62 95 112 
53 121 145 166 57 133 100 140 71 31 150 64 74 49 146 80 66 149 140 132 75 48 128 123 42 28 151 131 133 69 120 77 122 142 137 64 42 101 108 118 178 34 54 167 123 113 85 33 91 107 74 102 115 137 14 124 109 141 124 73 91 123 91 129 133 73 63 197 108 42 118 82 149 95 47 35 142 131 91 109 114 151 100 89 88 128 50 57 140 167 103 46 113 50 90 33 100 115 45 138 99 61 138 68 100 128 30 127 31 165 171 34 141 133 97 101 112 106 104 129 122 43 143 39 58 88 90 167 
41 119 118 126 126 133 56 118 52 86 78 47 116 44 116 78 165 47 49 164 84 117 58 119 132 63 157 68 174 93 99 172 98 82 28 132 100 89 158 124 74 100 132 168 71 28 53 153 165 96 105 74 101 102 80 72 92 113 108 49 156 194 87 76 89 144 126 7 148 177 105 166 33 74 15 113 90 181 64 106 185 91 69 115 81 142 101 166 88 77 121 26 160 80 94 112 114 138 148 125 113 48 130 82 112 152 85 83 39 53 122 110 33 133 75 97 93 190 168 103 97 98 149 62 88 192 167 95 
91 156 129 117 28 27 97 71 147 93 56 78 123 110 20 149 125 156 118 90 74 127 87 58 74 156 51 127 144 67 33 109 156 114 64 140 163 126 39 103 135 25 115 68 48 29 45 63 101 90 74 66 117 166 199 76 86 54 86 170 165 86 44 169 159 67 62 80 153 115 162 106 15 49 48 109 157 138 38 89 160 164 47 100 69 108 150 122 135 122 118 117 104 133 34 89 150 117 119 96 103 94 96 192 118 85 48 155 71 169 80 99 127 67 102 58 108 56 32 136 82 66 131 95 90 167 126 126 
107 83 52 88 90 84 75 101 179 125 128 154 101 62 112 35 153 132 105 82 144 108 119 134 120 117 76 78 52 76 69 163 55 105 120 32 122 39 75 141 76 132 128 118 73 103 54 56 139 132 58 126 60 45 101 73 28 107 145 164 109 147 183 24 137 126 30 138 119 109 101 84 164 129 76 163 180 84 173 85 118 93 110 168 83 118 183 104 124 102 108 93 106 147 91 79 51 36 114 27 37 32 62 186 15 85 173 54 95 104 69 123 77 179 77 27 10 112 67 110 142 115 74 112 167 95 126 126 