32
4 3 8 2 5 8 3 1 10 4 6 7 3 8 3 5 3 8 5 5 4 9 4 6 6 6 8 8 8 10 8 6 
2 3 7 2 10 9 6 6 10 3 5 5 7 7 9 5 2 5 3 4 10 3 8 9 4 8 8 6 4 7 8 8 
1 5 1 4 9 6 1 4 8 3 6 6 6 10 3 6 9 10 2 6 6 9 10 9 4 4 6 2 10 2 4 4 
2 5 2 3 9 5 7 9 8 10 2 9 4 6 5 1 8 6 3 4 10 8 3 2 1 8 8 8 2 7 4 2 
6 3 9 8 5 3 1 6 10 2 7 10 4 6 8 1 5 7 6 4 7 4 3 10 10 4 10 3 4 7 10 5 
6 5 10 10 1 8 5 5 1 10 5 7 5 8 8 8 9 5 1 7 3 6 8 1 1 4 1 5 3 9 3 4 
2 4 7 8 2 5 10 5 2 10 8 9 5 5 3 5 8 10 10 5 9 8 1 5 6 8 1 1 5 6 3 7 
5 4 10 3 10 1 4 1 4 2 4 8 2 6 6 7 1 9 3 6 8 3 3 6 4 9 6 8 1 7 6 8 
2 6 9 8 9 3 5 9 6 9 2 3 6 3 6 7 9 8 4 9 5 1 9 4 9 1 9 1 10 5 9 6 
2 8 1 10 3 6 2 1 6 6 3 7 10 10 8 4 8 10 9 7 10 8 1 9 8 3 5 5 10 10 5 2 
4 10 3 1 2 4 6 6 10 4 1 6 7 1 6 8 6 9 9 3 7 1 8 1 9 9 8 1 10 6 1 5 
10 6 1 3 2 2 7 9 2 7 1 2 6 7 6 7 4 6 5 8 2 2 9 3 3 9 9 3 4 9 9 1 
4 1 2 6 1 8 3 5 8 7 5 2 1 5 8 4 5 2 5 8 6 7 7 6 7 10 4 2 1 3 1 8 
1 2 9 10 3 1 10 2 4 9 1 2 8 10 1 7 6 9 7 8 1 10 5 3 7 2 3 1 8 4 7 5 
5 10 8 9 1 1 4 2 6 2 5 8 1 6 4 9 8 7 10 3 1 3 10 1 1 3 7 3 6 8 5 1 
1 3 8 10 8 10 9 2 6 1 4 6 5 10 7 3 1 2 6 7 2 7 1 4 7 3 4 2 4 8 6 1 
6 10 7 8 7 9 10 10 5 3 1 1 6 7 7 7 8 9 1 2 6 6 9 2 9 10 9 1 7 9 4 8 
1 9 5 3 6 9 3 8 6 5 1 9 6 4 4 10 5 9 6 8 5 10 7 6 6 7 1 4 4 6 8 5 
4 9 10 9 2 9 3 7 3 8 7 4 7 8 8 4 4 5 9 7 3 2 5 1 2 9 6 2 3 6 9 7 
6 9 8 8 1 2 1 3 8 6 9 9 10 5 7 9 3 2 8 6 3 1 5 9 6 3 6 4 6 9 2 10 
10 6 7 8 3 10 8 1 6 6 9 7 1 1 4 6 6 7 3 1 1 10 9 5 9 5 7 3 3 2 7 5 
8 2 7 2 8 1 3 2 7 1 4 6 7 1 8 5 5 4 6 3 5 2 3 9 5 5 9 5 3 4 2 3 
9 2 3 7 10 9 10 9 8 6 4 7 5 3 10 2 3 7 9 4 4 10 9 8 8 10 9 2 1 10 3 6 
8 1 10 8 6 2 4 3 6 10 10 10 3 6 5 4 3 1 9 5 5 1 1 9 7 10 3 7 10 1 1 7 
7 1 6 9 5 4 10 1 8 10 3 2 2 6 9 5 6 7 5 10 1 5 8 4 3 9 5 4 3 1 7 3 
4 7 10 6 6 1 1 10 1 2 8 8 1 6 2 5 2 6 10 8 1 3 10 3 8 2 4 3 2 7 2 10 
10 9 9 6 10 2 10 2 4 5 7 2 8 7 4 1 7 8 1 5 9 5 1 9 3 4 1 8 4 7 2 6 
9 8 2 5 7 7 3 9 5 4 10 2 7 1 4 5 5 7 2 2 8 2 4 8 8 4 9 7 10 8 1 5 
3 9 9 3 9 7 9 4 1 3 9 6 9 7 9 1 10 1 8 6 7 3 1 2 7 6 2 4 6 4 4 6 
5 1 6 1 10 5 3 10 1 6 7 8 10 5 5 9 5 8 3 7 9 7 9 9 2 8 3 4 9 10 9 10 
1 4 7 6 6 8 2 8 8 8 10 8 7 8 2 6 1 8 6 3 10 8 1 7 8 10 3 7 10 4 9 8 
8 1 8 7 4 7 6 4 9 5 2 7 1 1 6 1 6 4 4 6 1 1 9 9 10 8 3 3 1 2 4 9 
12 74 158 50 115 115 162 67 94 117 107 104 96 96 152 84 165 116 97 146 119 141 119 94 29 129 108 49 49 90 178 154 
74 6 26 70 18 112 84 103 68 96 18 70 112 167 83 179 59 77 120 129 47 139 118 45 106 129 76 73 50 105 90 118 
158 26 192 132 151 77 134 135 16 164 48 105 110 31 143 96 160 113 92 36 157 118 80 122 92 28 116 85 35 54 107 152 
50 70 132 120 5 161 75 116 107 70 142 141 169 64 96 93 154 39 125 68 156 37 115 71 170 177 95 133 137 55 72 87 
115 18 151 5 68 159 74 137 73 51 154 84 80 97 157 89 139 116 179 78 163 143 75 141 52 160 127 133 97 95 130 176 
115 112 77 161 159 46 97 120 8 50 91 27 162 84 58 86 162 85 53 71 84 68 92 141 74 80 113 134 142 136 78 90 
162 84 134 75 74 97 154 109 95 107 108 106 51 81 23 164 70 100 151 29 140 71 131 52 92 167 68 74 92 119 177 50 
67 103 135 116 137 120 109 100 96 54 111 126 73 103 144 126 146 153 93 108 29 76 79 164 157 90 103 97 98 110 175 39 
94 68 16 107 73 8 95 96 74 87 105 105 105 53 92 103 171 48 152 71 145 90 92 123 55 92 37 87 111 54 133 112 
117 96 164 70 51 50 107 54 87 64 175 69 86 110 64 98 72 165 123 81 92 92 68 120 58 159 127 114 132 36 126 43 
107 18 48 142 154 91 108 111 105 175 140 62 121 77 84 114 79 99 40 125 32 159 46 86 43 166 178 70 93 109 75 164 
104 70 105 141 84 27 106 126 105 69 62 24 53 102 38 48 94 74 42 71 134 43 97 62 174 120 40 194 41 133 122 121 
96 112 110 169 80 162 51 73 105 86 121 53 38 118 143 97 112 153 190 109 137 89 159 150 102 134 49 92 55 125 83 157 
96 167 31 64 97 84 81 103 53 110 77 102 118 66 34 113 91 104 86 99 157 55 126 92 50 122 78 131 58 138 175 56 
152 83 143 96 157 58 23 144 92 64 84 38 143 34 142 128 87 108 170 97 156 84 98 142 45 83 138 113 51 73 106 114 
84 179 96 93 89 86 164 126 103 98 114 48 97 113 128 76 81 64 128 109 88 111 55 117 108 131 27 41 140 108 115 99 
165 59 160 154 139 162 70 146 171 72 79 94 112 91 87 81 128 48 104 82 89 130 76 152 112 60 107 79 71 92 83 142 
116 77 113 39 116 85 100 153 48 165 99 74 153 104 108 64 48 188 152 80 47 86 133 88 107 112 103 37 89 143 95 74 
97 120 92 125 179 53 151 93 152 123 40 42 190 86 170 128 104 152 182 157 106 152 106 94 85 89 146 142 99 143 85 123 
146 129 36 68 78 71 29 108 71 81 125 71 109 99 97 109 82 80 157 132 115 88 154 60 164 159 160 135 75 177 84 77 
119 47 157 156 163 84 140 29 145 92 32 134 137 157 156 88 89 47 106 115 126 111 150 37 124 77 66 84 177 106 89 139 
141 139 118 37 143 68 71 76 90 92 159 43 89 55 84 111 130 86 152 88 111 102 25 100 138 82 126 38 175 103 174 101 
119 118 80 115 75 92 131 79 92 68 46 97 159 126 98 55 76 133 106 154 150 25 104 71 121 120 96 14 111 54 87 114 
94 45 122 71 141 141 52 164 123 120 86 62 150 92 142 117 152 88 94 60 37 100 71 74 140 98 59 98 57 124 58 111 
29 106 92 170 52 74 92 157 55 58 43 174 102 50 45 108 112 107 85 164 124 138 121 140 38 99 82 111 89 85 117 155 
129 129 28 177 160 80 167 90 92 159 166 120 134 122 83 131 60 112 89 159 77 82 120 98 99 156 103 122 91 129 176 98 
108 76 116 95 127 113 68 103 37 127 178 40 49 78 138 27 107 103 146 160 66 126 96 59 82 103 2 82 20 153 97 72 
49 73 85 133 133 134 74 97 87 114 70 194 92 131 113 41 79 37 142 135 84 38 14 98 111 122 82 62 140 108 115 35 
49 50 35 137 97 142 92 98 111 132 93 41 55 58 51 140 71 89 99 75 177 175 111 57 89 91 20 140 96 159 11 115 
90 105 54 55 95 136 119 110 54 36 109 133 125 138 73 108 92 143 143 177 106 103 54 124 85 129 153 108 159 182 147 58 
178 90 107 72 130 78 177 175 133 126 75 122 83 175 106 115 83 95 85 84 89 174 87 58 117 176 97 115 11 147 130 51 
154 118 152 87 176 90 50 39 112 43 164 121 157 56 114 99 142 74 123 77 139 101 114 111 155 98 72 35 115 58 51 56 