16
8 6 7 4 6 8 4 8 9 2 3 1 10 2 2 6 
5 1 9 8 9 4 4 5 1 10 4 8 10 8 3 6 
4 2 7 9 9 7 6 2 6 5 2 8 2 1 3 5 
9 1 1 10 8 4 7 6 9 8 9 6 10 1 6 10 
1 5 9 4 7 8 5 5 7 2 8 4 3 4 3 5 
7 6 2 7 8 8 6 10 1 2 4 2 3 10 5 1 
4 5 10 9 7 7 7 5 7 6 8 2 9 7 9 10 
4 6 3 5 2 10 1 4 6 10 6 6 9 7 8 7 
8 5 9 9 8 4 3 5 8 6 1 4 6 1 9 3 
8 8 10 8 1 10 4 10 1 7 10 4 9 2 6 3 
9 3 10 9 10 7 6 5 8 8 3 1 9 1 10 2 
10 10 4 2 9 9 4 4 2 2 3 6 1 2 8 2 
5 4 4 9 6 6 1 8 5 4 3 5 7 2 10 8 
5 9 9 5 3 5 1 3 10 3 1 1 6 5 10 5 
2 3 2 1 9 3 10 6 5 4 8 5 4 6 10 4 
8 6 6 7 5 10 3 3 5 7 1 4 3 1 7 5 
68 67 122 199 47 130 100 88 62 140 75 94 142 85 103 145 
67 138 87 65 128 48 110 123 65 109 191 120 130 20 141 41 
122 87 42 115 135 153 94 124 71 50 64 74 136 87 103 73 
199 65 115 138 111 89 36 121 56 151 107 114 130 98 120 67 
47 128 135 111 12 133 98 95 59 142 82 17 141 199 123 101 
130 48 153 89 133 68 188 81 173 116 61 51 169 94 95 123 
100 110 94 36 98 188 116 161 122 35 82 163 114 77 127 98 
88 123 124 121 95 81 161 162 35 112 120 83 189 55 133 32 
62 65 71 56 59 173 122 35 66 71 116 90 193 74 48 53 
140 109 50 151 142 116 35 112 71 198 141 119 119 162 78 116 
75 191 64 107 82 61 82 120 116 141 66 192 82 124 100 192 
94 120 74 114 17 51 163 83 90 119 192 8 56 91 172 55 
142 130 136 130 141 169 114 189 193 119 82 56 58 54 26 101 
85 20 87 98 199 94 77 55 74 162 124 91 54 160 164 82 
103 141 103 120 123 95 127 133 48 78 100 172 26 164 22 102 
145 41 73 67 101 123 98 32 53 116 192 55 101 82 102 190 