64
1 9 9 5 7 6 8 3 3 8 10 7 6 10 8 7 9 8 1 4 9 1 4 1 9 8 10 7 1 7 4 7 2 7 2 4 8 6 6 8 9 3 9 3 9 7 1 9 4 8 4 10 6 10 10 7 4 7 6 4 7 9 3 2 
2 10 10 9 4 2 2 4 5 8 1 3 7 7 9 2 8 10 9 10 4 9 3 6 8 2 1 7 6 5 6 4 8 2 1 8 10 1 7 7 9 8 9 7 3 9 9 6 4 2 7 3 1 4 9 3 3 6 2 8 8 2 7 5 
1 9 3 8 5 3 6 1 7 6 1 4 3 8 8 9 6 6 2 6 3 3 2 1 8 8 3 9 8 1 1 5 9 4 10 1 4 5 3 9 2 1 8 3 10 8 3 3 7 2 3 2 8 8 5 9 1 5 10 1 9 5 4 2 
4 1 4 7 3 3 8 9 9 6 1 5 10 9 4 1 3 5 7 5 5 2 1 8 10 8 10 1 4 6 6 8 6 3 6 10 2 10 9 2 4 9 2 8 7 3 10 10 4 3 8 10 4 10 1 9 6 10 5 4 10 8 8 5 
4 10 9 5 10 3 7 7 9 7 3 4 7 10 4 1 3 4 6 7 6 2 1 6 3 6 1 6 3 5 10 9 7 5 8 5 10 9 10 1 8 6 2 9 1 3 5 9 2 2 4 8 7 2 1 5 3 9 1 3 6 5 2 4 
3 9 2 4 3 4 9 5 6 4 2 8 5 5 9 7 3 5 3 1 10 8 3 1 7 2 3 3 6 7 10 6 4 4 6 4 1 6 9 5 1 9 9 8 10 3 10 1 3 1 6 1 1 3 5 8 3 3 9 3 4 10 6 1 
9 1 5 3 7 8 1 3 9 4 6 5 1 9 4 5 2 10 1 9 3 10 4 1 6 4 9 9 5 4 6 1 2 3 6 1 7 8 1 2 4 2 4 1 8 6 9 3 10 5 7 2 10 7 1 3 4 3 4 8 9 10 9 3 
2 8 9 10 3 6 8 10 6 6 8 1 7 8 3 2 7 6 9 5 5 2 5 3 3 4 9 5 3 10 6 10 7 7 4 6 10 1 1 8 2 3 9 2 9 6 5 10 1 8 2 2 6 4 1 5 4 5 2 4 9 6 5 3 
6 8 8 10 2 2 5 3 6 5 9 4 10 2 3 5 5 4 1 6 7 8 2 7 8 1 7 5 5 9 9 3 3 7 2 7 6 6 5 2 2 8 3 7 6 1 9 4 7 1 3 1 1 1 3 6 1 6 9 3 9 2 3 8 
2 9 7 2 7 6 7 8 1 2 4 10 7 4 5 5 2 2 4 9 8 6 7 5 2 6 8 8 6 1 9 1 8 2 10 7 9 2 3 5 9 10 1 6 8 3 4 8 8 9 7 4 6 6 9 9 3 8 10 2 9 8 1 5 
4 9 4 7 7 9 1 1 2 10 9 1 6 7 3 8 8 3 10 2 9 4 2 3 3 10 4 4 7 3 5 4 3 9 8 2 8 1 6 5 1 6 1 3 7 6 2 9 8 4 1 4 7 10 5 6 2 5 2 3 4 6 6 8 
4 4 10 5 4 1 10 8 8 4 1 8 9 5 7 10 9 2 1 6 1 5 9 8 8 10 1 6 10 6 10 1 9 7 5 8 8 10 7 10 6 5 9 1 8 5 2 3 3 5 8 10 2 10 5 1 4 3 3 1 4 5 2 4 
2 2 2 10 2 9 6 6 5 3 8 9 6 8 5 4 10 6 4 5 4 3 6 1 5 5 3 4 9 5 1 8 1 10 5 1 1 9 1 1 10 9 9 9 7 8 4 10 8 2 6 7 8 2 1 3 6 7 1 4 7 1 6 10 
4 9 5 8 2 9 10 4 3 10 10 9 3 9 5 3 5 1 5 8 2 1 8 10 3 3 3 5 4 3 7 6 6 3 4 9 3 9 6 7 8 2 8 4 5 4 4 3 3 10 10 2 9 2 1 7 5 2 8 8 9 4 9 9 
2 3 2 8 10 7 9 7 9 4 7 8 8 2 8 2 4 3 6 2 4 1 9 4 5 4 6 6 8 3 10 5 3 2 4 7 5 7 5 8 9 1 6 1 9 6 4 6 8 7 7 4 8 6 7 10 9 3 6 3 6 9 10 8 
4 3 3 4 10 5 6 10 4 4 4 7 4 1 2 5 5 10 10 9 1 2 10 4 9 9 10 2 1 9 9 1 4 8 6 8 5 2 7 8 4 5 5 8 10 6 7 10 8 3 5 4 5 7 8 7 5 4 10 5 3 8 3 1 
7 5 4 1 1 10 5 4 1 2 7 10 4 3 3 5 7 7 8 1 1 9 3 4 3 4 3 5 3 2 4 2 10 4 5 2 5 7 2 5 7 10 9 7 7 6 5 3 5 5 2 9 2 5 4 8 7 9 5 4 9 7 1 4 
2 1 7 9 9 4 8 3 4 8 8 4 7 6 10 3 8 10 4 2 9 5 9 2 6 7 8 7 6 10 4 1 3 1 4 5 8 9 2 10 7 2 6 2 5 3 5 1 1 1 3 3 6 8 5 6 10 1 4 5 6 10 7 8 
10 8 8 7 9 5 5 7 5 4 4 6 4 9 6 6 6 10 3 4 3 5 2 10 9 4 2 8 2 8 3 1 10 9 8 3 8 10 8 9 2 1 8 2 7 4 3 2 3 10 9 3 8 3 6 6 7 6 9 10 9 8 7 10 
1 7 10 8 3 3 4 8 9 2 8 10 6 3 6 3 4 10 7 9 1 3 2 6 9 3 6 2 2 8 10 9 6 10 10 9 2 2 8 6 4 9 8 6 8 10 4 8 9 5 4 6 2 10 6 6 10 6 8 4 10 5 8 3 
6 2 5 2 10 6 10 8 7 2 6 8 10 7 10 10 3 10 10 7 2 9 6 3 9 10 7 2 8 7 3 5 3 5 5 3 4 6 2 10 6 7 7 8 9 5 2 4 7 9 4 8 1 5 6 8 9 2 5 6 6 5 7 2 
8 6 10 1 1 8 3 9 9 3 10 3 2 6 2 5 8 4 4 3 9 10 7 6 1 10 10 4 10 4 2 5 4 2 1 8 2 5 9 5 10 1 5 1 3 9 6 1 1 3 8 8 4 7 9 5 10 7 9 2 7 4 1 1 
2 9 5 8 9 10 4 8 5 9 4 6 1 2 6 1 8 5 9 10 5 6 8 9 3 3 2 3 3 9 6 5 3 9 4 2 5 6 1 7 6 3 4 1 3 8 1 4 10 6 5 3 8 8 10 5 5 3 7 9 5 2 4 1 
4 5 2 7 8 8 5 5 9 8 8 7 2 3 9 7 9 6 1 5 8 10 1 8 10 10 2 8 10 1 3 7 6 1 2 4 4 8 4 6 3 3 3 9 1 9 8 4 2 2 5 3 7 10 5 7 5 10 3 9 6 9 2 3 
8 3 3 4 10 1 2 8 3 6 9 1 6 3 9 10 1 3 9 2 6 6 8 1 10 9 1 2 9 7 7 9 3 7 3 10 1 1 9 3 3 7 8 1 9 4 6 5 9 2 5 8 6 2 6 4 10 1 3 1 1 3 1 8 
4 6 9 4 9 7 7 7 7 10 7 6 3 5 5 1 2 8 4 7 5 10 5 3 4 2 3 5 4 3 8 1 7 8 9 7 2 3 4 7 4 2 7 5 9 4 5 1 9 1 3 3 7 4 9 3 10 6 6 4 6 8 5 6 
7 6 1 7 9 9 9 3 3 3 5 6 3 1 9 3 1 9 5 10 9 3 9 9 10 9 10 3 2 6 9 10 1 5 9 10 3 3 6 5 6 2 6 4 4 10 3 1 6 6 7 1 7 7 8 10 5 9 6 7 7 3 3 10 
9 5 4 2 9 5 6 3 1 7 5 10 10 8 2 4 9 7 6 8 10 6 9 10 1 9 10 8 8 5 4 2 2 8 10 8 8 1 6 1 3 10 2 2 6 1 4 9 5 2 5 10 9 9 1 7 8 4 1 2 6 2 8 7 
8 10 4 10 2 4 2 5 4 6 9 2 3 3 7 6 10 7 2 3 2 9 5 2 3 9 1 2 9 6 9 2 2 10 10 5 9 5 6 4 6 1 2 5 8 5 2 2 3 9 5 2 1 8 3 2 1 10 10 7 5 3 7 5 
6 7 5 3 10 3 1 10 9 8 5 7 8 8 5 5 4 3 4 10 7 3 5 8 3 1 4 4 6 9 3 7 4 8 3 9 10 2 5 5 2 1 9 6 4 6 5 4 5 4 4 3 1 8 3 4 1 2 4 9 3 3 6 5 
2 5 8 3 8 2 10 2 3 8 1 1 9 7 10 7 10 3 4 5 2 2 3 4 9 1 1 4 2 8 5 4 9 3 2 4 6 9 6 5 7 3 5 4 5 6 10 6 3 2 5 5 9 1 3 8 4 2 2 2 10 5 1 10 
4 9 3 7 8 1 3 9 2 1 5 8 4 10 2 7 2 10 9 3 9 2 2 2 4 6 7 8 8 5 8 4 1 10 9 8 1 4 8 10 8 6 8 6 10 6 4 5 8 4 8 6 8 8 5 10 3 5 7 9 10 3 4 4 
9 1 2 8 9 1 1 3 8 9 10 5 1 2 8 9 6 10 6 5 10 5 4 7 9 3 10 10 9 10 9 1 4 6 5 2 7 6 10 9 7 10 6 2 2 7 4 3 7 3 5 8 5 5 7 6 10 4 8 2 2 4 9 5 
5 6 6 3 6 6 10 5 2 10 3 6 6 4 5 6 2 6 5 9 9 2 1 1 5 5 6 5 2 9 3 7 4 2 5 6 9 8 2 5 4 9 8 4 10 9 2 7 10 5 5 3 8 3 2 4 3 2 1 9 8 4 10 3 
1 9 4 3 10 9 2 1 9 6 6 4 4 4 4 4 2 1 4 5 4 10 5 6 5 5 1 7 4 2 3 6 6 3 10 2 10 9 10 2 8 10 6 5 10 1 5 1 4 7 9 9 6 2 10 5 7 5 2 4 7 7 7 3 
10 4 5 1 7 8 9 4 8 2 1 7 9 2 1 6 10 2 5 10 2 8 7 1 1 9 3 3 1 3 4 4 2 6 10 9 8 8 1 3 1 5 6 10 3 3 9 8 9 3 10 2 9 10 6 5 9 10 9 10 6 7 3 2 
9 4 3 8 1 3 5 2 10 6 9 8 7 1 10 7 7 7 10 4 7 4 10 6 4 2 6 7 5 5 1 4 3 1 10 4 6 9 3 1 10 7 5 2 2 6 9 3 4 8 7 1 2 5 6 8 3 3 8 6 2 6 9 9 
4 5 8 9 6 2 6 10 2 1 6 7 5 1 3 10 5 9 2 5 3 4 8 5 1 2 8 8 5 3 9 5 1 9 5 3 5 3 6 6 8 7 2 6 6 4 8 9 9 7 6 10 9 9 8 4 6 1 1 8 3 10 8 1 
6 2 1 7 9 9 9 10 10 2 7 4 5 8 2 10 3 10 3 10 6 4 3 10 9 5 1 7 1 5 5 10 9 5 3 4 8 5 1 6 6 3 1 8 1 2 9 1 2 1 2 3 5 3 2 6 2 2 7 5 10 9 9 1 
8 1 9 1 10 3 10 1 2 8 8 6 10 7 2 8 8 4 4 4 7 7 2 4 9 1 10 9 5 4 5 9 10 8 7 6 4 8 7 2 1 8 3 3 2 8 3 3 8 5 1 8 2 8 2 10 7 9 2 3 4 8 5 6 
7 7 6 6 8 4 4 10 1 2 2 10 6 3 8 9 5 2 7 3 3 6 9 4 1 4 4 8 10 3 2 2 9 9 5 3 2 4 3 4 7 7 2 2 6 9 5 6 7 8 1 3 1 1 10 9 1 1 1 6 7 5 2 8 
4 1 10 1 7 10 2 5 9 3 1 10 1 10 5 3 7 7 9 9 8 4 4 9 2 2 8 10 9 10 8 8 2 10 8 4 2 6 2 6 3 9 10 8 6 4 1 6 1 2 2 6 10 10 5 3 8 9 1 1 5 9 5 9 
6 2 8 1 10 10 3 9 10 9 1 6 7 3 7 9 9 1 5 7 5 3 9 9 9 5 5 9 7 10 7 1 4 6 4 1 6 2 6 7 9 9 5 1 4 9 1 6 3 7 7 8 2 3 7 4 3 3 1 10 3 4 9 3 
5 1 7 3 1 4 3 4 5 5 7 9 6 6 3 6 8 10 8 10 7 6 5 4 4 8 3 1 6 3 1 2 2 5 10 8 8 3 8 4 8 10 10 6 1 2 5 7 6 10 2 7 4 6 10 4 3 6 2 5 3 7 2 10 
10 3 2 3 9 4 3 5 9 10 3 3 5 1 7 10 1 9 10 2 3 10 1 9 7 8 10 7 10 2 3 8 3 4 8 1 8 10 2 1 1 5 7 4 5 4 9 9 3 7 2 3 10 7 5 2 7 3 6 10 4 1 5 3 
9 10 3 5 10 7 1 10 6 6 9 7 1 1 4 3 2 9 8 1 8 3 1 6 7 6 3 9 2 5 8 3 7 4 5 6 10 2 5 3 3 9 3 2 9 6 4 3 9 6 9 9 7 4 9 7 1 2 5 10 1 8 6 2 
5 6 8 4 4 6 5 1 1 5 10 7 2 7 1 6 3 8 5 1 2 8 3 1 8 10 4 7 9 7 5 5 10 8 2 1 4 7 10 3 8 8 5 5 6 3 7 7 1 1 7 2 9 3 5 1 5 7 3 2 3 1 7 1 
7 3 9 4 9 1 6 8 4 2 5 10 1 5 5 4 10 7 9 4 5 5 1 2 1 8 9 8 1 2 7 4 2 7 6 4 5 6 6 7 2 10 4 3 10 1 3 9 9 8 9 1 7 10 7 2 8 8 1 2 5 9 2 9 
1 6 6 3 9 3 10 5 8 5 2 6 9 10 8 9 9 2 8 6 4 2 3 4 8 3 5 1 5 5 2 2 9 4 6 2 2 2 1 4 5 6 10 1 6 4 3 3 5 2 7 7 4 2 1 5 1 6 6 5 9 7 8 5 
4 6 2 7 5 8 4 2 8 2 3 10 4 4 5 1 7 3 8 6 9 2 8 2 1 2 1 4 5 9 8 2 3 5 10 7 3 2 1 2 2 4 7 5 3 1 1 10 4 6 5 3 7 10 5 5 4 4 6 2 8 8 5 5 
4 7 1 10 9 8 10 8 4 9 4 9 9 7 1 3 4 4 9 1 9 7 7 1 4 9 10 3 6 8 9 8 7 6 3 2 10 9 5 10 3 9 8 1 7 9 5 7 8 3 5 9 8 8 4 10 2 5 3 8 6 7 4 2 
9 2 8 9 3 1 8 10 3 6 1 4 3 4 6 9 3 7 7 9 9 2 5 4 2 10 6 2 6 7 6 6 3 10 5 3 4 8 8 8 3 8 1 7 6 3 1 9 4 2 6 3 8 6 3 7 8 2 9 1 8 1 8 10 
4 1 7 2 7 8 5 8 9 3 7 4 8 8 1 8 8 10 3 10 9 8 8 6 5 9 9 5 1 2 6 10 4 5 8 2 10 3 10 3 9 6 7 6 6 4 6 6 6 1 3 8 6 8 2 6 2 2 10 6 10 4 3 8 
6 5 4 3 10 9 8 8 5 7 6 7 3 3 8 9 9 1 8 9 3 4 6 7 7 1 9 3 2 4 5 3 7 7 5 8 5 8 8 7 6 9 2 10 8 9 7 1 7 2 1 3 2 10 2 8 9 2 10 2 7 1 1 3 
7 5 4 2 10 9 4 8 9 10 8 1 4 8 6 2 5 8 5 10 7 6 6 1 3 3 6 1 6 7 5 4 4 7 3 4 3 1 4 6 4 10 6 4 1 2 1 4 5 2 4 6 5 8 1 6 1 2 4 1 8 5 2 6 
5 4 8 10 7 1 1 9 9 9 5 9 3 8 5 1 2 10 9 5 8 5 5 10 10 4 10 5 2 5 6 3 3 9 2 9 9 5 10 10 1 2 8 4 7 7 1 10 3 10 1 10 1 3 6 2 3 4 10 2 5 7 10 2 
6 4 9 9 1 2 10 6 3 7 4 8 6 9 1 3 1 9 8 1 2 3 10 1 5 6 3 4 5 4 6 7 6 9 5 4 2 2 10 5 3 1 6 8 2 9 2 2 2 7 9 7 9 3 8 4 4 6 2 5 10 1 9 6 
9 3 4 3 1 1 10 6 1 9 1 3 1 4 9 2 7 5 1 6 4 5 3 1 9 1 1 7 1 8 8 3 7 2 9 3 1 4 6 3 6 1 10 6 10 3 7 8 8 6 3 8 7 10 9 4 2 4 7 7 10 5 1 1 
6 6 10 3 6 3 9 5 5 7 10 5 1 1 7 3 5 8 8 10 8 7 8 4 4 5 7 3 5 3 8 1 3 10 6 7 3 7 2 3 5 5 4 7 8 8 1 9 10 9 8 5 9 8 3 9 2 2 6 9 8 7 7 10 
6 2 5 2 1 2 8 7 4 1 10 9 4 1 5 5 6 7 3 3 10 8 9 9 5 4 8 10 8 9 6 10 8 5 5 1 1 6 6 7 7 5 6 4 1 9 2 3 7 10 2 6 7 8 4 7 3 2 8 5 10 1 1 1 
2 4 10 9 9 7 6 9 9 10 9 3 1 4 9 9 10 2 9 4 4 8 1 5 4 3 10 2 10 1 7 4 5 5 4 7 6 4 9 7 5 1 5 8 8 3 6 5 3 3 8 4 5 9 1 7 8 3 3 3 9 3 3 6 
4 8 10 9 6 3 4 10 8 2 2 7 2 1 7 8 10 5 4 2 8 4 4 3 9 9 4 6 9 4 8 2 8 9 1 1 2 9 6 3 9 3 3 6 6 3 2 10 5 5 5 9 2 1 9 4 4 4 5 7 1 3 2 6 
1 2 5 4 9 10 7 6 4 8 1 1 7 7 10 2 6 3 1 8 4 7 9 2 7 2 10 1 1 8 2 1 9 1 7 9 5 10 8 9 1 2 2 4 3 4 4 8 8 3 7 5 4 9 1 3 6 9 2 4 3 4 7 6 
4 4 8 8 5 10 3 4 3 1 4 7 6 4 1 5 4 7 1 6 3 3 5 4 6 10 2 2 6 5 1 4 8 6 4 2 9 8 10 3 10 6 6 9 3 3 1 4 5 4 4 4 8 5 9 7 3 2 7 1 10 7 9 1 
4 92 49 77 79 75 128 103 115 96 84 61 131 83 134 87 77 119 102 78 63 174 79 79 90 151 61 79 62 110 31 14 106 12 165 73 56 178 126 112 42 36 145 190 91 114 68 106 81 115 91 186 178 92 19 139 114 125 94 62 85 83 26 169 
92 4 111 120 135 91 171 89 69 136 184 112 14 98 101 49 68 69 62 153 171 80 65 64 169 102 81 12 41 70 121 48 31 135 71 153 136 95 71 102 146 49 159 103 152 96 80 79 28 115 105 149 78 56 132 149 104 46 108 44 120 103 89 119 
49 111 86 72 180 101 20 138 86 74 73 50 141 167 115 182 114 89 97 72 60 95 88 184 149 172 55 43 62 117 128 64 172 90 44 72 182 22 100 139 94 102 33 120 161 5 77 126 110 96 114 99 94 166 56 77 75 121 94 158 157 82 94 99 
77 120 72 94 110 109 62 33 106 147 144 101 118 166 77 133 46 83 152 132 39 123 60 106 98 60 52 103 116 164 45 140 179 76 65 103 158 97 34 101 72 119 127 92 146 49 110 98 77 75 174 83 58 75 72 44 157 8 82 55 123 192 8 124 
79 135 180 110 198 51 130 144 123 101 153 108 96 101 65 114 155 3 98 119 51 121 167 124 110 159 116 80 128 68 130 139 113 144 101 138 31 60 100 26 65 117 65 121 75 94 150 139 61 68 166 107 101 118 117 120 121 150 128 114 65 92 88 84 
75 91 101 109 51 186 160 120 79 40 124 102 80 96 105 28 66 100 50 8 168 70 120 99 31 124 95 100 69 116 139 160 98 53 166 157 115 169 94 128 126 107 112 67 73 97 68 29 149 165 103 11 107 132 116 98 166 115 113 95 28 100 89 97 
128 171 20 62 130 160 86 107 135 13 66 114 137 125 89 110 117 110 18 62 95 108 117 92 77 86 95 99 132 107 20 110 114 131 102 94 44 75 66 73 72 109 141 115 44 85 60 115 27 144 85 153 16 160 138 35 78 65 115 30 52 59 166 187 
103 89 138 33 144 120 107 138 137 130 43 100 31 71 76 78 76 91 138 19 106 86 109 90 126 47 105 183 116 133 73 126 157 116 108 144 100 92 114 91 132 75 98 142 48 84 102 106 73 150 107 137 101 117 121 192 122 88 94 101 90 114 104 31 
115 69 86 106 123 79 135 137 78 69 48 82 88 65 105 126 81 133 100 99 95 48 124 104 105 103 45 18 85 111 59 68 82 184 50 94 91 181 70 50 190 73 113 94 106 145 48 100 37 54 42 124 151 107 106 127 95 158 72 167 31 103 109 91 
96 136 74 147 101 40 13 130 69 106 150 137 58 141 29 103 128 70 134 69 54 153 113 93 163 125 78 104 32 161 164 47 156 154 126 102 91 192 95 55 101 122 117 120 81 58 112 162 82 104 155 23 168 65 37 96 103 87 98 117 98 148 82 125 
84 184 73 144 153 124 66 43 48 150 40 42 178 106 84 100 186 183 93 137 35 30 93 101 67 61 80 91 99 140 82 25 127 88 154 115 149 107 128 146 128 53 46 59 63 112 66 68 193 118 84 50 54 99 131 87 130 157 33 90 148 144 96 56 
61 112 50 101 108 102 114 100 82 137 42 84 58 128 67 135 100 169 102 120 169 111 75 40 105 115 173 60 113 127 34 139 40 173 113 53 154 140 69 86 148 69 82 83 101 120 124 85 108 81 71 108 100 143 16 72 151 123 101 126 51 124 114 110 
131 14 141 118 96 80 137 31 88 58 178 58 32 99 173 47 98 127 107 144 154 113 67 75 162 49 99 167 112 48 107 114 145 117 119 30 35 76 74 89 164 184 142 96 129 147 142 135 24 90 42 135 15 104 86 107 105 62 99 177 168 78 109 71 
83 98 167 166 101 96 125 71 65 141 106 128 99 100 27 91 86 36 177 73 72 146 146 30 56 129 41 90 95 97 106 60 71 156 130 94 86 95 97 147 29 116 119 189 69 118 104 106 158 86 86 81 100 174 107 130 135 60 38 84 80 81 156 90 
134 101 115 77 65 105 89 76 105 29 84 67 173 27 50 36 173 177 146 65 56 133 65 35 68 167 81 136 165 122 75 80 124 106 58 102 33 97 133 155 96 150 55 144 80 98 123 143 103 88 140 104 84 78 151 119 113 87 112 89 165 141 83 153 
87 49 182 133 114 28 110 78 126 103 100 135 47 91 36 62 116 104 122 29 116 105 156 135 105 132 132 7 52 76 101 101 186 22 66 91 18 83 103 75 68 61 137 91 30 166 107 82 63 61 34 110 45 153 32 32 59 27 136 91 105 96 25 68 
77 68 114 46 155 66 117 76 81 128 186 100 98 86 173 116 140 94 106 120 110 126 62 70 105 104 79 176 96 143 17 86 64 118 102 145 149 112 21 102 87 126 85 147 152 172 89 80 172 118 138 98 75 142 113 132 61 117 51 84 118 170 85 57 
119 69 89 83 3 100 110 91 133 70 183 169 127 36 177 104 94 32 39 135 106 121 61 68 14 41 62 82 165 89 94 158 115 115 55 65 91 96 99 23 182 90 108 144 90 115 113 184 144 84 95 133 125 128 142 84 89 107 133 126 96 117 119 130 
102 62 97 152 98 50 18 138 100 134 93 102 107 177 146 122 106 39 200 114 129 78 121 32 33 51 77 150 98 108 105 138 88 132 140 87 94 20 165 108 146 97 60 88 112 93 139 89 97 98 57 55 85 73 123 127 96 81 184 115 34 117 43 96 
78 153 72 132 119 8 62 19 99 69 137 120 144 73 65 29 120 135 114 32 99 175 62 142 82 30 130 70 166 116 179 11 30 67 108 94 122 53 124 164 83 164 106 16 76 46 168 96 33 87 92 110 108 116 101 108 23 195 95 150 154 79 187 104 
63 171 60 39 51 168 95 106 95 54 35 169 154 72 56 116 110 106 129 99 106 82 7 130 78 180 59 99 62 138 64 140 124 67 130 106 125 82 58 60 122 117 105 176 149 74 187 174 132 114 39 46 61 84 58 118 81 58 87 85 80 140 128 42 
174 80 95 123 121 70 108 86 48 153 30 111 113 146 133 105 126 121 78 175 82 36 75 122 92 125 91 141 97 179 97 79 83 144 92 82 40 78 150 85 115 85 91 77 145 75 177 94 89 153 118 40 115 162 52 75 47 101 106 97 75 28 32 89 
79 65 88 60 167 120 117 109 124 113 93 75 67 146 65 156 62 61 121 62 7 75 122 93 135 124 79 44 29 85 134 67 129 145 140 145 51 56 61 79 104 116 36 137 137 134 104 58 71 132 120 133 41 104 196 128 88 151 79 168 59 120 56 182 
79 64 184 106 124 99 92 90 104 93 101 40 75 30 35 135 70 68 32 142 130 122 93 118 140 157 20 57 111 125 93 60 93 62 135 197 68 113 165 73 164 93 92 110 122 111 97 131 104 144 144 53 114 43 63 57 42 34 23 103 113 52 15 22 
90 169 149 98 110 31 77 126 105 163 67 105 162 56 68 105 105 14 33 82 78 92 135 140 54 102 56 139 59 32 63 84 110 46 105 133 87 80 57 34 199 44 32 152 146 147 136 81 176 105 179 135 133 179 99 42 136 147 152 23 124 113 97 59 
151 102 172 60 159 124 86 47 103 125 61 115 49 129 167 132 104 41 51 30 180 125 124 157 102 126 102 139 113 93 89 78 127 123 31 72 108 63 134 106 66 124 167 128 125 70 129 179 141 55 118 138 140 189 168 165 134 49 98 99 133 106 112 101 
61 81 55 52 116 95 95 105 45 78 80 173 99 41 81 132 79 62 77 130 59 91 79 20 56 102 46 61 26 162 122 179 140 138 55 118 156 157 152 144 108 150 55 93 88 118 112 112 110 138 112 120 183 161 74 161 71 97 31 93 100 75 114 84 
79 12 43 103 80 100 99 183 18 104 91 60 167 90 136 7 176 82 150 70 99 141 44 57 139 139 61 16 116 88 99 25 91 144 116 103 100 117 111 116 96 53 133 136 122 130 69 120 93 13 94 11 101 112 37 127 74 79 100 89 31 14 161 98 
62 41 62 116 128 69 132 116 85 32 99 113 112 95 165 52 96 165 98 166 62 97 29 111 59 113 26 116 82 99 95 110 100 99 53 143 169 158 103 142 139 55 145 87 154 116 120 82 80 109 112 126 143 100 99 83 146 75 81 63 91 110 121 40 
110 70 117 164 68 116 107 133 111 161 140 127 48 97 122 76 143 89 108 116 138 179 85 125 32 93 162 88 99 90 154 141 97 139 109 139 60 54 189 180 159 127 92 121 41 112 125 99 30 85 68 110 196 18 7 49 92 92 131 146 123 63 80 77 
31 121 128 45 130 139 20 73 59 164 82 34 107 106 75 101 17 94 105 179 64 97 134 93 63 89 122 99 95 154 106 133 140 137 110 94 131 130 66 127 98 56 163 91 100 113 24 39 100 177 112 45 54 141 92 56 131 114 65 130 167 122 53 185 
14 48 64 140 139 160 110 126 68 47 25 139 114 60 80 101 86 158 138 11 140 79 67 60 84 78 179 25 110 141 133 116 150 155 89 134 130 42 78 78 72 75 115 174 178 69 168 53 109 29 180 127 107 19 30 97 32 136 163 123 114 39 70 175 
106 31 172 179 113 98 114 157 82 156 127 40 145 71 124 186 64 115 88 30 124 83 129 93 110 127 140 91 100 97 140 150 76 69 81 119 156 70 92 144 186 151 115 103 54 19 156 165 53 174 152 69 116 23 97 166 115 80 144 27 130 97 108 52 
12 135 90 76 144 53 131 116 184 154 88 173 117 156 106 22 118 115 132 67 67 144 145 62 46 123 138 144 99 139 137 155 69 28 59 72 58 99 70 173 165 142 93 108 172 139 132 185 122 30 140 105 73 58 75 58 117 149 79 139 138 106 134 80 
165 71 44 65 101 166 102 108 50 126 154 113 119 130 58 66 102 55 140 108 130 92 140 135 105 31 55 116 53 109 110 89 81 59 2 69 103 105 73 133 117 137 84 70 90 72 69 127 105 130 147 126 86 36 40 69 103 95 79 99 159 48 87 62 
73 153 72 103 138 157 94 144 94 102 115 53 30 94 102 91 145 65 87 94 106 82 145 197 133 72 118 103 143 139 94 134 119 72 69 22 187 73 101 116 131 74 126 63 84 144 42 87 78 109 108 56 108 99 113 140 115 115 79 85 137 62 116 105 
56 136 182 158 31 115 44 100 91 91 149 154 35 86 33 18 149 91 94 122 125 40 51 68 87 108 156 100 169 60 131 130 156 58 103 187 200 145 27 36 73 114 83 127 113 135 177 130 114 66 119 161 75 126 105 87 96 133 41 20 135 122 129 48 
178 95 22 97 60 169 75 92 181 192 107 140 76 95 97 83 112 96 20 53 82 78 56 113 80 63 157 117 158 54 130 42 70 99 105 73 145 22 122 65 170 114 113 114 155 135 56 114 82 99 106 55 116 88 108 103 91 133 7 120 146 45 119 123 
126 71 100 34 100 94 66 114 70 95 128 69 74 97 133 103 21 99 165 124 58 150 61 165 57 134 152 111 103 189 66 78 92 70 73 101 27 122 136 109 104 117 51 103 140 130 124 111 135 19 127 138 74 149 162 65 53 78 58 178 136 139 168 118 
112 102 139 101 26 128 73 91 50 55 146 86 89 147 155 75 102 23 108 164 60 85 79 73 34 106 144 116 142 180 127 78 144 173 133 116 36 65 109 192 85 110 92 133 87 116 133 133 120 87 84 73 94 99 58 129 108 63 147 69 142 78 41 93 
42 146 94 72 65 126 72 132 190 101 128 148 164 29 96 68 87 182 146 83 122 115 104 164 199 66 108 96 139 159 98 72 186 165 117 131 73 170 104 85 60 42 136 148 59 136 117 145 172 44 111 72 93 156 83 109 38 112 82 153 42 64 82 116 
36 49 102 119 117 107 109 75 73 122 53 69 184 116 150 61 126 90 97 164 117 85 116 93 44 124 150 53 55 127 56 75 151 142 137 74 114 114 117 110 42 194 17 178 117 72 78 166 74 130 101 111 112 80 149 68 75 117 88 68 66 87 108 76 
145 159 33 127 65 112 141 98 113 117 46 82 142 119 55 137 85 108 60 106 105 91 36 92 32 167 55 133 145 92 163 115 115 93 84 126 83 113 51 92 136 17 68 170 163 65 122 125 112 179 54 133 173 106 120 119 136 87 38 167 91 109 66 109 
190 103 120 92 121 67 115 142 94 120 59 83 96 189 144 91 147 144 88 16 176 77 137 110 152 128 93 136 87 121 91 174 103 108 70 63 127 114 103 133 148 178 170 152 120 71 109 51 38 114 161 71 123 55 90 179 47 123 105 154 106 79 100 40 
91 152 161 146 75 73 44 48 106 81 63 101 129 69 80 30 152 90 112 76 149 145 137 122 146 125 88 122 154 41 100 178 54 172 90 84 113 155 140 87 59 117 163 120 192 30 107 34 184 39 109 82 108 72 143 113 116 143 103 111 122 198 114 79 
114 96 5 49 94 97 85 84 145 58 112 120 147 118 98 166 172 115 93 46 74 75 134 111 147 70 118 130 116 112 113 69 19 139 72 144 135 135 130 116 136 72 65 71 30 178 115 109 122 100 71 57 10 67 172 54 87 83 43 27 104 114 128 34 
68 80 77 110 150 68 60 102 48 112 66 124 142 104 123 107 89 113 139 168 187 177 104 97 136 129 112 69 120 125 24 168 156 132 69 42 177 56 124 133 117 78 122 109 107 115 144 62 77 63 102 107 20 57 143 69 100 78 92 100 139 89 112 169 
106 79 126 98 139 29 115 106 100 162 68 85 135 106 143 82 80 184 89 96 174 94 58 131 81 179 112 120 82 99 39 53 165 185 127 87 130 114 111 133 145 166 125 51 34 109 62 32 71 112 106 140 84 138 110 80 84 103 105 66 91 109 94 131 
81 28 110 77 61 149 27 73 37 82 193 108 24 158 103 63 172 144 97 33 132 89 71 104 176 141 110 93 80 30 100 109 53 122 105 78 114 82 135 120 172 74 112 38 184 122 77 71 152 62 86 89 45 80 109 137 53 87 85 14 29 175 90 114 
115 115 96 75 68 165 144 150 54 104 118 81 90 86 88 61 118 84 98 87 114 153 132 144 105 55 138 13 109 85 177 29 174 30 130 109 66 99 19 87 44 130 179 114 39 100 63 112 62 154 30 188 139 39 55 149 106 52 50 170 128 107 75 81 
91 105 114 174 166 103 85 107 42 155 84 71 42 86 140 34 138 95 57 92 39 118 120 144 179 118 112 94 112 68 112 180 152 140 147 108 119 106 127 84 111 101 54 161 109 71 102 106 86 30 134 33 120 187 49 53 88 165 25 122 63 46 183 71 
186 149 99 83 107 11 153 137 124 23 50 108 135 81 104 110 98 133 55 110 46 40 133 53 135 138 120 11 126 110 45 127 69 105 126 56 161 55 138 73 72 111 133 71 82 57 107 140 89 188 33 140 101 66 184 159 107 102 64 141 24 73 49 23 
178 78 94 58 101 107 16 101 151 168 54 100 15 100 84 45 75 125 85 108 61 115 41 114 133 140 183 101 143 196 54 107 116 73 86 108 75 116 74 94 93 112 173 123 108 10 20 84 45 139 120 101 128 188 111 122 24 137 103 140 119 121 114 46 
92 56 166 75 118 132 160 117 107 65 99 143 104 174 78 153 142 128 73 116 84 162 104 43 179 189 161 112 100 18 141 19 23 58 36 99 126 88 149 99 156 80 106 55 72 67 57 138 80 39 187 66 188 64 63 108 76 96 121 111 80 89 165 98 
19 132 56 72 117 116 138 121 106 37 131 16 86 107 151 32 113 142 123 101 58 52 196 63 99 168 74 37 99 7 92 30 97 75 40 113 105 108 162 58 83 149 120 90 143 172 143 110 109 55 49 184 111 63 158 61 96 30 80 123 108 166 149 96 
139 149 77 44 120 98 35 192 127 96 87 72 107 130 119 32 132 84 127 108 118 75 128 57 42 165 161 127 83 49 56 97 166 58 69 140 87 103 65 129 109 68 119 179 113 54 69 80 137 149 53 159 122 108 61 66 44 83 147 94 79 84 134 50 
114 104 75 157 121 166 78 122 95 103 130 151 105 135 113 59 61 89 96 23 81 47 88 42 136 134 71 74 146 92 131 32 115 117 103 115 96 91 53 108 38 75 136 47 116 87 100 84 53 106 88 107 24 76 96 44 82 159 68 132 96 91 39 53 
125 46 121 8 150 115 65 88 158 87 157 123 62 60 87 27 117 107 81 195 58 101 151 34 147 49 97 79 75 92 114 136 80 149 95 115 133 133 78 63 112 117 87 123 143 83 78 103 87 52 165 102 137 96 30 83 159 114 167 104 120 81 42 81 
94 108 94 82 128 113 115 94 72 98 33 101 99 38 112 136 51 133 184 95 87 106 79 23 152 98 31 100 81 131 65 163 144 79 79 79 41 7 58 147 82 88 38 105 103 43 92 105 85 50 25 64 103 121 80 147 68 167 4 85 111 130 81 69 
62 44 158 55 114 95 30 101 167 117 90 126 177 84 89 91 84 126 115 150 85 97 168 103 23 99 93 89 63 146 130 123 27 139 99 85 20 120 178 69 153 68 167 154 111 27 100 66 14 170 122 141 140 111 123 94 132 104 85 40 134 36 98 127 
85 120 157 123 65 28 52 90 31 98 148 51 168 80 165 105 118 96 34 154 80 75 59 113 124 133 100 31 91 123 167 114 130 138 159 137 135 146 136 142 42 66 91 106 122 104 139 91 29 128 63 24 119 80 108 79 96 120 111 134 140 42 103 108 
83 103 82 192 92 100 59 114 103 148 144 124 78 81 141 96 170 117 117 79 140 28 120 52 113 106 75 14 110 63 122 39 97 106 48 62 122 45 139 78 64 87 109 79 198 114 89 109 175 107 46 73 121 89 166 84 91 81 130 36 42 162 139 146 
26 89 94 8 88 89 166 104 109 82 96 114 109 156 83 25 85 119 43 187 128 32 56 15 97 112 114 161 121 80 53 70 108 134 87 116 129 119 168 41 82 108 66 100 114 128 112 94 90 75 183 49 114 165 149 134 39 42 81 98 103 139 154 134 
169 119 99 124 84 97 187 31 91 125 56 110 71 90 153 68 57 130 96 104 42 89 182 22 59 101 84 98 40 77 185 175 52 80 62 105 48 123 118 93 116 76 109 40 79 34 169 131 114 81 71 23 46 98 96 50 53 81 69 127 108 146 134 20 