16
4 10 10 4 1 5 4 1 6 4 2 5 8 4 2 9 
8 9 7 3 7 10 10 2 1 4 1 5 4 9 3 2 
3 3 3 3 7 8 10 1 5 1 8 1 7 10 8 9 
3 6 4 9 5 3 10 4 10 2 8 10 2 1 1 5 
1 4 2 7 8 2 6 5 1 6 5 2 6 5 9 6 
4 9 7 4 4 9 9 6 3 6 5 3 3 9 5 1 
3 7 3 8 10 2 9 9 4 1 5 3 5 1 9 10 
2 2 4 1 6 8 5 9 3 5 2 2 1 6 9 1 
5 6 6 7 5 9 4 10 5 3 10 10 8 4 6 7 
2 4 1 6 10 5 8 7 5 8 1 8 3 7 5 1 
2 4 1 9 6 1 10 7 2 9 2 7 10 9 3 5 
4 3 6 8 5 6 4 7 7 2 4 2 10 3 6 6 
4 7 9 7 5 4 1 8 2 7 1 8 2 10 6 2 
4 8 9 8 5 4 5 3 8 9 4 3 6 5 9 3 
3 3 8 8 9 9 4 7 10 8 8 10 8 8 3 8 
6 2 6 8 8 10 7 4 7 9 5 2 10 6 1 2 
132 65 57 79 98 105 151 65 188 94 35 80 125 17 94 102 
65 156 153 73 105 84 93 145 70 44 117 23 117 87 100 156 
57 153 68 55 106 88 117 46 114 96 105 112 140 90 185 89 
79 73 55 104 115 114 183 50 102 59 145 102 73 112 122 160 
98 105 106 115 86 88 86 140 165 108 111 37 40 53 151 62 
105 84 88 114 88 168 99 101 133 81 43 108 68 145 155 161 
151 93 117 183 86 99 108 65 61 43 66 164 76 126 30 108 
65 145 46 50 140 101 65 192 89 106 38 136 128 169 42 116 
188 70 114 102 165 133 61 89 36 133 166 60 132 46 127 70 
94 44 96 59 108 81 43 106 133 54 88 28 169 72 164 97 
35 117 105 145 111 43 66 38 166 88 96 98 113 161 144 78 
80 23 112 102 37 108 164 136 60 28 98 172 50 95 193 61 
125 117 140 73 40 68 76 128 132 169 113 50 156 72 105 80 
17 87 90 112 53 145 126 169 46 72 161 95 72 86 186 122 
94 100 185 122 151 155 30 42 127 164 144 193 105 186 198 171 
102 156 89 160 62 161 108 116 70 97 78 61 80 122 171 4 