64
12 39 91 47 29 20 100 100 89 56 39 29 83 77 52 82 43 38 20 69 8 57 22 88 77 6 31 1 90 46 65 23 5 72 86 49 56 24 52 96 53 19 35 44 59 77 99 5 19 82 84 42 40 3 53 67 57 81 99 91 68 22 7 26 
71 31 18 97 47 77 32 14 1 37 47 75 86 47 20 71 59 74 73 98 85 19 77 58 94 69 64 88 48 100 97 98 77 64 32 31 12 66 94 8 87 25 9 99 52 82 64 61 70 47 54 74 27 20 14 72 79 44 92 6 91 82 46 68 
53 15 71 73 24 82 72 24 87 66 62 21 99 54 36 98 55 50 44 46 93 55 53 19 71 43 76 26 68 76 86 86 27 95 76 52 67 10 34 32 51 23 8 42 1 28 39 79 12 86 54 19 57 8 16 17 84 90 97 14 48 46 6 11 
24 30 76 25 79 41 47 98 84 83 67 3 61 60 87 54 75 27 95 77 79 35 53 2 94 48 44 61 17 53 92 52 66 72 95 54 9 24 35 60 2 43 42 96 24 66 83 31 29 50 95 9 33 32 67 75 46 7 7 72 66 37 23 12 
74 53 34 27 74 10 32 28 99 68 34 99 1 48 75 53 2 7 24 82 31 94 75 10 92 93 52 31 32 16 40 40 82 47 45 55 49 62 12 13 68 29 83 31 21 98 26 96 100 86 44 98 68 54 25 12 69 27 98 13 82 66 17 95 
85 24 90 74 11 17 75 43 48 82 99 35 72 61 55 20 43 42 71 64 11 67 67 2 82 52 74 97 59 34 46 84 45 100 58 67 86 18 32 28 82 77 29 31 75 65 98 55 8 14 12 13 55 53 7 85 65 64 30 58 85 23 25 74 
11 16 87 36 77 96 17 1 19 14 75 76 66 63 100 41 84 95 35 41 2 29 68 54 23 78 23 90 19 90 91 80 90 39 64 39 81 8 99 44 32 37 71 27 46 94 15 66 56 58 77 22 66 92 86 73 42 30 15 5 98 62 100 39 
24 5 22 66 33 15 69 41 44 94 8 66 27 89 70 91 84 10 50 6 7 83 85 13 4 93 10 99 71 48 39 51 23 6 91 14 2 14 74 87 4 98 48 64 71 52 44 49 85 76 51 69 42 35 51 50 27 71 80 50 49 78 48 64 
59 89 55 64 100 2 97 54 85 3 6 91 49 56 46 15 12 34 29 16 89 3 85 62 11 21 23 75 61 52 44 56 94 82 7 10 67 12 43 64 12 3 40 97 17 52 91 84 40 50 24 72 68 13 71 36 3 42 39 41 86 38 33 8 
16 71 56 82 33 28 25 67 15 70 59 9 72 31 10 67 14 23 61 89 19 46 15 49 11 28 72 78 84 34 22 30 34 100 74 97 68 91 27 61 80 87 8 91 48 19 63 73 17 70 91 71 71 92 27 73 2 69 21 9 58 87 66 81 
75 52 44 39 80 45 78 38 51 24 53 80 12 8 26 4 45 95 67 80 100 47 78 26 37 77 99 70 17 8 11 52 57 85 73 9 43 36 6 37 32 9 8 63 15 74 16 66 17 25 97 11 24 78 5 88 17 81 6 14 77 69 31 26 
94 67 28 41 55 78 61 29 84 11 37 55 97 100 98 94 1 8 85 16 46 84 100 77 56 72 43 29 78 84 1 88 40 97 89 97 20 84 31 5 36 69 89 37 75 26 20 38 15 83 39 20 73 15 28 44 93 89 14 54 3 71 1 81 
27 97 87 27 32 35 60 92 75 12 58 5 90 1 25 21 81 27 17 95 7 63 74 21 94 61 98 20 38 18 76 71 1 65 54 58 90 39 12 93 1 30 60 38 26 39 58 48 2 5 90 82 93 54 95 46 23 76 31 87 95 78 17 35 
87 24 74 41 38 81 15 61 100 30 90 74 46 73 32 51 14 30 75 33 74 67 80 13 97 37 15 35 96 32 29 62 60 56 25 27 91 38 74 49 73 56 1 37 47 53 95 81 79 4 74 74 52 33 56 77 61 11 81 60 93 10 64 38 
91 92 61 53 14 88 71 79 57 6 10 84 28 34 13 31 5 97 8 27 58 6 58 39 24 70 63 46 1 70 38 27 92 13 57 98 55 28 6 7 88 63 23 4 36 94 43 5 58 58 95 96 12 6 49 21 33 2 83 97 57 5 94 92 
91 49 35 76 18 83 16 60 23 1 78 89 8 86 22 15 91 3 33 7 64 87 90 55 31 32 21 33 41 42 41 86 76 49 82 44 58 3 98 40 23 90 97 17 73 5 23 87 4 85 63 64 69 79 41 65 8 4 56 79 79 3 50 47 
49 28 74 36 32 72 76 70 51 56 43 20 82 20 89 16 90 92 83 82 70 97 90 36 21 50 81 85 23 40 2 54 15 98 83 52 95 79 37 81 2 65 50 28 89 59 13 69 92 1 32 56 14 41 41 36 9 18 33 29 95 13 62 25 
36 36 70 60 97 63 13 15 3 55 80 27 10 8 84 34 26 79 30 31 71 44 79 3 36 97 54 19 75 13 75 88 73 54 59 87 1 32 60 11 97 85 62 33 1 42 98 22 9 47 97 93 95 26 90 38 39 36 77 83 17 72 37 35 
22 93 11 84 24 88 4 2 93 62 14 41 36 72 8 92 58 70 22 99 77 80 72 88 66 16 36 45 2 60 51 83 18 47 6 22 15 76 97 45 52 24 21 40 56 70 76 56 38 58 19 39 94 62 80 74 51 85 17 36 71 54 15 85 
53 80 67 83 94 15 2 100 49 52 67 98 15 78 65 87 58 27 28 5 94 72 33 21 41 22 89 1 77 10 38 84 16 25 25 83 5 82 70 95 88 32 96 64 3 1 85 64 38 31 26 42 22 97 98 77 82 47 76 65 41 78 31 8 
94 14 86 53 42 44 1 78 35 56 70 41 18 16 79 29 21 96 94 37 31 4 28 38 90 18 14 13 20 11 55 41 64 91 41 21 20 92 19 52 28 65 7 32 77 32 40 60 9 70 25 16 48 63 79 61 98 92 78 17 41 48 47 34 
67 11 7 31 9 91 23 84 65 44 74 24 98 4 20 12 13 13 90 70 20 43 72 28 41 32 34 49 100 58 24 33 63 86 65 61 72 15 53 22 12 41 65 93 6 3 65 10 57 71 12 78 52 76 47 73 59 26 57 46 59 70 48 12 
82 95 82 29 33 11 68 100 85 16 88 50 84 69 37 83 57 35 76 37 99 66 56 16 41 72 52 22 65 39 16 2 59 12 32 56 49 46 1 62 14 26 92 22 2 92 23 14 63 72 25 77 3 31 38 7 75 42 24 7 18 76 85 47 
67 86 15 55 63 90 30 30 30 40 22 73 53 79 65 4 89 55 23 43 70 89 84 22 68 36 34 83 43 73 100 26 4 3 8 63 86 84 23 45 24 91 50 51 35 43 96 49 30 15 98 69 50 66 66 81 74 57 32 30 97 14 94 5 
35 25 88 33 22 28 52 59 46 16 31 86 69 55 21 26 84 92 22 64 89 85 65 54 65 62 29 70 52 93 65 37 8 2 43 21 52 39 29 51 78 66 81 34 67 42 34 56 36 52 35 6 39 98 7 2 76 39 37 4 50 5 8 82 
90 66 70 79 31 75 14 56 90 49 52 44 100 92 85 3 85 10 48 33 55 95 66 81 83 48 91 7 84 35 64 10 8 2 43 16 28 19 27 2 19 27 31 71 38 99 24 43 88 86 100 65 15 24 45 75 16 18 8 10 89 95 16 20 
72 12 55 81 47 16 59 53 1 81 13 60 87 7 1 89 61 92 22 30 59 16 33 57 10 79 43 59 81 38 28 4 90 29 21 16 19 48 27 41 19 96 86 53 20 41 27 96 55 43 13 77 84 18 83 52 34 18 40 37 2 71 14 74 
15 94 52 8 76 21 92 41 85 46 69 59 43 9 58 2 30 38 100 70 46 12 88 47 69 77 75 63 10 82 84 96 97 94 94 76 31 60 40 34 11 68 75 8 9 30 40 62 76 67 86 69 48 19 94 89 12 58 96 100 63 88 14 2 
39 92 30 98 26 79 57 7 84 5 23 29 22 1 36 91 8 35 89 9 70 61 18 73 77 35 8 80 21 9 13 59 88 56 43 16 21 27 60 72 9 25 23 99 17 87 18 22 7 7 85 55 96 78 8 43 39 15 60 27 27 62 57 36 
14 54 91 63 42 80 24 94 67 86 36 70 63 66 11 46 21 1 66 93 47 35 87 13 95 24 38 55 8 9 23 90 47 59 76 12 19 95 94 36 28 1 84 61 37 97 56 80 61 24 91 56 87 70 64 92 26 88 50 47 18 19 33 13 
74 34 84 51 86 12 20 28 71 53 68 40 62 4 32 60 26 22 1 36 5 27 24 49 82 41 1 60 21 66 100 97 10 71 72 85 27 44 51 35 30 51 63 95 43 34 47 70 35 96 32 72 44 5 24 93 40 33 99 3 98 43 96 31 
30 22 8 76 81 94 97 76 8 44 49 39 25 95 64 10 62 4 27 20 76 79 51 48 24 25 84 28 23 44 28 67 30 54 34 78 30 43 82 20 7 15 13 89 72 55 25 27 40 85 69 79 84 60 84 71 42 59 21 61 53 38 51 32 
36 19 56 76 93 73 64 76 8 77 100 78 53 54 12 66 25 33 20 16 56 21 82 47 83 47 61 69 3 88 99 39 16 54 53 71 62 31 96 30 74 55 39 34 55 68 75 21 14 22 63 19 12 78 27 83 96 55 63 69 5 67 87 52 
53 9 83 76 99 45 62 37 62 93 4 61 33 13 49 72 46 12 84 82 78 67 88 5 19 6 97 41 6 28 67 24 34 61 9 11 29 33 73 93 63 61 9 33 42 76 97 9 99 11 15 82 67 89 6 13 24 39 42 10 40 83 33 52 
31 9 26 25 15 19 82 47 19 42 27 8 41 77 13 64 38 22 88 79 13 97 11 69 77 5 24 31 9 41 11 67 93 60 31 63 23 48 42 18 21 34 22 37 24 65 1 94 96 52 42 14 67 59 34 41 26 74 15 21 96 40 100 89 
35 6 36 89 77 53 77 83 56 64 55 87 52 30 65 15 62 75 100 35 47 33 35 7 55 40 92 7 89 72 50 35 71 84 10 45 37 41 99 49 11 30 50 42 83 94 55 31 1 30 69 64 97 100 41 91 62 28 17 30 10 37 70 65 
97 26 69 6 42 72 76 73 22 89 73 46 88 73 21 64 90 81 28 27 88 68 90 32 80 19 26 91 60 1 17 49 20 98 12 24 39 54 32 58 44 75 1 97 95 61 50 64 78 100 52 22 7 97 54 76 61 94 30 86 58 37 40 43 
3 55 24 68 25 83 76 13 51 13 55 19 3 45 54 9 44 38 60 2 54 84 58 60 60 27 91 7 67 85 79 58 42 7 9 21 32 32 87 21 69 34 58 77 20 48 67 63 56 1 79 73 34 58 46 22 56 93 46 71 54 64 53 40 
75 36 27 74 37 39 39 24 73 37 28 12 50 8 81 80 15 78 17 35 18 51 15 31 56 18 53 47 24 96 44 13 59 32 82 74 74 2 26 28 44 25 95 59 18 52 1 61 74 20 25 62 80 68 43 84 20 32 72 22 48 68 100 21 
20 67 36 71 73 20 8 49 93 78 52 29 71 67 78 88 13 2 38 92 51 26 65 64 96 37 17 48 64 91 18 37 54 27 23 4 9 42 76 67 27 32 52 42 61 51 61 31 19 10 85 96 21 75 93 75 3 36 95 7 80 42 49 4 
72 42 18 31 21 22 85 93 20 18 51 1 3 79 62 15 65 32 73 97 68 83 36 54 93 83 57 12 54 57 98 33 100 68 20 63 35 24 14 72 25 21 53 56 63 41 23 90 17 86 39 75 10 72 75 84 73 53 11 81 34 10 17 42 
43 53 39 6 41 28 64 41 86 43 65 50 17 57 76 71 81 14 94 51 78 91 74 7 8 20 21 28 11 60 91 30 22 84 48 25 98 48 85 97 21 45 32 99 54 74 43 10 56 4 29 59 55 40 68 33 90 2 71 90 26 73 19 17 
34 17 50 57 62 41 40 85 95 80 44 15 77 24 92 27 54 71 20 4 90 63 31 71 60 52 55 47 8 9 95 77 65 100 80 39 89 23 69 86 9 44 39 52 65 69 89 47 2 73 13 81 68 71 83 83 79 60 93 74 45 41 76 18 
88 38 7 44 22 43 30 10 51 18 14 74 91 24 53 51 6 5 99 13 74 69 69 80 9 9 36 78 57 34 97 84 61 2 58 10 73 48 96 67 92 96 11 73 83 58 45 2 55 43 6 34 74 75 71 23 82 22 25 61 45 84 95 5 
37 75 8 17 49 3 23 38 64 35 39 42 41 69 78 39 24 94 43 23 59 77 92 60 11 21 24 24 84 92 70 77 86 10 36 64 18 28 62 74 44 51 89 44 49 29 87 34 4 42 34 92 20 39 23 43 89 94 78 64 22 86 81 40 
39 51 59 87 16 6 16 65 74 60 48 6 16 42 13 4 20 89 56 82 22 57 94 40 30 49 56 19 92 44 11 21 74 69 70 94 65 43 30 62 13 6 16 76 83 40 90 26 17 57 35 37 19 42 50 60 49 99 99 39 26 55 95 78 
8 51 33 52 27 24 75 45 67 39 56 96 50 55 24 20 20 66 40 6 21 73 97 33 13 84 11 89 97 62 93 7 57 32 18 24 2 59 74 36 67 7 50 14 89 31 41 46 53 53 43 59 35 24 17 45 97 62 29 13 9 99 74 6 
60 88 37 77 86 8 4 53 93 75 75 70 71 77 19 12 60 37 32 36 100 1 27 13 41 95 97 31 82 8 46 77 73 7 35 37 75 80 5 21 26 11 92 3 33 23 83 59 11 26 23 50 71 83 24 38 85 56 94 2 79 21 70 36 
20 34 57 98 95 29 29 82 4 37 5 36 17 8 6 62 73 23 55 11 96 42 50 89 29 71 60 64 33 63 31 67 92 86 32 77 4 82 74 63 77 6 16 42 15 73 30 32 32 16 84 4 86 80 93 1 95 71 20 48 41 12 34 82 
61 93 13 11 99 88 1 43 75 83 51 61 69 42 89 45 55 96 45 62 88 43 1 46 31 58 24 41 98 80 18 88 85 62 19 23 10 28 5 33 34 72 1 71 52 52 100 67 35 93 31 20 41 40 38 98 62 86 56 80 22 52 56 61 
26 85 59 81 25 52 46 6 6 92 80 33 6 73 59 10 36 37 69 47 37 39 65 44 2 78 37 75 69 96 24 90 15 99 26 86 75 70 52 56 40 65 33 11 44 63 37 67 84 42 50 62 66 57 60 47 48 38 13 100 17 17 60 72 
79 24 22 99 89 57 2 71 99 8 61 42 25 16 6 6 63 45 100 16 93 9 30 70 20 79 36 7 92 44 57 21 26 73 59 20 48 65 32 21 47 64 51 9 62 13 76 21 10 24 34 90 39 43 97 32 31 65 63 7 20 17 72 59 
64 34 74 3 66 87 33 77 63 77 69 38 30 11 55 13 87 75 92 48 74 39 93 16 46 29 68 69 22 47 18 57 20 46 50 73 66 23 31 17 86 54 78 1 11 49 36 97 7 54 81 33 98 67 32 92 64 80 91 89 79 58 19 14 
17 59 87 13 51 64 77 95 67 40 58 79 3 38 49 70 29 96 45 77 7 45 37 47 54 84 65 90 29 65 60 95 62 69 13 18 64 35 68 39 20 99 92 76 39 21 7 24 4 94 21 76 79 12 79 48 2 79 62 32 18 96 12 17 
10 73 91 7 56 71 4 62 95 15 86 74 49 68 91 1 93 53 46 70 3 67 61 18 36 64 48 79 71 5 99 43 53 2 96 79 95 98 22 70 91 45 38 85 45 15 34 66 95 15 98 44 28 23 24 24 100 54 16 76 13 26 91 30 
30 19 35 68 83 25 52 8 63 59 41 85 14 61 59 15 51 95 86 10 71 9 99 95 24 29 69 95 84 56 54 85 74 15 59 35 67 68 27 21 82 15 71 67 88 88 54 64 29 98 13 71 16 51 77 86 93 28 25 45 2 100 48 14 
81 84 32 97 30 64 47 68 29 58 11 95 59 51 35 97 15 50 40 23 79 66 73 36 69 13 56 53 62 46 13 61 75 46 46 32 86 57 84 38 74 8 3 87 48 54 36 53 36 11 14 39 73 30 86 3 71 80 85 87 8 31 93 78 
58 56 16 70 24 6 68 73 40 60 27 5 26 67 91 29 51 22 6 40 43 64 49 16 3 20 76 9 21 79 37 99 52 73 36 4 89 14 100 20 19 84 67 14 46 3 77 43 50 2 42 22 81 48 26 65 50 41 33 85 3 3 26 33 
9 55 39 17 19 14 41 37 33 43 88 66 55 93 33 14 56 35 35 80 23 37 71 88 81 76 53 96 30 84 8 11 86 52 45 39 24 47 91 27 29 99 48 42 42 10 69 94 87 89 38 66 8 78 31 48 5 6 80 88 21 25 44 13 
67 5 40 2 7 25 31 31 54 66 43 28 76 2 71 61 58 1 24 76 21 15 52 35 78 8 34 78 86 21 61 48 64 61 13 12 93 77 90 53 19 71 12 3 60 74 14 42 58 25 7 26 2 76 79 98 48 38 69 90 68 94 20 30 
45 52 94 93 6 94 84 78 79 65 3 25 57 96 82 82 28 95 43 82 100 36 56 37 85 7 28 8 89 43 66 15 33 33 37 81 98 81 82 25 83 14 2 73 84 26 20 12 51 76 33 52 14 17 66 100 17 36 61 9 16 4 88 23 
50 14 28 12 84 24 5 65 71 80 27 1 61 85 75 53 91 67 3 72 99 42 51 73 32 58 92 57 8 65 66 45 76 72 61 84 41 35 33 97 76 47 50 16 60 70 6 25 93 95 82 29 22 96 23 96 55 5 82 83 93 70 27 74 
94 99 5 57 15 78 23 31 85 8 82 78 5 91 30 96 13 25 88 15 1 80 92 61 91 2 7 40 35 50 87 6 13 43 8 42 88 47 68 30 73 53 12 70 92 33 95 38 27 42 91 11 41 80 23 77 7 56 48 21 82 18 36 97 
13 61 91 15 77 99 61 65 11 57 37 83 69 97 35 37 78 96 24 27 67 85 91 92 16 89 62 21 44 94 63 72 81 85 8 20 48 5 8 24 17 5 45 25 16 85 59 26 24 76 44 44 24 42 60 100 6 41 81 69 32 38 87 32 
6 44 21 81 112 108 89 41 38 77 112 85 168 88 6 173 23 84 163 107 146 109 100 79 115 161 118 71 189 128 158 105 180 96 162 111 143 100 60 175 67 127 127 77 177 75 110 46 177 133 111 166 84 95 95 71 134 53 138 71 168 126 105 155 
44 100 182 50 128 131 85 72 112 144 76 18 117 52 122 192 186 101 68 80 56 89 100 80 104 74 87 124 21 114 134 109 110 9 103 60 127 165 118 154 153 95 110 124 148 159 91 103 93 130 147 167 99 76 120 141 90 166 127 99 160 107 89 115 
21 182 128 80 135 154 129 110 65 92 59 94 53 99 18 69 81 182 37 28 81 149 108 98 187 103 103 178 91 38 83 121 27 178 146 179 113 149 40 61 74 33 81 129 46 92 54 108 98 90 155 84 67 167 119 146 103 192 66 50 91 121 129 175 
81 50 80 118 82 35 98 133 133 26 123 90 97 131 150 47 119 78 170 76 53 26 37 88 87 159 25 69 171 56 49 51 151 85 103 148 92 93 172 82 150 52 122 101 101 84 111 76 113 76 115 128 76 142 152 40 123 170 118 104 99 183 122 153 
112 128 135 82 86 118 120 54 106 106 82 66 112 102 144 76 92 123 95 89 116 82 51 164 40 58 180 60 96 108 121 101 131 119 51 140 187 72 110 137 117 98 60 117 42 103 99 57 140 44 113 130 98 74 128 102 110 153 111 99 124 133 137 90 
108 131 154 35 118 52 90 32 82 66 135 111 79 99 157 43 99 116 173 118 32 33 140 94 29 114 68 112 91 113 166 154 11 49 136 87 78 105 118 82 72 37 142 171 167 102 38 120 71 129 89 119 49 162 75 153 142 55 26 65 78 102 130 91 
89 85 129 98 120 90 136 151 140 121 85 123 76 77 93 104 61 77 109 8 147 110 140 59 147 163 44 134 90 117 43 171 20 175 168 152 100 106 128 85 87 152 108 99 33 119 147 124 101 117 127 59 105 85 154 99 70 17 105 105 105 71 100 59 
41 72 110 133 54 32 151 88 146 170 113 113 143 129 40 123 50 50 54 135 41 123 61 162 75 49 124 115 155 152 86 150 12 152 114 128 88 95 102 102 78 71 107 128 93 146 132 32 183 131 110 19 143 173 97 50 106 86 114 124 19 93 114 96 
38 112 65 133 106 82 140 146 172 96 15 26 96 112 115 101 99 123 44 113 159 57 33 111 43 78 98 96 120 85 133 52 140 109 82 44 154 67 77 87 104 189 29 123 107 98 73 149 178 120 155 72 168 112 151 84 86 59 134 139 106 107 51 126 
77 144 92 26 106 66 121 170 96 20 86 158 164 149 77 24 56 137 120 101 176 32 136 116 81 124 147 91 104 102 42 112 103 155 11 69 112 184 186 103 64 40 72 95 153 99 162 67 59 62 105 56 93 93 187 13 126 111 120 154 147 109 95 92 
112 76 59 123 82 135 85 113 15 86 172 125 125 134 105 94 92 89 72 97 69 46 72 186 152 76 14 100 148 124 109 177 46 88 67 60 139 13 140 135 162 50 67 65 122 116 53 74 82 96 79 41 96 99 72 83 146 90 142 94 52 113 25 165 
85 18 94 90 66 111 123 113 26 158 125 184 170 144 116 95 66 113 124 21 64 103 32 108 51 110 79 171 132 90 47 91 170 20 70 92 104 80 117 93 39 70 111 51 111 187 95 119 117 177 163 92 166 128 107 134 42 71 104 94 19 146 78 52 
168 117 53 97 112 79 76 143 96 164 125 170 48 52 80 172 78 145 74 113 74 93 142 118 116 72 121 55 110 98 130 15 8 172 94 20 115 69 110 161 149 75 16 94 76 101 91 153 67 105 46 76 71 174 127 151 158 25 104 126 84 76 132 102 
88 52 99 131 102 99 77 129 112 149 134 144 52 104 113 8 36 120 136 92 136 118 90 111 87 35 105 78 118 112 120 63 94 132 102 120 172 114 109 129 191 26 119 159 72 134 118 146 149 67 16 145 106 99 94 69 75 20 67 90 57 49 145 125 
6 122 18 150 144 157 93 40 115 77 105 116 80 113 168 166 135 100 74 153 73 108 65 115 148 81 120 72 83 105 86 22 132 117 124 37 45 61 99 167 142 93 122 139 129 96 179 143 82 134 106 89 140 44 57 35 11 59 180 123 166 87 108 125 
173 192 69 47 76 43 104 123 101 24 94 95 172 8 166 56 84 102 152 141 70 137 78 162 75 47 109 104 185 42 124 166 65 141 91 99 78 50 105 80 113 157 199 117 91 39 152 43 97 176 120 105 93 89 91 66 112 123 71 121 149 123 71 114 
23 186 81 119 92 99 61 50 99 56 92 66 78 36 135 84 56 137 145 157 60 133 154 85 92 42 144 72 176 87 96 92 87 137 95 120 138 155 178 74 112 96 115 133 136 179 108 44 96 85 67 167 148 103 35 92 7 122 131 92 83 68 161 77 
84 101 182 78 123 116 77 50 123 137 89 113 145 120 100 102 137 100 108 141 132 159 141 152 90 130 66 81 121 30 69 94 86 169 72 92 80 60 102 52 77 68 139 36 125 110 101 155 41 41 111 182 36 189 111 46 133 75 56 100 89 141 125 104 
163 68 37 170 95 173 109 54 44 120 72 124 74 136 74 152 145 108 130 103 50 177 179 73 47 104 122 47 149 178 77 154 41 115 88 111 115 72 156 46 124 117 94 178 99 138 92 144 125 106 97 82 83 135 65 146 137 75 116 109 91 102 152 106 
107 80 28 76 89 118 8 135 113 101 97 21 113 92 153 141 157 141 103 74 92 72 96 75 105 100 155 69 131 170 134 105 89 100 67 171 103 139 105 60 102 89 137 112 105 153 114 44 27 158 116 83 151 76 82 62 109 142 174 62 188 78 63 60 
146 56 81 53 116 32 147 41 159 176 69 64 74 136 73 70 60 132 50 92 112 140 48 46 136 117 98 163 69 48 161 145 151 91 127 13 93 99 131 113 35 130 152 49 26 116 58 98 94 129 121 105 173 61 103 122 49 168 50 122 104 70 24 139 
109 89 149 26 82 33 110 123 57 32 46 103 93 118 108 137 133 159 177 72 140 194 156 94 118 102 158 116 111 27 69 136 87 58 166 139 77 105 115 58 122 110 97 15 64 177 55 96 121 100 45 56 85 63 111 149 148 96 27 179 152 95 122 81 
100 100 108 37 51 140 140 61 33 136 72 32 142 90 65 78 154 141 179 96 48 156 170 13 122 126 88 62 137 165 117 24 59 99 156 98 104 77 125 70 117 106 66 130 89 105 67 6 182 72 51 80 120 121 49 163 63 96 79 126 122 91 113 88 
79 80 98 88 164 94 59 162 111 116 186 108 118 111 115 162 85 152 73 75 46 94 13 108 158 110 46 66 81 44 105 127 137 185 36 43 42 33 86 123 170 86 101 189 142 93 43 176 104 164 19 32 143 55 71 21 163 99 110 119 123 95 102 142 
115 104 187 87 40 29 147 75 43 81 152 51 116 87 148 75 92 90 47 105 136 118 122 158 110 96 97 103 63 143 100 88 80 102 86 91 127 86 128 117 109 124 31 136 96 104 89 125 70 95 66 119 146 106 63 100 138 65 56 134 50 117 187 84 
161 74 103 159 58 114 163 49 78 124 76 110 72 35 81 47 42 130 104 100 117 102 126 110 96 132 73 110 68 9 82 25 77 162 157 69 106 107 88 90 109 105 130 62 81 104 139 110 123 57 174 151 47 86 109 73 103 53 171 22 128 79 105 87 
118 87 103 25 180 68 44 124 98 147 14 79 121 105 120 109 144 66 122 155 98 158 88 46 97 73 114 94 82 109 108 132 70 53 145 45 164 98 94 144 77 120 117 102 121 104 71 44 50 95 184 70 108 48 172 61 106 168 140 34 50 129 66 96 
71 124 178 69 60 112 134 115 96 91 100 171 55 78 72 104 72 81 47 69 163 116 62 66 103 110 94 64 87 64 147 88 169 48 178 152 89 136 171 125 42 167 93 74 80 136 117 87 66 67 105 107 154 106 102 170 40 29 58 66 35 123 78 176 
189 21 91 171 96 91 90 155 120 104 148 132 110 118 83 185 176 121 149 131 69 111 137 81 63 68 82 87 112 72 165 183 166 111 77 101 113 78 33 8 69 23 71 168 51 110 142 89 77 50 89 95 109 83 157 84 91 146 41 101 131 50 170 118 
128 114 38 56 108 113 117 152 85 102 124 90 98 112 105 42 87 30 178 170 48 27 165 44 143 9 109 64 72 174 31 159 127 99 136 125 98 75 135 83 86 153 73 117 161 102 71 157 119 192 69 102 132 55 133 36 117 155 65 62 65 93 39 172 
158 134 83 49 121 166 43 86 133 42 109 47 130 120 86 124 96 69 77 134 161 69 117 105 100 82 108 147 165 31 94 60 135 40 57 38 78 115 134 65 78 125 103 142 112 92 100 121 59 105 130 196 120 109 133 65 79 142 92 87 106 90 170 92 
105 109 121 51 101 154 171 150 52 112 177 91 15 63 22 166 92 94 154 105 145 136 24 127 88 25 132 88 183 159 60 184 100 128 54 164 90 134 123 90 88 130 81 51 95 90 87 158 75 123 138 50 116 72 65 47 142 95 115 169 54 45 97 154 
180 110 27 151 131 11 20 12 140 103 46 170 8 94 132 65 87 86 41 89 151 87 59 137 80 77 70 169 166 127 135 100 40 173 29 106 101 112 102 47 157 146 135 186 101 160 155 128 150 113 61 128 167 43 129 92 104 82 94 28 148 164 132 93 
96 9 178 85 119 49 175 152 109 155 88 20 172 132 117 141 137 169 115 100 91 58 99 185 102 162 53 48 111 99 40 128 173 38 66 137 149 79 65 76 157 125 92 90 49 126 120 147 39 101 80 131 44 73 106 75 179 93 31 132 95 44 162 71 
162 103 146 103 51 136 168 114 82 11 67 70 94 102 124 91 95 72 88 67 127 166 156 36 86 157 145 178 77 136 57 54 29 66 174 62 125 69 82 42 102 158 66 113 136 50 97 107 63 32 106 90 78 113 72 136 116 125 12 130 57 104 120 65 
111 60 179 148 140 87 152 128 44 69 60 92 20 120 37 99 120 92 111 171 13 139 98 43 91 69 45 152 101 125 38 164 106 137 62 70 164 123 91 75 114 143 111 128 90 11 23 42 164 135 75 109 110 166 106 81 59 32 79 121 122 175 14 69 
143 127 113 92 187 78 100 88 154 112 139 104 115 172 45 78 138 80 115 103 93 77 104 42 127 106 164 89 113 98 78 90 101 149 125 164 46 109 77 135 154 57 100 167 141 118 38 38 27 118 99 113 149 40 83 104 165 79 133 66 131 67 95 158 
100 165 149 93 72 105 106 95 67 184 13 80 69 114 61 50 155 60 72 139 99 105 77 33 86 107 98 136 78 75 115 134 112 79 69 123 109 188 72 55 109 87 119 44 131 134 118 151 146 84 97 100 37 69 40 46 84 146 103 44 169 177 93 94 
60 118 40 172 110 118 128 102 77 186 140 117 110 109 99 105 178 102 156 105 131 115 125 86 128 88 94 171 33 135 134 123 102 65 82 91 77 72 142 112 123 140 139 100 127 122 126 64 102 72 33 52 123 52 178 127 130 56 75 149 103 111 109 81 
175 154 61 82 137 82 85 102 87 103 135 93 161 129 167 80 74 52 46 60 113 58 70 123 117 90 144 125 8 83 65 90 47 76 42 75 135 55 112 54 99 179 153 125 102 179 133 134 95 24 108 131 167 55 76 105 102 136 49 88 60 78 117 21 
67 153 74 150 117 72 87 78 104 64 162 39 149 191 142 113 112 77 124 102 35 122 117 170 109 109 77 42 69 86 78 88 157 157 102 114 154 109 123 99 80 99 90 104 146 38 128 200 70 161 55 113 122 122 37 94 59 116 46 75 98 179 104 94 
127 95 33 52 98 37 152 71 189 40 50 70 75 26 93 157 96 68 117 89 130 110 106 86 124 105 120 167 23 153 125 130 146 125 158 143 57 87 140 179 99 28 119 102 34 105 31 145 121 82 85 124 65 120 15 27 97 133 118 50 111 76 66 125 
127 110 81 122 60 142 108 107 29 72 67 111 16 119 122 199 115 139 94 137 152 97 66 101 31 130 117 93 71 73 103 81 135 92 66 111 100 119 139 153 90 119 10 80 25 118 69 75 170 161 139 73 97 136 58 88 64 101 89 28 30 97 106 111 
77 124 129 101 117 171 99 128 123 95 65 51 94 159 139 117 133 36 178 112 49 15 130 189 136 62 102 74 168 117 142 51 186 90 113 128 167 44 100 125 104 102 80 98 84 109 42 122 39 103 50 123 93 123 90 15 125 49 62 79 21 27 139 146 
177 148 46 101 42 167 33 93 107 153 122 111 76 72 129 91 136 125 99 105 26 64 89 142 96 81 121 80 51 161 112 95 101 49 136 90 141 131 127 102 146 34 25 84 164 82 88 178 137 101 99 150 90 115 147 111 163 69 81 177 119 194 26 104 
75 159 92 84 103 102 119 146 98 99 116 187 101 134 96 39 179 110 138 153 116 177 105 93 104 104 104 136 110 102 92 90 160 126 50 11 118 134 122 179 38 105 118 109 82 176 99 86 175 93 112 16 65 88 133 148 64 76 75 72 102 93 125 39 
110 91 54 111 99 38 147 132 73 162 53 95 91 118 179 152 108 101 92 114 58 55 67 43 89 139 71 117 142 71 100 87 155 120 97 23 38 118 126 133 128 31 69 42 88 99 18 120 95 85 98 81 98 79 89 135 59 162 162 81 108 74 57 57 
46 103 108 76 57 120 124 32 149 67 74 119 153 146 143 43 44 155 144 44 98 96 6 176 125 110 44 87 89 157 121 158 128 147 107 42 38 151 64 134 200 145 75 122 178 86 120 22 97 80 182 107 147 45 92 148 62 121 67 96 180 179 86 50 
177 93 98 113 140 71 101 183 178 59 82 117 67 149 82 97 96 41 125 27 94 121 182 104 70 123 50 66 77 119 59 75 150 39 63 164 27 146 102 95 70 121 170 39 137 175 95 97 46 97 116 187 154 109 19 111 106 114 110 151 86 137 112 76 
133 130 90 76 44 129 117 131 120 62 96 177 105 67 134 176 85 41 106 158 129 100 72 164 95 57 95 67 50 192 105 123 113 101 32 135 118 84 72 24 161 82 161 103 101 93 85 80 97 64 135 140 93 22 68 116 87 102 133 77 100 141 31 36 
111 147 155 115 113 89 127 110 155 105 79 163 46 16 106 120 67 111 97 116 121 45 51 19 66 174 184 105 89 69 130 138 61 80 106 75 99 97 33 108 55 85 139 50 99 112 98 182 116 135 58 156 44 91 168 97 173 41 89 96 36 182 179 110 
166 167 84 128 130 119 59 19 72 56 41 92 76 145 89 105 167 182 82 83 105 56 80 32 119 151 70 107 95 102 196 50 128 131 90 109 113 100 52 131 113 124 73 123 150 16 81 107 187 140 156 106 135 64 42 84 94 74 89 91 57 92 57 126 
84 99 67 76 98 49 105 143 168 93 96 166 71 106 140 93 148 36 83 151 173 85 120 143 146 47 108 154 109 132 120 116 167 44 78 110 149 37 123 167 122 65 97 93 90 65 98 147 154 93 44 135 150 74 57 173 70 106 78 43 110 155 144 111 
95 76 167 142 74 162 85 173 112 93 99 128 174 99 44 89 103 189 135 76 61 63 121 55 106 86 48 106 83 55 109 72 43 73 113 166 40 69 52 55 122 120 136 123 115 88 79 45 109 22 91 64 74 180 56 89 95 38 46 35 132 159 198 151 
95 120 119 152 128 75 154 97 151 187 72 107 127 94 57 91 35 111 65 82 103 111 49 71 63 109 172 102 157 133 133 65 129 106 72 106 83 40 178 76 37 15 58 90 147 133 89 92 19 68 168 42 57 56 112 120 101 76 156 73 110 84 26 41 
71 141 146 40 102 153 99 50 84 13 83 134 151 69 35 66 92 46 146 62 122 149 163 21 100 73 61 170 84 36 65 47 92 75 136 81 104 46 127 105 94 27 88 15 111 148 135 148 111 116 97 84 173 89 120 192 117 46 95 90 47 177 134 120 
134 90 103 123 110 142 70 106 86 126 146 42 158 75 11 112 7 133 137 109 49 148 63 163 138 103 106 40 91 117 79 142 104 179 116 59 165 84 130 102 59 97 64 125 163 64 59 62 106 87 173 94 70 95 101 117 178 66 72 72 69 193 127 88 
53 166 192 170 153 55 17 86 59 111 90 71 25 20 59 123 122 75 75 142 168 96 96 99 65 53 168 29 146 155 142 95 82 93 125 32 79 146 56 136 116 133 101 49 69 76 162 121 114 102 41 74 106 38 76 46 66 48 112 94 125 136 71 104 
138 127 66 118 111 26 105 114 134 120 142 104 104 67 180 71 131 56 116 174 50 27 79 110 56 171 140 58 41 65 92 115 94 31 12 79 133 103 75 49 46 118 89 62 81 75 162 67 110 133 89 89 78 46 156 95 72 112 194 46 85 79 106 91 
71 99 50 104 99 65 105 124 139 154 94 94 126 90 123 121 92 100 109 62 122 179 126 119 134 22 34 66 101 62 87 169 28 132 130 121 66 44 149 88 75 50 28 79 177 72 81 96 151 77 96 91 43 35 73 90 72 94 46 88 81 110 73 83 
168 160 91 99 124 78 105 19 106 147 52 19 84 57 166 149 83 89 91 188 104 152 122 123 50 128 50 35 131 65 106 54 148 95 57 122 131 169 103 60 98 111 30 21 119 102 108 180 86 100 36 57 110 132 110 47 69 125 85 81 60 24 72 86 
126 107 121 183 133 102 71 93 107 109 113 146 76 49 87 123 68 141 102 78 70 95 91 95 117 79 129 123 50 93 90 45 164 44 104 175 67 177 111 78 179 76 97 27 194 93 74 179 137 141 182 92 155 159 84 177 193 136 79 110 24 14 68 175 
105 89 129 122 137 130 100 114 51 95 25 78 132 145 108 71 161 125 152 63 24 122 113 102 187 105 66 78 170 39 170 97 132 162 120 14 95 93 109 117 104 66 106 139 26 125 57 86 112 31 179 57 144 198 26 134 127 71 106 73 72 68 10 128 
155 115 175 153 90 91 59 96 126 92 165 52 102 125 125 114 77 104 106 60 139 81 88 142 84 87 96 176 118 172 92 154 93 71 65 69 158 94 81 21 94 125 111 146 104 39 57 50 76 36 110 126 111 151 41 120 88 104 91 83 86 175 128 152 