64
10 3 5 7 8 10 2 8 5 2 9 2 1 6 10 4 2 2 2 6 7 4 6 5 6 2 4 8 4 6 5 9 7 6 4 3 7 4 8 10 5 10 1 10 6 10 4 5 2 10 6 1 10 5 5 3 7 3 6 3 5 3 4 7 
2 10 10 6 9 1 5 6 2 3 10 2 3 8 1 8 5 6 9 6 4 1 2 10 10 6 10 8 5 9 9 5 3 1 5 1 9 1 4 8 7 1 9 9 7 10 1 6 3 6 7 9 3 6 2 5 4 2 7 3 4 9 1 8 
4 4 9 8 3 4 9 8 4 9 1 10 7 3 7 10 10 5 4 2 4 5 2 7 6 10 2 3 6 7 1 7 3 1 3 2 5 7 3 1 9 10 9 4 6 6 4 8 5 4 9 6 2 4 10 6 1 5 2 6 6 1 9 4 
3 3 10 3 6 6 6 5 2 8 10 8 9 1 4 4 6 1 2 3 10 9 10 7 3 6 10 10 6 2 8 6 5 1 5 3 10 1 8 2 9 8 10 2 6 6 10 2 10 7 8 1 1 5 7 3 8 7 10 2 2 5 10 3 
3 1 3 7 8 6 8 8 2 9 2 1 1 10 1 7 8 4 1 5 10 9 10 7 1 2 5 3 10 9 8 7 10 5 7 7 6 1 10 4 8 2 6 9 3 6 6 7 3 5 1 8 7 2 5 8 7 8 2 3 9 3 4 8 
4 7 2 4 5 9 1 2 10 2 10 3 8 3 2 5 1 1 4 3 3 4 3 4 10 5 2 10 6 2 1 4 10 10 3 8 5 5 8 10 9 4 5 1 3 8 3 1 2 1 9 1 4 1 5 5 8 6 4 6 5 9 6 6 
2 1 8 2 4 5 6 10 1 9 9 2 4 10 10 3 3 4 1 5 7 10 7 1 1 4 7 10 9 7 3 10 7 4 7 4 3 4 3 8 7 3 9 7 7 3 10 3 3 1 6 2 7 9 1 5 8 10 7 10 4 2 6 4 
6 5 4 5 9 3 5 3 5 8 1 8 7 10 5 4 2 1 4 9 5 7 6 8 7 9 1 10 8 5 4 5 8 6 2 8 5 7 3 9 9 5 2 5 1 8 6 4 5 7 6 1 2 3 7 1 6 9 3 8 9 7 4 10 
7 1 8 1 2 2 7 2 9 6 4 5 6 9 1 9 10 1 6 10 3 2 3 1 10 9 3 9 4 2 10 6 4 1 2 10 3 9 7 6 1 6 2 4 7 3 4 2 4 5 6 8 8 4 1 9 9 7 7 9 6 5 5 2 
7 10 5 10 4 10 7 3 4 1 10 4 6 4 2 4 4 10 6 1 8 2 2 5 4 8 9 4 10 5 4 10 3 2 2 1 9 6 6 1 7 6 6 7 5 2 10 7 7 6 5 2 2 5 4 10 10 3 7 7 9 7 2 8 
2 6 9 9 4 6 7 3 4 9 5 6 1 5 3 9 7 3 5 7 9 2 5 5 6 4 3 9 5 4 6 10 7 8 1 8 1 5 1 3 5 4 2 4 4 2 1 1 7 6 3 1 3 7 3 4 8 1 10 10 4 8 2 9 
7 6 2 6 7 8 7 10 9 9 8 3 9 8 7 1 1 4 7 3 3 3 6 7 9 4 9 9 2 8 3 1 10 8 10 7 5 7 2 8 9 10 1 4 7 5 10 7 4 7 1 10 7 5 3 4 4 4 5 9 7 9 6 2 
8 1 2 1 8 3 6 8 4 10 2 8 6 9 3 6 8 1 4 4 3 3 4 8 8 8 8 7 4 10 6 1 6 7 1 4 4 6 5 8 3 2 10 5 3 8 5 3 7 3 3 1 8 10 4 1 9 4 3 8 3 2 3 6 
4 3 3 1 1 10 3 6 8 4 5 3 4 3 1 6 5 3 1 7 1 6 5 1 2 2 10 5 5 9 7 8 8 8 9 3 1 7 2 5 6 9 7 6 6 2 2 3 10 9 7 9 3 5 6 3 3 6 3 4 2 1 2 10 
9 10 4 10 8 6 2 5 5 3 8 2 7 1 4 8 4 10 6 7 9 1 5 2 3 4 6 6 1 4 5 10 2 3 9 10 4 7 10 3 6 8 3 2 4 10 7 3 7 6 1 9 9 5 2 2 5 1 8 9 7 3 5 3 
9 10 4 2 8 10 2 8 4 3 5 9 3 3 6 8 5 10 3 3 10 8 6 10 7 4 10 10 10 10 2 10 2 6 10 5 9 10 3 7 8 5 10 10 8 9 8 3 5 10 7 3 1 8 8 6 10 10 1 9 3 8 2 7 
2 3 2 7 9 10 5 8 8 4 3 3 3 6 6 1 2 2 10 4 8 1 1 4 2 7 9 1 5 10 5 1 10 7 8 10 10 3 2 2 2 2 2 3 1 7 7 7 7 7 4 1 7 3 9 8 7 7 9 9 6 10 7 10 
7 6 1 7 10 6 6 6 9 2 1 4 7 8 8 8 1 7 4 8 5 9 5 1 1 1 9 4 3 5 5 2 1 5 8 4 9 3 2 3 7 3 8 7 1 1 9 1 1 4 6 2 3 5 9 5 9 10 3 5 10 2 8 5 
6 10 2 2 5 4 8 10 7 5 1 5 7 2 4 3 10 7 1 5 7 5 6 4 7 2 3 8 4 6 7 4 4 8 6 8 1 10 10 6 7 8 6 8 3 4 2 6 7 2 9 4 10 4 4 9 7 8 2 9 1 4 4 1 
8 10 9 4 4 5 2 4 9 2 8 7 1 7 6 8 5 9 6 2 6 4 4 6 1 3 3 10 7 9 10 3 6 9 1 3 7 2 7 10 3 3 8 10 9 3 3 5 5 5 8 7 7 2 8 3 3 10 7 1 3 3 2 10 
3 9 7 1 1 2 9 10 3 4 6 1 8 3 5 10 9 9 10 8 10 4 6 7 9 9 3 4 2 6 9 10 5 8 4 9 6 10 4 6 6 7 5 7 4 2 5 5 8 1 4 2 4 6 4 6 10 9 3 7 10 2 8 4 
7 6 4 10 8 4 3 2 5 6 1 6 8 1 8 9 1 8 8 10 9 5 6 9 7 2 1 2 3 2 6 6 2 9 9 6 2 1 5 3 3 10 7 1 6 1 6 6 7 8 2 8 1 5 10 9 3 1 2 2 2 5 9 8 
2 8 8 3 1 8 10 6 5 3 9 6 5 4 10 4 5 1 1 4 7 5 8 9 2 6 10 2 6 9 7 9 4 9 6 9 2 6 4 8 7 10 3 7 6 5 1 8 2 1 8 3 9 1 7 4 1 2 9 5 4 8 1 8 
2 3 6 3 4 3 4 7 1 7 9 8 2 5 2 4 4 4 7 1 3 2 6 7 1 1 2 9 2 10 4 9 7 5 4 7 9 2 7 1 2 9 7 4 2 1 5 8 5 3 2 1 5 10 8 2 9 10 1 2 9 6 8 1 
4 9 2 8 9 5 8 8 10 3 4 10 1 10 4 2 3 10 10 3 7 2 2 7 9 9 6 4 7 5 1 4 3 7 1 9 8 3 1 5 6 2 6 7 1 1 3 2 9 1 5 4 4 10 7 4 10 7 1 7 10 3 1 7 
4 5 3 5 10 1 8 10 1 9 1 7 2 4 2 9 7 1 1 3 10 7 6 8 3 3 10 9 10 6 4 3 4 4 4 4 3 8 10 3 10 8 8 10 7 8 10 5 7 9 3 3 4 9 10 7 4 3 10 8 4 7 1 9 
5 3 8 9 8 5 10 10 4 9 9 4 2 6 7 9 3 3 9 8 2 10 2 9 8 1 6 9 3 9 2 2 7 6 1 7 10 10 1 3 3 4 8 4 1 8 5 3 4 2 2 2 7 7 2 6 1 10 9 7 1 10 2 9 
2 5 3 2 7 10 6 8 10 8 7 7 5 3 5 3 8 10 10 9 5 10 2 4 8 6 4 4 5 10 6 5 3 3 6 7 7 4 10 10 9 9 4 1 4 1 10 3 6 2 7 9 1 5 3 4 4 1 7 8 3 7 10 6 
2 8 10 5 5 9 10 4 8 6 7 6 2 8 8 10 7 8 9 2 8 8 2 1 6 1 1 5 3 10 6 7 10 5 1 4 9 8 7 5 2 6 4 5 9 10 7 7 2 5 5 5 7 10 8 1 10 8 5 4 3 8 2 7 
6 2 3 7 2 5 7 1 1 6 9 7 5 4 3 2 5 5 7 4 9 1 4 4 9 6 9 4 4 1 5 9 5 10 10 6 4 1 3 5 7 2 4 1 5 6 8 10 9 7 1 8 1 8 2 9 4 7 6 10 10 6 4 5 
4 8 9 4 7 1 6 2 2 2 5 7 1 6 4 7 4 2 3 5 6 7 7 1 7 3 1 4 5 6 2 9 7 9 7 6 7 6 6 4 6 2 9 8 3 2 7 6 2 4 2 5 3 5 3 10 5 6 2 9 9 5 3 6 
7 3 2 10 3 2 1 6 5 1 10 3 8 2 7 6 7 10 9 2 5 8 3 3 6 2 1 4 2 3 5 10 10 2 8 5 8 10 8 4 3 4 7 8 5 9 6 3 10 9 7 7 8 9 10 8 3 5 2 9 4 4 9 6 
2 6 2 6 8 7 4 10 10 2 9 1 8 5 8 8 4 1 3 5 1 7 8 10 1 4 6 1 2 2 9 3 6 7 6 7 3 3 4 7 10 1 4 3 1 1 7 1 10 5 6 9 10 5 10 1 6 5 1 3 4 1 8 5 
6 10 4 6 6 10 4 8 5 10 2 1 4 2 9 10 8 1 2 10 2 3 3 8 10 2 2 6 6 9 7 10 8 6 4 8 8 9 1 8 8 2 5 2 4 1 6 6 4 3 9 2 4 6 7 5 4 1 10 4 10 6 6 2 
10 7 7 4 10 4 1 4 5 7 10 6 5 9 5 1 9 7 4 1 1 3 5 7 5 8 1 8 5 1 6 2 2 9 1 10 5 3 8 2 7 6 7 7 6 7 6 3 5 1 7 4 4 3 3 4 1 8 4 8 9 10 3 1 
9 7 9 6 10 9 10 9 4 1 4 2 3 10 9 6 4 2 4 7 9 6 4 7 5 5 1 6 5 6 3 7 2 6 7 9 9 2 8 8 2 4 5 3 9 1 10 9 3 7 5 10 10 5 10 1 2 7 2 6 6 4 9 1 
3 10 3 9 4 7 4 5 8 3 3 6 10 1 5 9 7 6 3 1 10 3 7 2 10 10 7 5 10 2 8 8 10 8 10 1 3 10 8 1 2 9 2 7 8 4 1 1 6 5 4 9 9 2 8 4 1 2 9 7 2 1 3 6 
4 2 4 3 8 4 3 9 4 2 6 2 4 10 2 4 6 3 2 5 1 7 1 4 5 6 3 7 5 4 2 6 1 2 6 6 3 3 6 1 2 7 5 1 5 1 6 2 1 10 8 10 1 5 3 4 10 1 2 5 9 6 8 5 
7 2 10 6 9 2 8 7 10 5 2 3 2 3 2 4 2 1 5 3 6 1 10 9 10 9 9 5 2 5 7 8 3 2 8 9 2 1 5 8 4 6 6 9 9 1 4 5 5 10 6 3 9 2 2 9 2 3 5 8 9 1 4 7 
5 10 9 2 4 5 6 10 2 10 9 6 7 6 9 10 8 5 10 1 6 5 4 8 2 7 6 10 4 5 6 3 6 7 2 9 3 3 10 10 10 10 8 2 2 3 4 1 10 4 8 7 10 6 5 8 7 5 8 1 6 3 9 1 
5 6 4 3 4 9 5 9 8 10 3 1 4 4 5 10 8 8 10 5 3 3 7 8 2 10 3 1 5 2 10 9 8 8 10 1 5 9 7 8 6 8 5 5 9 8 5 5 6 4 6 7 5 3 5 5 7 1 6 5 8 2 9 8 
4 5 5 1 7 8 9 5 7 1 1 2 5 4 2 6 7 1 1 1 6 10 3 5 6 9 4 10 1 5 3 2 1 3 6 8 5 3 2 1 9 3 8 2 7 6 5 9 6 3 2 4 2 4 2 8 7 1 3 9 9 2 6 9 
10 9 9 10 3 1 1 2 8 4 2 4 5 3 6 2 3 4 2 4 3 5 3 1 9 5 7 1 9 5 3 1 1 10 5 7 5 5 8 7 2 4 7 10 7 10 10 9 7 3 7 6 3 8 5 9 8 2 4 1 5 5 6 3 
9 8 5 4 6 5 5 5 5 6 9 8 5 4 9 3 3 3 5 3 4 4 4 8 10 5 7 6 5 4 1 7 9 1 7 9 4 3 2 2 10 6 3 7 9 10 6 1 9 8 5 3 3 1 6 6 7 6 4 8 10 8 6 10 
7 9 3 9 5 4 4 8 6 4 3 4 3 2 8 3 4 1 5 3 3 7 9 10 3 5 2 7 6 7 9 2 1 2 9 1 2 5 9 6 6 7 3 5 1 10 4 9 7 10 8 10 7 4 1 8 8 9 1 10 8 8 8 1 
2 3 8 9 3 6 10 6 3 1 8 10 5 8 8 1 3 6 6 3 3 4 8 1 4 9 7 3 7 1 7 4 7 8 2 5 2 1 2 10 1 7 10 5 10 8 8 3 10 10 5 5 2 5 1 10 4 3 7 1 4 1 5 9 
5 8 5 4 3 5 3 4 9 10 8 8 7 4 8 1 5 9 1 5 4 3 8 7 7 5 10 2 7 6 10 4 6 6 2 7 3 8 1 9 9 1 7 9 6 6 6 10 10 2 8 4 6 9 10 9 7 1 6 9 5 10 2 2 
3 8 7 8 5 10 7 3 10 7 7 5 2 10 2 4 2 3 9 8 1 6 10 5 2 8 1 5 3 5 5 1 3 10 10 2 4 9 3 7 10 10 5 10 9 1 1 3 7 1 8 6 8 1 5 6 2 8 2 7 8 7 9 2 
9 6 1 3 10 2 2 6 3 9 4 5 3 1 4 2 5 3 4 10 5 8 5 5 3 6 9 8 8 7 5 9 8 8 5 6 8 4 2 5 3 9 2 4 4 2 5 7 8 10 8 2 10 2 3 6 7 1 2 2 9 9 4 6 
3 3 8 2 1 2 7 7 7 2 3 5 9 8 4 8 4 8 3 2 2 1 4 6 7 10 10 9 7 9 2 8 3 1 5 10 10 5 8 8 5 7 9 7 3 3 2 2 2 7 4 1 1 6 7 9 2 3 10 5 4 2 2 1 
10 7 8 4 10 10 8 10 5 7 2 3 1 2 2 9 4 8 7 8 3 10 7 4 5 5 6 5 7 6 10 3 8 7 5 1 3 9 3 10 8 4 9 1 1 5 5 4 8 5 1 6 2 7 7 6 5 7 7 4 2 8 3 5 
5 1 4 1 10 4 1 4 5 10 4 10 2 4 6 8 8 2 9 2 8 3 5 2 5 6 9 8 7 2 10 3 6 9 5 3 9 4 3 10 7 7 9 2 10 6 3 7 9 8 2 6 4 1 6 8 8 1 6 7 9 7 3 9 
9 10 4 2 9 3 10 10 6 8 9 7 4 4 3 10 3 7 10 4 8 5 1 3 10 6 1 8 2 1 6 3 1 10 6 2 5 7 4 3 10 4 6 3 10 4 10 9 2 6 4 3 10 2 8 1 10 7 8 3 10 6 3 1 
6 2 1 4 2 9 9 10 10 9 8 10 4 7 5 4 5 8 6 1 2 2 3 8 2 4 8 1 7 3 10 9 2 3 8 10 4 4 8 4 7 4 5 3 6 10 2 2 8 10 5 2 5 6 4 4 9 2 7 5 2 4 1 9 
4 3 9 2 10 7 3 3 8 2 7 4 4 8 4 6 4 1 4 9 2 10 9 4 1 6 10 8 2 10 5 2 9 6 1 6 5 3 4 6 10 3 1 6 10 4 8 1 2 10 8 9 1 8 2 9 8 5 10 10 4 2 9 10 
2 7 10 8 8 9 8 9 9 4 10 3 10 10 1 1 3 2 9 9 2 1 4 8 2 9 4 1 4 2 3 10 5 7 2 4 9 2 9 7 10 8 1 2 6 3 5 3 6 10 6 6 3 3 10 3 5 7 4 5 4 5 1 9 
4 7 1 4 8 7 1 2 5 8 2 7 5 1 8 2 4 7 7 8 4 6 7 1 7 9 7 1 1 7 1 2 1 8 6 7 6 6 2 4 2 8 5 6 6 1 4 9 6 9 5 3 3 5 5 10 6 3 7 3 1 3 6 4 
4 3 10 3 6 8 9 9 7 7 9 3 3 7 3 6 9 4 4 7 5 3 8 3 2 9 9 9 6 6 3 2 5 9 9 5 7 4 5 1 5 8 5 9 8 1 6 4 8 4 8 3 8 7 9 2 2 7 2 7 3 10 4 1 
10 5 8 6 5 9 5 10 10 10 3 2 6 7 2 2 10 9 4 6 1 6 9 5 3 4 5 1 6 3 1 9 9 3 6 6 3 1 7 1 9 2 1 2 10 5 8 10 7 10 2 9 1 9 10 9 2 5 7 10 6 2 4 4 
10 10 4 1 2 10 4 8 2 2 9 10 8 5 9 10 7 9 5 5 5 4 9 5 8 3 4 10 8 1 4 9 7 1 8 5 8 1 6 3 4 2 7 10 8 1 7 2 10 2 9 2 10 9 5 6 2 6 1 7 4 8 8 3 
2 9 8 9 6 6 4 6 3 3 7 10 7 6 1 3 8 9 4 8 8 1 1 5 5 9 1 4 4 2 6 3 7 2 6 2 8 7 2 9 10 8 8 1 5 8 1 9 2 5 8 3 2 8 1 2 4 4 6 10 3 4 7 8 
10 9 2 2 8 3 3 9 1 5 6 9 3 1 5 6 8 8 1 4 1 5 10 7 6 3 1 3 1 7 5 6 4 7 6 4 2 4 5 8 10 4 6 5 10 2 7 10 9 7 2 1 6 9 9 6 7 9 6 1 8 5 4 2 
10 3 5 6 2 7 4 4 7 2 6 1 6 5 1 9 5 9 9 5 4 10 2 8 6 6 2 6 4 10 1 9 3 6 8 10 7 2 2 7 5 1 2 7 8 2 1 8 5 2 8 8 6 8 1 5 7 4 2 9 10 8 10 4 
1 7 8 7 9 2 10 1 1 7 9 8 8 4 5 10 9 9 6 10 9 5 5 10 5 5 2 1 8 1 2 4 8 5 3 10 6 10 8 5 3 8 4 3 5 1 7 9 3 10 10 7 10 4 8 3 2 5 6 3 5 9 2 9 
70 89 101 139 130 35 188 133 129 36 37 148 132 87 131 125 78 75 126 22 146 110 73 127 33 135 76 89 71 136 53 57 70 118 134 178 85 140 73 189 90 109 76 36 88 98 159 118 118 164 117 132 76 115 84 21 121 105 112 119 61 142 160 131 
89 122 55 141 81 55 87 86 82 138 56 100 127 105 83 100 40 167 108 82 65 55 154 12 150 86 135 66 89 100 80 167 41 66 121 109 93 113 151 107 132 155 115 65 137 48 123 103 137 82 62 111 157 63 81 83 87 126 49 188 144 106 153 127 
101 55 198 48 177 153 146 53 124 111 57 148 112 135 116 144 114 63 120 133 79 96 59 28 141 86 69 173 98 31 100 105 83 43 97 112 126 42 156 148 103 115 47 185 86 61 120 82 76 195 132 96 69 81 67 115 6 27 108 68 31 87 29 164 
139 141 48 78 154 154 91 110 105 102 124 109 69 58 86 46 142 99 62 6 120 132 130 73 44 118 112 161 55 100 118 74 150 84 88 129 116 101 31 128 142 30 53 97 106 120 81 115 117 137 99 138 37 123 95 123 100 85 169 120 120 137 99 66 
130 81 177 154 58 65 161 59 88 79 92 114 134 23 77 164 80 103 76 97 67 113 163 49 113 125 36 103 93 141 130 78 14 131 63 81 138 161 58 151 128 120 149 93 82 139 175 137 59 67 96 151 77 60 94 95 134 116 136 134 107 139 128 100 
35 55 153 154 65 168 90 151 129 139 106 127 110 92 137 173 121 55 83 168 136 60 89 163 99 114 41 71 135 95 134 153 116 185 147 84 108 103 176 105 121 79 96 62 42 140 144 67 110 145 117 95 93 129 151 135 55 125 48 99 140 72 102 102 
188 87 146 91 161 90 24 159 79 118 106 51 30 155 66 112 100 163 156 180 146 85 135 188 84 102 34 147 18 136 82 62 86 87 152 148 50 58 63 124 57 93 51 139 146 133 49 63 20 81 193 95 94 94 32 108 45 108 81 39 126 141 178 41 
133 86 53 110 59 151 159 104 9 149 83 125 176 153 163 42 93 74 115 76 118 38 90 64 133 47 112 114 88 41 128 108 126 25 82 151 151 123 89 149 68 118 166 86 161 100 179 104 119 124 157 101 101 167 74 113 145 52 95 19 90 83 118 57 
129 82 124 105 88 129 79 9 146 104 95 55 138 43 163 100 156 52 103 109 129 96 129 154 101 101 164 99 111 115 136 57 123 118 88 76 61 75 61 33 64 59 111 154 103 106 130 124 168 155 84 94 155 137 90 51 77 96 156 95 73 22 132 94 
36 138 111 102 79 139 118 149 104 116 158 165 84 114 161 28 134 52 126 94 103 62 163 126 69 112 84 73 127 73 92 52 73 26 83 58 136 111 91 126 192 70 34 123 124 113 135 135 49 30 51 111 107 92 76 156 60 75 86 175 69 134 81 126 
37 56 57 124 92 106 106 83 95 158 48 182 90 85 23 130 131 115 88 145 117 56 116 144 100 76 146 91 62 91 71 101 27 28 136 166 114 163 63 104 118 86 161 139 29 93 149 153 123 38 116 155 70 120 98 27 117 150 93 144 135 49 135 124 
148 100 148 109 114 127 51 125 55 165 182 36 55 153 163 136 124 97 132 71 105 65 87 94 101 45 144 45 54 125 78 170 157 66 93 115 172 84 111 65 53 24 83 63 93 103 90 92 56 18 67 166 141 65 184 129 180 83 21 135 99 128 114 109 
132 127 112 69 134 110 30 176 138 84 90 55 76 61 30 95 66 186 43 169 68 180 142 130 112 73 119 104 77 43 11 166 65 101 86 88 110 147 140 103 153 60 89 121 97 45 130 84 73 98 168 53 111 76 99 144 139 111 97 124 98 87 134 77 
87 105 135 58 23 92 155 153 43 114 85 153 61 50 48 109 99 103 69 86 154 106 37 153 97 81 113 94 54 86 126 41 102 136 75 113 71 93 61 103 94 29 52 87 58 123 83 11 101 93 131 95 130 39 83 113 119 65 75 87 118 80 108 190 
131 83 116 86 77 137 66 163 163 161 23 163 30 48 70 38 97 111 190 30 98 54 150 90 110 122 107 107 157 49 99 102 165 40 52 157 76 72 75 114 42 148 161 109 90 172 122 32 95 74 94 85 178 116 71 75 31 46 43 173 32 104 112 143 
125 100 144 46 164 173 112 42 100 28 130 136 95 109 38 62 112 80 103 119 52 136 101 53 101 106 174 122 49 51 35 107 115 133 118 141 72 124 88 125 95 93 103 89 117 57 192 126 71 77 123 103 54 118 171 121 150 21 153 69 138 74 110 176 
78 40 114 142 80 121 100 93 156 134 131 124 66 99 97 112 10 22 53 77 102 62 89 113 92 76 127 116 136 170 47 67 122 127 173 110 89 109 68 31 115 24 126 106 98 113 102 146 62 94 53 131 105 128 173 139 20 76 191 31 136 154 120 21 
75 167 63 99 103 55 163 74 52 52 115 97 186 103 111 80 22 30 54 116 192 91 148 16 91 177 116 147 125 183 75 50 112 75 67 36 63 55 146 130 110 79 74 34 95 94 155 41 156 46 86 45 141 192 164 76 123 62 157 25 87 90 105 160 
126 108 120 62 76 83 156 115 103 126 88 132 43 69 190 103 53 54 46 142 142 85 115 118 97 147 171 106 95 82 117 92 107 128 84 92 37 132 154 97 46 70 100 80 136 66 175 115 108 112 110 114 115 103 96 61 110 109 97 75 58 116 106 108 
22 82 133 6 97 168 180 76 109 94 145 71 169 86 30 119 77 116 142 200 42 123 171 154 116 62 117 84 57 97 54 139 50 157 114 56 137 162 96 22 61 116 135 50 14 170 126 195 158 155 103 88 50 15 73 52 28 105 77 34 21 67 93 101 
146 65 79 120 67 136 146 118 129 103 117 105 68 154 98 52 102 192 142 42 136 86 115 107 36 96 104 64 156 123 112 35 173 92 105 138 57 123 44 116 115 44 85 85 171 137 133 61 73 96 106 107 112 142 108 110 99 134 69 51 129 14 94 189 
110 55 96 132 113 60 85 38 96 62 56 65 180 106 54 136 62 91 85 123 86 52 44 78 139 100 151 128 188 78 38 173 106 126 127 48 103 82 85 50 129 110 94 102 46 194 156 106 80 167 180 95 103 102 115 65 100 86 75 105 157 93 135 86 
73 154 59 130 163 89 135 90 129 163 116 87 142 37 150 101 89 148 115 171 115 44 122 122 129 132 113 132 140 61 139 130 39 123 110 82 66 130 155 129 54 123 89 112 149 115 44 59 130 140 53 96 104 59 156 74 70 98 12 127 22 41 94 119 
127 12 28 73 49 163 188 64 154 126 144 94 130 153 90 53 113 16 118 154 107 78 122 90 129 45 86 79 75 176 41 71 126 165 99 54 46 125 71 88 109 89 34 157 127 55 149 127 96 73 168 118 141 53 108 85 183 17 27 128 24 43 98 50 
33 150 141 44 113 99 84 133 101 69 100 101 112 97 110 101 92 91 97 116 36 139 129 129 112 152 108 29 41 152 109 107 130 67 171 130 39 73 113 48 98 115 45 117 111 105 168 41 72 91 40 104 88 55 139 47 85 163 186 113 48 31 108 118 
135 86 86 118 125 114 102 47 101 112 76 45 73 81 122 106 76 177 147 62 96 100 132 45 152 80 144 76 143 90 104 72 134 26 99 93 63 65 92 42 151 126 58 136 80 70 27 143 51 106 158 105 77 160 127 191 103 196 69 192 96 152 129 111 
76 135 69 112 36 41 34 112 164 84 146 144 119 113 107 174 127 116 171 117 104 151 113 86 108 144 176 42 151 97 135 101 107 98 30 125 6 52 91 146 94 66 161 110 74 71 69 103 86 89 29 49 85 158 63 79 32 59 90 53 87 131 30 134 
89 66 173 161 103 71 147 114 99 73 91 45 104 94 107 122 116 147 106 84 64 128 132 79 29 76 42 6 138 139 64 119 175 140 66 148 58 74 63 73 60 44 70 77 45 40 63 119 116 120 99 94 155 146 78 164 138 155 147 97 124 62 114 94 
71 89 98 55 93 135 18 88 111 127 62 54 77 54 157 49 136 125 95 57 156 188 140 75 41 143 151 138 174 99 86 90 91 137 60 99 104 158 165 80 152 72 55 91 121 45 24 131 74 75 121 171 81 74 122 107 119 80 148 113 130 129 143 43 
136 100 31 100 141 95 136 41 115 73 91 125 43 86 49 51 170 183 82 97 123 78 61 176 152 90 97 139 99 174 85 77 87 165 127 116 173 98 4 169 159 149 116 83 54 80 14 105 49 126 73 89 193 90 117 111 167 62 135 60 83 184 70 127 
53 80 100 118 130 134 82 128 136 92 71 78 11 126 99 35 47 75 117 54 112 38 139 41 109 104 135 64 86 85 134 91 147 77 176 111 70 42 20 139 77 111 109 56 77 81 135 39 163 145 177 98 112 137 187 72 113 141 124 54 61 92 77 22 
57 167 105 74 78 153 62 108 57 52 101 170 166 41 102 107 67 50 92 139 35 173 130 71 107 72 101 119 90 77 91 98 100 117 177 159 46 115 63 60 23 122 86 38 117 181 71 107 100 40 119 84 35 111 26 79 105 143 95 110 42 59 117 106 
70 41 83 150 14 116 86 126 123 73 27 157 65 102 165 115 122 112 107 50 173 106 39 126 130 134 107 175 91 87 147 100 150 125 80 65 113 104 125 69 47 133 73 57 147 102 141 156 195 44 132 87 104 128 32 120 56 118 173 73 75 106 17 77 
118 66 43 84 131 185 87 25 118 26 28 66 101 136 40 133 127 75 128 157 92 126 123 165 67 26 98 140 137 165 77 117 125 162 110 115 21 71 43 120 75 105 92 156 70 65 112 131 146 86 104 155 115 105 160 59 129 164 56 160 104 146 133 25 
134 121 97 88 63 147 152 82 88 83 136 93 86 75 52 118 173 67 84 114 105 127 110 99 171 99 30 66 60 127 176 177 80 110 124 93 30 113 55 52 109 122 127 159 81 157 81 40 148 63 111 47 89 135 40 10 110 60 108 73 108 33 70 103 
178 109 112 129 81 84 148 151 76 58 166 115 88 113 157 141 110 36 92 56 138 48 82 54 130 93 125 148 99 116 111 159 65 115 93 34 81 101 147 97 109 53 79 117 23 126 137 81 67 75 59 107 39 95 151 15 38 53 100 70 163 130 126 106 
85 93 126 116 138 108 50 151 61 136 114 172 110 71 76 72 89 63 37 137 57 103 66 46 39 63 6 58 104 173 70 46 113 21 30 81 102 136 123 56 29 68 171 103 122 146 135 61 91 106 109 107 133 126 63 106 178 82 128 58 105 56 65 35 
140 113 42 101 161 103 58 123 75 111 163 84 147 93 72 124 109 55 132 162 123 82 130 125 73 65 52 74 158 98 42 115 104 71 113 101 136 78 137 149 97 30 118 82 49 140 110 30 141 153 166 53 46 93 124 129 149 113 121 35 96 64 103 103 
73 151 156 31 58 176 63 89 61 91 63 111 140 61 75 88 68 146 154 96 44 85 155 71 113 92 91 63 165 4 20 63 125 43 55 147 123 137 52 75 78 177 118 67 100 77 120 13 126 108 123 36 125 108 131 120 160 91 131 142 179 116 155 43 
189 107 148 128 151 105 124 149 33 126 104 65 103 103 114 125 31 130 97 22 116 50 129 88 48 42 146 73 80 169 139 60 69 120 52 97 56 149 75 120 114 110 44 51 181 98 19 96 80 139 80 86 99 88 97 127 158 127 131 146 153 84 127 88 
90 132 103 142 128 121 57 68 64 192 118 53 153 94 42 95 115 110 46 61 115 129 54 109 98 151 94 60 152 159 77 23 47 75 109 109 29 97 78 114 140 80 83 66 71 117 117 100 54 132 57 74 79 49 124 151 133 47 45 34 97 63 62 50 
109 155 115 30 120 79 93 118 59 70 86 24 60 29 148 93 24 79 70 116 44 110 123 89 115 126 66 44 72 149 111 122 133 105 122 53 68 30 177 110 80 52 32 172 58 91 156 118 180 110 110 43 121 117 103 74 101 173 155 75 80 143 32 72 
76 115 47 53 149 96 51 166 111 34 161 83 89 52 161 103 126 74 100 135 85 94 89 34 45 58 161 70 55 116 109 86 73 92 127 79 171 118 118 44 83 32 34 101 84 49 58 106 85 74 138 40 93 179 144 92 76 104 112 44 130 27 159 78 
36 65 185 97 93 62 139 86 154 123 139 63 121 87 109 89 106 34 80 50 85 102 112 157 117 136 110 77 91 83 56 38 57 156 159 117 103 82 67 51 66 172 101 96 106 45 21 111 93 89 119 65 162 72 113 91 89 43 126 106 120 185 16 146 
88 137 86 106 82 42 146 161 103 124 29 93 97 58 90 117 98 95 136 14 171 46 149 127 111 80 74 45 121 54 77 117 147 70 81 23 122 49 100 181 71 58 84 106 138 84 54 54 28 88 124 135 155 87 46 21 152 54 49 44 103 100 93 122 
98 48 61 120 139 140 133 100 106 113 93 103 45 123 172 57 113 94 66 170 137 194 115 55 105 70 71 40 45 80 81 181 102 65 157 126 146 140 77 98 117 91 49 45 84 148 18 147 123 112 113 155 97 56 190 140 22 66 127 96 96 80 153 35 
159 123 120 81 175 144 49 179 130 135 149 90 130 83 122 192 102 155 175 126 133 156 44 149 168 27 69 63 24 14 135 71 141 112 81 137 135 110 120 19 117 156 58 21 54 18 122 172 153 126 167 106 148 50 93 97 65 75 78 153 93 121 119 82 
118 103 82 115 137 67 63 104 124 135 153 92 84 11 32 126 146 41 115 195 61 106 59 127 41 143 103 119 131 105 39 107 156 131 40 81 61 30 13 96 100 118 106 111 54 147 172 162 169 144 75 65 132 96 76 85 94 113 85 26 24 157 19 163 
118 137 76 117 59 110 20 119 168 49 123 56 73 101 95 71 62 156 108 158 73 80 130 96 72 51 86 116 74 49 163 100 195 146 148 67 91 141 126 80 54 180 85 93 28 123 153 169 46 107 102 115 33 83 128 108 189 105 75 70 21 7 45 74 
164 82 195 137 67 145 81 124 155 30 38 18 98 93 74 77 94 46 112 155 96 167 140 73 91 106 89 120 75 126 145 40 44 86 63 75 106 153 108 139 132 110 74 89 88 112 126 144 107 64 145 136 71 119 167 82 96 78 116 76 108 143 113 79 
117 62 132 99 96 117 193 157 84 51 116 67 168 131 94 123 53 86 110 103 106 180 53 168 40 158 29 99 121 73 177 119 132 104 111 59 109 166 123 80 57 110 138 119 124 113 167 75 102 145 84 140 163 77 59 134 124 40 106 78 128 177 175 62 
132 111 96 138 151 95 95 101 94 111 155 166 53 95 85 103 131 45 114 88 107 95 96 118 104 105 49 94 171 89 98 84 87 155 47 107 107 53 36 86 74 43 40 65 135 155 106 65 115 136 140 174 22 76 83 127 88 137 105 172 155 39 106 81 
76 157 69 37 77 93 94 101 155 107 70 141 111 130 178 54 105 141 115 50 112 103 104 141 88 77 85 155 81 193 112 35 104 115 89 39 133 46 125 99 79 121 93 162 155 97 148 132 33 71 163 22 184 33 63 63 124 66 154 45 125 160 113 144 
115 63 81 123 60 129 94 167 137 92 120 65 76 39 116 118 128 192 103 15 142 102 59 53 55 160 158 146 74 90 137 111 128 105 135 95 126 93 108 88 49 117 179 72 87 56 50 96 83 119 77 76 33 98 114 60 101 156 80 117 68 120 80 186 
84 81 67 95 94 151 32 74 90 76 98 184 99 83 71 171 173 164 96 73 108 115 156 108 139 127 63 78 122 117 187 26 32 160 40 151 63 124 131 97 124 103 144 113 46 190 93 76 128 167 59 83 63 114 112 123 180 65 148 105 85 91 132 149 
21 83 115 123 95 135 108 113 51 156 27 129 144 113 75 121 139 76 61 52 110 65 74 85 47 191 79 164 107 111 72 79 120 59 10 15 106 129 120 127 151 74 92 91 21 140 97 85 108 82 134 127 63 60 123 136 38 60 9 125 83 103 178 153 
121 87 6 100 134 55 45 145 77 60 117 180 139 119 31 150 20 123 110 28 99 100 70 183 85 103 32 138 119 167 113 105 56 129 110 38 178 149 160 158 133 101 76 89 152 22 65 94 189 96 124 88 124 101 180 38 176 77 94 98 49 110 161 75 
105 126 27 85 116 125 108 52 96 75 150 83 111 65 46 21 76 62 109 105 134 86 98 17 163 196 59 155 80 62 141 143 118 164 60 53 82 113 91 127 47 173 104 43 54 66 75 113 105 78 40 137 66 156 65 60 77 78 67 80 62 188 104 185 
112 49 108 169 136 48 81 95 156 86 93 21 97 75 43 153 191 157 97 77 69 75 12 27 186 69 90 147 148 135 124 95 173 56 108 100 128 121 131 131 45 155 112 126 49 127 78 85 75 116 106 105 154 80 148 9 94 67 78 59 126 120 168 104 
119 188 68 120 134 99 39 19 95 175 144 135 124 87 173 69 31 25 75 34 51 105 127 128 113 192 53 97 113 60 54 110 73 160 73 70 58 35 142 146 34 75 44 106 44 96 153 26 70 76 78 172 45 117 105 125 98 80 59 176 126 139 90 99 
61 144 31 120 107 140 126 90 73 69 135 99 98 118 32 138 136 87 58 21 129 157 22 24 48 96 87 124 130 83 61 42 75 104 108 163 105 96 179 153 97 80 130 120 103 96 93 24 21 108 128 155 125 68 85 83 49 62 126 126 36 142 58 55 
142 106 87 137 139 72 141 83 22 134 49 128 87 80 104 74 154 90 116 67 14 93 41 43 31 152 131 62 129 184 92 59 106 146 33 130 56 64 116 84 63 143 27 185 100 80 121 157 7 143 177 39 160 120 91 103 110 188 120 139 142 66 155 38 
160 153 29 99 128 102 178 118 132 81 135 114 134 108 112 110 120 105 106 93 94 135 94 98 108 129 30 114 143 70 77 117 17 133 70 126 65 103 155 127 62 32 159 16 93 153 119 19 45 113 175 106 113 80 132 178 161 104 168 90 58 155 172 188 
131 127 164 66 100 102 41 57 94 126 124 109 77 190 143 176 21 160 108 101 189 86 119 50 118 111 134 94 43 127 22 106 77 25 103 106 35 103 43 88 50 72 78 146 122 35 82 163 74 79 62 81 144 186 149 153 75 185 104 99 55 38 188 56 