16
5 2 3 3 5 8 8 8 6 2 5 7 7 9 8 8 
2 4 4 4 3 9 5 2 7 10 8 6 10 2 3 9 
9 2 8 1 3 5 6 2 10 10 7 2 8 10 10 7 
7 10 1 1 7 1 5 4 2 8 2 7 7 4 1 1 
7 4 1 6 10 10 4 1 10 3 7 7 4 10 5 9 
10 4 1 2 3 6 8 6 7 5 3 7 2 3 6 5 
4 3 8 6 3 5 10 6 2 7 10 10 10 10 4 3 
10 7 8 2 8 5 2 1 7 7 3 5 3 6 8 10 
10 9 8 8 8 6 1 3 8 5 4 8 3 7 7 7 
2 2 9 6 6 8 3 9 10 9 8 4 2 5 8 10 
6 8 9 4 9 7 6 4 3 2 9 6 10 7 9 5 
6 6 7 10 5 4 8 10 1 8 6 8 7 4 2 5 
1 6 9 4 8 9 9 7 1 10 6 8 6 4 5 4 
1 8 2 3 6 7 3 3 2 5 9 6 3 1 7 7 
6 8 7 2 4 2 2 3 3 1 5 2 9 5 2 1 
2 8 8 7 3 5 9 10 7 6 8 5 10 2 8 7 
196 84 32 149 152 70 58 117 50 100 98 93 95 48 78 107 
84 176 105 15 81 39 93 130 141 88 33 53 110 13 35 172 
32 105 66 98 137 83 75 16 148 45 67 135 101 83 113 97 
149 15 98 132 68 169 85 116 117 99 55 34 148 55 164 89 
152 81 137 68 16 76 46 103 70 103 158 103 98 112 156 174 
70 39 83 169 76 146 110 174 147 145 118 113 150 116 82 98 
58 93 75 85 46 110 14 90 126 12 85 104 68 31 88 86 
117 130 16 116 103 174 90 100 128 136 155 18 139 107 121 158 
50 141 148 117 70 147 126 128 108 33 87 87 156 49 155 165 
100 88 45 99 103 145 12 136 33 70 73 120 81 89 59 84 
98 33 67 55 158 118 85 155 87 73 64 64 12 143 31 97 
93 53 135 34 103 113 104 18 87 120 64 100 112 25 172 102 
95 110 101 148 98 150 68 139 156 81 12 112 68 126 154 64 
48 13 83 55 112 116 31 107 49 89 143 25 126 178 110 153 
78 35 113 164 156 82 88 121 155 59 31 172 154 110 28 131 
107 172 97 89 174 98 86 158 165 84 97 102 64 153 131 112 