64
86 68 3 54 64 32 28 19 28 35 17 39 59 80 91 77 32 40 99 96 36 57 77 61 45 48 96 86 69 75 90 57 2 62 60 100 30 46 90 31 13 38 54 46 86 3 19 98 12 58 19 73 97 83 19 9 29 7 82 25 93 94 27 21 
73 89 66 77 34 74 57 78 23 73 31 42 91 53 65 24 21 26 58 68 78 3 26 70 56 43 63 74 44 19 66 38 39 21 85 93 26 42 78 77 24 86 51 10 89 55 100 8 44 52 64 10 11 43 10 55 46 81 71 82 83 93 66 34 
80 15 5 58 40 61 5 31 36 73 45 5 54 38 63 19 75 1 12 26 92 94 66 22 92 97 98 53 15 21 45 63 72 68 90 43 17 10 24 37 25 52 17 92 53 27 86 92 92 25 83 24 93 4 42 36 13 89 34 39 37 19 69 48 
59 90 47 61 1 83 29 99 52 32 14 25 86 11 43 28 90 71 53 2 75 2 31 46 19 59 100 13 92 95 2 89 57 64 70 4 64 84 85 74 16 47 70 40 11 62 19 29 54 99 26 23 70 39 67 69 2 93 43 60 70 82 6 2 
35 55 51 88 2 83 26 35 64 87 79 57 30 20 77 29 29 94 98 38 73 50 6 59 11 57 9 2 55 66 79 66 19 91 29 31 13 73 38 82 93 14 23 84 31 86 9 5 54 13 91 52 27 64 31 34 43 85 5 25 100 20 65 14 
50 82 19 3 89 2 21 7 57 85 86 37 22 31 90 38 13 71 86 34 36 42 78 6 44 22 85 42 56 30 83 14 37 42 67 78 19 61 23 51 46 86 69 40 88 78 76 22 32 60 53 11 22 31 25 11 36 87 83 30 52 50 66 61 
17 65 83 70 1 96 52 45 88 60 14 8 62 18 36 66 21 93 80 20 93 72 90 49 22 74 42 44 21 38 98 83 8 44 92 76 7 72 1 98 49 33 18 71 93 8 2 71 87 40 21 37 91 41 53 73 65 7 20 57 46 25 29 9 
47 81 55 100 80 98 41 46 93 37 41 78 11 88 16 64 65 48 93 45 29 34 24 29 83 51 67 18 9 38 69 78 21 4 87 64 17 38 73 61 47 91 55 55 19 81 65 13 69 3 88 8 86 80 41 34 66 65 90 3 12 78 38 28 
73 13 75 2 77 8 71 59 74 69 20 6 74 99 35 55 41 68 38 67 57 13 79 75 75 96 97 10 55 6 24 30 14 74 48 75 97 9 7 40 19 23 29 3 3 96 48 77 72 96 26 69 8 32 4 20 65 63 6 48 38 78 76 99 
45 100 52 31 73 97 56 71 83 18 29 62 24 93 47 32 94 33 48 73 78 45 46 15 92 81 72 23 38 100 12 28 52 48 33 100 50 58 7 52 72 77 8 79 30 66 14 54 28 94 75 65 44 88 22 24 29 15 91 77 31 32 62 14 
85 56 65 23 13 47 17 37 15 84 82 20 8 33 45 49 47 78 16 74 61 54 69 99 81 69 29 9 72 47 29 17 34 63 75 30 81 2 81 30 35 87 17 15 50 5 98 63 68 97 5 54 25 2 26 68 100 72 29 88 64 51 95 21 
9 58 93 73 12 32 5 73 54 67 27 63 56 95 83 90 92 17 38 87 26 22 53 27 33 19 18 11 62 56 15 20 78 63 14 74 53 17 22 98 28 24 7 43 88 28 1 40 79 59 48 28 25 44 39 79 43 32 7 24 88 86 74 27 
87 74 76 87 40 40 95 17 58 1 92 96 18 100 91 5 36 1 55 64 48 88 14 86 40 100 67 85 49 65 74 21 69 73 53 42 14 53 78 1 63 65 4 12 34 61 48 99 41 49 99 77 36 70 98 87 56 93 84 92 15 48 40 91 
80 57 95 95 61 8 5 41 99 8 97 71 100 37 89 68 78 53 53 82 65 81 89 84 5 13 20 95 68 17 81 35 85 63 37 41 97 54 30 47 17 73 2 20 30 84 36 1 77 68 52 100 48 74 25 85 84 67 36 81 92 90 91 99 
17 13 21 79 58 17 18 30 26 52 83 56 15 31 28 80 92 74 5 92 38 84 4 70 26 67 75 51 57 84 55 41 52 30 8 99 17 100 25 32 90 65 71 7 19 15 14 32 76 12 34 39 80 39 1 36 68 58 54 1 10 32 89 69 
73 4 38 58 9 25 58 40 93 29 45 79 1 49 53 35 4 10 60 13 95 41 31 87 77 22 99 63 22 93 83 42 97 22 46 76 89 99 78 3 92 43 54 22 38 28 53 22 14 76 16 6 76 83 35 67 49 23 53 78 64 1 98 94 
18 25 64 92 91 83 13 15 40 43 20 37 17 52 75 96 70 78 69 5 47 86 7 6 76 5 19 98 35 52 7 3 19 81 71 86 67 55 97 57 92 28 8 84 7 42 82 88 76 41 59 58 69 8 80 76 66 46 75 82 50 53 49 39 
25 37 49 14 19 40 6 41 69 17 21 24 86 86 13 12 49 80 37 30 65 62 29 92 59 13 12 73 55 44 52 65 91 47 52 55 73 7 9 48 6 92 90 29 73 75 48 9 84 60 66 89 34 27 95 45 9 56 3 55 88 53 99 13 
65 15 11 13 77 80 11 37 44 26 22 69 10 11 59 35 97 9 70 55 66 80 46 11 10 65 32 32 41 28 11 70 36 91 31 83 94 80 60 63 88 66 41 52 96 55 36 58 22 28 48 94 76 53 2 24 7 67 56 45 75 95 48 42 
82 37 77 29 37 61 52 19 50 89 75 28 84 11 67 10 87 76 14 40 47 67 14 66 43 7 68 30 29 2 17 72 47 65 50 45 4 67 48 94 10 62 5 72 11 66 40 21 57 87 12 96 87 69 66 59 38 8 76 74 2 6 48 50 
5 61 5 59 15 98 18 70 87 84 97 83 37 72 95 58 77 55 81 48 99 44 43 94 79 64 55 37 81 66 62 58 23 2 77 70 71 69 30 53 95 36 68 84 52 88 63 64 50 65 81 74 68 11 1 21 91 12 46 30 57 51 99 90 
41 9 58 73 55 24 51 14 89 1 74 49 17 44 32 73 43 6 61 69 45 76 5 96 84 15 33 32 3 37 24 79 34 65 85 24 80 58 43 58 64 75 62 21 98 85 27 87 1 98 59 66 15 23 27 59 26 1 4 1 27 86 78 60 
56 95 85 5 98 25 2 19 26 6 13 10 11 19 89 1 12 74 38 39 12 53 94 88 76 63 44 16 38 7 46 95 56 92 84 49 39 94 40 58 77 67 86 77 6 1 60 59 15 58 46 32 27 33 54 3 14 3 25 65 70 25 17 91 
4 59 99 84 57 12 31 14 95 11 53 68 80 78 50 85 38 22 4 8 24 9 86 87 42 91 89 73 30 97 72 62 47 70 44 60 13 26 96 5 84 25 72 8 60 91 12 93 87 39 71 23 32 57 40 16 33 91 87 47 42 67 16 12 
63 73 22 90 99 27 32 2 17 68 1 26 41 90 92 91 23 49 83 48 23 13 93 97 65 66 66 67 29 60 70 8 10 44 55 77 99 45 46 67 91 60 19 1 90 95 34 91 55 10 62 75 84 13 14 88 54 19 85 99 84 38 66 79 
52 93 7 9 81 67 35 31 71 51 50 24 44 17 42 95 16 94 100 90 61 27 54 73 77 58 14 38 97 43 48 32 75 84 87 25 77 52 62 27 62 92 51 51 15 28 34 2 52 22 10 23 77 91 21 86 54 1 100 49 54 66 8 19 
56 92 27 6 39 44 37 63 51 47 20 97 34 55 31 88 51 91 61 36 39 93 23 91 100 91 28 52 11 72 20 97 83 92 86 29 21 47 66 86 29 55 79 30 71 83 10 2 88 90 37 9 58 57 6 69 73 82 75 27 22 2 2 74 
10 58 95 32 83 78 22 55 72 95 28 53 55 17 48 15 76 36 70 97 18 26 14 32 70 62 71 83 1 64 17 69 19 22 8 48 76 89 6 57 85 31 84 37 94 33 12 32 72 63 74 51 9 25 8 72 79 18 5 76 57 6 100 48 
99 99 76 31 1 43 25 53 90 29 75 94 92 25 65 47 28 28 18 65 65 23 60 94 47 66 71 52 53 23 37 60 66 6 7 55 90 56 91 12 14 91 86 83 98 42 21 47 18 100 33 84 81 44 3 81 100 80 25 98 44 59 86 87 
14 23 9 54 18 29 15 99 31 10 81 42 52 46 22 44 100 4 36 38 77 100 38 43 18 11 7 99 80 31 91 67 67 56 6 14 75 86 41 39 18 92 34 11 87 87 42 79 58 56 14 95 4 19 67 46 17 46 2 2 62 76 49 83 
35 33 57 91 18 40 55 69 18 8 12 79 70 82 4 54 96 94 25 75 88 30 13 82 49 12 13 77 24 11 46 24 19 97 81 13 17 43 77 67 17 63 39 68 12 91 92 98 93 94 81 9 89 28 35 98 87 45 96 79 67 51 33 92 
59 23 79 56 13 41 1 41 16 70 55 80 65 56 76 45 98 12 73 100 4 22 23 75 96 34 2 79 26 78 25 45 15 53 73 21 37 58 90 15 61 59 24 37 100 23 22 76 88 28 13 54 74 15 77 91 21 95 57 57 37 9 13 41 
57 31 53 24 95 93 83 46 58 19 28 20 57 81 49 40 88 69 95 34 59 56 18 5 68 82 36 77 77 25 27 66 31 78 68 60 64 53 56 78 75 92 85 77 7 55 86 61 95 88 46 90 30 96 20 88 69 59 6 84 11 8 4 34 
50 60 76 99 45 93 74 90 19 97 97 2 59 31 41 89 52 63 70 58 75 79 94 92 63 41 46 69 89 82 70 4 8 52 51 16 51 62 80 40 3 97 71 79 84 93 92 41 69 73 37 89 87 70 49 43 83 78 93 39 17 30 3 26 
7 90 22 77 35 33 37 27 37 89 80 48 96 52 26 35 9 94 29 30 85 14 99 48 56 71 47 78 66 17 36 39 51 65 60 43 6 41 32 26 11 29 79 54 20 87 25 73 36 59 15 67 71 53 70 63 61 99 58 11 92 26 21 74 
94 4 36 54 80 18 46 40 80 40 67 29 20 24 91 1 80 91 65 31 67 58 27 84 26 4 75 9 32 80 37 87 58 63 38 2 27 15 60 33 68 38 34 18 93 32 30 2 41 16 1 15 57 96 40 30 6 10 5 60 16 26 4 23 
76 72 92 38 61 33 45 13 24 90 73 46 68 90 35 51 77 34 48 10 58 79 59 23 52 40 58 68 89 59 13 70 49 61 57 61 81 100 82 75 15 27 4 20 11 95 79 22 37 23 22 7 1 2 73 4 79 43 68 52 43 40 2 17 
29 47 66 90 83 60 81 61 56 63 46 38 4 2 30 77 4 54 93 23 59 37 1 92 67 90 58 77 13 62 69 82 3 14 90 51 10 37 50 64 24 43 79 75 21 1 30 52 94 21 88 81 7 96 53 75 7 27 80 81 35 70 17 29 
86 47 76 42 85 22 6 4 84 86 23 78 6 7 58 28 17 12 12 4 89 25 32 78 100 58 84 29 84 89 93 52 28 88 63 1 71 55 65 68 8 24 65 97 87 32 56 93 22 10 69 3 54 72 11 18 35 98 45 61 28 28 52 15 
55 93 94 47 41 2 38 43 41 54 69 4 68 1 38 22 81 57 30 72 8 28 62 44 51 7 82 98 35 56 33 6 62 30 60 66 98 27 85 41 23 10 59 84 92 82 87 72 79 57 70 12 89 37 17 73 88 92 68 86 93 61 3 33 
94 66 50 69 43 89 15 24 35 54 49 30 70 89 12 92 11 80 20 48 63 45 88 29 59 26 18 77 77 89 63 20 14 100 96 11 59 42 17 90 84 76 29 83 10 92 60 78 89 72 82 11 55 33 23 54 24 17 54 69 40 46 84 79 
74 89 11 19 37 37 93 90 14 20 22 83 19 31 66 63 20 87 11 65 49 7 65 26 74 10 87 79 67 69 10 94 77 64 12 37 76 5 1 53 54 38 18 9 58 12 38 38 91 97 96 86 9 52 23 77 19 56 69 96 83 70 73 14 
51 64 12 90 16 49 33 52 71 94 76 14 99 30 86 77 35 24 74 11 56 59 78 40 14 73 97 20 5 97 100 29 38 27 57 76 77 68 36 69 23 14 40 57 29 54 71 58 90 28 48 40 21 40 76 28 2 29 91 92 10 4 18 9 
50 73 92 58 43 94 10 25 80 58 38 10 25 65 60 8 99 51 55 99 14 51 83 70 40 51 91 27 31 49 27 68 31 4 82 92 19 21 69 53 29 2 40 70 8 38 53 42 22 24 30 82 29 46 13 49 54 22 29 11 96 4 59 43 
29 24 90 15 78 36 12 21 50 20 41 65 98 6 23 100 26 22 17 90 34 83 35 76 60 64 35 47 7 73 68 84 70 23 88 15 35 76 52 32 61 92 77 50 73 12 13 44 3 50 35 61 99 64 91 52 42 32 54 42 13 100 25 43 
73 73 5 30 61 19 99 2 20 27 55 21 39 1 64 55 83 56 45 73 29 53 75 76 93 92 15 60 53 94 38 56 67 62 66 23 21 81 63 53 6 1 64 12 63 31 57 79 61 21 37 40 22 31 87 83 97 55 38 32 32 44 74 17 
80 35 88 93 54 38 40 31 50 67 84 99 22 31 21 31 54 14 85 23 44 60 51 48 58 90 81 65 33 95 29 97 92 54 11 6 56 58 25 86 62 34 65 27 63 88 23 78 71 82 13 28 96 8 90 84 100 2 99 68 88 61 82 41 
25 89 36 14 60 64 88 34 41 40 50 100 13 47 39 83 84 31 27 58 83 95 92 57 92 60 45 68 42 97 47 91 53 23 21 32 38 14 89 59 32 2 9 92 71 25 54 100 61 38 55 65 22 95 4 30 3 2 1 91 95 37 4 84 
34 50 7 19 93 22 90 37 75 89 81 40 89 52 51 4 27 38 70 12 94 67 81 36 98 53 33 30 19 100 59 40 16 13 28 67 49 62 30 57 7 92 4 28 22 92 19 80 23 43 36 73 19 24 44 14 72 3 72 79 4 11 60 6 
65 2 86 36 3 33 19 62 85 56 73 97 79 83 3 89 73 83 6 39 14 48 41 36 20 1 4 94 4 18 44 79 36 90 89 24 94 57 20 74 92 40 62 96 37 46 42 54 39 51 63 52 64 51 40 50 92 64 54 27 82 86 13 88 
63 12 57 8 91 100 51 94 17 13 25 99 85 2 14 19 87 12 72 96 7 39 41 64 1 93 84 49 67 31 58 76 67 90 12 86 52 2 39 79 19 11 94 20 95 26 86 29 62 20 10 79 23 68 1 25 19 68 85 4 24 9 2 46 
15 2 71 18 76 90 77 63 33 33 13 86 14 45 27 91 37 12 96 49 39 30 93 92 76 90 52 49 95 82 43 79 97 64 28 59 89 73 17 81 68 14 76 34 77 28 63 50 65 77 41 32 22 29 49 16 85 60 24 45 88 61 26 28 
72 14 43 40 83 33 41 85 83 62 69 18 45 14 52 94 51 53 69 44 11 61 63 18 9 98 43 94 9 27 86 21 88 57 29 41 10 76 43 13 60 98 79 79 18 25 56 15 60 23 92 73 7 60 74 84 97 27 23 64 72 71 6 100 
67 97 40 25 45 43 58 55 90 91 18 33 31 24 39 6 42 82 77 66 9 85 63 40 82 12 52 43 78 41 86 30 32 11 29 52 59 21 8 95 29 10 30 25 95 7 44 50 59 50 21 23 11 52 19 21 46 43 66 34 5 67 59 77 
84 76 45 77 4 90 10 81 90 53 72 93 75 20 69 7 16 72 73 88 77 52 64 53 19 68 1 87 92 63 27 34 19 38 66 59 53 28 91 20 61 26 37 3 12 20 32 25 63 22 46 38 1 90 58 98 17 27 40 72 13 34 90 35 
77 35 90 24 83 55 40 60 3 67 81 13 26 18 46 100 78 84 37 51 68 18 41 92 16 88 16 71 62 3 44 55 18 14 28 37 35 96 23 39 76 95 54 57 26 97 1 37 13 61 49 69 90 22 9 41 45 62 21 69 80 6 31 97 
78 36 26 49 41 19 6 77 67 42 86 68 53 99 51 46 94 49 85 68 10 23 42 67 68 57 53 82 9 30 17 30 19 6 88 87 19 43 11 100 82 34 39 30 68 1 82 54 43 72 26 24 20 72 67 6 80 40 21 49 93 29 70 24 
81 47 20 7 54 43 69 32 91 100 15 60 36 44 69 14 43 2 18 68 49 77 46 44 16 3 16 39 33 70 66 52 100 81 62 48 56 98 63 14 93 92 9 85 36 10 5 73 69 73 93 87 30 100 45 1 73 10 77 57 64 68 68 12 
100 66 44 51 49 98 28 23 97 56 39 8 13 37 79 88 47 25 70 4 9 24 44 34 37 70 42 92 55 42 40 51 50 62 33 92 33 24 86 87 20 89 18 8 75 15 68 20 98 60 29 89 29 51 73 31 8 85 1 82 25 85 82 61 
32 27 93 81 61 6 31 99 44 2 96 22 70 94 66 32 77 61 72 69 27 18 65 19 48 82 29 84 27 16 5 52 96 77 93 43 70 44 64 49 97 89 100 23 95 94 26 18 96 48 55 75 70 16 50 27 100 98 53 24 12 86 58 85 
42 76 89 67 2 21 52 4 55 60 11 70 56 57 61 8 45 27 51 48 77 96 27 91 56 18 78 26 61 50 6 2 78 69 25 94 14 95 61 11 31 29 57 59 2 18 39 11 20 48 70 60 66 50 54 35 95 6 30 47 43 3 45 78 
39 21 9 67 9 68 7 94 39 48 80 54 74 37 75 98 55 65 70 40 28 51 36 80 49 2 82 47 59 26 18 6 19 60 72 73 59 32 22 5 61 38 37 35 75 31 75 85 92 77 54 65 98 47 96 92 21 37 95 44 74 94 16 77 
26 15 86 9 64 36 55 100 4 42 56 24 29 50 6 14 35 54 23 12 29 15 23 8 36 92 56 32 78 1 94 96 5 69 100 48 90 83 28 38 10 62 31 62 99 28 28 79 41 73 20 55 19 58 11 23 6 45 34 70 73 18 83 33 
67 40 36 41 86 78 89 85 66 66 79 16 8 87 16 3 29 36 75 53 67 85 9 92 92 24 51 91 40 32 3 14 42 32 100 53 67 51 29 9 77 71 85 72 58 84 19 47 76 65 33 61 59 27 78 73 50 56 5 11 74 83 17 20 
198 149 57 61 94 74 52 86 58 137 58 179 95 65 93 40 79 115 135 81 108 163 125 86 29 79 105 97 59 65 87 155 33 56 88 49 107 92 75 43 146 53 85 106 101 59 63 110 94 64 79 149 107 85 25 107 46 94 114 94 122 101 117 82 
149 130 129 138 33 84 102 60 83 146 115 77 149 93 108 132 97 55 25 102 181 164 95 102 111 42 59 68 52 99 147 95 70 67 98 49 135 119 108 51 138 110 163 85 158 123 142 25 47 104 123 118 147 110 62 82 68 82 98 66 174 70 70 27 
57 129 146 20 70 64 88 81 109 76 80 78 127 53 161 48 95 136 139 68 140 101 80 103 106 117 58 120 64 84 44 115 44 53 21 113 87 84 148 98 103 105 66 148 145 49 75 153 126 100 36 69 59 61 87 99 25 105 134 115 89 98 101 130 
61 138 20 104 132 111 155 149 75 185 96 62 11 100 64 80 170 45 167 148 140 108 77 125 28 119 125 157 113 195 137 92 32 99 142 98 131 148 166 108 121 124 48 58 178 28 37 33 81 160 67 115 130 102 166 156 38 84 87 126 91 49 111 92 
94 33 70 132 20 121 47 149 55 120 177 154 79 47 131 149 25 97 143 52 123 41 149 103 89 107 82 149 64 145 62 126 17 128 56 68 79 123 80 87 97 108 113 44 54 100 65 137 120 85 145 170 103 127 56 84 147 142 109 85 177 87 121 49 
74 84 64 111 121 166 6 143 29 168 100 39 62 20 124 51 41 21 79 109 48 53 123 151 59 117 95 130 86 18 84 47 79 104 130 127 31 83 57 115 117 43 118 145 117 65 84 99 144 54 5 44 44 136 63 105 131 146 99 71 151 153 112 111 
52 102 88 155 47 6 110 184 76 58 170 41 155 136 126 87 67 88 51 95 168 122 108 61 165 132 76 40 130 53 92 140 97 90 129 110 100 45 122 77 90 93 58 16 56 98 134 158 98 170 67 107 127 87 31 146 137 160 17 79 121 120 112 94 
86 60 81 149 149 143 184 28 126 153 140 97 146 27 93 162 76 42 104 59 143 84 84 59 67 169 89 52 82 84 33 23 22 140 96 40 76 122 85 89 165 69 101 105 61 67 163 139 81 79 176 160 97 110 96 34 159 116 112 163 33 135 107 135 
58 83 109 75 55 29 76 126 18 47 132 87 69 73 32 161 102 141 141 128 15 192 142 114 108 133 122 72 81 88 87 41 80 87 107 171 99 144 80 150 117 170 75 90 128 108 120 113 93 137 100 97 113 132 49 127 42 82 69 121 135 127 83 177 
137 146 76 185 120 168 58 153 47 76 97 158 52 124 76 134 90 161 61 38 54 86 119 30 72 80 61 116 43 134 118 63 71 111 63 41 66 108 73 175 123 70 29 166 87 161 140 108 73 43 78 88 165 154 102 151 95 127 83 53 161 134 173 143 
58 115 80 96 177 100 170 140 132 97 142 102 89 112 117 78 98 89 94 76 64 171 143 152 173 52 104 132 113 125 163 189 129 183 102 130 148 126 125 89 62 127 106 124 95 117 24 113 98 78 158 139 143 71 125 28 119 164 110 192 136 60 19 132 
179 77 78 62 154 39 41 97 87 158 102 42 90 113 102 160 101 103 104 36 112 132 81 56 70 113 88 92 146 93 102 67 58 123 119 136 105 112 126 89 175 96 99 117 88 101 50 99 68 99 45 171 114 23 54 97 109 115 58 129 101 164 87 77 
95 149 127 11 79 62 155 146 69 52 89 90 128 82 153 132 59 35 104 53 51 141 194 163 136 42 101 88 58 123 103 76 9 104 118 134 134 114 106 116 46 122 113 98 66 33 30 137 74 160 142 119 49 26 94 119 122 158 107 160 112 80 55 97 
65 93 53 100 47 20 136 27 73 124 112 113 82 128 156 77 106 11 132 86 126 71 91 100 44 47 112 89 131 92 105 114 109 87 118 60 161 18 179 114 99 147 156 95 53 174 114 129 68 150 105 80 99 126 136 55 109 61 22 150 146 158 66 121 
93 108 161 64 131 124 126 93 32 76 117 102 153 156 124 89 112 100 76 122 87 148 91 158 84 16 104 134 115 98 77 173 85 86 122 34 49 190 103 65 82 102 117 100 25 153 124 160 163 133 50 62 79 118 32 62 26 110 136 79 146 110 45 123 
40 132 48 80 149 51 87 162 161 134 78 160 132 77 89 26 72 55 143 75 26 64 164 109 82 135 104 153 108 116 114 44 123 64 96 27 46 95 111 75 161 104 102 97 89 81 108 73 76 90 66 133 93 32 89 87 113 83 90 72 94 16 51 162 
79 97 95 170 25 41 67 76 102 90 98 101 59 106 112 72 178 89 143 99 75 161 53 67 145 138 145 38 83 50 144 162 74 18 59 88 104 95 38 89 77 175 54 153 138 148 50 81 176 116 80 186 98 95 49 183 87 85 22 102 10 47 112 46 
115 55 136 45 97 21 88 42 141 161 89 103 35 11 100 55 89 104 96 128 127 142 91 60 50 65 57 80 161 97 162 94 44 69 92 118 45 152 92 142 127 121 129 36 134 144 123 111 31 186 70 42 135 131 98 85 102 23 106 124 100 111 96 93 
135 25 139 167 143 79 51 104 141 61 94 104 104 132 76 143 143 96 16 36 47 87 103 108 121 105 57 84 73 78 110 133 90 99 43 142 165 99 80 74 121 80 146 73 52 82 147 79 157 143 75 73 145 108 68 77 53 175 84 105 126 174 87 18 
81 102 68 148 52 109 95 59 128 38 76 36 53 86 122 75 99 128 36 68 135 77 85 190 77 111 47 160 129 120 123 59 148 169 118 91 164 97 148 104 113 76 77 60 153 147 21 96 97 27 60 84 81 123 166 121 102 72 105 116 125 148 95 109 
108 181 140 140 123 48 168 143 15 54 64 112 51 126 87 26 75 127 47 135 12 95 130 97 46 132 25 92 107 30 75 164 124 119 118 108 11 64 94 112 39 58 134 71 48 66 113 133 108 101 26 95 100 94 58 37 118 80 13 158 37 46 89 107 
163 164 101 108 41 53 122 84 192 86 171 132 141 71 148 64 161 142 87 77 95 42 48 123 180 70 112 70 94 112 65 109 99 99 117 54 101 134 106 7 68 123 153 91 118 95 109 157 29 111 134 67 90 102 129 84 85 118 131 135 147 119 123 91 
125 95 80 77 149 123 108 84 142 119 143 81 194 91 91 164 53 91 103 85 130 48 190 111 123 42 70 107 127 80 76 119 121 137 145 83 108 82 57 81 106 96 27 52 160 182 73 56 49 34 54 102 120 82 88 77 123 117 100 20 34 112 74 121 
86 102 103 125 103 151 61 59 114 30 152 56 163 100 158 109 67 60 108 190 97 123 111 82 84 46 139 80 116 120 62 128 98 122 59 27 63 86 112 169 48 47 104 153 91 82 121 77 38 149 46 56 75 65 83 159 74 98 135 109 85 123 83 122 
29 111 106 28 89 59 165 67 108 72 173 70 136 44 84 82 145 50 121 77 46 180 123 84 190 71 136 82 121 92 57 92 72 83 60 118 173 94 150 9 92 37 115 68 154 154 182 157 93 38 77 129 26 163 194 110 159 88 68 143 107 65 105 147 
79 42 117 119 107 117 132 169 133 80 52 113 42 47 16 135 138 65 105 111 132 70 42 46 71 116 29 118 27 112 138 51 97 94 104 18 143 76 87 90 128 102 62 31 102 47 99 115 93 98 145 46 104 132 64 48 161 163 145 104 169 45 93 84 
105 59 58 125 82 95 76 89 122 61 104 88 101 112 104 104 145 57 57 47 25 112 70 139 136 29 6 61 101 144 125 181 104 104 88 70 111 81 139 113 18 171 129 180 89 183 140 96 99 153 102 130 95 54 141 76 137 55 100 88 103 150 22 124 
97 68 120 157 149 130 40 52 72 116 132 92 88 89 134 153 38 80 84 160 92 70 107 80 82 118 61 140 107 33 130 91 37 156 133 142 122 65 149 134 56 139 141 134 68 144 58 72 90 149 125 64 102 80 127 107 101 69 40 66 129 53 101 120 
59 52 64 113 64 86 130 82 81 43 113 146 58 131 115 108 83 161 73 129 107 94 127 116 121 27 101 107 52 40 110 80 75 56 87 64 128 90 128 154 65 86 119 76 80 97 153 56 162 89 16 165 149 64 143 42 97 120 105 28 117 12 149 115 
65 99 84 195 145 18 53 84 88 134 125 93 123 92 98 116 50 97 78 120 30 112 80 120 92 112 144 33 40 78 83 86 85 138 141 17 129 154 121 107 152 101 168 185 97 143 79 65 174 93 168 85 73 177 148 30 62 158 96 129 166 132 106 54 
87 147 44 137 62 84 92 33 87 118 163 102 103 105 77 114 144 162 110 123 75 65 76 62 57 138 125 130 110 83 36 95 162 103 135 73 113 98 136 48 94 83 75 76 94 112 74 81 60 55 105 45 58 51 114 83 78 92 64 60 83 113 107 156 
155 95 115 92 126 47 140 23 41 63 189 67 76 114 173 44 162 94 133 59 164 109 119 128 92 51 181 91 80 86 95 68 112 114 98 65 118 114 107 29 131 67 103 162 24 44 142 62 101 134 138 71 96 48 130 93 42 129 170 145 90 66 43 115 
33 70 44 32 17 79 97 22 80 71 129 58 9 109 85 123 74 44 90 148 124 99 121 98 72 97 104 37 75 85 162 112 66 95 80 80 146 124 172 51 168 113 68 118 93 60 54 178 157 84 93 102 152 24 96 39 56 79 85 99 76 180 160 61 
56 67 53 99 128 104 90 140 87 111 183 123 104 87 86 64 18 69 99 169 119 99 137 122 83 94 104 156 56 138 103 114 95 112 117 50 99 111 81 60 140 166 90 99 173 193 48 164 100 175 96 86 159 179 87 134 72 92 100 79 80 81 27 97 
88 98 21 142 56 130 129 96 107 63 102 119 118 118 122 96 59 92 43 118 118 117 145 59 60 104 88 133 87 141 135 98 80 117 66 79 68 113 119 3 89 126 46 138 99 84 120 132 116 79 91 61 132 146 73 144 27 32 122 96 162 62 78 113 
49 49 113 98 68 127 110 40 171 41 130 136 134 60 34 27 88 118 142 91 108 54 83 27 118 18 70 142 64 17 73 65 80 50 79 156 140 103 94 80 155 128 112 138 170 100 103 77 83 98 81 56 135 118 89 22 13 105 143 115 162 136 61 163 
107 135 87 131 79 31 100 76 99 66 148 105 134 161 49 46 104 45 165 164 11 101 108 63 173 143 111 122 128 129 113 118 146 99 68 140 6 29 115 123 154 118 151 6 136 31 21 101 59 85 100 170 105 81 135 86 65 116 95 137 100 112 113 113 
92 119 84 148 123 83 45 122 144 108 126 112 114 18 190 95 95 152 99 97 64 134 82 86 94 76 81 65 90 154 98 114 124 111 113 103 29 6 133 93 83 34 96 101 45 142 98 98 9 142 124 111 153 115 89 171 152 157 80 67 123 6 86 86 
75 108 148 166 80 57 122 85 80 73 125 126 106 179 103 111 38 92 80 148 94 106 57 112 150 87 139 149 128 121 136 107 172 81 119 94 115 133 74 144 122 102 98 154 100 110 30 58 135 151 116 159 166 24 87 66 86 124 100 41 48 90 126 47 
43 51 98 108 87 115 77 89 150 175 89 89 116 114 65 75 89 142 74 104 112 7 81 169 9 90 113 134 154 107 48 29 51 60 3 80 123 93 144 200 82 127 102 79 102 108 31 98 13 33 133 122 79 148 110 121 108 41 27 134 131 177 184 129 
146 138 103 121 97 117 90 165 117 123 62 175 46 99 82 161 77 127 121 113 39 68 106 48 92 128 18 56 65 152 94 131 168 140 89 155 154 83 122 82 176 29 89 83 61 74 26 116 72 73 152 79 143 82 152 127 142 65 185 87 89 94 172 87 
53 110 105 124 108 43 93 69 170 70 127 96 122 147 102 104 175 121 80 76 58 123 96 47 37 102 171 139 86 101 83 67 113 166 126 128 118 34 102 127 29 38 101 156 114 127 111 70 58 19 123 37 71 94 84 136 122 107 33 103 123 102 120 96 
85 163 66 48 113 118 58 101 75 29 106 99 113 156 117 102 54 129 146 77 134 153 27 104 115 62 129 141 119 168 75 103 68 90 46 112 151 96 98 102 89 101 68 82 81 43 49 145 95 140 140 116 144 103 29 97 171 136 110 172 85 37 81 72 
106 85 148 58 44 145 16 105 90 166 124 117 98 95 100 97 153 36 73 60 71 91 52 153 68 31 180 134 76 185 76 162 118 99 138 138 6 101 154 79 83 156 82 84 111 66 151 148 87 94 151 115 92 130 83 83 105 110 96 132 92 89 75 181 
101 158 145 178 54 117 56 61 128 87 95 88 66 53 25 89 138 134 52 153 48 118 160 91 154 102 89 68 80 97 94 24 93 173 99 170 136 45 100 102 61 114 81 111 30 116 91 29 45 139 149 80 68 168 88 161 97 110 165 31 169 59 56 152 
59 123 49 28 100 65 98 67 108 161 117 101 33 174 153 81 148 144 82 147 66 95 182 82 154 47 183 144 97 143 112 44 60 193 84 100 31 142 110 108 74 127 43 66 116 28 39 31 67 52 97 105 62 74 112 79 43 81 152 85 101 104 104 72 
63 142 75 37 65 84 134 163 120 140 24 50 30 114 124 108 50 123 147 21 113 109 73 121 182 99 140 58 153 79 74 142 54 48 120 103 21 98 30 31 26 111 49 151 91 39 8 78 147 169 23 36 49 72 107 101 134 33 75 107 77 50 86 130 
110 25 153 33 137 99 158 139 113 108 113 99 137 129 160 73 81 111 79 96 133 157 56 77 157 115 96 72 56 65 81 62 178 164 132 77 101 98 58 98 116 70 145 148 29 31 78 52 166 175 124 157 47 131 168 106 79 91 116 142 69 160 100 60 
94 47 126 81 120 144 98 81 93 73 98 68 74 68 163 76 176 31 157 97 108 29 49 38 93 93 99 90 162 174 60 101 157 100 116 83 59 9 135 13 72 58 95 87 45 67 147 166 102 155 77 92 89 99 59 68 101 102 148 49 88 111 131 123 
64 104 100 160 85 54 170 79 137 43 78 99 160 150 133 90 116 186 143 27 101 111 34 149 38 98 153 149 89 93 55 134 84 175 79 98 85 142 151 33 73 19 140 94 139 52 169 175 155 78 82 20 164 147 57 76 114 102 108 172 100 64 42 75 
79 123 36 67 145 5 67 176 100 78 158 45 142 105 50 66 80 70 75 60 26 134 54 46 77 145 102 125 16 168 105 138 93 96 91 81 100 124 116 133 152 123 140 151 149 97 23 124 77 82 180 169 51 84 74 66 79 21 90 34 74 100 104 106 
149 118 69 115 170 44 107 160 97 88 139 171 119 80 62 133 186 42 73 84 95 67 102 56 129 46 130 64 165 85 45 71 102 86 61 56 170 111 159 122 79 37 116 115 80 105 36 157 92 20 169 8 144 191 120 72 176 142 74 93 57 121 139 94 
107 147 59 130 103 44 127 97 113 165 143 114 49 99 79 93 98 135 145 81 100 90 120 75 26 104 95 102 149 73 58 96 152 159 132 135 105 153 166 79 143 71 144 92 68 62 49 47 89 164 51 144 158 28 134 39 142 56 102 64 155 118 124 94 
85 110 61 102 127 136 87 110 132 154 71 23 26 126 118 32 95 131 108 123 94 102 82 65 163 132 54 80 64 177 51 48 24 179 146 118 81 115 24 148 82 94 103 130 168 74 72 131 99 147 84 191 28 194 114 125 89 108 72 110 98 140 108 62 
25 62 87 166 56 63 31 96 49 102 125 54 94 136 32 89 49 98 68 166 58 129 88 83 194 64 141 127 143 148 114 130 96 87 73 89 135 89 87 110 152 84 29 83 88 112 107 168 59 57 74 120 134 114 126 26 70 47 128 122 46 132 142 64 
107 82 99 156 84 105 146 34 127 151 28 97 119 55 62 87 183 85 77 121 37 84 77 159 110 48 76 107 42 30 83 93 39 134 144 22 86 171 66 121 127 136 97 83 161 79 101 106 68 76 66 72 39 125 26 24 83 114 67 11 142 132 134 76 
46 68 25 38 147 131 137 159 42 95 119 109 122 109 26 113 87 102 53 102 118 85 123 74 159 161 137 101 97 62 78 42 56 72 27 13 65 152 86 108 142 122 171 105 97 43 134 79 101 114 79 176 142 89 70 83 124 76 103 135 79 105 68 16 
94 82 105 84 142 146 160 116 82 127 164 115 158 61 110 83 85 23 175 72 80 118 117 98 88 163 55 69 120 158 92 129 79 92 32 105 116 157 124 41 65 107 136 110 110 81 33 91 102 102 21 142 56 108 47 114 76 200 76 49 140 57 122 73 
114 98 134 87 109 99 17 112 69 83 110 58 107 22 136 90 22 106 84 105 13 131 100 135 68 145 100 40 105 96 64 170 85 100 122 143 95 80 100 27 185 33 110 96 165 152 75 116 148 108 90 74 102 72 128 67 103 76 32 95 172 144 93 96 
94 66 115 126 85 71 79 163 121 53 192 129 160 150 79 72 102 124 105 116 158 135 20 109 143 104 88 66 28 129 60 145 99 79 96 115 137 67 41 134 87 103 172 132 31 85 107 142 49 172 34 93 64 110 122 11 135 49 95 154 154 164 50 69 
122 174 89 91 177 151 121 33 135 161 136 101 112 146 146 94 10 100 126 125 37 147 34 85 107 169 103 129 117 166 83 90 76 80 162 162 100 123 48 131 89 123 85 92 169 101 77 69 88 100 74 57 155 98 46 142 79 140 172 154 158 128 71 165 
101 70 98 49 87 153 120 135 127 134 60 164 80 158 110 16 47 111 174 148 46 119 112 123 65 45 150 53 12 132 113 66 180 81 62 136 112 6 90 177 94 102 37 89 59 104 50 160 111 64 100 121 118 140 132 132 105 57 144 164 128 194 169 19 
117 70 101 111 121 112 112 107 83 173 19 87 55 66 45 51 112 96 87 95 89 123 74 83 105 93 22 101 149 106 107 43 160 27 78 61 113 86 126 184 172 120 81 75 56 104 86 100 131 42 104 139 124 108 142 134 68 122 93 50 71 169 98 120 
82 27 130 92 49 111 94 135 177 143 132 77 97 121 123 162 46 93 18 109 107 91 121 122 147 84 124 120 115 54 156 115 61 97 113 163 113 86 47 129 87 96 72 181 152 72 130 60 123 75 106 94 94 62 64 76 16 73 96 69 165 19 120 200 