32
7 9 4 6 8 7 5 1 3 6 1 3 9 3 8 8 6 2 7 5 5 3 2 2 4 5 6 1 7 8 6 2 
2 1 10 6 9 2 3 3 8 8 3 7 9 5 7 4 4 8 5 2 2 3 1 4 8 7 1 7 10 10 4 9 
9 6 1 5 6 7 1 8 8 5 8 3 8 5 1 9 10 8 4 4 6 7 8 8 9 10 4 7 4 5 5 1 
5 5 5 5 7 9 7 7 8 3 8 1 1 10 10 10 7 3 7 6 4 3 7 6 3 10 3 1 10 5 2 3 
2 1 4 9 3 6 3 4 10 7 1 6 10 10 9 1 4 2 5 4 5 8 3 5 6 1 7 7 9 1 5 3 
8 5 7 5 8 3 9 6 6 9 7 3 10 2 4 5 7 9 1 8 6 4 3 3 4 8 4 2 10 1 8 8 
5 6 10 10 6 4 9 7 9 6 6 3 7 8 1 2 2 6 8 5 1 5 6 4 6 5 5 6 2 10 7 6 
1 9 7 10 3 1 3 9 5 4 7 4 1 2 10 9 6 6 6 4 5 5 3 4 6 1 7 8 3 8 2 1 
10 6 8 4 8 6 9 3 2 7 10 7 7 3 9 8 6 2 1 10 6 3 7 4 1 5 2 5 1 9 8 9 
5 5 5 9 4 3 7 9 4 6 5 4 10 9 5 9 10 6 9 3 3 10 4 6 1 1 6 10 7 7 3 9 
3 9 9 9 6 6 6 6 9 2 8 8 10 9 9 4 2 6 3 2 9 1 1 2 3 7 5 10 5 7 2 9 
7 4 5 5 3 9 6 7 6 6 6 2 5 8 1 3 2 9 5 8 5 5 4 1 8 8 4 7 2 10 6 4 
7 5 3 3 5 10 1 10 8 6 6 6 9 5 5 5 3 3 1 6 9 1 4 10 9 8 9 3 6 7 8 5 
6 9 1 2 6 7 6 9 2 6 5 5 7 1 9 6 9 5 10 5 2 4 9 2 7 4 3 8 10 4 2 5 
1 6 6 10 2 9 9 5 7 3 3 1 4 9 1 1 7 3 8 1 6 8 5 1 3 8 7 6 6 7 2 1 
10 10 7 6 10 4 8 2 10 2 7 10 10 5 1 10 8 4 10 2 2 4 10 10 10 6 3 8 6 6 8 5 
8 9 8 4 1 3 2 7 9 1 1 4 3 8 5 10 9 10 8 6 10 6 6 2 1 3 3 8 6 1 9 3 
2 5 6 8 3 6 7 4 6 10 6 8 5 3 9 6 2 1 1 5 3 1 2 6 2 7 10 10 9 9 9 1 
7 9 7 9 10 1 2 7 7 5 7 7 2 10 4 5 5 1 5 7 7 3 1 6 9 9 9 8 7 10 7 1 
8 7 6 4 1 1 3 6 7 2 10 1 10 10 10 2 10 10 6 4 7 3 2 4 2 3 5 5 1 9 3 4 
4 4 5 7 2 7 5 6 6 2 7 1 5 9 6 6 2 9 8 7 1 4 6 2 6 4 1 5 7 5 2 8 
4 3 10 5 7 9 4 1 1 9 9 4 9 1 9 9 1 6 10 3 2 6 9 7 8 6 9 7 9 4 8 5 
3 6 7 3 5 9 3 6 5 9 1 5 10 4 1 3 8 6 9 4 5 9 3 2 8 2 8 7 8 6 1 3 
1 6 10 6 9 8 1 4 4 10 4 2 9 10 7 1 10 3 1 10 1 10 4 10 1 4 8 1 8 3 1 3 
8 3 4 8 6 1 1 2 4 6 6 3 2 9 1 4 9 10 5 8 2 1 2 3 2 9 9 10 6 4 1 3 
1 2 1 4 4 2 7 2 3 10 10 8 9 4 1 2 7 8 3 1 5 3 9 6 2 6 6 7 5 5 3 9 
7 6 9 1 2 6 3 6 8 2 1 8 6 10 5 6 8 4 2 4 1 10 6 4 1 2 8 9 3 4 3 3 
7 4 5 2 1 10 7 6 5 4 7 4 10 3 2 4 9 4 6 2 10 4 5 2 10 6 6 8 10 9 3 4 
10 7 6 3 10 10 7 9 6 4 5 8 10 9 7 8 9 7 9 7 8 8 9 2 1 4 8 7 5 2 5 1 
4 3 3 8 2 4 1 1 6 9 9 10 1 1 7 4 5 3 9 10 2 3 10 4 6 3 8 4 7 2 4 7 
6 1 2 5 3 2 8 8 5 10 10 9 8 10 6 2 6 2 2 2 2 7 1 7 2 7 1 6 2 8 3 4 
4 2 6 1 3 2 9 3 6 8 2 5 4 8 3 2 4 6 1 9 9 4 2 6 9 5 3 3 5 8 4 1 
6 136 114 183 127 96 126 69 32 66 116 69 96 77 60 67 140 68 130 142 114 99 75 68 135 167 115 100 109 136 90 88 
136 118 145 95 165 127 114 80 176 73 94 116 134 64 154 54 148 88 96 97 43 92 67 109 134 111 13 142 150 96 110 73 
114 145 162 86 74 126 26 103 81 143 124 93 172 54 166 86 52 15 79 97 135 51 145 46 114 118 160 163 114 138 135 39 
183 95 86 120 92 131 76 169 145 134 86 45 191 92 166 92 154 161 117 154 79 110 138 105 109 57 160 65 41 86 62 76 
127 165 74 92 186 17 12 103 28 161 92 34 132 134 33 90 163 64 16 80 171 123 116 174 21 130 48 70 108 75 116 179 
96 127 126 131 17 114 137 135 83 120 71 95 175 89 143 163 137 122 48 92 128 97 110 65 98 136 48 88 160 143 98 57 
126 114 26 76 12 137 146 43 115 42 55 120 59 98 87 128 14 149 77 124 49 74 44 94 61 50 45 62 51 134 132 115 
69 80 103 169 103 135 43 132 77 60 102 175 35 81 78 98 90 10 46 85 91 125 100 168 161 22 141 96 123 134 124 98 
32 176 81 145 28 83 115 77 76 13 34 111 117 119 105 107 171 132 72 144 85 117 42 72 60 134 63 155 120 73 176 73 
66 73 143 134 161 120 42 60 13 164 178 141 29 70 52 88 114 99 15 100 41 45 129 189 116 91 114 69 97 107 184 187 
116 94 124 86 92 71 55 102 34 178 26 126 86 126 100 51 89 124 108 93 26 61 58 99 161 64 144 81 90 132 138 66 
69 116 93 45 34 95 120 175 111 141 126 36 64 119 109 102 151 89 103 119 71 106 72 64 73 64 69 95 20 87 63 149 
96 134 172 191 132 175 59 35 117 29 86 64 192 101 114 110 162 119 110 141 73 133 90 87 105 69 187 121 11 145 86 113 
77 64 54 92 134 89 98 81 119 70 126 119 101 148 66 109 38 83 80 65 119 61 107 87 72 91 65 20 69 110 83 140 
60 154 166 166 33 143 87 78 105 52 100 109 114 66 90 105 94 57 85 128 144 113 87 91 40 128 91 94 37 84 147 165 
67 54 86 92 90 163 128 98 107 88 51 102 110 109 105 128 48 117 97 134 50 98 172 88 77 90 108 25 114 61 76 94 
140 148 52 154 163 137 14 90 171 114 89 151 162 38 94 48 106 71 83 165 70 162 104 78 104 154 63 45 109 157 95 144 
68 88 15 161 64 122 149 10 132 99 124 89 119 83 57 117 71 40 94 103 38 120 103 115 139 135 96 60 54 109 63 129 
130 96 79 117 16 48 77 46 72 15 108 103 110 80 85 97 83 94 166 143 139 103 128 163 87 87 87 59 116 95 142 171 
142 97 97 154 80 92 124 85 144 100 93 119 141 65 128 134 165 103 143 118 99 103 112 144 81 141 41 123 103 160 101 127 
114 43 135 79 171 128 49 91 85 41 26 71 73 119 144 50 70 38 139 99 160 132 129 143 152 35 127 103 62 108 118 122 
99 92 51 110 123 97 74 125 117 45 61 106 133 61 113 98 162 120 103 103 132 52 71 23 136 102 108 60 40 42 113 154 
75 67 145 138 116 110 44 100 42 129 58 72 90 107 87 172 104 103 128 112 129 71 142 192 126 91 130 67 69 46 103 90 
68 109 46 105 174 65 94 168 72 189 99 64 87 87 91 88 78 115 163 144 143 23 192 108 72 180 95 94 73 120 102 69 
135 134 114 109 21 98 61 161 60 116 161 73 105 72 40 77 104 139 87 81 152 136 126 72 162 64 118 127 128 154 110 153 
167 111 118 57 130 136 50 22 134 91 64 64 69 91 128 90 154 135 87 141 35 102 91 180 64 46 86 96 84 105 28 158 
115 13 160 160 48 48 45 141 63 114 144 69 187 65 91 108 63 96 87 41 127 108 130 95 118 86 172 156 180 79 25 114 
100 142 163 65 70 88 62 96 155 69 81 95 121 20 94 25 45 60 59 123 103 60 67 94 127 96 156 46 109 101 118 175 
109 150 114 41 108 160 51 123 120 97 90 20 11 69 37 114 109 54 116 103 62 40 69 73 128 84 180 109 12 59 67 126 
136 96 138 86 75 143 134 134 73 107 132 87 145 110 84 61 157 109 95 160 108 42 46 120 154 105 79 101 59 54 114 56 
90 110 135 62 116 98 132 124 176 184 138 63 86 83 147 76 95 63 142 101 118 113 103 102 110 28 25 118 67 114 172 131 
88 73 39 76 179 57 115 98 73 187 66 149 113 140 165 94 144 129 171 127 122 154 90 69 153 158 114 175 126 56 131 120 