16
28 72 84 61 64 29 1 48 11 23 65 33 35 91 9 27 
4 65 27 58 32 91 61 81 63 37 50 85 60 11 78 92 
51 83 58 66 33 69 37 27 77 58 64 50 51 37 92 72 
79 65 82 17 6 78 14 30 61 69 82 86 35 50 99 5 
8 95 31 25 81 79 53 33 25 75 10 16 49 9 77 58 
6 79 92 28 77 95 93 47 21 64 97 40 27 44 65 15 
26 20 62 23 99 22 65 30 88 98 42 48 81 11 22 31 
40 5 66 39 49 76 54 98 31 82 70 60 76 80 63 31 
16 3 49 55 20 12 28 4 9 46 13 44 74 67 6 99 
12 35 45 62 97 84 28 50 4 9 14 61 31 42 68 19 
44 85 87 67 89 10 44 21 19 94 29 39 52 13 80 95 
70 18 56 33 63 25 2 83 86 72 3 16 33 35 41 93 
1 34 56 75 54 54 46 86 10 12 75 13 12 34 22 14 
64 78 18 90 83 21 26 28 1 14 35 3 66 82 69 81 
1 83 47 51 60 25 37 78 16 66 91 84 11 41 51 70 
21 80 82 65 13 42 87 49 48 88 94 15 89 38 53 85 
144 64 120 116 177 79 47 69 160 79 139 104 89 110 59 28 
64 30 143 98 162 76 88 121 79 131 148 19 57 63 168 87 
120 143 50 156 168 130 132 110 78 99 152 146 80 135 179 182 
116 98 156 36 113 90 190 97 89 76 44 108 13 79 52 161 
177 162 168 113 168 14 26 103 118 76 141 135 65 128 66 132 
79 76 130 90 14 174 114 172 151 165 68 119 179 31 125 54 
47 88 132 190 26 114 136 103 103 137 176 98 55 101 138 56 
69 121 110 97 103 172 103 166 106 97 163 155 123 81 62 92 
160 79 78 89 118 151 103 106 104 75 50 125 118 109 101 81 
79 131 99 76 76 165 137 97 75 104 72 115 80 133 95 100 
139 148 152 44 141 68 176 163 50 72 38 64 106 78 141 80 
104 19 146 108 135 119 98 155 125 115 64 92 7 107 148 49 
89 57 80 13 65 179 55 123 118 80 106 7 180 138 146 87 
110 63 135 79 128 31 101 81 109 133 78 107 138 140 144 12 
59 168 179 52 66 125 138 62 101 95 141 148 146 144 108 65 
28 87 182 161 132 54 56 92 81 100 80 49 87 12 65 10 