128
2 6 7 2 4 4 7 6 5 9 3 4 4 2 2 6 2 3 1 4 6 5 8 2 9 8 8 1 4 3 2 10 1 4 9 5 7 3 4 1 5 2 4 5 10 10 1 3 6 6 7 6 5 3 4 6 6 9 4 10 7 1 10 1 8 3 10 4 1 3 10 5 9 2 4 3 9 3 3 3 7 7 9 6 6 1 4 4 9 5 2 4 4 10 10 4 10 2 9 10 3 8 7 3 3 9 9 10 1 9 1 8 3 7 1 6 3 1 9 7 5 3 4 9 2 10 3 8 
9 4 8 1 7 4 10 10 10 8 8 1 1 4 8 3 6 10 5 8 7 9 2 2 10 2 1 10 5 3 6 2 8 6 6 4 9 7 9 2 2 7 1 10 10 5 2 2 3 2 8 8 1 8 4 1 6 1 6 9 5 5 2 9 1 1 7 10 5 4 8 7 4 9 8 1 5 8 4 1 10 3 6 1 3 2 6 9 8 5 6 4 3 4 9 8 3 8 8 7 1 6 7 8 3 2 6 3 9 2 5 5 9 4 2 8 4 3 3 5 10 7 10 4 5 7 1 8 
9 5 10 8 2 8 5 7 2 9 6 5 8 3 9 1 5 4 8 5 5 9 2 9 6 5 8 4 3 6 9 5 3 1 1 2 5 5 2 9 9 7 4 6 10 10 1 2 10 8 7 4 4 10 3 2 8 4 9 7 1 8 9 4 2 10 6 9 3 3 9 1 1 1 2 5 3 9 10 4 1 5 8 3 6 3 6 1 10 2 7 8 5 8 6 1 5 7 3 8 7 9 4 4 7 3 3 8 9 7 2 9 7 3 1 2 7 7 9 4 10 2 1 2 8 1 1 10 
2 3 9 8 6 3 6 2 6 7 10 2 9 9 7 2 1 3 4 2 4 9 4 3 5 6 3 5 2 4 8 5 7 7 9 5 1 3 3 7 7 6 9 5 7 6 8 9 1 3 9 2 4 9 8 1 7 6 3 3 9 4 3 5 5 3 2 9 7 8 3 7 8 10 6 10 5 3 7 2 5 6 4 4 6 10 8 1 8 5 6 1 1 1 2 3 3 2 8 2 4 9 4 3 10 8 1 10 7 1 6 4 7 10 5 2 9 4 10 10 4 1 3 8 10 9 6 4 
7 1 7 1 9 9 7 5 4 10 1 1 8 10 9 1 9 2 4 5 10 5 10 10 2 3 5 10 6 9 4 3 3 1 4 7 8 9 1 9 7 8 9 8 5 8 4 2 7 6 4 5 3 3 8 3 7 7 3 4 3 7 2 8 2 5 8 5 1 4 8 3 7 4 6 2 9 8 3 10 1 6 7 9 8 3 5 2 10 7 5 10 7 6 8 10 5 5 6 10 8 5 7 5 3 6 4 6 1 3 9 2 8 6 4 9 5 6 3 4 10 4 8 6 10 8 6 10 
9 1 10 2 8 9 2 7 9 5 9 5 5 7 5 9 4 7 4 9 9 10 10 7 3 1 1 3 9 2 8 9 5 7 5 2 2 1 4 7 5 5 5 1 9 4 1 1 9 10 1 5 2 7 1 9 9 5 5 10 6 6 8 10 9 8 8 3 4 6 1 9 5 4 8 1 1 8 2 1 4 8 4 9 6 3 8 5 6 8 5 4 3 5 6 7 6 4 6 7 8 2 4 8 9 5 3 5 4 8 2 5 10 3 5 3 8 9 8 4 5 3 2 3 9 2 4 2 
10 6 4 5 1 5 5 5 10 4 3 5 2 5 7 5 1 5 8 5 7 5 7 9 8 10 9 4 7 3 1 3 9 9 8 7 3 10 1 3 9 1 1 3 1 5 5 7 3 6 7 4 10 10 8 9 5 8 9 9 9 9 6 8 4 5 7 8 5 10 3 2 4 1 3 1 4 3 4 5 7 3 9 8 3 6 5 1 9 8 6 3 5 5 5 1 10 6 1 1 10 8 10 2 3 3 6 9 7 9 7 10 4 4 6 5 1 10 8 6 10 5 6 6 2 5 5 6 
5 6 2 1 4 6 9 10 10 8 4 8 8 3 5 2 5 9 3 1 7 7 5 3 5 5 7 8 10 3 9 4 8 9 6 7 5 2 3 4 2 1 9 10 5 3 2 4 9 5 8 9 4 8 4 2 8 2 6 1 8 6 5 6 1 10 2 1 2 4 4 9 5 8 7 2 4 3 7 1 8 3 6 9 10 2 1 7 5 8 6 8 2 2 10 10 4 2 10 5 1 9 10 4 6 2 6 3 8 4 8 6 10 10 10 10 5 8 1 9 6 3 6 10 5 9 4 6 
2 3 6 2 9 3 10 3 1 6 8 2 3 2 6 8 8 4 9 6 9 5 3 4 6 6 6 6 9 9 4 6 9 2 3 8 4 9 7 10 1 5 3 9 8 1 8 3 5 5 1 3 2 2 6 4 7 10 8 5 2 9 10 3 1 2 7 6 10 9 6 10 7 7 9 4 5 1 1 2 4 2 1 7 4 9 2 10 9 9 7 8 8 3 2 7 8 4 10 8 6 8 10 7 2 2 2 2 6 9 3 1 7 10 4 10 10 1 4 3 3 8 3 5 3 4 10 2 
4 7 6 7 4 7 3 6 7 5 10 6 5 1 4 4 4 4 7 7 1 5 10 9 4 10 4 6 3 10 4 4 10 8 3 2 3 7 3 2 8 10 6 8 7 6 5 9 1 6 4 7 10 3 4 2 4 10 9 3 5 3 6 2 6 6 8 5 9 4 10 5 6 6 3 10 7 3 3 7 4 10 2 6 6 2 9 8 10 7 5 8 3 9 7 2 6 8 2 5 7 10 6 6 4 4 5 7 9 1 5 3 10 6 9 10 8 9 6 6 1 4 1 9 10 8 8 8 
4 4 7 3 5 4 5 7 10 1 1 1 2 1 7 7 8 5 5 8 1 4 1 2 10 8 4 7 5 9 9 2 1 8 7 10 7 2 4 8 6 9 10 5 6 9 3 10 4 7 2 10 1 2 6 2 7 8 6 8 6 8 9 4 10 3 6 6 10 8 5 2 7 10 5 7 9 10 9 5 1 8 8 8 10 2 6 10 3 9 9 2 8 10 9 6 9 9 5 4 5 6 6 7 3 2 10 4 10 9 4 7 8 9 6 1 7 7 8 3 1 3 7 10 3 8 7 2 
8 6 2 5 2 1 9 4 10 6 5 5 1 2 1 8 3 4 5 10 2 10 7 7 5 10 4 5 5 8 3 10 8 6 1 3 8 1 2 4 3 7 3 9 1 4 2 7 6 9 7 10 8 2 4 5 3 5 7 2 3 9 5 7 7 9 6 1 10 4 3 7 2 3 1 2 2 4 5 4 10 10 5 3 3 10 1 4 9 7 3 2 8 9 2 8 9 1 7 3 8 2 8 6 6 1 8 4 5 9 5 7 7 8 10 6 4 3 7 5 8 5 4 8 1 1 2 10 
10 7 4 1 5 8 6 8 6 1 1 9 5 3 7 3 3 6 7 3 1 4 2 3 2 5 7 2 2 7 7 7 3 5 9 9 5 6 4 5 5 10 1 10 6 9 6 4 5 4 6 10 6 1 8 6 4 8 10 7 1 8 2 6 6 4 9 3 9 2 1 2 1 9 5 6 9 8 5 5 5 4 7 1 5 10 2 5 10 1 5 1 7 4 10 4 5 6 5 5 10 10 8 1 6 4 8 9 6 8 7 9 10 9 6 10 8 5 1 6 9 10 1 9 5 8 4 3 
8 1 9 5 5 5 7 6 9 8 4 7 1 3 9 9 4 8 2 5 6 5 8 6 4 3 4 2 8 8 8 4 6 7 7 1 3 3 8 3 5 2 7 10 1 10 8 1 5 2 5 8 8 9 3 5 6 3 7 6 8 10 3 5 2 1 8 9 3 2 6 5 4 3 4 5 10 8 6 8 9 3 4 6 3 3 7 9 8 8 9 6 1 9 10 6 10 5 5 4 4 3 7 1 10 4 6 10 7 7 9 3 1 2 6 3 8 4 5 5 3 7 8 8 10 7 7 9 
5 4 6 10 6 6 9 9 10 3 6 5 10 4 9 8 8 1 2 2 3 3 9 9 4 2 8 9 6 8 10 3 4 9 5 3 6 6 2 8 8 9 3 1 10 4 4 10 5 2 9 1 7 8 7 5 3 6 3 10 10 5 7 9 6 3 7 8 3 7 8 5 7 3 5 3 10 5 4 7 8 6 8 4 10 9 9 4 4 5 2 5 9 1 4 1 7 2 10 6 6 4 9 8 2 7 9 9 9 3 3 2 5 7 9 3 1 9 9 6 7 3 6 7 10 9 8 1 
2 10 1 3 2 2 1 10 5 3 2 1 7 4 3 5 5 4 7 3 6 8 1 7 8 4 4 7 7 5 2 4 2 2 6 1 9 8 1 7 5 1 4 10 8 4 1 1 7 6 9 7 9 5 1 8 4 6 4 4 9 3 6 7 6 1 5 7 4 6 4 1 1 6 1 9 10 3 4 3 4 8 9 6 10 9 7 7 5 9 3 4 6 1 7 4 4 7 3 4 2 6 8 10 8 9 10 9 7 10 7 8 2 9 10 10 3 10 2 3 2 9 9 2 6 9 9 5 
4 7 5 3 4 5 5 1 5 4 9 1 7 6 9 8 2 1 6 7 10 4 5 8 5 10 5 8 8 1 6 1 8 8 7 5 5 2 7 10 1 10 7 9 2 8 5 10 3 3 3 9 7 10 4 7 2 8 4 10 4 5 1 2 9 4 5 6 2 2 8 10 3 6 4 5 5 5 3 1 7 2 10 5 3 10 7 8 1 9 4 9 1 7 1 2 5 2 6 1 6 8 7 4 3 4 1 7 1 10 3 3 9 4 2 8 8 8 3 5 7 7 4 5 7 10 8 1 
4 8 5 7 3 9 5 2 10 1 7 7 1 4 9 4 4 2 2 10 8 4 6 9 5 7 7 7 10 7 10 1 5 9 10 2 1 1 1 1 5 2 7 3 10 5 4 5 8 8 9 3 2 10 1 2 8 8 8 9 6 3 7 2 8 8 7 2 6 8 10 3 8 8 9 9 6 8 6 4 6 4 9 1 10 1 5 7 10 9 1 9 2 7 7 4 10 1 7 6 7 2 9 6 9 8 8 3 10 10 9 6 3 8 6 4 1 6 7 8 8 3 5 5 1 10 3 5 
9 1 1 5 10 2 5 8 6 7 6 8 1 5 10 7 2 9 10 6 9 3 2 5 2 6 6 8 3 3 6 2 8 10 1 9 3 5 4 8 1 3 4 2 5 1 3 5 5 3 7 7 2 4 2 2 6 9 8 5 10 8 2 8 8 2 7 6 2 7 8 6 6 10 2 9 1 3 6 9 8 9 6 9 4 3 3 5 5 10 9 4 8 6 10 1 5 5 3 4 1 1 2 3 3 7 4 4 2 6 9 6 6 6 8 4 9 10 1 9 8 2 10 9 7 7 3 6 
8 6 3 2 3 3 6 2 2 2 9 5 10 6 1 5 6 1 10 5 10 6 1 2 9 2 9 5 6 3 2 6 1 9 1 3 6 10 8 8 9 1 9 4 2 6 10 5 10 8 5 8 10 10 3 5 10 8 9 1 9 5 8 2 4 9 4 10 6 1 8 5 5 5 4 4 8 1 4 9 3 8 6 9 3 5 3 2 6 6 2 4 6 1 7 10 3 4 7 6 3 6 2 8 6 1 8 10 7 4 4 5 1 6 3 1 3 5 1 1 1 3 6 10 2 6 5 2 
9 3 6 9 5 5 5 6 10 1 3 7 8 6 6 9 9 6 1 6 5 10 4 7 5 3 6 9 9 1 4 5 4 10 5 3 1 1 4 6 8 10 2 8 8 7 1 7 8 5 8 2 1 6 8 4 3 9 1 9 4 5 10 7 1 7 3 4 5 8 10 8 6 2 10 1 9 6 5 8 1 7 8 4 3 8 1 8 9 5 3 1 1 1 4 1 2 7 2 6 2 10 3 1 8 4 9 1 4 10 9 4 4 4 2 3 1 2 3 5 3 8 9 4 10 4 8 3 
2 2 1 2 5 8 6 9 10 3 9 3 4 3 10 2 1 2 9 8 8 9 2 8 9 2 3 2 6 1 3 8 4 2 4 8 10 10 3 6 4 3 5 6 7 6 9 1 7 1 7 9 7 10 8 5 4 5 5 8 8 2 3 7 7 2 10 10 3 8 9 1 2 3 8 8 6 9 1 10 8 4 4 10 4 8 1 9 2 6 8 7 4 7 4 5 3 3 5 2 1 5 3 1 5 6 9 10 1 9 10 9 8 9 10 6 3 9 4 7 3 7 7 5 10 3 6 3 
7 1 10 6 7 4 1 9 1 6 7 6 1 5 7 10 5 10 10 6 6 1 10 10 2 1 1 2 7 3 6 7 3 9 9 7 3 5 4 1 4 10 8 9 3 2 1 3 6 4 5 1 6 5 8 4 3 3 9 2 7 2 9 1 7 7 2 4 8 10 8 10 10 9 1 9 9 5 10 10 2 6 8 7 10 7 2 2 6 3 2 5 7 3 5 1 8 10 5 6 6 8 1 1 6 7 1 3 9 9 3 8 8 5 4 9 1 3 6 10 3 8 2 9 2 7 9 9 
5 9 3 10 1 10 2 6 6 3 4 7 6 10 7 8 4 5 8 6 6 3 6 6 9 3 10 10 3 9 8 8 5 1 4 3 1 4 7 10 7 4 2 3 1 4 10 3 8 9 5 9 7 2 6 4 6 2 7 5 6 9 7 3 5 10 5 7 9 3 5 10 8 10 10 2 10 8 6 5 8 1 2 4 1 3 4 6 6 7 4 1 6 4 2 5 9 9 8 4 5 1 5 1 10 10 9 5 7 3 8 8 5 4 2 2 3 9 1 7 1 2 2 7 7 3 7 2 
6 1 9 2 7 9 8 10 9 7 5 3 1 9 2 10 4 3 6 8 7 5 9 10 10 1 1 5 5 5 1 9 3 8 5 2 10 6 9 6 6 8 6 4 1 6 5 3 7 9 1 6 7 4 10 6 4 1 4 6 9 4 7 4 9 3 7 7 7 3 1 7 7 5 4 6 9 6 2 3 6 9 8 10 4 10 8 9 2 9 5 7 4 9 7 7 6 9 2 1 5 6 4 8 10 2 10 9 1 2 10 3 7 6 4 2 6 9 10 4 6 1 2 7 5 6 1 1 
8 10 7 10 8 10 1 1 6 2 4 7 7 4 7 7 7 5 5 1 3 8 9 5 6 1 3 10 10 3 4 3 1 7 10 1 3 1 2 5 5 10 1 8 10 3 4 2 5 6 4 7 4 5 10 9 8 3 4 6 10 1 10 8 6 7 7 5 10 4 10 3 8 9 5 1 4 7 4 10 8 5 4 1 4 2 3 9 9 5 10 1 8 1 4 1 4 7 7 4 2 4 4 10 4 9 6 10 10 6 3 10 4 9 5 3 6 4 3 8 8 9 4 10 1 3 7 10 
6 6 9 2 8 1 4 10 8 4 1 4 10 9 5 4 10 3 2 10 8 4 10 2 5 5 9 4 9 10 7 2 2 6 7 9 1 2 6 1 7 9 9 2 8 2 5 7 9 6 5 6 5 6 2 7 7 9 1 5 1 6 5 9 7 6 7 2 8 1 2 7 7 6 4 1 3 3 3 3 4 1 6 4 7 10 9 4 1 6 2 1 5 6 4 3 5 2 10 4 2 10 1 3 1 1 2 9 3 2 1 7 8 6 1 3 3 5 2 10 2 6 4 3 3 6 2 2 
5 1 6 3 9 3 4 7 1 9 5 8 7 9 5 7 9 1 8 3 9 3 6 2 1 4 1 1 5 4 3 4 4 1 6 7 9 3 9 4 8 2 10 6 6 1 5 1 3 1 6 8 8 10 4 1 8 3 1 5 2 7 6 1 5 9 4 9 4 8 7 5 9 10 5 10 8 7 10 6 4 2 7 10 3 9 6 4 1 4 5 4 2 8 1 4 7 8 5 2 3 1 7 2 6 1 6 5 4 7 6 3 8 6 6 5 8 1 3 3 6 7 6 2 5 2 4 10 
6 6 3 3 1 6 5 10 6 1 2 2 4 3 3 6 6 9 10 5 10 2 7 9 2 3 6 6 4 7 10 6 9 2 1 7 2 7 6 8 7 10 1 10 1 1 8 7 9 9 1 2 7 7 9 6 10 1 9 5 8 6 8 2 4 7 1 6 10 10 4 5 7 1 3 9 6 5 10 6 10 5 9 7 8 5 2 1 3 3 9 4 1 5 6 4 2 5 2 10 4 9 7 8 10 5 10 5 2 4 1 9 2 5 10 7 4 4 5 3 6 1 7 2 10 10 2 5 
4 7 7 4 7 4 4 7 3 3 10 3 4 1 3 8 10 2 5 3 10 1 10 9 5 1 1 2 4 8 9 8 7 7 10 10 6 2 7 6 3 2 6 2 5 9 10 9 8 4 2 10 10 6 2 8 9 6 9 5 1 9 9 3 1 2 4 4 2 10 8 9 5 3 1 5 1 10 9 5 4 3 8 9 10 10 8 1 2 3 5 8 2 7 8 5 6 7 6 7 4 4 6 1 1 8 1 4 4 3 3 6 6 2 3 1 9 5 9 3 3 10 10 1 4 2 2 3 
3 9 8 3 10 2 4 6 5 7 3 3 4 1 8 7 1 2 4 9 10 6 5 5 9 6 10 4 6 2 5 2 10 3 2 10 4 9 2 6 3 3 4 7 7 2 9 2 10 6 8 5 5 7 3 7 8 3 3 5 10 1 9 10 2 9 8 2 10 2 10 4 10 6 5 2 8 3 5 9 3 10 5 5 7 3 9 4 9 5 7 6 10 1 8 4 9 4 4 8 5 6 5 1 10 10 8 7 10 7 4 8 10 5 1 8 9 7 9 10 10 2 1 6 10 4 6 2 
2 8 1 2 3 2 7 9 9 7 1 8 7 2 10 10 4 3 10 7 10 8 2 7 5 9 9 10 7 9 4 1 5 3 5 2 6 5 9 4 8 9 3 4 6 3 5 9 10 3 8 6 2 4 9 5 10 7 4 8 2 1 3 9 9 9 9 7 5 2 10 4 4 2 8 5 4 9 1 9 2 7 3 6 10 8 1 8 3 10 6 7 3 3 1 9 1 6 7 4 2 1 3 4 6 3 8 9 6 1 10 10 6 8 2 5 5 9 10 8 7 2 2 4 8 9 7 4 
7 10 4 8 7 8 2 9 8 8 10 8 7 8 10 1 10 7 4 8 7 5 9 1 6 4 4 1 6 2 4 9 9 6 2 6 4 9 3 4 3 7 7 7 6 4 6 7 10 10 8 9 6 3 8 5 9 9 6 6 3 1 2 1 7 1 2 3 1 10 3 7 3 10 10 2 7 1 2 1 10 6 2 7 7 8 1 1 1 3 4 8 3 4 5 1 4 2 4 8 9 10 9 7 7 7 1 1 10 2 7 10 10 7 3 2 8 2 9 10 9 4 1 10 9 8 5 7 
4 9 2 8 8 7 10 1 5 10 1 6 4 10 8 7 7 4 2 8 6 10 10 1 4 5 3 9 1 6 1 2 7 4 7 10 7 2 8 8 2 5 7 6 7 10 10 7 7 2 6 5 2 9 3 2 3 3 4 1 9 6 5 10 4 5 9 2 1 8 10 10 6 4 5 3 7 6 4 5 4 4 2 9 8 4 3 7 6 3 8 6 2 1 1 4 5 3 4 5 3 8 6 5 2 9 8 3 8 7 3 8 3 1 2 9 10 9 10 4 6 2 2 10 10 5 6 4 
3 10 10 4 2 4 1 10 5 5 7 8 10 5 3 7 8 10 8 7 8 5 1 2 4 10 6 2 8 6 2 9 1 6 10 8 6 5 3 9 8 10 7 1 10 6 8 6 8 4 8 4 4 1 9 10 10 3 9 8 1 9 1 10 9 10 1 5 9 1 2 4 4 10 6 9 9 1 8 1 5 3 5 7 8 2 6 2 7 7 9 8 8 1 9 4 4 8 8 6 9 4 2 8 10 2 7 8 7 4 1 4 6 5 5 4 7 7 1 2 7 1 8 10 8 3 4 9 
9 1 6 1 6 5 6 8 8 1 2 10 7 7 8 7 2 1 10 6 8 2 2 8 4 5 6 10 7 7 7 1 6 7 10 7 3 7 1 2 8 1 2 1 10 4 6 6 7 6 2 4 10 4 4 8 6 1 7 3 6 4 4 4 1 6 5 7 4 4 2 3 3 5 4 2 5 5 3 4 7 8 9 5 7 2 6 6 8 7 10 10 7 10 10 4 6 3 8 4 8 7 4 9 4 9 10 9 7 6 7 2 1 7 7 2 10 3 10 10 7 7 1 7 4 1 5 2 
6 9 5 10 1 9 3 6 3 9 8 9 3 3 9 3 9 5 6 3 6 6 3 8 3 1 6 5 8 6 4 6 6 9 10 8 7 2 2 5 7 1 4 5 5 5 8 10 7 9 8 3 4 7 9 10 2 3 8 2 10 2 2 5 10 4 5 8 1 5 6 1 5 1 6 8 3 4 7 1 1 3 10 2 9 1 10 10 6 5 4 5 10 1 8 9 6 7 10 1 10 2 7 3 6 4 4 5 9 2 10 2 4 7 6 2 3 3 1 6 7 4 10 7 4 10 9 3 
10 2 6 4 3 6 7 5 8 4 3 6 5 3 4 8 7 8 9 5 7 10 3 1 6 1 1 5 10 8 4 3 6 9 10 8 10 5 9 7 7 2 5 4 4 10 2 8 4 3 2 10 5 1 6 2 4 2 8 10 2 9 6 5 6 5 1 1 6 4 8 3 7 8 8 1 7 9 6 9 9 3 10 4 3 10 8 9 5 4 2 3 2 5 7 10 10 7 10 9 7 3 2 3 6 8 5 9 8 4 3 9 8 7 2 6 10 4 10 10 9 6 5 8 5 2 7 9 
8 1 6 10 6 4 3 4 9 9 6 10 3 5 9 6 10 10 5 5 8 10 3 2 5 6 1 10 3 5 3 4 7 10 7 4 1 3 7 2 8 4 8 8 2 2 4 2 5 9 2 2 9 7 3 4 7 3 1 3 1 1 6 10 4 8 10 6 6 6 2 3 6 4 4 5 7 4 4 8 1 2 5 7 1 2 2 8 6 4 4 5 9 5 6 9 8 10 10 10 5 3 6 7 7 1 8 7 10 4 8 2 1 1 10 6 4 2 4 2 10 9 1 9 9 8 7 10 
9 6 1 9 4 7 9 8 6 4 5 6 9 9 5 4 2 5 5 5 1 1 8 2 4 4 2 6 5 5 3 5 1 9 8 5 4 5 1 3 10 10 6 9 7 7 2 7 8 5 6 8 5 1 4 10 8 8 7 5 3 1 1 3 2 2 7 8 5 1 6 8 8 7 9 1 4 9 6 2 5 3 9 5 8 4 2 9 3 4 2 9 6 4 7 6 8 4 5 10 6 4 7 8 6 10 6 5 4 8 7 8 7 4 5 6 3 10 1 2 7 6 7 7 1 10 9 9 
8 9 5 5 4 1 9 7 2 3 6 3 5 10 3 10 2 2 6 8 6 5 1 5 6 3 6 7 7 4 4 7 6 6 5 6 2 8 9 8 6 7 1 7 4 10 3 7 9 3 2 7 1 2 5 10 7 5 7 6 10 1 1 10 10 3 7 9 10 6 1 3 5 3 6 3 10 6 7 9 8 4 4 6 2 3 10 5 1 4 4 7 3 9 1 4 2 5 5 8 9 7 7 2 9 4 9 4 6 1 5 8 3 5 1 3 10 6 4 7 5 5 4 9 6 9 5 6 
8 7 1 6 8 8 8 6 7 9 1 10 8 2 9 2 9 3 7 8 4 1 2 1 1 4 5 4 6 2 5 9 1 9 8 7 3 3 7 8 2 2 4 7 2 9 5 3 5 6 5 4 10 8 6 6 6 5 9 1 4 9 9 3 8 8 10 7 8 3 7 7 1 6 5 6 1 8 1 5 8 2 7 9 5 2 2 3 4 8 6 7 6 7 4 5 4 4 5 1 5 5 6 6 6 3 9 8 4 4 6 10 8 8 1 6 4 4 8 8 10 3 8 6 8 8 5 1 
5 7 7 5 8 6 10 10 9 2 6 6 2 8 7 3 3 2 8 3 10 6 6 2 3 2 6 8 5 2 4 1 3 8 9 5 4 9 3 8 5 8 2 5 9 7 5 2 8 8 8 2 5 2 1 7 3 9 10 8 6 9 7 5 5 5 4 9 1 3 1 3 5 2 1 6 1 2 2 7 3 8 10 5 10 4 1 3 8 1 9 10 4 7 6 8 4 8 5 7 1 2 5 10 8 1 6 1 2 9 7 9 10 4 6 3 6 2 10 9 7 6 6 3 1 8 1 8 
5 6 8 3 1 9 4 7 5 4 3 2 3 1 8 6 10 1 6 5 10 2 3 6 6 9 9 9 2 6 1 2 2 3 8 5 5 5 6 7 7 8 3 2 9 3 10 3 1 6 5 9 9 7 2 7 3 2 9 3 2 1 4 7 4 3 10 4 6 1 9 6 6 4 7 7 2 6 9 10 9 6 7 10 10 3 9 4 4 1 4 2 1 5 8 2 4 6 1 6 10 7 1 9 5 6 10 5 8 4 1 7 2 9 7 7 9 2 8 3 6 4 6 7 3 10 8 8 
2 4 4 8 10 9 7 8 1 9 2 7 5 9 2 5 4 9 8 8 7 6 1 7 4 9 3 7 6 2 3 10 4 6 3 4 4 2 4 8 8 2 5 8 9 9 8 5 6 5 6 7 6 4 6 1 4 6 9 6 4 2 9 5 6 8 6 6 3 8 1 10 6 10 7 9 5 10 1 1 8 2 8 1 4 10 5 7 2 4 7 3 3 7 3 8 6 1 2 3 9 7 5 6 6 5 6 10 6 8 10 6 10 9 8 7 9 7 6 7 4 5 7 2 3 10 2 7 
3 4 10 5 7 10 6 8 1 3 10 9 5 2 3 10 8 9 4 6 7 8 7 2 4 7 6 6 4 8 8 5 9 9 7 3 7 6 4 10 4 4 6 1 10 1 3 1 3 8 9 7 1 1 8 2 3 3 3 3 7 3 2 5 7 3 6 4 3 2 6 1 6 9 3 2 3 8 9 5 6 9 6 1 5 6 3 4 1 7 6 6 5 8 9 8 6 6 5 7 4 5 3 4 10 7 7 1 4 2 10 3 1 10 9 8 5 5 6 5 2 10 2 8 3 1 7 2 
3 7 6 2 3 6 8 1 8 2 7 10 8 7 4 8 10 10 10 10 4 10 1 9 6 7 4 7 2 2 2 6 5 7 7 9 9 2 2 1 9 7 7 6 8 6 4 6 5 5 9 2 4 9 3 3 2 7 4 3 4 8 4 10 4 1 7 3 8 10 2 10 10 5 9 3 6 4 10 8 3 3 2 4 2 5 6 3 9 5 10 4 1 2 4 6 5 10 7 9 4 10 2 4 2 6 6 6 2 10 9 10 5 2 3 8 6 6 8 9 3 1 5 5 10 10 6 2 
7 3 6 2 2 5 4 6 10 4 5 6 6 3 6 2 6 9 6 1 4 8 3 10 5 10 7 6 10 10 2 10 9 3 5 3 4 1 3 5 1 1 8 5 4 10 8 10 6 3 4 2 3 3 2 8 8 9 3 9 9 3 1 8 4 8 3 8 3 7 10 5 4 9 3 9 9 8 10 5 6 4 7 7 6 4 9 4 6 1 10 5 6 8 2 2 10 1 4 8 1 5 6 8 3 8 6 7 4 7 5 6 5 3 2 5 4 8 7 5 4 2 10 5 1 8 9 10 
5 2 10 8 7 7 1 4 8 6 8 6 8 3 1 2 10 10 3 9 3 6 7 7 7 1 7 7 4 8 3 10 1 9 10 1 1 2 7 3 3 2 4 7 10 10 9 10 3 3 4 9 9 10 8 7 5 7 5 6 3 7 4 1 1 7 9 1 10 10 10 6 1 3 6 8 8 10 8 6 5 1 8 4 5 6 10 7 3 8 2 4 3 5 4 5 7 5 10 2 9 2 9 4 8 10 8 8 9 8 5 9 4 7 3 2 1 5 10 2 8 3 9 9 8 3 3 6 
6 9 2 4 4 10 1 4 8 5 3 10 6 8 2 8 3 6 9 7 4 4 8 2 3 10 2 7 7 9 5 2 9 2 5 6 6 3 1 3 2 4 6 3 8 2 10 8 6 7 5 7 2 4 4 1 6 9 6 10 6 3 10 9 8 8 7 10 10 6 10 9 10 8 9 3 9 8 6 4 5 7 5 4 8 9 5 4 1 9 10 4 6 8 5 1 2 2 7 2 2 1 7 7 2 7 2 7 2 5 1 7 6 9 7 4 1 2 6 9 1 1 4 4 7 3 7 8 
4 8 3 5 7 1 6 1 6 2 10 4 10 8 6 9 8 3 5 7 9 2 2 4 5 8 2 2 10 8 3 1 5 7 8 7 3 2 6 5 8 5 4 4 9 10 2 3 7 4 9 2 4 7 8 3 9 5 1 1 1 2 9 3 5 5 8 2 5 8 1 7 6 4 4 3 6 4 3 9 5 4 3 8 10 4 9 10 7 2 10 6 8 7 3 3 4 3 9 4 1 4 6 3 6 3 6 3 10 6 7 6 8 8 7 5 1 10 8 2 10 5 7 9 5 8 1 4 
6 7 6 9 2 7 8 9 10 5 7 5 10 4 5 6 5 10 6 4 6 8 4 3 8 4 3 6 7 9 10 7 1 10 8 4 2 2 1 9 5 3 1 4 6 10 9 1 10 2 6 7 7 3 3 8 6 9 8 7 3 3 10 10 8 7 2 5 9 10 1 5 2 3 6 8 1 8 4 7 2 4 10 7 1 7 4 5 2 7 8 6 1 7 10 9 4 1 9 1 5 3 7 3 7 8 5 3 8 1 9 9 1 7 1 9 6 8 4 9 2 6 10 8 9 3 4 2 
2 6 5 9 4 7 7 2 9 2 1 7 4 9 3 7 8 7 7 9 10 3 10 9 9 8 10 5 9 6 6 2 1 1 3 4 8 9 2 4 8 9 6 4 6 6 7 5 10 7 7 5 8 5 3 2 4 4 5 5 4 7 1 5 8 8 3 9 1 7 8 5 9 9 6 4 1 10 6 4 8 3 6 4 4 8 10 2 8 6 9 8 10 3 8 9 1 6 8 3 2 7 9 7 3 9 5 1 5 2 1 8 5 9 1 5 9 7 9 7 6 2 8 9 1 8 6 1 
7 2 1 6 4 9 7 5 6 5 9 7 5 4 8 3 7 5 1 5 7 8 7 1 6 3 6 5 3 5 10 10 7 8 2 6 9 4 8 6 6 9 3 2 9 4 2 5 4 9 9 7 2 8 10 1 6 6 10 3 3 7 10 1 6 1 4 3 2 9 3 1 4 5 6 10 6 6 7 7 6 10 5 5 1 9 4 3 3 2 1 6 10 6 9 3 10 6 2 10 5 9 6 5 6 2 7 7 1 7 2 7 6 4 8 10 10 5 5 1 9 4 9 1 6 5 9 10 
5 8 5 2 3 5 10 5 1 9 3 4 6 3 5 9 7 6 5 9 6 5 9 2 1 10 9 5 7 4 9 3 9 5 10 2 9 6 4 2 7 8 7 5 1 8 8 5 6 3 8 4 6 6 2 3 4 4 3 5 7 9 9 5 10 5 10 5 2 3 5 8 9 8 4 6 4 2 7 2 3 5 9 10 3 10 5 7 8 8 9 7 3 6 5 9 4 8 2 10 8 9 5 1 8 1 1 7 7 10 6 5 6 4 6 4 4 3 1 2 6 9 6 7 5 8 5 2 
1 6 8 8 7 8 1 1 2 1 10 2 8 1 3 2 5 5 7 9 3 4 8 5 10 8 8 7 5 1 10 6 7 7 9 7 9 2 7 10 3 4 9 8 1 3 5 2 3 2 9 4 7 8 9 1 3 4 8 4 1 1 3 10 8 1 4 1 9 7 7 8 10 5 2 10 6 4 7 1 3 9 2 8 5 3 1 3 4 6 9 10 10 10 9 6 8 9 1 8 7 5 3 6 5 7 8 2 2 3 10 10 9 4 5 7 1 8 2 6 10 3 1 5 7 2 1 6 
1 8 9 5 9 7 3 10 4 4 8 10 7 7 8 3 5 10 5 3 8 2 7 5 1 5 4 2 6 4 2 1 4 8 4 7 9 4 9 1 3 3 1 1 2 6 9 8 7 9 6 3 5 2 10 6 3 2 10 3 8 9 4 7 7 3 4 9 4 4 4 4 3 9 8 4 4 8 7 9 1 5 4 10 5 8 5 2 10 1 6 8 1 2 4 5 8 3 8 1 1 7 1 9 5 3 10 9 8 5 3 3 5 2 9 7 4 9 2 10 7 1 10 6 3 6 9 10 
10 6 8 5 1 6 8 10 10 9 8 5 4 10 6 3 4 6 6 7 8 4 5 7 7 4 1 6 10 2 2 7 4 5 2 3 8 1 5 7 4 6 1 9 4 5 8 7 8 4 9 9 6 3 10 4 1 3 3 9 3 3 4 5 8 6 2 3 4 4 8 3 3 3 6 3 2 9 5 2 5 4 4 7 7 9 2 9 2 8 7 9 5 5 6 8 6 9 1 5 6 10 9 1 10 2 3 7 3 6 4 8 5 8 3 10 9 5 1 10 6 5 7 7 7 7 1 8 
6 4 5 5 4 5 9 9 5 10 2 2 1 4 7 5 9 7 4 2 10 8 3 9 7 4 10 5 4 8 9 9 5 1 5 10 1 10 8 4 2 4 10 7 4 10 5 7 4 6 5 8 10 10 6 8 7 7 9 10 10 7 8 5 7 1 6 7 10 6 6 1 5 4 5 6 8 4 5 1 10 9 6 8 1 9 4 6 9 3 9 4 2 7 1 8 1 1 8 4 8 6 4 8 8 8 1 3 5 3 10 6 1 1 9 6 3 3 10 6 1 2 4 5 2 9 7 3 
2 1 5 10 2 8 9 1 7 3 4 4 10 2 7 9 4 7 7 9 8 5 10 9 4 10 8 8 10 8 6 2 8 5 4 7 7 10 7 6 3 5 3 3 10 4 6 3 1 8 3 10 4 10 10 10 5 10 7 1 3 3 10 6 5 5 6 9 1 6 1 3 3 6 5 3 10 4 5 1 1 10 5 2 2 3 10 5 8 3 7 3 7 4 2 3 8 6 2 1 5 6 1 5 4 9 2 1 6 6 4 9 6 2 4 7 10 9 7 3 2 5 5 3 1 10 1 5 
7 4 5 7 10 6 9 2 1 4 10 4 7 10 8 6 1 9 8 7 1 5 7 2 10 10 3 8 1 8 4 10 10 4 3 3 8 5 7 5 9 10 10 2 1 10 6 4 6 4 1 10 1 2 10 8 7 10 5 5 4 6 2 5 3 5 2 3 4 10 1 9 9 10 1 6 7 1 10 6 4 6 2 4 3 3 10 6 7 10 2 10 8 10 2 7 1 7 6 2 1 1 5 3 4 1 2 9 6 6 7 7 8 9 4 4 9 2 3 3 5 8 7 3 1 6 4 1 
3 10 5 9 4 6 8 5 2 2 6 10 3 9 7 4 2 10 3 8 5 7 2 4 10 4 8 9 4 1 1 8 7 6 6 5 5 3 1 2 7 5 6 10 5 7 8 8 1 3 8 3 8 10 5 2 9 4 4 1 4 1 6 9 5 3 10 7 1 4 6 8 6 3 6 8 8 9 6 4 1 4 6 1 3 10 4 6 2 3 7 10 1 7 9 5 7 10 7 3 6 3 6 9 4 8 10 4 2 2 6 7 7 10 3 8 9 10 10 5 10 10 9 8 2 9 1 6 
2 7 3 7 8 5 2 3 3 7 7 4 6 1 2 8 4 7 8 1 9 3 8 1 4 6 7 4 10 5 4 6 7 4 8 7 4 7 6 3 1 3 1 1 7 1 3 8 6 4 6 1 5 4 3 3 4 10 1 1 3 6 9 1 8 7 8 5 5 1 4 3 1 8 3 3 5 7 6 2 1 5 7 4 3 5 5 8 8 3 3 4 2 6 4 2 3 1 7 9 9 6 7 1 9 6 5 7 6 7 6 3 2 3 9 5 7 8 5 9 3 9 1 10 1 5 8 1 
1 8 9 2 9 9 10 5 1 1 3 2 7 8 10 6 7 8 1 3 9 1 5 9 7 2 2 3 1 8 5 5 8 7 6 3 9 8 10 2 2 2 9 9 8 4 1 5 5 2 6 9 9 4 6 5 3 10 2 1 10 7 2 9 9 2 1 1 9 8 3 3 2 3 2 8 8 6 7 10 5 8 9 5 3 5 10 4 3 7 1 3 6 2 1 8 1 8 5 8 10 6 4 1 1 9 4 6 9 2 6 3 9 4 2 10 2 3 10 10 5 9 2 10 7 5 7 4 
10 2 9 5 5 10 2 1 8 8 7 5 8 4 6 2 5 7 2 7 8 4 9 7 10 9 8 4 8 1 6 6 2 4 6 5 4 4 8 5 4 9 10 2 2 5 9 1 2 7 7 8 3 9 9 7 2 1 6 10 6 6 7 8 1 9 2 1 1 4 7 3 9 1 3 6 8 4 8 10 1 3 1 8 9 3 8 3 3 5 1 10 8 7 8 2 2 10 7 4 10 7 10 2 9 6 1 8 4 4 3 10 7 5 5 7 5 7 5 4 9 10 9 7 8 2 10 6 
3 7 6 4 5 10 1 10 4 9 7 7 2 3 5 1 5 1 5 6 8 7 2 9 10 5 7 10 7 5 1 8 9 8 3 3 9 3 3 5 9 9 3 4 3 9 4 9 7 9 2 9 6 10 1 6 8 5 3 7 5 4 1 3 1 7 2 7 10 2 9 4 5 9 6 2 10 10 8 1 3 3 4 2 6 4 3 6 9 5 6 2 5 8 6 3 9 8 10 6 2 8 2 2 9 3 2 6 7 8 7 3 7 7 6 5 10 1 8 5 3 6 5 3 3 10 9 4 
5 2 3 7 9 10 3 7 4 10 1 8 3 8 7 4 9 8 10 5 9 4 9 5 5 4 10 4 9 4 1 7 5 7 9 1 2 9 3 4 8 7 5 8 9 9 4 6 4 10 8 9 4 2 7 3 1 8 5 8 8 2 7 3 5 2 8 6 4 9 2 4 10 1 4 3 2 7 5 9 9 6 3 7 10 7 9 8 9 10 5 5 2 4 8 1 10 3 6 10 2 5 5 2 4 5 2 5 9 4 7 5 3 2 7 4 3 3 3 10 3 9 3 2 2 9 6 6 
3 9 10 9 6 2 8 3 3 9 3 6 9 4 9 6 5 2 2 6 2 8 10 9 3 2 10 3 2 6 4 9 10 3 8 8 7 4 1 9 3 10 3 1 2 9 3 10 8 6 3 1 3 5 10 5 4 7 5 5 2 4 3 1 2 7 5 10 2 3 9 1 8 10 10 1 8 10 8 5 8 5 6 7 2 3 8 9 2 1 10 7 7 8 3 4 4 1 4 6 3 4 10 5 10 2 4 2 6 7 6 10 10 2 7 8 8 8 9 6 4 10 10 9 3 6 7 9 
10 3 1 8 6 1 1 8 5 5 3 10 1 10 7 2 7 5 7 10 9 3 4 10 2 4 9 8 8 10 4 6 7 3 10 2 1 8 5 2 2 9 8 9 5 8 9 9 6 3 8 10 1 6 10 3 6 7 6 5 9 6 4 1 2 4 3 1 8 3 2 3 8 2 1 3 8 10 3 3 10 7 9 4 6 3 2 7 3 9 10 10 3 5 4 1 5 1 6 10 9 4 5 2 1 9 10 4 10 2 8 8 10 7 1 9 10 6 2 9 4 1 1 1 2 7 6 6 
1 10 5 7 2 10 6 9 1 1 2 10 5 10 4 10 5 4 8 10 4 1 5 5 4 1 3 4 2 1 5 3 10 10 4 2 2 1 1 4 3 5 9 5 2 7 8 9 5 9 2 1 3 10 1 3 3 8 9 9 7 10 10 4 6 10 1 4 6 3 2 2 7 9 6 4 6 2 9 3 9 10 7 10 2 3 2 4 3 1 4 6 1 9 1 7 9 8 5 4 1 2 7 5 2 5 8 5 8 10 5 1 9 1 5 9 1 10 3 7 3 7 4 1 4 10 10 4 
1 4 8 7 7 10 10 8 8 9 4 5 4 10 5 6 4 10 9 3 4 10 1 4 7 3 6 7 5 7 8 6 8 4 5 3 9 9 5 1 7 10 4 4 5 10 6 9 6 4 9 9 3 10 3 2 8 1 6 5 3 6 9 2 10 8 4 7 2 8 8 10 10 5 6 6 10 2 1 10 4 10 3 1 9 9 1 4 5 1 7 1 9 8 3 10 1 6 2 10 10 4 3 6 6 5 1 10 8 9 5 2 4 5 10 2 8 5 8 4 5 9 5 10 3 4 7 3 
9 2 9 9 3 8 4 7 6 5 9 10 6 1 7 1 3 10 8 7 9 7 7 3 1 9 10 10 7 3 10 3 3 3 5 4 3 5 8 1 3 4 3 2 2 5 6 6 9 1 6 5 4 7 9 4 6 6 4 3 7 6 3 4 2 3 6 10 4 4 7 6 8 2 7 5 4 4 7 8 3 3 5 5 8 4 5 4 9 1 1 4 2 10 8 2 4 8 9 8 9 4 5 7 10 5 7 9 2 10 6 1 3 4 8 8 2 8 8 4 3 10 3 3 2 1 4 5 
4 6 5 5 3 7 7 9 6 10 5 10 9 8 8 7 5 9 7 4 5 7 1 2 4 1 5 2 6 2 6 7 6 2 1 7 2 10 7 1 9 9 7 3 2 1 2 4 10 1 9 5 10 10 2 5 9 3 5 4 7 8 8 9 9 5 2 2 8 10 1 8 2 8 7 5 7 8 3 2 4 6 1 2 10 6 6 6 8 8 5 1 5 7 3 6 5 9 6 1 8 1 9 5 3 4 3 3 8 2 10 5 4 2 3 7 6 3 5 2 4 7 1 4 4 2 6 6 
7 3 1 8 2 2 1 9 9 1 9 7 10 10 8 2 3 10 6 5 4 10 2 3 1 8 1 2 9 7 1 1 1 4 4 10 6 2 1 7 9 9 7 4 9 4 9 1 7 4 9 7 10 2 1 7 3 7 3 5 2 9 3 7 5 1 8 9 4 4 5 6 8 2 6 7 7 2 6 5 2 8 2 5 7 9 1 1 2 2 8 10 3 9 6 8 8 7 6 10 8 7 1 7 9 9 1 1 9 5 3 2 3 8 4 10 9 2 10 5 3 6 1 1 3 2 6 4 
7 4 7 7 6 1 7 7 10 8 8 10 5 6 8 6 9 8 10 3 10 1 5 2 10 1 6 2 8 5 1 8 10 2 7 1 10 8 6 9 7 8 8 3 1 5 6 3 2 10 4 1 1 2 2 1 3 6 3 3 5 1 3 7 1 5 8 3 10 5 1 3 10 7 9 7 2 3 8 10 2 5 5 10 8 5 8 5 4 4 8 2 5 5 4 1 8 9 1 8 9 2 9 9 7 7 3 3 2 4 10 7 2 3 6 4 8 4 2 9 2 5 7 1 1 6 10 9 
10 4 4 6 7 4 10 10 8 2 9 9 5 1 2 10 7 3 7 2 1 3 3 1 3 3 5 6 5 5 4 7 4 9 8 3 4 9 2 8 1 5 4 9 8 1 3 6 7 10 6 4 3 10 6 8 4 5 3 3 2 4 4 10 5 7 9 7 9 8 4 6 7 3 8 4 2 10 2 5 8 4 5 6 6 7 9 5 8 1 2 3 10 2 8 9 7 3 8 7 8 10 5 4 2 8 2 7 7 7 10 9 5 1 8 5 7 4 7 2 1 6 5 6 9 7 7 7 
1 3 9 1 7 5 5 5 7 8 2 5 6 2 1 4 8 10 2 2 6 10 2 9 6 3 1 1 4 10 7 5 2 8 6 1 10 7 4 9 2 7 7 9 3 9 2 4 10 3 6 6 2 4 3 9 1 4 6 4 2 3 1 10 7 9 2 1 8 8 9 9 8 3 1 8 4 10 1 8 1 5 9 8 7 6 10 10 5 6 9 6 7 4 5 9 2 7 7 7 1 7 1 1 2 6 7 4 2 3 3 8 7 6 3 10 1 7 6 1 4 4 7 8 4 7 2 1 
2 3 7 5 3 6 6 8 1 10 8 10 6 4 5 9 9 7 2 9 10 5 10 10 10 5 2 4 10 5 10 2 8 8 6 8 10 10 5 2 8 9 4 10 10 1 6 7 1 7 1 7 3 6 4 3 6 1 7 1 8 3 2 10 5 1 6 1 1 2 1 2 7 3 1 4 2 7 6 10 8 1 4 6 10 7 10 10 8 7 3 6 4 8 4 4 1 7 9 5 3 1 5 1 7 3 9 8 4 4 6 3 3 4 6 6 8 4 2 7 10 9 8 9 2 6 6 4 
7 4 2 4 1 8 6 9 7 9 8 1 5 6 3 8 10 1 5 3 1 6 5 8 3 5 9 8 3 5 8 6 7 10 4 1 6 2 1 3 9 10 4 8 5 10 3 8 10 1 7 1 2 7 4 7 10 1 6 2 8 4 2 2 2 7 9 4 1 10 7 10 9 4 10 3 4 8 1 3 7 1 3 6 2 4 8 5 9 4 8 10 9 6 8 7 6 9 3 6 6 10 5 10 1 5 4 2 7 6 5 3 10 4 7 10 5 2 6 4 10 4 9 5 10 5 10 4 
5 4 7 7 7 4 5 6 7 5 2 8 3 9 4 6 4 9 9 1 1 7 2 7 7 10 3 9 8 5 6 10 4 9 6 1 10 5 9 10 6 7 2 2 3 6 7 2 7 2 7 10 8 6 2 3 10 2 7 7 8 4 7 3 10 9 1 8 10 5 10 1 8 10 10 8 10 5 4 8 2 2 3 3 2 4 10 6 6 1 5 5 9 6 4 10 3 8 3 8 2 6 3 8 4 7 2 1 9 8 3 7 6 1 8 9 9 1 3 3 9 7 10 10 9 3 4 3 
6 9 4 9 8 1 2 5 4 4 5 4 10 5 5 8 8 4 6 4 10 6 3 7 7 3 4 2 8 6 6 4 10 7 7 7 4 10 8 10 6 2 5 7 6 5 2 7 7 2 2 4 10 4 8 5 4 10 3 1 2 5 5 2 5 8 4 9 6 6 4 7 4 6 4 1 5 10 9 8 1 4 4 6 7 9 7 4 3 8 2 7 4 10 6 3 9 9 3 3 2 2 2 5 2 2 10 3 7 4 4 8 1 9 2 6 5 1 9 2 3 6 3 9 6 2 7 8 
10 2 5 7 6 9 6 5 9 2 9 4 8 8 1 4 10 7 1 7 7 3 5 5 4 4 4 10 10 6 5 5 8 7 9 2 5 6 2 9 3 1 6 4 4 6 7 6 5 10 3 4 4 9 3 2 5 8 1 10 7 7 7 10 8 8 6 3 9 8 2 10 4 1 7 2 2 8 6 10 6 1 2 3 1 3 5 3 5 6 1 2 9 2 4 7 6 6 5 2 8 8 6 6 4 7 5 4 3 9 1 6 1 10 5 3 10 7 9 9 8 8 2 9 2 1 2 7 
5 10 8 2 1 10 2 4 3 10 4 8 4 2 5 7 3 7 9 6 8 8 6 3 1 9 10 3 9 10 3 1 2 7 10 5 1 4 7 3 7 7 6 9 9 5 7 1 3 9 7 3 4 10 1 1 3 6 1 5 9 5 7 9 2 6 9 10 8 3 9 4 5 5 7 9 2 6 8 5 4 8 7 10 3 10 10 3 8 10 8 6 2 5 9 6 2 4 8 6 10 9 2 6 6 7 3 10 6 1 10 6 3 10 6 10 9 8 8 8 1 3 1 4 10 5 1 9 
5 1 7 7 3 4 1 9 5 9 6 3 6 4 9 6 7 9 6 8 6 1 9 3 9 3 6 7 4 3 4 9 9 1 7 1 6 4 1 3 9 5 8 8 4 3 1 10 10 8 5 4 3 8 1 5 7 8 7 8 6 3 4 2 4 8 7 9 8 7 4 5 4 4 7 1 1 3 1 5 2 7 8 10 8 5 7 3 6 1 9 7 1 10 4 9 2 3 4 2 2 8 2 6 2 5 3 3 8 10 6 8 2 7 2 6 8 10 7 2 7 10 5 1 7 10 7 10 
2 5 7 7 6 10 9 1 10 3 5 9 6 10 2 2 5 8 2 9 7 7 4 8 7 9 5 4 6 2 10 8 1 3 4 1 5 4 10 2 5 2 8 9 9 6 6 10 7 8 6 9 5 9 3 8 7 1 1 8 9 3 5 2 8 1 10 1 1 7 6 4 1 7 2 6 6 1 8 9 3 10 4 9 7 5 5 5 1 6 2 9 1 5 1 3 4 8 9 6 10 4 3 6 7 3 5 4 1 6 1 9 10 8 5 9 7 5 10 9 1 6 9 7 2 10 6 5 
9 1 9 9 6 1 4 4 7 2 8 2 3 6 6 6 10 6 6 9 5 6 9 6 8 9 6 1 8 6 3 5 5 10 8 5 4 3 8 3 1 9 5 7 7 6 2 2 6 3 8 1 1 7 5 1 5 9 6 8 9 2 1 8 3 9 5 1 6 6 7 2 10 2 7 7 9 2 10 8 1 7 7 2 10 5 8 2 2 10 6 3 5 2 2 10 6 5 1 7 4 2 6 8 9 5 3 5 4 9 2 3 3 9 8 8 6 7 1 4 8 9 1 5 4 5 5 7 
7 9 3 1 5 3 7 8 2 10 9 10 1 8 7 5 3 1 4 7 3 6 7 5 5 9 1 3 5 1 6 7 1 9 3 9 7 5 8 8 10 7 3 1 3 5 3 3 7 1 4 5 8 6 10 8 4 3 2 7 10 7 6 8 1 10 4 10 7 5 8 8 2 5 2 9 10 1 5 10 4 10 9 3 1 4 5 8 1 4 9 8 8 3 9 2 9 9 8 7 4 4 2 5 4 5 9 7 8 4 3 4 6 3 6 9 6 1 10 10 3 1 1 7 6 1 8 7 
7 4 1 3 9 5 1 9 2 8 2 2 1 4 7 10 7 1 8 4 8 8 8 3 7 4 9 5 9 6 10 2 3 8 2 4 10 4 4 2 1 1 2 8 7 2 6 7 10 7 3 10 7 1 10 2 4 4 6 8 10 8 5 9 4 3 7 9 10 1 6 7 4 5 6 2 9 2 9 8 1 2 4 10 5 6 4 2 3 5 10 9 3 9 7 8 10 7 9 10 8 3 10 10 1 3 3 8 4 9 6 3 6 9 2 5 7 8 4 4 7 2 9 2 7 6 6 6 
2 3 7 10 6 6 3 4 1 8 4 3 10 8 7 1 3 5 9 2 8 2 1 6 10 8 6 4 9 10 7 10 3 8 8 6 1 5 7 9 10 9 4 1 5 6 10 6 8 4 7 5 10 1 2 7 9 3 5 4 4 3 7 3 9 9 4 1 8 3 1 3 3 4 10 1 10 6 7 9 5 6 9 5 9 8 6 10 7 7 7 9 8 1 6 3 7 1 8 8 1 8 7 6 7 6 6 3 10 8 7 9 2 5 9 8 7 2 1 9 6 2 7 10 2 10 10 5 
6 8 9 1 1 10 3 9 5 4 6 3 3 3 2 1 4 9 9 1 10 10 3 6 8 6 7 2 7 4 8 7 6 1 7 6 5 5 1 8 10 5 1 9 3 1 2 3 8 9 6 2 10 1 3 9 2 5 8 1 8 4 2 6 5 6 8 2 5 3 10 8 8 3 8 4 2 10 3 1 4 4 7 3 4 7 2 8 3 2 3 9 4 2 8 2 10 3 8 1 3 4 3 7 4 4 10 2 1 3 8 6 4 6 4 9 10 6 4 8 9 4 9 8 10 8 10 9 
8 7 10 3 10 5 9 2 6 5 5 6 2 5 3 10 1 6 4 3 4 10 4 8 3 3 2 10 8 8 3 10 3 5 10 8 1 5 8 5 1 9 4 8 10 10 10 8 10 7 4 5 2 1 1 7 6 6 6 8 5 3 2 6 7 6 1 3 2 6 8 3 6 6 5 8 2 2 2 7 10 8 6 7 7 7 3 6 4 4 3 3 7 4 3 3 10 5 6 10 10 2 2 1 7 2 9 6 10 3 4 2 5 8 3 4 1 10 5 10 2 4 4 2 6 1 4 5 
10 10 6 6 3 5 7 2 3 3 6 10 4 9 2 7 5 3 10 6 2 7 10 7 8 9 10 1 1 4 1 2 1 10 2 4 7 8 5 10 10 2 1 8 10 5 1 3 8 4 9 2 1 7 10 8 6 10 7 8 8 10 4 2 4 3 4 10 6 5 2 10 8 4 3 9 3 8 9 1 1 6 7 6 4 1 1 2 2 7 7 10 6 1 4 2 3 10 4 3 8 6 3 10 7 10 9 8 9 9 4 4 3 4 7 10 5 7 5 2 8 9 7 9 8 6 10 2 
6 8 3 2 1 7 9 8 7 3 2 9 1 3 2 1 3 9 5 6 8 10 8 9 4 10 3 1 6 7 1 4 10 1 9 9 10 4 10 7 8 7 7 7 3 4 7 6 2 6 7 1 2 8 2 8 9 3 3 7 9 6 2 7 4 3 1 5 6 3 5 6 5 6 5 2 7 6 10 5 3 5 2 8 8 7 10 3 2 8 9 3 6 2 9 7 1 9 4 7 3 7 3 10 10 2 10 5 9 9 9 8 8 4 6 4 9 7 3 3 6 10 2 8 9 4 3 4 
6 1 5 7 9 6 4 10 2 1 10 4 6 2 8 5 2 10 2 4 5 2 3 7 10 4 10 2 9 1 7 7 8 9 3 6 1 2 1 8 10 1 6 4 10 6 10 6 6 1 9 9 8 1 4 10 4 8 1 8 6 4 7 1 10 2 8 7 4 1 6 1 1 9 4 9 10 4 7 3 8 10 4 6 6 7 9 4 6 7 10 3 3 2 4 7 5 2 3 5 4 4 9 5 10 5 10 4 4 9 4 2 3 6 5 6 4 6 4 8 9 6 1 7 10 6 1 2 
10 10 10 9 6 6 8 9 1 7 1 4 7 9 3 7 8 2 2 1 5 1 3 1 9 5 2 5 10 5 4 3 10 7 8 6 5 7 1 6 8 6 8 4 5 3 1 5 4 9 4 10 7 2 4 4 2 5 10 7 3 8 5 5 9 5 10 1 2 8 1 10 4 6 7 5 6 6 4 5 7 2 2 10 4 7 6 3 9 2 5 4 9 5 7 3 4 8 7 4 2 3 10 5 5 2 1 8 6 8 4 7 8 7 4 3 9 2 5 6 8 10 6 5 4 6 1 6 
3 7 8 7 8 10 7 9 8 9 3 8 6 10 3 4 2 2 7 7 4 9 6 1 8 6 10 2 2 1 6 6 8 10 8 2 9 2 7 9 7 9 3 8 3 7 3 8 10 9 4 3 7 2 2 1 2 7 5 5 5 7 4 9 8 10 10 10 1 3 6 5 7 1 7 5 3 8 9 4 4 7 5 3 2 9 8 2 4 1 2 5 4 2 6 10 4 8 1 10 7 6 2 6 10 7 4 8 1 8 4 5 2 3 3 1 3 4 1 4 8 9 3 4 1 7 1 1 
10 5 4 4 3 8 4 1 1 4 1 1 9 1 3 8 4 2 2 8 5 8 2 10 8 6 4 1 3 3 8 1 6 4 2 10 6 6 2 6 4 3 8 3 10 9 10 7 10 6 7 6 4 5 8 3 2 9 8 3 9 9 8 10 8 5 9 3 5 9 4 4 6 8 4 5 6 1 7 7 5 4 7 3 1 9 2 6 8 6 7 6 5 7 3 6 5 10 8 5 8 9 2 4 8 6 9 7 5 9 4 1 4 2 5 8 7 8 6 10 2 8 7 5 7 3 9 9 
4 4 2 8 2 2 3 9 2 10 9 1 8 3 8 7 7 2 1 10 9 8 6 2 7 9 7 3 9 1 4 6 7 1 1 3 6 10 7 10 7 2 7 7 3 3 8 9 9 6 1 5 9 6 2 3 1 2 7 4 7 4 7 9 7 6 6 3 6 9 10 9 7 9 6 5 2 10 9 8 4 10 1 3 5 7 1 4 5 6 5 2 5 8 1 1 6 9 5 6 4 7 3 4 4 8 4 2 1 9 6 6 9 10 8 5 2 5 1 10 2 6 4 9 10 1 5 7 
4 8 6 4 6 6 7 8 2 1 1 4 8 9 4 10 8 3 3 4 4 4 6 8 9 2 3 3 3 3 10 8 7 5 9 7 10 1 9 3 4 10 3 10 6 6 9 10 9 3 3 10 6 2 1 3 2 1 5 3 6 3 1 8 8 8 10 8 5 1 8 1 2 9 6 9 1 10 7 10 10 10 6 9 10 10 2 3 10 1 8 3 1 3 7 4 4 3 5 6 8 10 2 8 2 2 7 2 1 3 10 6 9 5 4 3 6 2 9 2 7 8 7 1 2 5 8 5 
1 4 3 6 7 6 3 3 2 1 9 1 1 4 2 10 8 6 3 7 3 6 8 3 10 10 8 5 3 9 9 7 3 3 8 7 2 3 6 10 1 2 4 3 9 5 9 7 10 5 4 3 3 5 10 9 6 4 4 7 9 4 3 10 8 10 8 1 3 3 7 4 3 3 3 10 10 5 5 1 4 2 6 10 4 2 1 3 2 6 10 1 1 3 3 10 8 10 4 5 4 6 6 9 1 6 6 10 6 4 10 9 7 8 9 9 3 6 2 1 4 4 7 7 1 10 10 5 
2 6 7 8 3 8 3 2 6 6 4 5 10 7 7 6 1 3 3 2 2 5 5 2 4 6 8 8 1 7 6 7 2 2 4 2 1 3 7 9 1 4 1 4 7 5 9 7 4 5 5 2 4 7 1 3 9 4 9 3 7 7 4 6 6 7 2 4 10 6 6 5 10 2 10 9 4 10 9 3 5 4 7 2 9 2 8 10 9 4 9 6 10 10 9 4 6 4 9 3 1 1 2 6 1 2 3 3 8 2 5 3 5 2 10 2 3 6 8 9 3 1 7 8 7 10 2 9 
3 5 9 6 7 10 5 3 2 2 3 1 2 8 9 1 5 10 10 6 3 2 7 10 6 9 3 3 6 6 7 5 5 6 9 10 9 8 3 5 5 1 8 8 7 6 7 6 9 3 6 8 3 2 3 6 5 8 8 8 10 10 2 7 6 1 10 2 1 7 6 4 4 10 6 8 2 8 9 6 7 1 9 4 5 4 1 8 5 6 6 3 5 10 4 5 7 2 7 5 3 5 4 7 3 4 1 10 7 10 4 1 2 9 7 9 3 1 1 2 4 4 7 7 2 3 1 8 
2 7 3 8 9 4 4 4 3 7 8 6 3 2 6 9 4 2 6 1 8 8 4 2 4 4 6 3 3 1 4 6 2 3 2 3 5 9 9 2 4 1 6 2 9 10 1 8 7 3 8 2 8 10 10 7 3 3 1 9 1 3 1 4 8 5 4 7 1 4 9 4 4 10 2 5 9 3 2 3 6 5 7 4 10 1 1 4 10 10 1 3 5 2 8 9 6 6 9 9 6 5 4 4 4 2 7 10 5 10 8 9 7 4 2 9 6 6 9 9 7 6 6 2 3 9 8 1 
7 4 6 10 6 3 6 3 5 8 8 4 8 9 7 6 4 10 8 9 8 7 7 10 8 1 2 7 4 4 2 9 6 6 10 4 5 6 1 7 2 1 2 4 4 1 10 10 1 10 8 5 3 9 1 4 5 9 1 7 4 6 6 1 6 7 10 3 4 7 1 3 1 2 1 6 7 7 10 5 1 6 1 8 9 4 6 2 1 10 6 3 4 3 6 4 2 1 4 7 10 2 2 9 5 9 6 9 5 5 8 8 2 4 5 4 6 8 5 7 1 7 6 4 8 10 1 5 
5 8 2 3 2 9 1 2 10 3 6 5 9 3 9 6 9 4 9 4 4 2 3 8 8 1 1 4 10 4 7 5 1 3 9 1 10 7 1 1 5 5 4 8 6 5 8 10 6 7 9 1 1 3 3 3 5 5 8 7 10 10 2 9 3 10 9 10 8 6 8 4 7 4 5 7 6 7 3 3 3 2 1 7 10 3 4 4 3 6 6 4 9 10 7 10 1 10 3 7 6 10 5 1 10 6 9 4 2 6 10 4 9 1 7 3 3 1 8 7 4 4 7 6 4 6 1 2 
4 5 1 5 3 6 6 1 8 5 2 8 1 10 5 6 4 1 7 10 7 8 10 7 6 5 5 6 5 6 9 5 8 9 6 9 8 7 1 6 3 5 4 8 7 7 5 7 2 4 2 9 3 10 4 8 10 1 8 10 6 2 6 3 1 2 9 3 4 3 4 1 7 10 10 8 5 10 8 8 10 2 8 9 10 6 7 8 7 7 9 4 3 4 2 3 7 2 3 5 4 4 3 2 5 7 4 6 7 10 6 5 2 7 4 6 10 9 10 3 2 1 8 7 10 3 9 2 
5 1 7 8 7 4 9 9 9 10 2 9 6 10 3 6 9 9 8 1 5 10 1 6 7 4 3 6 2 7 6 9 10 7 2 10 8 6 8 9 4 5 6 2 5 1 6 4 1 4 1 3 2 1 3 10 6 1 9 8 3 8 9 10 6 4 9 1 2 2 5 1 8 8 7 9 3 2 6 6 10 5 4 4 10 4 4 6 4 1 7 4 5 7 10 1 9 7 2 4 9 4 10 4 4 8 10 8 3 9 4 8 7 7 7 4 9 8 8 10 6 5 7 2 6 7 2 1 
2 9 5 10 3 7 4 1 4 6 9 4 10 5 6 4 6 2 1 10 8 4 10 6 7 5 10 5 6 2 4 10 8 3 9 1 5 4 5 8 8 1 3 10 5 9 8 6 5 6 5 1 1 1 1 10 7 1 7 1 3 5 1 9 8 7 5 3 6 9 10 2 7 2 3 10 7 10 1 10 6 9 10 10 9 6 9 10 10 2 1 8 2 2 7 9 1 5 8 10 10 7 8 8 7 5 4 7 4 3 4 6 5 5 3 1 9 5 2 1 2 4 7 3 6 5 3 8 
10 4 10 6 5 8 6 3 8 10 5 7 8 2 2 9 7 10 4 8 2 3 4 1 10 2 9 1 4 4 8 8 3 8 4 7 9 1 3 3 4 10 8 10 10 2 8 3 3 5 9 5 5 9 9 5 7 2 6 10 10 7 6 2 6 8 7 3 1 1 10 2 10 4 7 2 2 6 9 9 9 7 7 8 5 2 6 10 6 7 4 9 4 9 10 5 8 9 4 4 3 7 2 7 5 3 3 4 5 7 4 7 10 4 5 1 6 3 8 5 8 9 4 9 1 7 2 5 
5 7 4 2 5 3 3 1 5 4 10 4 3 5 10 3 7 9 5 2 1 6 10 6 10 10 4 8 4 2 1 6 10 7 7 5 3 5 5 8 2 9 3 10 4 9 7 3 6 9 10 3 3 4 7 9 6 3 7 10 10 5 3 10 5 1 8 6 4 6 7 6 5 5 2 7 9 4 3 6 4 3 10 6 3 6 6 2 4 6 9 1 6 6 2 4 2 10 5 5 8 3 1 2 1 1 3 6 7 8 5 9 3 1 7 10 8 3 1 1 7 2 4 9 10 4 1 2 
3 8 4 9 10 1 5 6 6 10 7 2 5 3 8 5 1 4 9 9 10 3 2 6 9 8 7 1 4 9 7 6 8 9 6 6 1 5 9 5 8 9 8 4 2 3 2 5 4 7 7 6 4 4 8 3 10 1 9 4 2 9 2 2 8 2 9 7 3 10 7 8 8 5 10 2 5 5 1 10 1 1 7 2 5 5 10 6 2 5 5 5 4 1 4 8 8 10 7 2 3 10 7 2 6 4 10 5 7 6 1 5 3 9 10 6 1 4 5 6 6 9 7 1 7 6 1 10 
5 5 2 2 1 1 7 7 10 10 10 2 9 5 3 8 8 5 7 4 10 2 7 3 6 5 10 6 9 10 4 3 2 4 8 1 9 7 2 10 3 3 9 1 8 6 5 1 9 5 1 7 1 6 2 9 7 2 10 2 8 8 3 8 5 7 9 4 4 7 1 6 10 6 1 4 5 2 5 2 8 4 9 9 1 4 5 6 3 9 4 6 6 4 5 1 5 10 7 10 3 5 6 10 10 1 2 8 9 4 4 5 4 4 2 8 10 1 1 1 5 5 3 4 9 3 7 3 
5 8 6 9 1 10 4 1 10 6 9 3 2 8 5 9 8 1 8 5 6 4 10 7 4 1 7 5 7 6 8 9 3 10 6 9 2 7 4 9 10 10 6 4 10 8 2 9 9 5 6 4 6 8 10 6 2 6 7 9 9 5 1 7 2 8 1 1 10 2 7 4 5 2 6 10 9 4 9 3 9 3 5 9 3 10 2 7 5 8 10 7 4 3 1 5 8 2 5 1 10 8 1 8 4 4 2 4 5 3 2 3 10 6 1 5 7 8 6 7 8 9 8 9 1 5 3 1 
6 7 10 2 1 6 4 3 5 10 1 4 6 8 10 3 3 3 7 6 3 8 3 1 6 6 8 7 1 7 1 3 4 3 1 2 5 5 8 2 3 5 9 3 6 10 1 4 9 10 3 10 9 4 6 8 7 2 1 6 5 5 8 6 3 5 1 3 5 10 4 5 8 1 10 9 3 1 2 2 5 10 3 9 3 3 2 3 2 5 1 5 5 1 1 9 9 4 2 6 2 10 9 9 6 6 6 10 9 2 8 8 9 8 7 1 5 8 7 1 9 9 3 5 8 10 5 3 
2 9 5 4 7 10 3 4 2 4 8 9 5 8 9 3 1 3 6 10 4 10 3 6 1 2 2 7 7 6 9 3 4 8 5 9 1 4 9 4 3 1 2 6 6 3 3 4 10 1 7 7 4 2 5 3 2 1 3 9 2 10 4 7 4 6 5 1 9 2 4 7 1 6 9 8 2 4 5 9 10 6 3 10 3 4 7 3 8 5 5 2 4 10 6 5 4 3 2 1 8 7 9 2 4 8 8 3 6 3 5 2 2 6 10 3 9 10 8 4 2 1 4 5 5 10 4 4 
10 7 4 9 5 7 5 3 1 7 8 2 9 3 5 10 6 2 9 8 5 10 10 7 1 8 6 8 7 4 1 6 1 8 9 2 9 10 4 8 6 2 10 3 2 9 4 5 5 1 2 7 1 2 10 1 8 6 7 6 4 7 4 4 5 5 6 5 2 1 2 2 6 2 5 9 2 6 2 2 6 7 9 6 2 8 4 2 6 7 10 8 6 1 7 8 5 2 10 1 9 4 2 3 3 10 9 1 9 1 6 5 5 9 2 5 8 10 8 8 6 8 6 2 6 1 6 3 
10 8 7 5 4 4 4 7 3 9 4 9 9 10 4 6 5 9 8 6 9 4 6 6 8 3 2 5 8 4 4 6 8 4 7 5 10 10 2 6 2 1 9 2 3 9 2 4 1 8 7 4 8 9 2 3 7 8 2 5 6 4 7 7 9 9 8 1 4 10 3 3 4 6 6 4 2 7 8 5 2 10 9 9 2 9 5 6 9 4 2 4 9 9 6 8 3 3 10 7 5 5 9 3 8 6 6 3 7 7 2 4 7 1 1 8 4 2 7 7 4 5 6 4 2 2 9 2 
3 8 1 6 8 6 8 7 6 7 4 8 4 1 6 6 9 9 6 7 1 5 4 3 9 5 2 10 8 4 6 8 5 6 10 6 4 8 7 4 6 2 6 5 8 2 10 2 5 6 7 6 5 10 10 5 10 4 10 5 4 4 10 2 5 4 8 4 3 8 4 2 5 10 5 5 2 1 3 1 9 6 8 3 5 2 10 7 1 7 4 9 7 2 6 5 6 4 6 3 6 2 3 6 7 4 4 7 10 4 5 1 5 3 6 4 8 1 10 3 8 1 10 3 7 7 8 3 
7 1 8 8 8 2 10 2 9 5 2 1 5 8 7 6 7 6 8 8 5 4 1 9 10 9 4 5 9 1 6 1 9 1 6 10 7 9 2 1 10 9 10 7 1 8 6 8 6 7 6 5 8 9 2 8 1 9 4 9 5 10 1 10 9 7 7 6 7 1 8 2 1 10 6 3 6 10 2 4 2 6 8 7 5 7 4 3 2 1 4 2 7 10 5 8 5 7 1 10 1 4 1 10 4 10 6 6 10 7 2 8 2 7 8 9 7 5 9 4 9 10 6 1 6 4 4 9 
3 10 9 1 8 4 10 4 10 7 1 9 2 10 7 9 5 7 4 7 3 7 4 9 10 9 3 10 10 9 2 4 4 2 5 7 2 7 9 4 4 5 10 5 6 7 1 7 2 1 1 10 6 4 6 5 1 9 7 8 8 2 4 7 3 4 6 1 5 10 5 1 6 10 5 1 3 6 3 3 3 1 7 1 3 4 8 7 7 7 8 6 6 4 2 2 3 9 1 7 8 5 9 4 7 10 10 8 10 1 10 2 2 10 4 7 5 4 5 9 10 7 2 3 5 2 4 4 
2 2 2 9 5 5 3 5 6 8 5 1 7 5 4 8 5 2 3 6 1 2 5 3 10 1 8 4 5 10 9 6 10 10 4 6 7 7 3 9 3 9 2 10 4 2 8 9 2 1 7 1 7 7 3 2 10 5 1 1 9 9 1 6 6 4 8 9 2 9 5 7 8 5 9 7 3 9 3 5 9 8 1 2 10 5 8 6 2 2 6 2 6 3 2 3 10 1 10 10 1 6 8 7 4 1 5 4 9 8 2 1 7 8 3 7 4 6 9 3 10 7 6 6 4 8 9 4 
7 5 4 2 3 5 7 5 10 7 5 4 10 8 1 4 9 1 1 10 7 5 7 1 6 2 6 5 4 6 5 8 6 2 8 4 8 1 4 6 3 6 6 5 8 3 3 7 10 8 3 1 3 3 4 2 2 7 6 7 6 6 4 4 10 10 9 5 3 6 4 8 4 2 3 8 9 7 5 5 6 4 10 6 3 9 10 8 1 4 7 7 4 7 2 5 4 8 7 7 1 5 2 10 4 9 4 7 10 1 3 5 10 3 9 9 9 4 6 4 1 10 7 7 6 1 5 10 
2 2 4 6 10 9 1 5 9 5 10 3 4 7 9 8 2 4 9 7 7 5 6 4 9 6 2 1 2 7 2 9 1 5 5 9 8 1 1 3 3 5 8 3 9 5 6 8 1 4 2 1 4 10 9 3 6 10 10 10 1 8 7 5 9 8 1 10 3 6 2 9 2 10 1 10 6 10 4 10 1 6 6 2 7 5 2 8 4 6 9 10 8 6 9 7 1 5 1 6 4 1 3 1 4 3 1 4 6 5 6 10 8 3 3 3 6 5 2 10 4 8 1 2 9 4 2 9 
3 3 10 9 10 6 7 10 9 10 8 10 7 3 6 5 7 2 6 3 1 4 3 9 6 3 2 3 10 8 7 6 1 3 5 7 5 8 8 1 8 1 3 10 5 7 2 4 8 3 7 7 9 9 10 3 6 9 3 10 4 5 3 1 4 6 2 3 4 9 5 5 6 4 10 6 8 3 2 8 1 9 9 1 4 1 5 3 4 7 8 1 9 10 10 7 4 1 1 8 4 9 10 4 6 8 9 9 8 10 3 7 6 3 4 10 3 1 4 2 4 7 6 5 6 5 9 8 
1 7 8 5 1 8 9 8 4 4 2 1 10 6 4 8 7 8 4 7 4 6 7 7 10 10 10 3 4 6 10 9 9 6 9 7 7 9 2 7 8 8 4 2 2 4 1 3 7 7 10 2 7 7 3 2 7 10 5 10 1 2 3 3 4 6 7 8 4 2 1 1 10 7 1 5 6 6 1 1 2 6 3 5 9 10 1 4 4 9 3 7 7 10 10 3 8 7 3 7 7 4 9 8 6 3 6 8 3 2 9 8 3 4 2 10 4 5 10 7 8 5 10 2 1 7 2 2 
10 7 5 1 10 7 6 6 1 3 4 3 6 5 2 6 1 7 1 5 1 4 5 8 9 3 5 6 5 2 7 10 9 4 3 5 2 7 10 2 7 7 7 2 6 3 5 3 8 8 4 6 5 7 4 5 8 2 3 6 4 4 10 8 5 4 5 10 7 8 1 4 2 5 9 8 2 8 7 8 2 6 7 7 5 1 7 3 10 7 6 7 10 7 4 7 4 4 8 4 7 7 9 1 4 6 8 2 9 9 6 7 2 1 4 3 7 6 10 9 9 3 4 7 5 9 6 7 
7 5 1 8 5 5 4 7 5 6 1 4 3 1 2 5 5 10 2 5 5 8 1 5 5 6 5 10 6 7 5 9 6 4 6 6 8 1 2 2 5 2 7 4 10 6 6 8 6 2 9 3 4 10 9 1 7 5 10 10 2 5 8 10 3 3 7 5 1 9 8 6 9 9 5 2 9 9 7 10 4 4 9 10 7 4 5 4 6 2 10 9 8 10 4 8 6 6 4 8 1 10 5 2 4 9 4 1 8 9 9 8 4 4 3 7 1 9 4 8 9 8 8 3 3 9 10 3 
8 8 7 8 8 2 1 9 2 10 1 10 5 10 5 4 1 2 7 9 8 5 8 1 8 4 1 5 7 6 2 6 3 1 3 9 10 1 1 9 8 2 10 8 6 8 2 6 3 9 5 8 6 2 7 3 8 10 9 5 1 2 9 3 5 8 3 5 8 6 10 9 6 4 1 3 2 6 6 4 9 6 5 6 4 4 6 1 5 2 2 6 5 4 4 6 5 10 1 8 1 4 7 2 1 1 4 5 1 1 5 6 3 1 9 5 4 6 8 6 1 7 8 5 3 9 3 4 
50 122 68 193 82 139 40 114 56 141 133 83 185 59 73 116 56 87 109 135 77 123 145 154 142 82 61 79 14 99 111 107 164 122 93 67 91 154 77 164 100 60 57 107 76 139 12 28 44 136 98 91 114 49 32 73 55 127 122 92 45 94 60 99 114 56 99 38 151 92 154 92 63 182 21 106 64 92 130 76 102 127 117 83 149 54 86 87 64 48 70 141 88 109 153 70 144 81 162 126 135 135 9 98 75 67 157 108 118 119 58 88 111 82 98 87 87 127 139 58 92 139 170 40 76 121 87 109 
122 56 92 136 172 123 49 78 95 93 99 115 118 85 62 123 79 125 45 91 94 158 107 90 106 68 109 99 59 42 71 118 91 99 138 128 76 123 121 144 57 66 20 182 124 91 86 55 129 138 127 110 92 109 139 89 62 37 140 89 16 164 51 82 50 3 139 168 123 129 103 131 108 151 98 56 156 86 177 146 114 70 161 195 90 74 81 37 114 83 119 77 74 20 126 128 84 109 115 129 73 96 76 140 144 142 17 81 20 75 145 28 53 85 27 69 123 67 99 108 131 110 114 71 62 124 89 102 
68 92 158 139 101 142 89 168 97 114 89 197 139 79 54 23 47 155 161 88 134 126 90 86 146 20 119 86 79 140 126 120 165 71 100 73 135 78 177 107 80 96 187 32 51 74 132 109 67 89 166 107 47 81 128 60 177 168 88 133 117 78 146 75 57 97 147 177 183 104 150 57 131 13 90 143 118 117 110 95 97 91 91 150 49 54 62 167 81 107 100 94 86 134 149 53 19 189 130 108 105 118 107 94 157 149 109 73 62 24 33 120 52 88 106 126 105 108 52 60 91 37 181 101 94 136 150 35 
193 136 139 12 113 151 171 35 105 39 81 34 127 184 28 100 101 113 123 44 114 76 85 95 57 57 111 103 170 103 130 68 61 127 66 27 161 107 26 126 128 122 137 81 48 154 122 111 75 120 64 68 82 101 19 81 145 189 125 110 98 10 100 11 101 73 127 125 68 85 46 144 159 40 139 90 138 120 168 195 120 76 36 84 101 88 190 159 95 123 143 99 134 179 90 68 87 110 185 175 126 109 109 39 151 130 107 94 166 18 117 60 104 94 45 101 92 174 93 97 38 40 150 169 85 21 133 103 
82 172 101 113 10 153 142 128 120 76 157 66 136 124 45 68 75 87 185 34 107 101 76 70 143 87 55 179 186 73 63 83 131 74 155 124 35 98 120 111 154 168 80 141 124 83 24 84 77 104 59 86 56 118 157 34 112 92 114 152 166 100 147 175 49 102 112 116 103 111 90 137 149 148 85 70 178 165 33 154 71 133 44 104 91 177 192 91 106 163 124 167 75 178 46 100 169 63 99 44 48 92 154 97 99 168 155 53 13 61 159 49 87 45 33 70 93 124 124 18 85 144 168 164 96 147 158 146 
139 123 142 151 153 150 81 77 116 84 80 146 111 88 96 89 140 9 161 47 92 115 52 114 43 94 163 11 132 101 96 140 80 119 74 66 155 27 62 109 195 116 144 133 117 99 162 46 31 82 121 60 96 51 101 54 69 151 84 133 92 126 54 128 98 185 81 142 35 120 131 162 52 139 14 101 92 144 124 80 105 76 126 149 86 146 72 32 116 7 58 47 102 123 93 128 73 109 103 161 133 52 122 103 87 86 157 80 70 76 36 100 116 163 112 57 117 30 96 50 101 114 69 63 59 67 126 140 
40 49 89 171 142 81 120 68 152 100 73 135 109 64 89 121 89 83 60 64 136 111 154 20 38 46 98 171 111 134 44 190 39 157 137 158 116 128 123 141 148 141 119 125 102 88 123 137 130 126 71 84 164 128 128 59 31 91 122 112 184 67 86 108 100 85 58 94 107 32 161 99 158 65 90 24 58 90 116 67 89 121 112 168 101 156 108 99 156 172 183 67 73 55 81 78 143 122 81 64 106 96 32 59 44 61 108 148 13 157 160 99 103 138 130 56 149 18 29 108 155 62 104 105 97 167 165 76 
114 78 168 35 128 77 68 126 175 188 23 84 152 170 162 153 111 78 44 155 111 79 113 101 62 154 134 122 53 159 136 151 64 123 85 169 124 66 90 78 138 37 92 138 91 59 109 90 69 53 107 136 89 53 154 98 190 54 129 119 175 130 105 102 103 112 29 159 105 95 152 120 147 183 136 98 128 103 74 74 101 133 33 75 91 25 87 121 115 122 194 114 141 114 173 25 161 121 132 61 79 43 68 180 183 110 133 24 69 79 52 142 106 86 126 108 98 128 127 104 112 108 110 171 121 64 149 154 
56 95 97 105 120 116 152 175 172 68 96 47 115 99 99 112 60 104 83 140 86 76 104 67 146 106 48 108 132 41 117 108 81 48 115 43 143 53 108 154 84 123 143 111 34 148 111 47 166 44 98 25 57 134 176 108 99 96 119 86 159 120 95 147 51 61 89 145 144 77 118 101 149 185 95 144 111 107 120 113 50 39 71 123 101 132 169 116 156 114 83 110 68 74 53 75 60 95 116 127 110 95 110 95 29 93 81 114 53 39 133 159 107 87 137 100 106 123 103 149 119 95 92 58 53 150 140 109 
141 93 114 39 76 84 100 188 68 48 81 89 82 24 90 69 136 100 80 84 152 144 86 122 99 113 102 121 6 114 165 132 145 130 24 74 78 28 85 85 89 150 56 138 14 109 96 77 99 176 36 65 96 117 109 92 156 90 83 70 42 135 74 4 34 86 138 148 154 118 114 51 22 163 85 60 38 39 123 113 93 180 137 96 105 125 56 82 43 57 48 166 139 100 46 52 4 41 139 168 90 91 83 161 50 114 108 51 62 159 69 131 81 60 107 131 169 96 97 123 52 49 105 160 149 170 108 96 
133 99 89 81 157 80 73 23 96 81 84 52 5 97 86 99 134 108 75 81 118 132 126 78 13 74 129 154 122 120 127 72 163 100 115 126 58 99 41 108 105 65 55 158 78 129 100 122 151 97 75 57 63 97 49 129 23 83 125 158 126 105 179 58 125 24 82 47 89 37 144 134 136 97 152 34 116 166 99 138 11 147 104 100 109 95 121 46 165 71 91 148 157 145 80 72 118 98 115 111 60 104 83 45 128 103 36 129 133 114 112 113 96 105 40 122 68 96 82 128 128 139 101 150 119 170 90 69 
83 115 197 34 66 146 135 84 47 89 52 154 45 138 152 130 73 98 116 186 187 87 52 103 90 45 111 140 109 79 138 52 15 159 66 21 36 100 117 61 121 78 168 157 179 117 82 196 168 14 98 154 194 130 69 119 100 98 71 104 111 99 54 121 69 146 118 96 135 129 108 113 93 44 176 111 92 139 117 130 118 169 97 15 171 72 44 72 93 66 181 91 74 125 105 109 125 96 82 176 19 77 16 110 70 26 67 85 76 168 102 155 110 172 131 120 82 78 125 63 118 127 89 116 191 41 80 137 
185 118 139 127 136 111 109 152 115 82 5 45 132 126 65 145 84 71 156 46 107 110 86 32 80 50 89 121 95 81 142 80 91 54 41 117 62 121 17 66 150 102 62 147 67 110 155 101 145 125 94 79 71 80 104 136 174 22 137 78 134 135 114 75 148 61 136 96 53 125 93 179 102 159 56 111 146 123 145 110 126 107 141 112 155 108 112 98 148 104 84 78 155 146 149 61 168 142 192 98 119 39 151 66 91 144 57 131 31 39 76 172 162 99 138 84 84 80 134 116 104 15 76 42 73 122 128 50 
59 85 79 184 124 88 64 170 99 24 97 138 126 38 82 110 34 44 148 149 180 92 118 135 127 110 110 97 53 57 116 41 148 12 142 72 157 101 110 7 113 162 166 179 149 100 109 142 105 119 164 149 44 173 162 124 82 69 116 170 65 57 100 20 100 70 119 79 89 175 65 115 66 136 114 106 106 145 158 142 69 60 44 112 133 15 107 77 101 179 61 105 91 84 98 72 148 113 87 79 101 112 39 129 74 122 95 79 162 131 59 135 111 95 56 107 173 120 97 74 107 58 103 146 93 75 98 35 
73 62 54 28 45 96 89 162 99 90 86 152 65 82 158 120 170 159 34 119 106 173 132 66 140 151 72 33 103 77 102 50 26 46 46 80 66 109 89 124 56 123 137 51 141 119 69 118 78 97 91 50 149 92 83 140 145 182 43 63 81 134 70 72 148 100 88 90 182 50 141 123 132 137 149 148 154 95 136 152 172 59 67 78 108 94 79 114 112 151 198 90 197 10 61 53 123 114 47 100 55 130 57 112 155 59 186 141 91 62 100 164 64 47 56 133 102 62 32 157 70 121 42 40 87 93 168 50 
116 123 23 100 68 89 121 153 112 69 99 130 145 110 120 164 23 115 179 104 199 64 139 96 96 106 33 111 120 78 155 103 145 184 143 157 97 146 174 108 38 85 84 74 111 130 132 83 131 70 71 84 145 90 179 73 23 162 112 171 127 121 174 47 92 102 151 125 141 178 151 178 71 101 34 76 98 114 153 84 71 113 133 125 150 130 101 139 37 27 66 25 87 56 129 154 165 58 52 108 87 64 141 66 95 78 49 104 86 7 163 193 82 87 71 65 101 12 82 121 58 97 98 131 130 74 59 51 
56 79 47 101 75 140 89 111 60 136 134 73 84 34 170 23 34 81 102 33 131 131 44 181 100 31 125 73 54 89 78 162 74 66 140 114 101 7 34 194 82 108 142 58 175 58 162 166 54 96 101 75 33 129 67 118 116 82 93 83 178 152 39 109 78 133 104 95 57 180 122 174 128 132 108 160 92 103 34 76 147 132 69 147 13 98 35 61 7 166 106 127 105 79 86 147 146 97 133 163 99 104 17 104 123 131 121 57 85 116 38 117 130 64 163 111 131 109 92 64 71 146 162 121 129 167 72 100 
87 125 155 113 87 9 83 78 104 100 108 98 71 44 159 115 81 154 113 81 170 94 113 111 92 56 130 127 77 175 115 135 94 137 60 138 18 29 131 106 113 90 99 31 77 28 170 119 19 93 37 106 145 112 115 114 176 89 94 88 158 53 31 69 134 155 82 35 174 143 173 53 126 44 33 77 104 133 98 124 151 77 56 128 156 92 134 71 132 109 94 31 40 48 99 73 69 142 114 108 138 105 43 114 86 141 89 77 192 107 62 140 129 26 159 45 63 120 44 173 152 110 118 124 109 188 178 63 
109 45 161 123 185 161 60 44 83 80 75 116 156 148 34 179 102 113 158 108 136 99 125 110 179 73 97 115 114 111 109 38 181 106 140 140 20 123 150 93 122 100 91 40 66 55 112 154 111 65 108 123 156 88 108 80 126 79 77 102 110 28 112 54 64 150 141 57 134 115 142 144 111 89 114 115 96 154 59 106 104 120 94 85 113 145 188 140 43 44 113 80 108 104 133 99 94 132 96 99 125 75 22 116 110 176 109 50 68 120 21 138 118 80 56 97 145 122 88 73 35 140 110 117 144 89 93 31 
135 91 88 44 34 47 64 155 140 84 81 186 46 149 119 104 33 81 108 46 83 107 100 116 126 95 16 115 94 86 148 7 134 36 103 142 102 49 39 152 150 100 73 128 24 87 163 68 153 49 137 40 131 59 15 72 188 138 116 130 120 30 111 86 96 75 61 93 112 110 156 145 149 60 124 71 82 113 82 79 160 41 138 100 143 164 75 94 65 131 95 184 83 132 148 133 80 163 42 126 98 55 149 57 129 57 127 128 135 139 128 97 129 122 166 44 116 119 196 185 133 36 147 37 47 141 70 162 
77 94 134 114 107 92 136 111 86 152 118 187 107 180 106 199 131 170 136 83 136 91 139 65 106 134 134 51 42 166 90 61 128 147 41 75 66 130 158 114 68 33 81 65 104 163 182 131 152 5 160 98 36 165 47 56 115 112 34 100 83 98 78 68 133 66 166 15 95 179 52 147 142 135 100 123 101 121 95 165 49 160 140 196 102 172 71 72 74 93 105 71 48 114 127 106 157 114 111 126 127 99 168 93 137 61 109 28 106 161 99 33 130 24 137 116 161 109 88 146 111 116 141 67 99 111 112 112 
123 158 126 76 101 115 111 79 76 144 132 87 110 92 173 64 131 94 99 107 91 98 152 48 50 130 80 50 86 124 101 138 95 159 62 109 112 84 172 145 104 39 175 94 133 58 156 144 44 165 14 60 149 102 102 104 183 88 143 114 91 103 93 40 138 79 88 75 117 129 126 106 9 134 53 93 66 179 67 82 145 77 109 63 54 157 46 116 82 81 116 111 43 91 88 84 86 140 155 75 106 55 154 7 123 32 91 67 131 78 122 102 154 14 108 121 163 167 165 164 104 57 109 105 39 74 179 73 
145 107 90 85 76 52 154 113 104 86 126 52 86 118 132 139 44 113 125 100 139 152 80 73 145 133 98 97 156 132 163 127 184 79 112 179 154 159 87 124 56 103 163 95 57 59 173 72 99 125 164 83 51 71 76 140 133 123 99 133 116 69 101 135 29 109 55 49 116 53 83 66 135 61 48 151 83 162 108 43 68 31 49 92 51 87 35 63 75 64 58 60 132 127 180 93 91 100 83 105 69 59 112 161 111 165 162 41 76 149 122 100 129 128 115 60 65 50 82 88 144 147 102 126 91 127 96 107 
154 90 86 95 70 114 20 101 67 122 78 103 32 135 66 96 181 111 110 116 65 48 73 146 136 42 149 115 82 93 153 145 157 101 89 88 94 163 109 179 126 122 86 118 41 78 100 117 82 102 173 68 114 12 47 72 175 188 65 161 135 91 138 144 122 160 90 105 63 133 85 113 102 151 102 129 127 6 20 131 158 52 159 134 129 140 121 138 7 91 171 106 38 95 180 75 73 64 164 158 155 116 65 86 104 146 41 77 156 126 11 32 159 90 92 140 80 103 61 116 69 87 59 116 118 143 99 179 
142 106 146 57 143 43 38 62 146 99 13 90 80 127 140 96 100 92 179 126 106 50 145 136 112 75 109 69 143 26 69 123 101 81 107 13 89 101 137 95 85 39 141 79 152 65 23 65 30 64 116 95 130 68 141 111 12 79 153 182 70 115 95 64 111 148 69 136 169 109 97 53 137 92 28 110 162 91 73 175 91 40 126 73 5 152 163 133 72 79 104 126 168 60 55 188 123 39 82 117 142 151 20 99 115 84 117 94 148 134 96 170 79 150 73 145 51 97 130 89 32 90 109 86 156 32 81 130 
82 68 20 57 87 94 46 154 106 113 74 45 50 110 151 106 31 56 73 95 134 130 133 42 75 120 105 100 113 114 90 165 63 96 85 134 53 105 59 28 96 95 92 77 78 76 84 86 46 135 158 70 91 154 118 77 99 176 60 93 121 185 109 148 21 31 55 150 73 33 75 57 35 76 127 137 59 152 122 111 66 149 171 91 51 96 148 36 125 42 116 94 64 117 47 45 186 61 65 60 149 88 117 69 41 121 72 131 130 113 85 39 171 94 86 151 61 36 6 110 82 72 182 129 98 79 80 69 
61 109 119 111 55 163 98 134 48 102 129 111 89 110 72 33 125 130 97 16 134 80 98 149 109 105 110 36 13 105 111 111 71 104 109 135 34 36 132 32 182 119 113 93 155 129 130 135 125 106 107 88 92 22 179 74 87 64 140 83 98 159 67 158 154 9 80 49 66 49 181 113 107 149 71 73 146 129 37 118 98 101 36 118 106 85 110 132 30 65 88 59 132 161 77 62 62 104 71 27 83 95 137 143 39 73 87 87 66 71 160 112 56 63 122 102 67 86 102 100 56 145 169 43 94 97 59 45 
79 99 86 103 179 11 171 122 108 121 154 140 121 97 33 111 73 127 115 115 51 50 97 115 69 100 36 200 110 98 50 15 48 23 102 105 136 19 112 71 95 110 95 123 84 162 164 173 107 118 96 108 183 73 80 69 160 16 102 145 112 84 104 62 74 126 48 43 35 58 100 110 131 168 184 129 152 140 146 137 94 30 75 179 34 100 103 62 76 154 100 108 51 149 15 132 71 33 146 142 96 123 87 120 42 169 159 79 88 128 108 126 127 108 158 134 30 71 83 66 123 125 57 94 49 110 33 84 
14 59 79 170 186 132 111 53 132 6 122 109 95 53 103 120 54 77 114 94 42 86 156 82 143 113 13 110 176 102 76 129 89 62 65 128 50 75 101 56 114 51 97 125 103 17 112 162 85 73 108 29 105 111 84 75 116 77 81 88 123 110 93 41 155 141 78 47 53 116 41 64 29 171 87 192 152 85 112 135 103 55 148 51 118 124 80 111 116 126 97 170 134 99 41 83 32 99 72 104 54 114 52 173 57 75 101 116 50 105 106 42 115 110 78 71 130 139 72 100 71 23 161 71 66 132 30 141 
99 42 140 103 73 101 134 159 41 114 120 79 81 57 77 78 89 175 111 86 166 124 132 93 26 114 105 98 102 108 170 107 15 83 148 85 117 47 36 110 106 76 58 77 36 14 90 67 67 177 87 30 114 193 47 79 95 140 138 151 55 80 61 63 158 106 68 165 85 62 40 124 120 52 153 181 86 26 183 127 60 154 121 16 133 96 56 102 51 68 109 58 22 45 153 90 91 75 31 104 82 146 73 61 140 93 58 166 102 47 137 15 91 115 108 180 56 134 120 123 90 138 110 111 126 110 55 30 
111 71 126 130 63 96 44 136 117 165 127 138 142 116 102 155 78 115 109 148 90 101 163 153 69 90 111 50 76 170 186 55 100 68 106 74 78 187 37 83 123 127 123 86 129 100 163 177 137 73 85 45 24 121 145 144 32 42 111 172 50 84 105 120 136 42 60 67 114 92 85 79 77 38 99 150 45 95 136 97 56 80 134 89 171 94 92 52 67 62 69 96 116 130 158 36 87 57 98 137 167 78 55 66 82 147 109 94 161 178 128 157 108 178 42 149 90 63 93 181 110 34 80 11 96 117 170 51 
107 118 120 68 83 140 190 151 108 132 72 52 80 41 50 103 162 135 38 7 61 138 127 145 123 165 111 15 129 107 55 168 122 122 131 193 100 125 101 132 172 148 136 48 40 107 76 98 98 166 134 111 91 124 99 83 85 125 24 155 31 67 52 83 115 95 84 134 55 43 57 48 45 30 80 115 25 158 90 119 36 144 54 174 95 82 22 27 131 31 15 155 166 39 139 143 40 117 68 136 123 155 70 65 136 89 96 81 95 162 131 31 64 183 48 107 30 99 50 109 68 83 111 144 153 155 131 105 
164 91 165 61 131 80 39 64 81 145 163 15 91 148 26 145 74 94 181 134 128 95 184 157 101 63 71 48 89 15 100 122 70 112 87 128 145 145 20 39 105 158 63 85 127 47 106 118 140 169 145 116 91 128 106 117 103 67 105 111 186 64 55 32 89 167 64 125 129 69 111 176 133 102 98 96 12 71 98 91 107 135 93 94 121 126 169 94 90 122 143 73 84 87 66 143 42 45 197 84 143 128 139 130 34 52 87 88 122 119 55 70 56 117 72 89 121 184 91 134 22 119 139 149 89 183 66 108 
122 99 71 127 74 119 157 123 48 130 100 159 54 12 46 184 66 137 106 36 147 159 79 101 81 96 104 23 62 83 68 122 112 68 98 144 21 126 116 53 22 108 32 51 121 60 161 166 116 118 98 61 77 144 29 76 149 88 173 52 93 120 183 100 102 29 73 198 19 53 120 69 147 166 126 85 131 150 37 152 50 65 89 151 40 65 145 108 105 28 75 151 88 114 84 114 161 51 88 126 129 98 101 77 124 126 69 87 142 102 106 58 74 79 146 163 179 121 78 111 105 67 114 129 124 63 65 35 
93 138 100 66 155 74 137 85 115 24 115 66 41 142 46 143 140 60 140 103 41 62 112 89 107 85 109 102 65 148 106 131 87 98 80 127 48 41 100 115 40 95 29 103 111 111 125 162 195 112 28 122 91 140 166 71 97 174 130 160 60 64 101 115 26 134 96 117 52 3 113 146 124 26 186 81 92 150 94 77 64 110 96 166 116 63 121 184 106 167 129 170 97 122 98 177 53 152 136 198 130 66 105 61 51 117 147 133 140 154 62 105 112 90 96 67 55 108 176 100 152 140 65 125 128 129 136 106 
67 128 73 27 124 66 158 169 43 74 126 21 117 72 80 157 114 138 140 142 75 109 179 88 13 134 135 105 128 85 74 193 128 144 127 80 27 54 105 86 111 126 101 77 96 103 44 143 163 101 70 135 73 105 98 124 110 103 100 81 118 171 172 52 104 97 111 107 145 93 124 49 90 25 137 119 126 99 146 97 130 84 107 143 99 100 94 94 52 129 111 187 84 32 111 141 121 133 73 107 130 85 123 45 61 131 122 162 86 57 63 97 51 68 64 116 42 52 105 123 105 164 124 99 41 94 122 105 
91 76 135 161 35 155 116 124 143 78 58 36 62 157 66 97 101 18 20 102 66 112 154 94 89 53 34 136 50 117 78 100 145 21 48 27 168 112 99 33 87 37 32 139 70 107 82 128 178 65 53 76 145 96 112 64 157 96 99 61 150 41 130 88 168 88 93 44 92 69 171 73 23 138 87 139 77 63 70 104 137 101 141 97 107 86 63 67 74 69 154 64 67 118 153 73 69 60 52 145 81 164 94 126 133 103 49 15 64 74 144 127 60 124 128 78 126 78 165 159 93 135 92 80 112 160 79 159 
154 123 78 107 98 27 128 66 53 28 99 100 121 101 109 146 7 29 123 49 130 84 159 163 101 105 36 19 75 47 187 125 145 126 41 54 112 134 88 117 30 123 171 30 175 169 27 79 87 99 156 63 73 173 100 86 120 117 57 100 49 94 162 137 51 90 28 73 105 194 112 158 113 147 27 144 44 55 42 111 70 120 57 141 108 125 107 78 150 144 110 51 90 150 82 108 30 121 157 71 91 124 142 85 101 69 110 150 148 114 37 29 26 84 85 154 145 101 91 84 47 143 78 55 66 98 149 160 
77 121 177 26 120 62 123 90 108 85 41 117 17 110 89 174 34 131 150 39 158 172 87 109 137 59 132 112 101 36 37 101 20 116 100 105 99 88 140 100 105 47 99 58 82 73 143 139 79 116 94 85 58 114 112 55 68 61 183 86 83 132 78 101 112 89 103 69 113 122 134 89 67 135 129 64 153 82 114 72 171 155 62 153 78 157 72 71 120 74 47 169 117 118 160 120 115 128 32 105 137 105 114 43 115 75 132 127 73 120 49 60 42 86 76 90 51 113 189 174 107 46 108 122 114 131 103 107 
164 144 107 126 111 109 141 78 154 85 108 61 66 7 124 108 194 106 93 152 114 145 124 179 95 28 32 71 56 110 83 132 39 53 115 86 33 117 100 88 97 97 93 101 102 54 97 89 121 124 168 54 84 105 103 135 102 68 30 76 101 91 98 82 151 64 78 23 82 167 105 135 132 110 129 89 89 73 91 111 97 147 187 103 70 183 137 42 88 16 136 36 29 15 48 134 35 58 109 100 113 127 85 98 105 101 56 154 12 61 52 48 137 90 101 185 106 48 159 51 92 122 146 113 132 114 173 85 
100 57 80 128 154 195 148 138 84 89 105 121 150 113 56 38 82 113 122 150 68 104 56 126 85 96 182 95 114 106 123 172 105 22 40 111 87 30 105 97 186 163 171 79 115 33 56 105 78 34 125 149 66 118 107 157 123 106 79 132 50 11 104 152 92 71 64 115 109 117 106 78 157 15 122 183 110 120 27 150 93 97 109 47 142 78 80 175 20 100 167 119 68 73 97 130 115 55 76 38 94 105 144 70 44 72 69 118 67 117 6 97 115 164 56 159 88 91 75 116 136 132 112 15 174 38 168 28 
60 66 96 122 168 116 141 37 123 150 65 78 102 162 123 85 108 90 100 100 33 39 103 122 39 95 119 110 51 76 127 148 158 108 95 126 37 123 47 97 163 36 89 85 33 44 104 148 146 173 90 80 141 121 87 101 113 120 53 141 114 90 138 50 57 117 158 166 19 98 26 52 91 123 118 112 22 50 135 53 52 81 186 141 117 53 101 124 109 19 155 82 48 121 134 102 161 64 146 131 66 101 133 99 116 50 130 85 53 115 36 147 138 97 28 148 77 53 140 57 122 72 80 67 113 36 75 102 
57 20 187 137 80 144 119 92 143 56 55 168 62 166 137 84 142 99 91 73 81 175 163 86 141 92 113 95 97 58 123 136 63 32 29 101 32 171 99 93 171 89 174 114 146 59 64 122 20 120 32 104 126 177 103 69 18 85 76 93 119 63 84 37 70 104 160 32 170 98 113 179 50 179 143 115 13 119 92 16 82 93 174 120 66 27 159 122 76 119 184 75 89 99 126 90 50 53 109 120 61 46 77 159 83 113 83 87 126 76 146 85 184 79 155 101 126 80 149 95 77 177 69 135 96 40 107 72 
107 182 32 81 141 133 125 138 111 138 158 157 147 179 51 74 58 31 40 128 65 94 95 118 79 77 93 123 125 77 86 48 85 51 103 77 139 30 58 101 79 85 114 196 123 127 22 51 116 183 152 131 139 91 64 114 100 80 69 15 52 101 74 25 119 127 194 143 85 95 126 125 81 134 60 111 115 129 149 94 81 133 67 138 152 178 112 110 63 62 104 53 69 161 138 101 81 26 64 110 11 114 109 74 98 47 134 159 122 60 145 124 33 34 153 128 96 184 144 84 38 93 86 116 81 102 108 62 
76 124 51 48 124 117 102 91 34 14 78 179 67 149 141 111 175 77 66 24 104 133 57 41 152 78 155 84 103 36 129 40 127 121 111 96 70 175 82 102 115 33 146 123 84 112 120 60 86 83 176 130 109 44 5 60 149 134 91 27 43 76 121 31 126 66 87 137 147 85 88 79 183 45 79 76 70 119 62 169 115 66 121 119 52 135 41 120 122 96 93 162 52 63 112 157 144 109 143 73 82 113 65 48 143 122 113 74 105 80 162 176 189 84 27 52 88 56 72 138 101 93 107 74 92 58 67 70 
139 91 74 154 83 99 88 59 148 109 129 117 110 100 119 130 58 28 55 87 163 58 59 78 65 76 129 162 17 14 100 107 47 60 111 103 107 169 73 54 33 44 59 127 112 168 42 143 102 92 39 72 129 121 48 121 116 29 125 107 117 136 16 135 89 84 62 72 69 16 104 151 46 69 79 157 76 32 82 67 94 137 130 85 59 89 67 122 165 37 107 165 146 121 34 33 68 102 71 101 42 92 95 147 168 76 106 38 163 140 24 83 74 128 46 44 147 143 101 51 85 95 104 66 34 148 36 82 
12 86 132 122 24 162 123 109 111 96 100 82 155 109 69 132 162 170 112 163 182 156 173 100 23 84 130 164 112 90 163 76 106 161 125 44 82 27 143 97 56 104 64 22 120 42 66 54 22 129 61 159 131 144 185 109 78 111 125 57 108 121 66 154 96 71 76 103 160 147 121 70 125 61 113 76 63 140 50 89 170 163 88 104 127 87 179 116 160 91 111 50 89 175 157 69 72 84 59 73 51 146 94 57 147 19 129 54 178 95 89 22 102 126 52 72 146 135 27 94 90 110 91 103 83 192 138 90 
28 55 109 111 84 46 137 90 47 77 122 196 101 142 118 83 166 119 154 68 131 144 72 117 65 86 135 173 162 67 177 98 118 166 162 143 128 79 139 89 105 148 122 51 60 143 54 6 58 55 72 173 87 182 64 105 105 72 93 85 99 89 149 83 117 101 51 77 21 131 120 62 53 45 73 97 62 34 88 179 168 66 164 90 142 97 173 82 77 45 103 83 129 52 35 78 97 26 27 119 139 91 65 108 82 108 41 168 98 35 119 112 124 131 103 76 72 48 84 62 94 70 157 181 119 151 90 114 
44 129 67 75 77 31 130 69 166 99 151 168 145 105 78 131 54 19 111 153 152 44 99 82 30 46 125 107 85 67 137 98 140 116 195 163 178 87 79 121 78 146 20 116 86 102 22 58 36 148 121 111 91 120 91 96 155 68 158 137 110 89 29 86 59 28 116 92 63 91 118 60 147 146 79 83 146 72 66 92 89 120 159 70 59 43 136 106 15 179 66 149 159 158 144 82 121 151 32 92 45 108 147 85 115 47 75 94 129 71 97 87 177 165 126 99 160 103 200 145 143 181 49 119 134 126 51 43 
136 138 89 120 104 82 126 53 44 176 97 14 125 119 97 70 96 93 65 49 5 165 125 102 64 135 106 118 73 177 73 166 169 118 112 101 65 99 116 124 34 173 120 183 83 92 129 55 148 38 164 86 92 78 75 81 99 65 111 91 66 83 74 24 108 145 133 103 54 79 91 112 119 31 88 132 44 42 168 147 190 105 23 94 88 119 141 73 89 129 106 126 39 40 130 163 101 107 93 75 28 150 144 163 101 101 108 173 86 127 144 138 133 84 177 85 156 51 78 87 103 94 82 151 99 105 131 163 
98 127 166 64 59 121 71 107 98 36 75 98 94 164 91 71 101 37 108 137 160 14 164 173 116 158 107 96 108 87 85 134 145 98 28 70 53 156 94 168 125 90 32 152 176 39 61 72 121 164 162 140 126 138 41 164 116 107 147 85 65 141 19 75 138 142 41 150 149 37 130 56 136 129 104 84 90 35 30 152 142 136 70 125 110 117 135 54 51 57 114 70 173 116 108 129 68 110 69 124 146 104 64 142 122 138 141 43 76 142 70 15 99 193 76 75 136 64 40 113 57 49 162 178 166 92 83 97 
91 110 107 68 86 60 84 136 25 65 57 154 79 149 50 84 75 106 123 40 98 60 83 68 95 70 88 108 29 30 45 111 116 61 122 135 76 63 85 54 149 80 104 131 130 72 159 173 111 86 140 36 66 74 69 120 113 130 81 140 80 98 46 29 53 43 158 126 166 100 68 54 140 109 83 116 23 141 159 77 60 84 148 120 173 141 76 100 45 113 109 57 66 74 100 62 37 95 65 82 116 75 77 169 79 163 20 81 41 132 127 125 86 134 129 121 103 76 60 47 116 44 108 95 83 72 149 187 
114 92 47 82 56 96 164 89 57 96 63 194 71 44 149 145 33 145 156 131 36 149 51 114 130 91 92 183 105 114 24 91 91 77 91 73 145 73 58 84 66 141 126 139 109 129 131 87 91 92 126 66 22 146 84 91 136 100 144 93 22 128 91 65 86 44 56 52 68 71 30 127 164 87 90 104 95 67 100 152 91 133 107 29 131 153 115 149 95 166 103 64 54 64 174 59 115 131 134 57 118 166 75 168 89 122 49 106 143 53 127 19 37 76 93 99 88 164 149 104 120 38 40 138 91 157 52 77 
49 109 81 101 118 51 128 53 134 117 97 130 80 173 92 90 129 112 88 59 165 102 71 12 68 154 22 73 111 193 121 124 128 144 140 105 96 173 114 105 118 121 177 91 44 121 144 182 120 78 138 74 146 40 171 22 175 56 132 97 133 102 58 100 59 93 58 61 132 122 130 105 83 77 13 183 74 74 39 65 58 96 46 71 19 158 97 115 96 58 80 92 134 56 114 147 66 25 150 135 110 70 177 160 145 144 154 133 179 110 93 55 29 144 39 143 129 80 156 128 146 65 133 138 145 106 128 100 
32 139 128 19 157 101 128 154 176 109 49 69 104 162 83 179 67 115 108 15 47 102 76 47 141 118 179 80 84 47 145 99 106 29 166 98 112 100 112 103 107 87 103 64 5 48 185 64 91 75 41 69 84 171 6 110 143 25 56 108 125 149 134 88 106 139 159 136 95 106 94 82 131 60 47 89 36 102 98 110 177 136 170 157 93 104 113 90 98 102 105 56 151 122 133 113 44 55 94 101 105 153 171 95 165 119 105 43 88 83 13 105 168 102 137 90 40 112 125 70 186 179 175 151 40 74 8 89 
73 89 60 81 34 54 59 98 108 92 129 119 136 124 140 73 118 114 80 72 56 104 140 72 111 77 74 69 75 79 144 83 117 76 71 124 64 86 55 135 157 101 69 114 60 121 109 105 96 81 164 120 91 22 110 6 178 95 106 93 80 115 64 131 34 128 37 102 101 97 132 29 147 189 158 26 60 144 49 73 37 147 78 66 82 172 94 115 98 91 102 132 146 110 118 103 163 79 123 96 110 31 161 148 100 68 62 184 72 131 88 108 159 58 109 154 57 52 71 108 98 112 85 92 156 177 79 120 
55 62 177 145 112 69 31 190 99 156 23 100 174 82 145 23 116 176 126 188 115 183 133 175 12 99 87 160 116 95 32 85 103 149 97 110 157 120 68 102 123 113 18 100 149 116 78 105 155 99 116 113 136 175 143 178 180 127 105 94 72 118 53 115 73 117 52 88 123 59 55 99 80 68 106 78 119 94 152 115 132 148 141 126 77 152 140 148 65 115 122 95 140 71 144 118 162 127 64 86 171 43 72 119 181 163 85 150 115 119 185 93 101 88 127 113 56 115 118 139 118 70 159 139 164 111 133 144 
127 37 168 189 92 151 91 54 96 90 83 98 22 69 182 162 82 89 79 138 112 88 123 188 79 176 64 16 77 140 42 125 67 88 174 103 96 117 61 68 106 120 85 80 134 29 111 72 68 65 107 130 100 56 25 95 127 104 162 141 86 65 45 11 171 59 104 114 83 19 77 79 130 78 81 78 107 165 106 104 33 190 98 48 56 54 69 106 65 84 62 113 97 85 54 46 123 107 84 124 160 127 37 96 157 121 130 100 157 181 74 138 57 63 134 62 121 76 35 108 108 103 101 127 89 110 140 142 
122 140 88 125 114 84 122 129 119 83 125 71 137 116 43 112 93 94 77 116 34 143 99 65 153 60 140 102 81 138 111 24 105 173 130 100 99 57 183 30 79 53 76 69 91 125 125 93 158 111 147 81 144 132 56 106 105 162 134 76 123 84 96 83 79 114 43 101 145 75 93 146 58 57 166 114 15 163 71 130 89 41 156 60 81 24 124 115 103 118 59 101 82 82 66 76 146 63 70 35 141 121 39 180 141 68 106 71 25 120 99 95 190 54 131 122 87 61 33 134 157 73 64 100 88 104 43 122 
92 89 133 110 152 133 112 119 86 70 158 104 78 170 63 171 83 88 102 130 100 114 133 161 182 93 83 145 88 151 172 155 111 52 160 81 61 100 86 76 132 141 93 15 27 107 57 85 137 91 85 140 93 97 108 93 94 141 76 28 57 91 144 142 118 101 39 126 145 57 94 169 48 103 197 62 89 89 56 123 116 103 175 76 141 124 29 122 129 128 84 40 128 82 102 95 98 65 115 76 100 48 69 71 171 90 17 86 82 91 63 157 79 130 136 171 56 140 134 110 121 76 72 130 14 63 142 27 
45 16 117 98 166 92 184 175 159 42 126 111 134 65 81 127 178 158 110 120 83 91 116 135 70 121 98 112 123 55 50 31 186 93 60 118 150 49 83 101 50 114 119 52 43 117 108 99 110 66 65 80 22 133 125 80 72 86 123 57 116 94 144 145 76 106 68 72 132 97 183 176 34 119 102 141 168 96 31 133 69 89 70 116 47 152 101 116 196 157 13 46 152 102 70 86 160 112 86 113 126 163 71 170 120 159 90 152 101 136 111 113 39 115 157 114 110 95 44 77 93 85 131 20 115 68 92 102 
94 164 78 10 100 126 67 130 120 135 105 99 135 57 134 121 152 53 28 30 98 103 69 91 115 185 159 84 110 80 84 67 64 120 64 171 41 94 132 91 11 90 63 101 76 136 121 89 89 83 141 98 128 102 149 115 118 65 84 91 94 6 63 126 145 87 61 92 128 118 52 72 88 50 172 113 77 79 99 96 95 121 101 145 131 82 53 114 43 136 140 69 110 109 125 90 130 99 96 128 71 113 89 163 111 113 63 115 144 78 107 110 54 137 112 160 38 30 117 130 101 93 102 52 72 66 138 124 
60 51 146 100 147 54 86 105 95 74 179 54 114 100 70 174 39 31 112 111 78 93 101 138 95 109 67 104 93 61 105 52 55 183 101 172 130 162 78 98 104 138 84 74 121 16 66 149 29 74 19 46 91 58 134 64 53 45 96 144 144 63 134 131 128 169 133 154 66 122 72 56 23 128 99 50 113 121 83 142 42 83 85 67 43 83 106 59 141 90 93 80 40 184 90 124 63 131 113 72 35 45 168 131 97 101 127 34 153 147 41 126 182 122 119 65 153 192 48 35 126 117 110 67 74 107 72 106 
99 82 75 11 175 128 108 102 147 4 58 121 75 20 72 47 109 69 54 86 68 40 135 144 64 148 158 62 41 63 120 83 32 100 115 52 88 137 101 82 152 50 37 25 31 135 154 83 86 24 75 29 65 100 88 131 115 11 83 142 145 126 131 110 65 55 31 120 44 91 67 141 35 35 68 97 59 45 142 95 118 4 165 44 74 81 169 113 184 81 91 114 148 72 151 112 69 108 175 148 77 72 68 65 37 127 121 64 70 63 94 99 118 161 50 88 44 38 116 92 71 65 104 80 79 176 174 22 
114 50 57 101 49 98 100 103 51 34 125 69 148 100 148 92 78 134 64 96 133 138 29 122 111 21 154 74 155 158 136 115 89 102 26 104 168 51 112 151 92 57 70 119 126 89 96 117 59 108 138 53 86 59 106 34 73 171 79 118 76 145 128 65 138 152 104 75 32 53 111 153 125 82 161 94 109 18 60 165 56 71 157 55 161 62 108 110 95 62 72 110 39 49 88 123 151 91 101 199 180 87 59 157 97 109 164 98 71 110 108 148 96 107 147 114 123 134 52 78 156 30 177 57 120 102 31 134 
56 3 97 73 102 185 85 112 61 86 24 146 61 70 100 102 133 155 150 75 66 79 109 160 148 31 9 126 141 106 42 95 167 29 134 97 88 90 89 64 71 117 104 127 66 84 71 101 28 145 142 43 44 93 139 128 117 59 114 101 106 87 169 55 152 36 96 130 44 137 125 87 58 68 108 82 85 164 52 120 61 163 110 79 50 54 141 119 49 26 162 48 84 129 54 104 128 48 112 17 40 131 66 162 161 128 190 143 26 144 54 139 60 80 189 162 62 143 64 150 128 37 145 45 107 77 68 82 
99 139 147 127 112 81 58 29 89 138 82 118 136 119 88 151 104 82 141 61 166 88 55 90 69 55 80 48 78 68 60 84 64 73 96 111 93 28 103 78 64 158 160 194 87 62 76 51 116 133 41 158 56 58 159 37 52 104 43 39 68 61 133 31 104 96 100 51 139 146 120 151 105 57 74 174 173 165 99 38 39 66 132 64 159 28 155 96 22 72 65 51 153 57 118 86 61 72 133 136 119 105 141 82 78 133 81 63 177 165 155 125 90 80 156 149 162 94 91 140 182 39 121 108 112 104 51 139 
38 168 177 125 116 142 94 159 145 148 47 96 96 79 90 125 95 35 57 93 15 75 49 105 136 150 49 43 47 165 67 134 125 198 117 107 44 73 69 23 115 166 32 143 137 72 103 77 92 103 150 126 52 61 136 102 88 114 101 126 72 92 154 120 75 130 51 76 76 122 100 119 14 160 119 135 111 94 83 140 154 88 185 112 143 86 75 71 107 155 24 157 154 82 50 149 67 117 91 43 140 100 110 42 158 82 161 73 105 103 113 101 42 58 147 80 51 118 123 44 12 75 171 84 16 124 98 121 
151 123 183 68 103 35 107 105 144 154 89 135 53 89 182 141 57 174 134 112 95 117 116 63 169 73 66 35 53 85 114 55 129 19 52 145 92 105 113 82 109 19 170 85 147 69 160 21 63 54 149 166 68 132 95 101 123 83 145 145 132 128 66 44 32 44 139 76 108 173 88 116 101 83 95 131 147 112 94 108 163 140 85 159 143 155 77 92 121 142 114 115 158 42 41 55 82 107 175 121 93 90 91 71 18 82 130 64 99 75 90 76 192 124 92 69 167 104 103 59 60 97 120 27 47 75 95 100 
92 129 104 85 111 120 32 95 77 118 37 129 125 175 50 178 180 143 115 110 179 129 53 133 109 33 49 58 116 62 92 43 69 53 3 93 69 194 122 167 117 98 98 95 85 16 147 131 91 79 37 100 71 122 106 97 59 19 75 57 97 118 122 91 53 137 146 122 173 166 50 120 92 124 96 59 64 102 72 11 113 153 90 186 109 85 93 172 65 12 33 143 131 145 32 78 178 112 62 73 132 156 96 116 93 56 130 9 61 70 46 25 40 47 105 128 55 157 90 90 73 104 118 21 104 43 106 49 
154 103 150 46 90 131 161 152 118 114 144 108 93 65 141 151 122 173 142 156 52 126 83 85 97 75 181 100 41 40 85 57 111 120 113 124 171 112 134 105 106 26 113 126 88 104 121 120 118 91 130 68 30 130 94 132 55 77 93 94 183 52 72 67 111 125 120 100 88 50 174 32 138 108 92 103 65 127 111 123 111 27 116 9 47 138 112 86 45 109 142 176 84 143 184 173 61 69 58 116 82 91 15 50 67 64 153 163 50 96 31 106 95 107 155 21 148 87 142 67 89 74 68 79 91 112 42 117 
92 131 57 144 137 162 99 120 101 51 134 113 179 115 123 178 174 53 144 145 147 106 66 113 53 57 113 110 64 124 79 48 176 69 146 49 73 158 89 135 78 52 179 125 79 151 70 62 60 112 56 54 127 105 82 29 99 79 146 169 176 72 56 141 153 87 151 119 116 120 32 162 147 60 22 137 86 77 42 115 92 131 32 95 148 99 119 115 94 113 98 116 70 58 144 128 138 93 143 120 149 89 128 116 200 115 109 80 131 126 13 96 67 21 92 62 92 100 101 77 75 186 109 118 97 111 106 116 
63 108 131 159 149 52 158 147 149 22 136 93 102 66 132 71 128 126 111 149 142 9 135 102 137 35 107 131 29 120 77 45 133 147 124 90 23 113 67 132 157 91 50 81 183 46 125 53 147 119 136 140 164 83 131 147 80 130 58 48 34 88 23 35 125 58 105 14 101 92 138 147 118 94 125 177 105 85 118 116 74 143 99 114 173 178 159 63 114 74 159 127 41 114 57 195 129 138 75 90 111 112 76 114 136 148 40 66 165 69 148 156 59 134 76 23 103 138 124 178 24 125 46 14 89 121 121 91 
182 151 13 40 148 139 65 183 185 163 97 44 159 136 137 101 132 44 89 60 135 134 61 151 92 76 149 168 171 52 38 30 102 166 26 25 138 147 135 110 15 123 179 134 45 69 61 45 146 31 129 109 87 77 60 189 68 78 57 103 119 50 128 35 82 68 57 160 83 124 108 60 94 142 93 70 33 57 80 41 121 144 107 100 123 128 76 113 142 84 156 86 109 68 83 149 79 56 152 30 110 81 131 65 98 64 140 85 72 21 126 99 58 50 166 123 92 145 127 62 135 165 161 40 122 95 104 107 
21 98 90 139 85 14 90 136 95 85 152 176 56 114 149 34 108 33 114 124 100 53 48 102 28 127 71 184 87 153 99 80 98 126 186 137 87 27 129 129 122 118 143 60 79 79 113 73 79 88 104 83 90 13 47 158 106 81 166 197 102 172 99 68 161 108 74 119 95 96 92 22 125 93 108 70 182 24 84 41 23 122 106 87 159 131 72 96 120 65 133 130 135 83 84 94 114 125 78 100 138 81 45 67 107 108 83 162 132 124 173 25 63 110 84 146 74 70 171 65 95 51 44 126 159 141 80 103 
106 56 143 90 70 101 24 98 144 60 34 111 111 106 148 76 160 77 115 71 123 93 151 129 110 137 73 129 192 181 150 115 96 85 81 119 139 144 64 89 183 112 115 111 76 157 76 97 83 132 84 116 104 183 89 26 78 78 114 62 141 113 50 97 94 82 174 135 131 59 103 137 177 70 70 80 47 73 190 117 90 84 179 52 98 89 84 94 39 29 171 123 88 130 21 89 86 145 85 97 126 89 155 185 109 108 75 38 98 92 92 72 10 43 80 99 89 116 99 167 124 107 172 153 66 145 128 163 
64 156 118 138 178 92 58 128 111 38 116 92 146 106 154 98 92 104 96 82 101 66 83 127 162 59 146 152 152 86 45 25 12 131 92 126 77 44 153 89 110 22 13 115 70 76 63 62 146 44 90 23 95 74 36 60 119 107 15 89 168 77 113 59 109 85 173 111 147 64 65 86 105 33 182 47 100 103 38 107 122 114 71 59 169 92 73 25 167 81 72 137 76 86 133 72 127 124 91 146 61 126 194 90 155 126 103 86 96 100 115 94 139 118 63 62 62 71 67 67 131 144 155 170 132 102 194 55 
92 86 117 120 165 144 90 103 107 39 166 139 123 145 95 114 103 133 154 113 121 179 162 6 91 152 129 140 85 26 95 158 71 150 150 99 63 55 82 73 120 50 119 129 119 32 140 34 72 42 35 141 67 74 102 144 94 165 163 89 96 79 121 45 18 164 165 94 112 102 127 77 85 57 24 73 103 162 140 169 119 103 120 143 68 121 148 41 129 124 88 120 54 89 163 32 49 95 85 127 23 73 84 26 90 52 120 81 135 112 124 123 97 75 85 85 87 83 56 94 161 21 114 77 56 88 59 151 
130 177 110 168 33 124 116 74 120 123 99 117 145 158 136 153 34 98 59 82 95 67 108 20 73 122 37 146 112 183 136 90 98 37 94 146 70 42 114 91 27 135 92 149 62 82 50 88 66 168 30 159 100 39 98 49 152 106 71 56 31 99 83 142 60 52 99 83 94 72 111 42 118 80 84 190 38 140 184 148 146 159 97 105 138 87 173 26 147 129 148 92 107 129 113 122 120 142 147 82 62 78 104 186 128 124 132 38 108 79 134 122 92 63 150 156 119 134 118 79 129 128 85 88 56 152 54 92 
76 146 95 195 154 80 67 74 113 113 138 130 110 142 152 84 76 124 106 79 165 82 43 131 175 111 118 137 135 127 97 119 91 152 77 97 104 111 72 111 150 53 16 94 169 67 89 179 92 147 152 77 152 65 110 73 115 104 130 123 133 96 142 95 165 120 38 140 108 11 123 115 116 41 41 117 107 169 148 126 155 134 143 95 40 89 48 143 78 138 182 109 154 86 52 69 117 105 71 153 87 76 39 79 83 71 191 59 45 70 87 187 40 113 21 100 150 62 83 155 133 87 103 115 158 7 63 46 
102 114 97 120 71 105 89 101 50 93 11 118 126 69 172 71 147 151 104 160 49 145 68 158 91 66 98 94 103 60 56 36 107 50 64 130 137 70 171 97 93 52 82 81 115 94 170 168 89 190 142 60 91 58 177 37 132 33 89 116 69 95 42 118 56 61 39 154 163 113 111 92 74 121 23 90 122 119 146 155 78 111 147 126 175 114 70 99 107 55 130 62 163 155 155 119 96 82 144 99 73 55 111 56 50 102 71 131 186 63 108 68 116 131 18 51 130 100 84 89 176 27 171 91 126 109 167 80 
127 70 91 76 133 76 121 133 39 180 147 169 107 60 59 113 132 77 120 41 160 77 31 52 40 149 101 30 55 154 80 144 135 65 110 84 101 120 155 147 97 81 93 133 66 137 163 66 120 105 136 84 133 96 136 147 148 190 41 103 89 121 83 4 71 163 66 88 140 153 27 131 143 144 122 84 114 103 159 134 111 14 153 54 120 184 48 12 51 67 148 125 143 78 49 134 118 144 66 61 148 108 44 115 120 140 105 102 97 147 46 71 106 80 88 94 144 137 86 126 74 82 110 97 75 120 127 69 
117 161 91 36 44 126 112 33 71 137 104 97 141 44 67 133 69 56 94 138 140 109 49 159 126 171 36 75 148 121 134 54 93 89 96 107 141 57 62 187 109 186 174 67 121 130 88 164 159 23 70 148 107 46 170 78 141 98 156 175 70 101 85 165 157 110 132 185 85 90 116 32 99 107 106 179 71 120 97 143 147 153 76 116 160 183 93 63 143 96 132 126 109 55 93 72 82 138 103 112 65 90 108 88 139 89 153 141 93 85 94 53 46 120 128 108 25 90 96 97 74 104 39 122 85 109 131 120 
83 195 150 84 104 149 168 75 123 96 100 15 112 112 78 125 147 128 85 100 196 63 92 134 73 91 118 179 51 16 89 174 94 151 166 143 97 141 153 103 47 141 120 138 119 85 104 90 70 94 125 120 29 71 157 66 126 48 60 76 116 145 67 44 55 79 64 112 159 186 9 95 114 100 87 52 59 143 105 95 126 54 116 134 117 136 81 139 131 87 103 78 83 83 102 81 168 29 66 154 86 48 158 112 85 44 84 17 120 63 75 91 88 58 113 132 172 30 121 137 141 56 51 178 185 76 41 41 
149 90 49 101 91 86 101 91 101 105 109 171 155 133 108 150 13 156 113 143 102 54 51 129 5 51 106 34 118 133 171 95 121 40 116 99 107 108 78 70 142 117 66 152 52 59 127 142 59 88 110 173 131 19 93 82 77 56 81 141 47 131 43 74 161 50 159 143 143 109 47 148 173 123 159 98 169 68 138 40 175 120 160 117 146 78 83 99 140 36 81 169 131 90 137 131 112 79 54 182 109 79 102 68 136 47 130 111 103 70 173 98 121 98 125 133 153 93 150 73 121 81 76 23 146 150 38 94 
54 74 54 88 177 146 156 25 132 125 95 72 108 15 94 130 98 92 145 164 172 157 87 140 152 96 85 100 124 96 94 82 126 65 63 100 86 125 157 183 78 53 27 178 135 89 87 97 43 119 117 141 153 158 104 172 152 54 24 124 152 82 83 81 62 54 28 86 155 85 138 99 178 128 131 89 92 121 87 89 114 184 183 136 78 180 93 191 31 177 100 134 88 51 113 95 110 116 57 89 154 119 103 121 123 87 87 147 104 105 150 169 82 86 152 74 80 109 167 104 95 133 161 118 56 59 44 60 
86 81 62 190 192 72 108 87 169 56 121 44 112 107 79 101 35 134 188 75 71 46 35 121 163 148 110 103 80 56 92 22 169 145 121 94 63 107 72 137 80 101 159 112 41 67 179 173 136 141 135 76 115 97 113 94 140 69 124 29 101 53 106 169 108 141 155 75 77 93 112 119 159 76 72 84 73 148 173 48 70 48 93 81 83 93 188 37 85 132 100 77 128 79 96 156 53 138 174 112 72 65 179 159 161 116 105 149 115 93 78 77 122 180 108 59 127 72 128 62 54 124 108 107 148 88 47 44 
87 37 167 159 91 32 99 121 116 82 46 72 98 77 114 139 61 71 140 94 72 116 63 138 133 36 132 62 111 102 52 27 94 108 184 94 67 78 71 42 175 124 122 110 120 122 116 82 106 73 54 100 149 115 90 115 148 106 115 122 116 114 59 113 110 119 96 71 92 172 86 115 63 113 96 94 25 41 26 143 99 12 63 139 99 191 37 88 93 57 79 100 109 17 79 116 114 100 116 76 18 64 146 125 178 44 100 98 193 136 91 93 134 131 184 75 49 97 97 63 138 58 67 129 22 111 158 77 
64 114 81 95 106 116 156 115 156 43 165 93 148 101 112 37 7 132 43 65 74 82 75 7 72 125 30 76 116 51 67 131 90 105 106 52 74 150 120 88 20 109 76 63 122 165 160 77 15 89 51 45 95 96 98 98 65 65 103 129 196 43 141 184 95 49 22 107 121 65 45 94 114 142 120 39 167 129 147 78 107 51 143 131 140 31 85 93 28 48 94 101 43 74 176 72 65 93 131 14 30 93 81 133 160 142 165 159 78 117 127 42 95 152 85 74 112 72 99 45 74 119 84 129 138 68 71 130 
48 83 107 123 163 7 172 122 114 57 71 66 104 179 151 27 166 109 44 131 93 81 64 91 79 42 65 154 126 68 62 31 122 28 167 129 69 144 74 16 100 19 119 62 96 37 91 45 179 129 57 113 166 58 102 91 115 84 118 128 157 136 90 81 62 26 72 155 142 12 109 113 74 84 65 29 81 124 129 138 55 67 96 87 36 177 132 57 48 28 90 145 125 27 75 132 83 57 125 110 103 158 122 53 161 66 180 141 121 134 155 167 41 125 152 10 98 122 148 109 104 34 54 39 134 37 113 105 
70 119 100 143 124 58 183 194 83 48 91 181 84 61 198 66 106 94 113 95 105 116 58 171 104 116 88 100 97 109 69 15 143 75 129 111 154 110 47 136 167 155 184 104 93 107 111 103 66 106 114 109 103 80 105 102 122 62 59 84 13 140 93 91 72 162 65 24 114 33 142 98 159 156 133 171 72 88 148 182 130 148 132 103 81 100 100 79 94 90 74 44 117 150 76 109 13 166 162 131 64 164 97 125 57 107 95 117 112 130 41 88 77 111 82 67 103 158 40 111 133 167 84 115 67 48 165 91 
141 77 94 99 167 47 67 114 110 166 148 91 78 105 90 25 127 31 80 184 71 111 60 106 126 94 59 108 170 58 96 155 73 151 170 187 64 51 169 36 119 82 75 53 162 165 50 83 149 126 70 57 64 92 56 132 95 113 101 40 46 69 80 114 110 48 51 157 115 143 176 116 127 86 130 123 137 120 92 109 62 125 126 78 169 134 77 100 101 145 44 170 102 75 62 52 39 13 92 126 119 35 145 53 91 188 141 99 60 159 107 127 90 92 71 135 120 91 85 66 166 132 128 56 122 74 107 95 
88 74 86 134 75 102 73 141 68 139 157 74 155 91 197 87 105 40 108 83 48 43 132 38 168 64 132 51 134 22 116 166 84 88 97 84 67 90 117 29 68 48 89 69 52 146 89 129 159 39 173 66 54 134 151 146 140 97 82 128 152 110 40 148 39 84 153 154 158 131 84 70 41 109 135 88 76 54 107 154 163 143 109 83 131 88 128 109 43 125 117 102 30 25 100 190 51 130 60 77 125 43 83 133 134 49 174 33 45 51 171 113 115 89 90 115 128 100 68 135 56 57 55 53 88 140 45 71 
109 20 134 179 178 123 55 114 74 100 145 125 146 84 10 56 79 48 104 132 114 91 127 95 60 117 161 149 99 45 130 39 87 114 122 32 118 150 118 15 73 121 99 161 63 121 175 52 158 40 116 74 64 56 122 110 71 85 82 82 102 109 184 72 49 129 57 82 42 145 143 58 114 68 83 130 86 89 129 86 155 78 55 83 90 51 79 17 74 27 150 75 25 100 31 90 76 150 110 88 79 155 172 172 99 119 59 161 101 180 80 178 61 103 71 132 107 96 100 157 103 113 119 92 108 155 34 93 
153 126 149 90 46 93 81 173 53 46 80 105 149 98 61 129 86 99 133 148 127 88 180 180 55 47 77 15 41 153 158 139 66 84 98 111 153 82 160 48 97 134 126 138 112 34 157 35 144 130 108 100 174 114 133 118 144 54 66 102 70 125 90 151 88 54 118 50 41 32 184 144 57 83 84 21 133 163 113 52 155 49 93 102 137 113 96 79 176 75 76 62 100 31 90 68 22 88 161 16 159 118 101 111 110 150 165 165 86 155 100 57 69 124 32 129 57 138 89 81 102 95 131 151 134 126 120 15 
70 128 53 68 100 128 78 25 75 52 72 109 61 72 53 154 147 73 99 133 106 84 93 75 188 45 62 132 83 90 36 143 143 114 177 141 73 108 120 134 130 102 90 101 157 33 69 78 82 163 129 62 59 147 113 103 118 46 76 95 86 90 124 112 123 104 86 149 55 78 173 128 195 149 94 89 72 32 122 69 119 134 72 81 131 95 156 116 72 132 109 52 190 90 68 80 23 112 111 132 97 103 127 165 127 104 151 107 66 57 108 34 99 62 53 133 26 56 96 97 76 126 97 62 123 89 186 171 
144 84 19 87 169 73 143 161 60 4 118 125 168 148 123 165 146 69 94 80 157 86 91 73 123 186 62 71 32 91 87 40 42 161 53 121 69 30 115 35 115 161 50 81 144 68 72 97 121 101 68 37 115 66 44 163 162 123 146 98 160 130 63 69 151 128 61 67 82 178 61 138 129 79 114 86 127 49 120 117 96 118 82 168 112 110 53 114 65 83 13 39 51 76 22 23 132 83 76 134 138 40 80 79 96 83 174 48 145 125 40 111 67 57 158 85 51 105 146 118 81 105 75 180 101 49 126 94 
81 109 189 110 63 109 122 121 95 41 98 96 142 113 114 58 97 142 132 163 114 140 100 64 39 61 104 33 99 75 57 117 45 51 152 133 60 121 128 58 55 64 53 26 109 102 84 26 151 107 110 95 131 25 55 79 127 107 63 65 112 99 131 108 91 48 72 117 107 112 69 93 138 56 125 145 124 95 142 105 82 144 138 29 79 116 138 100 93 57 166 13 130 150 88 112 83 74 173 50 185 126 102 184 100 134 89 17 52 29 195 129 68 93 138 56 182 66 146 58 115 142 163 87 100 147 82 8 
162 115 130 185 99 103 81 132 116 139 115 82 192 87 47 52 133 114 96 42 111 155 83 164 82 65 71 146 72 31 98 68 197 88 136 73 52 157 32 109 76 146 109 64 143 71 59 27 32 93 69 65 134 150 94 123 64 84 70 115 86 96 113 175 101 112 133 91 175 62 58 143 75 152 78 85 91 85 147 71 144 66 103 66 54 57 174 116 131 125 162 92 60 110 161 111 76 173 186 119 100 104 155 49 115 132 141 61 63 142 126 156 65 108 38 46 54 95 102 134 18 152 69 130 92 106 91 86 
126 129 108 175 44 161 64 61 127 168 111 176 98 79 100 108 163 108 99 126 126 75 105 158 117 60 27 142 104 104 137 136 84 126 198 107 145 71 105 100 38 131 120 110 73 101 73 119 92 75 124 82 57 135 101 96 86 124 35 76 113 128 72 148 199 17 136 43 121 73 116 120 90 30 100 97 146 127 82 153 99 61 112 154 182 89 112 76 14 110 131 126 77 88 16 132 134 50 119 68 24 81 160 92 92 62 98 26 74 179 139 36 104 120 155 145 99 140 123 164 49 79 119 93 21 65 102 174 
135 73 105 126 48 133 106 79 110 90 60 19 119 101 55 87 99 138 125 98 127 106 69 155 142 149 83 96 54 82 167 123 143 129 130 130 81 91 137 113 94 66 61 11 82 42 51 139 45 28 146 116 118 110 105 110 171 160 141 100 126 71 35 77 180 40 119 140 93 132 82 149 111 110 138 126 61 23 62 87 73 148 65 86 109 154 72 18 30 103 64 119 125 79 159 97 138 185 100 24 108 137 18 120 104 56 91 45 133 87 72 118 45 161 76 32 114 127 93 105 28 109 95 179 69 74 59 136 
135 96 118 109 92 52 96 43 95 91 104 77 39 112 130 64 104 105 75 55 99 55 59 116 151 88 95 123 114 146 78 155 128 98 66 85 164 124 105 127 105 101 46 114 113 92 146 91 108 150 104 75 166 70 153 31 43 127 121 48 163 113 45 72 87 131 105 100 90 156 91 89 112 81 81 89 126 73 78 76 55 108 90 48 79 119 65 64 93 158 164 35 43 155 118 103 40 126 104 81 137 162 105 88 40 55 68 170 106 66 32 105 124 15 105 70 126 32 78 89 80 28 100 42 88 146 40 29 
9 76 107 109 154 122 32 68 110 83 83 16 151 39 57 141 17 43 22 149 168 154 112 65 20 117 137 87 52 73 55 70 139 101 105 123 94 142 114 85 144 133 77 109 65 95 94 65 147 144 64 77 75 177 171 161 72 37 39 69 71 89 168 68 59 66 141 110 91 96 15 128 76 131 45 155 194 84 104 39 111 44 108 158 102 103 179 146 81 122 97 145 83 172 101 127 80 102 155 160 18 105 92 123 144 112 98 78 49 31 71 70 84 127 60 110 197 167 69 45 91 46 185 146 66 63 64 125 
98 140 94 39 97 103 59 180 95 161 45 110 66 129 112 66 104 114 116 57 93 7 161 86 99 69 143 120 173 61 66 65 130 77 61 45 126 85 43 98 70 99 159 74 48 147 57 108 85 163 142 169 168 160 95 148 119 96 180 71 170 163 131 65 157 162 82 42 71 116 50 116 114 65 67 185 90 26 186 79 56 115 88 112 68 121 159 125 133 53 125 53 133 172 111 165 79 184 49 92 120 88 123 56 180 157 22 94 114 127 144 87 83 123 40 67 136 86 157 12 82 46 68 180 86 107 29 100 
75 144 157 151 99 87 44 183 29 50 128 70 91 74 155 95 123 86 110 129 137 123 111 104 115 41 39 42 57 140 82 136 34 124 51 61 133 101 115 105 44 116 83 98 143 168 147 82 115 101 122 79 89 145 165 100 181 157 141 171 120 111 97 37 97 161 78 158 18 93 67 200 136 98 107 109 155 90 128 83 50 120 139 85 136 123 161 178 160 161 57 91 134 99 110 127 96 100 115 92 104 40 144 180 110 81 65 103 155 101 78 95 114 79 87 93 108 87 103 174 19 163 102 123 87 68 28 94 
67 142 149 130 168 86 61 110 93 114 103 26 144 122 59 78 131 141 176 57 61 32 165 146 84 121 73 169 75 93 147 89 52 126 117 131 103 69 75 101 72 50 113 47 122 76 19 108 47 101 138 163 122 144 119 68 163 121 68 90 159 113 101 127 109 128 133 82 82 56 64 115 148 64 108 108 126 52 124 71 102 140 89 44 47 87 116 44 142 66 107 188 49 119 150 104 83 134 132 62 56 55 112 157 81 188 164 23 114 69 54 93 147 56 145 89 105 83 127 24 10 122 57 86 109 64 93 155 
157 17 109 107 155 157 108 133 81 108 36 67 57 95 186 49 121 89 109 127 109 91 162 41 117 72 87 159 101 58 109 96 87 69 147 122 49 110 132 56 69 130 83 134 113 106 129 41 75 108 141 20 49 154 105 62 85 130 106 17 90 63 127 121 164 190 81 161 130 130 153 109 40 140 83 75 103 120 132 191 71 105 153 84 130 87 105 100 165 180 95 141 174 59 165 151 174 89 141 98 91 68 98 22 65 164 128 24 80 103 86 151 113 168 80 76 196 64 100 106 161 134 163 34 122 103 100 88 
108 81 73 94 53 80 148 24 114 51 129 85 131 79 141 104 57 77 50 128 28 67 41 77 94 131 87 79 116 166 94 81 88 87 133 162 15 150 127 154 118 85 87 159 74 38 54 168 94 173 43 81 106 133 43 184 150 100 71 86 152 115 34 64 98 143 63 73 64 9 163 80 66 85 162 38 86 81 38 59 131 102 141 17 111 147 149 98 159 141 117 99 33 161 165 107 48 17 61 26 45 170 78 94 103 23 24 114 121 139 56 86 152 75 180 110 155 68 138 142 79 120 98 46 63 154 113 124 
118 20 62 166 13 70 13 69 53 62 133 76 31 162 91 86 85 192 68 135 106 131 76 156 148 130 66 88 50 102 161 95 122 142 140 86 64 148 73 12 67 53 126 122 105 163 178 98 129 86 76 41 143 179 88 72 115 157 25 82 101 144 153 70 71 26 177 105 99 61 50 131 165 72 132 98 96 135 108 45 186 97 93 120 103 104 115 193 78 121 112 60 45 101 86 66 145 52 63 74 133 106 49 114 155 114 80 121 188 117 12 159 111 66 47 88 67 49 102 124 69 110 108 105 141 102 171 120 
119 75 24 18 61 76 157 79 39 159 114 168 39 131 62 7 116 107 120 139 161 78 149 126 134 113 71 128 105 47 178 162 119 102 154 57 74 114 120 61 117 115 76 60 80 140 95 35 71 127 142 132 53 110 83 131 119 181 120 91 136 78 147 63 110 144 165 103 75 70 96 126 69 21 124 92 100 112 79 70 63 147 85 63 70 105 93 136 117 134 130 159 51 180 155 57 125 29 142 179 87 66 31 127 101 69 103 139 117 64 108 153 84 65 119 75 117 54 97 139 87 45 136 65 112 176 119 100 
58 145 33 117 159 36 160 52 133 69 112 102 76 59 100 163 38 62 21 128 99 122 122 11 96 85 160 108 106 137 128 131 55 106 62 63 144 37 49 52 6 36 146 145 162 24 89 119 97 144 70 127 127 93 13 88 185 74 99 63 111 107 41 94 108 54 155 113 90 46 31 13 148 126 173 92 115 124 134 87 108 46 94 75 173 150 78 91 127 155 41 107 171 80 100 108 40 195 126 139 72 32 71 144 78 54 86 56 12 108 194 108 114 44 115 102 70 96 168 152 85 115 179 123 112 71 125 51 
88 28 120 60 49 100 99 142 159 131 113 155 172 135 164 193 117 140 138 97 33 102 100 32 170 39 112 126 42 15 157 31 70 58 105 97 127 29 60 48 97 147 85 124 176 83 22 112 87 138 15 125 19 55 105 108 93 138 95 157 113 110 126 99 148 139 125 101 76 25 106 96 156 99 25 72 94 123 122 187 68 71 53 91 98 169 77 93 42 167 88 127 113 178 57 34 111 129 156 36 118 105 70 87 95 93 151 86 159 153 108 18 92 85 141 131 97 119 180 123 151 157 37 106 73 148 35 82 
111 53 52 104 87 116 103 106 107 81 96 110 162 111 64 82 130 129 118 129 130 154 129 159 79 171 56 127 115 91 108 64 56 74 112 51 60 26 42 137 115 138 184 33 189 74 102 124 177 133 99 86 37 29 168 159 101 57 190 79 39 54 182 118 96 60 90 42 192 40 95 67 59 58 63 10 139 97 92 40 116 106 46 88 121 82 122 134 95 41 77 90 115 61 69 99 67 68 65 104 45 124 84 83 114 147 113 152 111 84 114 92 50 25 96 29 86 91 70 134 17 94 156 128 99 84 51 81 
82 85 88 94 45 163 138 86 87 60 105 172 99 95 47 87 64 26 80 122 24 14 128 90 150 94 63 108 110 115 178 183 117 79 90 68 124 84 86 90 164 97 79 34 84 128 126 131 165 84 193 134 76 144 102 58 88 63 54 130 115 137 122 161 107 80 80 58 124 47 107 21 134 50 110 43 118 75 63 113 131 80 120 58 98 86 180 131 152 125 111 92 89 103 124 62 57 93 108 120 161 15 127 123 79 56 168 75 66 65 44 85 25 48 58 84 121 136 48 115 97 101 52 34 77 67 6 94 
98 27 106 45 33 112 130 126 137 107 40 131 138 56 56 71 163 159 56 166 137 108 115 92 73 86 122 158 78 108 42 48 72 146 96 64 128 85 76 101 56 28 155 153 27 46 52 103 126 177 76 129 93 39 137 109 127 134 131 136 157 112 119 50 147 189 156 147 92 105 155 92 76 166 84 80 63 85 150 21 18 88 128 113 125 152 108 184 85 152 82 71 90 71 32 53 158 138 38 155 76 105 60 40 87 145 80 180 47 119 115 141 96 58 96 91 43 147 83 25 74 50 95 115 154 117 192 24 
87 69 126 101 70 57 56 108 100 131 122 120 84 107 133 65 111 45 97 44 116 121 60 140 145 151 102 134 71 180 149 107 89 163 67 116 78 154 90 185 159 148 101 128 52 44 72 76 99 85 75 121 99 143 90 154 113 62 122 171 114 160 65 88 114 162 149 80 69 128 21 62 23 123 146 99 62 85 156 100 51 94 108 132 133 74 59 75 74 10 67 135 115 132 129 133 85 56 46 145 32 70 110 67 93 89 76 110 88 75 102 131 29 84 91 54 132 149 199 148 103 97 87 117 91 77 120 45 
87 123 105 92 93 117 149 98 106 169 68 82 84 173 102 101 131 63 145 116 161 163 65 80 51 61 67 30 130 56 90 30 121 179 55 42 126 145 51 106 88 77 126 96 88 147 146 72 160 156 136 103 88 129 40 57 56 121 87 56 110 38 153 44 123 62 162 51 167 55 148 92 103 92 74 89 62 87 119 150 130 144 25 172 153 80 127 49 112 98 103 120 128 107 57 26 51 182 54 99 114 126 197 136 108 105 196 155 67 117 70 97 86 121 43 132 78 139 80 66 72 29 33 119 93 8 67 92 
127 67 108 174 124 30 18 128 123 96 96 78 80 120 62 12 109 120 122 119 109 167 50 103 97 36 86 71 139 134 63 99 184 121 108 52 78 101 113 48 91 53 80 184 56 143 135 48 103 51 64 76 164 80 112 52 115 76 61 140 95 30 192 38 134 143 94 118 104 157 87 100 138 145 70 116 71 83 134 62 100 137 90 30 93 109 72 97 72 122 158 91 100 96 138 56 105 66 95 140 127 32 167 86 87 83 64 68 49 54 96 119 91 136 147 149 139 54 119 130 139 96 158 82 130 125 56 131 
139 99 52 93 124 96 29 127 103 97 82 125 134 97 32 82 92 44 88 196 88 165 82 61 130 6 102 83 72 120 93 50 91 78 176 105 165 91 189 159 75 140 149 144 72 101 27 84 200 78 40 60 149 156 125 71 118 35 33 134 44 117 48 116 52 64 91 123 103 90 142 101 124 127 171 99 67 56 118 83 84 86 96 121 150 167 128 97 99 148 40 85 68 100 89 96 146 146 102 123 93 78 69 157 103 127 100 138 102 97 168 180 70 48 83 199 80 119 104 55 52 87 70 46 71 147 154 60 
58 108 60 97 18 50 108 104 149 123 128 63 116 74 157 121 64 173 73 185 146 164 88 116 89 110 100 66 100 123 181 109 134 111 100 123 159 84 174 51 116 57 95 84 138 51 94 62 145 87 113 47 104 128 70 108 139 108 134 110 77 130 35 92 78 150 140 44 59 90 67 77 178 62 65 167 67 94 79 155 89 126 97 137 73 104 62 63 45 109 111 66 135 157 81 97 118 58 134 164 105 89 45 12 174 24 106 142 124 139 152 123 134 115 25 148 66 130 55 88 46 90 101 101 102 93 112 79 
92 131 91 38 85 101 155 112 119 52 128 118 104 107 70 58 71 152 35 133 111 104 144 69 32 82 56 123 71 90 110 68 22 105 152 105 93 47 107 92 136 122 77 38 101 85 90 94 143 103 57 116 120 146 186 98 118 108 157 121 93 101 126 71 156 128 182 12 60 73 89 75 24 135 95 124 131 161 129 133 176 74 74 141 121 95 54 138 74 104 133 166 56 103 102 76 81 115 18 49 28 80 91 82 19 10 161 79 69 87 85 151 17 97 74 103 72 139 52 46 168 60 86 103 187 116 46 83 
139 110 37 40 144 114 62 108 95 49 139 127 15 58 121 97 146 110 140 36 116 57 147 87 90 72 145 125 23 138 34 83 119 67 140 164 135 143 46 122 132 72 177 93 93 95 110 70 181 94 49 44 38 65 179 112 70 103 73 76 85 93 117 65 30 37 39 75 97 104 74 186 125 165 51 107 144 21 128 87 27 82 104 56 81 133 124 58 119 34 167 132 57 113 95 126 105 142 152 79 109 28 46 46 163 122 134 120 110 45 115 157 94 101 50 97 29 96 87 90 60 24 45 160 22 93 136 113 
170 114 181 150 168 69 104 110 92 105 101 89 76 103 42 98 162 118 110 147 141 109 102 59 109 182 169 57 161 110 80 111 139 114 65 124 92 78 108 146 112 80 69 86 107 104 91 157 49 82 162 108 40 133 175 85 159 101 64 72 131 102 110 104 177 145 121 171 120 118 68 109 46 161 44 172 155 114 85 103 171 110 39 51 76 161 108 67 84 54 84 128 55 119 131 97 75 163 69 119 95 100 185 68 102 57 163 98 108 136 179 37 156 52 95 87 33 158 70 101 86 45 132 140 103 41 98 86 
40 71 101 169 164 63 105 171 58 160 150 116 42 146 40 131 121 124 117 37 67 105 126 116 86 129 43 94 71 111 11 144 149 129 125 99 80 55 122 113 15 67 135 116 74 66 103 181 119 151 178 95 138 138 151 92 139 127 100 130 20 52 67 80 57 45 108 84 27 21 79 118 14 40 126 153 170 77 88 115 91 97 122 178 23 118 107 129 129 39 115 56 53 92 151 62 180 87 130 93 179 42 146 180 123 86 34 46 105 65 123 106 128 34 115 117 119 82 46 101 103 160 140 124 170 30 65 91 
76 62 94 85 96 59 97 121 53 149 119 191 73 93 87 130 129 109 144 47 99 39 91 118 156 98 94 49 66 126 96 153 89 124 128 41 112 66 114 132 174 113 96 81 92 34 83 119 134 99 166 83 91 145 40 156 164 89 88 14 115 72 74 79 120 107 112 16 47 104 91 97 89 122 159 66 132 56 56 158 126 75 85 185 146 56 148 22 138 134 67 122 88 108 134 123 101 100 92 21 69 88 66 86 87 109 122 63 141 112 112 73 99 77 154 91 93 130 71 102 187 22 103 170 178 117 123 194 
121 124 136 21 147 67 167 64 150 170 170 41 122 75 93 74 167 188 89 141 111 74 127 143 32 79 97 110 132 110 117 155 183 63 129 94 160 98 131 114 38 36 40 102 58 148 192 151 126 105 92 72 157 106 74 177 111 110 104 63 68 66 107 176 102 77 104 124 75 43 112 111 121 95 141 145 102 88 152 7 109 120 109 76 150 59 88 111 68 37 48 74 140 155 126 89 49 147 106 65 74 146 63 107 68 64 103 154 102 176 71 148 84 67 117 77 8 125 147 93 116 93 41 30 117 24 62 99 
87 89 150 133 158 126 165 149 140 108 90 80 128 98 168 59 72 178 93 70 112 179 96 99 81 80 59 33 30 55 170 131 66 65 136 122 79 149 103 173 168 75 107 108 67 36 138 90 51 131 83 149 52 128 8 79 133 140 43 142 92 138 72 174 31 68 51 98 95 106 42 106 121 104 80 128 194 59 54 63 167 127 131 41 38 44 47 158 71 113 165 107 45 34 120 186 126 82 91 102 59 40 64 29 28 93 100 113 171 119 125 35 51 6 192 120 67 56 154 112 46 136 98 65 123 62 130 142 
109 102 35 103 146 140 76 154 109 96 69 137 50 35 50 51 100 63 31 162 112 73 107 179 130 69 45 84 141 30 51 105 108 35 106 105 159 160 107 85 28 102 72 62 70 82 90 114 43 163 97 187 77 100 89 120 144 142 122 27 102 124 106 22 134 82 139 121 100 49 117 116 91 107 103 163 55 151 92 46 80 69 120 41 94 60 44 77 130 105 91 95 71 93 15 171 94 8 86 174 136 29 125 100 94 155 88 124 120 100 51 82 81 94 24 45 92 131 60 79 83 113 86 91 194 99 142 56 