16
15 89 19 98 91 19 43 61 47 26 37 96 22 3 69 75 
9 22 19 64 58 21 87 5 21 66 37 84 77 98 39 7 
38 41 90 59 31 41 13 32 48 31 52 76 60 41 31 2 
74 40 20 18 8 81 15 69 80 97 96 45 49 11 25 61 
56 100 5 56 78 94 72 18 19 40 70 3 18 69 66 6 
20 20 84 34 49 72 49 77 50 94 6 5 36 96 86 51 
58 92 98 46 95 46 79 18 15 13 4 11 7 58 2 82 
14 10 92 65 13 28 96 32 96 76 47 53 8 20 51 76 
75 53 46 11 41 76 87 75 54 87 71 60 42 68 83 62 
42 66 68 71 56 42 77 36 98 26 30 73 37 45 32 4 
23 55 55 36 63 90 56 12 26 6 49 24 57 23 31 76 
80 76 88 95 64 42 71 66 82 10 57 48 100 25 22 24 
30 36 89 4 61 47 45 2 84 94 12 65 40 35 89 78 
91 87 91 72 6 88 1 87 10 41 45 74 75 10 17 78 
99 75 10 56 48 83 4 6 99 87 98 67 89 67 77 62 
37 29 82 94 53 66 64 86 87 76 8 63 31 42 17 74 
128 149 78 103 138 85 116 148 45 161 145 112 124 64 27 110 
149 102 99 135 143 140 178 26 83 149 35 116 78 74 34 90 
78 99 100 62 120 49 138 130 88 45 150 181 109 132 101 57 
103 135 62 16 31 92 87 133 140 52 78 177 24 84 177 96 
138 143 120 31 132 45 45 73 100 81 104 76 115 97 51 107 
85 140 49 92 45 168 64 174 160 162 117 154 93 55 64 95 
116 178 138 87 45 64 12 120 23 87 105 47 112 114 106 76 
148 26 130 133 73 174 120 8 130 91 116 82 114 35 70 119 
45 83 88 140 100 160 23 130 140 146 124 107 117 35 153 96 
161 149 45 52 81 162 87 91 146 86 162 55 96 56 115 119 
145 35 150 78 104 117 105 116 124 162 98 69 169 83 107 101 
112 116 181 177 76 154 47 82 107 55 69 162 10 89 98 96 
124 78 109 24 115 93 112 114 117 96 169 10 10 119 95 119 
64 74 132 84 97 55 114 35 35 56 83 89 119 12 159 128 
27 34 101 177 51 64 106 70 153 115 107 98 95 159 118 168 
110 90 57 96 107 95 76 119 96 119 101 96 119 128 168 166 