128
10 6 10 7 6 5 2 7 4 9 8 1 6 5 8 10 7 3 2 10 4 4 9 9 4 1 3 1 8 5 1 6 9 4 5 9 3 7 2 9 2 3 3 4 9 10 2 8 6 1 1 7 6 9 3 4 2 3 8 9 6 3 1 6 6 10 10 2 10 8 9 7 8 6 8 8 10 5 7 9 9 10 2 6 1 4 1 10 10 4 2 10 10 2 8 1 7 1 6 9 3 7 5 4 4 6 4 3 7 2 6 8 3 3 7 8 1 1 5 8 9 2 3 9 6 8 5 7 
6 6 7 10 7 9 3 9 9 6 4 1 1 6 5 7 8 10 10 1 8 4 9 9 5 6 3 6 1 1 2 1 7 1 10 6 9 1 2 8 10 6 7 8 1 2 10 3 3 7 5 10 4 9 4 4 2 8 2 6 3 9 2 10 9 2 2 2 8 9 7 1 9 6 8 5 8 8 5 3 10 10 2 2 9 9 3 5 7 9 7 10 7 4 7 2 5 8 7 4 1 7 4 7 2 8 9 2 5 5 3 1 4 7 4 6 3 3 2 9 3 1 1 8 7 6 9 9 
3 4 1 3 4 5 1 2 5 8 5 1 3 8 4 10 6 2 3 4 9 6 6 10 1 8 5 7 7 8 3 5 10 8 2 7 2 2 3 3 8 1 4 4 7 9 6 9 3 3 3 6 10 5 4 3 10 9 8 8 1 4 7 4 3 10 4 3 6 5 4 5 3 6 10 1 7 9 1 2 5 8 1 4 7 7 9 9 4 4 5 3 3 10 4 8 5 6 9 1 3 10 6 1 6 10 3 10 3 2 9 5 9 1 7 5 9 3 6 10 1 3 4 4 1 5 10 8 
3 5 5 9 8 3 2 9 9 7 4 3 10 2 3 5 2 4 5 5 1 8 9 7 10 10 1 3 7 6 2 8 5 10 7 4 4 3 5 9 6 3 8 6 10 6 3 6 9 6 2 2 10 10 7 2 5 7 7 10 6 3 6 8 10 7 7 7 4 3 7 5 9 6 5 6 9 8 9 1 2 5 5 2 5 3 7 3 5 2 8 10 3 5 4 4 10 10 5 3 4 10 5 1 5 8 8 4 10 5 4 3 4 4 1 9 5 1 5 3 2 6 1 7 6 5 6 6 
5 7 8 5 4 4 5 5 7 1 3 4 1 1 5 6 3 7 7 2 6 9 3 2 8 5 7 1 8 4 1 8 3 8 7 8 5 10 5 8 9 6 7 9 1 6 10 4 5 3 6 2 7 8 3 6 7 7 8 4 2 1 10 10 8 1 6 3 8 6 1 6 6 8 2 6 6 3 8 7 10 10 3 9 5 4 5 1 4 1 10 3 3 1 4 2 6 10 9 10 7 7 6 8 10 4 6 7 5 8 8 5 1 9 5 9 9 1 5 8 4 2 8 4 2 8 1 5 
1 5 6 5 5 5 1 7 7 8 3 7 7 2 1 7 3 6 6 2 2 1 2 4 2 3 2 10 5 4 3 6 5 9 2 2 9 8 10 8 2 1 1 8 10 1 9 1 8 10 7 4 1 2 3 5 2 1 4 1 7 6 7 10 8 6 6 9 1 5 10 1 8 7 10 2 9 8 1 10 1 5 9 7 2 9 9 10 2 10 10 9 10 6 4 4 6 5 7 8 7 3 2 8 10 3 5 7 8 2 8 8 8 4 4 9 8 7 1 3 9 6 8 6 10 4 10 5 
3 3 4 1 8 2 4 2 9 2 1 8 5 7 4 2 5 1 7 8 8 7 10 10 1 2 3 10 9 2 4 4 10 1 6 8 8 10 7 2 8 1 6 4 6 8 7 2 4 7 5 4 1 10 9 5 10 5 7 9 9 6 5 5 2 1 4 4 8 1 7 2 1 9 3 3 4 4 4 7 1 6 6 5 5 4 8 8 1 8 3 5 5 2 8 10 10 2 6 7 1 4 5 6 2 2 6 2 1 5 9 3 7 5 6 6 7 7 5 10 2 5 3 2 10 2 2 7 
1 7 1 4 6 1 8 10 1 6 1 2 7 10 10 9 4 1 4 7 6 3 3 1 5 2 9 3 3 6 9 4 3 8 1 7 1 2 7 6 1 4 3 4 8 10 6 2 8 2 2 4 1 1 8 8 2 6 4 8 8 2 2 3 1 3 8 4 7 5 7 2 1 9 9 4 6 4 2 7 9 9 3 8 1 9 2 3 4 3 1 6 6 5 8 1 1 10 1 6 9 7 7 3 10 5 2 2 6 4 4 2 5 7 7 10 10 5 9 10 9 1 5 3 5 9 5 5 
1 2 8 10 1 8 9 2 2 7 6 7 6 8 6 6 9 9 10 3 7 10 5 10 10 5 6 3 6 4 2 9 8 4 9 8 3 10 9 9 4 6 4 2 7 5 1 6 1 9 9 4 1 10 4 5 6 1 3 7 8 6 4 3 4 1 4 9 3 1 6 5 2 9 1 2 7 2 4 8 6 7 6 3 6 10 2 3 10 6 3 6 2 2 2 8 10 9 5 5 7 7 8 8 6 6 9 7 6 6 5 9 6 2 2 5 4 4 4 1 3 10 6 7 5 4 9 7 
5 10 10 7 9 3 2 3 4 5 5 5 4 7 3 2 2 6 9 1 10 6 10 3 6 2 1 8 4 2 5 7 9 1 10 9 3 3 1 2 1 8 5 5 5 1 7 1 5 4 5 9 9 1 2 9 9 4 2 2 8 9 5 1 9 3 1 10 10 3 2 4 10 9 3 7 4 4 7 7 1 6 10 6 5 7 5 7 3 5 1 6 4 3 2 8 1 4 4 5 8 1 1 2 9 8 7 3 2 6 10 4 2 4 1 7 10 7 3 6 3 9 4 3 4 2 6 10 
6 6 4 1 9 10 6 9 4 10 3 7 4 2 6 2 9 5 7 5 5 6 8 10 10 6 4 9 3 4 5 5 10 4 2 2 1 8 5 1 9 2 6 6 2 3 4 2 7 7 4 5 5 7 5 3 2 5 1 9 8 1 6 5 2 10 4 6 8 1 8 10 5 2 7 8 3 5 4 4 1 5 2 8 10 8 9 7 9 9 5 3 8 4 5 8 3 2 10 1 5 8 5 10 7 3 6 10 6 8 10 2 6 2 7 6 4 9 3 1 9 6 1 2 1 3 3 2 
10 8 3 4 1 1 7 5 1 8 5 8 5 7 3 4 9 3 10 6 4 10 5 1 9 8 3 10 5 2 4 7 3 4 6 9 4 6 5 8 5 1 7 5 8 5 1 2 3 6 1 2 2 5 8 8 8 9 6 7 5 7 10 4 9 6 8 10 1 6 3 8 6 9 1 9 10 10 1 4 10 4 9 9 7 8 4 10 9 4 1 3 7 3 1 2 7 7 10 3 5 10 8 5 4 9 10 1 6 8 7 1 2 4 6 10 7 5 8 2 3 9 7 3 9 7 9 9 
9 3 10 5 9 5 2 6 1 4 2 8 2 6 3 5 3 7 3 2 8 5 3 2 4 8 6 9 6 7 1 10 10 9 8 10 7 10 1 5 1 8 5 6 6 1 6 7 10 1 2 3 5 2 5 10 8 10 9 2 1 4 5 6 9 8 10 3 7 10 1 3 2 6 3 7 9 10 4 9 4 4 9 6 4 2 2 3 3 4 2 1 2 7 1 2 2 2 7 8 3 6 8 7 1 6 9 5 8 5 3 6 3 2 8 5 6 4 8 1 5 2 8 9 10 7 4 9 
2 6 6 7 10 5 2 9 2 7 6 7 2 2 7 4 5 4 7 2 9 9 2 9 7 7 9 1 10 2 8 4 2 2 7 9 3 8 5 8 4 2 3 2 8 6 6 10 10 2 9 7 10 6 6 7 5 6 7 9 5 10 7 9 10 4 6 4 8 10 4 6 3 5 1 4 8 8 10 9 2 10 9 8 3 7 6 4 8 10 8 10 1 2 3 6 6 4 7 5 1 6 10 7 8 1 5 6 7 1 8 10 3 9 3 4 2 3 7 7 2 2 4 4 6 6 7 6 
7 5 5 5 8 8 5 5 5 9 5 10 5 5 3 9 2 4 1 4 4 5 10 8 10 4 8 3 10 8 2 5 7 1 7 8 7 4 5 2 10 4 7 4 3 6 6 4 5 8 5 2 10 6 1 7 4 8 4 2 2 10 7 7 8 4 6 5 9 1 10 6 5 4 8 8 2 4 7 4 10 3 6 6 7 9 7 7 2 9 8 10 10 5 3 7 7 10 7 6 7 1 5 10 3 4 10 8 5 6 7 8 7 8 2 5 10 8 5 10 2 1 1 4 2 4 8 2 
3 7 5 1 9 6 10 1 4 1 2 1 8 2 7 1 4 5 10 5 1 9 9 1 5 7 1 1 1 7 9 10 6 5 8 1 9 9 3 4 10 7 10 3 7 6 4 6 3 5 3 5 5 4 6 6 7 4 6 3 7 10 8 5 1 3 6 6 6 5 9 3 6 7 2 9 4 10 8 1 2 7 10 10 10 10 9 4 5 6 1 10 9 3 5 9 3 9 2 6 4 2 10 10 3 1 10 6 1 4 7 4 3 7 9 9 6 5 5 5 1 8 5 10 7 4 9 1 
1 7 4 9 5 1 3 9 3 1 5 9 1 7 7 6 5 1 7 9 10 1 3 3 9 4 5 5 2 10 8 7 6 2 10 3 4 8 10 4 10 1 5 1 10 6 3 5 1 8 7 1 10 3 6 9 6 9 5 4 3 9 5 8 10 7 1 4 3 3 5 6 4 5 5 5 5 3 2 5 3 1 6 2 6 6 10 6 1 1 6 6 7 8 5 7 1 4 9 7 1 2 3 3 7 4 7 1 3 4 7 6 6 5 1 4 2 6 4 3 5 4 7 3 5 10 3 1 
2 2 6 8 7 7 5 5 2 3 8 8 9 4 8 4 5 5 5 1 9 9 7 9 8 1 5 9 3 1 1 2 5 3 4 9 10 3 8 8 1 2 9 8 3 9 3 6 9 7 5 1 5 1 8 7 3 4 10 6 6 10 3 9 10 1 5 8 8 3 5 10 6 2 7 6 10 1 8 2 6 5 10 9 1 3 4 3 3 5 8 1 6 3 3 4 5 7 6 7 3 9 3 3 2 4 8 7 7 8 10 1 4 4 2 3 1 2 2 2 1 2 3 3 7 10 2 3 
6 7 4 5 2 7 1 1 4 3 4 1 5 5 1 9 10 7 4 2 2 3 6 9 9 2 6 3 5 10 6 7 4 5 4 10 6 7 8 6 5 7 7 2 8 2 10 3 10 8 10 10 7 4 9 2 5 8 10 3 1 9 8 7 2 7 8 2 7 10 6 6 2 5 8 6 10 6 5 6 7 9 8 4 3 9 4 10 2 6 5 2 3 10 2 1 4 5 10 4 4 9 8 9 10 5 10 2 2 4 5 6 4 10 3 5 1 7 9 8 9 9 3 1 5 2 10 7 
5 4 1 1 7 4 9 10 2 3 7 7 9 6 7 2 10 5 7 8 9 1 3 7 3 4 2 6 6 3 4 7 7 2 7 10 6 10 3 6 8 1 9 6 8 5 4 1 10 1 8 5 4 8 9 10 10 9 7 10 6 7 3 5 6 4 10 3 3 4 6 6 6 10 4 4 9 9 3 9 4 10 1 1 4 6 1 8 3 3 3 1 1 9 5 8 2 9 9 8 6 5 7 3 2 1 2 6 9 5 5 2 1 6 10 4 4 1 8 10 6 4 10 2 1 2 4 6 
8 5 5 8 3 3 7 9 2 2 1 1 4 6 10 5 8 1 10 10 4 10 3 6 5 1 7 9 10 3 5 8 8 2 7 5 5 7 7 6 7 8 8 5 8 10 9 8 8 2 9 1 9 4 3 8 9 10 3 2 8 9 9 2 6 10 8 10 10 6 9 10 2 7 8 7 6 6 3 1 2 7 9 7 8 6 9 3 7 4 8 6 8 6 4 8 10 10 2 9 6 8 9 5 8 9 4 2 3 3 5 1 10 7 1 8 5 4 3 7 8 2 10 7 7 9 7 2 
4 8 8 4 9 10 8 8 6 10 8 1 10 1 10 9 4 8 7 9 9 6 5 10 10 9 6 10 3 1 10 4 2 8 9 5 10 10 10 2 1 7 4 9 2 4 4 5 6 8 7 6 3 2 10 5 6 10 2 3 2 3 10 10 9 4 10 8 7 5 10 8 2 4 2 6 4 8 10 1 9 7 4 2 2 2 2 2 1 6 6 4 3 1 7 3 5 4 9 3 6 4 2 5 9 8 4 10 7 10 10 6 9 1 4 3 10 10 8 1 4 5 10 4 1 4 3 2 
6 5 3 9 4 1 4 4 8 3 10 4 9 1 8 4 5 5 3 1 4 2 10 9 5 10 2 8 5 10 3 3 8 9 5 10 7 2 9 7 9 2 1 3 4 7 5 5 4 5 3 3 4 6 9 8 5 10 6 6 8 1 7 5 6 6 3 6 1 10 2 3 10 8 2 8 9 3 8 2 5 3 2 3 6 6 8 5 6 2 8 10 3 3 5 1 7 4 9 10 9 2 8 6 10 10 2 5 3 5 5 4 6 10 10 3 4 3 9 3 5 9 2 9 7 5 5 6 
4 3 8 1 9 8 4 3 3 8 5 1 8 2 2 5 1 3 3 1 7 3 9 4 8 3 2 2 4 4 5 10 4 5 8 2 6 10 3 1 8 3 1 5 9 7 1 2 3 3 7 10 2 4 7 2 2 7 2 9 10 6 10 4 2 1 2 5 4 8 2 6 4 2 4 7 8 3 6 10 8 3 5 1 9 7 5 1 1 4 3 1 4 4 2 7 3 3 4 5 4 1 3 1 6 10 5 9 7 5 10 2 3 1 10 1 1 1 9 2 5 2 8 8 9 5 7 7 
5 3 3 10 10 1 9 6 10 8 1 10 4 1 7 5 3 4 5 4 4 6 4 1 9 3 8 2 4 7 1 3 10 9 3 8 2 9 2 7 5 1 6 6 4 3 7 9 10 1 4 8 10 3 3 8 1 9 4 1 1 1 8 3 2 10 10 4 1 8 7 8 6 1 2 8 10 6 6 10 9 7 2 2 7 3 8 8 2 1 5 9 2 6 1 3 7 1 7 7 9 10 4 2 7 6 10 3 5 5 5 2 8 4 8 9 1 4 9 7 3 8 3 3 8 6 3 7 
1 3 8 8 3 1 8 4 3 6 6 8 7 9 2 6 3 5 4 10 9 1 9 1 2 3 10 8 4 10 2 10 4 9 10 4 6 8 8 6 6 10 6 6 1 8 5 8 4 5 9 3 8 8 6 2 4 2 7 9 10 7 9 9 8 5 6 1 10 3 6 1 10 8 5 2 1 2 3 1 3 1 4 4 1 8 6 7 9 10 10 8 6 9 8 3 10 9 9 1 8 3 3 9 7 3 10 4 9 8 1 1 10 7 8 10 4 9 1 5 7 1 6 9 9 3 9 8 
1 4 7 5 9 2 3 1 6 7 4 4 6 10 4 7 10 8 10 2 9 5 6 6 1 3 8 6 2 10 2 8 6 6 5 7 7 10 8 4 8 3 4 8 7 2 6 5 3 2 3 8 9 8 3 2 6 6 6 7 10 9 10 6 5 3 3 5 7 6 1 9 1 2 7 3 8 4 9 10 10 7 2 6 1 4 8 10 7 6 3 3 4 5 8 6 2 2 7 7 7 1 8 3 9 3 5 3 5 9 4 1 2 7 2 5 8 9 5 7 7 2 5 10 7 3 6 3 
10 3 2 2 1 3 1 5 2 5 9 3 7 4 4 8 1 3 6 1 3 1 1 10 7 6 7 1 9 10 3 7 4 1 8 7 6 4 2 10 9 10 10 4 4 6 9 7 1 5 6 10 8 8 6 2 1 9 4 9 5 9 10 7 10 7 3 3 2 9 9 2 9 1 6 6 1 1 4 9 8 5 7 10 3 8 7 7 2 1 6 9 4 8 3 1 5 2 4 8 2 7 5 7 9 9 7 2 1 10 2 10 9 10 2 2 7 3 2 9 2 8 2 4 1 6 1 5 
7 10 3 2 5 8 10 7 3 4 10 3 5 8 6 2 8 10 1 5 10 5 8 5 9 2 6 5 10 6 6 4 5 9 9 10 4 5 10 4 4 3 10 4 6 8 9 5 4 6 3 3 8 10 6 10 8 3 2 1 8 5 10 3 4 9 3 2 1 9 8 8 7 2 2 5 10 2 2 10 3 9 4 7 4 5 10 6 5 3 9 6 8 7 1 6 10 8 6 1 6 5 5 3 4 4 4 6 10 8 2 3 7 3 10 4 2 10 6 9 3 1 4 10 8 5 8 4 
7 3 4 2 3 1 4 2 3 6 2 9 1 9 9 7 10 5 6 6 8 6 2 9 2 7 10 6 5 6 6 9 3 2 8 1 10 1 8 7 3 6 9 9 4 10 9 1 3 10 3 6 3 3 10 1 7 7 3 3 7 8 3 5 7 4 10 9 10 8 2 8 10 7 1 2 3 6 5 6 3 5 7 7 3 3 4 8 4 1 4 5 7 8 5 1 3 9 4 10 1 7 1 3 5 1 10 2 2 9 6 10 5 8 3 1 1 4 2 6 2 5 10 6 1 9 9 1 
9 6 9 5 2 4 5 7 5 6 7 3 7 3 9 5 1 8 2 8 10 5 6 7 9 6 5 4 1 6 5 7 3 8 1 8 7 9 1 4 5 7 7 3 1 5 4 7 5 7 2 10 5 9 3 3 5 2 7 2 6 4 3 3 4 9 3 5 9 6 5 1 10 5 4 1 6 10 8 2 3 9 4 10 10 6 9 3 9 4 3 3 7 5 3 2 8 4 7 9 6 4 9 10 1 6 10 9 8 3 10 5 8 4 9 1 2 10 5 1 4 5 6 9 10 2 4 8 
6 1 3 1 3 1 8 2 5 6 2 10 6 1 10 10 5 6 6 8 2 7 5 2 3 7 4 4 5 10 8 2 9 6 2 2 3 3 8 7 8 10 8 8 2 8 2 1 9 2 10 1 2 2 4 9 10 10 6 7 5 4 2 10 7 3 5 2 3 9 1 3 2 7 2 1 1 10 4 8 9 4 4 4 2 2 1 4 6 2 5 10 6 3 2 3 3 8 5 10 6 6 10 6 10 2 2 9 3 5 5 3 2 1 9 3 10 10 7 6 1 10 4 5 6 10 4 3 
3 5 2 8 3 9 4 4 9 2 9 8 5 5 3 10 9 7 7 10 8 5 5 6 5 10 1 9 8 7 1 10 7 8 8 6 7 4 9 4 1 10 4 6 10 6 5 2 7 9 2 8 7 8 3 5 8 3 3 5 5 1 9 5 4 1 7 8 8 6 8 3 5 1 2 10 8 7 5 8 3 2 2 9 9 1 4 7 1 3 2 3 6 9 6 4 3 8 8 10 9 7 7 10 9 1 2 7 5 9 5 4 6 3 3 8 1 2 7 6 1 6 8 6 3 2 7 8 
1 9 10 1 9 1 8 8 6 6 3 10 10 4 2 3 9 3 1 2 2 4 8 1 10 7 1 4 7 6 9 5 1 7 9 9 10 6 5 9 6 5 9 8 2 2 9 5 8 9 3 6 6 9 7 10 1 7 6 3 2 4 3 5 10 3 5 10 9 4 2 7 10 3 5 5 7 3 10 10 9 7 10 3 3 8 7 10 6 8 1 8 7 8 6 6 8 9 2 2 4 5 6 7 8 9 1 3 8 2 9 4 1 10 5 3 3 2 9 5 2 9 10 2 6 4 8 7 
1 8 4 9 1 5 6 5 10 6 5 6 7 6 10 4 1 9 1 3 7 4 4 9 9 4 7 7 10 7 1 8 9 10 1 6 1 4 3 9 2 2 2 8 2 6 7 3 9 8 2 6 1 7 2 9 9 6 5 3 6 5 2 8 7 2 2 9 8 9 3 4 5 2 10 2 3 3 5 2 8 7 6 5 10 10 2 10 7 9 7 1 4 8 3 8 6 7 7 9 9 10 8 7 10 6 7 8 10 9 6 7 2 8 9 6 7 4 6 7 7 2 6 8 6 8 6 8 
1 2 10 8 8 6 6 7 8 8 10 5 8 2 9 4 8 9 4 6 7 3 4 4 3 1 2 2 2 6 2 8 3 5 4 8 10 5 3 5 1 4 9 8 8 4 7 8 1 2 6 7 7 9 2 4 9 8 3 4 5 4 4 3 1 2 4 2 3 8 4 4 9 6 2 4 6 5 10 9 10 7 8 5 2 1 5 4 9 8 8 8 4 4 10 7 7 4 2 8 6 2 3 10 10 5 1 10 7 1 1 5 8 4 5 8 9 8 5 10 6 2 7 6 2 4 6 8 
6 10 7 2 8 5 8 4 10 2 9 3 6 2 7 5 6 10 9 5 7 6 3 7 1 9 5 8 1 6 9 2 5 5 10 5 2 10 3 4 4 6 9 4 5 2 6 9 4 10 2 4 4 7 6 6 5 8 3 9 7 2 10 4 5 6 7 2 8 10 10 10 7 2 3 3 4 3 1 8 1 7 7 4 5 9 7 2 7 4 8 4 7 8 7 4 1 5 9 4 5 3 4 6 3 2 5 9 5 4 10 4 3 9 2 3 7 1 9 10 4 8 8 8 4 9 9 3 
2 8 6 6 4 4 8 5 6 10 9 6 6 8 6 3 10 5 8 8 1 9 2 5 4 10 7 6 5 6 10 5 3 3 3 6 8 1 7 3 2 10 9 2 4 8 7 4 4 3 1 1 10 2 8 6 7 2 9 1 5 4 8 1 10 9 2 2 10 5 8 3 5 1 7 10 9 10 2 10 5 9 1 4 6 3 5 8 6 8 2 1 9 4 7 7 9 6 1 6 2 4 8 6 5 2 3 4 8 6 7 4 3 4 3 6 8 1 8 1 9 9 10 1 5 5 8 2 
10 9 9 4 1 4 1 6 5 3 8 4 9 8 1 6 9 1 5 10 2 10 8 10 6 9 1 1 2 4 1 9 6 4 3 2 8 8 2 2 1 3 10 5 5 2 9 10 1 9 9 5 3 5 6 5 5 1 2 7 10 2 9 5 3 8 4 7 3 10 5 6 9 2 5 3 5 10 6 10 8 4 10 5 3 1 9 10 8 7 5 8 7 2 9 4 6 7 10 2 9 6 1 5 1 4 8 9 6 4 3 7 8 10 1 10 4 10 6 6 5 8 6 3 3 3 7 9 
2 5 6 4 1 4 3 3 1 3 7 8 6 10 4 6 4 8 4 4 2 3 4 5 9 6 9 10 6 3 10 10 4 1 9 7 7 6 4 3 2 2 2 1 5 6 1 3 8 8 8 10 1 6 7 10 3 9 7 8 8 8 6 6 8 7 9 9 10 7 3 1 10 4 3 1 7 6 2 10 9 6 1 7 4 6 9 2 3 3 4 3 9 7 7 10 6 7 7 5 9 4 3 6 2 4 5 3 4 4 4 8 6 5 5 6 7 6 1 5 10 3 10 9 8 2 10 5 
9 7 4 1 9 7 6 5 3 1 1 9 3 9 3 3 1 6 8 6 7 7 3 10 2 3 2 8 2 5 1 9 10 3 6 5 9 5 5 8 9 5 7 6 4 9 4 8 4 2 10 8 9 10 6 5 7 3 2 10 5 3 8 10 3 5 6 4 4 9 9 2 4 5 3 6 2 6 2 1 3 3 5 10 1 2 1 10 4 10 2 2 1 10 2 5 6 1 3 10 3 9 6 4 9 2 2 9 9 2 9 3 5 7 2 10 6 1 2 1 2 1 2 9 10 2 10 2 
1 5 7 5 10 7 10 1 6 2 10 1 8 5 3 7 4 8 2 9 6 3 2 8 4 1 5 7 10 1 6 9 5 4 4 10 7 8 10 8 7 7 9 5 9 1 8 5 3 8 5 2 4 1 1 1 3 1 1 5 9 8 9 3 6 8 10 9 5 7 2 8 1 6 4 2 3 9 10 6 6 10 7 1 5 4 6 10 8 2 8 6 2 5 5 7 8 8 10 8 10 6 4 7 1 4 1 10 2 10 7 7 4 9 3 7 4 7 8 5 5 4 4 7 6 10 5 1 
8 5 10 1 5 5 2 10 2 3 5 3 6 4 4 8 4 4 3 5 8 7 9 1 7 6 1 1 8 4 5 9 9 2 5 1 4 3 3 7 10 10 1 6 1 5 7 9 4 5 3 4 10 7 1 5 8 4 5 1 4 5 5 7 8 10 8 7 10 7 6 10 6 1 6 7 3 9 3 9 6 6 2 4 2 4 8 1 10 5 1 2 5 2 4 5 2 2 2 7 3 4 7 1 10 10 2 9 5 7 9 10 9 10 6 3 3 4 5 7 4 9 8 7 10 10 8 8 
6 2 7 9 7 6 4 3 2 10 3 6 2 10 5 4 8 10 9 8 4 1 5 1 9 4 2 6 8 10 10 10 4 6 4 7 4 6 7 3 6 3 3 10 5 1 3 9 5 4 2 1 10 8 6 5 1 9 9 1 1 2 4 3 8 6 8 5 2 1 5 2 6 1 4 9 9 5 8 9 10 3 6 6 5 5 10 2 4 1 2 8 6 8 7 7 7 6 3 7 4 4 1 5 10 4 8 8 9 7 7 5 4 3 5 8 8 7 3 7 5 3 3 4 3 7 6 8 
9 5 6 2 1 10 6 1 5 4 9 4 5 9 10 7 8 8 10 1 9 1 1 5 2 1 4 5 3 2 1 2 1 8 1 1 3 4 10 6 7 1 3 1 8 10 6 4 10 7 9 1 5 7 2 3 6 4 1 9 5 10 10 5 1 3 2 8 9 10 8 5 9 3 2 2 4 8 3 9 5 9 9 9 1 1 9 6 10 2 1 4 4 4 8 5 1 2 3 4 3 9 2 7 2 3 7 5 6 10 7 7 10 7 10 10 6 3 6 5 4 8 6 1 10 7 5 6 
10 1 9 5 6 8 4 9 5 4 6 7 2 2 1 4 7 7 6 5 4 7 2 6 3 5 4 1 8 3 5 5 10 5 1 7 8 9 2 7 2 9 4 2 4 1 2 4 5 7 5 6 10 2 6 3 9 10 4 4 1 7 3 8 6 10 2 9 6 7 6 6 9 2 7 3 2 7 8 10 7 4 9 4 8 6 6 6 8 4 2 7 7 5 2 5 3 2 5 3 4 4 1 2 1 2 7 5 8 8 10 3 8 2 3 7 10 4 1 3 10 9 4 1 9 2 1 8 
8 1 3 10 3 10 6 9 6 9 5 9 10 4 8 5 6 8 2 9 4 6 1 10 8 9 9 5 1 5 2 4 6 1 4 4 3 5 6 10 7 9 6 10 5 9 3 4 4 7 3 5 6 6 8 5 4 1 8 2 3 2 3 8 1 1 3 9 5 1 1 10 8 9 10 1 6 4 8 5 7 4 4 3 6 4 5 6 10 4 4 5 3 1 6 9 4 10 8 6 4 8 5 7 1 9 10 1 8 1 10 2 5 2 10 10 10 2 9 7 9 5 1 9 4 3 8 4 
1 9 8 5 2 1 1 10 5 9 8 10 10 7 10 6 9 4 5 4 4 10 8 8 9 7 2 9 8 6 6 4 7 4 4 1 8 7 6 3 5 10 5 7 4 10 1 1 8 4 5 10 4 5 10 8 5 9 10 1 1 1 9 10 3 6 9 10 8 4 5 6 3 3 1 7 4 4 3 7 1 8 5 10 5 7 4 5 8 3 8 6 7 8 9 10 8 4 2 6 8 1 1 9 5 8 7 2 2 4 1 7 8 6 8 2 4 6 1 4 8 2 7 7 2 9 1 5 
8 5 1 2 8 5 8 10 8 9 7 5 2 6 7 3 1 5 3 8 10 2 7 7 8 9 2 10 1 9 8 7 4 10 10 8 8 3 3 4 7 6 4 5 10 2 8 8 10 5 5 3 7 4 5 10 10 6 4 5 2 3 8 4 7 8 4 10 3 6 9 2 10 3 2 1 5 9 3 7 7 5 6 9 8 7 7 9 4 7 1 2 1 7 5 6 5 1 5 10 1 1 5 5 9 6 6 5 9 7 8 1 2 4 7 3 2 6 1 1 1 10 8 9 7 10 7 1 
8 1 2 4 9 8 3 4 3 7 10 1 6 2 3 3 7 3 5 1 8 3 10 7 10 9 6 7 8 6 1 3 10 3 5 6 1 3 1 8 4 3 8 5 6 3 5 10 10 2 6 3 1 7 8 3 6 5 9 1 10 8 6 8 2 4 9 10 9 7 7 2 7 4 6 3 9 7 5 10 4 3 1 4 8 9 1 7 1 7 4 4 6 7 1 9 1 2 9 5 2 2 7 1 9 7 3 6 3 7 8 9 4 10 2 10 2 1 9 2 2 7 7 4 1 7 4 9 
6 4 3 9 9 9 5 8 8 10 6 10 6 1 5 7 9 6 3 2 3 7 9 7 10 4 9 2 9 3 8 6 4 5 1 3 5 9 2 4 2 4 6 1 10 7 8 2 4 5 6 8 9 2 5 3 1 8 8 2 8 8 10 3 10 7 8 2 8 5 2 4 2 1 9 3 3 1 8 1 1 6 7 1 6 10 8 8 9 7 3 3 4 10 2 2 8 1 7 3 2 9 9 2 1 5 2 3 8 8 10 7 9 6 3 10 5 3 7 3 7 9 6 2 10 9 1 4 
7 3 2 10 1 2 2 1 7 8 3 7 6 3 6 6 1 9 2 8 9 4 4 10 9 4 2 2 1 9 2 9 8 6 1 10 6 9 5 6 10 7 9 6 8 3 6 8 6 6 1 7 9 6 8 2 3 9 1 10 1 5 3 1 8 3 1 6 1 8 9 8 8 7 1 6 2 3 3 4 4 6 3 7 5 10 3 6 7 2 2 6 1 5 2 6 6 9 3 7 5 9 8 9 9 1 9 1 6 9 4 5 8 9 3 8 1 3 5 4 1 3 9 3 7 2 5 3 
3 10 6 5 3 6 2 2 9 1 1 1 1 9 3 7 10 10 3 5 10 10 3 2 2 4 9 4 9 5 5 9 5 9 4 1 1 5 5 1 8 4 3 4 6 2 4 6 1 4 6 5 10 5 2 7 1 1 6 6 7 8 7 8 7 9 8 3 4 7 5 4 8 3 10 2 1 6 4 6 2 7 8 10 3 10 7 10 5 7 10 2 4 9 6 5 7 5 5 2 5 8 10 8 1 1 4 7 8 9 8 1 3 4 2 7 6 8 1 6 8 10 8 6 9 8 5 4 
5 8 9 4 7 3 8 7 8 5 2 3 4 9 6 2 3 7 1 2 4 5 2 8 2 3 9 10 7 9 10 7 5 9 1 9 2 10 2 9 10 5 7 5 10 1 10 4 10 5 1 7 10 10 7 2 9 10 8 5 9 4 4 5 4 10 3 6 10 10 7 3 1 8 10 10 4 7 8 1 9 9 7 8 2 10 7 3 1 10 1 8 1 2 4 8 2 7 7 2 9 2 8 6 4 3 8 1 3 1 9 1 7 10 2 5 2 9 7 3 2 10 8 2 2 3 5 1 
7 1 6 2 2 1 9 9 9 1 4 1 7 3 8 4 5 5 5 4 1 9 2 2 9 5 3 9 7 3 4 6 6 3 9 1 8 6 9 9 4 3 9 3 3 3 4 3 7 7 3 1 7 7 1 8 5 6 8 1 7 1 4 3 8 7 4 1 4 6 8 3 5 5 8 2 1 5 8 3 6 5 10 6 7 2 4 10 5 10 9 6 9 4 6 3 1 8 1 6 2 9 1 3 6 7 5 10 4 10 8 7 4 4 4 2 8 8 3 3 3 10 3 9 2 1 2 10 
10 5 7 5 2 6 6 3 8 1 3 1 2 8 6 8 8 5 2 9 4 8 8 5 5 9 1 4 2 10 6 8 10 6 10 4 5 6 9 5 2 3 10 4 6 7 2 4 10 7 8 9 4 1 2 5 1 6 7 3 7 6 5 7 4 9 5 8 1 4 3 6 8 8 8 1 5 8 6 9 5 7 9 6 2 4 3 4 4 4 10 2 1 10 6 7 6 2 8 2 3 6 4 7 8 5 8 10 8 2 2 2 6 6 5 5 5 5 4 6 8 8 4 6 4 5 2 4 
6 10 7 3 10 5 3 5 3 3 8 2 2 5 8 4 1 9 3 5 4 3 6 6 6 9 3 1 2 2 4 7 3 8 4 8 8 1 9 3 5 9 4 9 6 8 9 3 9 9 7 7 6 3 5 2 10 9 9 9 6 10 10 3 9 8 5 5 9 1 2 6 3 1 7 8 3 9 8 4 1 5 8 3 1 2 2 6 8 6 9 6 10 6 8 3 3 6 10 2 3 7 4 7 10 6 10 2 8 8 1 4 4 2 7 5 6 4 1 6 4 10 3 7 4 8 8 10 
1 2 8 9 10 6 4 9 4 4 4 1 9 1 4 3 10 6 5 7 6 1 5 9 3 3 5 7 7 1 4 7 3 3 2 9 10 3 9 1 10 3 5 5 6 1 10 5 5 5 8 7 4 9 3 7 2 2 8 5 6 8 4 4 3 10 4 10 3 4 7 7 9 5 1 4 5 9 9 10 9 8 2 4 1 1 5 1 8 1 3 4 1 10 3 2 8 1 6 2 3 1 9 7 4 7 3 1 5 3 10 1 1 9 8 9 10 3 5 5 3 8 4 9 2 1 5 3 
10 4 6 4 4 9 3 8 5 6 8 4 1 9 10 9 5 7 2 8 5 5 1 6 9 2 3 4 7 6 5 5 7 5 7 10 7 9 5 5 9 5 6 7 4 2 2 3 10 8 7 9 8 1 4 3 6 1 3 5 1 6 9 7 3 3 5 1 6 3 6 5 2 7 2 7 7 5 10 4 8 3 5 8 4 8 6 4 2 5 8 9 3 3 7 10 8 4 5 10 4 7 4 8 3 8 1 4 7 10 8 6 7 8 5 9 4 8 5 3 1 7 7 3 10 6 1 6 
9 5 10 7 3 10 5 6 10 3 7 10 3 9 9 1 3 9 5 9 3 8 8 9 10 6 7 10 4 7 10 10 6 9 2 3 10 7 4 4 8 3 9 1 3 10 9 8 2 8 9 4 7 5 9 8 4 7 9 8 6 4 5 4 4 2 9 9 7 5 6 10 8 7 7 5 10 10 1 5 4 8 10 7 6 3 6 7 10 4 5 7 10 1 9 10 8 5 8 2 7 3 6 9 6 2 4 2 8 9 10 1 1 3 3 7 6 6 9 5 5 3 4 4 4 4 10 1 
8 6 8 6 5 2 9 4 1 6 5 7 2 9 9 2 3 7 8 2 2 4 6 1 6 9 6 3 4 8 6 8 2 3 7 2 6 3 2 10 1 4 5 5 10 5 2 6 1 10 3 4 4 5 1 8 2 10 6 7 6 1 2 9 3 3 3 7 10 10 8 10 8 4 8 2 4 9 10 9 5 5 10 5 6 10 5 1 7 4 1 8 7 10 9 8 9 1 5 2 2 7 10 9 7 9 4 6 5 5 3 4 1 10 10 2 7 10 2 6 10 5 4 7 2 3 1 3 
8 4 4 6 1 3 2 3 3 9 9 9 8 7 8 3 3 9 5 2 8 1 3 5 6 10 9 10 5 10 8 1 8 7 7 9 3 8 8 8 5 9 10 2 5 2 6 5 3 1 5 4 8 4 7 9 3 10 9 8 2 1 6 2 1 4 8 4 9 4 1 5 3 10 9 6 9 6 2 7 7 7 7 10 4 4 5 2 5 8 1 4 9 10 8 8 10 2 3 10 1 9 8 2 9 5 1 1 6 8 7 9 2 5 4 9 8 4 4 3 9 10 4 8 7 6 4 5 
10 5 9 4 1 2 3 10 6 4 5 7 8 3 1 6 4 2 6 3 8 8 10 1 7 1 1 10 3 3 4 8 2 7 1 1 7 10 8 10 1 9 6 9 4 2 9 10 4 1 8 5 4 1 10 6 2 6 6 3 5 10 10 10 8 8 5 3 9 1 10 5 7 3 6 1 1 1 7 8 4 8 5 3 5 7 9 4 6 1 5 9 1 10 8 7 7 7 5 5 7 8 6 7 10 6 4 5 5 2 3 6 6 3 5 7 4 7 9 4 3 7 4 7 6 5 5 2 
5 10 6 7 4 3 1 7 2 8 5 2 3 2 3 8 4 10 9 3 10 8 3 7 9 8 1 9 10 6 4 5 6 5 4 2 9 7 1 6 6 9 9 4 9 9 8 6 10 8 9 9 6 5 3 7 2 4 6 10 3 8 7 2 2 2 3 5 2 4 7 7 10 9 1 3 5 1 9 4 3 7 4 3 8 5 4 2 10 7 7 1 1 1 10 9 8 6 6 8 4 8 3 3 8 3 5 4 7 1 6 2 3 10 2 6 1 2 7 9 7 4 3 9 5 4 5 2 
2 1 4 1 5 8 6 4 4 6 1 6 5 1 4 2 4 5 7 5 3 7 3 9 2 5 9 8 5 5 5 7 10 4 2 6 4 6 3 1 4 8 10 5 5 1 9 4 1 7 1 9 5 9 2 3 1 2 2 8 4 8 3 10 3 1 7 8 1 3 5 8 5 7 9 5 7 8 10 3 6 9 9 1 6 4 9 8 4 7 2 1 7 2 9 2 1 2 3 4 3 10 7 2 6 5 5 1 9 4 1 6 8 6 5 2 8 10 4 2 5 2 4 1 9 5 7 8 
3 2 4 1 8 8 6 10 5 7 7 7 5 4 4 3 2 7 1 10 7 8 1 10 6 1 10 6 4 3 10 8 9 2 2 2 1 8 5 3 1 4 6 4 8 3 10 1 5 8 7 1 7 9 4 9 9 8 6 1 2 1 2 5 9 3 3 2 6 10 9 1 7 1 2 1 4 7 4 3 3 3 8 6 7 3 6 8 5 10 5 4 7 6 5 9 6 10 10 1 2 2 8 2 2 3 7 6 6 1 7 4 6 6 4 9 10 7 6 9 6 9 3 1 2 9 9 8 
10 8 3 3 5 2 3 10 6 5 2 6 10 7 9 7 8 9 10 2 4 8 10 5 10 8 10 9 10 8 3 3 7 4 1 8 10 3 6 10 3 6 9 9 4 7 4 4 10 3 9 9 6 2 2 6 4 7 7 5 10 5 5 1 6 4 9 2 8 1 1 6 5 5 8 2 10 8 3 5 9 9 7 2 3 6 5 10 10 9 8 4 8 3 8 9 8 1 10 7 10 4 8 6 3 1 1 4 2 8 8 1 10 10 7 2 2 3 10 5 5 8 7 6 7 1 8 10 
7 1 4 2 3 8 7 4 10 7 2 4 1 5 7 6 8 6 6 6 10 1 4 6 3 10 5 3 5 7 6 3 1 1 2 7 7 10 2 9 8 8 3 3 6 4 3 2 5 8 5 4 6 3 5 6 4 2 2 4 8 9 9 1 6 9 4 5 6 10 9 6 9 10 2 8 2 8 4 6 1 9 1 5 10 9 5 3 2 3 9 2 1 10 7 5 5 4 5 3 10 2 5 8 1 6 6 7 6 5 6 9 6 2 6 5 6 5 3 2 7 2 4 5 3 4 1 2 
2 1 2 2 10 9 7 2 2 7 2 3 9 6 5 5 8 4 4 2 5 6 9 4 8 1 3 1 1 6 5 4 3 7 3 8 7 10 8 2 1 7 6 6 1 1 5 8 10 9 1 8 4 8 8 10 6 10 9 2 4 3 9 1 2 7 9 9 8 8 7 5 7 4 2 2 9 5 1 8 4 3 1 2 3 4 8 1 1 4 10 4 3 7 7 8 4 7 7 2 7 2 8 10 4 10 9 6 10 5 5 10 1 4 9 4 2 8 3 5 5 1 2 9 1 3 8 5 
10 8 4 2 2 8 9 9 10 1 9 5 7 9 8 10 7 7 9 5 6 4 8 9 1 3 1 2 3 2 3 4 9 7 2 8 8 8 1 9 1 10 4 2 1 10 7 6 4 9 4 3 10 10 4 10 8 9 1 9 10 2 6 5 7 5 5 1 7 9 1 10 5 7 3 4 10 3 7 4 5 7 7 3 10 2 6 8 7 1 7 10 10 7 1 8 10 5 2 1 2 2 10 8 2 9 7 9 5 6 9 3 1 4 5 7 4 9 5 5 6 3 6 1 10 9 10 7 
2 3 9 10 3 10 2 9 3 8 3 5 4 10 3 4 4 3 3 7 6 9 5 5 10 10 2 7 3 5 3 6 4 10 2 3 7 9 1 3 6 6 3 1 1 6 9 6 3 4 9 10 1 9 7 7 2 2 10 1 2 5 3 6 4 7 3 1 3 2 6 7 1 1 2 8 4 8 4 4 8 2 10 10 4 9 10 6 6 5 4 5 1 9 9 8 1 3 3 1 1 3 4 2 7 7 3 6 6 4 5 3 2 9 6 8 6 10 3 1 4 7 6 7 1 10 1 2 
1 8 9 9 9 1 1 1 9 9 2 4 6 4 9 10 8 1 4 6 7 6 7 9 9 1 8 9 4 9 3 8 6 9 8 3 6 9 1 1 7 3 4 3 1 3 7 10 1 5 6 3 5 10 5 10 3 1 3 6 10 6 8 4 6 8 7 7 5 9 5 5 5 8 3 1 5 10 6 9 5 7 5 7 9 8 8 8 2 10 3 9 9 5 7 7 9 2 3 9 8 3 3 10 10 2 7 5 4 5 5 3 10 1 4 1 5 8 4 8 4 4 7 1 8 3 6 8 
1 4 7 6 5 1 3 7 6 6 7 3 1 6 3 4 6 2 7 10 8 7 8 2 2 8 10 6 7 9 1 5 9 6 1 6 3 10 4 1 1 6 2 8 10 8 10 2 5 7 2 6 8 5 6 1 9 3 4 6 5 2 5 9 6 8 1 7 7 2 7 3 7 2 2 5 7 9 1 8 4 5 4 5 10 10 8 2 7 2 9 5 7 7 9 7 1 3 8 3 9 9 5 9 9 7 7 8 9 10 6 5 5 7 4 8 5 5 3 7 5 9 5 8 1 3 1 2 
3 9 7 8 10 9 2 3 9 1 5 3 2 10 9 3 6 1 8 10 10 1 9 1 4 1 1 3 7 5 6 9 9 8 8 2 3 4 3 10 1 1 4 10 1 9 2 4 3 6 3 6 3 2 6 9 9 1 2 4 9 10 1 6 5 8 5 2 9 6 3 4 6 6 4 10 3 6 8 2 4 3 7 3 2 6 4 4 9 3 7 2 7 1 8 9 2 3 8 9 6 3 1 4 8 2 4 2 5 5 2 3 9 2 5 1 8 8 6 1 3 7 6 3 2 3 7 4 
3 5 8 8 4 3 1 8 2 8 1 3 10 3 8 7 3 5 8 3 5 3 6 8 2 10 10 2 4 10 4 3 5 10 7 6 5 8 1 2 2 8 5 3 9 10 4 10 4 5 10 3 2 8 2 7 5 2 2 3 10 2 9 3 7 3 1 2 7 2 1 3 6 7 6 2 6 3 3 6 2 2 4 1 3 4 7 3 3 7 7 1 3 9 3 3 1 5 2 10 8 5 8 7 9 7 5 9 4 1 7 4 2 10 10 3 6 5 10 9 3 8 6 2 10 2 5 1 
10 6 7 1 10 2 3 6 6 7 1 2 8 3 2 1 4 3 3 1 3 8 7 10 9 4 8 4 4 7 10 5 8 7 4 4 10 1 9 3 2 9 2 10 7 6 8 9 6 3 7 8 5 4 10 6 2 2 3 2 5 5 5 10 3 4 6 7 8 10 1 3 7 10 9 1 1 2 8 2 7 10 7 7 8 9 6 9 1 8 7 9 9 1 4 10 4 5 3 3 3 3 2 4 4 2 3 8 3 7 5 3 6 9 1 4 2 9 7 6 2 6 7 8 6 2 8 5 
2 8 7 10 4 10 2 6 3 4 1 6 9 1 2 1 9 7 3 5 9 8 5 2 3 7 6 10 4 2 10 5 5 10 7 5 1 1 7 6 6 10 10 2 6 8 2 10 6 1 3 6 10 9 3 4 8 1 7 6 1 3 4 3 6 4 5 7 10 4 9 2 2 1 8 8 6 6 7 8 4 1 4 4 5 3 1 1 8 5 1 1 3 7 2 7 9 5 10 6 5 9 2 2 2 3 8 9 5 1 4 10 10 3 5 5 8 7 7 7 6 4 1 8 5 7 6 10 
1 9 8 8 9 6 7 7 1 2 2 6 4 3 5 5 1 10 4 4 6 3 6 3 10 4 3 9 5 4 8 5 1 4 10 9 8 2 4 6 8 1 2 3 5 4 8 10 9 6 1 10 7 4 9 5 7 8 3 9 9 1 7 4 4 8 1 10 3 2 1 5 6 2 1 2 9 7 6 1 4 6 7 3 4 10 9 5 9 9 7 5 7 3 3 5 8 8 6 10 9 3 1 10 7 1 2 4 1 5 5 10 10 5 2 2 8 1 6 10 5 6 10 10 10 2 4 9 
4 4 3 2 9 2 10 3 1 3 4 7 7 9 6 10 7 3 9 5 5 6 6 9 5 5 9 10 4 8 6 1 6 2 7 9 9 6 4 8 5 9 6 8 2 8 1 6 5 4 8 9 10 1 1 1 3 3 1 8 5 4 1 2 6 7 4 5 5 2 6 6 10 5 9 6 10 10 2 10 5 5 6 8 1 2 1 2 7 6 1 10 9 7 6 6 1 1 2 9 5 2 9 2 8 10 8 9 3 7 4 7 9 2 5 4 6 8 2 9 2 4 5 8 10 1 8 9 
6 1 5 6 8 9 8 6 6 10 10 2 10 9 10 2 10 2 3 10 7 10 2 1 6 1 8 1 7 7 6 2 2 1 2 7 7 8 6 6 6 5 10 4 1 7 9 9 2 7 7 10 5 2 10 6 1 7 10 2 2 2 8 1 4 1 5 5 10 10 7 2 2 8 4 5 1 7 4 3 3 7 1 2 7 1 10 9 9 4 9 9 8 1 9 8 3 8 3 7 8 8 4 10 5 8 9 7 2 9 2 8 9 6 7 3 10 3 4 3 3 5 4 3 4 7 4 6 
3 2 8 3 1 10 8 7 5 1 10 1 7 8 10 2 7 6 9 9 6 9 9 5 7 5 6 10 7 6 8 9 9 10 2 9 9 4 3 6 10 7 10 1 2 5 5 3 1 7 1 6 6 7 4 1 4 4 6 10 8 9 6 3 6 8 6 9 5 1 5 8 10 9 6 5 5 4 6 9 10 7 1 4 6 8 2 6 2 1 5 1 8 7 10 5 7 10 2 8 3 4 10 1 4 7 6 6 8 2 4 6 3 1 7 8 6 7 10 2 10 2 4 4 10 10 9 5 
3 8 7 4 9 9 5 4 3 9 1 4 9 1 9 3 10 1 7 7 4 1 3 4 9 3 2 2 10 7 2 10 9 4 10 6 4 2 2 7 5 5 10 5 7 3 6 6 6 7 9 6 5 3 1 3 8 8 1 6 4 7 6 5 10 4 9 1 4 5 2 5 7 10 2 1 2 5 5 1 9 9 2 7 9 2 5 4 10 3 2 7 3 4 6 5 5 5 6 3 9 7 6 9 8 4 8 3 4 2 8 4 5 5 5 7 9 3 7 8 4 10 6 9 10 7 3 3 
4 5 6 5 10 1 6 3 8 4 10 6 3 9 6 1 9 5 8 9 3 9 10 9 7 2 4 4 5 9 8 10 5 6 6 3 5 1 4 4 1 6 5 2 9 8 2 4 2 7 3 10 9 10 4 1 9 10 7 4 4 4 2 4 9 3 7 4 8 7 3 6 9 8 10 7 3 10 9 5 10 6 5 1 3 8 3 5 3 7 1 8 8 2 8 1 5 10 10 3 7 9 6 3 7 3 8 9 8 5 7 7 4 8 5 3 2 7 4 9 3 1 5 10 9 3 7 6 
3 4 9 1 5 3 1 5 6 2 3 3 8 3 2 4 5 8 10 3 2 3 8 7 8 5 10 3 7 10 9 2 4 5 8 9 3 3 1 9 1 4 7 7 5 2 5 4 3 2 9 1 2 8 8 4 10 7 6 1 5 1 9 6 5 1 8 10 8 7 10 2 2 5 2 3 3 6 2 5 10 10 2 9 10 5 4 5 1 4 5 3 2 10 1 3 9 4 4 6 2 6 6 8 6 9 5 7 5 5 4 10 8 6 2 10 3 10 5 9 9 2 7 9 6 4 10 9 
1 3 4 3 6 8 10 10 7 8 6 3 3 4 9 2 8 4 4 9 6 1 2 4 5 6 2 10 1 10 3 4 10 1 7 8 3 6 3 7 4 3 6 5 7 4 5 10 7 9 2 5 2 10 1 10 4 1 1 1 3 10 5 1 10 7 8 2 9 3 6 1 2 3 9 8 3 1 3 9 10 4 7 9 9 4 1 7 3 10 1 3 4 2 7 7 6 5 2 3 10 5 4 5 5 6 1 6 6 8 10 6 4 7 8 3 6 10 10 1 8 5 4 6 8 8 5 1 
8 9 6 4 9 5 4 2 4 4 8 4 1 10 1 4 6 5 9 9 7 8 1 8 2 3 6 8 4 1 2 8 3 6 8 5 8 2 9 6 6 6 10 1 6 9 2 5 9 9 3 6 5 5 7 8 4 9 9 4 3 1 1 3 3 9 9 7 1 5 7 7 1 10 10 2 6 9 4 10 5 4 6 3 5 4 7 7 6 10 4 9 3 8 10 8 1 5 9 8 4 5 4 6 8 7 8 2 8 3 6 5 1 1 7 9 10 9 8 9 9 8 8 8 9 5 9 6 
3 8 6 9 9 9 5 4 3 7 7 8 5 7 5 10 6 5 8 4 6 3 2 2 3 9 10 9 7 5 5 2 8 2 1 9 6 10 10 9 10 8 9 1 7 3 2 1 6 3 2 7 3 6 3 6 9 4 1 1 3 9 7 6 5 8 6 2 7 5 1 6 1 1 7 10 2 6 7 2 9 4 10 7 6 4 1 7 4 8 3 8 3 1 5 10 4 6 7 3 2 4 1 1 9 3 2 6 7 7 6 2 7 4 2 4 3 3 1 9 8 7 4 3 8 9 1 4 
4 4 1 4 8 9 4 4 10 3 6 2 5 2 3 7 8 9 2 4 3 6 2 3 6 4 7 3 6 5 6 1 6 3 5 5 9 6 10 2 8 4 5 5 5 2 8 1 1 3 8 4 8 8 2 5 1 1 2 10 6 9 7 10 2 4 1 1 8 3 9 2 10 4 7 5 10 3 5 8 3 8 5 5 10 3 4 5 8 1 10 5 6 6 8 10 10 1 10 1 9 9 8 7 3 3 2 2 8 3 5 6 10 3 8 2 10 1 5 6 8 1 2 6 2 9 1 9 
9 9 4 6 7 6 7 9 6 8 9 2 8 8 6 9 6 9 6 9 7 8 10 5 7 4 8 2 10 8 1 5 2 5 4 10 6 2 1 7 6 4 8 2 6 3 8 4 2 6 9 1 2 10 2 8 3 6 7 6 3 7 9 4 5 8 3 9 6 9 3 6 1 8 4 8 5 3 9 1 1 6 2 7 1 3 10 7 4 4 2 2 4 1 2 5 3 5 6 2 1 3 8 2 7 8 4 5 3 5 7 1 9 10 10 2 6 3 2 4 8 1 10 7 2 7 8 4 
3 7 8 8 9 2 6 9 4 4 3 3 2 8 2 5 5 2 6 10 8 7 5 6 9 5 6 10 5 4 3 2 3 9 2 3 6 10 1 9 6 4 8 4 7 4 9 3 1 6 4 8 5 9 6 9 5 8 8 2 10 6 4 1 2 10 2 9 4 5 3 3 9 9 4 3 10 4 3 9 5 4 6 7 9 3 8 7 10 6 8 8 4 9 9 2 8 9 9 10 7 1 1 9 10 7 1 8 4 1 4 5 7 1 5 1 8 5 3 3 6 8 5 2 1 7 10 6 
3 2 2 10 3 3 2 5 2 4 1 7 4 8 9 5 4 3 3 5 5 7 2 1 6 3 4 5 7 8 10 2 1 4 3 8 8 6 10 8 4 4 7 1 2 3 6 10 9 3 4 5 5 6 5 10 2 5 3 9 4 6 4 7 3 9 5 6 3 1 6 4 1 10 5 4 3 3 5 8 6 8 5 4 7 10 10 3 8 2 4 9 8 10 3 7 1 2 9 10 8 5 8 3 4 3 5 4 3 1 5 7 4 10 6 6 9 8 10 9 2 6 1 6 7 3 6 10 
5 8 2 10 9 9 7 9 7 10 2 3 2 10 9 1 3 6 2 7 2 8 8 4 3 7 2 7 2 9 10 5 7 4 2 8 8 7 6 6 3 1 7 5 1 2 6 7 8 1 5 7 7 9 10 3 6 4 4 1 7 10 10 4 8 7 2 2 6 5 2 7 6 7 3 8 10 9 10 8 8 3 1 6 9 6 1 6 6 5 4 7 10 9 2 7 7 6 4 3 9 10 7 4 3 3 4 3 7 8 6 4 5 5 10 10 9 3 1 1 3 5 3 6 2 1 5 6 
7 6 10 6 1 8 10 10 5 1 6 8 8 5 1 5 10 2 2 2 7 10 6 4 2 1 1 2 3 5 7 3 7 9 5 1 7 7 8 9 3 1 7 8 3 4 3 9 6 9 10 9 5 1 8 7 2 3 2 8 1 6 10 5 2 2 9 9 3 4 4 1 7 8 2 10 2 9 6 7 3 3 8 8 1 10 9 4 2 2 2 5 2 10 5 1 8 10 4 2 8 8 6 9 10 6 8 4 10 3 10 2 5 5 1 7 8 9 6 5 9 4 10 7 6 9 2 3 
8 1 10 8 2 7 7 7 5 3 1 7 10 5 8 8 7 5 10 1 2 3 7 4 1 4 8 3 2 3 9 2 10 10 3 7 8 10 6 8 8 3 7 5 9 4 3 2 5 2 3 2 9 8 1 6 8 6 9 9 4 9 3 6 3 6 7 10 9 10 4 6 8 10 7 8 4 10 4 5 5 8 1 3 4 7 6 5 10 4 6 2 6 8 9 8 1 10 2 10 3 10 6 3 1 4 6 8 9 1 1 9 5 2 6 4 5 7 6 2 7 7 9 3 1 1 3 6 
9 2 10 1 5 10 6 7 9 4 6 1 2 8 8 6 6 9 6 9 9 5 7 8 10 7 7 8 5 8 10 1 5 4 1 10 4 1 8 2 5 1 5 5 10 3 9 2 10 10 4 1 10 1 7 5 5 2 2 2 2 9 8 7 6 6 5 1 2 2 2 5 7 1 7 9 5 8 2 1 7 9 1 8 3 4 4 2 3 8 4 8 8 1 2 7 7 4 3 2 8 1 6 1 8 6 5 2 3 8 6 2 4 7 9 2 8 2 3 8 10 2 10 6 9 7 6 1 
3 6 3 7 2 5 8 1 10 8 1 1 10 2 5 9 4 5 1 7 2 3 6 6 1 7 8 5 2 7 4 8 3 7 2 6 1 5 9 5 6 1 7 6 5 7 9 10 3 1 8 7 9 7 5 5 2 8 4 8 6 8 6 5 7 3 9 8 8 8 9 5 5 3 2 3 8 1 10 7 2 3 5 1 8 9 9 5 1 4 1 1 4 7 2 8 8 4 1 9 4 3 4 2 10 8 10 1 2 8 2 9 8 2 2 9 3 3 1 10 4 2 1 7 3 2 9 6 
2 4 3 6 1 4 3 9 4 9 3 2 3 4 4 8 6 8 9 8 3 5 4 1 10 4 1 7 1 1 1 5 7 2 5 1 4 2 9 4 5 3 7 1 9 6 4 1 3 10 3 5 7 2 10 8 3 7 4 10 4 8 1 4 7 7 4 8 3 8 3 6 7 5 1 8 4 2 6 10 8 8 8 6 3 6 1 3 7 2 3 7 5 2 10 3 2 10 1 3 5 10 3 5 5 5 4 4 9 7 7 2 9 9 6 7 5 9 9 9 9 1 3 4 2 6 10 1 
5 7 4 7 9 1 3 6 4 10 8 2 10 2 8 9 5 7 1 6 2 5 2 5 7 10 3 6 6 2 6 6 10 6 2 6 7 7 9 3 5 2 3 8 8 3 6 1 5 1 8 3 4 10 9 8 8 9 10 10 6 10 2 2 10 10 9 2 5 2 7 4 6 9 4 3 7 6 2 10 8 6 6 2 10 3 10 8 3 7 7 3 2 5 3 10 2 7 7 1 8 1 5 3 10 3 1 6 6 10 8 5 1 10 2 3 8 3 2 6 9 8 4 1 5 1 2 5 
3 9 1 2 1 10 2 5 9 5 1 5 10 7 4 8 6 4 6 6 10 10 8 3 8 10 1 7 2 2 9 7 7 10 10 8 8 7 2 5 3 7 9 2 1 4 5 2 3 6 2 7 6 3 2 3 7 2 6 3 3 4 4 9 1 10 1 10 6 5 4 3 1 5 4 4 2 6 6 9 4 9 2 4 5 2 5 6 3 5 8 2 8 8 7 6 10 8 2 10 7 9 5 6 10 7 5 2 4 8 2 6 7 10 9 7 8 7 6 10 7 2 1 10 2 7 10 6 
7 9 5 4 4 10 4 6 9 4 8 4 2 1 9 10 1 9 1 2 4 9 8 9 5 9 4 5 8 10 5 9 3 7 7 7 8 9 5 6 4 8 5 6 9 8 8 2 4 8 8 8 9 9 5 3 8 8 9 6 1 3 5 3 1 9 5 3 9 9 2 6 10 1 6 9 2 3 10 1 5 7 4 7 6 1 9 8 9 3 6 7 4 8 3 6 8 6 2 6 6 10 5 6 1 10 7 7 9 3 1 2 1 9 9 10 8 5 7 1 8 10 8 8 1 9 7 8 
1 1 2 3 6 5 7 1 2 6 1 1 2 9 5 4 9 7 8 1 8 5 6 8 10 3 3 3 9 1 4 8 7 9 2 9 3 8 6 6 10 4 1 7 6 1 4 4 10 9 4 7 7 9 1 2 9 6 8 2 1 9 4 3 3 5 5 1 3 8 2 10 8 1 10 6 6 2 3 6 4 8 2 3 6 3 8 2 7 6 9 10 4 9 7 10 10 7 4 10 1 4 3 9 4 5 4 6 1 3 3 4 9 1 8 9 3 5 6 4 5 1 4 8 1 9 4 2 
3 1 7 5 2 3 7 5 5 8 9 10 1 8 3 8 6 5 10 8 2 7 7 1 1 8 1 10 9 2 2 5 3 4 4 1 1 7 10 7 1 9 3 4 9 6 3 8 1 1 9 8 10 6 3 5 5 6 1 2 7 3 9 3 5 1 2 3 10 8 7 1 4 7 1 7 8 8 2 1 5 4 10 6 5 1 7 8 2 10 3 4 6 7 1 10 9 5 2 8 8 2 8 3 3 4 2 5 6 3 10 4 1 10 10 7 10 10 7 9 9 4 1 3 5 7 9 4 
9 5 6 8 5 1 4 6 7 8 6 2 5 7 10 1 1 3 2 4 2 5 8 7 3 4 4 7 3 9 5 1 6 9 10 3 7 10 4 9 1 6 9 10 3 6 2 1 9 10 2 1 10 5 9 10 7 4 9 9 1 6 2 8 4 7 3 6 4 10 1 6 4 6 4 4 2 4 9 6 9 5 1 9 3 4 10 2 9 5 10 6 8 8 9 9 5 9 5 5 3 1 8 10 5 6 1 3 3 10 6 2 6 9 7 1 2 3 5 3 10 7 2 9 7 1 9 8 
10 6 7 5 7 2 10 8 4 10 3 6 2 4 9 3 10 9 7 9 1 2 8 2 8 8 2 1 8 4 6 3 9 5 10 2 8 6 9 6 5 2 2 1 4 5 9 8 1 7 4 9 1 9 10 3 4 10 10 8 10 5 2 5 3 5 3 4 10 6 6 9 10 6 6 9 1 7 8 9 10 8 1 7 4 7 4 2 6 4 10 6 1 4 4 1 4 9 3 10 7 2 1 9 5 8 10 5 3 1 10 1 6 2 4 9 4 4 2 5 9 2 4 4 4 10 7 6 
4 9 10 4 3 9 9 1 7 2 2 8 7 6 10 6 8 9 5 10 6 6 10 2 2 4 3 10 7 4 6 5 4 8 4 2 3 8 4 6 2 10 6 10 5 7 5 6 9 1 6 7 8 1 4 7 10 5 5 6 1 9 1 2 5 7 5 1 4 7 5 4 6 5 5 1 5 6 8 5 3 9 6 10 9 6 1 3 5 6 8 8 7 5 1 6 7 9 6 9 9 10 9 9 3 1 8 2 8 2 9 2 2 10 9 8 4 5 9 5 4 9 3 4 7 7 10 10 
8 5 6 4 3 9 3 6 5 1 10 3 1 5 4 9 2 2 9 2 9 7 5 4 1 1 9 7 2 2 9 2 7 3 7 10 9 9 2 8 10 9 2 3 8 1 7 3 8 10 4 4 2 6 1 7 5 4 1 6 3 7 6 8 2 5 6 7 9 3 7 4 3 9 5 4 3 10 4 6 4 5 4 1 5 6 10 3 8 3 8 2 7 5 9 7 4 10 5 5 1 3 4 5 8 4 6 4 6 1 8 2 8 5 5 10 10 1 5 8 4 7 4 8 8 8 6 9 
7 2 4 4 8 4 5 3 6 7 10 9 2 8 7 5 9 5 1 2 8 8 3 6 5 1 3 7 3 9 2 3 2 9 3 1 8 10 2 8 2 9 2 1 2 8 2 5 4 2 1 1 10 3 2 8 4 1 9 8 10 5 10 10 9 4 7 3 4 1 2 3 2 8 2 5 3 3 3 9 10 5 5 6 3 1 3 3 8 3 5 4 9 3 10 9 3 10 6 5 7 3 6 8 3 2 9 7 2 4 10 9 4 5 4 9 9 8 10 6 10 2 2 7 8 4 9 1 
4 2 6 1 7 6 10 10 3 10 4 5 3 10 9 10 7 9 10 7 2 2 7 6 10 10 4 1 7 9 7 3 9 6 5 9 9 9 9 6 9 5 4 3 5 4 9 3 6 3 1 3 2 2 3 6 6 4 8 6 3 5 10 2 7 7 8 8 8 6 8 3 7 1 3 1 1 9 4 2 9 9 7 10 7 5 6 3 10 2 8 9 1 2 5 7 6 5 9 4 1 8 8 2 9 4 9 9 6 7 2 4 9 5 6 4 7 10 4 5 1 2 8 4 7 6 8 3 
3 6 3 5 3 2 7 7 3 7 2 1 9 3 9 4 10 3 3 1 6 5 5 4 10 2 2 1 3 4 4 7 6 6 9 5 4 8 6 5 3 3 2 10 7 1 6 6 4 5 3 6 4 10 1 3 8 6 4 2 3 9 8 2 6 2 6 9 5 2 7 5 8 1 4 9 3 1 9 9 7 1 1 6 9 7 1 6 1 8 10 6 8 5 9 5 10 10 2 7 3 4 2 10 2 7 9 6 8 7 6 5 6 8 9 2 10 1 5 7 6 9 10 3 10 7 3 4 
6 6 2 7 8 7 4 2 3 6 10 4 6 9 4 9 2 2 1 2 5 6 5 6 8 10 6 7 8 6 6 7 1 7 10 3 8 4 10 8 4 6 7 9 9 5 9 9 3 6 9 3 4 5 4 10 7 10 10 1 3 7 7 4 10 3 10 7 7 10 9 8 2 9 10 8 2 7 9 6 10 4 3 3 7 5 6 4 1 2 7 8 2 6 3 9 3 1 7 9 2 1 10 7 5 7 7 2 5 2 3 5 3 9 8 2 5 1 1 7 4 6 3 2 7 3 2 2 
1 1 6 1 7 2 2 4 9 9 3 5 7 1 7 5 7 2 5 2 7 6 2 7 9 4 4 8 5 7 6 6 7 7 8 6 6 4 7 10 9 2 4 9 3 8 1 2 2 2 10 2 7 7 4 5 3 4 10 2 3 5 4 5 6 1 9 2 8 3 3 2 7 9 2 5 7 6 3 5 4 7 10 2 8 2 4 1 1 8 3 9 5 2 2 9 10 8 4 4 1 9 9 9 10 8 3 6 8 4 3 10 5 1 10 4 4 6 7 3 4 2 4 5 2 3 7 8 
8 6 3 8 5 7 8 9 7 4 5 10 8 5 7 1 9 7 9 9 8 3 2 7 3 6 8 4 7 3 5 8 9 10 6 4 7 8 4 10 7 2 6 8 7 3 5 6 5 6 6 6 5 5 8 8 7 9 5 4 7 10 2 6 6 7 10 3 10 5 3 5 5 4 5 2 7 9 10 6 6 10 7 8 4 6 4 5 8 9 4 5 6 1 9 4 8 1 6 8 7 1 5 9 7 10 7 10 4 7 9 3 9 6 10 10 4 2 9 2 7 6 1 4 8 3 2 7 
8 2 9 3 1 7 5 4 5 8 8 6 6 10 4 5 10 8 2 9 6 10 1 5 1 3 10 3 3 3 3 9 4 3 4 10 3 6 10 3 6 1 6 3 10 4 10 10 7 6 8 1 5 4 2 8 8 1 6 8 3 6 7 5 10 9 4 5 8 2 10 1 9 2 9 4 6 7 5 1 3 4 6 9 8 1 10 6 2 3 4 1 1 8 4 10 8 3 10 2 3 7 6 4 3 5 4 3 10 8 8 8 4 3 5 7 1 7 7 8 4 8 4 6 7 5 9 2 
5 4 2 4 9 7 10 5 1 1 5 5 3 3 6 7 10 7 3 2 10 5 5 2 5 8 3 7 4 5 1 1 7 10 6 10 5 1 4 10 8 1 3 6 10 7 9 1 2 1 10 2 7 4 3 3 10 5 7 3 5 4 5 9 6 2 7 8 3 2 6 7 7 4 8 8 7 3 5 7 9 1 5 7 5 7 8 5 2 7 1 6 10 7 7 5 7 7 1 4 7 8 5 1 5 6 2 4 9 9 7 5 1 5 10 2 5 5 5 3 10 7 7 3 4 4 2 4 
8 10 10 7 6 1 8 3 6 8 5 2 10 8 10 8 2 6 5 9 6 2 3 3 6 8 10 1 4 10 5 10 2 5 2 8 5 2 1 4 3 1 9 7 2 6 5 5 5 6 7 8 1 7 5 1 1 5 4 6 5 4 10 10 6 10 3 1 8 8 9 4 5 10 4 5 8 7 9 1 1 5 6 8 8 1 10 7 1 7 6 1 7 4 5 7 9 4 9 10 10 2 5 2 1 1 8 3 4 9 3 1 2 8 2 4 8 7 4 6 9 8 9 4 2 1 8 4 
7 6 9 6 10 9 4 4 10 6 10 5 7 6 7 9 7 6 5 7 4 3 7 9 9 2 2 6 4 10 10 9 9 4 5 2 2 8 1 8 4 7 9 2 10 7 7 3 10 7 10 4 4 6 5 9 9 1 2 9 1 4 1 4 6 4 7 1 4 9 4 9 2 6 4 2 5 7 8 1 5 9 4 8 2 9 5 1 8 3 9 9 4 7 1 7 5 1 2 2 7 10 9 9 9 2 10 9 6 1 8 8 3 1 5 5 9 6 7 6 5 4 2 2 6 9 2 2 
5 6 1 8 4 9 1 9 3 1 7 9 6 6 10 10 6 4 10 2 9 4 2 7 10 4 8 5 7 1 5 8 4 1 6 9 2 5 10 10 4 4 4 5 5 4 7 1 9 1 3 1 5 10 10 10 4 3 2 1 9 1 6 3 2 1 2 4 4 2 1 1 3 3 10 10 2 3 3 9 1 9 5 1 2 9 8 10 1 9 6 10 1 4 2 4 5 5 6 5 5 7 9 4 3 10 1 9 1 5 6 6 5 5 5 6 10 5 1 8 6 5 8 10 2 4 10 10 
10 10 7 2 3 3 7 6 6 8 8 6 4 3 5 9 10 5 5 7 5 5 3 9 7 4 4 5 4 5 6 3 4 6 10 7 5 4 1 7 3 2 5 8 2 10 8 5 2 10 7 4 9 5 8 5 10 4 3 6 2 9 1 7 3 6 9 9 6 3 1 8 3 10 2 5 3 5 3 10 5 5 7 8 5 9 8 5 3 3 10 1 8 5 9 2 6 6 10 7 4 8 1 3 9 9 7 2 6 8 9 2 1 8 9 5 1 3 3 7 10 5 6 10 1 5 2 4 
5 1 7 1 8 2 6 4 1 10 2 2 8 1 8 4 9 9 3 5 1 7 2 2 2 9 1 7 2 8 3 2 3 9 8 3 1 8 1 5 5 5 2 3 7 4 9 9 5 2 5 7 10 7 1 1 6 7 1 10 5 8 8 8 10 10 8 8 3 6 7 10 2 2 6 4 8 4 9 4 8 6 10 7 8 6 6 5 3 7 5 1 1 9 5 8 4 8 2 9 1 8 1 6 9 9 10 10 10 3 9 6 4 6 1 8 7 2 4 5 5 9 4 6 2 10 3 7 
10 5 8 2 2 4 3 7 6 10 9 1 7 2 3 7 6 4 2 5 1 9 10 3 8 8 2 8 3 2 9 3 6 5 8 5 10 6 2 2 1 6 2 10 6 9 3 7 8 2 9 8 3 7 9 2 3 9 7 5 7 2 10 8 10 1 3 6 2 1 1 3 5 6 5 10 7 9 5 4 1 9 9 1 7 5 6 7 5 4 7 1 10 10 2 10 4 5 6 10 2 4 3 9 3 6 2 10 6 10 5 6 6 7 6 7 3 8 1 10 8 9 1 6 7 7 4 2 
8 10 3 8 2 7 8 2 8 1 1 8 8 2 8 8 1 10 6 6 8 7 8 1 10 3 5 8 7 3 1 3 6 10 7 9 8 8 2 5 5 5 8 7 2 10 2 2 2 10 1 2 10 9 3 1 8 4 10 9 2 7 3 1 5 10 6 3 4 8 9 6 7 10 9 9 3 3 3 4 8 2 2 2 5 8 6 5 5 6 1 4 1 4 2 5 1 8 10 8 8 10 3 1 6 2 7 6 8 5 7 5 9 10 9 9 7 4 3 5 10 6 7 8 8 8 8 3 
5 8 3 4 9 7 5 10 3 9 7 1 2 6 4 3 5 10 5 8 3 3 2 5 8 5 6 4 6 2 1 10 8 1 7 10 1 8 9 2 7 4 7 7 1 3 8 9 8 2 5 6 2 5 9 7 4 6 6 7 9 9 5 6 4 9 10 10 6 1 9 9 7 9 4 7 5 1 1 5 6 1 3 2 6 4 9 8 8 9 8 7 10 10 1 3 9 2 3 10 1 5 7 7 3 6 9 3 7 8 4 9 4 3 5 10 2 1 10 9 6 7 5 8 8 10 8 5 
3 3 9 8 6 8 10 1 9 2 10 2 7 8 8 3 10 1 6 5 9 9 5 2 9 10 7 2 1 3 6 4 10 6 7 9 7 6 9 4 6 5 1 9 1 2 2 3 10 9 2 7 6 10 5 10 1 2 7 3 5 4 1 2 2 7 2 7 3 5 4 8 10 9 8 1 8 2 6 2 6 9 3 10 2 2 3 1 8 9 5 9 1 6 6 4 8 1 9 5 3 6 10 1 5 6 6 7 5 1 9 10 8 2 7 5 3 10 5 6 10 7 9 5 10 1 2 9 
7 7 1 3 6 5 1 2 4 1 1 8 10 9 3 5 3 2 8 5 2 1 4 2 7 5 9 2 5 7 8 9 2 5 7 7 5 7 7 6 8 3 1 3 2 10 1 10 7 9 8 9 6 2 3 3 9 10 6 1 10 1 2 4 8 1 9 4 2 4 1 4 5 1 7 4 4 3 3 4 6 3 1 6 5 1 9 5 10 1 10 5 6 6 2 7 5 1 9 9 4 6 4 6 10 4 10 3 10 8 6 10 3 8 3 5 7 4 10 4 3 5 8 4 3 8 4 7 
8 2 4 4 5 5 9 4 9 7 1 1 9 7 1 6 8 7 5 6 7 1 5 9 2 8 5 3 9 1 2 6 3 6 6 2 1 1 10 3 5 3 7 6 1 6 6 2 7 9 10 1 8 1 10 7 9 8 9 7 10 8 1 9 3 7 6 1 3 8 9 8 2 7 5 2 8 3 1 2 5 2 10 4 6 9 2 9 1 3 5 7 9 9 8 8 6 3 7 6 10 3 4 7 9 4 10 3 2 10 10 8 10 6 2 6 4 3 7 7 6 5 7 1 10 3 8 7 
4 10 1 3 3 3 3 10 4 9 6 3 10 2 5 9 8 8 8 3 3 10 6 8 6 7 10 1 3 4 2 5 3 10 5 10 9 6 7 7 2 6 6 2 1 8 5 2 3 1 4 3 8 10 2 3 7 8 4 5 9 3 2 10 5 6 8 3 5 2 5 5 5 6 9 2 8 6 2 8 3 10 2 2 5 2 8 7 1 9 5 10 3 9 2 7 6 8 9 8 7 5 5 9 10 6 3 4 9 4 9 8 8 5 3 7 1 1 4 6 3 7 2 7 3 4 4 3 
7 10 8 5 10 4 1 9 6 1 1 2 4 9 5 7 6 3 7 4 7 5 4 10 5 1 7 8 1 1 8 5 2 7 2 5 3 4 9 7 3 8 7 10 10 9 6 1 2 1 5 5 3 4 8 5 1 9 2 7 3 9 3 8 1 9 6 2 8 6 4 4 4 1 4 5 8 5 1 8 8 9 8 5 5 6 1 5 1 8 7 3 7 10 2 8 5 4 7 5 9 5 1 7 1 8 9 2 5 6 1 6 4 1 1 2 1 7 2 2 3 3 8 6 9 3 1 1 
1 10 8 1 1 6 2 1 5 4 8 3 9 6 2 6 7 1 2 7 8 2 9 2 5 8 7 2 2 7 9 1 4 3 7 6 9 6 2 4 8 5 9 9 1 3 1 5 4 2 4 2 1 1 1 6 8 8 5 7 6 10 4 5 6 8 8 5 6 5 9 2 3 6 10 7 9 3 5 4 4 1 3 9 5 6 10 3 4 8 4 10 9 2 3 7 8 9 8 3 5 9 4 6 5 4 10 7 6 8 2 3 2 4 6 1 3 6 5 1 1 8 10 9 1 8 9 7 
166 62 124 189 155 113 26 67 108 39 145 145 62 120 78 112 73 91 63 104 127 129 184 116 109 103 53 117 195 95 98 141 143 165 36 128 32 78 60 93 81 168 71 40 122 62 88 83 122 112 36 75 148 123 81 92 65 160 118 91 102 83 138 133 160 20 183 161 108 93 85 45 35 55 138 9 162 103 114 153 153 123 122 127 67 14 133 103 148 43 41 37 174 101 143 93 104 38 124 51 108 130 78 150 104 115 93 138 183 71 53 137 108 161 31 75 151 69 42 116 108 114 74 86 73 148 119 151 
62 148 95 84 112 67 87 61 101 105 128 156 128 70 31 49 97 133 154 95 86 105 114 90 137 58 74 148 69 64 138 88 72 103 85 74 123 91 65 70 108 142 114 142 90 102 122 108 132 190 132 118 135 71 115 85 179 36 162 72 92 4 124 107 133 71 16 117 50 52 72 77 91 127 72 45 135 60 44 148 119 61 135 150 105 69 68 158 48 64 97 43 141 112 106 138 110 147 182 61 104 116 113 121 132 115 89 77 98 92 159 133 100 165 110 130 110 111 163 118 116 175 67 75 148 41 100 118 
124 95 40 51 70 104 114 51 90 93 143 82 79 24 45 103 178 120 80 67 118 23 41 17 66 120 28 167 105 83 60 90 107 57 115 126 126 117 153 105 171 35 168 37 48 48 78 45 106 127 84 36 122 105 79 163 91 43 124 177 91 128 149 181 14 101 132 173 118 129 87 82 94 126 52 98 140 66 121 65 96 64 102 65 84 135 21 131 73 62 119 125 118 36 150 58 44 105 72 86 47 38 82 83 63 109 86 115 112 70 101 102 91 154 89 127 77 154 149 96 55 114 94 114 131 59 113 65 
189 84 51 94 180 90 114 90 156 157 138 73 143 62 43 155 64 118 128 72 138 126 38 60 86 160 97 122 153 146 25 135 138 129 168 63 17 77 99 85 157 89 140 81 10 14 84 80 103 139 124 75 176 193 46 89 24 104 102 66 107 125 116 136 72 103 71 169 86 79 58 66 95 26 148 130 112 62 80 58 69 52 94 120 110 117 14 50 122 139 103 97 159 50 171 47 123 69 122 74 143 17 55 91 100 135 164 141 86 48 87 40 37 125 171 37 139 163 106 109 126 125 96 60 126 183 144 43 
155 112 70 180 6 128 166 103 64 117 96 43 102 148 100 90 148 56 168 146 86 121 100 138 165 135 84 107 143 170 122 80 112 89 88 136 34 123 97 113 32 56 46 114 86 113 109 136 80 72 167 56 58 134 90 82 105 61 123 133 62 158 132 195 192 71 88 86 95 51 150 168 31 134 123 53 46 93 57 111 102 30 117 137 139 113 117 118 74 100 65 153 131 130 110 37 149 93 35 124 15 126 37 125 173 155 117 65 160 124 121 69 119 164 73 86 62 49 138 136 49 62 88 76 58 101 94 101 
113 67 104 90 128 88 100 90 98 39 126 88 66 142 47 128 121 102 190 83 62 98 124 38 63 58 25 195 60 111 88 114 68 103 82 59 157 149 88 139 144 100 88 55 130 128 36 158 97 128 137 186 51 127 17 73 73 83 102 169 88 156 102 58 96 107 56 58 142 160 62 144 62 110 132 35 102 113 82 67 154 142 90 111 160 61 124 159 110 95 166 166 131 117 94 87 47 131 79 59 112 77 125 79 167 66 61 152 105 97 129 28 128 78 111 131 90 55 96 57 86 109 94 101 165 50 24 86 
26 87 114 114 166 100 82 150 89 69 148 89 104 61 84 157 38 114 51 63 68 42 113 36 112 128 78 80 93 121 97 86 179 69 139 98 75 176 120 81 123 104 134 59 77 97 152 33 49 165 123 78 109 112 89 89 42 163 191 42 175 62 99 66 37 53 157 106 50 43 39 175 103 91 167 14 67 91 100 164 90 142 89 153 149 83 30 123 109 47 57 120 25 60 71 138 103 93 130 67 153 93 82 146 128 120 106 114 40 40 115 115 46 129 121 88 115 158 113 107 89 52 101 143 179 125 58 45 
67 61 51 90 103 90 150 48 115 138 62 30 140 75 132 39 164 62 171 126 63 118 112 112 88 109 70 139 109 82 30 82 45 72 163 118 146 24 82 133 154 26 101 121 81 71 41 134 109 43 114 98 112 56 103 38 93 83 186 107 115 92 136 68 32 85 146 80 67 144 106 83 91 112 127 88 99 124 138 146 99 149 92 102 117 155 49 123 169 70 74 162 121 99 129 32 94 98 109 84 136 158 33 184 149 49 122 120 151 159 121 44 116 185 17 20 149 85 49 78 115 78 87 42 83 102 124 151 
108 101 90 156 64 98 89 115 74 103 48 26 175 169 109 44 95 106 95 88 149 105 78 121 147 184 132 153 175 109 38 51 106 104 102 177 104 75 128 141 120 124 77 26 158 75 129 91 53 98 148 58 73 56 102 140 162 91 81 117 77 76 152 27 105 94 107 151 125 41 80 58 111 103 19 184 109 117 18 111 109 17 95 37 169 62 28 156 74 100 86 103 155 182 158 113 56 72 37 78 99 88 99 79 99 66 110 110 29 150 122 101 70 51 138 116 126 105 61 86 51 31 171 150 90 130 188 40 
39 105 93 157 117 39 69 138 103 58 135 136 30 55 89 92 175 90 100 144 106 100 92 53 104 157 135 108 26 168 37 33 68 61 122 75 20 156 154 113 93 109 100 106 106 121 134 113 87 142 153 126 66 72 83 68 162 156 75 93 112 100 83 96 178 132 110 87 80 53 62 95 127 61 110 66 84 14 109 60 162 68 34 80 118 116 85 88 91 98 161 94 59 160 99 79 23 107 167 94 71 98 89 166 113 120 38 66 29 132 65 43 73 94 169 116 104 97 116 116 89 187 82 99 42 105 70 83 
145 128 143 138 96 126 148 62 48 135 184 124 142 40 84 104 85 155 48 71 63 23 126 102 67 111 134 51 107 179 90 104 95 102 157 63 92 158 107 179 42 89 168 9 106 99 40 97 48 128 109 116 125 90 89 10 141 100 146 83 84 88 80 66 98 45 35 33 145 76 48 66 101 53 20 10 170 138 114 54 75 78 119 62 22 72 27 149 33 161 26 92 120 52 117 44 98 107 106 93 168 116 131 49 72 80 189 102 42 165 76 170 158 56 102 103 156 181 130 137 108 111 87 81 49 118 116 36 
145 156 82 73 43 88 89 30 26 136 124 106 105 127 112 168 98 96 70 126 85 73 166 148 117 127 102 83 188 155 56 102 73 46 108 58 110 84 47 59 62 114 91 114 123 182 130 83 39 46 94 60 158 76 90 110 176 130 130 129 96 104 27 8 181 180 57 142 112 64 14 89 89 81 131 25 143 42 108 47 54 93 94 162 120 132 51 153 156 109 129 140 30 63 112 122 130 134 149 76 97 71 149 36 121 78 75 55 19 148 91 69 119 66 141 22 41 154 65 65 131 53 156 136 165 108 152 83 
62 128 79 143 102 66 104 140 175 30 142 105 200 65 69 128 29 84 33 41 9 59 93 77 47 115 98 122 150 170 143 151 27 116 110 121 36 144 131 128 140 99 107 48 111 32 57 92 118 130 76 157 193 57 55 71 105 143 73 46 59 105 83 44 155 38 159 84 94 108 88 104 142 67 82 109 91 86 107 146 122 65 115 146 108 76 158 77 91 54 87 120 48 74 143 87 97 77 122 65 134 62 93 106 84 44 142 119 85 116 79 113 69 109 146 31 97 124 78 98 48 67 58 63 140 40 76 114 
120 70 24 62 148 142 61 75 169 55 40 127 65 60 94 82 21 78 119 31 72 117 55 104 59 60 61 64 126 99 163 51 77 173 182 55 92 165 156 185 70 95 149 79 92 36 96 90 108 33 119 127 43 126 113 146 89 56 51 198 109 60 89 126 82 107 103 142 111 53 124 39 130 57 109 103 194 75 88 140 162 102 119 70 123 139 100 95 72 104 96 130 99 176 72 58 107 99 113 93 146 142 60 95 52 50 154 35 152 165 164 111 183 52 99 42 152 49 61 66 93 77 26 56 122 68 113 34 
78 31 45 43 100 47 84 132 109 89 84 112 69 94 80 79 109 138 147 61 130 187 146 133 148 96 106 141 96 152 50 90 61 104 64 66 78 70 70 176 37 115 62 102 58 60 111 77 102 22 112 116 33 86 161 65 51 110 141 19 118 121 78 141 60 149 89 37 94 90 84 31 105 49 102 111 142 71 84 78 82 171 75 24 99 78 165 72 69 119 115 87 71 151 127 85 92 154 14 57 6 106 62 46 57 191 107 78 56 112 134 88 111 129 109 50 140 99 184 117 39 128 43 61 22 108 179 39 
112 49 103 155 90 128 157 39 44 92 104 168 128 82 79 40 85 143 96 116 129 50 96 61 136 112 136 118 136 18 70 112 66 85 106 124 93 103 179 91 60 64 151 146 90 75 98 53 122 49 108 84 55 80 125 165 74 123 95 117 70 63 131 193 79 147 99 80 184 191 120 98 52 103 84 48 116 83 125 42 58 106 63 105 68 114 137 123 88 58 97 112 96 163 136 42 173 177 136 131 141 35 73 57 162 173 91 116 128 73 104 104 84 167 165 66 78 23 183 126 99 139 76 56 107 79 88 146 
73 97 178 64 148 121 38 164 95 175 85 98 29 21 109 85 74 46 120 189 179 90 115 69 137 48 24 97 157 78 94 52 114 109 88 118 174 80 147 103 167 44 93 108 74 55 90 167 80 42 148 137 72 124 176 127 103 85 146 123 96 117 86 119 80 43 103 93 120 29 93 103 70 76 117 95 75 139 61 183 163 193 73 119 39 96 115 72 136 144 98 51 48 119 112 85 96 102 84 68 66 127 57 153 118 145 94 68 54 136 39 40 182 127 94 53 70 50 64 88 85 122 78 92 156 35 25 32 
91 133 120 118 56 102 114 62 106 90 155 96 84 78 138 143 46 136 93 54 98 47 85 104 64 80 78 130 147 77 101 162 93 100 118 50 63 145 102 112 92 121 179 94 149 120 124 69 80 38 113 60 125 143 80 138 172 119 59 128 165 81 64 69 191 172 143 98 147 115 120 101 31 139 88 157 113 115 67 168 85 88 9 135 171 90 133 74 143 120 143 95 113 101 95 94 116 86 110 47 125 51 65 70 179 106 96 75 103 125 41 80 61 87 30 73 114 115 47 94 39 156 93 132 84 126 136 107 
63 154 80 128 168 190 51 171 95 100 48 70 33 119 147 96 120 93 128 55 141 104 61 113 51 113 155 121 77 188 82 104 73 77 25 70 111 87 146 52 65 60 64 115 140 143 40 31 115 158 134 86 173 116 153 83 84 106 167 69 54 154 132 105 89 150 113 106 26 181 78 90 94 40 168 50 121 132 54 116 168 83 157 87 22 116 70 78 91 31 100 122 32 90 86 61 67 104 137 53 144 112 37 120 46 129 97 47 109 52 148 165 184 110 88 60 128 32 156 24 76 145 78 52 118 140 71 112 
104 95 67 72 146 83 63 126 88 144 71 126 41 31 61 116 189 54 55 48 135 101 54 76 22 127 27 115 97 24 25 144 87 124 173 102 112 109 112 110 14 139 98 46 99 78 158 108 98 56 11 87 86 169 72 111 108 57 92 63 89 37 96 36 31 88 70 98 147 138 37 114 40 162 64 93 144 150 156 139 100 157 3 103 99 114 83 11 96 54 42 168 100 154 139 98 131 80 104 147 139 194 173 100 155 104 91 79 104 134 96 160 123 124 88 150 83 75 26 15 73 98 47 141 190 137 63 128 
127 86 118 138 86 62 68 63 149 106 63 85 9 72 130 129 179 98 141 135 88 130 18 182 21 72 145 37 191 22 52 78 190 111 126 171 122 103 70 69 124 123 83 179 58 170 115 124 129 115 72 51 107 88 41 105 60 137 49 181 100 91 175 137 20 111 80 55 86 90 165 121 104 120 81 62 122 170 31 5 29 168 79 118 109 117 124 85 66 191 55 109 81 113 118 142 139 103 69 181 46 106 89 117 114 137 80 154 179 71 69 41 115 20 71 134 101 24 95 111 29 58 101 136 86 42 70 93 
129 105 23 126 121 98 42 118 105 100 23 73 59 117 187 50 90 47 104 101 130 62 166 89 74 82 163 54 95 69 135 100 174 155 158 130 98 159 174 178 106 9 58 173 136 34 142 132 143 174 162 103 153 111 124 87 91 74 82 175 84 168 97 146 109 62 93 158 139 118 128 75 125 88 91 95 171 182 177 56 133 90 118 97 150 154 111 144 153 131 76 157 107 66 80 111 73 39 114 98 144 154 160 121 114 21 21 36 96 181 135 100 144 123 145 125 90 79 178 97 119 124 98 19 195 128 60 167 
184 114 41 38 100 124 113 112 78 92 126 166 93 55 146 96 115 85 61 54 18 166 18 74 170 14 167 143 16 102 80 115 85 103 62 61 114 110 94 55 75 50 99 102 123 84 97 127 95 70 147 110 52 42 72 179 17 60 29 71 26 100 173 143 153 175 77 68 131 89 35 70 192 63 101 194 170 109 180 71 114 177 124 45 149 81 150 195 94 122 127 105 86 68 61 83 91 183 33 135 153 84 49 63 186 62 15 29 86 95 48 102 123 114 182 145 100 118 67 84 24 28 33 84 95 133 51 101 
116 90 17 60 138 38 36 112 121 53 102 148 77 104 133 61 69 104 113 76 182 89 74 152 67 145 90 44 108 60 85 75 154 25 64 147 94 90 130 31 98 141 88 149 133 83 124 141 48 20 117 40 20 75 83 107 110 129 157 162 139 52 109 95 92 32 72 137 175 68 50 64 102 57 36 141 77 107 78 58 58 99 109 97 119 126 73 119 78 93 167 63 78 43 162 117 38 105 108 98 43 93 101 66 124 91 47 177 90 45 155 57 121 74 81 151 156 67 83 64 44 13 138 73 164 32 41 123 
109 137 66 86 165 63 112 88 147 104 67 117 47 59 148 136 137 64 51 22 21 74 170 67 34 108 100 117 25 100 129 80 58 75 88 121 76 158 80 63 130 177 58 64 103 135 45 172 142 122 124 75 107 73 28 169 173 149 37 120 127 139 125 58 85 69 82 101 105 96 17 70 153 81 81 103 79 29 85 122 126 52 102 92 101 113 155 158 113 18 77 105 107 42 102 108 33 131 94 117 123 172 131 119 130 113 124 111 76 136 76 59 77 61 129 117 156 77 46 78 147 101 45 106 86 167 101 168 
103 58 120 160 135 58 128 109 184 157 111 127 115 60 96 112 48 80 113 127 72 82 14 145 108 188 48 92 113 158 71 110 28 147 56 95 59 92 101 100 176 139 92 45 155 64 88 141 180 104 115 85 104 101 91 161 112 84 79 58 30 127 151 26 122 101 95 73 17 130 88 73 126 171 135 49 90 144 103 133 47 74 68 126 191 100 148 128 94 124 53 101 107 32 119 89 85 112 194 114 26 107 26 96 104 169 111 61 179 142 54 91 139 77 124 134 172 43 106 105 72 180 51 155 179 136 72 127 
53 74 28 97 84 25 78 70 132 135 134 102 98 61 106 136 24 78 155 27 145 163 167 90 100 48 70 129 183 43 102 143 92 8 78 127 125 93 91 104 75 197 94 82 118 149 32 111 74 79 174 104 112 114 127 87 105 111 71 105 35 102 117 181 142 97 7 146 42 125 118 74 69 152 90 82 62 67 93 83 82 149 87 188 20 117 132 27 78 63 99 71 52 134 34 129 181 107 48 154 195 110 139 78 102 10 52 55 50 75 67 36 159 23 60 51 107 157 69 122 77 69 114 71 28 111 36 157 
117 148 167 122 107 195 80 139 153 108 51 83 122 64 141 118 97 130 121 115 37 54 143 44 117 92 129 136 74 111 34 164 128 71 191 48 84 128 84 94 58 119 61 97 100 118 98 41 138 84 183 175 109 65 112 80 12 124 117 22 10 63 81 120 65 127 93 117 27 93 102 99 152 23 94 128 159 134 151 148 33 103 142 52 104 128 118 119 53 118 185 135 155 26 135 68 97 120 166 102 89 105 162 30 174 72 74 126 86 113 82 166 66 50 123 153 83 131 65 119 171 40 102 149 88 95 47 81 
195 69 105 153 143 60 93 109 175 26 107 188 150 126 96 136 157 147 77 97 191 95 16 108 25 113 183 74 128 74 138 95 99 128 121 23 57 108 143 91 40 77 141 141 182 125 136 109 64 110 143 81 31 93 77 54 89 163 82 85 171 34 57 161 129 95 83 26 62 120 96 33 160 182 166 139 95 169 125 97 173 130 96 98 97 93 143 72 180 130 170 60 155 115 89 24 87 45 64 120 102 27 137 126 172 40 56 81 104 136 72 82 159 109 116 60 123 119 187 61 140 162 120 159 136 17 42 114 
95 64 83 146 170 111 121 82 109 168 179 155 170 99 152 18 78 77 188 24 22 69 102 60 100 158 43 111 74 60 28 95 58 155 65 57 96 165 65 99 82 152 69 113 124 91 117 113 114 96 184 100 82 113 78 44 144 118 146 73 89 145 107 107 108 123 143 23 144 94 123 105 101 134 93 92 31 145 72 106 115 123 52 154 14 100 137 166 147 107 37 102 113 32 70 119 47 113 38 147 147 122 45 123 59 193 124 79 90 44 7 99 110 81 45 105 114 192 151 108 127 62 111 109 175 98 82 104 
98 138 60 25 122 88 97 30 38 37 90 56 143 163 50 70 94 101 82 25 52 135 80 85 129 71 102 34 138 28 74 108 87 63 99 128 36 72 101 132 81 151 114 52 84 161 108 95 78 15 101 135 168 106 91 53 144 35 165 28 88 127 160 24 56 25 177 59 119 77 154 105 71 63 171 149 104 112 23 129 144 50 136 33 145 127 136 151 134 11 166 111 67 102 108 43 96 103 85 83 106 120 73 86 96 88 160 163 140 91 138 96 67 70 119 93 153 77 130 125 62 52 190 68 97 40 67 16 
141 88 90 135 80 114 86 82 51 33 104 102 151 51 90 112 52 162 104 144 78 100 115 75 80 110 143 164 95 95 108 124 70 103 75 151 111 51 171 185 104 93 58 185 77 105 124 85 170 81 19 82 165 112 78 84 122 102 30 119 45 91 89 111 34 153 138 78 117 163 71 152 77 108 71 56 120 50 29 101 79 190 74 106 83 103 145 23 147 157 43 125 131 179 30 153 170 102 122 134 137 129 140 183 102 99 73 30 140 173 138 116 49 47 40 20 91 128 136 131 101 50 62 101 155 30 82 119 
143 72 107 138 112 68 179 45 106 68 95 73 27 77 61 66 114 93 73 87 190 174 85 154 58 28 92 128 99 58 87 70 44 91 104 121 139 51 120 144 74 98 84 139 54 179 67 132 61 94 110 48 88 191 37 93 133 109 133 156 70 62 120 62 130 155 94 144 134 102 64 95 95 101 42 100 56 66 119 123 104 63 68 84 113 72 91 133 156 69 80 91 88 70 97 74 62 92 82 46 69 173 114 176 56 107 21 117 161 120 74 62 91 91 45 129 128 111 142 80 51 121 92 182 93 70 109 120 
165 103 57 129 89 103 69 72 104 61 102 46 116 173 104 85 109 100 77 124 111 155 103 25 75 147 8 71 128 155 63 103 91 110 105 53 123 128 106 136 104 71 85 176 77 43 129 41 63 145 90 92 89 151 138 121 183 118 160 28 133 153 33 75 118 142 68 139 92 35 33 137 168 20 53 135 70 85 101 110 29 129 73 122 154 72 128 111 169 118 156 84 149 84 151 106 159 93 75 144 28 139 127 149 119 127 49 146 155 84 86 143 150 181 51 36 95 102 149 67 112 96 86 56 60 111 104 86 
36 85 115 168 88 82 139 163 102 122 157 108 110 182 64 106 88 118 25 173 126 158 62 64 88 56 78 191 121 65 99 75 104 105 196 182 101 118 114 107 79 145 165 88 38 199 169 45 163 138 85 126 55 89 153 79 137 151 100 168 49 108 73 103 164 121 40 98 122 124 92 100 27 84 166 82 83 135 174 91 43 37 186 21 81 137 97 123 139 99 39 104 86 72 107 67 135 194 111 117 92 118 114 123 107 79 40 93 94 119 138 84 196 94 108 158 110 41 89 74 115 121 104 78 166 46 83 83 
128 74 126 63 136 59 98 118 177 75 63 58 121 55 66 124 118 50 70 102 171 130 61 147 121 95 127 48 23 57 128 151 121 53 182 184 51 139 111 122 153 194 74 146 110 122 149 58 45 109 110 81 168 80 95 90 122 163 55 140 111 118 147 122 142 71 180 104 85 102 90 143 55 154 14 67 59 141 84 83 68 70 61 156 98 94 95 117 55 115 97 168 123 67 94 80 90 119 102 40 145 144 94 147 147 104 121 88 25 106 142 63 52 114 105 32 162 122 72 126 66 113 167 73 53 115 137 122 
32 123 126 17 34 157 75 146 104 20 92 110 36 92 78 93 174 63 111 112 122 98 114 94 76 59 125 84 57 96 36 111 139 123 101 51 182 165 131 98 125 58 113 120 165 134 107 117 150 66 116 138 126 172 70 99 37 175 107 157 133 56 42 120 27 147 164 113 70 90 38 101 90 108 175 171 155 14 50 134 64 111 98 54 157 108 79 49 96 70 81 119 186 70 163 94 151 36 75 91 148 145 48 77 98 103 135 70 99 152 113 136 89 89 74 135 117 40 134 40 122 158 84 84 128 103 90 70 
78 91 117 77 123 149 176 24 75 156 158 84 144 165 70 103 80 145 87 109 103 159 110 90 158 92 93 128 108 165 72 51 51 128 118 139 165 112 110 42 143 121 104 102 90 50 67 47 126 123 90 144 15 35 69 81 160 182 143 75 136 74 82 154 187 91 137 74 152 90 146 112 105 152 131 105 37 147 96 98 132 73 79 110 167 107 111 56 56 104 93 124 154 123 90 91 93 33 95 70 184 55 129 166 68 52 104 82 21 104 160 51 91 79 75 59 125 129 138 130 48 87 113 66 122 18 56 33 
60 65 153 99 97 88 120 82 128 154 107 47 131 156 70 179 147 102 146 112 70 174 94 130 80 101 91 84 143 65 101 171 120 106 114 111 131 110 24 152 146 147 59 179 59 57 71 90 181 120 83 83 138 69 143 115 126 64 149 173 83 102 134 72 92 108 167 68 103 133 113 113 150 127 14 145 118 101 95 124 61 126 68 186 124 87 167 156 74 20 18 49 70 106 27 119 38 68 70 167 120 42 106 165 73 47 44 21 163 118 39 36 114 20 78 50 85 152 32 120 129 89 116 42 115 102 157 162 
93 70 105 85 113 139 81 133 141 113 179 59 128 185 176 91 103 112 52 110 69 178 55 31 63 100 104 94 91 99 132 185 144 136 107 122 98 42 152 6 147 138 190 158 88 93 105 55 167 147 142 99 135 98 55 131 48 75 121 62 131 136 133 94 131 82 81 60 87 116 95 129 79 89 199 39 106 44 76 132 91 107 169 152 65 106 30 89 48 192 120 182 106 134 142 64 168 33 29 38 109 114 134 80 123 132 158 60 150 113 44 63 40 159 106 78 96 127 135 99 62 118 151 27 58 53 68 118 
81 108 171 157 32 144 123 154 120 93 42 62 140 70 37 60 167 92 65 14 124 106 75 98 130 176 75 58 40 82 81 104 74 104 79 153 125 143 146 147 192 95 174 151 163 102 119 87 148 112 78 104 139 125 168 73 53 107 113 164 92 92 47 117 19 120 110 65 172 139 80 84 145 139 64 17 120 92 47 70 99 91 156 67 54 124 28 51 33 97 85 69 17 86 57 53 56 155 125 96 125 171 142 155 75 166 33 142 31 19 113 54 115 146 185 40 63 166 28 59 102 122 155 20 98 34 119 154 
168 142 35 89 56 100 104 26 124 109 89 114 99 95 115 64 44 121 60 139 123 9 50 141 177 139 197 119 77 152 151 93 98 71 145 194 58 121 147 138 95 132 70 56 117 119 75 34 68 71 16 132 92 20 104 123 93 108 174 198 51 92 156 92 72 84 168 74 93 112 171 102 18 62 30 52 151 61 121 167 133 139 135 120 183 102 124 73 120 108 99 57 118 47 36 97 140 142 115 73 135 116 100 162 133 80 98 54 105 73 55 52 30 132 44 174 114 81 166 160 43 91 55 49 39 152 97 77 
71 114 168 140 46 88 134 101 77 100 168 91 107 149 62 151 93 179 64 98 83 58 99 88 58 92 94 61 141 69 114 58 84 85 165 74 113 104 59 190 174 70 92 84 97 81 143 113 100 184 120 129 77 135 173 141 122 21 85 108 122 129 27 107 113 109 94 75 32 63 95 30 177 130 68 65 180 40 83 169 25 142 155 158 132 103 26 31 123 138 128 31 87 134 113 174 53 183 92 122 99 65 182 140 105 101 91 71 20 43 167 88 55 41 143 156 125 45 70 90 129 27 162 37 111 13 112 61 
40 142 37 81 114 55 59 121 26 106 9 114 48 79 102 146 108 94 115 46 179 173 102 149 64 45 82 97 141 113 52 185 139 176 88 146 120 102 179 158 151 56 84 156 87 78 127 164 61 114 127 92 99 88 106 19 85 147 30 63 86 174 183 140 90 135 101 30 121 101 130 146 104 49 135 88 126 120 89 137 125 183 65 55 111 137 125 152 75 39 107 173 93 63 97 36 68 194 95 74 118 111 74 55 128 121 126 104 62 90 55 188 90 92 39 159 108 87 13 40 151 174 30 145 138 51 39 53 
122 90 48 10 86 130 77 81 158 106 106 123 111 92 58 90 74 149 140 99 58 136 123 133 103 155 118 100 182 124 84 77 54 77 38 110 165 90 59 88 163 117 97 87 198 108 120 105 152 114 24 99 83 133 70 107 106 168 114 151 102 88 124 183 152 100 80 135 31 85 142 74 50 145 140 175 133 55 30 98 69 151 119 94 148 126 54 84 167 119 111 135 72 46 178 167 131 101 72 125 51 62 84 112 39 16 145 88 44 151 195 145 85 131 172 83 139 79 172 135 103 143 167 128 62 110 138 85 
62 102 48 14 113 128 97 71 75 121 99 182 32 36 60 75 55 120 143 78 170 34 84 83 135 64 149 118 125 91 161 105 179 43 199 122 134 50 57 93 102 119 81 78 108 92 164 37 144 125 132 66 37 74 78 96 107 97 63 168 117 129 92 122 50 143 84 148 122 111 56 134 98 101 124 102 104 125 95 99 134 96 134 88 139 129 145 60 18 29 54 171 6 83 145 57 51 73 48 102 135 108 57 188 53 96 99 90 174 68 165 130 104 63 176 96 102 50 71 124 134 91 106 100 9 55 99 76 
88 122 78 84 109 36 152 41 129 134 40 130 57 96 111 98 90 124 40 158 115 142 97 124 45 88 32 98 136 117 108 124 67 129 169 149 107 67 71 105 119 75 143 127 120 164 136 99 38 81 81 123 72 182 88 127 97 87 132 132 150 121 184 37 137 115 122 153 21 156 132 110 71 124 134 31 77 110 46 159 133 133 87 100 24 33 88 35 125 124 38 111 67 152 109 125 111 109 118 108 149 57 99 124 150 111 98 138 32 113 96 126 109 116 141 26 89 116 33 102 38 97 58 95 53 143 132 110 
83 108 45 80 136 158 33 134 91 113 97 83 92 90 77 53 167 69 31 108 124 132 127 141 172 141 111 41 109 113 95 85 132 41 45 58 117 47 90 55 87 34 113 164 105 37 99 112 170 73 186 66 102 129 90 103 110 187 74 69 91 142 81 34 83 170 123 130 82 106 129 120 136 94 88 123 62 118 119 143 45 193 92 56 97 121 123 152 99 43 93 121 70 114 110 102 138 170 47 24 108 141 131 56 81 40 81 115 111 42 126 24 23 123 88 107 163 97 45 97 117 123 112 160 92 154 64 80 
122 132 106 103 80 97 49 109 53 87 48 39 118 108 102 122 80 80 115 98 129 143 95 48 142 180 74 138 64 114 78 170 61 63 163 45 150 126 181 167 148 68 100 61 152 144 38 170 64 155 147 40 68 91 81 144 119 155 29 116 174 71 110 122 139 85 99 104 188 58 141 85 153 114 118 78 121 78 16 50 199 107 11 96 38 76 97 96 12 93 30 110 59 64 73 116 97 171 72 61 105 103 99 146 92 143 106 145 178 140 142 118 113 54 111 113 88 122 172 96 104 156 31 108 90 174 127 51 
112 190 127 139 72 128 165 43 98 142 128 46 130 33 22 49 42 38 158 56 115 174 70 20 122 104 79 84 110 96 15 81 94 145 138 109 66 123 120 147 112 71 184 114 114 125 81 73 155 30 131 147 63 82 64 52 95 139 158 98 123 151 68 117 87 112 33 114 147 95 105 86 81 88 67 127 9 87 65 159 54 119 167 161 186 39 148 123 67 155 129 72 143 114 37 38 121 121 34 118 58 153 136 70 34 149 62 46 103 76 141 155 51 74 106 81 77 103 175 118 74 83 101 80 110 41 19 131 
36 132 84 124 167 137 123 114 148 153 109 94 76 119 112 108 148 113 134 11 72 162 147 117 124 115 174 183 143 184 101 19 110 90 85 110 116 90 83 142 78 16 120 127 24 132 81 186 147 131 110 142 42 122 147 83 134 89 148 163 107 34 48 57 82 171 44 145 84 156 51 114 122 73 43 101 19 103 57 102 126 100 97 43 118 126 117 131 78 114 133 128 104 130 117 136 158 97 128 123 119 48 116 83 39 90 67 127 72 146 45 103 170 88 104 39 85 116 128 64 164 76 96 125 103 51 80 76 
75 118 36 75 56 186 78 98 58 126 116 60 157 127 116 84 137 60 86 87 51 103 110 40 75 85 104 175 81 100 135 82 48 92 126 81 138 144 83 99 104 132 129 92 99 66 123 66 40 147 142 40 111 146 72 103 149 110 169 72 32 67 136 134 171 76 92 93 105 58 131 106 144 168 99 106 58 132 81 119 191 20 139 101 189 57 91 108 90 56 130 85 106 57 100 170 58 37 102 131 60 110 96 129 90 25 106 83 98 122 104 30 46 20 108 63 12 103 49 46 100 101 62 180 92 113 93 41 
148 135 122 176 58 51 109 112 73 66 125 158 193 43 33 55 72 125 173 86 107 153 52 20 107 104 112 109 31 82 168 165 88 89 55 168 126 15 138 135 139 92 77 99 83 37 72 102 68 63 42 111 116 68 115 151 91 55 101 72 148 74 94 51 148 91 139 150 89 67 97 93 121 108 126 68 129 101 106 26 138 64 51 158 100 89 116 143 112 123 162 49 149 82 101 87 88 82 137 96 162 93 105 56 136 36 64 56 158 37 122 171 50 97 132 115 98 74 27 155 163 81 26 133 171 82 76 68 
123 71 105 193 134 127 112 56 56 72 90 76 57 126 86 80 124 143 116 169 88 111 42 75 73 101 114 65 93 113 106 112 191 151 89 80 172 35 69 98 125 20 135 88 133 74 182 129 91 82 122 146 68 78 44 128 99 140 165 188 106 152 133 91 104 102 93 124 98 113 66 69 79 147 62 183 115 20 46 174 182 50 161 124 166 20 118 112 63 64 162 169 120 127 93 40 39 41 173 70 66 69 94 30 33 141 198 23 99 40 152 153 60 83 157 81 45 144 136 108 39 127 36 143 177 85 154 148 
81 115 79 46 90 17 89 103 102 83 89 90 55 113 161 125 176 80 153 72 41 124 72 83 28 91 127 112 77 78 91 78 37 138 153 95 70 69 143 55 168 104 173 106 70 78 88 90 81 64 147 72 115 44 144 88 155 59 154 163 104 174 67 36 62 50 99 122 46 68 139 98 135 95 128 63 106 76 184 110 79 90 46 94 87 73 167 141 137 77 120 123 132 26 112 124 148 109 115 94 64 50 55 149 120 79 152 81 85 186 128 51 105 106 157 57 141 138 170 163 44 123 53 32 58 127 69 87 
92 85 163 89 82 73 89 38 140 68 10 110 71 146 65 165 127 138 83 111 105 87 179 107 169 161 87 80 54 44 53 84 93 121 79 90 99 81 115 131 73 123 141 19 107 96 127 103 144 52 83 103 151 128 88 36 104 57 145 140 81 106 124 100 140 59 21 112 189 48 135 134 130 77 150 124 47 98 77 49 67 173 85 123 63 116 18 84 101 143 32 53 90 68 87 138 64 173 109 47 124 73 52 48 83 99 109 88 44 184 143 85 106 99 84 134 176 107 110 122 106 135 65 125 20 57 153 29 
65 179 91 24 105 73 42 93 162 162 141 176 105 89 51 74 103 172 84 108 60 91 17 110 173 112 105 12 89 144 144 122 133 183 137 122 37 160 126 48 53 93 122 85 106 107 97 110 119 95 134 149 91 99 155 104 80 40 87 139 141 84 65 157 12 171 90 189 53 125 117 95 47 63 139 76 118 101 169 115 75 123 71 93 30 160 70 107 82 87 118 98 112 185 34 67 76 103 100 119 84 51 153 78 32 71 41 116 107 100 67 54 97 79 103 124 60 88 145 89 100 140 150 175 109 75 137 69 
160 36 43 104 61 83 163 83 91 156 100 130 143 56 110 123 85 119 106 57 137 74 60 129 149 84 111 124 163 118 35 102 109 118 151 163 175 182 64 75 107 108 21 147 168 97 87 187 155 139 89 110 55 140 59 57 40 90 121 105 87 170 47 51 70 36 113 106 33 160 177 49 53 130 128 32 37 64 127 117 88 105 185 56 62 171 168 116 46 133 174 38 133 104 147 76 137 146 105 48 120 129 140 95 62 114 34 87 66 94 119 117 123 58 20 134 109 133 78 17 32 142 36 113 55 91 100 71 
118 162 124 102 123 102 191 186 81 75 146 130 73 51 141 95 146 59 167 92 49 82 29 157 37 79 71 117 82 146 165 30 133 160 100 55 107 143 149 121 113 174 85 30 114 63 132 74 29 158 148 169 101 165 154 145 87 121 160 80 172 188 89 66 87 125 137 90 192 151 141 112 116 136 107 139 70 151 16 78 96 103 78 84 153 95 113 67 71 90 94 96 96 91 51 125 46 122 128 24 71 104 161 114 102 27 129 185 93 112 90 41 122 25 86 136 40 95 184 88 65 107 112 183 132 100 127 55 
91 72 177 66 133 169 42 107 117 93 83 129 46 198 19 117 123 128 69 63 181 175 71 162 120 58 105 22 85 73 28 119 156 28 168 140 157 75 173 62 164 198 108 63 151 168 132 69 116 98 163 72 72 188 163 140 139 105 80 66 116 56 96 91 20 90 47 91 84 116 51 113 92 130 138 95 63 156 58 133 168 106 142 107 69 132 50 82 142 33 127 133 115 127 118 75 27 74 12 192 133 50 147 193 74 117 94 110 52 74 91 18 120 116 110 88 53 163 98 63 132 136 80 97 104 100 96 161 
102 92 91 107 62 88 175 115 77 112 84 96 59 109 118 70 96 165 54 89 100 84 26 139 127 30 35 10 171 89 88 45 70 133 49 111 133 136 83 131 92 51 122 86 102 117 150 91 174 123 107 32 148 106 104 81 141 87 172 116 96 183 83 120 61 56 28 130 71 108 147 65 65 90 64 102 46 75 95 117 118 82 82 61 68 79 107 144 135 73 89 96 149 129 150 111 102 111 27 64 155 128 90 77 33 102 101 87 99 53 20 92 95 80 65 85 39 165 99 87 88 97 57 33 56 138 82 55 
83 4 128 125 158 156 62 92 76 100 88 104 105 60 121 63 117 81 154 37 91 168 100 52 139 127 102 63 34 145 127 91 62 153 108 118 56 74 102 136 92 92 129 174 88 129 121 142 71 151 34 67 74 152 174 106 84 170 188 56 183 56 122 145 82 60 65 48 82 180 52 76 24 108 89 86 153 98 76 132 68 184 74 120 108 11 113 119 104 115 79 122 122 10 156 109 150 50 106 109 141 87 50 153 96 132 87 108 51 133 110 23 126 149 156 123 81 128 162 70 68 101 86 173 184 90 99 148 
138 124 149 116 132 102 99 136 152 83 80 27 83 89 78 131 86 64 132 96 175 97 173 109 125 151 117 81 57 107 160 89 120 33 73 147 42 82 134 133 47 156 27 183 124 92 184 81 110 68 48 136 94 133 67 124 65 47 89 96 83 122 188 101 94 150 112 27 23 23 112 139 118 112 53 111 20 114 121 137 90 124 82 32 129 91 163 135 58 79 27 46 186 99 63 65 48 79 115 83 155 74 59 148 64 149 170 46 110 112 91 59 170 96 109 101 124 24 86 90 112 170 166 15 63 13 96 121 
133 107 181 136 195 58 66 68 27 96 66 8 44 126 141 193 119 69 105 36 137 146 143 95 58 26 181 120 161 107 24 111 62 75 103 122 120 154 72 94 117 92 107 140 183 122 37 34 122 117 57 134 51 91 36 100 157 51 66 91 120 145 101 130 106 123 73 98 100 30 102 76 131 77 91 96 45 42 67 122 104 55 106 118 102 173 113 93 72 116 97 97 98 106 75 141 110 194 94 140 90 19 137 99 51 114 100 95 70 48 128 156 93 99 96 147 178 29 173 60 149 90 93 128 14 155 95 148 
160 133 14 72 192 96 37 32 105 178 98 181 155 82 60 79 80 191 89 31 20 109 153 92 85 122 142 65 129 108 56 34 130 118 164 142 27 187 92 131 19 72 113 90 152 50 137 83 139 87 82 171 148 104 62 140 12 70 87 20 61 82 94 106 46 130 165 129 111 82 90 134 135 191 74 115 156 62 48 175 110 99 81 123 112 44 73 103 107 118 152 102 62 84 77 136 189 98 166 66 110 78 70 140 121 105 62 35 71 112 49 119 87 97 75 78 140 75 61 81 140 72 107 69 47 66 143 99 
20 71 101 103 71 107 53 85 94 132 45 180 38 107 149 147 43 172 150 88 111 62 175 32 69 101 97 127 95 123 25 153 155 142 121 71 147 91 108 82 120 84 109 135 100 143 115 170 85 112 171 76 91 102 50 59 171 36 125 90 56 60 150 123 130 132 84 118 164 116 126 60 137 91 97 46 155 127 158 169 150 50 72 158 73 143 145 81 88 34 65 66 81 147 67 119 135 178 128 130 24 71 60 48 43 129 192 97 107 42 45 119 82 82 129 115 27 187 104 187 100 11 119 122 97 127 144 102 
183 16 132 71 88 56 157 146 107 110 35 57 159 103 89 99 103 143 113 70 80 93 77 72 82 95 7 93 83 143 177 138 94 68 40 180 164 137 167 81 110 168 94 101 80 84 122 123 99 33 44 92 139 93 99 21 90 113 137 47 28 65 112 73 165 84 34 183 67 114 177 160 81 166 110 133 22 32 168 149 90 90 77 131 179 67 77 53 72 88 169 78 98 90 43 133 125 117 92 131 161 46 132 89 86 86 10 100 44 33 118 82 122 133 94 33 146 76 141 74 18 88 97 147 135 114 58 84 
161 117 173 169 86 58 106 80 151 87 33 142 84 142 37 80 93 98 106 98 55 158 68 137 101 73 146 117 26 23 59 78 144 139 98 104 113 74 68 60 65 74 75 30 135 148 153 130 104 114 145 93 150 124 122 112 189 106 90 91 130 48 27 98 129 118 183 138 147 98 150 138 170 49 96 94 147 28 109 129 111 113 26 37 106 164 104 32 44 106 122 134 119 128 92 79 147 179 100 127 137 43 65 158 130 174 160 100 52 152 54 135 161 55 29 66 136 34 101 185 111 186 173 113 79 29 55 171 
108 50 118 86 95 142 50 67 125 80 145 112 94 111 94 184 120 147 26 147 86 139 131 175 105 17 42 27 62 144 119 117 134 92 122 85 70 152 103 87 172 93 32 121 31 122 21 82 188 147 84 105 89 98 46 189 53 33 192 84 71 82 23 100 111 164 67 147 62 99 51 162 190 113 102 101 103 113 116 117 100 84 183 107 132 102 67 162 114 147 41 112 163 78 91 174 33 68 51 124 90 79 143 133 153 107 164 57 31 42 99 74 127 57 98 98 149 60 135 153 20 141 92 77 64 89 103 142 
93 52 129 79 51 160 43 144 41 53 76 64 108 53 90 191 29 115 181 138 90 118 89 68 96 130 125 93 120 94 77 163 102 35 124 102 90 90 133 116 139 112 63 101 85 111 156 106 58 95 156 58 67 113 68 48 125 160 151 116 108 180 23 30 82 116 114 98 99 40 104 68 57 153 57 69 63 11 50 73 64 172 114 105 67 130 177 81 142 71 126 166 110 81 64 83 91 46 183 94 107 33 87 138 34 110 68 23 120 131 87 131 102 41 133 58 56 177 161 40 50 157 68 69 118 121 64 76 
85 72 87 58 150 62 39 106 80 62 48 14 88 124 84 120 93 120 78 37 165 128 35 50 17 88 118 102 96 123 154 71 64 33 92 90 38 146 113 95 80 171 95 130 142 56 132 129 141 105 51 131 97 66 139 135 117 177 141 51 147 52 112 102 90 126 177 150 51 104 56 77 17 74 35 129 31 178 50 113 40 70 123 162 124 171 97 34 121 41 87 194 64 69 92 65 110 45 80 151 74 108 71 56 70 93 99 146 38 119 54 127 93 137 61 7 53 31 122 147 151 104 42 61 65 46 159 77 
45 77 82 66 168 144 175 83 58 95 66 89 104 39 31 98 103 101 90 114 121 75 70 64 70 73 74 99 33 105 105 152 95 137 100 143 101 112 113 129 84 102 30 146 74 134 110 120 85 86 114 106 93 69 98 134 95 49 112 113 65 76 139 76 134 60 160 138 162 68 77 26 125 62 97 156 129 114 18 125 117 101 111 161 67 68 109 127 79 120 105 51 34 103 41 90 132 112 38 67 174 131 128 133 174 106 147 18 130 124 125 96 33 145 24 70 62 98 60 86 129 109 158 126 112 182 127 118 
35 91 94 95 31 62 103 91 111 127 101 89 142 130 105 52 70 31 94 40 104 125 192 102 153 126 69 152 160 101 71 77 95 168 27 55 90 105 150 79 145 18 177 104 50 98 71 136 153 81 122 144 121 79 135 130 47 53 116 92 65 24 118 131 135 137 81 170 190 57 17 125 54 103 78 124 83 19 13 134 128 100 51 168 74 130 138 132 67 67 94 61 124 155 172 105 52 145 78 95 131 142 43 71 72 22 82 138 50 147 161 63 76 150 143 154 174 37 143 111 95 86 120 168 191 101 48 113 
55 127 126 26 134 110 91 112 103 61 53 81 67 57 49 103 76 139 40 162 120 88 63 57 81 171 152 23 182 134 63 108 101 20 84 154 108 152 127 89 139 62 130 49 145 101 124 94 114 88 73 168 108 147 95 77 63 130 136 130 90 108 112 77 191 91 166 49 113 153 74 62 103 120 132 162 34 97 84 140 101 135 104 99 53 123 85 83 90 133 166 94 56 102 84 52 84 111 94 91 188 78 106 158 140 82 64 159 168 66 43 110 81 148 86 32 119 152 67 132 93 84 42 112 45 49 72 112 
138 72 52 148 123 132 167 127 19 110 20 131 82 109 102 84 117 88 168 64 81 91 101 36 81 135 90 94 166 93 171 71 42 53 166 14 175 131 14 199 64 30 68 135 140 124 134 88 118 67 43 99 126 62 128 150 139 128 107 138 64 89 53 91 74 97 110 96 102 57 35 97 78 132 186 75 107 81 89 86 174 98 159 79 80 109 21 59 147 96 62 112 47 102 120 145 151 120 109 121 176 52 55 130 85 100 98 31 121 142 109 86 116 129 133 150 89 114 35 32 113 58 22 114 19 52 122 143 
9 45 98 130 53 35 14 88 184 66 10 25 109 103 111 48 95 157 50 93 62 95 194 141 103 49 82 128 139 92 149 56 100 135 82 67 171 105 145 39 17 52 65 88 175 102 31 123 78 127 101 106 68 183 63 124 76 32 139 95 102 86 111 96 115 46 133 94 101 69 129 156 124 162 75 166 114 166 103 89 141 33 54 130 109 95 113 146 95 67 63 142 53 114 136 61 105 27 47 56 124 34 111 167 33 56 191 84 92 98 135 79 114 23 9 62 87 89 123 126 190 48 57 114 181 38 172 50 
162 135 140 112 46 102 67 99 109 84 170 143 91 194 142 116 75 113 121 144 122 171 170 77 79 90 62 159 95 31 104 120 56 70 83 59 155 37 118 106 120 151 180 126 133 104 77 62 121 9 19 58 129 115 106 47 118 37 70 63 46 153 20 45 156 155 22 147 103 63 31 129 83 34 107 114 166 61 95 133 78 101 89 141 93 140 25 91 86 93 58 87 167 82 157 134 120 149 198 68 117 167 113 78 172 191 107 66 67 100 32 153 135 47 31 135 45 130 90 117 101 137 101 199 102 73 99 174 
103 60 66 62 93 113 91 124 117 14 138 42 86 75 71 83 139 115 132 150 170 182 109 107 29 144 67 134 169 145 112 50 66 85 135 141 14 147 101 44 92 61 40 120 55 125 110 118 78 87 103 132 101 20 76 98 101 64 151 156 75 98 114 42 62 127 32 28 113 11 178 114 19 97 81 166 61 86 134 83 64 91 46 139 114 103 100 112 114 176 97 123 88 53 111 88 122 120 140 127 74 56 49 110 141 114 95 99 83 97 146 10 132 132 84 176 39 78 112 136 80 154 182 36 69 138 93 124 
114 44 121 80 57 82 100 138 18 109 114 108 107 88 84 125 61 67 54 156 31 177 180 78 85 103 93 151 125 72 23 29 119 101 174 84 50 96 95 76 47 121 83 89 30 95 46 119 16 65 57 81 106 46 184 77 169 127 16 58 95 76 121 67 48 158 168 109 116 50 50 18 13 84 89 103 95 134 10 102 101 138 78 91 191 111 97 106 141 92 55 182 167 102 143 106 14 99 127 58 122 118 87 142 160 79 60 100 88 128 78 119 108 95 102 149 94 183 82 70 149 155 13 78 82 110 42 140 
153 148 65 58 111 67 164 146 111 60 54 47 146 140 78 42 183 168 116 139 5 56 71 58 122 133 83 148 97 106 129 101 123 110 91 83 134 98 124 132 70 167 169 137 98 99 159 143 50 159 102 119 26 174 110 49 115 117 78 133 117 132 137 122 175 169 149 129 117 73 113 125 134 140 86 89 133 83 102 54 108 70 61 118 48 80 83 145 199 168 117 78 112 177 167 94 85 58 95 170 139 82 139 115 166 86 71 123 132 55 85 78 61 171 36 193 24 190 173 117 40 76 129 97 65 71 81 60 
153 119 96 69 102 154 90 99 109 162 75 54 122 162 82 58 163 85 168 100 29 133 114 58 126 47 82 33 173 115 144 79 104 29 43 68 64 132 61 91 99 133 25 125 69 134 133 45 199 54 126 191 138 182 79 67 75 88 96 168 118 68 90 104 110 150 90 111 100 64 40 117 128 101 174 141 78 64 101 108 56 98 52 140 112 115 69 101 153 112 134 102 111 76 65 28 92 27 41 130 83 59 179 135 102 122 116 67 129 60 65 89 87 14 171 91 155 105 124 192 147 29 58 33 78 38 68 98 
123 61 64 52 30 142 142 149 17 68 78 93 65 102 171 106 193 88 83 157 168 90 177 99 52 74 149 103 130 123 50 190 63 129 37 70 111 73 126 107 91 139 142 183 151 96 133 193 107 119 100 20 64 50 90 173 123 105 103 106 82 184 124 55 99 50 90 113 84 172 70 101 100 135 98 33 101 91 138 70 98 130 96 130 32 75 146 143 100 116 135 81 95 50 23 104 46 59 119 170 135 177 127 106 77 26 40 20 61 80 81 71 126 177 178 35 82 88 120 114 105 100 48 83 130 80 109 139 
122 135 102 94 117 90 89 92 95 34 119 94 115 119 75 63 73 9 157 3 79 118 124 109 102 68 87 142 96 52 136 74 68 73 186 61 98 79 68 169 156 135 155 65 119 134 87 92 11 167 97 139 51 161 46 85 71 185 78 142 82 74 82 106 81 72 77 26 183 114 123 111 51 104 159 54 89 46 78 61 52 96 152 102 79 152 188 129 144 50 126 128 114 109 133 88 120 43 113 108 153 118 131 81 25 122 49 120 119 96 132 81 166 118 88 94 177 112 19 178 48 103 159 85 169 145 19 80 
127 150 65 120 137 111 153 102 37 80 62 162 146 70 24 105 119 135 87 103 118 97 45 97 92 126 188 52 98 154 33 106 84 122 21 156 54 110 186 152 67 120 158 55 94 88 100 56 96 161 43 101 158 124 94 123 93 56 84 107 61 120 32 118 123 158 131 37 107 105 162 161 168 99 79 130 141 139 91 118 140 130 102 148 74 142 117 77 171 77 112 173 161 157 163 119 165 100 42 48 63 109 34 135 78 95 77 36 22 92 102 57 29 128 75 64 145 91 46 84 117 88 143 99 67 132 128 76 
67 105 84 110 139 160 149 117 169 118 22 120 108 123 99 68 39 171 22 99 109 150 149 119 101 191 20 104 97 14 145 83 113 154 81 98 157 167 124 65 54 183 132 111 148 139 24 97 38 186 118 189 100 166 87 63 30 62 153 69 68 108 129 102 112 73 179 106 132 67 124 67 74 53 80 109 93 114 191 48 112 32 79 74 32 105 66 127 42 82 93 121 153 101 57 80 131 124 47 153 71 88 107 53 78 145 103 115 148 157 119 122 81 43 95 144 123 139 173 98 63 69 84 102 72 73 156 137 
14 69 135 117 113 61 83 155 62 116 72 132 76 139 78 114 96 90 116 114 117 154 81 126 113 100 117 128 93 100 127 103 72 72 137 94 108 107 87 106 124 102 103 137 126 129 33 121 76 39 126 57 89 20 73 116 160 171 95 132 79 11 91 173 44 143 67 164 102 130 171 68 130 123 109 95 140 103 111 80 115 75 152 142 105 166 111 121 73 105 128 103 153 96 109 115 64 73 54 69 88 115 123 52 94 135 129 91 153 104 106 105 87 58 106 141 50 143 174 164 150 168 75 152 85 95 165 155 
133 68 21 14 117 124 30 49 28 85 27 51 158 100 165 137 115 133 70 83 124 111 150 73 155 148 132 118 143 137 136 145 91 128 97 95 79 111 167 30 28 124 26 125 54 145 88 123 97 148 117 91 116 118 167 18 70 168 113 50 107 113 163 113 73 145 77 104 67 177 97 109 138 85 21 113 25 100 97 83 69 146 188 117 66 111 122 104 128 89 106 94 194 9 152 169 164 105 28 75 64 66 187 58 112 88 45 48 65 111 38 39 49 129 163 41 50 52 22 117 183 56 63 102 81 19 51 109 
103 158 131 50 118 159 123 123 156 88 149 153 77 95 72 123 72 74 78 11 85 144 195 119 158 128 27 119 72 166 151 23 133 111 123 117 49 56 156 89 51 73 31 152 84 60 35 152 96 123 131 108 143 112 141 84 107 116 67 82 144 119 135 93 103 81 53 32 162 81 34 127 132 83 59 146 91 112 106 145 101 143 129 77 127 121 104 112 167 110 121 92 70 49 177 145 140 122 108 126 56 49 146 33 79 109 155 92 128 110 125 96 167 114 127 99 121 143 68 151 114 57 192 91 135 78 150 92 
148 48 73 122 74 110 109 169 74 91 33 156 91 72 69 88 136 143 91 96 66 153 94 78 113 94 78 53 180 147 134 147 156 169 139 55 96 56 74 48 33 120 123 75 167 18 125 99 12 67 78 90 112 63 137 101 82 46 71 142 135 104 58 72 107 88 72 44 114 142 121 79 67 90 147 95 86 114 141 199 153 100 144 171 42 73 128 167 164 143 111 64 111 110 85 150 9 95 142 142 169 119 48 36 78 58 130 132 80 45 141 104 155 187 85 124 65 127 100 90 46 15 178 179 166 78 128 146 
43 64 62 139 100 95 47 70 100 98 161 109 54 104 119 58 144 120 31 54 191 131 122 93 18 124 63 118 130 107 11 157 69 118 99 115 70 104 20 192 97 108 138 39 119 29 124 43 93 155 114 56 123 64 77 143 87 133 90 33 73 115 79 116 118 34 88 106 147 71 41 120 67 133 96 67 93 176 92 168 112 116 50 77 82 105 89 110 143 172 102 99 82 100 94 165 123 169 87 164 140 153 48 118 88 63 72 147 107 8 67 60 33 54 84 73 68 45 175 39 173 128 107 148 66 55 122 96 
41 97 119 103 65 166 57 74 86 161 26 129 87 96 115 97 98 143 100 42 55 76 127 167 77 53 99 185 170 37 166 43 80 156 39 97 81 93 18 120 85 99 128 107 111 54 38 93 30 129 133 130 162 162 120 32 118 174 94 127 89 79 27 97 152 65 169 122 41 126 87 105 94 166 62 63 58 97 55 117 134 135 126 112 93 128 106 121 111 102 74 78 51 116 99 139 121 127 71 42 65 82 169 109 149 116 121 60 168 76 123 57 167 55 159 111 51 133 116 112 154 85 149 169 129 90 115 115 
37 43 125 97 153 166 120 162 103 94 92 140 120 130 87 112 51 95 122 168 109 157 105 63 105 101 71 135 60 102 111 125 91 84 104 168 119 124 49 182 69 57 31 173 135 171 111 121 110 72 128 85 49 169 123 53 98 38 96 133 96 122 46 97 102 66 78 134 112 166 194 51 61 94 112 142 87 123 182 78 102 81 128 173 121 103 94 92 64 99 78 10 178 137 82 72 184 113 112 171 143 142 159 40 64 15 72 151 58 75 89 177 81 90 101 164 159 106 57 114 30 112 104 53 120 110 145 35 
174 141 118 159 131 131 25 121 155 59 120 30 48 99 71 96 48 113 32 100 81 107 86 78 107 107 52 155 155 113 67 131 88 149 86 123 186 154 70 106 17 118 87 93 72 6 67 70 59 143 104 106 149 120 132 90 112 133 96 115 149 122 186 98 62 81 98 119 163 110 64 34 124 56 47 53 167 88 167 112 111 95 114 161 153 153 194 70 111 82 51 178 126 134 107 83 122 118 85 154 48 81 83 108 159 106 81 75 162 100 83 68 75 40 99 150 104 47 105 151 98 172 25 126 114 123 85 88 
101 112 36 50 130 117 60 99 182 160 52 63 74 176 151 163 119 101 90 154 113 66 68 43 42 32 134 26 115 32 102 179 70 84 72 67 70 123 106 134 86 47 134 63 46 83 152 114 64 114 130 57 82 127 26 68 185 104 91 127 129 10 99 106 84 147 90 128 78 81 69 103 155 102 102 114 82 53 102 177 76 50 109 157 101 96 9 49 110 100 116 137 134 194 147 133 119 111 116 150 78 54 148 112 116 141 117 128 89 124 60 113 50 66 49 135 121 36 96 50 176 27 92 56 154 126 183 24 
143 106 150 171 110 94 71 129 158 99 117 112 143 72 127 136 112 95 86 139 118 80 61 162 102 119 34 135 89 70 108 30 97 151 107 94 163 90 27 142 57 36 113 97 178 145 109 110 73 37 117 100 101 93 112 87 34 147 51 118 150 156 63 75 77 67 43 92 91 64 92 41 172 84 120 136 157 111 143 167 65 23 133 163 57 109 152 177 85 94 99 82 107 147 190 133 90 87 71 111 68 157 83 110 26 97 169 159 74 166 160 106 114 124 38 139 57 104 127 86 80 109 193 85 105 86 79 103 
93 138 58 47 37 87 138 32 113 79 44 122 87 58 85 42 85 94 61 98 142 111 83 117 108 89 129 68 24 119 43 153 74 106 67 80 94 91 119 64 53 97 174 36 167 57 125 102 116 38 136 170 87 40 124 138 67 76 125 75 111 109 65 141 136 119 133 79 174 83 65 90 105 52 145 61 134 88 106 94 28 104 88 119 80 115 169 145 150 165 139 72 83 133 133 116 80 83 163 62 38 88 99 77 130 21 63 98 143 124 77 174 149 134 102 120 137 166 56 152 161 22 63 30 63 155 114 84 
104 110 44 123 149 47 103 94 56 23 98 130 97 107 92 173 96 116 67 131 139 73 91 38 33 85 181 97 87 47 96 170 62 159 135 90 151 93 38 168 56 140 53 68 131 51 111 138 97 121 158 58 88 39 148 64 76 137 46 27 102 150 48 110 189 135 125 147 33 91 110 132 52 84 151 105 120 122 14 85 92 46 120 165 131 64 164 140 9 123 121 184 122 119 90 80 20 127 87 107 81 110 136 49 156 30 58 65 98 50 66 90 141 70 71 64 109 30 65 113 143 107 140 71 124 53 140 79 
38 147 105 69 93 131 93 98 72 107 107 134 77 99 154 177 102 86 104 80 103 39 183 105 131 112 107 120 45 113 103 102 92 93 194 119 36 33 68 33 155 142 183 194 101 73 109 170 171 121 97 37 82 41 109 173 103 146 122 74 111 50 79 194 98 178 117 179 68 46 45 112 145 111 120 27 149 120 99 58 27 59 43 100 124 73 105 122 95 169 127 113 118 111 87 83 127 100 176 94 158 108 46 116 108 175 52 88 60 94 105 107 121 58 96 71 177 35 121 161 68 134 4 110 121 69 144 117 
124 182 72 122 35 79 130 109 37 167 106 149 122 113 14 136 84 110 137 104 69 114 33 108 94 194 48 166 64 38 85 122 82 75 111 102 75 95 70 29 125 115 92 95 72 48 118 47 72 34 128 102 137 173 115 109 100 105 128 12 27 106 115 94 166 128 92 100 51 183 80 38 78 94 109 47 198 140 127 95 41 119 113 42 47 54 28 108 142 87 71 112 85 116 71 163 87 176 138 96 111 160 98 80 113 135 61 35 161 76 50 112 134 100 147 112 115 89 33 96 102 102 110 13 33 103 124 141 
51 61 86 74 124 59 67 84 78 94 93 76 65 93 57 131 68 47 53 147 181 98 135 98 117 114 154 102 120 147 83 134 46 144 117 40 91 70 167 38 96 73 122 74 125 102 108 24 61 118 123 131 96 70 94 47 119 48 24 192 64 109 83 140 66 130 131 127 124 94 151 67 95 91 121 56 68 127 58 170 130 170 108 48 153 69 75 126 142 164 42 171 154 150 111 62 107 94 96 166 65 141 78 136 122 61 135 153 121 102 157 109 89 94 89 135 177 66 15 136 168 96 101 89 25 121 46 94 
108 104 47 143 15 112 153 136 99 71 168 97 134 146 6 141 66 125 144 139 46 144 153 43 123 26 195 89 102 147 106 137 69 28 92 145 148 184 120 109 125 135 99 118 51 135 149 108 105 58 119 60 162 66 64 124 84 120 71 133 155 141 155 90 110 24 161 137 90 107 74 174 131 188 176 124 117 74 122 139 83 135 153 63 71 88 64 56 169 140 65 143 48 78 68 38 81 158 111 65 170 87 179 134 127 67 42 134 150 88 121 87 99 103 106 112 84 116 158 172 129 66 89 190 4 127 116 129 
130 116 38 17 126 77 93 158 88 98 116 71 62 142 106 35 127 51 112 194 106 154 84 93 172 107 110 105 27 122 120 129 173 139 118 144 145 55 42 114 171 116 65 111 62 108 57 141 103 153 48 110 93 69 50 73 51 129 104 50 128 87 74 19 78 71 46 43 79 33 108 131 142 78 52 34 167 56 118 82 59 177 118 109 88 115 66 49 119 153 82 142 81 54 157 88 110 108 160 141 87 146 94 135 112 127 144 75 53 86 108 106 193 27 131 31 88 124 64 117 124 130 114 113 111 77 93 148 
78 113 82 55 37 125 82 33 99 89 131 149 93 60 62 73 57 65 37 173 89 160 49 101 131 26 139 162 137 45 73 140 114 127 114 94 48 129 106 134 142 100 182 74 84 57 99 131 99 136 116 96 105 94 55 52 153 140 161 147 90 50 59 137 70 60 132 65 143 87 71 128 43 106 55 111 113 49 87 139 179 127 131 34 107 123 187 146 48 48 169 159 83 148 83 99 136 46 98 78 179 94 136 62 38 76 80 45 92 102 69 138 77 133 174 107 163 60 102 185 49 142 63 135 130 54 144 86 
150 121 83 91 125 79 146 184 79 166 49 36 106 95 46 57 153 70 120 100 117 121 63 66 119 96 78 30 126 123 86 183 176 149 123 147 77 166 165 80 155 162 140 55 112 188 124 56 146 70 83 129 56 30 149 48 78 95 114 193 77 153 148 99 140 48 89 158 133 138 56 133 71 158 130 167 78 110 142 115 135 106 81 135 53 52 58 33 36 118 109 40 108 112 110 77 49 116 80 136 134 135 62 142 75 86 76 63 107 126 101 131 97 100 135 4 92 152 97 156 151 65 120 138 146 139 128 140 
104 132 63 100 173 167 128 149 99 113 72 121 84 52 57 162 118 179 46 155 114 114 186 124 130 104 102 174 172 59 96 102 56 119 107 147 98 68 73 123 75 133 105 128 39 53 150 81 92 34 39 90 136 33 120 83 32 62 102 74 33 96 64 51 121 43 86 130 153 34 70 174 72 140 85 33 172 141 160 166 102 77 25 78 78 94 112 79 78 88 149 64 159 116 26 130 156 108 113 122 127 112 38 75 76 103 110 42 59 74 29 95 101 155 89 98 52 136 139 65 95 162 105 132 78 82 79 34 
115 115 109 135 155 66 120 49 66 120 80 78 44 50 191 173 145 106 129 104 137 21 62 91 113 169 10 72 40 193 88 99 107 127 79 104 103 52 47 132 166 80 101 121 16 96 111 40 143 149 90 25 36 141 79 99 71 114 27 117 102 132 149 114 105 129 86 174 107 110 93 106 22 82 100 56 191 114 79 86 122 26 122 95 145 135 88 109 58 63 116 15 106 141 97 21 30 175 135 61 67 127 76 86 103 28 39 52 28 25 123 133 118 122 37 147 161 88 104 125 78 149 64 68 86 132 141 109 
93 89 86 164 117 61 106 122 110 38 189 75 142 154 107 91 94 96 97 91 80 21 15 47 124 111 52 74 56 124 160 73 21 49 40 121 135 104 44 158 33 98 91 126 145 99 98 81 106 62 67 106 64 198 152 109 41 34 129 94 101 87 170 100 62 192 10 160 164 68 99 147 82 64 98 191 107 95 60 71 116 40 49 77 103 129 45 155 130 72 121 72 81 117 169 63 58 52 61 135 42 144 80 76 110 39 98 76 169 129 148 160 154 152 28 81 142 153 121 80 106 23 22 83 108 61 35 103 
138 77 115 141 65 152 114 120 110 66 102 55 119 35 78 116 68 75 47 79 154 36 29 177 111 61 55 126 81 79 163 30 117 146 93 88 70 82 21 60 142 54 71 104 88 90 138 115 145 46 127 83 56 23 81 88 116 87 185 110 87 108 46 95 35 97 100 100 57 23 146 18 138 159 31 84 66 99 100 123 67 20 120 36 115 91 48 92 132 147 60 151 75 128 159 98 65 88 35 153 134 75 45 63 42 52 76 6 75 115 93 130 153 70 106 153 150 64 71 66 109 172 118 124 147 126 122 33 
183 98 112 86 160 105 40 151 29 29 42 19 85 152 56 128 54 103 109 104 179 96 86 90 76 179 50 86 104 90 140 140 161 155 94 25 99 21 163 150 31 105 20 62 44 174 32 111 178 103 72 98 158 99 85 44 107 66 93 52 99 51 110 70 71 107 44 52 31 120 38 130 50 168 121 92 67 83 88 132 129 61 119 22 148 153 65 128 80 107 168 58 162 89 74 143 98 60 161 121 150 53 92 107 59 28 169 75 66 112 89 159 113 110 93 140 133 142 117 74 92 118 68 110 81 134 140 162 
71 92 70 48 124 97 40 159 150 132 165 148 116 165 112 73 136 125 52 134 71 181 95 45 136 142 75 113 136 44 91 173 120 84 119 106 152 104 118 113 19 73 43 90 151 68 113 42 140 76 146 122 37 40 186 184 100 94 112 74 53 133 112 48 112 42 33 152 42 131 119 124 147 66 142 98 100 97 128 55 60 80 96 92 157 104 111 110 45 8 76 75 100 124 166 124 50 94 76 102 88 86 102 126 74 25 129 115 112 198 83 108 62 117 39 103 142 142 168 123 18 92 80 97 135 185 157 154 
53 159 101 87 121 129 115 121 122 65 76 91 79 164 134 104 39 41 148 96 69 135 48 155 76 54 67 82 72 7 138 138 74 86 138 142 113 160 39 44 113 55 167 55 195 165 96 126 142 141 45 104 122 152 128 143 67 119 90 91 20 110 91 128 49 45 118 54 99 87 54 125 161 43 109 135 32 146 78 85 65 81 132 102 119 106 38 125 141 67 123 89 83 60 160 77 66 105 50 157 121 108 69 101 29 123 148 93 89 83 72 94 135 146 132 53 53 155 84 80 98 41 120 189 95 75 127 17 
137 133 102 40 69 28 115 44 101 43 170 69 113 111 88 104 40 80 165 160 41 100 102 57 59 91 36 166 82 99 96 116 62 143 84 63 136 51 36 63 54 52 88 188 145 130 126 24 118 155 103 30 171 153 51 85 54 117 41 18 92 23 59 156 119 119 82 135 74 131 127 96 63 110 86 79 153 10 119 78 89 71 81 57 122 105 39 96 104 60 57 177 68 113 106 174 90 107 112 109 87 106 138 131 95 133 160 130 159 108 94 194 141 121 40 68 17 126 109 27 109 124 31 169 160 110 114 88 
108 100 91 37 119 128 46 116 70 73 158 119 69 183 111 84 182 61 184 123 115 144 123 121 77 139 159 66 159 110 67 49 91 150 196 52 89 91 114 40 115 30 55 90 85 104 109 23 113 51 170 46 50 60 105 106 97 123 122 120 95 126 170 93 87 82 122 161 127 102 93 33 76 81 116 114 135 132 108 61 87 126 166 29 81 87 49 167 155 33 167 81 75 50 114 149 141 121 134 89 99 193 77 97 101 118 154 153 113 62 135 141 98 64 97 97 88 29 181 176 151 83 88 174 67 61 166 173 
161 165 154 125 164 78 129 185 51 94 56 66 109 52 129 167 127 87 110 124 20 123 114 74 61 77 23 50 109 81 70 47 91 181 94 114 89 79 20 159 146 132 41 92 131 63 116 123 54 74 88 20 97 83 106 99 79 58 25 116 80 149 96 99 97 82 133 55 57 41 137 145 150 148 129 23 47 132 95 171 14 177 118 128 43 58 129 114 187 54 55 90 40 66 124 134 70 58 100 94 103 27 133 100 155 122 152 70 110 117 146 121 64 142 186 78 80 134 167 76 77 100 70 91 82 108 92 108 
31 110 89 171 73 111 121 17 138 169 102 141 146 99 109 165 94 30 88 88 71 145 182 81 129 124 60 123 116 45 119 40 45 51 108 105 74 75 78 106 185 44 143 39 172 176 141 88 111 106 104 108 132 157 157 84 103 20 86 110 65 156 109 96 75 129 94 29 98 133 61 24 143 86 133 9 31 84 102 36 171 178 88 75 95 106 163 127 85 84 159 101 99 49 38 102 71 96 147 89 106 131 174 135 89 37 28 106 93 39 132 40 97 186 188 158 123 119 173 169 118 125 120 162 52 178 37 52 
75 130 127 37 86 131 88 20 116 116 103 22 31 42 50 66 53 73 60 150 134 125 145 151 117 134 51 153 60 105 93 20 129 36 158 32 135 59 50 78 40 174 156 159 83 96 26 107 113 81 39 63 115 81 57 134 124 134 136 88 85 123 101 147 78 115 33 66 98 58 7 70 154 32 150 62 135 176 149 193 91 35 94 64 144 141 41 99 124 73 111 164 150 135 139 120 64 71 112 135 112 31 107 4 98 147 81 153 140 103 53 68 97 78 158 6 194 146 102 71 61 118 101 32 59 68 85 93 
151 110 77 139 62 90 115 149 126 104 156 41 97 152 140 78 70 114 128 83 101 90 100 156 156 172 107 83 123 114 153 91 128 95 110 162 117 125 85 96 63 114 125 108 139 102 89 163 88 77 85 12 98 45 141 176 60 109 40 53 39 81 124 178 140 27 146 136 149 56 53 62 174 119 89 87 45 39 94 24 155 82 177 145 123 50 50 121 65 68 51 159 104 121 57 137 109 177 115 177 84 88 163 92 52 161 142 150 133 142 53 17 88 80 123 194 66 115 87 115 108 91 156 172 83 136 46 92 
69 111 154 163 49 55 158 85 105 97 181 154 124 49 99 23 50 115 32 75 24 79 118 67 77 43 157 131 119 192 77 128 111 102 41 122 40 129 152 127 166 81 45 87 79 50 116 97 122 103 116 103 74 144 138 107 88 133 95 163 165 128 24 29 75 187 76 34 60 177 31 98 37 152 114 89 130 78 183 190 105 88 112 91 139 143 52 143 127 45 133 106 47 36 104 166 30 35 89 66 116 124 60 152 136 88 153 64 142 142 155 126 29 134 119 146 115 96 139 180 72 114 145 175 107 88 124 170 
42 163 149 106 138 96 113 49 61 116 130 65 78 61 184 183 64 47 156 26 95 178 67 83 46 106 69 65 187 151 130 136 142 149 89 72 134 138 32 135 28 166 70 13 172 71 33 45 172 175 128 49 27 136 170 110 145 78 184 98 99 162 86 173 61 104 141 101 135 161 122 60 143 67 35 123 90 112 82 173 124 120 19 46 173 174 22 68 100 175 116 57 105 96 127 56 65 121 33 15 158 64 102 97 139 104 121 71 117 168 84 109 181 167 173 102 87 139 56 45 138 115 82 87 178 130 90 9 
116 118 96 109 136 57 107 78 86 116 137 65 98 66 117 126 88 94 24 15 111 97 84 64 78 105 122 119 61 108 125 131 80 67 74 126 40 130 120 99 59 160 90 40 135 124 102 97 96 118 64 46 155 108 163 122 89 17 88 63 87 70 90 60 81 187 74 185 153 40 147 86 111 132 32 126 117 136 70 117 192 114 178 84 98 164 117 151 90 39 112 114 151 50 86 152 113 161 96 136 172 117 185 156 65 125 80 66 74 123 80 27 176 76 169 71 115 180 45 32 37 53 95 114 41 128 64 189 
108 116 55 126 49 86 89 115 51 89 108 131 48 93 39 99 85 39 76 73 29 119 24 44 147 72 77 171 140 127 62 101 51 112 115 66 122 48 129 62 102 43 129 151 103 134 38 117 104 74 164 100 163 39 44 106 100 32 65 132 88 68 112 149 140 100 18 111 20 50 151 129 95 93 113 190 101 80 149 40 147 105 48 117 63 150 183 114 46 173 154 30 98 176 80 161 143 68 102 168 129 124 49 151 95 78 106 109 92 18 98 109 151 77 118 61 108 72 138 37 102 76 157 82 131 192 136 108 
114 175 114 125 62 109 52 78 31 187 111 53 67 77 128 139 122 156 145 98 58 124 28 13 101 180 69 40 162 62 52 50 121 96 121 113 158 87 89 118 122 91 27 174 143 91 97 123 156 83 76 101 81 127 123 135 140 142 107 136 97 101 170 90 72 11 88 186 141 157 104 109 86 84 58 48 137 154 155 76 29 100 103 88 69 168 56 57 15 128 85 112 172 27 109 22 107 134 102 96 66 130 142 65 162 149 23 172 118 92 41 124 83 100 125 118 91 114 115 53 76 138 71 105 100 89 141 106 
74 67 94 96 88 94 101 87 171 82 87 156 58 26 43 76 78 93 78 47 101 98 33 138 45 51 114 102 120 111 190 62 92 86 104 167 84 113 116 151 155 55 162 30 167 106 58 112 31 101 96 62 26 36 53 65 150 36 112 80 57 86 166 93 107 119 97 173 92 68 42 158 120 42 22 57 101 182 13 129 58 48 159 143 84 75 63 192 178 107 149 104 25 92 193 63 140 4 110 101 89 114 63 120 105 64 22 118 68 80 120 31 88 70 120 101 156 145 82 95 157 71 158 113 105 35 91 83 
86 75 114 60 76 101 143 42 150 99 81 136 63 56 61 56 92 132 52 141 136 19 84 73 106 155 71 149 159 109 68 101 182 56 78 73 84 66 42 27 20 49 37 145 128 100 95 160 108 80 125 180 133 143 32 125 175 113 183 97 33 173 15 128 69 122 147 113 77 69 61 126 168 112 114 114 199 36 78 97 33 83 85 99 102 152 102 91 179 148 169 53 126 56 85 30 71 110 13 89 190 113 135 138 132 68 83 124 110 97 189 169 174 91 162 32 172 175 87 114 82 105 113 94 131 136 90 102 
73 148 131 126 58 165 179 83 90 42 49 165 140 122 22 107 156 84 118 190 86 195 95 164 86 179 28 88 136 175 97 155 93 60 166 53 128 122 115 58 98 39 111 138 62 9 53 92 90 110 103 92 171 177 58 20 109 55 132 104 56 184 63 14 47 97 135 79 64 118 65 112 191 45 19 181 102 69 82 65 78 130 169 67 72 85 81 135 166 66 129 120 114 154 105 63 124 121 33 25 4 111 130 146 78 86 108 147 81 135 95 160 67 82 52 59 83 107 178 41 131 100 105 131 56 91 84 154 
148 41 59 183 101 50 125 102 130 105 118 108 40 68 108 79 35 126 140 137 42 128 133 32 167 136 111 95 17 98 40 30 70 111 46 115 103 18 102 53 34 152 13 51 110 55 143 154 174 41 51 113 82 85 127 57 75 91 100 100 138 90 13 155 66 127 114 29 89 121 46 182 101 49 52 38 73 138 110 71 38 80 145 132 73 95 19 78 78 55 90 110 123 126 86 155 53 69 103 121 127 77 54 139 82 132 61 126 134 185 75 110 61 108 178 68 136 88 130 128 192 89 35 136 91 198 82 98 
119 100 113 144 94 24 58 124 188 70 116 152 76 113 179 88 25 136 71 63 70 60 51 41 101 72 36 47 42 82 67 82 109 104 83 137 90 56 157 68 119 97 112 39 138 99 132 64 127 19 80 93 76 154 69 153 137 100 127 96 82 99 96 95 143 144 58 55 103 64 159 127 48 72 122 172 99 93 42 81 68 109 19 128 156 165 51 150 128 122 115 145 85 183 79 114 140 144 124 46 116 93 144 128 79 141 35 122 140 157 127 114 166 92 37 85 46 124 90 64 136 141 91 90 84 82 196 58 
151 118 65 43 101 86 45 151 40 83 36 83 114 34 39 146 32 107 112 128 93 167 101 123 168 127 157 81 114 104 16 119 120 86 83 122 70 33 162 118 154 77 61 53 85 76 110 80 51 131 76 41 68 148 87 29 69 71 55 161 55 148 121 148 99 102 84 171 142 76 77 118 113 112 143 50 174 124 140 60 98 139 80 76 137 155 109 92 146 96 115 35 88 24 103 84 79 117 141 94 129 148 86 140 34 109 103 33 162 154 17 88 173 108 52 93 92 170 9 189 108 106 83 102 154 98 58 182 