16
38 41 99 96 64 99 42 89 71 72 44 56 99 32 17 54 
61 13 15 92 81 29 23 14 92 22 9 95 31 17 23 48 
83 14 61 24 16 60 16 77 75 25 46 23 42 50 93 43 
79 17 12 4 95 95 88 9 81 13 54 17 52 15 7 34 
48 46 60 62 59 36 89 1 52 9 15 99 66 98 80 95 
74 51 91 79 55 3 96 6 54 84 3 51 7 22 27 76 
95 62 29 44 84 6 66 29 95 64 9 89 26 75 67 71 
77 89 94 78 77 48 39 7 57 40 92 2 66 54 13 2 
18 73 99 54 68 20 21 14 86 92 82 11 42 37 77 99 
55 92 1 55 32 3 34 42 70 12 83 56 8 48 20 64 
63 89 97 20 4 50 9 17 14 6 93 32 4 8 90 58 
73 51 18 32 80 90 82 83 90 71 39 63 99 29 10 54 
39 32 93 64 58 83 84 93 56 15 46 84 42 70 37 57 
24 18 52 50 10 92 69 43 72 49 26 8 62 43 10 34 
29 69 53 24 71 31 63 35 44 81 43 50 86 51 86 55 
72 2 71 76 72 92 87 49 18 65 43 26 60 45 34 38 
188 111 14 119 15 110 25 46 163 57 45 98 51 111 168 131 
111 144 40 125 176 108 87 141 128 90 122 61 145 157 189 78 
14 40 34 85 180 81 22 83 111 154 49 82 84 140 32 67 
119 125 85 182 49 93 136 125 105 66 167 122 140 101 82 121 
15 176 180 49 152 102 105 69 102 45 90 170 24 143 15 69 
110 108 81 93 102 138 96 94 139 78 142 62 106 112 121 133 
25 87 22 136 105 96 28 67 130 80 100 48 33 105 146 119 
46 141 83 125 69 94 67 90 87 144 116 66 101 146 26 142 
163 128 111 105 102 139 130 87 138 104 90 54 153 76 131 121 
57 90 154 66 45 78 80 144 104 108 48 93 134 88 93 101 
45 122 49 167 90 142 100 116 90 48 80 70 61 61 54 109 
98 61 82 122 170 62 48 66 54 93 70 196 180 166 16 113 
51 145 84 140 24 106 33 101 153 134 61 180 30 39 74 50 
111 157 140 101 143 112 105 146 76 88 61 166 39 170 137 119 
168 189 32 82 15 121 146 26 131 93 54 16 74 137 196 90 
131 78 67 121 69 133 119 142 121 101 109 113 50 119 90 64 