64
94 73 7 78 98 30 86 63 67 84 22 71 97 94 88 14 31 46 26 63 34 71 70 59 41 78 13 52 77 92 26 37 71 33 36 58 18 9 57 95 24 4 84 94 100 31 92 33 89 3 35 81 67 53 92 59 44 95 14 38 58 52 60 5 
19 52 17 58 53 93 71 53 21 71 89 40 8 79 47 84 60 60 50 75 91 83 25 66 59 61 28 100 54 38 81 86 46 51 39 6 16 54 98 85 27 90 16 35 44 55 84 75 23 91 13 57 53 75 29 36 90 17 77 47 21 46 31 27 
69 37 21 26 50 94 7 75 88 58 21 64 65 89 26 94 20 35 66 36 17 59 41 73 66 76 60 12 7 97 48 95 14 40 84 30 45 22 98 75 30 68 97 28 84 69 87 32 48 58 7 31 27 6 50 72 44 24 81 14 62 72 81 59 
19 82 14 49 12 50 90 23 52 28 40 20 47 45 91 52 25 39 29 27 15 4 15 95 15 26 91 19 50 74 13 1 42 53 22 89 4 88 97 86 51 70 98 88 58 17 29 57 22 49 32 96 29 11 4 55 70 65 84 71 46 28 91 52 
63 66 82 84 77 18 93 31 49 86 83 53 74 4 69 38 99 8 14 28 25 47 26 82 28 82 41 12 69 22 4 33 66 89 43 63 69 87 12 23 5 1 37 55 47 71 73 22 53 72 32 80 11 100 34 34 54 55 42 59 38 78 39 99 
60 46 1 74 43 91 93 87 26 92 48 9 29 81 62 14 60 26 48 71 53 16 91 16 72 84 10 58 74 35 65 65 23 68 51 7 24 83 40 29 41 3 39 100 53 78 12 73 1 55 52 75 25 15 90 100 89 95 67 72 17 91 24 40 
86 14 22 95 47 38 14 86 78 66 90 15 92 38 42 71 25 64 84 80 50 84 47 92 35 49 66 56 81 28 9 53 65 28 65 73 96 76 57 43 93 72 63 77 81 29 49 78 64 99 3 94 59 67 9 76 56 60 83 100 20 88 97 31 
30 94 81 50 87 15 59 92 34 3 87 33 18 19 98 14 10 23 11 19 84 56 9 14 29 22 8 75 52 70 26 10 27 49 36 64 21 52 22 89 18 37 64 28 89 75 5 84 71 13 16 42 7 84 30 96 10 56 99 83 14 44 66 94 
90 15 52 79 70 71 1 1 64 53 28 19 40 87 83 67 77 48 66 27 65 51 85 87 26 65 22 62 63 11 50 38 80 23 47 41 95 6 81 82 52 25 22 62 91 84 61 100 69 55 75 95 11 26 61 31 32 9 53 29 56 6 94 5 
53 17 82 58 45 2 74 30 1 66 89 47 75 79 75 9 54 52 25 25 84 10 35 86 44 57 31 77 51 30 83 61 19 22 7 24 46 30 36 39 25 51 56 37 97 67 70 19 21 15 38 54 13 78 72 83 81 73 65 76 11 39 21 35 
27 72 57 67 3 91 18 97 7 100 69 30 15 7 25 68 85 46 37 32 55 94 49 12 68 62 62 24 22 100 6 53 57 89 73 84 21 78 49 29 87 27 16 90 46 95 11 23 91 45 20 51 78 81 70 91 66 62 75 19 99 48 94 34 
50 41 84 4 98 98 11 5 92 9 31 55 57 7 93 89 8 87 63 65 91 82 61 14 19 76 93 91 70 71 4 24 63 74 21 71 93 35 81 67 5 42 64 21 35 10 18 66 52 33 35 70 15 66 60 47 29 62 33 74 23 57 20 85 
83 51 41 46 57 97 55 37 83 67 96 42 44 39 42 56 66 81 58 13 21 17 8 74 66 58 24 98 30 75 75 2 56 57 24 22 34 30 72 100 89 12 3 74 46 21 89 29 23 85 34 13 23 58 44 19 67 42 99 29 21 36 27 99 
26 16 61 61 72 55 22 29 20 22 49 9 18 46 21 68 58 97 16 9 59 66 58 25 41 85 60 65 14 16 95 9 18 41 64 30 89 58 49 82 40 54 72 88 44 97 46 92 86 39 84 32 59 61 47 54 40 70 20 88 10 27 23 77 
60 18 37 46 79 1 18 83 38 53 56 76 64 32 36 69 33 52 4 20 94 72 66 27 25 52 35 90 82 28 59 43 65 31 11 12 10 43 53 39 71 71 43 70 93 71 43 72 30 53 9 55 11 14 81 84 41 19 42 3 41 40 28 84 
77 17 19 67 35 69 17 16 62 46 63 5 80 24 77 61 71 45 92 85 44 39 52 92 42 92 47 40 83 78 87 51 78 5 83 92 42 31 68 5 18 44 78 22 92 51 2 12 82 99 92 48 16 10 38 1 97 32 24 65 81 11 47 58 
43 23 98 69 84 27 3 29 7 84 71 64 42 48 100 58 47 32 41 12 70 25 28 20 13 40 13 79 68 68 15 76 71 98 15 70 24 85 38 56 47 2 55 26 80 84 54 24 11 57 79 64 35 66 38 3 80 44 72 37 93 95 96 71 
76 19 60 75 9 12 89 26 36 4 91 92 95 89 37 52 96 79 4 91 45 1 26 80 26 13 16 61 30 39 43 5 34 54 14 56 31 43 33 35 67 42 69 56 13 82 97 15 43 57 83 36 96 81 95 80 73 38 86 60 7 11 71 26 
7 24 59 26 53 42 44 63 30 44 68 68 44 56 9 29 87 92 23 96 74 64 6 59 9 52 16 66 67 51 35 6 45 66 27 91 46 95 16 47 33 11 48 14 24 14 62 51 8 8 40 35 50 80 90 90 10 40 49 24 35 97 84 76 
11 23 81 16 15 28 85 46 43 66 93 43 85 98 48 2 74 40 83 86 34 91 61 5 19 59 55 28 83 33 18 11 32 83 2 18 66 19 32 33 43 7 52 7 58 1 24 85 88 31 46 10 71 14 92 75 32 20 54 56 49 93 25 94 
80 97 75 18 14 63 13 83 28 69 92 47 42 87 31 72 69 37 92 90 60 56 25 1 57 32 71 73 52 2 55 20 11 12 86 1 69 8 25 40 58 79 92 95 96 2 7 81 28 26 6 42 30 62 27 8 8 97 30 27 29 89 30 65 
8 98 42 87 58 92 87 3 6 71 39 65 44 78 4 72 68 66 18 24 58 60 47 45 7 10 97 37 27 67 36 58 17 71 19 30 100 68 62 89 95 23 86 60 79 58 35 82 17 92 61 71 24 39 74 86 27 80 75 25 23 19 59 93 
88 70 13 70 78 23 28 59 40 60 93 55 93 19 18 23 10 72 79 49 92 25 18 12 8 51 39 88 34 82 31 87 73 59 70 50 64 6 66 82 6 10 32 8 74 31 55 18 46 47 11 13 51 12 45 20 89 67 44 72 90 74 18 80 
96 66 36 58 1 83 61 32 4 23 36 7 5 51 74 43 66 95 93 83 28 66 23 54 26 91 11 19 55 51 80 34 51 27 90 100 56 7 57 75 7 17 72 87 52 98 66 57 44 91 4 49 83 65 51 60 44 29 42 66 58 74 54 71 
2 87 29 85 20 21 95 32 58 9 54 27 96 56 51 83 18 55 2 20 85 35 75 19 33 36 53 38 43 37 60 11 59 49 80 84 42 19 94 24 24 86 69 51 69 76 33 54 84 92 71 100 25 32 32 89 7 39 28 47 78 90 70 37 
67 97 61 54 93 36 31 53 1 83 15 12 22 26 7 99 20 70 49 56 100 58 65 91 39 51 77 30 43 35 5 37 42 9 26 64 86 84 17 78 81 91 29 86 85 60 48 15 77 79 13 51 91 97 24 86 48 38 54 25 36 2 6 8 
39 32 41 81 16 6 67 95 45 74 6 50 33 88 18 18 60 66 4 11 37 77 2 28 29 50 47 46 60 9 45 30 89 86 49 60 2 63 80 9 22 40 52 22 86 76 48 21 49 11 11 3 88 87 67 94 45 42 99 87 25 22 44 6 
67 55 3 99 82 22 3 86 29 100 74 84 4 84 4 31 34 19 38 62 69 54 77 74 85 56 96 5 27 17 72 49 59 36 13 91 4 37 45 63 51 33 85 33 75 92 97 75 68 57 12 10 74 96 62 91 4 7 80 97 23 76 41 83 
75 26 10 35 50 74 48 13 34 89 2 68 32 76 6 49 98 21 26 87 3 40 87 76 50 61 97 26 15 97 94 27 17 46 80 27 51 33 85 17 11 53 90 73 23 51 71 20 10 73 79 65 77 46 55 52 47 75 83 69 99 65 2 56 
31 88 23 7 6 40 4 43 77 82 58 7 77 15 71 33 51 13 71 60 66 18 46 45 98 42 9 3 44 67 65 96 29 51 24 27 17 50 9 15 97 60 36 59 56 53 83 57 25 43 13 41 42 34 64 29 2 8 64 21 22 69 78 8 
39 20 52 40 64 38 84 10 15 76 71 30 72 5 17 99 54 68 26 38 75 46 81 97 73 4 84 55 41 13 26 49 84 47 36 25 53 45 42 65 95 20 91 18 64 2 16 93 56 3 94 92 82 99 87 40 23 20 6 8 80 66 98 66 
3 2 40 33 21 9 72 3 29 56 55 52 45 49 69 6 52 14 17 67 8 54 88 92 94 31 87 30 5 1 36 79 46 85 88 68 45 89 22 4 27 47 43 67 28 34 79 77 87 68 12 95 57 67 15 19 66 56 54 2 56 69 45 9 
19 44 39 100 54 4 88 48 8 75 6 67 97 13 14 94 99 34 86 79 6 64 27 86 31 76 54 63 89 22 84 23 85 96 25 55 29 75 33 94 71 96 78 70 53 89 69 58 79 2 85 1 90 62 36 62 25 33 45 13 64 35 40 80 
15 6 73 86 86 47 61 85 35 23 5 72 85 72 8 31 71 23 83 71 57 78 60 20 27 70 68 71 26 43 7 53 59 75 98 17 81 87 74 52 5 89 82 46 12 76 78 42 53 27 9 35 83 95 24 21 81 78 6 26 51 71 72 5 
10 92 35 13 42 15 38 20 67 28 99 21 4 30 83 43 92 49 39 42 87 77 32 41 43 10 61 68 42 14 65 4 34 72 43 41 32 25 3 31 62 8 98 39 20 40 99 81 48 31 84 98 82 18 26 35 71 70 41 71 43 4 11 38 
27 100 52 42 86 44 88 29 88 58 2 49 93 76 41 40 46 16 21 64 5 2 8 32 10 42 97 41 34 73 84 78 39 10 63 40 14 89 68 71 64 20 60 49 98 67 88 73 89 100 76 7 86 81 78 16 3 79 53 12 6 74 43 61 
95 39 72 19 24 39 25 19 71 27 34 40 21 86 42 22 79 3 50 89 35 66 34 40 21 69 14 31 62 28 91 70 42 99 55 8 37 2 94 94 85 86 37 60 10 74 7 100 32 79 26 39 47 49 100 65 63 45 100 9 1 14 70 50 
65 22 44 4 44 46 39 55 27 95 31 23 10 29 5 14 93 54 5 9 11 53 85 2 92 34 97 76 27 45 26 59 1 77 8 71 23 79 89 37 96 7 94 18 60 37 37 53 44 36 56 3 71 16 22 16 21 45 72 38 66 47 64 11 
14 27 70 94 63 9 83 35 3 72 27 63 59 17 82 4 70 43 75 28 62 24 81 87 96 93 8 41 76 62 29 42 81 96 59 50 72 69 52 85 59 33 12 22 82 89 87 15 18 13 92 70 32 50 56 45 85 62 22 13 44 1 5 29 
24 15 93 23 29 27 12 93 57 69 33 99 47 12 62 47 71 53 96 91 28 95 34 82 29 88 99 88 83 38 86 87 23 6 59 27 74 42 59 45 69 51 39 43 49 95 91 20 83 41 92 2 44 88 94 62 78 37 93 63 46 27 8 98 
93 14 41 85 15 69 87 70 92 38 54 47 3 27 85 30 19 93 7 67 81 43 65 73 84 29 66 38 73 28 4 66 86 12 26 55 99 39 26 24 42 33 81 73 63 34 52 87 91 99 10 7 40 59 1 43 23 52 16 92 7 59 97 56 
34 46 61 5 67 59 41 45 44 60 55 65 63 19 14 30 28 68 60 95 73 55 77 39 97 84 54 100 24 89 29 50 50 38 96 88 46 47 9 72 31 86 64 57 11 38 65 15 79 6 98 44 95 14 79 30 38 6 41 50 86 40 83 31 
65 32 8 30 30 88 74 12 22 32 3 86 79 43 55 60 13 49 55 78 36 59 21 36 61 56 90 50 88 5 98 36 94 24 4 52 37 71 49 37 44 70 44 97 67 9 13 23 93 82 78 26 47 10 91 10 39 21 65 15 94 73 17 92 
5 18 99 77 41 23 16 31 54 23 84 20 15 88 6 53 43 32 26 48 68 25 99 64 37 62 19 20 70 85 97 76 38 63 85 87 50 85 89 87 56 17 23 8 4 22 78 40 53 41 50 87 31 77 16 94 57 20 82 44 42 10 28 99 
97 100 54 59 84 58 45 12 99 44 67 82 60 85 61 30 72 22 44 8 53 31 93 24 91 9 91 47 70 50 24 6 53 52 48 55 29 84 85 7 85 35 17 30 33 6 1 3 86 49 32 87 5 33 65 64 28 89 65 59 80 34 98 13 
51 99 58 42 37 34 9 97 3 57 12 70 7 46 42 54 50 76 85 58 75 95 67 75 45 99 45 49 54 81 85 56 66 33 27 16 14 48 68 62 30 95 23 15 32 28 74 68 69 30 13 23 43 58 17 32 79 22 7 15 85 21 73 47 
86 79 67 15 4 99 32 83 78 8 18 52 66 54 40 75 78 48 22 78 76 60 77 79 47 81 23 69 15 95 13 76 78 86 41 3 59 1 14 17 9 45 99 95 20 95 12 4 85 17 27 16 89 92 52 16 68 56 26 27 14 81 59 5 
42 23 8 82 35 30 95 61 31 5 63 25 47 100 98 67 45 65 64 14 76 93 72 64 14 72 29 43 88 43 87 98 18 96 27 89 24 69 77 88 46 22 17 82 1 67 77 62 26 61 77 98 74 27 5 52 6 70 18 91 19 24 46 19 
53 65 96 55 27 83 37 28 13 62 79 30 45 2 84 33 38 37 28 38 41 29 22 28 35 71 99 48 1 18 91 63 81 40 72 35 66 43 39 91 52 4 5 67 13 71 63 54 39 28 28 97 21 9 51 22 16 82 46 36 25 23 99 44 
68 77 18 79 72 85 42 19 56 98 75 84 92 73 77 40 4 21 25 68 77 29 74 20 56 74 8 89 25 2 22 18 6 5 20 51 10 39 82 57 92 11 82 26 52 81 42 86 69 2 84 81 25 17 95 76 16 47 32 25 23 94 4 100 
69 37 8 79 44 30 53 19 22 41 94 33 49 22 15 19 65 5 61 13 84 12 59 49 57 38 2 55 80 89 88 66 41 67 99 43 46 94 45 28 91 24 57 98 57 72 49 27 50 29 45 4 35 39 92 97 90 35 57 81 51 18 86 46 
45 71 89 25 93 23 92 99 23 92 71 98 76 20 1 63 29 13 68 1 45 90 40 64 66 57 60 31 50 18 71 23 72 93 22 60 47 31 11 13 80 29 56 33 48 96 78 10 98 3 55 63 77 59 19 29 5 24 87 36 84 17 71 35 
58 96 3 6 70 6 56 20 35 44 5 54 76 49 5 60 93 65 29 12 54 45 95 62 43 45 69 23 81 19 84 51 27 16 1 18 18 34 43 82 82 12 70 38 22 89 54 100 67 42 31 62 59 30 36 24 30 50 22 20 27 87 49 59 
63 43 84 33 44 28 55 38 95 97 80 71 71 91 52 23 60 94 72 60 58 47 82 11 19 68 83 100 92 47 88 58 70 86 85 83 67 2 55 32 38 49 62 6 68 14 30 73 35 82 31 21 45 83 13 92 66 5 68 73 97 64 57 72 
47 37 13 77 63 56 33 77 25 55 14 46 42 64 42 16 34 55 50 95 90 62 77 9 27 83 17 12 32 21 56 50 20 37 33 97 53 23 95 62 61 16 27 55 44 98 56 21 2 62 44 40 28 34 3 58 67 38 76 17 46 83 1 25 
35 24 27 46 80 2 80 35 36 18 1 6 88 45 43 19 22 54 31 71 69 64 63 90 37 35 1 12 80 32 22 36 46 87 1 14 65 43 1 6 52 19 13 72 25 65 21 94 40 73 32 13 33 79 40 7 86 38 41 95 40 93 84 28 
39 38 16 36 66 82 91 20 36 24 35 9 20 44 64 83 41 86 30 50 72 2 87 55 23 97 83 9 55 94 59 95 90 6 32 19 93 13 77 31 57 78 17 62 74 64 41 87 17 23 13 97 52 24 30 18 5 19 51 77 22 56 19 70 
64 72 72 49 94 14 79 22 61 93 34 35 58 56 4 37 24 86 67 21 63 93 37 3 74 13 41 69 2 78 13 97 82 11 21 29 73 23 86 54 7 23 81 71 90 11 51 64 52 92 37 37 6 6 82 6 54 78 85 38 4 59 78 17 
77 66 11 82 67 21 90 82 47 37 28 92 70 57 85 99 52 95 77 61 7 10 72 52 81 2 67 22 51 41 43 25 74 25 61 93 28 68 47 75 47 52 86 80 18 59 94 77 89 15 96 88 91 41 26 22 64 100 21 9 45 86 39 74 
5 2 33 100 23 75 25 55 73 17 69 40 68 64 84 17 98 95 44 75 23 18 83 80 68 39 10 42 45 66 74 43 74 67 60 9 48 45 81 31 75 46 44 70 49 93 49 28 18 34 46 53 56 67 64 90 98 95 82 72 81 82 36 90 
96 33 88 23 12 82 14 46 28 92 13 87 51 64 2 35 82 89 49 49 55 4 86 82 20 86 59 66 78 16 3 65 19 21 68 11 2 38 41 25 55 63 27 55 33 40 95 95 6 34 83 20 62 58 84 71 42 18 44 71 96 50 56 8 
10 45 70 98 93 83 61 77 15 90 60 94 63 9 3 81 29 46 55 52 85 48 2 98 53 100 93 95 90 94 23 56 93 84 72 90 2 17 68 61 93 41 74 45 41 21 54 12 85 6 79 66 90 47 18 6 55 44 56 93 30 13 54 40 
37 78 5 17 52 69 43 63 82 15 15 60 20 46 96 88 42 87 82 62 50 14 57 96 12 32 60 60 96 35 7 5 69 36 10 61 93 92 79 90 83 63 19 85 64 73 4 19 100 51 58 20 12 17 23 28 2 55 89 96 81 14 66 100 
13 79 57 34 42 72 22 30 8 75 18 11 68 14 24 24 77 48 80 64 95 31 98 10 85 97 35 43 4 36 27 72 32 43 7 35 75 3 64 70 13 98 85 73 92 71 99 61 55 99 45 71 99 92 72 84 35 40 88 70 72 13 65 94 
128 101 162 83 72 155 151 60 105 97 77 144 125 61 64 115 24 176 130 120 35 132 152 147 92 127 158 199 117 151 130 56 31 91 83 74 110 101 37 145 164 132 134 19 147 73 37 25 84 27 103 123 132 77 78 45 98 90 102 105 131 99 29 116 
101 62 21 156 41 121 171 56 93 109 99 115 110 45 65 100 174 83 164 51 125 162 81 56 79 41 70 79 182 144 112 159 54 109 89 112 130 103 106 73 123 131 175 89 140 163 116 125 99 111 122 14 140 94 131 152 66 119 162 36 49 47 111 18 
162 21 18 18 89 68 133 142 143 30 118 164 142 160 45 102 114 140 52 141 53 98 174 87 62 74 74 131 130 122 136 103 62 119 96 107 86 19 123 132 66 123 86 141 90 103 100 132 84 108 105 167 41 38 81 107 112 85 43 133 72 97 151 77 
83 156 18 68 110 193 114 187 107 69 159 156 109 66 109 74 89 147 101 71 91 99 72 173 126 116 15 122 109 78 51 90 61 106 119 69 21 115 42 146 34 90 151 96 79 150 133 99 138 132 150 142 89 140 132 55 66 85 77 151 115 84 93 98 
72 41 89 110 174 129 114 126 107 58 76 145 171 155 180 95 38 81 118 47 46 121 156 154 74 157 92 117 150 164 96 78 58 56 84 106 4 60 49 113 188 138 122 107 12 108 73 187 106 101 110 131 68 146 82 149 77 96 118 116 108 178 128 61 
155 121 68 193 129 20 69 187 163 119 124 103 100 78 126 124 27 123 83 153 9 106 17 114 57 57 64 109 108 36 154 89 86 32 108 171 130 86 155 70 99 179 114 32 79 41 96 129 110 77 169 124 113 38 115 126 81 17 75 36 106 103 82 98 
151 171 133 114 114 69 148 102 85 119 110 156 51 125 22 91 92 45 141 84 104 20 150 111 39 106 122 108 79 121 109 10 122 161 46 123 94 107 80 180 80 44 90 114 122 93 111 170 101 28 91 113 106 184 130 36 144 103 60 83 167 117 48 135 
60 56 142 187 126 187 102 160 97 114 56 119 151 95 75 50 119 136 103 73 120 55 53 122 99 134 87 101 87 56 21 91 149 138 88 75 100 90 104 111 172 147 169 105 51 83 174 191 123 116 152 107 127 116 118 155 110 188 106 102 48 149 63 29 
105 93 143 107 107 163 85 97 128 176 73 70 94 96 88 23 57 76 134 119 85 135 99 83 56 95 47 140 74 129 179 16 101 75 64 150 67 69 70 102 80 82 108 80 89 168 109 108 95 194 102 72 136 106 175 177 113 109 124 88 132 101 44 92 
97 109 30 69 58 119 119 114 176 88 85 97 112 114 42 132 31 36 149 156 68 116 88 105 62 84 63 47 72 171 180 127 67 107 160 119 108 26 68 44 99 112 88 161 158 66 144 22 79 27 197 70 48 100 133 100 127 154 144 87 168 80 85 135 
77 99 118 159 76 124 110 56 73 85 136 142 86 111 128 57 155 19 56 83 19 131 76 144 60 123 121 101 119 120 104 73 102 121 87 22 123 103 72 115 140 122 178 51 123 96 70 97 139 43 105 163 38 41 66 101 171 59 48 84 166 66 88 19 
144 115 164 156 145 103 156 119 70 97 142 18 148 77 153 50 192 94 166 101 109 96 120 167 70 74 152 99 37 75 165 30 63 150 105 81 128 157 119 140 145 55 110 54 162 81 94 104 101 157 57 107 65 65 82 94 58 129 149 115 92 99 148 66 
125 110 142 109 171 100 51 151 94 112 86 148 112 101 127 113 98 103 94 67 61 13 88 72 91 113 161 83 63 83 162 125 76 34 90 113 112 22 71 165 77 134 55 72 151 106 136 77 113 91 129 93 182 39 80 101 125 163 147 101 85 102 110 46 
61 45 160 66 155 78 125 95 96 114 111 77 101 10 53 87 82 114 28 97 134 72 194 93 130 117 110 74 183 115 116 161 167 78 94 90 122 37 83 84 129 116 87 63 69 133 176 188 79 123 31 143 121 128 77 53 124 115 78 25 63 56 154 115 
64 65 45 109 180 126 22 75 88 42 128 153 127 53 34 71 129 173 106 119 146 83 28 61 166 65 120 91 21 91 46 99 32 176 100 177 74 141 103 62 78 132 76 134 107 95 163 111 36 67 56 148 117 102 133 84 42 107 54 50 153 79 83 109 
115 100 102 74 95 124 91 50 23 132 57 50 113 87 71 64 111 57 14 130 145 80 121 131 133 61 141 22 169 122 159 189 34 107 37 69 120 114 45 130 16 68 84 71 118 157 134 36 98 111 89 133 93 139 136 24 91 117 35 61 125 104 151 84 
24 174 114 89 38 27 92 119 57 31 155 192 98 82 129 111 178 162 97 59 54 78 61 80 92 34 80 177 127 68 66 119 55 184 103 25 65 82 83 121 125 130 160 139 154 50 119 156 100 74 151 99 134 149 101 133 68 32 53 114 69 183 28 83 
176 83 140 147 81 123 45 136 76 36 19 94 103 114 173 57 162 140 33 90 118 78 70 103 35 84 112 113 133 153 80 74 148 36 137 78 115 148 98 163 66 57 101 76 97 14 90 80 60 129 29 125 94 99 58 156 109 98 89 104 67 78 118 120 
130 164 52 101 118 83 141 103 134 149 56 166 94 28 106 14 97 33 4 34 27 120 105 57 95 106 67 25 149 116 101 77 158 68 101 102 15 116 156 102 52 168 119 97 65 88 188 93 127 124 126 159 176 99 106 85 159 97 78 48 109 123 161 81 
120 51 141 71 47 153 84 73 119 156 83 101 67 97 119 130 59 90 34 70 103 133 60 66 22 106 125 109 65 168 148 130 82 130 113 88 108 49 125 14 83 33 123 91 77 23 139 98 37 51 157 80 115 143 139 64 130 72 183 89 44 43 43 37 
35 125 53 91 46 9 104 120 85 68 19 109 61 134 146 145 54 118 27 103 98 146 78 30 139 59 33 46 103 135 92 54 77 112 64 102 15 143 155 133 133 65 142 58 155 82 87 110 185 16 56 119 64 192 33 115 108 119 118 30 120 113 183 55 
132 162 98 99 121 106 20 55 135 116 131 96 13 72 83 80 78 78 120 133 146 154 185 94 96 93 51 120 87 82 130 110 109 34 116 172 106 131 114 82 130 71 89 31 174 166 142 155 81 75 100 115 34 129 58 124 133 96 121 67 163 120 62 66 
152 81 174 72 156 17 150 53 99 88 76 120 88 194 28 121 61 70 105 60 78 185 84 80 110 112 86 98 190 66 99 49 136 103 13 71 64 158 56 37 48 168 160 37 89 148 25 155 84 68 86 44 46 78 84 76 104 46 112 96 98 157 98 76 
147 56 87 173 154 114 111 122 83 105 144 167 72 93 61 131 80 103 57 66 30 94 80 124 131 107 52 73 123 97 61 101 112 102 24 103 30 123 37 110 72 54 112 120 122 90 44 194 40 117 121 153 113 117 84 35 190 38 78 100 88 123 95 142 
92 79 62 126 74 57 39 99 56 62 60 70 91 130 166 133 92 35 95 22 139 96 110 131 70 182 82 42 89 184 119 106 180 123 114 95 95 151 106 117 103 88 80 97 160 115 92 106 194 152 155 141 97 69 107 31 65 123 43 128 161 106 75 35 
127 41 74 116 157 57 106 134 95 84 123 74 113 117 65 61 34 84 106 106 59 93 112 107 182 54 137 113 197 125 115 31 5 160 52 119 94 27 66 151 170 77 123 169 131 108 142 120 66 88 133 162 21 80 130 122 54 165 121 53 129 156 176 142 
158 70 74 15 92 64 122 87 47 63 121 152 161 110 120 141 80 112 67 125 33 51 86 52 82 137 16 60 138 69 37 177 115 150 89 42 139 108 42 118 78 47 97 184 76 80 104 132 127 32 117 120 51 31 33 86 142 164 24 172 54 165 108 125 
199 79 131 122 117 109 108 101 140 47 101 99 83 74 91 22 177 113 25 109 46 120 98 73 42 113 60 66 16 175 141 114 42 171 139 100 137 149 144 130 62 68 33 130 147 57 78 76 89 137 101 172 154 108 130 135 156 133 109 190 62 62 161 81 
117 182 130 109 150 108 79 87 74 72 119 37 63 183 21 169 127 133 149 65 103 87 190 123 89 197 138 16 184 140 181 128 158 97 66 138 128 149 74 79 179 67 41 84 137 62 105 32 102 30 130 92 104 84 57 61 87 126 106 51 99 117 95 120 
151 144 122 78 164 36 121 56 129 171 120 75 83 115 91 122 68 153 116 168 135 82 66 97 184 125 69 175 140 44 99 150 199 134 71 161 127 126 100 155 104 122 43 149 59 45 108 99 57 67 125 69 87 34 74 160 164 29 188 130 57 187 78 114 
130 112 136 51 96 154 109 21 179 180 104 165 162 116 46 159 66 80 101 148 92 130 99 61 119 115 37 141 181 99 194 40 100 147 92 86 108 41 38 97 78 49 173 110 111 127 98 81 98 131 53 134 147 85 75 73 93 75 126 165 126 182 90 144 
56 159 103 90 78 89 10 91 16 127 73 30 125 161 99 189 119 74 77 130 54 110 49 101 106 31 177 114 128 150 40 86 200 69 87 38 152 130 42 34 156 40 129 106 52 131 129 84 132 72 144 92 107 122 155 96 97 123 63 108 92 113 130 159 
31 54 62 61 58 86 122 149 101 67 102 63 76 167 32 34 55 148 158 82 77 109 136 112 180 5 115 42 158 199 100 200 94 194 126 103 70 89 30 36 85 59 103 91 118 93 103 121 78 108 93 51 46 104 126 133 85 132 58 140 119 64 92 79 
91 109 119 106 56 32 161 138 75 107 121 150 34 78 176 107 184 36 68 130 112 34 103 102 123 160 150 171 97 134 147 69 194 168 113 48 69 102 131 66 43 105 153 117 86 147 68 127 121 112 39 114 100 172 121 143 99 29 81 69 139 81 33 58 
83 89 96 119 84 108 46 88 64 160 87 105 90 94 100 37 103 137 101 113 64 116 13 24 114 52 89 139 66 71 92 87 126 113 70 103 149 147 88 92 49 110 93 174 59 75 116 85 124 85 75 56 92 61 124 90 159 113 100 23 126 174 61 64 
74 112 107 69 106 171 123 75 150 119 22 81 113 90 177 69 25 78 102 88 102 172 71 103 95 119 42 100 138 161 86 38 103 48 103 56 49 158 156 115 62 141 149 75 92 133 152 114 98 87 197 54 90 45 146 149 142 114 127 41 55 69 50 71 
110 130 86 21 4 130 94 100 67 108 123 128 112 122 74 120 65 115 15 108 15 106 64 30 95 94 139 137 128 127 108 152 70 69 149 49 4 141 19 182 50 169 167 96 104 189 113 67 172 111 115 91 99 116 117 74 163 93 181 99 107 108 122 169 
101 103 19 115 60 86 107 90 69 26 103 157 22 37 141 114 82 148 116 49 143 131 158 123 151 27 108 149 149 126 41 130 89 102 147 158 141 164 108 122 168 121 83 189 70 94 32 119 87 139 118 44 68 64 107 91 57 130 43 125 90 151 130 112 
37 106 123 42 49 155 80 104 70 68 72 119 71 83 103 45 83 98 156 125 155 114 56 37 106 66 42 144 74 100 38 42 30 131 88 156 19 108 98 24 93 149 49 99 194 19 119 123 151 122 93 145 131 141 138 69 151 102 126 101 104 150 148 44 
145 73 132 146 113 70 180 111 102 44 115 140 165 84 62 130 121 163 102 14 133 82 37 110 117 151 118 130 79 155 97 34 36 66 92 115 182 122 24 16 144 181 141 77 126 140 61 95 119 90 95 40 126 30 83 139 143 165 42 160 89 89 136 90 
164 123 66 34 188 99 80 172 80 99 140 145 77 129 78 16 125 66 52 83 133 130 48 72 103 170 78 62 179 104 78 156 85 43 49 62 50 168 93 144 84 148 57 106 55 30 111 140 59 88 151 136 116 108 111 180 138 163 118 99 85 150 79 116 
132 131 123 90 138 179 44 147 82 112 122 55 134 116 132 68 130 57 168 33 65 71 168 54 88 77 47 68 67 122 49 40 59 105 110 141 169 121 149 181 148 22 79 129 163 22 137 123 79 34 71 93 124 37 159 76 34 21 145 76 110 119 140 73 
134 175 86 151 122 114 90 169 108 88 178 110 55 87 76 84 160 101 119 123 142 89 160 112 80 123 97 33 41 43 173 129 103 153 93 149 167 83 49 141 57 79 12 59 133 113 125 89 66 67 51 94 173 82 86 155 132 116 117 24 126 125 177 103 
19 89 141 96 107 32 114 105 80 161 51 54 72 63 134 71 139 76 97 91 58 31 37 120 97 169 184 130 84 149 110 106 91 117 174 75 96 189 99 77 106 129 59 152 101 199 89 94 151 167 62 122 58 89 151 111 98 171 52 21 79 141 83 145 
147 140 90 79 12 79 122 51 89 158 123 162 151 69 107 118 154 97 65 77 155 174 89 122 160 131 76 147 137 59 111 52 118 86 59 92 104 70 194 126 55 163 133 101 90 75 139 89 143 134 111 141 115 54 104 90 160 92 136 173 127 51 166 45 
73 163 103 150 108 41 93 83 168 66 96 81 106 133 95 157 50 14 88 23 82 166 148 90 115 108 80 57 62 45 127 131 93 147 75 133 189 94 19 140 30 22 113 199 75 200 112 135 115 79 99 191 66 106 118 48 160 141 140 146 106 149 100 125 
37 116 100 133 73 96 111 174 109 144 70 94 136 176 163 134 119 90 188 139 87 142 25 44 92 142 104 78 105 108 98 129 103 68 116 152 113 32 119 61 111 137 125 89 139 112 36 113 43 55 136 104 138 32 122 44 100 97 117 165 67 136 157 179 
25 125 132 99 187 129 170 191 108 22 97 104 77 188 111 36 156 80 93 98 110 155 155 194 106 120 132 76 32 99 81 84 121 127 85 114 67 119 123 95 140 123 89 94 89 135 113 70 116 78 155 169 77 116 132 35 67 87 127 73 81 69 93 165 
84 99 84 138 106 110 101 123 95 79 139 101 113 79 36 98 100 60 127 37 185 81 84 40 194 66 127 89 102 57 98 132 78 121 124 98 172 87 151 119 59 79 66 151 143 115 43 116 26 123 155 181 38 84 81 93 88 99 32 100 111 157 133 139 
27 111 108 132 101 77 28 116 194 27 43 157 91 123 67 111 74 129 124 51 16 75 68 117 152 88 32 137 30 67 131 72 108 112 85 87 111 139 122 90 88 34 67 167 134 79 55 78 123 102 65 95 89 121 80 137 70 56 165 9 80 52 147 61 
103 122 105 150 110 169 91 152 102 197 105 57 129 31 56 89 151 29 126 157 56 100 86 121 155 133 117 101 130 125 53 144 93 39 75 197 115 118 93 95 151 71 51 62 111 99 136 155 155 65 160 83 71 162 10 114 42 111 53 174 64 85 101 102 
123 14 167 142 131 124 113 107 72 70 163 107 93 143 148 133 99 125 159 80 119 115 44 153 141 162 120 172 92 69 134 92 51 114 56 54 91 44 145 40 136 93 94 122 141 191 104 169 181 95 83 152 38 146 151 144 132 63 98 115 92 25 119 117 
132 140 41 89 68 113 106 127 136 48 38 65 182 121 117 93 134 94 176 115 64 34 46 113 97 21 51 154 104 87 147 107 46 100 92 90 99 68 131 126 116 124 173 58 115 66 138 77 38 89 71 38 136 137 64 150 86 50 107 150 152 77 164 13 
77 94 38 140 146 38 184 116 106 100 41 65 39 128 102 139 149 99 99 143 192 129 78 117 69 80 31 108 84 34 85 122 104 172 61 45 116 64 141 30 108 37 82 89 54 106 32 116 84 121 162 146 137 130 87 122 121 45 83 136 99 180 134 83 
78 131 81 132 82 115 130 118 175 133 66 82 80 77 133 136 101 58 106 139 33 58 84 84 107 130 33 130 57 74 75 155 126 121 124 146 117 107 138 83 111 159 86 151 104 118 122 132 81 80 10 151 64 87 118 96 110 128 107 139 115 163 36 92 
45 152 107 55 149 126 36 155 177 100 101 94 101 53 84 24 133 156 85 64 115 124 76 35 31 122 86 135 61 160 73 96 133 143 90 149 74 91 69 139 180 76 155 111 90 48 44 35 93 137 114 144 150 122 96 146 11 79 84 110 106 47 33 167 
98 66 112 66 77 81 144 110 113 127 171 58 125 124 42 91 68 109 159 130 108 133 104 190 65 54 142 156 87 164 93 97 85 99 159 142 163 57 151 143 138 34 132 98 160 160 100 67 88 70 42 132 86 121 110 11 178 80 21 122 74 134 90 99 
90 119 85 85 96 17 103 188 109 154 59 129 163 115 107 117 32 98 97 72 119 96 46 38 123 165 164 133 126 29 75 123 132 29 113 114 93 130 102 165 163 21 116 171 92 141 97 87 99 56 111 63 50 45 128 79 80 28 97 93 113 38 38 147 
102 162 43 77 118 75 60 106 124 144 48 149 147 78 54 35 53 89 78 183 118 121 112 78 43 121 24 109 106 188 126 63 58 81 100 127 181 43 126 42 118 145 117 52 136 140 117 127 32 165 53 98 107 83 107 84 21 97 38 97 63 138 73 104 
105 36 133 151 116 36 83 102 88 87 84 115 101 25 50 61 114 104 48 89 30 67 96 100 128 53 172 190 51 130 165 108 140 69 23 41 99 125 101 160 99 76 24 21 173 146 165 73 100 9 174 115 150 136 139 110 122 93 97 154 61 152 71 141 
131 49 72 115 108 106 167 48 132 168 166 92 85 63 153 125 69 67 109 44 120 163 98 88 161 129 54 62 99 57 126 92 119 139 126 55 107 90 104 89 85 110 126 79 127 106 67 81 111 80 64 92 152 99 115 106 74 113 63 61 158 18 85 32 
99 47 97 84 178 103 117 149 101 80 66 99 102 56 79 104 183 78 123 43 113 120 157 123 106 156 165 62 117 187 182 113 64 81 174 69 108 151 150 89 150 119 125 141 51 149 136 69 157 52 85 25 77 180 163 47 134 38 138 152 18 18 106 97 
29 111 151 93 128 82 48 63 44 85 88 148 110 154 83 151 28 118 161 43 183 62 98 95 75 176 108 161 95 78 90 130 92 33 61 50 122 130 148 136 79 140 177 83 166 100 157 93 133 147 101 119 164 134 36 33 90 38 73 71 85 106 194 129 
116 18 77 98 61 98 135 29 92 135 19 66 46 115 109 84 83 120 81 37 55 66 76 142 35 142 125 81 120 114 144 159 79 58 64 71 169 112 44 90 116 73 103 145 45 125 179 165 139 61 102 117 13 83 92 167 99 147 104 141 32 97 129 70 