128
4 6 8 1 4 2 10 8 3 4 2 4 1 3 2 6 3 8 9 7 10 5 6 6 3 9 3 9 1 2 9 5 7 9 8 6 5 7 6 8 9 10 8 7 9 3 8 1 6 3 8 9 2 9 5 9 5 4 2 6 5 7 4 9 4 1 7 4 2 9 1 3 9 7 6 2 8 2 8 8 7 10 1 5 8 3 10 2 3 8 8 3 8 3 1 1 8 1 10 9 6 1 10 8 1 1 5 3 1 9 10 2 7 2 4 7 9 5 6 2 8 4 10 5 4 4 8 3 
7 4 6 10 9 8 10 4 6 1 5 9 3 3 9 6 10 10 6 5 6 5 3 3 4 4 7 9 1 3 10 6 8 6 9 10 3 6 1 3 10 8 1 8 3 2 3 4 8 10 9 3 4 2 8 9 3 6 6 7 10 4 9 8 7 10 10 4 7 9 4 3 2 7 8 10 5 6 6 4 6 7 8 3 9 6 6 7 3 3 6 4 8 3 2 8 8 4 1 1 7 6 1 1 6 1 5 4 2 10 5 5 6 9 5 3 8 6 3 4 1 3 1 2 3 9 2 4 
7 7 9 1 7 7 1 1 9 10 6 1 8 6 2 6 2 8 9 1 8 10 9 7 6 5 8 1 1 2 10 7 8 7 1 9 10 10 10 3 1 9 3 5 9 6 6 9 9 4 2 5 10 2 6 9 3 2 1 5 8 1 10 4 3 7 4 3 6 1 3 9 4 1 2 7 6 9 7 1 7 8 10 8 5 7 5 5 7 3 1 8 4 4 3 8 6 4 7 10 9 6 9 7 9 5 4 9 5 8 4 1 9 6 9 10 7 5 7 8 3 2 2 1 1 3 3 6 
8 10 2 1 1 3 5 4 2 2 1 2 2 4 8 6 2 4 2 1 2 6 7 3 3 1 7 8 7 7 10 8 3 6 4 4 3 3 2 1 6 3 5 5 2 1 10 1 8 6 7 5 10 8 2 2 9 5 5 7 4 10 1 4 10 5 10 6 6 3 7 9 4 9 6 3 10 10 5 5 4 9 10 3 1 2 4 8 3 3 8 7 3 5 9 3 7 4 6 7 8 3 3 9 2 7 6 6 10 4 2 7 3 1 6 1 1 1 3 4 3 10 1 10 9 10 2 5 
4 10 3 9 3 9 6 1 8 4 7 4 3 3 7 2 8 1 10 10 4 2 2 9 6 7 1 2 7 8 4 3 7 8 3 5 2 3 6 1 4 2 5 5 4 5 4 1 10 2 8 10 3 8 4 6 8 1 7 3 8 8 7 6 1 7 1 4 5 4 4 6 3 7 6 10 6 10 3 5 7 3 3 9 9 10 1 5 9 2 2 6 9 7 8 6 5 7 7 4 6 6 1 10 8 1 5 9 6 10 7 3 3 1 5 1 1 2 6 1 5 9 7 10 7 5 6 1 
6 8 3 5 5 1 6 9 9 5 10 7 3 6 1 4 7 3 4 5 8 8 7 6 3 2 9 7 6 1 5 10 9 4 7 9 3 1 1 8 4 1 4 2 7 7 1 4 1 4 3 3 8 8 5 10 10 8 9 7 8 10 9 2 2 2 7 5 1 9 7 2 5 8 4 3 2 9 4 1 8 3 9 3 4 7 7 5 9 10 5 9 2 9 9 9 9 6 1 7 5 1 4 1 10 2 6 9 6 5 3 2 10 1 9 2 6 8 8 6 8 10 5 8 9 9 2 1 
10 1 7 3 10 1 2 2 7 9 2 7 2 5 1 10 2 6 5 7 6 2 9 8 10 7 7 1 5 8 3 8 9 2 9 9 8 8 6 3 10 1 5 5 10 1 3 1 2 4 3 8 2 8 6 2 5 8 5 3 9 3 3 5 3 2 1 5 9 4 8 10 3 6 8 3 2 6 6 1 4 7 7 8 9 6 1 5 8 6 9 7 2 4 2 3 7 5 1 6 2 1 4 8 1 7 8 9 7 3 8 6 2 2 1 2 3 7 10 5 7 8 4 9 8 3 8 8 
8 4 6 5 7 6 9 6 3 9 4 10 5 6 5 2 4 2 4 5 2 3 5 5 4 8 2 9 9 9 4 10 3 8 8 9 2 9 6 4 7 6 8 1 7 5 5 6 1 8 1 4 7 8 6 5 5 9 10 7 3 6 8 5 9 5 2 2 4 5 1 3 9 2 7 6 7 9 9 4 6 10 10 10 3 5 2 1 2 9 6 3 8 9 1 4 2 2 1 5 7 10 1 3 4 4 1 5 3 6 7 3 8 1 5 8 3 4 1 7 6 4 6 3 7 7 3 2 
6 3 5 1 2 8 4 9 3 6 6 5 6 9 1 2 8 9 2 1 7 8 9 4 1 7 6 1 9 4 3 6 4 4 4 3 5 4 3 6 4 7 1 4 9 9 4 5 3 5 1 5 6 9 9 1 2 4 1 3 9 9 9 4 2 10 9 7 10 3 9 4 9 2 1 7 9 3 10 3 10 9 10 3 9 3 5 2 9 5 1 5 2 6 6 7 6 3 3 10 7 7 4 6 1 7 1 8 2 3 4 9 9 10 8 3 8 4 7 10 9 5 8 2 6 3 4 6 
3 2 9 7 4 5 5 3 10 5 1 4 5 6 6 8 6 6 7 6 2 10 4 2 5 10 9 7 4 2 7 9 6 3 10 7 1 3 9 8 3 1 7 10 3 1 8 9 5 10 8 9 2 6 10 6 4 4 8 2 10 6 7 5 2 5 9 3 8 10 1 8 2 9 6 8 9 7 10 3 4 10 6 1 1 4 7 8 2 2 3 1 3 4 9 7 1 7 5 10 2 6 1 5 2 2 5 1 6 7 10 1 7 1 6 8 8 9 1 4 5 2 2 8 8 6 2 1 
4 10 6 8 9 6 10 5 4 7 8 8 7 9 6 5 4 8 7 5 7 3 10 2 7 7 6 4 4 4 2 9 10 2 10 1 4 4 1 1 9 9 4 10 6 4 6 4 3 7 4 1 9 4 6 5 2 7 3 7 5 7 1 8 9 5 9 1 5 9 2 4 10 2 8 10 3 2 1 5 7 7 4 5 7 2 9 10 5 3 10 5 9 10 1 5 5 1 6 6 1 8 10 4 2 2 6 5 4 5 8 1 9 9 6 9 10 7 7 10 6 8 5 9 3 8 3 10 
7 4 6 5 10 3 5 9 4 1 10 3 9 2 6 2 8 4 3 8 7 8 8 4 2 4 3 10 3 1 5 6 4 9 10 10 9 10 1 6 6 4 1 9 1 1 7 8 4 4 6 9 4 6 4 5 1 3 8 2 6 3 4 4 10 2 4 7 3 10 1 8 4 8 7 7 5 3 1 10 2 5 7 3 2 4 10 9 8 9 5 5 2 5 5 4 9 7 3 4 6 4 6 2 9 3 5 1 7 8 6 2 2 2 9 5 1 1 6 3 9 10 3 10 10 7 6 5 
10 3 1 7 10 5 7 4 5 8 6 2 6 8 5 8 6 1 9 8 3 10 9 10 6 5 9 6 4 1 4 3 9 2 8 4 10 4 5 5 3 7 9 6 1 9 5 10 9 2 2 1 10 5 4 3 8 4 7 2 5 3 2 4 8 9 7 8 4 2 6 9 9 5 7 2 3 2 9 4 5 2 10 8 2 2 9 8 2 1 3 2 3 4 4 6 9 3 2 4 10 6 2 1 10 6 9 10 1 6 3 10 7 8 1 6 1 5 4 6 3 10 4 4 1 5 7 2 
4 6 5 9 8 8 5 7 9 5 7 8 8 4 3 6 6 1 9 1 7 5 1 5 8 4 4 4 8 9 7 9 2 7 6 5 10 1 2 8 6 4 10 5 4 7 8 8 10 1 10 8 7 3 8 9 8 3 3 2 6 7 6 7 2 2 1 9 4 2 8 1 3 8 5 3 1 6 10 8 9 1 1 6 3 7 5 4 7 4 9 10 1 4 6 1 1 7 1 7 8 5 8 1 1 1 8 7 5 4 9 6 4 1 6 3 5 7 9 3 7 7 2 1 8 7 4 9 
6 1 6 10 3 7 9 8 4 6 3 2 4 2 9 8 9 2 1 3 9 7 8 2 10 8 9 5 2 4 3 6 5 9 5 5 3 7 10 6 8 2 2 5 10 3 7 3 9 5 8 10 4 3 10 5 10 1 1 6 4 8 10 10 4 2 5 2 8 2 5 10 4 6 5 7 8 8 7 5 4 3 9 5 4 9 7 10 3 6 9 4 3 5 1 6 5 3 3 8 8 4 6 10 3 6 7 1 8 8 3 3 6 4 7 3 3 8 10 1 10 9 2 7 8 6 6 1 
7 9 8 2 4 8 10 8 5 10 1 3 2 9 6 10 2 7 5 9 4 8 6 1 8 5 6 8 3 2 2 8 3 3 3 2 10 5 8 7 3 4 7 3 7 8 1 2 9 3 10 9 6 2 4 4 2 8 8 5 8 10 6 6 5 3 7 1 3 3 3 10 7 2 5 5 1 9 6 3 5 10 10 8 6 8 8 1 5 2 7 6 7 9 9 5 4 3 2 10 9 6 7 2 2 9 3 3 9 5 1 5 6 4 4 8 8 4 5 6 3 7 10 3 3 7 4 1 
6 3 9 9 4 8 9 5 7 8 2 8 8 1 7 10 7 1 5 5 9 2 3 6 8 4 9 6 10 6 8 4 8 1 7 2 3 8 9 9 10 10 3 2 6 10 3 6 5 5 7 2 2 4 7 6 6 5 1 2 6 10 6 5 7 6 7 5 3 6 5 3 8 3 8 1 5 9 3 8 4 5 4 4 8 1 1 5 3 3 6 4 3 8 7 6 5 1 1 2 3 3 7 8 1 4 2 7 2 2 10 6 4 4 7 3 6 7 9 4 6 7 1 6 2 4 1 2 
5 1 5 5 10 4 5 2 1 10 7 7 7 7 5 8 9 2 3 8 10 7 7 8 4 7 6 1 4 6 10 4 6 1 7 8 6 6 4 1 1 6 9 10 5 4 6 9 5 8 7 4 1 7 1 2 8 5 4 1 1 6 3 6 8 8 3 3 8 4 9 5 1 7 6 7 6 2 8 4 2 8 8 5 4 5 3 4 4 2 1 5 4 4 10 3 9 8 4 2 1 2 6 8 7 1 10 2 5 1 5 8 3 4 2 4 4 5 10 7 10 3 5 6 7 10 7 8 
6 5 9 9 8 3 9 8 1 4 8 9 9 7 6 4 10 6 2 3 3 6 4 2 1 1 9 9 10 5 7 2 7 5 9 9 7 4 3 5 8 6 4 6 8 2 10 8 2 4 8 10 10 4 3 7 2 6 10 7 9 4 6 8 3 9 10 10 6 7 8 6 5 6 6 2 2 10 9 5 2 6 6 8 2 1 8 10 3 1 6 7 10 9 2 5 9 1 10 7 5 6 4 5 7 1 3 2 9 7 10 1 9 1 5 7 8 2 3 2 6 5 3 4 6 7 1 8 
10 6 1 2 6 8 5 8 10 1 2 8 4 1 2 3 7 2 8 3 1 2 1 10 10 2 9 3 1 5 8 9 7 2 2 9 4 5 1 5 6 8 1 10 4 6 10 1 1 3 8 1 2 5 10 3 1 3 9 1 9 2 10 3 1 3 7 5 8 7 10 6 7 8 3 4 7 10 5 1 5 1 1 1 6 5 8 8 9 2 7 1 5 9 9 5 4 5 7 8 1 4 8 5 9 3 4 3 4 9 6 6 1 1 7 7 5 6 7 8 10 7 8 8 5 1 1 3 
5 6 7 6 5 3 8 10 4 8 1 7 6 5 3 2 9 1 2 6 7 9 4 10 3 4 4 8 8 7 3 3 5 4 8 4 8 10 10 9 1 9 2 4 9 9 8 8 2 1 7 3 3 5 10 10 7 6 10 6 1 3 6 7 2 2 1 9 4 6 2 3 3 5 3 10 7 3 10 8 5 6 1 10 3 6 1 10 3 6 10 4 2 8 8 7 8 5 7 6 4 2 3 2 7 4 10 4 2 10 3 6 4 5 5 6 5 9 1 5 8 7 2 8 9 5 9 1 
10 2 8 9 4 9 4 2 3 7 7 1 3 10 9 7 4 10 10 5 3 7 4 1 8 8 8 1 5 5 4 1 4 2 10 6 5 10 2 6 6 3 7 7 7 10 8 7 8 4 3 1 9 7 1 1 9 3 3 9 10 4 3 9 2 3 5 8 1 3 7 3 10 9 4 3 7 5 2 1 3 2 7 3 9 6 5 1 4 6 9 8 5 8 1 10 2 9 1 7 4 8 3 6 8 8 5 9 8 1 7 6 9 7 7 10 7 8 8 3 3 2 1 7 5 7 9 7 
2 7 8 2 1 7 10 1 7 3 3 5 10 2 9 1 2 6 7 3 4 10 9 9 6 1 5 1 3 10 1 10 9 4 3 6 6 8 3 4 1 5 5 1 8 8 9 10 9 8 2 1 3 5 2 9 8 5 2 5 1 8 10 6 1 10 2 8 9 3 9 3 8 2 7 1 3 6 2 5 1 6 1 9 7 7 6 5 4 2 2 6 8 7 4 4 6 10 6 7 5 2 9 4 2 1 8 9 4 10 10 1 9 7 6 4 2 10 1 3 4 7 10 5 5 10 1 4 
3 3 1 9 4 2 3 2 5 2 6 6 4 8 5 6 1 3 10 3 1 3 2 6 9 4 7 8 3 3 10 9 8 7 1 4 8 10 2 7 9 4 7 9 10 5 2 9 7 3 2 2 2 5 5 6 3 8 4 5 6 7 8 4 2 5 4 5 8 7 6 8 6 4 10 2 10 3 9 1 3 3 5 5 7 5 6 10 1 5 8 1 3 6 9 4 7 4 2 8 7 3 6 5 9 1 10 3 10 3 3 9 1 1 4 5 7 1 4 6 9 5 8 1 8 2 5 5 
9 3 9 4 2 4 6 3 3 8 8 6 10 1 5 4 1 2 2 4 8 4 4 2 7 7 1 7 7 9 5 4 2 6 3 7 3 5 7 7 10 5 7 3 7 4 8 3 8 1 10 1 6 2 3 4 2 1 9 8 7 7 4 3 10 3 5 6 7 8 4 8 7 1 4 3 3 9 10 5 5 6 9 9 9 1 8 4 6 6 8 8 7 2 7 8 8 3 7 4 7 1 5 10 6 7 5 2 4 8 9 10 1 5 9 1 4 7 3 10 2 6 10 1 7 2 2 9 
6 2 4 1 10 8 3 2 5 8 5 1 10 9 6 10 8 1 2 8 1 8 9 5 10 2 5 4 3 6 4 9 6 5 8 1 10 7 7 6 3 6 5 6 8 5 10 5 2 3 2 10 10 7 10 7 3 6 8 3 5 1 7 6 5 6 10 2 6 8 9 8 10 1 10 5 2 9 8 9 6 3 8 3 2 4 6 1 2 3 6 2 6 5 10 6 9 10 7 6 3 1 1 2 4 3 9 5 3 6 4 9 9 9 1 9 6 5 6 3 6 10 6 8 5 3 4 2 
6 1 2 10 1 1 10 10 10 4 9 7 10 6 1 6 8 5 9 10 10 8 1 6 5 1 3 3 8 10 1 6 10 5 2 8 4 3 10 9 10 9 9 10 7 6 8 10 8 5 7 10 9 9 4 9 5 9 3 6 6 8 3 1 8 6 4 4 9 1 8 2 4 6 2 6 6 2 7 8 3 8 8 5 3 2 9 3 6 9 6 2 6 1 7 8 5 3 2 5 5 2 9 10 10 10 3 3 4 5 3 4 1 2 9 1 3 1 6 5 7 5 3 4 8 2 6 10 
2 10 7 10 4 6 7 10 7 10 5 8 6 6 10 5 4 8 3 8 4 7 3 2 1 9 8 7 3 2 5 5 6 9 4 2 8 3 9 5 7 10 5 7 4 10 9 2 10 3 6 8 9 4 4 1 3 3 7 5 1 10 7 2 1 10 9 10 3 2 3 8 2 1 10 2 1 5 9 10 8 1 10 6 4 10 4 10 3 3 5 1 6 9 4 1 10 6 3 10 6 4 2 1 6 7 7 3 9 3 8 10 4 5 2 4 10 6 6 7 9 3 3 5 5 1 6 4 
5 3 2 6 1 5 5 5 5 7 3 1 1 6 9 6 6 1 1 1 4 8 3 5 10 5 3 5 6 8 1 4 4 3 4 2 8 8 6 2 5 9 9 6 8 4 3 1 8 2 1 8 10 9 3 6 9 2 5 5 5 6 5 6 4 9 8 10 8 4 4 3 7 8 6 3 3 3 3 10 7 5 4 5 8 10 1 1 9 7 7 7 4 4 2 4 2 7 5 6 5 7 3 5 3 10 3 1 8 10 9 6 6 3 1 9 2 8 8 5 9 9 3 8 9 9 3 8 
6 2 7 7 6 4 2 10 9 1 2 6 9 3 9 5 1 8 5 9 1 10 5 3 7 2 3 7 10 7 4 5 9 1 9 10 5 5 3 10 4 3 1 4 6 2 1 7 3 2 4 8 6 2 7 8 6 5 7 6 9 5 9 2 8 8 7 3 10 3 1 4 1 6 8 7 2 4 7 3 10 1 1 1 3 10 2 9 7 5 5 7 9 1 1 6 1 2 8 1 4 10 6 4 8 3 2 10 5 4 9 4 1 9 4 8 10 1 1 7 1 2 5 4 4 2 3 4 
3 7 4 4 2 7 10 1 6 6 4 5 5 10 7 2 1 10 2 10 1 9 7 1 1 7 4 3 1 6 7 4 4 10 8 2 6 1 8 3 3 9 9 1 2 3 7 4 1 4 6 2 3 9 1 8 7 1 5 3 1 5 3 6 5 8 6 5 6 6 9 9 7 5 4 9 7 3 9 2 5 8 8 2 1 3 1 8 3 6 1 4 8 5 3 1 9 6 7 1 9 4 1 7 10 4 2 10 7 5 3 9 7 9 9 3 4 6 3 5 4 4 2 8 2 9 3 9 
2 10 6 8 7 3 1 9 1 10 8 10 7 9 6 2 9 10 8 2 8 6 7 3 6 8 7 7 6 6 3 7 9 9 6 7 8 4 3 5 9 7 1 2 2 7 6 7 6 2 1 1 10 4 6 3 6 10 7 6 5 1 9 10 7 6 8 10 6 1 1 6 10 4 2 4 7 3 3 10 1 3 6 8 10 4 3 1 7 5 9 3 7 6 4 4 4 10 10 10 6 7 7 4 1 8 10 9 3 8 6 7 6 9 2 7 1 6 7 8 3 3 10 8 5 7 8 7 
8 10 7 5 2 5 9 10 2 1 3 3 10 6 9 7 8 1 8 7 1 2 8 7 7 8 8 10 9 7 10 6 1 6 9 9 9 10 8 3 2 2 10 10 4 8 9 5 5 8 10 5 10 3 7 9 10 4 3 9 9 1 1 5 6 2 1 7 9 4 2 5 9 6 9 5 9 7 3 2 8 1 9 3 5 10 8 7 10 6 10 8 5 8 1 4 5 5 7 2 1 5 4 3 10 7 6 1 5 2 2 9 1 6 4 7 4 1 6 7 3 5 9 5 9 9 3 6 
4 4 10 9 8 6 8 7 8 10 4 8 2 4 5 7 5 8 9 1 6 4 6 1 6 1 5 1 6 9 4 7 5 2 6 2 3 6 7 4 2 6 10 10 3 8 7 10 3 4 9 5 3 1 9 2 1 1 2 8 3 2 9 9 9 10 3 5 5 6 5 5 8 9 4 10 2 7 9 5 1 9 6 7 3 1 5 10 1 7 9 4 4 6 9 3 4 2 3 10 6 5 3 6 3 10 10 4 1 4 6 3 7 2 6 8 7 3 5 7 4 6 1 5 9 8 10 3 
5 3 4 4 8 3 8 1 4 4 8 2 6 4 9 10 1 2 8 10 3 6 10 2 7 9 8 10 8 3 1 10 7 4 2 9 5 7 9 5 1 7 4 3 10 7 4 4 9 1 9 7 1 9 9 10 7 1 4 9 3 10 9 9 8 4 1 10 8 1 6 3 2 2 1 1 5 3 8 1 6 8 5 10 9 8 1 3 5 3 2 3 7 9 9 4 3 1 4 1 8 2 5 6 9 6 2 8 8 2 6 4 9 6 10 3 1 1 1 5 2 4 7 10 4 3 2 9 
5 4 7 7 5 4 10 6 5 9 8 8 5 7 2 3 4 8 6 6 1 3 4 5 1 9 3 10 5 1 7 3 1 10 9 8 3 8 6 6 1 7 9 2 9 9 6 5 8 3 10 4 6 5 3 1 10 5 5 3 7 4 6 5 10 3 3 8 4 6 2 9 2 7 6 4 2 5 7 2 9 2 4 8 6 9 5 7 9 7 6 10 5 1 5 7 6 5 4 1 6 7 8 3 3 3 9 8 10 3 9 10 10 7 1 7 8 10 7 8 4 8 8 4 9 7 10 9 
8 8 1 8 6 5 10 2 4 3 6 9 1 7 4 5 3 9 10 6 8 3 10 4 3 10 3 5 9 5 1 3 3 2 9 8 9 9 7 3 5 8 8 7 6 1 5 3 4 3 6 3 5 8 4 7 1 10 9 6 10 9 5 6 5 10 9 7 8 5 1 1 7 8 2 8 4 10 1 10 8 9 9 1 3 1 5 4 3 7 5 2 5 8 4 6 8 2 3 7 2 8 6 3 3 1 9 4 4 5 1 3 7 7 10 7 5 6 4 6 7 10 7 7 5 7 3 6 
1 5 8 8 9 4 5 5 7 1 5 3 8 5 2 5 6 3 2 8 6 1 7 3 2 1 3 10 9 10 8 8 6 7 10 9 9 2 5 10 7 8 9 2 7 1 5 3 7 1 8 3 6 3 7 3 5 6 8 2 1 4 6 4 9 3 7 3 5 1 2 2 9 5 7 1 4 10 10 7 2 1 3 2 9 4 7 8 10 10 1 10 3 9 8 5 5 8 1 10 1 7 3 3 1 2 8 9 5 7 9 4 5 1 9 4 4 1 7 5 10 10 9 8 1 7 8 2 
10 8 6 2 8 7 6 8 1 2 8 7 2 7 5 8 10 4 9 2 6 8 4 6 6 1 5 8 7 4 1 10 2 5 7 10 7 7 5 9 4 9 3 9 9 3 8 6 6 1 2 6 2 6 3 8 7 8 4 9 9 5 3 5 5 4 2 8 10 9 3 8 1 6 10 10 5 10 4 3 9 2 1 5 9 10 7 1 8 6 9 2 7 7 3 4 6 9 10 10 4 10 2 3 6 3 2 9 9 3 1 8 9 7 9 1 10 2 3 10 7 6 4 5 6 5 7 9 
8 6 10 1 8 10 1 6 6 8 5 10 2 5 5 8 6 8 2 2 2 5 4 4 10 2 7 5 1 10 2 2 9 5 7 9 1 9 8 7 9 8 3 5 8 2 7 7 3 4 10 9 8 2 7 9 2 10 2 8 7 4 8 4 3 9 6 3 4 6 2 1 8 3 2 7 4 4 4 1 4 3 9 3 1 7 6 5 4 10 9 10 7 3 2 6 7 4 1 4 3 10 2 10 10 10 8 6 6 4 9 4 10 8 9 9 10 10 5 4 1 3 5 6 4 4 2 8 
6 8 6 7 7 8 5 5 10 4 9 9 2 9 7 4 4 8 3 7 2 5 5 1 2 2 3 7 2 8 7 1 1 5 9 7 7 1 1 5 2 6 2 2 2 6 7 3 9 1 7 4 10 3 8 6 3 8 7 1 5 6 2 8 7 8 1 8 10 9 7 7 6 7 1 5 8 6 8 4 6 5 5 6 9 8 9 3 6 9 6 10 9 2 3 7 5 5 2 8 7 5 6 10 2 8 5 4 5 6 8 2 1 6 7 6 9 9 1 3 6 7 8 1 4 10 6 8 
6 1 4 8 3 2 8 3 7 9 1 8 4 5 1 9 3 1 2 3 4 6 4 10 8 4 4 2 3 3 4 5 6 10 10 3 4 5 9 8 9 6 4 5 6 1 1 3 5 8 8 5 4 2 5 4 9 6 5 4 4 3 9 5 1 2 1 9 2 7 6 6 7 8 3 4 3 1 10 2 2 2 4 8 6 4 7 8 5 4 3 9 9 1 10 8 7 3 7 6 7 2 10 6 8 7 4 5 5 4 10 1 6 7 1 10 10 9 3 2 2 8 4 2 8 8 7 10 
7 10 3 5 10 2 10 5 4 7 2 2 5 9 5 6 10 6 6 3 7 10 2 6 4 6 6 8 3 6 4 6 10 2 4 4 9 8 1 10 1 6 8 4 9 1 6 10 10 3 10 7 2 4 3 10 3 8 10 9 7 6 2 4 5 1 7 7 3 7 3 8 1 6 6 9 2 9 6 10 10 8 9 3 7 4 8 2 8 1 6 3 4 3 6 6 6 10 4 3 8 8 6 10 5 7 10 2 6 2 4 10 5 4 5 3 4 10 1 3 2 4 1 3 10 1 2 10 
7 8 10 3 10 6 5 6 6 2 8 9 3 10 4 9 7 10 9 10 3 2 10 6 8 7 10 5 9 2 4 9 1 5 10 2 5 4 1 9 4 9 9 1 8 3 5 9 6 1 1 6 5 9 8 6 5 1 1 2 9 9 7 1 5 1 6 9 5 4 2 6 2 8 4 3 5 10 10 3 3 2 10 5 7 9 9 5 1 5 10 1 7 3 7 5 2 2 2 5 5 8 5 7 7 3 3 6 7 10 6 4 5 1 9 1 7 6 9 5 7 10 3 8 2 6 4 1 
9 9 5 4 6 3 10 5 2 9 7 7 6 10 8 7 9 3 4 9 1 3 2 8 6 4 5 9 2 8 7 2 2 10 4 6 3 8 10 3 4 10 1 5 7 8 5 6 1 8 8 9 1 4 4 5 8 5 1 4 6 8 9 4 10 4 8 9 8 3 4 3 5 10 10 5 8 3 10 3 9 2 5 4 4 3 10 4 4 8 7 3 8 9 6 3 1 9 8 6 3 8 8 8 8 9 6 3 2 2 4 4 6 10 5 9 9 6 4 6 10 8 1 2 9 4 6 3 
10 1 6 9 1 8 1 4 1 1 1 1 2 8 5 3 6 9 5 1 1 1 3 2 1 6 6 7 9 8 3 2 1 9 4 5 5 3 3 6 2 5 6 5 5 2 3 10 3 2 1 8 10 8 5 6 1 3 10 2 4 1 2 9 4 5 8 6 8 7 8 2 1 5 9 9 5 4 2 2 3 6 3 6 2 7 8 5 4 4 6 10 2 5 8 4 8 7 2 7 7 10 10 6 5 3 1 9 4 5 8 7 4 5 9 5 9 3 4 10 2 1 8 10 5 5 2 2 
4 4 1 7 6 5 4 2 6 9 1 6 8 10 3 2 1 9 6 1 5 6 6 10 3 2 2 1 4 3 2 2 7 3 7 1 1 4 1 4 5 9 4 6 4 6 2 3 3 4 2 9 1 10 2 2 7 2 4 1 1 7 5 5 7 3 3 10 5 1 1 5 10 3 10 8 7 4 2 10 8 8 6 2 6 10 9 1 10 2 7 8 8 4 1 5 3 3 10 9 6 10 5 8 3 5 8 1 1 1 8 1 8 7 3 6 9 7 10 10 9 2 10 4 10 2 7 9 
5 4 9 3 4 7 9 6 2 1 5 5 4 7 1 8 5 3 5 1 4 10 6 10 9 8 10 7 4 7 6 8 2 5 8 9 6 3 8 10 3 2 2 4 10 4 8 4 5 6 6 6 3 10 6 5 7 9 1 7 5 5 4 4 4 5 8 8 3 8 7 9 8 2 4 8 10 6 5 6 3 5 2 5 4 6 9 5 7 10 2 9 7 8 6 7 4 8 2 10 9 4 10 7 10 2 2 8 5 6 1 4 6 7 2 5 1 5 9 3 3 8 9 4 9 10 9 3 
10 1 4 4 5 4 5 10 10 5 3 8 3 8 6 6 2 8 7 8 3 7 3 9 10 7 7 8 7 7 3 3 10 9 9 8 3 3 1 2 3 9 10 8 7 5 1 3 9 6 3 8 1 9 2 1 6 5 4 6 4 7 3 10 6 2 6 1 4 5 8 10 1 4 4 5 9 6 4 3 2 1 5 2 5 1 8 4 4 4 5 10 8 9 1 10 7 5 10 5 5 6 3 3 8 6 2 6 6 1 4 6 6 8 3 2 2 7 6 7 4 7 6 4 5 8 7 10 
6 4 7 9 7 5 2 9 4 2 2 2 5 9 3 9 8 4 1 10 9 6 3 2 2 1 4 10 2 1 10 4 4 10 3 7 4 2 2 7 3 6 2 1 2 6 10 6 1 10 3 7 5 5 2 6 3 9 5 8 3 1 2 10 4 3 2 8 4 8 9 6 5 9 6 1 10 5 1 6 7 1 9 7 5 4 9 3 8 6 1 9 5 9 5 4 10 3 7 5 5 1 6 5 8 3 10 9 7 4 2 1 7 5 8 3 7 6 8 9 9 1 1 9 6 7 9 10 
5 10 3 1 4 5 7 3 9 8 6 6 6 4 9 3 10 2 10 2 7 6 2 10 4 3 5 6 3 6 9 1 1 3 7 8 7 2 2 3 5 4 5 9 3 10 1 6 3 1 5 9 2 7 4 6 7 6 7 10 5 2 2 2 7 1 4 6 10 8 3 4 5 3 7 9 10 1 9 1 9 3 2 1 5 5 2 7 2 1 9 7 4 8 9 5 3 8 6 9 10 8 5 7 7 1 1 1 2 10 4 7 5 7 3 1 9 6 8 5 3 10 5 3 1 3 5 4 
2 9 1 8 8 9 10 4 2 4 10 9 3 7 8 8 6 2 5 5 3 2 8 8 10 10 1 9 9 7 6 3 7 4 4 2 2 2 9 10 6 3 7 5 7 4 3 2 7 7 5 6 7 7 9 2 8 1 5 6 3 10 8 4 8 10 2 7 1 1 2 9 8 4 7 8 8 7 8 5 8 9 1 6 9 9 6 3 1 10 3 3 9 4 2 9 9 5 9 5 6 5 6 4 5 7 3 6 10 9 2 3 7 6 3 9 5 5 8 9 9 8 5 6 5 9 9 2 
10 9 10 10 7 8 10 6 4 1 10 7 4 1 4 9 5 1 7 8 6 9 9 3 8 1 3 4 10 3 7 7 2 1 5 8 10 5 7 5 4 2 6 6 3 6 4 6 1 9 1 2 4 3 5 1 8 2 10 5 4 10 7 5 3 4 6 1 7 8 6 9 9 6 2 2 4 6 8 4 3 4 10 9 3 4 3 8 6 7 7 10 4 6 6 6 3 8 8 1 3 9 10 2 4 1 1 3 9 8 6 1 8 5 7 1 8 10 1 9 2 4 2 6 1 7 6 4 
10 7 5 6 1 6 8 7 5 10 6 1 9 3 10 4 3 7 8 1 6 1 10 6 10 5 9 3 5 7 8 4 8 8 4 3 9 1 5 9 6 10 9 9 8 9 10 6 7 1 10 6 8 8 9 2 2 7 4 1 5 2 10 9 6 4 3 4 8 5 2 1 4 1 5 1 3 8 10 10 4 5 4 9 7 7 5 4 2 1 7 4 7 2 9 5 3 2 8 7 8 7 7 3 1 7 1 10 9 1 1 2 6 1 6 10 5 8 3 3 5 4 6 5 4 10 1 3 
5 7 2 5 5 4 4 6 4 3 2 1 7 9 5 7 4 2 1 5 3 4 3 8 8 1 9 7 10 7 4 4 6 9 7 5 3 2 7 10 10 10 7 5 4 3 9 8 1 9 3 1 2 3 10 4 6 7 5 9 1 3 2 7 4 7 8 8 6 9 7 1 10 4 3 9 2 4 9 7 10 3 8 8 3 9 1 2 5 1 9 4 4 2 2 5 3 10 9 8 1 10 2 10 6 2 9 1 1 7 6 1 10 3 10 5 2 7 2 5 3 1 6 9 8 2 10 10 
8 5 7 9 2 7 10 2 5 5 8 2 7 6 1 6 3 6 2 1 3 9 6 7 8 6 5 9 8 4 6 10 3 4 1 2 7 10 5 9 6 3 1 4 8 2 10 3 7 5 2 6 10 6 5 3 1 9 10 6 2 10 7 10 1 6 10 10 6 6 7 7 10 2 2 5 10 7 2 5 7 1 8 3 8 7 8 6 7 6 5 4 3 8 1 2 8 8 7 10 2 5 9 3 8 4 8 1 1 6 4 1 4 8 5 6 3 6 9 7 7 6 8 8 10 8 3 9 
4 1 2 7 6 5 5 9 5 5 9 8 6 6 1 8 2 1 4 4 6 6 3 4 1 4 8 7 6 10 5 5 10 8 10 8 2 3 9 1 9 10 7 9 10 3 9 5 7 9 4 3 4 7 2 4 8 9 2 4 1 2 7 10 10 10 2 8 10 5 8 7 6 3 10 10 1 6 9 8 10 7 3 3 4 2 9 4 3 5 1 2 5 8 5 5 1 3 10 8 10 8 10 2 4 6 2 10 9 10 3 9 7 3 8 1 6 1 10 1 6 10 2 3 2 7 6 9 
5 8 2 10 8 7 2 3 5 9 9 4 7 10 8 1 2 8 5 2 8 9 6 4 3 2 9 2 1 9 1 4 6 8 2 1 6 9 8 4 1 9 4 1 7 10 10 8 10 1 10 6 9 5 10 5 2 5 2 10 8 2 1 5 1 7 3 10 6 2 9 9 1 3 4 7 7 1 8 5 8 5 7 7 5 10 1 9 8 8 4 3 3 8 4 5 3 1 3 10 6 3 10 4 2 5 6 9 5 4 8 10 6 3 7 5 6 2 10 2 6 8 10 10 3 3 2 10 
1 10 4 10 9 10 6 6 1 8 2 3 4 5 6 3 4 6 7 2 7 2 8 10 1 3 1 6 7 1 10 9 6 2 8 8 6 1 8 6 5 4 7 7 6 3 6 6 5 10 6 3 10 9 1 10 5 2 7 6 3 8 3 1 9 6 2 9 6 2 5 3 1 5 1 3 6 10 9 4 6 2 9 6 5 4 10 4 5 1 7 2 9 8 2 10 6 9 8 5 8 5 5 3 6 6 10 8 9 5 10 1 5 10 7 4 4 6 1 6 2 2 6 10 9 2 5 5 
1 4 1 3 1 9 3 3 8 3 2 10 6 5 10 5 9 9 8 5 10 2 8 6 6 6 1 4 3 10 1 3 4 6 4 2 8 9 10 6 8 6 2 5 10 2 10 8 6 3 1 6 3 9 10 9 10 4 9 1 5 10 1 4 7 1 4 4 3 5 6 4 6 8 6 4 4 5 6 6 7 9 7 8 7 10 9 4 7 6 7 5 1 7 3 9 1 1 2 9 10 4 6 6 4 1 6 6 7 9 2 8 7 8 10 10 4 7 7 9 1 7 5 7 10 3 2 8 
10 9 1 4 1 7 2 6 8 8 3 1 5 4 8 10 6 6 4 5 1 5 7 9 9 9 5 8 7 9 4 4 5 1 7 10 3 4 9 7 6 4 9 3 5 3 8 4 1 9 9 6 2 4 10 10 9 3 10 10 1 3 4 9 7 3 3 5 8 4 6 2 5 1 5 1 7 4 3 1 2 6 8 3 9 3 4 3 7 10 1 6 4 2 1 7 9 9 7 2 4 10 10 6 6 10 10 5 3 10 1 8 9 1 3 2 6 10 7 3 2 4 8 10 9 10 9 5 
1 1 10 1 3 4 6 6 1 5 7 7 3 1 9 10 4 2 4 9 9 1 9 6 5 4 5 4 9 1 5 5 2 8 7 10 6 3 8 2 10 8 4 3 10 4 5 3 7 6 1 6 10 6 2 8 2 10 3 1 1 10 6 8 5 10 7 10 6 1 1 7 3 3 10 6 1 9 8 5 2 5 2 10 3 2 3 9 3 1 5 5 10 3 2 3 1 2 9 8 1 1 8 7 7 4 1 2 7 2 8 5 1 4 10 3 1 1 10 9 6 7 9 1 4 4 4 9 
7 1 4 2 3 4 9 8 2 7 10 2 1 3 7 7 5 5 9 7 7 2 1 1 9 7 10 3 2 8 2 9 10 5 1 2 8 4 10 2 9 1 9 2 3 7 10 8 10 2 7 10 5 5 1 7 6 6 2 2 2 10 9 7 6 4 8 6 2 2 9 3 7 7 6 9 9 9 1 8 3 10 10 2 5 2 3 6 4 5 3 9 7 10 6 6 7 1 10 3 10 1 1 5 10 8 2 6 6 9 9 7 3 6 2 6 6 4 3 5 9 6 8 3 5 7 6 8 
8 4 10 9 8 4 7 10 2 5 4 6 3 5 3 5 1 9 10 7 3 3 2 8 10 4 9 3 7 8 3 9 5 8 6 7 8 10 8 9 7 7 1 5 3 10 8 10 4 10 7 3 10 5 8 2 6 4 6 6 5 9 3 1 1 8 5 6 10 5 8 10 7 10 7 2 5 1 4 4 10 9 9 2 6 3 5 10 8 1 8 7 3 10 4 8 9 10 9 3 6 6 7 7 3 6 3 3 6 3 1 3 8 10 4 7 3 7 6 6 2 1 1 10 6 1 8 10 
4 2 1 4 2 8 1 2 1 10 2 1 3 1 5 10 1 8 1 8 1 4 6 6 3 3 3 4 6 2 8 4 3 7 6 1 2 9 7 7 4 8 6 8 2 3 10 4 7 1 8 4 10 3 1 8 2 4 2 7 10 3 10 1 8 10 8 4 9 2 8 9 8 1 1 8 7 5 1 2 3 2 4 10 8 3 3 6 8 6 2 1 5 8 1 10 4 7 1 2 10 3 9 3 7 6 4 4 8 5 4 1 9 4 9 10 8 2 5 3 2 7 8 5 5 4 2 6 
5 4 7 9 3 10 7 10 10 1 6 7 4 6 7 9 5 4 1 8 10 8 5 9 8 5 10 1 2 10 3 1 8 5 8 4 7 3 6 3 2 8 3 1 5 2 9 9 7 5 8 1 7 9 1 5 4 4 1 7 4 3 4 2 5 4 2 9 9 9 3 6 9 3 6 1 1 9 9 7 4 3 6 2 10 2 1 4 2 4 9 6 7 2 3 3 10 1 7 3 2 9 3 6 3 4 5 1 9 4 5 2 9 4 1 6 4 5 10 1 6 4 4 7 5 7 2 5 
8 2 7 4 5 10 6 9 5 1 4 6 4 9 1 3 4 8 4 4 3 7 7 4 9 1 8 5 8 2 4 4 4 10 5 10 10 9 9 7 9 8 4 8 6 3 3 3 9 6 1 6 6 8 9 6 7 1 1 9 2 2 2 5 4 3 2 2 4 5 7 10 10 9 5 2 2 4 5 10 2 7 2 1 9 10 8 7 8 3 10 6 7 5 1 10 7 6 4 8 5 8 4 4 7 9 8 4 1 9 1 1 3 1 10 9 5 6 1 7 3 3 6 10 4 6 2 4 
1 1 8 1 2 6 8 7 3 3 1 10 5 9 9 9 3 9 9 9 5 3 5 10 2 9 1 8 4 4 4 10 7 10 7 10 1 1 10 9 5 6 4 9 6 1 1 9 7 1 1 4 9 2 6 4 4 1 3 4 6 7 1 4 6 10 2 8 4 2 8 8 4 7 5 3 9 4 6 3 4 10 10 3 10 3 10 5 10 8 8 8 8 5 10 8 1 3 3 2 8 8 9 4 3 7 8 8 5 2 9 4 6 8 4 9 10 5 9 1 8 2 8 8 6 9 5 9 
7 6 2 10 4 10 10 1 10 8 4 10 1 8 10 8 3 5 3 10 7 5 6 10 5 1 8 6 7 6 9 6 9 9 3 7 9 10 2 1 6 2 5 10 10 10 6 4 9 7 8 4 1 3 5 3 8 10 1 9 1 3 10 9 1 6 4 10 9 8 9 7 3 6 4 5 10 9 7 8 5 2 4 8 3 4 8 5 6 4 3 4 5 2 5 3 4 10 7 2 5 9 5 5 8 2 1 3 9 2 5 4 6 2 5 2 5 9 7 7 9 5 3 8 1 8 1 9 
5 3 5 6 8 3 1 3 6 10 3 8 10 2 8 2 2 8 6 6 2 3 6 10 10 3 6 8 10 3 8 6 1 6 3 1 1 3 8 7 2 9 5 5 9 3 5 7 1 7 10 1 5 5 10 1 8 5 6 4 4 1 1 8 8 7 9 7 1 1 8 5 3 5 5 10 7 3 1 10 3 2 5 3 2 9 10 1 4 4 9 8 6 6 5 8 3 5 8 4 5 9 1 7 8 9 1 5 9 6 1 8 1 7 7 4 4 1 8 6 1 10 5 9 1 2 8 7 
1 8 9 9 4 4 7 4 7 3 9 4 9 5 10 4 2 3 1 7 10 1 7 8 6 10 4 4 6 8 5 5 3 4 6 1 5 1 1 3 8 9 4 4 10 10 9 1 9 1 3 4 7 3 3 2 7 5 7 9 4 9 9 4 2 8 9 7 4 2 1 6 6 10 7 7 6 7 3 4 9 5 10 1 3 5 4 9 10 5 8 5 4 3 7 5 7 4 7 8 5 8 10 9 9 10 10 1 2 6 9 9 2 8 7 4 4 9 6 5 4 2 3 10 7 3 9 3 
4 2 2 7 5 8 1 2 4 7 4 8 6 10 4 3 8 5 7 4 1 8 5 7 5 4 8 6 10 1 6 3 7 6 10 6 8 10 4 4 8 1 7 10 4 1 7 1 2 10 6 7 10 10 2 10 5 7 10 2 10 9 6 3 1 2 1 7 8 10 6 7 3 2 4 8 2 2 2 4 2 10 10 1 6 8 1 1 6 1 2 9 4 8 9 6 7 3 4 3 1 6 9 5 2 6 6 7 6 1 7 5 10 4 9 5 4 1 1 4 5 8 10 9 1 4 7 3 
3 10 10 8 7 7 2 6 9 2 10 5 10 1 10 4 4 3 2 7 1 7 8 9 8 7 5 7 2 1 7 7 4 2 9 6 4 10 3 5 10 4 10 10 1 8 7 1 9 1 5 2 2 7 9 2 3 8 4 4 5 1 5 2 6 8 5 2 6 10 5 5 1 5 1 2 9 1 10 1 5 2 2 4 6 2 1 7 4 3 8 2 5 4 5 3 1 6 1 1 4 4 1 2 10 8 8 6 1 2 6 10 6 7 4 7 1 5 6 5 1 8 4 4 5 1 7 3 
9 1 9 7 7 2 3 2 5 8 4 7 10 10 2 10 4 2 6 9 4 6 1 6 1 4 2 7 3 6 2 10 8 4 9 10 5 2 8 8 9 4 6 6 10 6 10 9 6 2 10 6 9 8 10 10 8 2 8 10 6 4 1 8 7 8 7 9 7 5 4 2 9 4 10 8 3 2 6 9 8 7 4 1 6 2 3 8 2 9 4 9 3 6 4 5 4 5 6 9 1 5 7 2 4 4 2 1 1 10 4 9 8 2 3 2 1 8 10 8 7 6 9 7 9 5 3 3 
4 1 7 10 2 1 4 7 8 4 5 7 6 2 4 2 8 9 5 1 6 6 8 6 1 7 9 2 5 1 7 3 7 9 6 10 3 3 1 8 8 9 9 10 2 2 2 2 10 4 5 6 10 9 6 9 8 10 9 5 1 6 1 6 9 8 3 6 5 9 2 1 10 4 4 5 6 6 10 6 5 7 6 7 8 10 5 1 6 8 6 7 10 8 3 8 4 8 6 3 4 10 2 9 6 1 2 7 10 6 4 6 4 4 9 7 4 3 10 6 8 2 3 1 2 10 4 10 
6 9 5 1 3 9 6 9 1 9 7 2 7 1 10 3 1 8 3 8 7 4 4 10 1 4 7 5 8 10 2 2 8 3 10 3 6 1 3 9 7 2 5 6 1 8 5 10 4 10 3 3 9 4 6 7 2 1 4 6 9 8 3 1 9 3 3 6 3 10 8 5 1 8 8 3 5 4 7 4 8 9 2 10 1 8 1 3 8 1 10 5 1 3 8 7 1 9 6 8 6 5 10 9 6 8 9 7 5 1 3 7 9 10 4 5 1 4 9 4 8 3 10 10 2 9 6 5 
4 3 9 2 1 5 6 7 1 8 5 8 2 4 1 4 9 9 6 9 2 2 6 9 8 2 6 9 4 9 9 6 8 1 3 5 7 1 8 3 9 1 9 5 9 4 2 7 4 10 8 9 6 3 3 1 3 9 8 3 2 7 5 5 3 5 8 2 10 2 8 5 6 7 9 10 1 1 10 5 5 1 9 10 6 2 3 3 8 9 10 3 8 8 1 10 5 7 3 10 9 8 2 6 6 5 10 4 6 1 1 9 1 4 9 7 4 4 1 1 6 9 8 9 7 4 1 2 
5 7 10 4 2 3 3 9 10 2 4 7 3 10 6 1 2 5 4 4 4 4 6 8 9 10 5 1 3 6 5 8 8 8 10 10 2 4 8 5 2 9 4 3 5 10 1 5 4 6 9 8 9 6 1 4 1 8 6 8 8 7 3 4 2 10 4 7 7 6 1 10 2 9 2 6 8 2 9 8 4 3 5 6 1 9 9 4 3 3 3 10 6 6 7 4 5 10 2 7 8 7 5 6 2 9 6 6 8 1 3 1 3 7 9 2 1 6 6 5 9 3 5 6 5 7 4 1 
2 10 8 6 3 2 3 4 9 7 10 7 5 6 7 2 5 6 8 1 8 3 4 5 3 5 7 6 10 3 9 4 4 8 3 7 10 9 4 7 2 3 10 2 7 4 3 9 4 8 6 8 2 2 3 10 4 7 7 4 1 7 5 7 10 3 3 3 6 5 5 10 8 8 1 3 6 2 8 8 5 2 1 10 4 2 3 2 3 2 4 4 7 4 4 5 8 3 5 3 4 3 1 7 9 5 9 6 7 2 5 10 9 3 6 7 7 9 2 4 4 4 10 5 1 4 1 3 
6 3 8 6 1 8 1 7 9 8 10 8 5 1 7 8 3 9 2 3 9 9 5 6 2 3 7 2 7 4 6 10 2 7 4 10 7 6 5 1 5 6 6 6 10 8 4 10 5 10 2 3 4 2 6 2 3 7 4 5 10 5 2 8 2 9 3 7 2 1 8 6 4 4 4 5 6 1 8 7 4 9 3 5 2 9 6 2 8 3 3 5 3 3 4 5 5 3 2 4 7 6 9 5 1 8 10 4 3 6 1 9 9 3 2 3 9 9 2 8 10 10 5 5 10 10 1 5 
2 10 10 8 5 8 4 4 9 10 2 10 8 2 4 6 6 10 1 6 9 4 5 7 7 2 1 7 4 5 6 5 5 5 5 3 10 8 3 2 7 5 1 9 7 1 8 2 2 7 6 1 10 3 9 5 9 6 7 5 1 7 6 2 5 4 9 1 1 6 10 6 1 8 8 1 7 7 10 5 3 9 7 4 4 3 7 5 2 8 2 1 9 7 4 3 6 9 5 6 5 1 9 2 2 9 7 2 3 8 2 2 4 4 1 6 7 10 4 8 5 4 5 9 8 8 2 3 
2 5 8 2 9 5 6 8 3 4 7 6 4 5 7 7 1 4 8 7 1 2 1 2 8 6 1 5 10 3 2 10 7 4 3 1 2 5 10 1 7 3 6 1 8 4 3 8 4 10 6 1 10 3 10 5 6 5 6 2 9 8 2 1 5 7 4 5 7 4 8 7 4 5 3 9 6 9 8 10 3 1 1 7 5 3 4 5 5 1 8 4 5 9 2 4 9 3 1 5 7 2 2 9 10 1 5 6 8 3 10 3 7 3 8 10 5 9 10 2 7 7 3 9 9 5 10 8 
3 3 2 9 8 6 10 5 8 9 1 2 3 1 10 10 10 4 7 6 8 4 10 10 3 6 2 5 10 6 6 5 8 5 4 3 5 8 9 1 8 3 2 9 7 9 9 7 7 5 5 5 1 3 5 2 10 7 3 2 8 7 6 10 2 6 7 9 6 2 3 9 10 9 5 5 10 7 10 3 1 9 10 2 6 9 10 8 2 1 1 7 1 5 5 3 1 9 1 5 6 6 9 8 6 2 6 4 10 7 10 9 5 5 2 2 4 7 5 10 4 9 4 8 8 8 5 2 
5 4 3 9 8 9 4 1 1 7 3 2 5 10 8 3 6 10 5 9 2 7 8 3 2 8 4 7 10 5 3 6 1 9 4 1 8 6 6 10 8 5 8 6 9 4 8 4 4 4 3 10 8 9 7 9 9 7 3 4 8 10 4 9 3 2 4 6 2 3 7 5 9 6 1 3 7 3 2 3 6 10 10 4 1 5 1 7 9 10 8 3 9 7 9 4 9 10 9 1 8 9 1 5 10 8 3 9 8 7 7 2 2 6 3 9 10 5 5 5 9 3 2 5 10 4 8 6 
8 1 10 7 1 4 7 5 5 9 7 5 4 8 1 6 2 1 5 9 3 4 9 3 4 9 1 7 6 1 8 3 9 9 10 1 9 10 4 10 1 4 9 10 10 5 2 5 9 9 6 6 6 3 5 8 8 10 2 2 2 9 5 7 4 6 2 10 6 8 8 4 3 6 7 4 4 7 2 2 10 6 10 6 8 1 6 7 6 9 8 9 3 7 6 5 3 3 10 7 1 10 1 2 7 7 9 5 10 2 3 1 4 8 5 2 4 4 1 10 7 8 7 1 9 4 4 7 
7 2 3 1 2 5 10 5 5 4 2 3 4 9 5 9 8 7 3 2 1 3 1 9 1 8 4 3 6 7 7 2 6 3 8 5 1 5 2 10 3 4 9 2 1 10 8 1 4 2 10 10 9 1 10 5 8 3 8 1 1 3 9 5 8 8 8 10 4 4 2 5 10 6 6 8 7 8 10 9 10 1 9 3 9 9 7 3 5 6 2 6 10 1 2 8 7 8 1 1 1 8 5 1 10 7 3 7 5 6 2 7 1 6 1 7 7 9 8 5 10 4 4 2 3 9 5 7 
5 7 6 3 7 8 3 1 8 5 4 10 10 2 8 1 6 5 9 8 2 5 5 2 6 4 6 8 10 10 5 8 2 5 6 10 9 3 1 3 3 2 9 5 1 3 4 9 8 1 4 4 1 4 7 8 8 5 4 2 4 1 9 4 9 6 2 10 5 9 8 10 3 2 8 8 4 7 1 8 2 7 6 8 2 10 6 3 8 3 3 2 2 1 8 8 7 2 4 7 10 7 7 7 4 6 10 6 5 6 7 3 5 5 1 8 10 7 7 1 8 7 4 1 9 10 1 4 
8 7 8 1 10 8 10 2 7 1 9 4 3 6 4 2 3 5 1 5 8 3 9 4 10 2 1 8 7 4 3 1 6 3 6 4 2 2 7 6 8 9 2 7 7 1 5 8 4 4 4 9 1 8 6 4 6 9 6 4 5 2 8 1 9 2 10 5 8 2 8 8 9 6 9 4 3 3 10 7 10 3 1 3 7 2 2 6 5 10 10 8 8 8 4 9 10 3 1 10 5 6 4 10 2 8 10 5 3 4 2 6 5 5 10 10 9 10 3 6 3 8 2 6 2 7 7 1 
4 2 10 5 8 4 7 8 2 3 9 8 9 4 1 6 1 4 2 3 7 2 8 7 4 5 2 5 4 1 2 3 2 6 1 9 5 7 4 8 8 7 2 4 4 8 5 10 10 4 9 3 7 7 3 4 2 8 6 10 1 3 4 4 9 4 8 8 7 10 10 1 7 5 3 1 6 5 10 4 2 7 3 8 4 1 7 10 1 2 10 2 9 2 3 5 3 2 9 10 8 8 10 2 9 10 9 1 9 6 2 4 2 5 3 9 3 3 2 2 10 1 8 7 8 9 10 4 
4 1 1 4 3 8 8 1 3 10 9 10 8 1 2 8 5 5 3 5 9 5 7 5 2 10 5 1 9 1 1 1 1 10 7 9 8 4 3 4 6 1 1 1 2 9 1 6 2 2 7 1 2 1 2 10 5 2 2 7 6 1 5 4 2 4 6 10 6 10 3 10 2 8 1 1 1 2 10 6 2 2 8 4 6 10 8 2 5 5 5 5 6 6 8 1 6 7 3 7 1 9 10 8 1 8 1 4 3 8 9 10 7 9 3 7 5 6 2 1 8 10 4 2 1 3 7 5 
6 1 3 1 2 10 5 9 6 6 5 1 6 1 2 2 9 4 5 1 3 1 3 1 7 6 8 2 7 5 2 5 4 5 2 8 10 6 8 3 10 8 8 4 2 7 10 10 6 6 3 6 5 10 8 1 1 3 2 8 1 7 3 7 1 8 7 4 4 6 10 6 7 7 9 3 10 9 1 5 10 4 1 9 10 6 5 4 3 9 6 9 8 7 1 10 2 8 10 4 3 7 4 5 4 7 2 10 3 8 9 10 9 3 7 5 8 6 5 9 5 9 8 1 3 10 4 1 
8 10 5 2 10 6 1 6 10 8 7 8 5 4 7 10 9 2 8 5 10 2 8 10 10 8 7 4 6 8 2 5 10 8 10 6 8 8 1 1 10 6 4 1 5 10 5 9 9 1 8 3 2 10 9 6 5 1 5 1 10 10 3 4 4 3 3 10 3 3 4 8 3 1 5 9 6 4 3 10 6 7 4 6 3 10 10 8 9 5 4 9 4 4 10 5 3 7 3 3 10 3 1 3 2 5 10 1 10 2 2 6 8 1 4 7 6 8 2 7 1 8 4 2 9 9 4 1 
2 8 1 1 1 3 10 6 4 3 5 4 1 7 10 5 5 3 3 8 4 8 1 1 1 4 9 9 1 3 10 1 5 10 8 5 5 4 8 9 7 5 9 9 2 5 4 1 2 9 7 8 3 10 10 3 5 1 10 6 5 10 2 4 1 2 2 8 5 5 4 2 6 5 4 5 7 3 6 2 10 4 4 7 3 2 1 2 2 6 10 7 8 10 3 7 3 3 10 4 7 10 8 1 2 7 2 2 1 7 6 3 5 9 3 4 7 1 8 8 5 5 2 8 2 5 4 2 
9 5 1 9 2 3 10 5 9 8 2 1 10 1 1 3 7 3 1 2 1 1 8 10 3 1 7 6 10 6 1 4 5 9 9 1 2 1 6 4 3 6 9 6 7 10 5 9 8 9 2 7 7 10 3 1 3 7 4 8 1 6 3 8 2 10 3 10 8 10 5 1 7 8 4 6 8 9 1 9 8 10 6 5 1 5 4 7 7 7 10 9 3 8 9 1 7 1 3 6 1 5 7 1 5 9 6 3 3 4 9 8 4 6 10 5 5 3 1 5 4 4 10 4 2 2 6 10 
10 6 6 6 6 3 7 8 5 6 7 4 8 9 10 3 1 7 9 8 3 7 2 7 8 8 7 10 9 1 9 3 7 9 8 8 10 9 4 6 9 6 9 8 5 5 9 8 5 9 9 5 3 6 10 9 8 2 2 9 9 6 9 5 8 2 10 8 10 1 2 3 5 6 7 3 10 3 1 2 2 10 10 8 8 4 8 10 8 8 8 6 6 7 3 4 9 10 9 2 3 7 3 9 9 8 6 2 1 8 2 8 3 10 4 7 10 10 4 5 10 1 1 2 6 1 3 5 
8 1 7 9 3 4 4 5 8 5 5 2 3 10 7 4 6 9 1 6 3 8 6 9 9 1 8 7 3 4 1 5 5 6 8 3 1 7 4 6 1 8 3 10 4 2 7 10 7 6 5 4 8 8 2 10 2 9 7 10 2 5 5 1 2 9 3 2 3 4 6 8 6 7 3 2 3 7 6 8 8 5 7 6 10 1 7 2 9 4 1 3 6 1 3 10 1 6 5 6 4 9 7 7 7 6 6 10 9 9 8 9 5 7 10 10 1 3 4 6 10 4 10 7 4 6 8 7 
5 5 6 8 5 3 8 7 4 9 7 10 7 1 4 2 3 6 7 7 7 6 5 6 2 2 7 6 10 5 3 5 8 9 6 8 3 9 9 8 7 8 2 4 4 9 3 4 7 9 4 9 1 9 9 3 6 6 6 5 7 10 5 9 9 4 10 1 10 8 3 9 4 3 7 8 2 10 5 4 3 6 7 2 4 7 6 8 9 6 5 4 10 10 4 3 10 6 1 7 7 9 8 4 10 3 10 3 10 9 6 1 3 7 3 8 10 4 5 9 3 6 1 5 10 8 3 10 
6 7 9 3 3 4 3 2 10 10 1 2 5 5 8 1 6 8 1 2 2 10 1 9 9 8 1 3 3 7 4 9 10 5 2 5 1 1 8 5 3 2 1 8 9 4 6 1 3 6 6 8 6 1 3 1 5 9 7 8 8 10 2 2 4 7 9 9 2 2 6 1 8 6 10 7 6 6 4 3 3 1 7 6 1 3 5 3 4 5 7 10 6 9 1 6 10 1 3 7 9 9 7 9 8 3 5 1 6 3 2 4 5 3 10 8 7 8 9 10 6 8 7 2 3 2 10 6 
3 3 7 6 4 4 7 1 3 7 3 3 6 9 7 4 10 10 1 3 2 1 7 9 1 5 6 8 8 10 5 10 10 9 6 9 2 10 9 2 4 4 5 1 7 5 8 2 5 4 7 7 2 3 6 3 7 7 6 5 8 1 8 7 5 1 2 8 3 4 7 1 3 5 8 4 7 7 6 4 1 4 5 10 4 2 7 7 5 8 7 2 4 8 10 3 4 5 6 4 9 2 7 7 8 3 4 6 10 10 2 6 1 4 9 10 8 3 7 10 6 3 6 6 4 10 3 5 
2 2 4 1 9 7 8 3 1 1 1 3 9 10 4 1 1 6 2 5 1 8 9 4 4 9 2 3 4 9 2 6 1 5 5 2 7 3 8 3 4 9 2 3 3 6 6 4 6 10 2 10 8 1 6 10 2 4 6 5 2 7 6 9 6 9 8 8 1 8 3 8 9 8 9 8 2 10 9 9 3 6 5 7 3 8 5 4 9 1 4 2 3 3 2 7 9 7 2 1 6 5 7 5 4 10 10 3 10 8 4 2 5 6 5 10 5 1 9 2 3 6 8 10 6 1 4 3 
8 1 10 6 9 5 5 6 7 8 1 5 1 2 9 5 3 7 5 5 9 10 6 7 6 2 9 9 9 8 1 8 1 10 7 5 10 5 1 8 2 7 3 9 7 2 2 3 6 8 4 8 4 6 9 6 10 7 6 2 9 10 3 3 1 7 7 5 3 2 1 6 7 10 2 7 3 7 4 2 6 1 6 8 8 7 1 2 9 7 1 10 10 9 10 6 8 1 6 9 2 9 1 4 3 1 6 2 4 1 9 5 4 8 5 1 8 3 10 7 1 2 8 10 4 8 8 8 
10 6 4 5 4 6 10 5 8 8 8 6 3 4 1 2 3 4 3 6 6 8 8 2 10 4 5 8 7 7 5 4 5 1 5 9 9 1 10 2 7 10 7 9 3 7 8 7 4 7 2 4 10 4 2 6 7 8 4 9 5 6 9 9 6 10 8 6 6 4 4 6 3 4 7 6 4 10 7 7 1 1 1 8 4 3 10 3 7 7 2 3 2 3 7 5 1 4 5 9 1 5 2 3 9 5 1 8 4 1 8 5 9 1 3 5 8 1 5 4 6 4 1 6 6 9 4 2 
6 10 7 9 10 5 1 7 6 4 3 7 10 3 1 8 10 4 7 5 1 7 6 6 5 2 1 8 10 9 7 10 10 8 8 4 6 10 3 10 1 2 5 5 9 10 6 1 6 1 2 5 4 3 2 2 5 3 2 6 3 2 6 9 2 4 4 2 9 1 2 6 4 4 9 8 7 9 4 3 1 8 8 7 7 5 2 2 7 2 4 8 2 5 3 1 8 4 3 1 9 1 4 9 4 3 1 6 9 2 4 9 2 6 7 8 7 9 1 8 5 3 6 1 2 5 8 9 
8 10 6 9 4 1 2 8 2 2 4 4 4 9 4 7 4 3 10 4 3 5 6 10 5 10 4 4 8 7 8 10 5 6 8 1 1 4 4 3 4 5 6 7 1 6 6 10 10 5 8 5 8 8 1 9 1 2 2 3 1 5 1 10 3 8 1 6 7 9 9 1 9 9 3 2 2 3 5 8 10 4 10 8 10 2 3 7 2 7 2 8 4 2 5 9 2 5 10 3 1 2 10 4 4 8 3 4 9 3 4 8 6 3 9 6 5 2 2 6 3 8 4 7 6 5 4 5 
10 7 8 10 10 7 5 5 8 1 1 2 8 4 6 9 3 7 4 6 8 6 6 6 3 4 10 9 3 9 2 9 1 2 4 4 3 2 9 6 8 2 1 8 7 3 6 8 7 8 2 10 9 4 1 2 7 3 7 6 5 8 2 1 8 10 8 2 10 4 7 3 5 1 9 7 5 9 3 4 7 4 2 3 2 9 10 5 8 6 1 10 9 3 6 10 6 3 7 7 4 1 2 6 4 8 2 9 10 7 1 8 8 3 10 7 4 5 7 8 5 9 8 6 5 6 9 6 
8 8 2 6 5 3 4 4 4 8 6 3 8 8 6 3 1 10 9 8 8 4 7 6 4 6 8 5 1 4 6 5 5 6 6 9 1 8 8 8 7 10 4 1 3 9 4 1 6 3 8 3 3 8 10 2 10 7 3 7 3 3 4 7 2 4 4 8 9 7 9 8 10 9 2 2 7 2 9 6 5 2 5 3 9 7 2 5 5 9 3 2 6 2 10 6 6 1 9 5 6 10 1 1 2 6 5 6 8 1 5 1 9 3 1 10 3 9 4 1 7 8 8 8 7 7 10 5 
9 6 7 7 5 6 10 1 8 10 1 2 5 2 1 8 3 8 10 3 5 7 5 5 6 8 9 3 7 9 7 8 1 9 4 8 3 4 1 6 4 2 1 2 4 9 3 7 5 5 6 5 1 3 1 5 8 9 1 9 5 6 5 1 1 4 6 8 6 3 8 4 4 5 9 2 7 8 5 2 4 7 8 8 9 4 6 5 7 8 8 9 3 9 9 1 2 10 5 8 7 9 10 10 4 9 4 5 6 3 1 7 2 2 3 5 5 9 5 3 4 10 4 3 8 9 2 10 
5 5 7 1 3 8 1 10 5 4 9 6 3 8 1 2 2 3 10 1 10 9 8 7 6 5 8 3 4 8 2 6 10 6 6 6 1 2 3 8 3 10 7 6 4 3 6 6 4 4 8 5 4 1 1 8 4 9 7 6 8 6 8 5 3 5 10 10 10 6 1 9 4 2 5 3 2 8 7 9 5 6 2 8 1 7 2 7 3 8 4 4 8 7 10 5 6 1 2 9 1 6 2 2 8 6 6 4 2 7 8 3 5 7 2 6 5 3 4 7 7 9 9 8 8 4 6 7 
5 8 1 10 3 10 1 10 7 6 5 6 4 5 9 4 1 5 3 10 6 8 4 9 5 5 5 2 3 5 6 9 7 2 1 10 7 2 7 9 2 10 1 1 6 2 1 7 6 3 4 5 3 9 8 3 2 2 2 6 2 5 6 10 1 1 1 6 6 4 5 4 6 3 5 2 7 10 1 7 10 9 4 8 9 9 6 5 1 1 2 9 4 2 4 4 6 3 9 4 5 8 4 10 5 3 3 1 1 8 10 9 2 1 1 5 4 5 4 1 8 2 3 10 6 8 1 1 
10 6 5 5 6 4 5 5 3 2 7 4 6 8 4 6 3 6 7 9 4 10 7 8 1 10 10 6 8 10 6 4 2 8 8 5 3 5 10 2 3 7 6 4 2 7 3 2 6 1 2 8 5 6 5 10 8 2 8 9 7 1 7 6 7 7 4 3 7 8 8 7 8 10 8 10 1 4 8 7 6 5 4 2 6 8 10 6 3 2 9 10 9 1 8 3 5 7 10 3 7 5 9 5 8 8 6 4 9 5 1 1 8 6 5 3 6 3 4 10 4 9 9 7 9 4 3 4 
10 10 8 8 3 2 9 5 9 10 8 4 3 5 7 9 1 7 9 6 3 2 7 1 9 7 2 2 6 10 9 8 4 9 4 2 7 4 2 6 8 3 4 10 7 10 9 3 2 2 1 10 4 3 9 10 10 1 7 1 4 2 3 4 6 3 10 7 9 3 9 7 1 6 10 2 2 6 2 3 2 7 7 10 3 5 3 2 6 10 9 6 9 6 2 8 8 6 10 7 7 5 1 7 6 9 6 6 2 4 2 5 10 10 10 10 2 3 3 3 4 8 7 1 2 7 10 8 
4 2 7 9 4 4 10 4 6 6 8 10 1 10 4 10 3 6 10 5 1 6 9 10 1 10 2 8 10 1 5 1 7 9 1 5 5 6 1 1 1 7 4 6 10 10 10 10 8 5 6 5 2 10 10 7 4 8 6 10 3 3 9 10 5 6 9 5 5 4 4 7 6 6 9 3 5 6 2 2 4 7 7 4 10 3 10 2 7 5 8 8 8 10 9 6 5 3 6 9 5 10 7 7 8 2 9 10 5 9 4 8 8 5 5 4 5 6 8 4 3 6 4 6 5 6 8 1 
4 8 1 7 9 1 5 7 8 7 6 4 6 8 2 6 2 3 2 7 9 7 6 6 5 5 4 5 9 1 5 6 7 1 1 7 1 3 6 10 10 4 5 3 1 2 1 3 3 4 7 3 4 3 3 7 8 5 9 5 5 6 6 8 4 5 10 2 8 1 8 8 9 10 1 7 9 7 10 2 3 8 2 2 5 1 4 2 1 1 2 7 7 8 9 5 8 10 5 1 6 5 9 1 1 3 10 6 4 2 9 6 2 1 1 7 8 4 9 7 5 4 1 4 7 7 4 6 
4 6 9 1 5 4 3 6 3 10 2 5 2 3 6 6 9 7 9 2 1 7 4 10 6 10 7 2 2 4 6 6 9 9 5 3 2 6 8 4 2 9 2 10 6 1 6 6 6 8 5 3 7 2 9 1 1 2 8 6 8 9 3 7 1 8 2 2 1 9 8 10 6 5 2 6 2 5 2 6 1 2 8 9 2 8 2 10 6 6 3 8 6 3 9 6 9 6 4 5 1 3 1 4 1 2 1 2 1 7 3 2 5 5 10 6 2 2 10 1 8 8 6 5 3 8 9 7 
7 5 3 4 6 7 9 5 10 1 4 7 9 8 5 9 7 8 4 9 7 7 10 1 5 5 1 5 2 8 4 8 6 3 4 9 6 2 3 6 7 9 7 5 4 8 1 8 2 7 4 6 4 7 8 10 7 5 1 9 1 9 5 6 10 2 3 2 1 8 5 9 1 4 1 7 9 2 6 8 8 4 2 9 7 6 2 8 8 3 6 7 7 7 6 4 7 3 7 8 3 1 6 2 8 1 10 7 4 7 7 5 10 9 1 3 9 6 6 8 4 6 8 8 9 5 10 1 
4 4 4 8 2 2 4 9 8 1 8 5 8 5 10 8 9 7 5 9 2 8 1 5 2 1 5 2 2 8 2 5 10 4 4 5 3 9 1 2 2 10 6 5 2 4 9 1 6 1 6 1 6 5 2 4 1 7 3 7 4 7 2 1 10 6 3 8 10 5 4 9 9 4 9 7 9 9 3 2 3 5 6 10 9 3 8 7 1 3 5 5 3 4 1 7 9 8 6 2 7 9 7 9 4 6 5 2 7 4 10 9 4 9 2 4 4 9 4 9 4 8 5 2 10 3 8 5 
7 5 3 7 6 6 9 1 5 8 9 6 6 8 1 7 8 7 10 2 5 4 6 5 1 10 6 3 5 7 3 1 3 10 5 8 10 3 5 7 9 4 1 2 1 9 1 7 9 6 3 10 1 7 9 6 2 9 10 3 7 10 5 10 2 1 3 5 3 5 9 8 7 1 5 10 2 8 9 2 7 1 6 4 3 1 8 3 5 10 2 10 7 5 5 7 9 10 2 10 6 10 10 2 6 1 4 9 4 4 8 2 4 10 6 7 8 10 9 1 6 6 3 6 1 3 2 7 
6 8 6 10 4 4 7 9 7 1 8 8 4 8 6 10 7 5 3 2 10 7 1 1 7 6 9 3 9 1 2 7 1 2 1 3 10 4 2 8 4 7 3 9 4 7 10 4 4 10 7 2 7 9 6 7 8 6 8 1 7 7 5 1 3 2 7 1 7 4 7 2 2 7 5 2 7 6 9 2 6 8 7 10 1 3 3 4 1 10 4 3 1 7 3 3 10 5 5 3 1 4 6 2 8 1 7 9 5 5 4 2 3 7 1 7 3 5 3 7 7 6 6 9 2 2 6 8 
9 10 8 7 1 2 5 8 9 2 4 8 10 1 5 10 10 8 4 6 3 5 4 5 8 6 2 9 4 3 2 5 5 5 9 4 3 6 8 7 4 1 9 2 2 5 1 2 1 3 8 7 1 9 10 5 4 3 3 4 6 1 8 1 2 6 7 1 8 8 10 3 1 2 4 10 10 9 3 10 2 3 6 2 10 3 3 4 8 9 3 8 8 2 3 7 5 6 9 7 7 1 8 4 9 7 7 9 2 5 2 9 9 9 7 4 6 5 7 5 3 6 6 4 4 8 8 5 
10 9 3 10 8 2 9 1 8 7 9 1 5 9 6 4 8 6 8 1 6 2 3 7 4 6 2 3 5 9 6 4 7 8 3 1 3 5 2 1 10 6 2 8 4 2 6 7 6 1 5 7 8 10 8 5 2 2 7 1 1 6 5 8 3 7 4 4 2 2 2 7 1 6 7 5 9 9 9 4 4 8 1 7 9 5 3 1 4 8 6 10 7 1 6 6 1 10 8 1 1 7 9 6 6 3 8 4 3 5 7 8 3 5 8 3 7 2 9 1 4 1 1 1 3 7 7 1 
6 6 4 2 1 1 8 1 7 5 10 1 3 3 9 4 1 10 5 8 2 1 6 5 1 10 6 2 5 3 1 7 10 6 3 2 3 8 2 6 5 8 3 6 8 3 7 10 3 1 4 7 8 8 7 5 10 9 4 9 4 10 6 4 7 3 5 9 9 1 2 5 9 1 5 9 1 1 1 9 6 7 6 10 1 6 4 9 7 5 3 9 1 10 7 9 9 6 8 6 10 8 6 5 10 10 2 9 5 9 8 8 8 3 3 10 1 8 10 10 2 3 8 6 10 10 5 4 
5 1 10 8 1 6 6 1 6 7 7 3 5 5 5 10 8 5 9 2 10 6 5 3 3 8 1 9 4 9 4 8 6 3 6 5 6 9 6 3 8 10 4 5 3 3 1 1 2 6 5 2 2 5 1 4 7 5 8 7 10 10 3 3 9 6 6 1 5 3 7 10 4 2 8 8 6 3 9 8 5 9 1 6 2 2 7 2 10 4 2 2 8 6 5 7 5 8 10 2 4 10 3 8 6 10 2 8 9 4 1 3 4 8 2 9 8 2 2 2 1 9 1 4 6 4 8 10 
8 1 7 6 4 5 1 8 9 2 7 7 6 1 9 2 5 1 1 4 3 1 4 8 2 8 10 2 4 8 2 6 9 2 8 7 8 6 4 8 10 3 2 7 6 9 3 4 4 5 4 7 2 9 8 8 7 5 7 6 6 1 10 3 1 4 1 8 6 8 6 5 2 3 5 10 5 6 8 1 9 8 1 10 10 7 7 2 10 4 7 8 4 9 10 1 8 2 2 7 2 2 6 7 5 1 7 6 4 1 8 10 10 8 9 10 2 4 6 5 1 8 8 1 1 10 1 7 
8 3 7 1 7 8 7 2 9 8 9 7 7 1 2 8 7 9 9 10 3 10 2 9 4 9 9 5 9 6 2 1 8 9 3 7 5 7 9 2 1 8 1 1 4 3 10 4 3 5 4 10 4 1 4 5 2 3 4 7 3 1 10 5 2 7 8 5 1 4 3 8 10 2 3 1 5 5 9 8 2 10 10 4 10 8 9 2 6 2 7 10 1 1 9 10 3 7 2 5 8 5 2 6 3 6 10 6 6 2 7 2 2 5 5 2 3 4 9 2 8 2 6 1 6 2 4 10 
6 5 5 6 10 2 7 10 4 10 6 7 2 6 1 6 1 8 5 4 4 1 3 6 9 6 5 1 10 7 7 8 8 10 8 6 1 8 9 4 3 4 1 4 8 7 2 7 6 2 4 3 4 8 8 4 2 1 4 8 6 6 10 7 8 1 10 8 7 6 1 4 4 1 7 8 4 2 10 10 4 10 10 5 2 1 5 5 6 2 1 3 5 7 10 3 3 2 7 8 9 5 3 1 1 3 9 6 10 3 8 5 9 9 6 2 3 8 4 2 1 2 4 4 4 2 10 7 
5 1 8 2 7 1 9 4 3 8 5 10 4 1 5 8 6 6 9 6 5 6 10 6 4 5 10 1 5 7 1 9 2 6 5 4 3 8 1 6 9 6 4 1 1 10 3 5 8 10 10 6 8 10 10 2 6 2 6 2 5 5 4 3 9 1 3 4 5 8 3 4 4 2 1 5 1 5 10 8 9 4 9 6 4 4 5 9 4 7 5 8 6 8 6 7 9 6 3 8 4 8 2 3 7 1 1 10 9 1 3 5 6 4 10 4 9 1 3 6 7 3 6 7 3 5 1 5 
2 1 7 7 10 8 1 10 8 9 8 10 5 7 10 7 2 5 5 10 5 5 3 9 1 2 2 4 9 2 3 3 10 6 7 6 7 10 8 10 5 5 3 8 2 9 6 1 8 10 8 5 10 8 5 9 8 3 1 3 10 1 8 4 8 7 8 9 5 7 1 7 9 5 10 6 8 6 10 1 10 4 1 2 3 5 5 3 3 9 9 10 8 2 8 8 8 3 5 4 7 10 9 2 6 9 7 5 6 5 4 10 7 8 10 4 7 7 2 7 3 2 1 6 4 8 4 2 
1 7 6 10 4 10 3 6 1 1 9 9 2 10 9 1 9 2 5 9 8 10 10 6 3 7 1 10 9 2 6 10 8 9 5 4 6 5 2 8 1 7 10 10 9 5 9 9 7 9 8 2 2 3 2 8 10 1 4 7 10 1 3 1 7 5 3 9 10 1 3 5 9 8 8 9 3 3 6 2 7 6 1 4 6 1 2 8 9 2 7 3 6 8 3 10 2 10 3 5 2 2 7 10 6 8 8 6 7 4 9 9 10 8 5 2 5 3 2 7 4 9 8 8 2 9 3 4 
114 169 86 72 134 66 73 162 59 84 185 183 115 148 90 43 87 53 156 68 54 138 38 151 76 95 125 185 122 95 172 60 90 74 78 136 94 91 169 87 76 138 120 130 39 108 137 114 166 104 147 145 61 81 121 113 167 56 116 99 184 188 57 136 87 75 139 112 107 59 79 146 83 137 172 118 161 36 63 27 117 139 108 100 13 138 92 158 110 148 121 121 92 179 98 168 95 171 29 147 99 119 16 21 48 38 139 43 102 195 16 110 115 100 130 49 197 110 139 117 65 148 105 107 178 124 40 60 
169 6 19 33 104 92 115 48 150 121 130 120 65 101 82 145 49 68 137 84 78 128 35 130 147 14 85 68 48 77 164 103 104 105 114 29 164 35 108 116 73 111 58 142 191 98 123 82 55 173 112 112 118 102 81 86 124 171 188 124 60 87 91 52 130 75 114 117 141 65 71 60 106 107 41 140 65 90 89 108 137 107 80 91 71 185 70 85 82 128 36 78 81 185 88 128 141 100 94 110 62 70 121 88 145 29 56 114 15 104 88 154 42 121 87 123 122 62 128 100 146 94 162 71 95 147 117 168 
86 19 142 86 155 78 112 147 44 106 149 93 60 162 146 139 64 132 56 147 73 105 91 37 12 62 25 44 63 112 171 62 51 81 74 112 100 89 73 138 137 85 102 89 177 90 71 74 118 115 132 177 91 93 16 83 60 56 71 91 173 131 132 93 88 151 104 42 142 109 83 112 141 53 106 42 44 67 39 72 90 113 152 142 109 148 156 145 82 121 18 125 170 99 170 112 70 38 115 110 138 117 97 118 69 117 12 154 68 40 108 111 42 79 111 18 170 100 112 131 110 59 89 76 49 102 114 123 
72 33 86 148 135 101 157 44 138 108 103 104 68 89 53 178 69 14 83 45 179 17 70 93 61 98 165 52 59 111 74 80 130 58 161 111 31 117 126 67 157 149 121 146 13 107 97 160 177 142 119 112 46 89 140 106 64 93 73 148 86 151 94 153 179 158 31 109 173 110 99 72 73 65 167 127 86 149 44 104 92 168 81 132 65 150 108 138 121 80 149 38 136 170 104 26 118 63 150 164 123 48 150 135 125 58 172 197 109 45 71 80 110 50 52 139 70 141 87 147 79 41 106 117 146 60 109 99 
134 104 155 135 136 78 138 109 77 70 7 84 154 127 75 126 102 18 103 88 80 91 94 41 76 169 152 90 86 105 55 21 121 81 86 137 100 127 136 136 38 91 51 75 143 142 103 21 146 17 115 127 71 130 59 92 40 50 98 47 147 142 71 107 85 51 115 44 63 138 74 105 137 149 126 142 183 87 46 128 73 72 116 107 76 91 145 136 45 153 77 138 94 155 173 94 135 50 112 85 131 60 64 112 125 88 112 89 72 99 120 148 117 101 43 80 103 164 101 70 69 58 129 52 78 125 129 155 
66 92 78 101 78 72 48 42 30 120 106 105 53 60 162 88 129 76 127 69 79 92 71 137 63 62 117 72 136 87 170 129 87 124 86 103 86 89 71 117 100 120 72 196 114 172 142 119 111 81 145 86 103 92 73 119 80 124 69 37 109 133 96 72 121 190 75 34 114 95 154 151 172 87 157 87 83 127 25 107 165 153 96 31 116 4 49 56 110 103 161 111 41 94 94 77 55 79 125 47 169 191 171 123 116 158 56 83 81 100 38 66 189 120 99 32 66 150 146 55 11 40 87 37 30 98 145 83 
73 115 112 157 138 48 142 116 155 35 52 100 57 114 7 116 62 79 131 111 125 175 48 88 137 173 53 73 86 121 11 155 136 92 71 75 57 65 177 99 126 111 89 83 103 52 103 135 63 126 195 88 101 167 89 9 6 130 179 117 114 69 4 142 103 113 156 133 65 152 187 91 81 29 126 80 121 78 110 97 119 45 128 113 90 64 155 33 113 153 60 110 93 95 83 108 74 115 70 149 38 112 187 114 85 104 92 72 119 49 179 125 152 117 118 8 119 22 90 170 111 113 130 81 69 122 85 72 
162 48 147 44 109 42 116 150 107 108 133 57 153 169 87 89 30 46 113 100 181 153 44 80 43 99 59 51 61 57 122 96 82 103 37 96 106 61 28 123 99 173 127 78 89 82 21 157 80 96 105 141 127 87 135 95 44 125 150 88 88 61 143 95 89 122 97 85 79 164 126 149 89 66 122 114 96 163 93 174 141 95 175 93 57 73 145 121 186 114 95 174 139 91 81 106 115 137 191 96 80 112 24 131 91 172 29 145 20 134 151 32 97 77 87 102 64 170 47 111 151 162 121 150 46 136 123 101 
59 150 44 138 77 30 155 107 180 38 119 168 55 55 113 115 58 64 142 104 140 101 169 147 100 55 54 135 131 108 39 135 118 141 35 45 125 99 107 131 114 99 75 112 112 141 53 86 150 110 188 56 72 118 124 91 155 91 78 117 125 65 139 123 146 140 91 157 124 119 170 143 93 55 172 79 144 101 23 18 156 122 116 111 70 133 142 34 60 129 146 153 16 88 104 126 118 148 57 138 44 127 139 108 54 188 121 188 103 60 142 145 155 53 113 35 54 83 60 92 106 111 187 114 90 143 147 86 
84 121 106 108 70 120 35 108 38 118 63 43 124 18 121 177 84 190 112 54 76 70 131 92 99 98 132 90 123 43 91 135 173 41 97 100 107 90 143 53 14 87 21 45 141 99 67 143 68 126 66 129 153 178 115 135 179 116 132 44 54 89 83 96 108 85 101 127 104 80 67 102 89 125 153 152 86 126 88 127 88 154 94 80 89 146 60 82 155 18 129 32 103 67 84 12 27 87 5 109 81 139 107 77 156 123 127 102 145 47 80 73 72 114 123 101 49 105 55 87 178 175 122 110 93 105 48 77 
185 130 149 103 7 106 52 133 119 63 18 107 82 109 58 166 175 79 79 41 146 28 101 123 125 115 100 70 65 56 172 61 114 93 102 147 117 94 43 128 81 53 91 131 89 180 125 120 113 87 181 72 81 112 157 172 156 170 20 105 139 49 99 145 103 62 106 73 50 101 66 66 153 118 68 65 131 26 60 160 132 49 57 124 116 161 28 47 66 119 100 33 76 90 162 96 84 122 54 55 133 133 32 107 155 156 88 126 87 122 173 170 80 22 75 133 79 133 124 9 185 104 24 83 158 170 96 72 
183 120 93 104 84 105 100 57 168 43 107 58 105 104 124 46 122 50 131 87 129 81 72 64 102 140 115 117 61 181 92 101 182 190 71 60 30 118 132 153 150 96 123 90 102 69 89 34 41 80 122 111 84 15 91 118 53 125 125 113 68 93 91 147 62 56 45 67 7 18 97 55 42 96 59 106 123 98 79 87 94 91 98 59 187 182 10 39 71 116 154 156 118 28 75 66 143 94 9 148 151 50 147 81 142 129 77 156 12 71 76 126 42 6 160 152 152 50 40 78 103 32 21 82 168 155 140 29 
115 65 60 68 154 53 57 153 55 124 82 105 128 105 132 111 162 180 84 160 129 80 96 127 133 109 40 135 102 138 76 84 121 145 93 107 144 53 167 71 138 46 81 116 162 87 163 156 179 94 170 74 101 111 88 123 124 147 193 95 137 84 130 167 29 173 85 175 116 123 135 94 111 167 51 139 77 178 68 158 76 159 40 104 110 125 158 59 133 174 80 57 44 62 72 117 49 137 144 21 66 143 33 148 114 137 168 135 81 106 33 146 158 122 78 98 119 144 133 112 109 108 134 184 104 34 164 138 
148 101 162 89 127 60 114 169 55 18 109 104 105 42 39 175 150 72 96 78 94 92 59 74 27 81 133 152 128 115 130 66 83 123 125 158 82 151 105 194 109 135 129 70 135 181 159 140 47 140 72 61 127 61 145 171 6 91 150 110 145 61 128 118 77 153 112 74 128 129 73 132 52 102 88 139 144 61 89 139 100 65 65 95 77 42 73 81 106 126 144 141 110 103 89 148 91 146 129 85 82 129 172 100 62 89 90 43 130 81 170 130 122 29 96 118 149 82 87 25 47 158 120 71 124 94 120 134 
90 82 146 53 75 162 7 87 113 121 58 124 132 39 98 34 99 47 100 98 100 8 44 99 63 132 102 47 172 47 97 160 132 94 146 158 64 164 103 105 131 73 95 138 111 142 96 81 84 58 103 56 120 88 124 134 151 146 111 121 20 108 127 34 98 114 49 126 158 18 81 110 48 109 154 138 132 78 166 103 89 42 94 70 113 147 98 112 133 56 49 110 100 108 67 122 129 110 125 112 171 106 150 46 94 141 94 109 134 26 153 188 51 80 36 140 169 152 96 123 85 37 74 68 77 45 157 89 
43 145 139 178 126 88 116 89 115 177 166 46 111 175 34 58 113 105 97 62 132 93 144 105 181 152 93 48 81 130 87 136 131 98 49 149 110 50 146 109 122 159 146 99 16 97 155 125 186 155 69 105 106 136 80 109 97 54 104 148 40 72 73 110 72 91 146 114 69 99 104 11 131 68 115 104 156 180 128 128 96 61 112 55 130 138 33 142 100 97 81 133 59 69 112 104 128 49 183 117 193 106 67 59 116 108 124 77 152 103 54 90 66 65 184 85 68 72 148 89 53 63 135 63 107 39 157 67 
87 49 64 69 102 129 62 30 58 84 175 122 162 150 99 113 4 172 140 141 95 46 88 54 134 62 127 80 89 83 57 86 51 36 93 39 53 154 98 127 100 150 170 84 113 121 167 50 100 141 113 59 128 137 119 55 93 85 77 92 78 21 73 111 116 101 46 174 54 93 147 72 109 161 99 143 98 74 66 180 99 87 133 20 163 104 66 96 140 45 149 10 81 71 180 76 133 120 69 113 91 93 158 20 46 95 39 96 112 138 73 141 138 148 169 68 114 123 56 92 44 117 157 173 167 68 121 140 
53 68 132 14 18 76 79 46 64 190 79 50 180 72 47 105 172 80 157 106 143 99 145 146 80 75 106 146 129 83 113 111 143 42 97 83 104 146 130 38 188 127 84 95 95 70 19 101 158 24 87 117 69 101 108 51 82 95 133 29 145 135 64 142 106 59 114 117 84 93 138 67 88 51 62 97 182 85 77 158 153 43 155 84 117 167 37 35 78 86 87 105 111 57 77 96 47 71 123 73 182 107 48 104 150 69 86 86 82 133 79 120 61 107 36 77 105 104 154 92 138 83 120 155 88 128 134 104 
156 137 56 83 103 127 131 113 142 112 79 131 84 96 100 97 140 157 148 71 132 107 118 94 104 159 103 162 104 51 49 49 163 61 185 80 59 55 34 183 6 55 93 188 66 120 192 91 95 115 108 153 126 98 65 42 89 165 81 123 61 88 104 120 54 36 71 129 67 104 113 96 92 57 134 140 61 136 106 66 139 37 94 100 76 68 148 63 52 140 143 178 48 165 60 77 77 162 163 93 149 134 114 96 83 138 33 105 103 160 92 85 141 119 65 136 140 57 70 167 150 84 104 136 45 117 95 106 
68 84 147 45 88 69 111 100 104 54 41 87 160 78 98 62 141 106 71 62 97 115 41 58 111 21 145 125 94 50 146 92 87 157 106 123 115 79 149 151 91 122 96 86 167 120 95 72 146 94 69 157 88 107 162 151 156 127 50 53 64 148 112 164 55 111 114 75 35 132 94 136 4 90 104 149 163 127 171 21 90 88 50 95 53 109 56 150 66 29 124 70 109 39 122 47 102 69 126 119 68 136 129 129 118 118 119 39 63 70 96 101 127 62 174 128 129 123 113 28 89 100 108 85 87 121 106 135 
54 78 73 179 80 79 125 181 140 76 146 129 129 94 100 132 95 143 132 97 8 127 51 79 133 70 75 9 165 62 166 136 26 98 123 121 93 96 81 48 148 34 111 167 31 20 93 69 13 117 100 82 104 77 57 137 26 26 105 100 54 35 162 92 103 96 88 83 51 109 43 191 22 19 81 104 181 135 63 122 166 91 89 165 121 141 106 113 111 100 98 79 118 48 87 74 122 98 35 58 114 186 63 143 164 46 115 133 99 114 95 77 87 104 35 179 124 86 158 158 155 155 41 119 117 160 66 90 
138 128 105 17 91 92 175 153 101 70 28 81 80 92 8 93 46 99 107 115 127 46 41 37 126 57 8 91 163 74 102 41 147 120 146 72 153 155 90 101 118 122 31 160 55 108 188 125 71 44 122 53 84 118 101 138 89 137 177 107 50 146 121 94 129 61 88 40 134 128 115 112 103 118 110 104 92 90 62 64 159 92 115 148 88 36 114 121 101 84 124 113 54 179 143 101 70 88 21 54 60 123 154 33 86 73 180 169 124 18 81 156 161 125 46 58 138 137 163 102 152 124 56 46 48 38 143 6 
38 35 91 70 94 71 48 44 169 131 101 72 96 59 44 144 88 145 118 41 51 41 124 122 98 126 133 96 98 72 167 98 84 160 30 157 72 165 128 21 123 42 157 148 34 80 86 137 57 70 86 34 102 99 140 80 103 82 94 123 45 145 120 117 100 69 93 74 118 103 53 156 142 110 101 183 25 162 147 108 38 124 173 21 16 66 123 189 128 140 55 31 66 122 18 112 119 91 124 116 147 167 134 17 117 62 77 124 73 33 184 91 28 121 102 42 117 128 61 29 59 168 59 94 143 46 160 105 
151 130 37 93 41 137 88 80 147 92 123 64 127 74 99 105 54 146 94 58 79 37 122 20 65 69 35 80 172 54 135 151 81 117 133 151 47 124 169 89 64 85 161 99 101 91 29 129 72 123 10 88 134 136 63 116 122 97 82 151 107 126 130 149 111 63 98 69 113 100 79 185 121 84 72 160 101 99 144 76 114 90 124 72 81 136 53 139 145 107 102 89 17 102 125 80 148 145 137 104 95 87 122 106 58 103 69 154 161 79 136 55 115 120 107 128 144 114 72 118 99 100 123 58 166 145 95 96 
76 147 12 61 76 63 137 43 100 99 125 102 133 27 63 181 134 80 104 111 133 126 98 65 26 51 128 73 183 83 108 107 83 123 86 98 21 169 105 35 87 97 109 51 50 117 79 154 94 88 133 103 10 93 109 112 63 109 123 159 116 83 18 186 124 85 161 49 185 170 94 132 73 92 146 86 134 122 123 79 57 52 111 111 103 133 116 100 82 102 121 43 68 187 29 53 184 99 94 26 96 66 76 79 37 74 112 157 52 75 123 136 59 89 92 58 78 110 100 114 77 95 182 83 112 123 81 155 
95 14 62 98 169 62 173 99 55 98 115 140 109 81 132 152 62 75 159 21 70 57 126 69 51 14 158 46 63 139 81 189 71 93 108 108 143 162 123 63 164 135 125 192 61 109 146 79 7 106 133 111 126 86 121 86 56 123 90 123 80 52 85 151 137 154 60 55 124 82 137 71 90 96 123 122 89 60 29 49 56 59 111 171 145 149 79 72 141 34 151 91 164 147 37 80 93 81 65 114 40 125 126 141 140 110 162 113 105 57 127 155 113 55 138 95 117 123 121 57 109 68 111 107 81 56 58 152 
125 85 25 165 152 117 53 59 54 132 100 115 40 133 102 93 127 106 103 145 75 8 133 35 128 158 44 25 28 98 111 105 86 130 75 183 106 148 105 104 31 2 164 190 22 69 122 112 69 122 132 113 136 142 92 71 188 114 102 78 69 129 88 59 62 123 164 96 131 107 172 110 114 27 139 140 144 51 77 127 53 87 81 80 138 128 101 69 161 80 36 159 18 44 74 144 65 88 143 93 125 101 140 37 114 138 149 117 42 116 79 118 114 118 95 149 47 10 68 116 140 157 58 66 29 77 185 111 
185 68 44 52 90 72 73 51 135 90 70 117 135 152 47 48 80 146 162 125 9 91 96 80 73 46 25 22 109 121 66 139 99 175 125 64 56 101 130 71 130 52 108 118 59 103 159 107 106 63 104 122 89 114 58 123 115 120 18 51 88 112 121 148 118 28 82 145 98 109 119 71 67 97 95 132 143 95 88 102 53 185 72 103 37 35 30 92 113 76 64 101 112 88 146 117 50 106 119 37 111 149 111 121 124 141 81 107 88 156 86 146 96 152 89 90 120 28 120 154 104 166 68 78 64 83 163 168 
122 48 63 59 86 136 86 61 131 123 65 61 102 128 172 81 89 129 104 94 165 163 98 172 183 63 28 109 34 138 101 78 113 74 63 87 21 180 98 86 126 98 135 58 92 152 43 42 83 92 139 159 24 86 112 82 160 69 114 43 137 100 109 60 60 80 55 86 150 188 72 26 157 161 105 103 37 72 139 141 115 128 54 158 147 64 148 101 164 60 173 115 59 60 123 50 88 145 34 86 24 82 48 16 34 95 95 91 48 89 61 139 129 114 90 140 91 45 108 167 143 144 134 52 75 181 119 37 
95 77 112 111 105 87 121 57 108 43 56 181 138 115 47 130 83 83 51 50 62 74 72 54 83 139 98 121 138 54 113 116 36 95 85 97 40 153 84 48 99 147 104 78 170 82 129 167 125 23 50 103 50 14 92 97 104 129 77 96 121 47 65 96 129 59 151 60 44 111 195 130 77 114 84 126 92 172 123 70 149 95 127 111 93 114 83 64 91 107 63 122 132 180 116 108 97 58 193 44 26 60 113 97 145 175 43 87 69 72 124 123 153 99 130 144 78 70 24 143 98 123 142 117 135 37 94 107 
172 164 171 74 55 170 11 122 39 91 172 92 76 130 97 87 57 113 49 146 166 102 167 135 108 81 111 66 101 113 162 38 86 135 36 83 80 71 185 85 34 166 52 97 107 89 127 65 93 68 108 135 98 29 139 80 122 101 134 70 122 113 80 106 109 41 137 118 180 135 95 102 59 108 142 99 109 135 47 84 113 103 56 96 121 21 120 55 112 62 99 54 48 82 67 128 49 93 62 92 80 12 134 58 74 56 39 69 31 66 78 119 62 107 142 89 139 90 69 113 65 12 153 104 92 177 159 134 
60 103 62 80 21 129 155 96 135 135 61 101 84 66 160 136 86 111 49 92 136 41 98 151 107 189 105 139 78 116 38 14 48 52 82 135 140 85 87 142 127 78 91 49 160 44 66 134 46 118 72 130 153 50 154 127 136 71 150 148 179 107 119 81 130 77 18 85 137 139 163 143 102 145 106 95 103 47 147 105 90 110 90 86 182 123 147 169 53 100 130 104 74 161 150 42 109 162 115 8 77 118 140 146 150 78 147 191 80 38 110 47 102 116 139 99 109 95 93 59 63 156 83 67 55 117 141 151 
90 104 51 130 121 87 136 82 118 173 114 182 121 83 132 131 51 143 163 87 26 147 84 81 83 71 86 99 113 36 86 48 102 124 94 138 64 158 48 60 120 85 20 128 94 169 166 54 105 65 134 145 54 152 73 54 101 65 137 38 125 107 120 138 66 122 34 66 120 100 102 176 113 120 136 114 42 112 90 116 100 148 179 89 37 183 169 42 87 158 104 138 152 116 87 128 75 17 133 132 86 107 117 113 118 98 77 51 17 40 65 67 149 83 100 46 95 165 129 85 131 114 65 40 136 70 115 124 
74 105 81 58 81 124 92 103 141 41 93 190 145 123 94 98 36 42 61 157 98 120 160 117 123 93 130 175 74 95 135 52 124 130 90 71 147 128 95 73 82 141 104 126 120 57 73 135 91 154 99 47 139 62 152 32 84 102 112 31 95 37 85 100 111 54 93 121 140 102 147 93 135 110 165 97 102 68 128 134 45 81 33 29 139 80 101 66 113 87 86 121 16 85 90 149 38 11 62 114 96 79 111 104 133 105 136 52 84 175 101 102 131 137 180 104 102 73 136 93 68 150 96 96 167 110 77 150 
78 114 74 161 86 86 71 37 35 97 102 71 93 125 146 49 93 97 185 106 123 146 30 133 86 108 75 125 63 85 36 82 94 90 104 94 103 68 124 126 107 53 92 98 138 98 39 110 144 124 127 47 98 173 138 37 57 96 80 70 165 108 138 98 101 126 143 133 26 152 124 160 100 62 63 136 136 90 86 69 9 142 88 118 172 134 104 86 98 85 119 101 10 128 113 105 111 52 109 95 52 120 162 115 125 156 33 62 90 40 111 97 104 127 64 141 93 75 54 16 18 78 64 158 131 111 89 23 
136 29 112 111 137 103 75 96 45 100 147 60 107 158 158 149 39 83 80 123 121 72 157 151 98 108 183 64 87 97 83 135 138 71 94 66 127 179 90 109 111 101 95 49 61 94 149 99 149 15 115 108 63 175 98 174 70 99 119 122 59 127 41 83 108 55 68 103 57 153 51 60 25 112 90 84 79 136 58 54 112 50 116 116 98 183 178 158 56 24 34 115 136 39 62 17 57 57 100 40 141 51 33 50 63 150 162 80 87 79 56 183 94 96 104 71 91 134 94 32 60 125 85 70 58 138 78 45 
94 164 100 31 100 86 57 106 125 107 117 30 144 82 64 110 53 104 59 115 93 153 72 47 21 143 106 56 21 40 80 140 64 147 103 127 198 147 49 98 34 92 182 109 59 90 129 97 49 91 75 70 121 66 119 139 155 93 162 86 100 124 149 56 106 79 73 100 108 107 12 93 98 58 162 129 89 42 117 70 106 173 33 101 153 167 153 99 79 58 53 105 163 170 136 141 131 43 150 165 185 112 108 141 58 132 146 133 138 108 128 98 195 58 82 71 82 87 134 144 93 117 147 119 87 82 105 124 
91 35 89 117 127 89 65 61 99 90 94 118 53 151 164 50 154 146 55 79 96 155 165 124 169 162 148 101 180 153 71 85 158 128 68 179 147 152 108 125 162 121 51 64 77 117 95 99 91 106 58 80 156 145 79 33 79 49 137 85 94 45 157 111 153 131 82 72 93 110 147 130 31 5 115 95 31 92 120 85 79 79 64 25 85 71 131 127 86 63 177 105 36 98 120 198 93 75 75 77 129 60 103 97 93 126 101 72 89 159 5 140 137 118 102 156 86 61 143 102 86 91 107 102 152 29 88 136 
169 108 73 126 136 71 177 28 107 143 43 132 167 105 103 146 98 130 34 149 81 90 128 169 105 123 105 130 98 84 185 87 48 95 124 90 49 108 70 63 93 114 48 102 80 127 114 109 180 64 161 152 113 143 130 131 106 105 170 21 78 166 102 54 38 53 102 90 55 101 89 135 35 170 89 150 71 97 184 152 43 60 104 75 52 139 134 143 158 81 139 36 116 68 69 83 103 182 86 144 126 179 147 127 124 108 153 84 115 105 70 62 102 140 21 77 108 34 49 106 166 78 39 44 145 74 108 163 
87 116 138 67 136 117 99 123 131 53 128 153 71 194 105 109 127 38 183 151 48 101 21 89 35 63 104 71 86 48 85 142 60 73 126 109 98 125 63 64 112 28 65 96 87 87 102 138 169 176 49 65 21 82 89 63 130 132 61 144 184 133 105 136 189 125 90 185 24 174 52 18 70 138 87 64 105 125 96 27 173 91 21 96 150 122 79 140 94 115 31 80 161 63 82 173 72 109 85 96 106 156 98 116 70 107 106 59 87 84 108 80 167 92 97 36 39 65 37 103 128 34 110 39 139 112 46 88 
76 73 137 157 38 100 126 99 114 14 81 150 138 109 131 122 100 188 6 91 148 118 123 64 87 164 31 130 126 99 34 127 120 82 107 111 34 162 93 112 26 60 30 55 135 43 37 180 118 59 188 73 106 50 165 50 76 176 77 180 152 115 84 44 92 153 117 95 128 118 120 109 96 194 159 177 126 94 111 129 99 43 123 67 140 161 106 189 79 123 135 95 112 68 140 84 148 142 106 92 121 121 94 131 110 170 143 26 130 57 119 130 120 95 159 107 63 75 177 155 104 117 121 62 59 72 98 106 
138 111 85 149 91 120 111 173 99 87 53 96 46 135 73 159 150 127 55 122 34 122 42 85 97 135 2 52 98 147 166 78 85 141 53 101 92 121 114 28 60 102 55 140 177 72 94 178 133 15 156 32 93 107 187 46 106 88 131 146 45 115 164 40 149 53 103 67 100 88 148 95 127 114 74 172 167 85 49 122 87 93 103 38 101 16 18 121 49 137 52 161 135 87 103 83 114 100 18 82 111 89 59 142 61 118 126 124 182 193 138 193 89 30 151 108 119 67 99 82 56 150 111 159 82 84 152 91 
120 58 102 121 51 72 89 127 75 21 91 123 81 129 95 146 170 84 93 96 111 31 157 161 109 125 164 108 135 104 52 91 20 104 92 95 182 51 48 65 30 55 80 91 112 151 88 87 85 153 56 68 163 132 84 92 158 106 123 140 140 61 123 99 44 54 66 114 149 114 95 120 58 133 155 172 182 118 38 107 114 164 62 116 157 79 186 44 89 102 193 108 74 33 177 47 4 43 141 79 129 141 113 43 99 113 118 168 74 28 77 126 125 41 89 47 69 87 155 100 139 42 92 35 32 157 89 147 
130 142 89 146 75 196 83 78 112 45 131 90 116 70 138 99 84 95 188 86 167 160 148 99 51 192 190 118 58 78 97 49 128 126 98 49 109 64 102 96 55 140 91 84 50 74 110 175 162 72 62 85 104 98 87 16 100 160 84 137 108 101 84 73 126 132 112 86 64 108 49 81 169 89 163 45 116 71 56 61 190 112 59 87 95 99 87 56 109 56 127 168 167 133 133 35 165 87 107 124 62 45 97 157 173 104 92 44 74 60 140 86 139 142 160 45 161 16 38 98 99 193 162 136 138 80 94 64 
39 191 177 13 143 114 103 89 112 141 89 102 162 135 111 16 113 95 66 167 31 55 34 101 50 61 22 59 92 170 107 160 94 120 138 61 59 77 80 87 135 177 112 50 132 38 95 189 87 134 125 91 75 98 21 135 98 175 61 154 41 110 95 26 154 104 104 94 127 49 47 109 151 103 125 42 61 180 128 103 128 160 134 93 78 122 91 50 49 43 144 104 109 91 96 104 100 162 105 98 94 117 113 12 55 44 97 104 132 93 82 121 5 83 56 54 143 153 132 105 115 113 102 151 171 137 94 100 
108 98 90 107 142 172 52 82 141 99 180 69 87 181 142 97 121 70 120 120 20 108 80 91 117 109 69 103 152 82 89 44 169 57 98 94 90 117 127 87 43 72 151 74 38 18 140 73 61 157 130 99 78 131 171 44 113 40 165 132 40 146 45 105 180 111 142 108 50 133 64 140 161 50 100 140 49 121 101 136 80 133 136 116 132 57 117 90 154 80 78 86 84 128 127 126 142 123 168 135 108 118 64 145 130 81 68 125 133 40 90 54 126 86 85 163 52 117 43 39 59 173 105 28 47 76 121 70 
137 123 71 97 103 142 103 21 53 67 125 89 163 159 96 155 167 19 192 95 93 188 86 29 79 146 122 159 43 129 127 66 166 73 39 149 129 95 114 102 37 94 88 110 95 140 140 88 96 59 107 136 115 127 109 79 111 111 113 66 131 35 84 106 81 64 99 138 165 108 37 108 158 120 92 129 58 37 138 101 109 79 52 97 69 44 94 51 146 183 156 141 116 101 121 181 61 66 159 113 50 101 83 58 92 26 73 94 120 37 98 105 126 40 81 87 97 48 92 91 130 167 98 125 106 105 98 129 
114 82 74 160 21 119 135 157 86 143 120 34 156 140 81 125 50 101 91 72 69 125 137 129 154 79 112 107 42 167 65 134 54 135 110 99 97 99 109 138 180 178 87 175 189 73 88 138 133 139 122 36 63 46 145 105 139 89 111 19 79 120 28 115 151 100 48 104 91 182 45 124 136 171 136 133 179 31 104 130 95 63 96 94 96 142 113 171 84 54 154 171 61 126 143 81 90 121 158 91 172 180 57 71 80 103 127 109 76 80 163 38 120 135 73 76 61 83 70 77 85 51 77 151 166 87 123 103 
166 55 118 177 146 111 63 80 150 68 113 41 179 47 84 186 100 158 95 146 13 71 57 72 94 7 69 106 83 125 93 46 105 91 144 149 49 91 180 169 118 133 85 162 87 61 96 133 40 140 51 178 114 76 157 106 75 191 72 55 67 71 82 96 126 87 108 82 168 76 80 66 67 104 73 54 189 140 80 83 107 125 162 152 127 68 171 82 129 100 90 179 158 27 130 83 101 69 58 90 80 95 123 127 109 122 168 122 95 64 108 42 97 41 128 50 132 94 24 38 153 125 82 177 185 120 85 148 
104 173 115 142 17 81 126 96 110 126 87 80 94 140 58 155 141 24 115 94 117 44 70 123 88 106 122 63 92 23 68 118 65 154 124 15 91 106 64 176 59 15 153 72 134 157 59 139 140 50 116 49 91 48 156 70 93 58 165 137 91 151 51 67 159 144 94 130 100 65 188 27 57 114 39 96 5 97 104 49 31 75 130 163 124 152 170 113 74 133 122 97 139 46 146 180 22 104 33 67 127 133 167 81 153 128 94 111 95 117 135 114 128 76 98 133 114 72 122 163 79 57 160 138 142 159 130 117 
147 112 132 119 115 145 195 105 188 66 181 122 170 72 103 69 113 87 108 69 100 122 86 10 133 133 132 104 139 50 108 72 134 99 127 115 75 58 161 49 188 156 56 62 125 130 107 122 51 116 130 81 167 124 127 72 167 71 67 114 59 154 40 118 25 28 69 116 65 58 174 92 155 42 64 136 86 126 102 53 97 96 123 97 6 170 97 55 174 62 51 179 124 101 161 66 57 122 48 114 135 99 47 72 96 127 162 136 85 121 104 91 108 108 110 73 198 89 121 15 86 85 75 91 84 91 141 100 
145 112 177 112 127 86 88 141 56 129 72 111 74 61 56 105 59 117 153 157 82 53 34 88 103 111 113 122 159 103 135 130 145 47 47 108 70 80 152 65 73 32 68 85 91 99 136 36 178 49 81 114 67 161 139 187 37 143 47 38 168 37 151 150 98 135 72 140 57 57 90 139 78 88 94 59 51 37 149 194 167 98 150 182 66 57 117 32 100 48 92 19 41 128 69 55 65 165 81 184 93 152 76 131 118 48 90 87 82 4 44 105 88 63 81 93 106 122 137 157 4 100 14 96 57 94 124 21 
61 118 91 46 71 103 101 127 72 153 81 84 101 127 120 106 128 69 126 88 104 84 102 134 10 126 136 89 24 50 98 153 54 139 98 63 121 156 113 21 106 93 163 104 75 78 115 63 114 91 167 67 14 90 25 104 129 115 120 126 99 68 159 109 140 66 104 83 83 173 140 36 89 137 49 62 155 47 116 176 124 39 146 106 74 175 137 79 126 103 108 153 168 31 49 29 97 160 68 138 104 152 65 63 115 94 97 58 49 169 66 174 137 97 22 172 138 32 119 89 151 152 138 84 102 100 58 102 
81 102 93 89 130 92 167 87 118 178 112 15 111 61 88 136 137 101 98 107 77 118 99 136 93 86 142 114 86 14 29 50 152 62 173 175 66 145 143 82 50 107 132 98 98 131 127 46 76 48 124 161 90 152 50 91 120 122 182 116 86 144 23 80 148 124 61 132 46 108 94 90 56 151 96 127 150 100 140 100 125 137 68 89 83 74 126 122 76 106 78 106 137 30 87 79 94 107 85 131 76 31 54 44 86 113 175 88 105 44 94 48 107 147 181 144 76 53 98 115 61 154 100 164 119 90 128 130 
121 81 16 140 59 73 89 135 124 115 157 91 88 145 124 80 119 108 65 162 57 101 140 63 109 121 92 58 112 92 139 154 73 152 138 98 119 79 130 89 165 187 84 87 21 171 109 145 157 156 127 139 25 50 164 119 142 180 134 83 78 100 60 56 96 127 106 52 128 47 84 55 39 131 107 114 86 62 99 173 131 70 174 56 122 137 124 105 114 73 69 171 142 96 60 114 56 156 190 87 82 99 61 148 68 149 113 82 63 98 56 131 89 137 154 136 117 58 95 62 112 50 110 111 89 156 74 122 
113 86 83 106 92 119 9 95 91 135 172 118 123 171 134 109 55 51 42 151 137 138 80 116 112 86 71 123 82 97 80 127 54 32 37 174 139 33 131 63 50 46 92 16 135 44 79 105 106 70 72 187 104 91 119 170 68 64 135 145 107 47 140 82 159 131 94 164 57 72 115 155 82 55 65 27 31 93 129 52 157 74 66 109 100 26 75 165 155 69 89 190 125 62 14 103 110 165 162 102 48 68 79 86 139 90 148 141 170 125 63 38 107 84 71 182 91 167 115 69 112 101 90 141 133 85 143 109 
167 124 60 64 40 80 6 44 155 179 156 53 124 6 151 97 93 82 89 156 26 89 103 122 63 56 188 115 160 104 122 136 101 84 57 70 155 79 106 130 76 106 158 100 98 113 111 139 75 93 167 37 129 120 142 68 122 139 115 96 152 126 192 67 114 122 61 84 81 78 74 84 169 15 37 162 113 88 50 111 142 20 173 108 126 89 83 70 23 144 173 72 141 129 122 125 56 145 188 127 32 23 11 123 108 42 134 100 102 125 175 107 58 96 46 76 77 98 137 125 113 120 107 116 52 40 152 128 
56 171 56 93 50 124 130 125 91 116 170 125 147 91 146 54 85 95 165 127 26 137 82 97 109 123 114 120 69 129 101 71 65 102 96 99 93 49 105 132 176 88 106 160 175 40 111 89 191 58 71 143 115 122 180 64 139 60 171 82 83 92 84 19 75 54 129 103 142 89 74 49 83 79 171 103 43 115 123 71 81 124 30 106 78 71 81 86 51 130 138 76 144 127 129 84 80 117 117 112 73 157 23 91 61 193 65 65 90 101 84 145 117 74 76 78 67 103 139 140 168 129 62 184 135 133 75 125 
116 188 71 73 98 69 179 150 78 132 20 125 193 150 111 104 77 133 81 50 105 177 94 82 123 90 102 18 114 77 134 150 137 112 80 119 162 137 170 61 77 131 123 84 61 165 113 111 72 165 67 47 120 182 134 135 115 171 58 79 82 89 97 60 73 191 155 71 122 161 140 100 152 185 175 63 131 124 58 72 69 47 115 109 50 140 95 73 121 155 82 143 79 128 120 108 114 98 43 54 122 50 190 112 44 134 93 121 71 73 139 30 89 88 131 101 95 181 91 155 88 95 131 103 111 104 170 8 
99 124 91 148 47 37 117 88 117 44 105 113 95 110 121 148 92 29 123 53 100 107 123 151 159 123 78 51 43 96 70 148 38 31 70 122 86 85 21 144 180 146 140 137 154 132 66 19 55 137 114 38 126 116 83 145 96 82 79 42 115 127 101 172 145 30 90 89 85 109 158 143 139 77 141 80 47 62 84 155 95 134 91 156 167 104 51 157 41 79 33 82 134 104 165 101 118 110 96 79 72 15 68 109 142 85 34 72 86 68 121 87 117 137 89 148 180 107 71 139 158 182 73 120 73 134 123 122 
184 60 173 86 147 109 114 88 125 54 139 68 137 145 20 40 78 145 61 64 54 50 45 107 116 80 69 88 137 121 122 179 125 95 165 59 100 94 78 184 152 45 140 108 41 40 131 79 67 91 59 168 99 86 78 107 152 83 82 115 58 80 99 105 126 37 54 98 93 98 93 81 132 155 33 148 183 171 74 102 111 111 126 76 132 128 40 99 143 77 74 73 47 109 125 90 87 95 145 28 94 73 117 81 88 9 143 20 126 96 129 73 99 96 80 84 111 60 42 16 107 163 142 135 41 22 123 89 
188 87 131 151 142 133 69 61 65 89 49 93 84 61 108 72 21 135 88 148 35 146 145 126 83 52 129 112 100 47 113 107 107 37 108 127 124 45 166 133 115 115 61 101 110 146 35 120 71 151 154 37 68 144 100 47 126 92 89 127 80 68 51 20 120 54 172 185 99 87 137 106 122 113 102 143 59 100 26 31 102 59 114 142 23 66 85 123 137 129 134 97 28 64 104 136 82 75 187 145 62 152 129 159 81 150 78 113 63 172 70 111 22 33 98 59 98 90 113 122 86 135 125 78 33 114 117 42 
57 91 132 94 71 96 4 143 139 83 99 91 130 128 127 73 73 64 104 112 162 121 120 130 18 85 88 121 109 65 80 119 120 85 138 41 149 157 102 105 84 164 123 84 95 45 84 28 82 51 40 151 159 23 60 140 192 84 97 101 99 51 186 141 54 107 53 132 100 108 126 94 22 107 95 81 99 147 101 113 25 80 86 159 147 112 16 105 89 131 61 136 130 98 31 123 165 117 130 108 155 58 70 93 57 83 39 51 136 112 135 138 152 98 92 93 123 103 169 126 100 106 182 95 119 168 64 166 
136 52 93 153 107 72 142 95 123 96 145 147 167 118 34 110 111 142 120 164 92 94 117 149 186 151 59 148 60 96 106 81 138 100 98 83 56 111 54 136 44 40 99 73 26 105 106 115 96 67 118 150 109 80 56 82 67 19 60 172 105 20 141 158 122 114 172 118 81 114 178 58 97 97 108 117 140 127 122 60 177 56 87 9 54 154 57 116 142 162 120 49 86 103 132 137 107 92 113 104 87 96 121 55 79 94 56 155 157 94 43 132 154 147 88 82 130 115 68 49 109 107 76 12 98 81 149 117 
87 130 88 179 85 121 103 89 146 108 103 62 29 77 98 72 116 106 54 55 103 129 100 111 124 137 62 118 60 129 109 130 66 111 101 108 106 153 38 189 92 149 44 126 154 180 81 151 126 159 25 98 140 148 96 159 114 75 73 145 126 120 54 122 110 113 103 180 103 124 99 38 120 40 70 83 62 92 113 96 31 98 122 164 127 80 91 146 83 167 123 21 5 96 120 81 131 68 133 113 106 161 128 150 116 148 53 99 118 156 87 16 75 98 156 54 134 176 91 91 134 79 78 81 154 70 176 90 
75 75 151 158 51 190 113 122 140 85 62 56 173 153 114 91 101 59 36 111 96 61 69 63 85 154 123 28 80 59 41 77 122 54 126 55 79 131 53 125 153 53 54 132 104 111 64 100 87 144 28 135 66 124 127 131 122 54 191 30 37 54 107 114 113 190 142 86 166 184 170 69 90 68 183 100 125 79 108 110 122 72 67 73 93 145 135 88 179 40 94 128 112 48 27 110 177 183 115 107 56 186 42 113 108 116 154 102 19 189 73 41 102 186 136 93 37 33 113 100 37 123 134 145 129 156 75 110 
139 114 104 31 115 75 156 97 91 101 106 45 85 112 49 146 46 114 71 114 88 88 93 98 161 60 164 82 55 151 137 18 34 93 143 68 73 82 102 90 117 103 66 112 104 142 99 48 108 94 69 72 104 61 106 94 61 129 155 90 54 172 53 172 103 142 86 108 135 134 74 163 46 88 94 136 96 74 108 79 60 142 70 49 101 130 52 79 48 135 76 71 74 96 156 124 63 189 114 109 7 88 120 151 81 90 101 184 55 162 24 132 41 115 27 140 82 93 98 132 86 130 83 94 184 99 58 46 
112 117 42 109 44 34 133 85 157 127 73 67 175 74 126 114 174 117 129 75 83 40 74 69 49 55 96 145 86 60 118 85 66 121 133 103 100 72 90 185 95 67 114 86 94 108 138 104 82 130 116 140 83 132 52 164 84 103 71 89 98 185 132 118 180 86 108 162 143 90 186 115 127 67 144 84 84 189 99 85 132 183 172 60 94 94 55 129 90 92 164 67 110 83 122 23 43 130 108 150 82 73 126 193 85 90 86 138 94 78 81 86 46 39 171 95 50 60 144 14 178 62 80 100 122 55 99 59 
107 141 142 173 63 114 65 79 124 104 50 7 116 128 158 69 54 84 67 35 51 134 118 113 185 124 131 98 150 44 180 137 120 140 26 57 108 93 55 24 128 100 149 64 127 50 165 91 168 100 65 57 83 46 128 57 81 142 122 85 93 99 100 81 103 166 135 143 50 96 97 38 93 94 65 156 160 108 105 98 47 87 83 166 37 134 78 68 83 113 163 142 157 174 71 140 141 60 117 64 94 159 135 94 102 119 104 135 95 190 102 77 169 111 92 123 72 57 111 93 130 117 100 163 167 163 73 132 
59 65 109 110 138 95 152 164 119 80 101 18 123 129 18 99 93 93 104 132 109 128 103 100 170 82 107 109 188 111 135 139 100 102 152 153 107 110 101 174 118 88 114 108 49 133 108 182 76 65 58 57 173 108 47 72 78 89 161 109 98 87 108 114 124 184 134 90 96 136 164 124 98 148 174 130 31 46 151 86 125 36 38 143 110 120 94 111 86 84 148 69 129 71 95 112 69 112 94 87 138 60 158 148 151 167 9 114 134 101 154 83 114 110 143 126 124 158 84 114 138 46 189 106 100 78 119 84 
79 71 83 99 74 154 187 126 170 67 66 97 135 73 81 104 147 138 113 94 43 115 53 79 94 137 172 119 72 195 95 163 102 147 124 51 12 147 89 52 120 148 95 49 47 64 37 45 80 188 174 90 140 94 84 115 74 74 140 158 93 137 126 178 99 170 74 186 97 164 142 128 93 103 57 78 124 39 116 89 47 104 30 151 88 109 67 132 177 126 111 17 95 55 94 62 158 127 96 119 47 107 93 38 78 92 102 132 60 101 104 151 27 111 81 110 75 105 142 160 74 102 96 42 36 138 59 46 
146 60 112 72 105 151 91 149 143 102 66 55 94 132 110 11 72 67 96 136 191 112 156 185 132 71 110 71 26 130 102 143 176 93 160 60 93 130 135 18 109 95 120 81 109 140 108 124 66 27 92 139 36 90 55 155 84 49 100 143 81 106 94 58 38 69 163 115 38 124 128 178 72 122 147 165 60 79 135 74 88 95 112 83 76 97 110 47 37 149 155 56 88 84 112 35 105 20 141 74 123 70 40 133 80 42 26 171 82 94 58 108 35 188 102 44 117 100 100 117 73 150 104 61 174 106 115 124 
83 106 141 73 137 172 81 89 93 89 153 42 111 52 48 131 109 88 92 4 22 103 142 121 73 90 114 67 157 77 59 102 113 135 100 25 98 31 35 70 96 127 58 169 151 161 158 136 67 57 155 78 89 56 39 82 169 83 152 139 132 122 22 97 120 90 46 127 93 98 93 72 6 148 73 136 124 124 91 110 114 40 106 79 82 158 134 56 89 133 83 145 56 2 167 168 63 58 168 88 106 109 122 84 73 91 173 91 68 98 148 154 81 151 158 88 132 102 49 72 96 90 86 144 83 92 11 15 
137 107 53 65 149 87 29 66 55 125 118 96 167 102 109 68 161 51 57 90 19 118 110 84 92 96 27 97 161 114 108 145 120 110 62 112 58 5 170 138 194 114 133 89 103 50 120 171 104 114 42 88 137 151 131 55 15 79 185 77 155 113 107 97 40 68 88 67 94 148 103 122 148 200 117 133 91 141 120 75 146 47 76 37 121 186 71 25 19 93 124 129 34 106 135 70 84 160 69 147 104 95 62 88 139 123 35 15 81 61 150 79 47 117 122 106 87 134 83 130 130 118 48 96 114 149 31 93 
172 41 106 167 126 157 126 122 172 153 68 59 51 88 154 115 99 62 134 104 81 110 101 72 146 123 139 95 105 84 142 106 136 165 63 90 162 115 89 87 159 74 155 163 125 100 92 136 73 39 64 94 49 96 107 65 37 171 175 141 33 102 95 108 70 183 94 144 65 174 57 147 73 117 44 94 58 56 95 99 120 76 120 100 136 93 131 161 41 83 132 111 132 116 172 19 58 98 153 106 115 103 156 59 147 139 127 144 113 89 61 130 64 99 100 118 36 18 177 97 127 105 135 24 57 53 116 128 
118 140 42 127 142 87 80 114 79 152 65 106 139 139 138 104 143 97 140 149 104 104 183 160 86 122 140 132 103 126 99 95 114 97 136 84 129 95 150 64 177 172 172 45 42 140 129 133 54 96 136 59 62 127 114 27 162 103 63 80 148 143 81 117 83 100 136 84 156 130 78 165 136 133 94 122 154 123 66 72 146 60 117 93 64 81 146 21 40 106 126 27 47 148 41 108 102 69 54 91 100 105 142 88 120 83 106 117 126 96 31 48 97 143 14 100 88 23 40 80 85 123 113 84 72 76 95 108 
161 65 44 86 183 83 121 96 144 86 131 123 77 144 132 156 98 182 61 163 181 92 25 101 134 89 144 143 37 92 109 103 42 102 136 79 89 31 71 105 126 167 182 116 61 49 58 179 189 5 86 51 155 150 86 31 113 43 131 47 183 59 99 140 62 125 96 84 160 31 124 60 124 91 58 154 102 152 85 89 65 112 74 144 76 82 87 138 69 65 82 136 116 51 66 154 113 187 55 132 120 124 68 116 93 181 104 104 113 12 66 88 121 115 14 125 118 146 95 140 143 35 47 100 91 65 140 42 
36 90 67 149 87 127 78 163 101 126 26 98 178 61 78 180 74 85 136 127 135 90 162 99 122 60 51 95 72 172 135 47 112 68 90 136 42 92 97 125 94 85 118 71 180 121 37 31 140 97 126 37 47 100 62 93 88 115 124 62 171 100 147 127 92 79 74 189 108 46 39 79 124 141 56 123 152 80 128 153 75 140 55 97 68 148 150 74 125 83 79 119 96 129 112 146 119 114 103 120 164 70 79 53 162 76 63 39 35 149 99 64 21 113 53 75 102 72 105 27 74 105 103 38 118 92 94 76 
63 89 39 44 46 25 110 93 23 88 60 79 68 89 166 128 66 77 106 171 63 62 147 144 123 29 77 88 139 123 47 147 90 128 86 58 117 120 184 96 111 49 38 56 128 101 138 104 80 104 102 149 116 140 99 129 50 123 58 84 74 26 101 122 113 108 108 99 105 151 116 135 91 120 95 66 85 128 138 92 23 61 87 113 167 145 86 54 28 45 87 108 134 78 136 162 136 174 94 155 92 129 170 45 98 131 154 15 121 71 59 95 141 35 105 127 68 183 66 48 114 33 118 139 161 22 89 123 
27 108 72 104 128 107 97 174 18 127 160 87 158 139 103 128 180 158 66 21 122 64 108 76 79 49 127 102 141 70 84 105 116 134 69 54 70 85 152 27 129 122 107 61 103 136 101 130 83 49 53 194 176 100 173 52 111 71 72 155 102 31 113 60 96 110 79 85 98 86 89 74 110 75 99 72 89 153 92 132 107 142 35 167 68 101 64 136 83 35 82 117 38 35 183 81 135 48 54 57 151 140 108 136 89 123 82 85 49 14 89 167 50 77 95 34 98 162 100 78 39 106 87 132 81 74 132 111 
117 137 90 92 73 165 119 141 156 88 132 94 76 100 89 96 99 153 139 90 166 159 38 114 57 56 53 53 115 149 113 90 100 45 9 112 106 79 43 173 99 87 114 190 128 80 109 95 107 31 97 167 124 125 131 157 142 81 69 95 111 102 25 177 31 122 60 132 47 125 47 88 114 146 120 146 65 75 23 107 106 136 190 95 186 148 151 173 102 116 127 149 135 132 97 181 123 74 70 121 93 70 123 164 97 150 167 58 128 147 139 112 121 166 99 68 96 115 143 134 92 152 65 155 118 147 132 93 
139 107 113 168 72 153 45 95 122 154 49 91 159 65 42 61 87 43 37 88 91 92 124 90 52 59 87 185 128 95 103 110 148 81 142 50 173 79 60 91 43 93 164 112 160 133 79 63 125 75 96 98 39 137 70 74 20 124 47 134 111 59 80 56 98 72 142 183 87 36 104 95 40 47 76 60 112 140 61 142 136 100 106 138 73 93 28 95 148 17 50 64 112 73 121 149 73 122 151 76 130 122 99 126 139 190 156 144 103 81 128 95 150 171 95 61 100 114 103 76 88 152 39 171 71 137 149 68 
108 80 152 81 116 96 128 175 116 94 57 98 40 65 94 112 133 155 94 50 89 115 173 124 111 111 81 72 54 127 56 90 179 33 88 116 33 64 104 21 123 103 62 59 134 136 52 96 162 130 123 150 146 68 174 66 173 30 115 91 126 114 86 87 122 67 70 172 83 38 30 112 106 76 120 117 74 55 87 35 190 106 86 147 137 60 136 118 87 89 93 71 98 175 139 87 115 105 95 96 120 146 104 79 165 90 70 70 142 147 176 73 64 134 170 59 127 155 102 127 73 92 122 108 157 102 171 115 
100 91 142 132 107 31 113 93 111 80 124 59 104 95 70 55 20 84 100 95 165 148 21 72 111 171 80 103 158 111 96 86 89 29 118 116 101 25 75 96 67 38 116 87 93 116 97 94 152 163 97 182 106 89 56 109 108 106 109 156 76 142 159 9 164 73 49 60 166 143 151 83 79 37 100 93 144 97 113 167 95 138 147 146 92 72 164 106 116 83 77 142 25 158 102 111 58 102 103 51 192 35 137 61 59 158 153 137 18 178 76 113 130 23 59 97 41 153 70 102 183 73 174 18 141 53 168 169 
13 71 109 65 76 116 90 57 70 89 116 187 110 77 113 130 163 117 76 53 121 88 16 81 103 145 138 37 147 93 121 182 37 139 172 98 153 85 52 150 140 101 157 95 78 132 69 96 127 124 6 66 74 83 122 100 126 78 50 167 132 23 147 54 127 93 101 94 37 110 88 76 82 121 136 64 76 68 167 68 186 73 137 92 38 120 45 156 121 117 56 171 119 106 115 75 105 106 123 119 123 23 117 143 83 116 129 96 83 155 89 154 169 175 75 54 153 52 85 128 171 56 163 134 149 19 165 67 
138 185 148 150 91 4 64 73 133 146 161 182 125 42 147 138 104 167 68 109 141 36 66 136 133 149 128 35 64 114 21 123 183 80 134 183 167 71 139 122 161 16 79 99 122 57 44 142 68 152 170 57 175 74 137 26 89 71 140 104 128 66 112 154 80 145 130 94 134 120 109 97 158 186 93 81 82 148 145 101 148 93 60 72 120 32 149 77 89 140 8 92 104 112 67 170 94 98 188 80 124 92 62 115 77 167 72 153 96 138 111 57 142 96 147 69 103 99 163 124 89 45 77 66 142 102 181 132 
92 70 156 108 145 49 155 145 142 60 28 10 158 73 98 33 66 37 148 56 106 114 123 53 116 79 101 30 148 83 120 147 169 101 104 178 153 131 134 79 106 18 186 87 91 117 94 113 171 170 97 117 137 126 124 75 83 81 95 51 40 85 16 57 91 135 52 55 78 94 67 110 134 71 131 146 87 150 86 64 151 28 136 164 45 149 76 127 99 78 170 75 109 35 131 94 94 169 177 127 93 98 175 99 190 128 65 87 42 38 79 116 107 140 109 108 114 73 128 108 74 65 143 64 126 150 140 77 
158 85 145 138 136 56 33 121 34 82 47 39 59 81 112 142 96 35 63 150 113 121 189 139 100 72 69 92 101 64 55 169 42 66 86 158 99 127 143 140 189 121 44 56 50 90 51 171 82 113 55 32 79 122 105 165 70 86 73 157 99 123 105 116 146 88 79 129 68 111 132 47 56 25 161 21 138 74 54 136 173 95 118 106 156 77 127 28 149 84 84 30 100 96 75 89 55 125 33 32 99 184 22 102 52 85 97 55 49 150 159 65 128 86 148 61 120 59 117 95 36 178 64 44 184 75 140 109 
110 82 82 121 45 110 113 186 60 155 66 71 133 106 133 100 140 78 52 66 111 101 128 145 82 141 161 113 164 91 112 53 87 113 98 56 79 86 158 94 79 49 89 109 49 154 146 84 129 74 174 100 126 76 114 155 23 51 121 41 143 137 89 142 83 179 48 90 83 86 177 37 89 19 41 40 69 125 28 83 102 148 87 116 121 89 99 149 54 94 180 116 52 115 115 101 93 45 100 142 178 158 82 90 64 126 82 127 167 112 54 123 91 159 35 140 86 63 107 79 129 166 144 180 114 31 47 87 
148 128 121 80 153 103 153 114 129 18 119 116 174 126 56 97 45 86 140 29 100 84 140 107 102 34 80 76 60 107 62 100 158 87 85 24 58 63 81 115 123 137 102 56 43 80 183 54 100 133 62 48 103 106 73 69 144 130 155 79 77 129 131 162 167 40 135 92 113 84 126 149 133 93 83 106 65 83 45 35 116 17 89 83 117 140 78 84 94 92 107 86 61 40 126 179 73 49 119 145 184 76 110 96 60 94 139 164 51 63 118 176 169 100 86 98 132 157 140 78 70 114 160 99 161 134 58 112 
121 36 18 149 77 161 60 95 146 129 100 154 80 144 49 81 149 87 143 124 98 124 55 102 121 151 36 64 173 63 99 130 104 86 119 34 53 177 139 31 135 52 193 127 144 78 156 154 90 122 51 92 108 78 69 89 173 138 82 33 74 134 61 120 123 94 76 164 163 148 111 155 83 124 132 126 82 79 87 82 127 50 93 77 56 8 170 84 180 107 158 97 109 115 99 183 50 120 94 60 69 107 93 125 149 91 136 31 77 112 51 61 96 171 93 91 107 112 154 189 120 39 114 92 71 126 138 114 
121 78 125 38 138 111 110 174 153 32 33 156 57 141 110 133 10 105 178 70 79 113 31 89 43 91 159 101 115 122 54 104 138 121 101 115 105 105 36 80 95 161 108 168 104 86 141 171 179 97 179 19 153 106 171 190 72 76 143 82 73 97 136 49 21 128 71 67 142 69 17 56 145 129 111 27 136 119 108 117 149 64 71 142 171 92 75 30 116 86 97 88 168 70 144 125 95 93 32 47 101 93 76 145 90 192 120 87 133 82 75 57 103 148 121 143 62 116 57 134 49 47 71 115 43 73 90 125 
92 81 170 136 94 41 93 139 16 103 76 118 44 110 100 59 81 111 48 109 118 54 66 17 68 164 18 112 59 132 48 74 152 16 10 136 163 36 116 161 112 135 74 167 109 84 116 61 158 139 124 41 168 137 142 125 141 144 79 134 47 28 130 86 5 112 74 110 157 129 95 88 56 34 132 47 116 96 134 38 135 112 98 25 119 104 109 100 52 61 109 168 40 83 135 78 76 115 162 115 131 71 44 164 154 152 134 89 80 126 84 128 70 108 36 61 92 165 85 98 84 142 55 65 101 104 57 102 
179 185 99 170 155 94 95 91 88 67 90 28 62 103 108 69 71 57 165 39 48 179 122 102 187 147 44 88 60 180 82 161 116 85 128 39 170 98 68 63 68 87 33 133 91 128 101 126 27 46 101 128 31 30 96 62 129 127 128 104 109 64 98 103 96 48 96 83 174 71 55 84 2 106 116 148 51 129 78 35 132 73 175 158 106 112 35 96 115 40 115 70 83 184 133 133 37 108 39 72 119 76 138 30 84 153 85 144 86 132 107 132 136 71 107 35 116 94 51 134 23 119 77 22 154 16 60 111 
98 88 170 104 173 94 83 81 104 84 162 75 72 89 67 112 180 77 60 122 87 143 18 125 29 37 74 146 123 116 67 150 87 90 113 62 136 120 69 82 140 103 177 133 96 127 121 143 130 146 161 69 49 87 60 14 122 129 120 165 125 104 31 132 120 27 156 122 71 95 94 112 167 135 172 41 66 112 136 183 97 121 139 102 115 67 131 75 115 126 99 144 135 133 190 135 93 123 174 105 75 100 85 112 73 115 110 104 134 115 114 121 107 160 169 128 37 93 35 94 52 78 107 99 77 103 117 115 
168 128 112 26 94 77 108 106 126 12 96 66 117 148 122 104 76 96 77 47 74 101 112 80 53 80 144 117 50 108 128 42 128 149 105 17 141 198 83 173 84 83 47 35 104 126 181 81 83 180 66 55 29 79 114 103 125 84 108 101 90 136 123 137 81 110 124 23 140 112 62 35 168 70 19 108 154 146 162 81 181 149 87 111 75 170 94 89 101 179 183 125 78 133 135 26 155 56 118 58 141 48 128 63 51 119 166 155 86 89 147 21 106 37 97 58 81 56 107 126 78 99 18 52 108 160 155 153 
95 141 70 118 135 55 74 115 118 27 84 143 49 91 129 128 133 47 77 102 122 70 119 148 184 93 65 50 88 97 49 109 75 38 111 57 131 93 103 72 148 114 4 165 100 142 61 90 101 22 57 65 97 94 56 110 56 80 114 118 87 82 165 107 131 177 63 43 141 69 158 105 63 84 58 102 113 119 136 135 123 73 115 58 105 94 94 55 93 73 50 95 76 37 93 155 136 118 139 145 48 107 39 80 112 72 153 111 188 175 167 82 163 109 118 124 86 66 120 115 19 102 92 47 89 121 89 109 
171 100 38 63 50 79 115 137 148 87 122 94 137 146 110 49 120 71 162 69 98 88 91 145 99 81 88 106 145 58 93 162 17 11 52 57 43 75 182 109 142 100 43 87 162 123 66 121 69 104 122 165 160 107 156 165 145 117 98 110 95 75 117 92 68 183 189 130 60 112 127 20 58 160 98 69 187 114 174 48 74 122 105 102 106 98 169 125 45 49 120 93 115 108 123 56 118 142 56 109 126 78 94 55 23 146 80 68 194 119 134 27 171 34 115 41 123 52 72 174 195 89 61 80 54 140 95 119 
29 94 115 150 112 125 70 191 57 5 54 9 144 129 125 183 69 123 163 126 35 21 124 137 94 65 143 119 34 193 62 115 133 62 109 100 150 75 86 85 106 18 141 107 105 168 159 158 58 33 48 81 68 85 190 162 188 117 43 96 145 187 130 113 133 115 114 108 117 94 96 141 168 69 153 54 55 103 94 54 70 151 95 103 123 188 177 33 100 119 94 32 162 39 174 118 139 56 198 92 85 129 105 88 21 114 28 107 103 113 89 133 64 153 62 131 137 106 108 84 104 120 74 121 60 15 141 54 
147 110 110 164 85 47 149 96 138 109 55 148 21 85 112 117 113 73 93 119 58 54 116 104 26 114 93 37 86 44 92 8 132 114 95 40 165 77 144 96 92 82 79 124 98 135 113 91 90 67 114 184 138 131 87 102 127 112 54 79 28 145 108 104 113 107 109 150 64 87 119 74 88 147 106 91 132 120 155 57 121 76 96 51 119 80 127 32 142 145 60 47 115 72 105 58 145 109 92 158 104 98 115 124 38 90 142 179 171 9 78 109 73 61 69 123 98 127 112 106 130 92 79 81 73 32 95 61 
99 62 138 123 131 169 38 80 44 81 133 151 66 82 171 193 91 182 149 68 114 60 147 95 96 40 125 111 24 26 80 77 86 96 52 141 185 129 126 106 121 111 129 62 94 108 50 172 80 127 135 93 104 76 82 48 32 73 122 72 94 62 155 87 106 56 7 82 94 138 47 123 106 104 115 100 120 164 92 151 93 130 120 192 123 124 93 99 178 184 69 101 131 119 75 141 48 126 85 104 168 100 113 111 85 164 39 168 98 90 116 133 134 98 78 131 163 144 35 153 35 57 108 98 130 83 112 112 
119 70 117 48 60 191 112 112 127 139 133 50 143 129 106 106 93 107 134 136 186 123 167 87 66 125 101 149 82 60 12 118 107 79 120 51 112 60 179 156 121 89 141 45 117 118 101 180 95 133 99 152 152 31 99 68 23 157 50 15 73 152 58 96 161 186 88 73 159 60 107 70 109 95 103 105 124 70 129 140 70 122 146 35 23 92 98 184 158 76 107 93 71 76 100 48 107 78 129 98 100 126 175 120 113 132 138 77 140 152 118 97 64 101 118 100 56 56 144 38 45 93 23 147 123 75 122 97 
16 121 97 150 64 171 187 24 139 107 32 147 33 172 150 67 158 48 114 129 63 154 134 122 76 126 140 111 48 113 134 140 117 111 162 33 108 103 147 98 94 59 113 97 113 64 83 57 123 167 47 76 65 54 61 79 11 23 190 68 117 129 70 121 128 42 120 126 135 158 93 40 122 62 156 142 68 79 170 108 123 99 104 137 117 62 175 22 82 110 93 76 44 138 85 128 39 94 105 115 113 175 138 96 110 92 36 138 104 174 110 30 71 98 140 165 47 96 27 108 189 95 108 92 54 134 85 154 
21 88 118 135 112 123 114 131 108 77 107 81 148 100 46 59 20 104 96 129 143 33 17 106 79 141 37 121 16 97 58 146 113 104 115 50 141 97 127 116 131 142 43 157 12 145 58 71 127 81 72 131 63 44 148 86 123 91 112 109 81 159 93 55 150 113 151 193 94 148 38 133 84 88 59 88 116 53 45 136 164 126 79 61 143 115 99 102 90 96 125 145 164 30 112 63 80 55 88 124 111 120 96 162 172 67 84 152 141 146 147 109 164 138 155 18 108 34 39 128 58 76 162 113 172 79 110 109 
48 145 69 125 125 116 85 91 54 156 155 142 114 62 94 116 46 150 83 118 164 86 117 58 37 140 114 124 34 145 74 150 118 133 125 63 58 93 124 70 110 61 99 173 55 130 92 80 109 153 96 118 115 86 68 139 108 61 44 142 88 81 57 79 116 108 81 85 102 151 78 80 73 139 147 120 93 162 98 89 97 139 165 59 83 77 190 52 64 60 149 90 154 84 73 51 112 23 21 38 85 113 110 172 68 152 141 125 51 30 104 179 46 164 101 180 23 111 82 97 97 41 98 141 116 105 107 65 
38 29 117 58 88 158 104 172 188 123 156 129 137 89 141 108 95 69 138 118 46 73 62 103 74 110 138 141 95 175 56 78 98 105 156 150 132 126 108 107 170 118 113 104 44 81 26 103 122 128 127 48 94 113 149 90 42 193 134 85 9 150 83 94 148 116 90 90 119 167 92 42 91 123 139 83 181 76 131 123 150 190 90 158 116 167 128 85 126 94 91 192 152 153 115 119 72 146 114 90 164 132 92 67 152 60 150 105 153 97 69 126 87 46 119 54 136 87 107 27 133 149 38 157 36 121 166 99 
139 56 12 172 112 56 92 29 121 127 88 77 168 90 94 124 39 86 33 119 115 180 77 69 112 162 149 81 95 43 39 147 77 136 33 162 146 101 153 106 143 126 118 92 97 68 73 127 168 94 162 90 97 175 113 148 134 65 93 34 143 78 39 56 53 154 101 86 104 9 102 26 173 35 127 106 104 63 154 82 167 156 70 153 129 72 65 97 82 139 136 120 134 85 110 166 153 80 28 142 39 138 36 84 141 150 74 117 53 107 87 143 143 118 169 115 191 114 5 195 123 26 65 94 123 163 134 160 
43 114 154 197 89 83 72 145 188 102 126 156 135 43 109 77 96 86 105 39 133 169 124 154 157 113 117 107 91 87 69 191 51 52 62 80 133 72 84 59 26 124 168 44 104 125 94 109 122 111 136 87 58 88 82 141 100 65 121 72 20 113 51 155 99 102 184 138 135 114 132 171 91 15 144 117 104 39 15 85 58 144 70 137 96 153 87 55 127 164 31 87 89 144 104 155 111 68 107 179 168 77 138 152 125 105 117 188 67 46 182 121 110 186 85 71 53 125 108 131 82 64 41 48 39 115 172 127 
102 15 68 109 72 81 119 20 103 145 87 12 81 130 134 152 112 82 103 63 99 124 73 161 52 105 42 88 48 69 31 80 17 84 90 87 138 89 115 87 130 182 74 74 132 133 120 76 95 95 85 82 49 105 63 170 102 90 71 86 126 63 136 157 118 19 55 94 95 134 60 82 68 81 113 126 113 35 121 49 128 103 142 18 83 96 42 49 167 51 77 133 80 86 134 86 188 194 103 171 98 140 104 141 51 153 53 67 112 81 49 104 56 152 38 176 96 139 67 90 92 86 57 80 155 96 85 71 
195 104 40 45 99 100 49 134 60 47 122 71 106 81 26 103 138 133 160 70 114 18 33 79 75 57 116 156 89 72 66 38 40 175 40 79 108 159 105 84 57 193 28 60 93 40 37 80 64 117 121 4 169 44 98 125 125 101 73 68 96 172 112 94 156 189 162 78 190 101 101 94 98 61 89 96 12 149 71 14 147 81 147 178 155 138 38 150 112 63 112 82 126 132 115 89 175 119 113 9 90 152 174 146 30 97 107 46 81 116 100 114 34 103 160 11 183 127 169 53 123 127 145 95 106 87 81 69 
16 88 108 71 120 38 179 151 142 80 173 76 33 170 153 54 73 79 92 96 95 81 184 136 123 127 79 86 61 124 78 110 65 101 111 56 128 5 70 108 119 138 77 140 82 90 98 163 108 135 104 44 66 94 56 63 175 84 139 121 129 70 135 43 87 73 24 81 102 154 104 58 148 150 61 31 66 99 59 89 139 128 176 76 89 111 79 159 54 118 51 75 84 107 114 147 167 134 89 78 116 118 110 147 104 69 87 182 49 100 66 21 139 24 84 58 107 45 101 149 81 143 103 156 50 136 113 71 
110 154 111 80 148 66 125 32 145 73 170 126 146 130 188 90 141 120 85 101 77 156 91 55 136 155 118 146 139 123 119 47 67 102 97 183 98 140 62 80 130 193 126 86 121 54 105 38 42 114 91 105 174 48 131 38 107 145 30 87 73 111 138 132 16 41 132 86 77 83 151 108 154 79 130 48 88 64 95 167 112 95 73 113 154 57 116 65 123 176 61 57 128 132 121 21 82 27 133 109 133 97 30 109 179 126 143 121 104 114 21 132 101 163 162 124 103 108 82 157 182 90 113 137 105 68 76 184 
115 42 42 110 117 189 152 97 155 72 80 42 158 122 51 66 138 61 141 127 87 161 28 115 59 113 114 96 129 153 62 102 149 131 104 94 195 137 102 167 120 89 125 139 5 126 126 120 97 128 108 88 137 107 89 107 58 117 89 117 99 22 152 154 75 102 41 46 169 114 27 35 81 47 64 97 121 21 141 50 121 150 64 130 169 142 107 128 91 169 96 103 70 136 107 106 163 171 64 73 134 64 71 164 46 87 143 110 56 34 139 101 156 136 31 146 87 92 114 159 102 99 7 166 94 133 129 73 
100 121 79 50 101 120 117 77 53 114 22 6 122 29 80 65 148 107 119 62 104 125 121 120 89 55 118 152 114 99 107 116 83 137 127 96 58 118 140 92 95 30 41 142 83 86 40 135 41 76 108 63 97 147 137 84 96 74 88 137 96 33 98 147 98 186 115 39 111 110 111 188 151 117 99 143 115 113 35 77 166 171 134 23 175 96 140 86 159 100 171 148 108 71 160 37 109 34 153 61 98 101 98 138 164 46 118 186 152 103 24 163 136 188 99 128 134 52 111 135 106 63 98 23 84 89 172 130 
130 87 111 52 43 99 118 87 113 123 75 160 78 96 36 184 169 36 65 174 35 46 102 107 92 138 95 89 90 130 142 139 100 180 64 104 82 102 21 97 159 151 89 160 56 85 81 73 128 98 110 81 22 181 154 71 46 76 131 89 80 98 92 88 156 136 27 171 92 143 81 102 158 122 100 14 14 53 105 95 99 95 170 59 75 147 109 148 35 86 93 121 36 107 169 97 118 115 62 69 78 118 140 155 101 119 169 85 38 160 84 162 31 99 30 105 135 12 117 72 144 87 74 91 114 74 72 99 
49 123 18 139 80 32 8 102 35 101 133 152 98 118 140 85 68 77 136 128 179 58 42 128 58 95 149 90 140 144 89 99 46 104 141 71 71 156 77 36 107 108 47 45 54 163 87 76 50 133 73 93 172 144 136 182 76 78 101 148 84 59 93 82 54 93 140 95 123 126 110 44 88 106 118 100 125 75 127 34 68 61 59 97 54 69 108 61 140 98 91 143 61 35 128 58 124 41 131 123 131 100 165 18 180 54 115 71 176 11 58 124 146 128 105 56 98 178 99 78 100 154 71 113 120 87 122 112 
197 122 170 70 103 66 119 64 54 49 79 152 119 149 169 68 114 105 140 129 124 138 117 144 78 117 47 120 91 78 139 109 95 102 93 91 82 86 108 39 63 119 69 161 143 52 97 61 132 114 198 106 138 76 117 91 77 67 95 180 111 98 123 130 134 37 82 50 72 124 75 117 132 87 36 88 118 102 68 98 96 100 127 41 153 103 114 120 86 132 107 62 92 116 37 81 86 123 137 98 163 56 47 108 23 136 191 53 96 183 107 103 87 134 135 98 156 69 71 163 126 148 126 4 95 153 6 75 
110 62 100 141 164 150 22 170 83 105 133 50 144 82 152 72 123 104 57 123 86 137 128 114 110 123 10 28 45 70 90 95 165 73 75 134 87 61 34 65 75 67 87 16 153 117 48 83 94 72 89 122 32 53 58 167 98 103 181 107 60 90 103 115 176 33 93 60 57 158 105 100 102 134 18 23 146 72 183 162 115 114 155 153 52 99 73 59 63 157 112 116 165 94 93 56 66 52 106 127 144 56 96 34 111 87 114 125 139 127 45 108 92 52 12 178 69 174 95 148 150 49 97 104 119 120 145 147 
139 128 112 87 101 146 90 47 60 55 124 40 133 87 96 148 56 154 70 113 158 163 61 72 100 121 68 120 108 24 69 93 129 136 54 94 134 143 49 37 177 99 155 38 132 43 92 70 24 122 121 137 119 98 95 115 137 139 91 71 42 113 169 68 91 113 98 144 111 84 142 100 49 83 177 40 95 105 66 100 143 103 102 70 85 163 128 117 107 140 154 57 85 51 35 107 120 72 108 112 35 144 27 39 82 107 5 108 67 169 101 82 114 111 117 99 71 95 34 141 98 97 120 174 58 171 51 73 
117 100 131 147 70 55 170 111 92 87 9 78 112 25 123 89 92 92 167 28 158 102 29 118 114 57 116 154 167 143 113 59 85 93 16 32 144 102 106 103 155 82 100 98 105 39 91 77 38 163 15 157 89 115 62 69 125 140 155 139 16 122 126 49 91 100 132 14 93 114 160 117 72 130 97 80 140 27 48 78 134 76 127 102 128 124 108 95 79 78 189 134 98 134 94 126 115 174 84 106 153 38 108 128 97 27 195 131 90 53 149 157 159 135 72 78 163 148 141 96 134 111 168 69 110 104 61 88 
65 146 110 79 69 11 111 151 106 178 185 103 109 47 85 53 44 138 150 89 155 152 59 99 77 109 140 104 143 98 65 63 131 68 18 60 93 86 166 128 104 56 139 99 115 59 130 85 153 79 86 4 151 61 112 112 113 168 88 158 107 86 100 109 134 37 86 178 130 138 74 73 96 130 127 85 143 74 114 39 92 88 73 183 171 89 74 36 129 70 120 49 84 23 52 78 19 195 104 130 35 45 189 58 97 133 123 82 92 123 81 182 102 106 144 100 126 150 98 134 188 137 148 135 17 35 65 123 
148 94 59 41 58 40 113 162 111 175 104 32 108 158 37 63 117 83 84 100 155 124 168 100 95 68 157 166 144 123 12 156 114 150 78 125 117 91 78 34 117 150 42 193 113 173 167 51 125 57 85 100 152 154 50 101 120 129 95 182 163 135 106 107 79 123 130 62 117 46 102 150 90 118 105 123 35 105 33 106 152 152 92 73 56 45 65 178 166 114 39 47 142 119 78 99 102 89 120 92 57 93 95 76 41 149 26 64 86 127 143 90 99 63 87 154 148 49 97 111 137 136 122 97 55 28 79 45 
105 162 89 106 129 87 130 121 187 122 24 21 134 120 74 135 157 120 104 108 41 56 59 123 182 111 58 68 134 142 153 83 65 96 64 85 147 107 39 110 121 111 92 162 102 105 98 77 82 160 75 14 138 100 110 90 107 62 131 73 142 125 182 76 78 134 83 80 100 189 96 104 86 48 135 113 47 103 118 87 65 39 122 174 163 77 143 64 144 160 114 71 55 77 107 18 92 61 74 79 108 23 108 162 98 38 65 41 57 145 103 113 7 98 74 71 126 97 120 168 148 122 116 99 27 128 134 109 
107 71 76 117 52 37 81 150 114 110 83 82 184 71 68 63 173 155 136 85 119 46 94 58 83 107 66 78 52 117 104 67 40 96 158 70 119 102 44 39 62 159 35 136 151 28 125 151 177 138 91 96 84 164 111 141 116 184 103 120 135 78 95 12 81 145 94 100 163 106 42 61 144 96 24 84 100 38 139 132 155 171 108 18 134 66 64 44 180 99 92 115 65 22 99 52 47 80 121 81 98 147 92 113 141 157 94 48 80 95 156 137 166 23 91 113 4 104 174 69 135 97 99 28 105 110 97 112 
178 95 49 146 78 30 69 46 90 93 158 168 104 124 77 107 167 88 45 87 117 48 143 166 112 81 29 64 75 135 92 55 136 167 131 58 87 152 145 139 59 82 32 138 171 47 106 166 185 142 84 57 102 119 89 133 52 135 111 73 41 33 119 98 154 129 184 122 167 100 36 174 83 114 57 72 91 118 161 81 118 71 157 141 149 142 126 184 114 161 71 43 101 154 77 108 89 54 60 73 130 123 54 172 116 36 123 39 155 106 50 105 94 84 114 120 95 119 58 110 17 55 27 105 144 41 75 49 
124 147 102 60 125 98 122 136 143 105 170 155 34 94 45 39 68 128 117 121 160 38 46 145 123 56 77 83 181 37 177 117 70 110 111 138 82 29 74 112 72 84 157 80 137 76 105 87 120 159 91 94 100 90 156 85 40 133 104 134 22 114 168 81 70 156 99 55 163 78 138 106 92 149 53 76 65 92 22 74 147 137 102 53 19 102 150 75 31 134 126 73 104 16 103 160 121 140 15 32 83 75 134 79 105 121 163 115 96 87 136 68 133 89 74 87 153 120 171 104 35 28 128 110 41 50 158 72 
40 117 114 109 129 145 85 123 147 48 96 140 164 120 157 157 121 134 95 106 66 143 160 95 81 58 185 163 119 94 159 141 115 77 89 78 105 88 108 46 98 152 89 94 94 121 98 123 85 130 141 124 58 128 74 143 152 75 170 123 123 117 64 149 176 75 58 99 73 119 59 115 11 31 116 95 140 94 89 132 132 149 171 168 165 181 140 140 47 58 138 90 57 60 117 155 89 95 141 95 112 122 85 110 107 166 134 172 85 81 113 76 129 172 72 122 6 145 51 61 65 79 134 97 75 158 48 125 
60 168 123 99 155 83 72 101 86 77 72 29 138 134 89 67 140 104 106 135 90 6 105 96 155 152 111 168 37 107 134 151 124 150 23 45 124 136 163 88 106 91 147 64 100 70 129 103 148 117 100 21 102 130 122 109 128 125 8 122 89 42 166 117 90 110 46 59 132 84 46 124 15 93 128 108 42 76 123 111 93 68 115 169 67 132 77 109 87 112 114 125 102 111 115 153 109 119 54 61 112 97 154 109 65 99 160 127 71 69 71 184 73 130 99 112 75 147 73 88 123 45 109 112 49 72 125 82 