64
5 1 6 4 9 10 7 6 7 9 1 2 9 5 9 10 8 5 2 3 2 3 10 2 3 9 4 8 8 10 9 9 6 5 8 1 3 10 9 6 3 10 9 5 4 4 8 4 7 2 4 2 10 4 7 7 1 2 5 9 8 3 10 9 
9 5 6 9 1 6 6 4 7 1 9 4 10 5 3 2 7 2 6 2 9 9 4 6 7 4 1 7 3 5 10 10 10 10 9 4 6 4 2 1 10 9 9 5 10 9 2 2 7 9 8 9 7 1 10 6 8 2 3 1 6 6 1 2 
10 3 1 8 8 1 2 9 6 10 3 6 9 9 2 6 6 3 7 7 7 3 1 7 1 6 1 10 5 7 6 9 2 7 6 10 8 4 1 6 9 2 8 3 5 2 1 6 7 8 3 8 9 2 5 4 1 1 8 6 2 7 4 4 
2 2 10 6 8 7 9 3 3 1 3 6 1 6 3 4 1 6 7 2 3 10 8 3 3 7 1 3 9 10 3 4 10 4 3 2 9 6 2 2 7 9 5 6 5 1 6 3 8 7 1 4 4 4 5 5 6 4 10 2 6 1 4 2 
9 6 3 10 7 2 3 5 5 8 1 4 9 9 10 1 5 9 2 5 3 7 1 1 6 5 9 3 10 3 8 4 7 7 3 9 2 6 2 10 4 4 6 9 9 1 2 10 1 2 5 1 9 3 1 4 5 7 2 6 10 2 1 8 
6 5 1 7 6 4 5 5 7 1 4 10 9 8 3 3 9 7 6 6 7 2 10 4 9 1 5 7 8 10 3 9 8 3 2 4 8 1 10 4 5 7 2 5 9 1 6 10 6 4 8 1 6 5 8 6 5 1 1 10 5 9 5 7 
1 9 3 3 2 1 2 4 3 2 5 3 10 4 4 8 8 3 2 8 7 7 8 9 2 3 2 1 1 4 1 2 2 8 6 10 1 3 8 7 10 8 4 7 5 2 8 3 5 7 4 1 2 6 1 2 1 7 10 7 4 6 3 6 
8 1 2 3 10 8 7 1 9 9 5 1 4 8 3 5 6 5 6 3 6 9 4 5 3 9 9 7 9 9 9 10 6 1 7 4 5 4 4 1 6 1 3 2 6 6 9 10 3 4 3 9 5 7 8 3 4 7 1 10 4 7 3 2 
4 9 1 3 7 4 6 8 9 5 10 2 5 4 9 4 5 3 7 5 3 2 6 6 8 2 10 8 5 4 7 1 1 9 5 3 1 10 3 3 10 3 9 2 9 2 9 8 9 2 8 3 5 5 5 9 1 10 5 4 2 4 5 2 
2 7 3 5 8 7 2 1 7 7 8 8 3 8 3 1 6 3 2 9 7 9 3 5 8 7 7 1 8 3 1 9 1 7 4 8 8 8 7 7 8 2 1 9 3 6 9 10 8 4 6 3 10 4 4 1 9 7 2 2 4 9 1 10 
10 2 2 7 10 2 9 9 8 4 5 3 2 5 4 8 7 10 9 2 5 5 10 8 5 10 9 9 4 2 4 4 5 8 10 1 6 10 7 6 5 3 1 2 10 3 9 10 3 1 4 4 4 1 10 8 1 9 8 10 7 4 5 8 
7 3 4 6 7 6 3 7 4 10 10 3 1 2 2 8 7 6 4 3 2 7 1 4 5 6 4 9 1 3 4 10 10 3 5 3 9 10 5 1 6 5 9 5 7 5 4 9 1 7 7 9 7 6 6 4 2 7 1 9 7 6 3 2 
8 1 1 6 4 3 9 9 7 4 6 6 4 2 1 9 1 10 6 8 6 3 7 4 9 5 8 3 2 3 6 5 6 10 10 10 8 7 10 6 4 3 3 5 4 3 10 1 3 8 10 4 7 10 1 5 2 3 9 6 6 3 9 7 
1 8 3 2 7 5 8 8 6 8 7 1 5 7 10 2 2 9 9 5 7 9 10 8 7 3 1 10 8 6 7 9 7 8 3 3 3 7 2 10 4 5 9 5 3 10 5 7 4 2 1 1 1 7 9 10 2 7 6 6 8 9 3 2 
7 4 6 4 3 7 10 8 4 3 2 9 2 9 9 6 3 9 6 2 5 2 5 7 1 10 6 2 1 9 4 10 8 6 4 6 9 6 10 2 2 5 8 1 10 5 1 2 9 7 5 7 1 1 9 4 6 1 10 4 2 8 1 8 
8 5 10 9 6 6 1 7 2 7 3 1 2 6 9 5 5 3 9 2 2 4 8 10 3 2 3 7 4 5 4 3 2 3 3 1 2 7 5 5 8 2 1 4 5 3 3 4 9 9 5 6 7 3 6 6 5 6 10 7 10 4 3 3 
7 5 1 9 5 2 6 4 10 2 8 7 10 8 10 1 6 6 2 3 3 4 10 6 3 4 6 2 9 2 3 6 6 3 4 6 9 7 5 3 7 4 8 3 6 9 4 9 1 8 5 5 10 8 6 6 5 9 6 9 10 6 7 2 
6 9 7 6 9 9 3 1 9 7 6 8 6 5 9 1 1 1 6 5 4 2 10 6 5 2 5 7 2 2 8 10 5 4 4 8 4 10 10 5 3 2 3 7 2 9 3 2 6 10 5 5 9 7 4 1 9 1 8 1 8 2 8 8 
6 1 2 2 10 9 4 3 3 10 7 7 6 7 6 3 9 9 3 6 6 6 1 10 5 5 5 4 6 2 8 3 8 2 9 1 3 9 1 3 5 10 7 3 2 2 10 2 5 4 4 8 4 3 9 9 2 4 2 6 8 5 8 1 
3 5 1 6 3 6 6 2 3 1 10 9 6 3 10 4 5 2 4 10 2 2 10 1 3 8 10 5 2 1 8 4 6 1 3 7 4 7 9 6 6 6 10 2 7 3 9 1 1 6 1 1 5 8 1 6 1 3 9 3 9 4 10 7 
3 3 5 3 5 8 7 3 6 3 2 3 2 6 5 10 8 6 6 10 1 5 8 2 1 4 5 6 7 4 6 3 7 1 6 10 8 1 6 8 6 8 1 4 1 9 10 2 10 9 6 1 5 5 7 9 7 6 5 7 10 9 9 1 
5 10 5 4 8 5 6 2 9 7 5 5 2 5 8 10 1 9 8 3 5 7 4 5 7 2 8 1 3 5 4 2 3 8 9 10 9 3 1 7 5 10 8 1 4 1 2 1 5 8 1 6 3 3 1 4 9 9 7 7 1 8 5 2 
7 5 5 6 5 5 3 5 5 2 10 5 5 1 7 10 7 10 4 2 8 4 7 8 10 3 3 6 1 10 7 1 10 9 4 8 5 8 9 3 8 1 2 6 7 2 2 9 4 6 4 7 1 8 5 3 7 7 5 6 1 8 3 4 
10 2 5 7 8 2 9 1 3 10 3 10 8 9 8 1 4 9 6 9 1 1 9 3 3 1 7 7 5 9 7 5 8 6 6 8 10 10 1 8 3 8 9 2 8 5 8 4 5 4 2 10 5 10 1 5 10 10 1 5 10 6 9 8 
5 10 8 8 7 8 6 9 5 5 7 8 10 6 2 5 3 5 1 6 1 4 4 1 4 10 2 3 2 5 4 7 6 1 7 8 7 1 4 7 9 5 3 10 10 5 4 1 8 3 2 7 8 9 10 3 4 7 8 7 5 7 7 9 
7 5 5 1 8 6 4 9 1 2 8 6 9 1 5 1 7 3 6 10 6 8 3 3 6 5 6 1 6 9 8 4 4 8 10 8 9 9 3 8 6 1 6 9 8 3 3 2 5 8 2 3 8 1 3 1 6 3 5 2 9 3 6 10 
8 1 2 3 10 4 10 4 10 10 8 3 8 10 8 2 10 7 9 8 4 4 9 2 2 3 4 8 9 6 6 9 6 3 1 8 3 9 4 1 3 9 1 5 5 8 3 5 5 9 1 10 2 7 6 2 5 6 3 5 3 7 3 3 
6 7 9 9 1 1 3 2 7 3 3 5 6 4 7 7 4 1 5 10 3 9 10 3 6 7 2 5 10 5 10 6 2 4 4 10 1 2 9 10 3 7 7 5 3 3 4 2 7 6 3 2 7 10 6 5 4 3 6 8 2 10 1 1 
9 4 9 8 3 9 2 6 9 9 2 5 10 1 6 9 2 6 1 3 2 3 3 4 5 9 3 10 1 4 2 6 8 3 6 7 2 3 8 8 10 9 9 1 5 10 4 9 2 7 8 9 9 5 9 3 10 7 2 5 4 10 7 6 
5 6 9 1 3 9 3 2 3 7 7 10 6 5 8 7 9 1 9 5 4 1 7 9 10 3 3 7 2 4 7 2 6 7 2 5 3 3 6 1 2 1 6 1 7 2 2 10 3 1 9 2 10 2 5 5 4 3 3 1 5 8 6 5 
6 4 9 10 2 2 6 2 8 5 6 1 9 10 8 4 2 7 2 10 4 9 8 1 7 4 7 9 6 10 7 5 6 8 3 4 7 7 2 10 6 8 8 6 9 1 6 3 5 4 9 4 10 6 2 9 3 6 10 7 3 4 3 10 
9 5 10 8 1 7 9 8 4 10 6 1 2 6 9 7 8 10 8 8 2 2 6 6 2 9 3 3 8 3 8 10 4 7 3 1 7 6 5 6 9 10 9 8 4 5 5 8 4 1 5 8 7 9 4 1 8 7 8 2 8 1 5 1 
10 10 8 6 3 3 7 7 8 8 8 10 1 10 6 10 2 5 6 2 8 3 9 9 9 3 4 5 1 10 10 3 8 2 4 8 10 6 7 7 6 4 4 5 8 8 7 10 4 10 7 6 1 5 2 7 6 7 1 8 5 4 1 3 
7 2 10 3 8 9 1 10 10 4 2 8 10 4 9 10 2 5 10 10 8 5 5 1 1 1 3 3 3 6 5 1 1 8 2 5 10 8 10 7 8 9 6 9 3 1 9 2 2 7 8 9 2 10 7 1 5 4 6 10 4 9 1 10 
5 2 9 10 8 10 3 3 8 8 2 2 3 7 6 4 5 6 5 3 4 9 10 4 8 3 5 6 2 3 6 7 8 2 6 1 2 10 9 8 1 2 2 7 10 10 10 3 9 4 1 1 3 7 10 3 1 5 5 1 2 5 6 1 
6 4 8 7 8 9 4 5 6 4 4 3 2 2 4 2 2 8 8 8 9 10 1 4 8 6 3 6 4 9 2 7 6 2 7 4 7 4 1 2 3 6 2 2 4 2 10 3 4 1 4 6 5 5 2 9 3 10 7 10 3 6 3 10 
3 4 2 8 10 8 4 2 1 8 6 7 2 6 4 5 8 6 7 3 8 1 5 6 10 6 3 3 2 2 2 4 1 9 3 1 4 7 7 10 6 3 4 4 5 5 7 9 9 8 3 3 7 4 2 8 5 3 8 4 5 2 3 7 
3 8 4 3 6 10 10 1 6 5 3 4 2 1 7 7 8 2 9 4 1 9 5 1 5 6 4 10 6 10 9 4 1 4 3 10 4 6 9 1 9 4 10 10 7 7 6 3 3 2 10 7 8 2 8 3 8 8 6 3 5 5 7 9 
3 6 9 3 1 7 8 1 10 6 3 4 6 4 7 1 1 1 5 1 7 1 5 1 4 7 4 4 3 3 6 1 5 7 7 7 9 6 7 2 10 8 7 6 9 10 2 2 5 7 7 4 4 10 10 1 4 3 3 8 1 5 1 3 
2 4 7 5 10 2 2 2 10 10 4 7 9 4 3 7 4 5 1 10 10 7 8 9 10 10 9 9 7 9 2 9 4 9 10 5 3 3 2 3 5 3 6 5 10 2 9 2 6 10 9 6 5 3 10 1 3 2 5 5 1 10 5 2 
1 2 7 4 2 3 5 4 1 3 6 3 8 5 8 7 6 9 6 4 3 8 9 7 8 8 8 10 4 6 1 1 8 3 4 7 5 3 9 8 10 7 3 1 4 1 4 8 10 2 7 9 7 2 4 4 8 8 9 2 5 4 7 8 
5 1 4 7 6 3 5 2 8 9 8 2 5 10 1 4 6 9 6 5 2 2 1 1 6 2 10 4 10 5 3 1 10 6 10 2 5 7 2 4 2 10 8 10 8 1 2 1 6 3 7 10 10 6 9 2 3 8 4 9 9 6 5 10 
2 7 4 3 7 10 4 5 2 2 6 2 7 3 8 2 3 1 2 2 2 7 5 6 3 8 5 3 9 4 9 7 8 8 8 8 10 1 1 8 9 9 2 10 1 6 8 3 4 1 9 2 4 10 2 4 8 10 10 7 1 7 5 2 
9 5 6 6 5 2 2 8 8 7 6 4 5 7 7 7 3 3 3 7 1 1 6 10 5 9 5 9 9 5 5 9 6 7 9 9 3 2 7 4 3 4 8 6 2 5 10 6 2 2 5 8 1 4 9 7 5 3 3 8 6 3 10 2 
4 2 9 7 10 2 3 3 4 3 10 1 1 3 6 1 2 3 3 4 4 4 5 7 1 3 1 3 9 2 4 4 8 8 6 1 8 3 3 7 4 3 10 1 5 3 7 6 6 9 9 8 5 10 9 10 10 9 9 1 10 8 9 4 
9 7 1 4 5 9 7 7 2 5 8 3 7 2 6 5 2 5 4 3 7 9 3 4 6 6 10 7 7 9 1 2 6 5 5 2 3 3 5 9 6 8 5 4 4 1 4 6 2 3 1 4 5 5 10 8 5 3 2 1 7 8 7 3 
7 5 6 9 6 7 7 4 1 7 5 9 6 2 7 10 4 9 5 6 6 10 4 3 3 7 6 7 6 6 6 1 8 6 6 7 10 4 10 4 2 2 10 5 7 6 9 1 10 4 6 8 5 1 9 8 9 9 8 9 7 10 2 2 
1 9 3 3 2 6 8 1 10 3 3 5 8 10 8 10 7 6 3 3 2 8 1 9 7 10 2 9 2 9 5 4 5 4 10 3 2 10 7 10 9 3 9 1 7 4 9 3 4 2 7 3 10 4 8 5 3 8 1 3 3 9 10 3 
4 2 8 6 9 1 9 3 6 4 7 2 1 4 5 5 4 8 4 1 2 10 3 7 4 6 10 9 10 2 2 1 4 8 10 1 8 7 9 1 10 10 5 7 3 10 1 9 3 3 1 1 7 1 1 6 7 2 9 6 10 6 2 5 
3 4 6 5 1 9 4 3 10 1 1 4 4 9 8 5 1 8 5 9 7 10 7 5 10 10 9 1 8 5 6 2 10 10 2 6 3 6 4 8 10 2 4 1 8 4 9 4 5 1 5 2 7 6 4 9 10 1 1 3 2 3 9 10 
9 1 2 5 9 9 5 1 9 1 2 8 9 9 6 3 2 5 10 9 9 10 2 4 9 6 2 8 2 8 7 2 4 5 8 4 3 2 3 10 9 7 3 10 2 2 9 5 6 1 8 1 7 9 4 1 6 7 5 2 2 7 2 2 
8 2 9 5 10 6 5 8 3 10 4 8 1 6 8 2 7 6 2 10 9 7 3 1 8 9 6 10 4 6 3 1 7 5 7 7 2 1 1 1 7 3 2 1 2 3 3 3 9 5 2 3 3 9 6 3 7 1 1 8 9 1 3 10 
1 5 1 3 10 8 9 5 9 5 9 9 6 4 2 3 1 3 3 9 7 6 5 8 6 5 5 4 1 3 1 4 9 6 7 3 1 6 1 3 6 3 2 5 1 2 3 6 10 2 3 7 9 3 1 9 9 3 1 5 10 9 4 10 
6 4 4 10 7 8 6 7 1 6 8 2 7 4 3 10 10 1 1 2 8 3 3 2 9 5 6 9 7 1 3 5 10 6 3 8 9 6 9 7 6 3 4 9 7 1 5 6 7 8 5 7 10 1 7 6 8 3 1 1 9 9 3 8 
10 10 2 8 6 2 8 6 1 8 8 5 1 3 2 2 3 1 7 1 7 3 6 5 5 4 7 1 6 2 7 4 4 9 7 9 8 4 6 1 2 9 9 3 10 9 7 2 1 2 10 3 6 3 7 2 3 5 6 3 7 1 4 6 
8 6 8 5 8 8 6 5 8 1 5 7 10 7 6 3 1 3 10 10 4 4 7 1 3 10 8 4 9 5 3 5 1 4 3 4 3 3 7 7 1 7 10 1 5 3 3 8 9 9 5 3 6 5 2 10 5 3 3 9 3 6 2 10 
9 2 8 8 8 5 8 9 5 7 5 4 7 4 4 9 9 1 5 4 10 10 8 4 4 8 10 8 6 4 6 5 2 8 10 3 5 5 9 3 4 2 4 3 5 8 9 1 10 7 4 9 5 3 6 4 6 8 2 5 5 8 10 9 
7 4 1 8 7 5 4 9 10 1 7 4 9 1 3 4 5 3 4 10 1 4 7 5 6 9 10 10 8 8 2 7 5 8 5 10 3 1 6 5 5 2 7 1 7 10 7 3 4 10 4 6 4 8 10 6 6 3 4 7 9 9 6 2 
1 3 6 1 1 4 6 7 5 7 1 3 10 10 2 5 2 3 4 7 10 8 8 7 2 7 6 6 8 7 5 1 7 4 6 8 5 10 8 8 8 2 2 2 7 5 9 9 4 7 7 5 10 7 2 10 3 10 8 8 6 7 6 3 
6 7 9 8 7 10 2 4 2 10 2 2 10 7 4 9 2 6 2 9 4 9 8 7 8 4 9 1 4 4 1 2 6 6 4 10 9 7 8 10 2 6 8 3 2 10 7 9 4 8 10 10 1 6 10 2 8 2 10 7 4 2 7 3 
4 7 4 8 10 7 9 6 3 2 10 4 8 1 6 6 5 6 9 6 7 8 2 8 8 7 9 9 1 8 5 1 4 5 2 3 6 2 3 1 8 8 8 6 5 1 6 4 4 4 1 4 6 9 4 8 7 6 7 1 9 6 9 5 
4 8 2 1 1 7 2 7 5 5 8 4 1 4 3 10 10 7 2 1 6 1 3 1 1 2 2 9 4 2 9 2 10 8 4 8 3 5 4 5 10 1 7 2 7 6 1 7 10 5 8 3 3 1 1 4 2 10 3 4 3 6 8 9 
1 9 5 5 6 3 6 3 6 1 7 5 6 2 8 5 3 10 3 9 2 9 5 3 9 5 3 10 1 2 3 5 8 9 2 3 3 9 4 8 10 2 1 8 3 8 6 8 2 4 7 2 10 7 9 6 6 7 7 4 9 10 4 9 
5 5 7 1 9 2 4 1 8 5 3 4 8 4 1 10 7 4 3 10 5 6 8 6 8 9 10 5 6 4 7 2 2 4 7 6 7 1 2 4 2 5 10 6 9 1 3 2 10 4 5 3 6 3 9 2 9 2 7 9 3 8 4 8 
90 74 167 134 130 86 55 62 120 116 75 146 164 106 130 76 56 79 151 113 136 74 149 106 98 113 58 93 133 165 73 105 101 144 151 124 49 128 95 105 106 78 81 173 37 141 90 73 138 148 188 156 30 130 107 81 88 78 103 114 144 105 80 106 
74 6 188 159 193 130 84 122 150 85 171 67 147 181 122 42 187 44 91 23 165 55 38 117 89 132 92 85 174 36 126 109 79 88 112 108 111 134 38 109 71 74 108 102 92 105 145 72 132 123 150 30 89 100 86 73 89 135 28 56 160 102 110 49 
167 188 120 24 123 115 36 61 49 95 156 112 144 120 127 107 115 100 133 105 127 22 68 76 78 139 104 152 111 56 61 100 97 171 113 80 58 84 65 80 33 120 43 83 118 110 131 188 46 100 152 102 93 13 124 117 89 112 112 37 130 152 190 67 
134 159 24 170 95 160 167 43 140 190 93 108 152 91 105 150 72 89 68 50 79 119 82 58 153 21 153 131 124 121 67 70 114 57 81 178 116 158 103 139 122 146 133 188 145 93 43 79 96 71 83 79 79 47 108 114 122 70 59 56 133 132 133 83 
130 193 123 95 14 117 134 146 148 157 92 87 81 75 106 91 96 122 57 98 49 87 108 108 118 165 134 112 90 41 99 43 29 79 69 15 139 140 128 163 115 45 94 81 145 133 100 79 89 87 49 125 148 88 46 73 76 72 180 52 129 112 68 42 
86 130 115 160 117 140 172 85 96 56 125 120 153 55 58 33 120 131 103 25 84 167 164 155 164 104 155 111 95 177 131 99 10 62 32 63 117 35 160 132 76 68 116 98 183 93 108 65 17 89 97 100 101 47 91 107 96 51 101 65 80 74 116 118 
55 84 36 167 134 172 86 128 79 126 24 89 82 51 38 107 48 143 132 58 107 96 102 105 78 168 167 55 108 150 157 63 147 158 94 41 93 159 132 150 169 147 73 82 130 43 23 107 139 177 116 37 88 32 79 119 127 102 52 84 123 115 154 92 
62 122 61 43 146 85 128 104 67 57 109 143 35 122 71 84 96 87 142 111 120 88 105 44 146 171 165 58 115 78 104 132 155 132 113 173 30 89 101 155 42 20 153 190 176 110 102 47 63 177 14 134 76 75 19 96 155 113 67 103 87 129 29 47 
120 150 49 140 148 96 79 67 114 29 23 144 77 96 125 26 35 90 140 89 140 77 106 95 59 115 70 80 82 109 117 147 44 102 44 82 145 11 168 60 128 103 63 169 96 83 127 77 46 104 65 108 66 110 94 38 176 151 107 90 136 47 94 44 
116 85 95 190 157 56 126 57 29 168 101 69 98 59 112 149 29 32 173 61 86 125 153 49 108 68 114 31 158 179 168 133 92 101 86 185 42 95 177 118 134 111 128 35 7 51 98 180 127 173 19 149 75 105 65 45 93 82 31 53 146 70 139 172 
75 171 156 93 92 125 24 109 23 101 192 153 162 55 37 43 167 151 100 156 99 38 155 87 160 123 125 145 117 66 21 159 113 141 75 115 61 129 163 151 25 142 88 94 111 57 136 98 28 93 37 11 54 101 96 128 110 115 116 70 149 94 70 141 
146 67 112 108 87 120 89 143 144 69 153 176 160 74 82 131 50 139 40 28 132 81 53 82 96 131 64 148 85 114 146 75 60 41 109 12 73 72 173 141 125 54 90 86 129 71 160 61 136 93 100 125 85 141 126 180 107 47 57 51 147 116 29 100 
164 147 144 152 81 153 82 35 77 98 162 160 112 39 91 123 142 83 105 71 69 77 75 162 27 138 52 148 150 178 133 54 196 118 148 42 169 85 35 59 75 148 70 49 76 136 74 132 96 69 158 50 121 100 90 62 110 107 61 77 144 99 119 102 
106 181 120 91 75 55 51 122 96 59 55 74 39 74 68 139 73 133 83 131 84 25 125 160 59 90 113 126 174 84 26 41 53 85 88 99 191 61 110 118 102 47 99 32 90 170 112 54 87 159 142 40 143 89 155 129 115 108 137 85 86 146 125 94 
130 122 127 105 106 58 38 71 125 112 37 82 91 68 8 139 52 71 6 122 53 6 45 144 120 103 18 164 116 90 182 120 122 97 86 16 132 60 53 111 95 152 135 60 33 141 64 108 47 134 56 118 110 160 111 139 123 65 142 39 183 90 100 145 
76 42 107 150 91 33 107 84 26 149 43 131 123 139 139 122 168 137 130 99 108 116 128 116 99 142 28 58 49 52 76 70 136 131 83 169 86 115 116 96 111 135 141 159 102 86 63 153 158 97 149 65 61 114 26 121 49 126 161 140 69 30 93 132 
56 187 115 72 96 120 48 96 35 29 167 50 142 73 52 168 32 55 44 134 152 143 59 103 117 59 22 76 63 106 122 129 88 88 114 152 68 134 33 71 131 33 43 71 117 93 181 31 82 146 42 198 167 118 138 129 66 50 131 34 148 153 136 93 
79 44 100 89 122 131 143 87 90 32 151 139 83 133 71 137 55 160 116 90 61 100 138 145 103 98 30 81 30 145 80 89 24 104 19 75 118 118 107 93 99 155 120 138 163 86 50 131 92 144 57 143 82 73 128 164 119 129 80 82 197 166 93 102 
151 91 133 68 57 103 132 142 140 173 100 40 105 83 6 130 44 116 26 186 101 96 146 114 77 112 105 78 96 128 28 183 104 58 89 178 27 100 126 70 64 121 71 97 91 173 28 119 95 140 128 30 78 107 136 47 36 136 158 168 117 139 82 93 
113 23 105 50 98 25 58 111 89 61 156 28 71 131 122 99 134 90 186 38 97 158 109 159 42 166 125 84 113 143 40 68 138 52 111 129 115 94 130 92 173 28 80 74 52 114 162 136 121 95 96 50 89 176 87 128 108 98 64 117 90 85 93 57 
136 165 127 79 49 84 107 120 140 86 99 132 69 84 53 108 152 61 101 97 62 193 6 25 130 37 92 47 165 74 99 69 98 173 82 133 140 169 44 69 5 111 71 62 187 49 68 115 76 38 121 65 116 180 147 154 190 121 169 60 167 59 49 70 
74 55 22 119 87 167 96 88 77 125 38 81 77 25 6 116 143 100 96 158 193 166 174 117 28 99 155 41 62 99 109 115 98 181 67 115 150 125 31 110 62 110 34 146 47 143 137 100 90 66 86 106 147 148 107 104 97 71 104 46 154 152 53 185 
149 38 68 82 108 164 102 105 106 153 155 53 75 125 45 128 59 138 146 109 6 174 8 75 65 109 141 81 116 100 44 116 127 82 79 105 141 148 130 163 154 106 22 108 160 58 69 67 83 191 107 109 140 86 66 149 124 39 109 151 126 65 130 161 
106 117 76 58 108 155 105 44 95 49 87 82 162 160 144 116 103 145 114 159 25 117 75 154 188 40 71 136 78 84 111 97 115 149 173 52 136 132 104 50 87 62 131 151 118 76 115 112 122 138 64 112 51 63 162 90 144 119 65 37 83 93 175 134 
98 89 78 153 118 164 78 146 59 108 160 96 27 59 120 99 117 103 77 42 130 28 65 188 152 76 96 102 57 77 161 131 142 155 69 114 162 145 130 101 119 126 70 18 92 116 120 79 98 100 116 60 91 152 117 132 69 107 115 119 166 120 177 53 
113 132 139 21 165 104 168 171 115 68 123 131 138 90 103 142 59 98 112 166 37 99 109 40 76 148 60 112 63 90 108 40 64 164 84 128 51 135 103 104 128 95 96 145 111 76 107 127 95 43 118 119 164 36 155 138 100 31 21 45 39 66 96 44 
58 92 104 153 134 155 167 165 70 114 125 64 52 113 18 28 22 30 105 125 92 155 141 71 96 60 108 103 51 181 98 35 145 83 63 90 160 24 121 126 176 131 34 121 177 149 72 122 56 133 185 138 134 137 85 15 126 84 130 76 61 152 128 107 
93 85 152 131 112 111 55 58 80 31 145 148 148 126 164 58 76 81 78 84 47 41 81 136 102 112 103 120 111 134 38 155 153 109 163 89 81 49 110 70 108 45 92 135 72 60 81 70 126 94 69 36 68 74 166 27 148 61 121 94 102 123 133 129 
133 174 111 124 90 95 108 115 82 158 117 85 150 174 116 49 63 30 96 113 165 62 116 78 57 63 51 111 24 58 173 177 108 66 167 33 184 50 120 61 104 80 112 119 133 170 144 36 113 99 96 15 123 80 117 178 125 98 149 45 72 93 55 74 
165 36 56 121 41 177 150 78 109 179 66 114 178 84 90 52 106 145 128 143 74 99 100 84 77 90 181 134 58 182 125 97 156 54 175 130 159 93 111 44 139 60 24 122 107 27 59 74 92 128 77 91 36 156 86 126 127 112 87 32 136 115 73 138 
73 126 61 67 99 131 157 104 117 168 21 146 133 26 182 76 122 80 28 40 99 109 44 111 161 108 98 38 173 125 12 38 42 76 105 133 65 158 113 127 40 99 129 80 90 177 120 2 50 121 106 9 91 92 119 79 137 135 38 86 143 149 121 13 
105 109 100 70 43 99 63 132 147 133 159 75 54 41 120 70 129 89 183 68 69 115 116 97 131 40 35 155 177 97 38 36 112 66 104 39 58 117 104 99 100 145 116 99 80 128 148 117 145 100 58 74 94 64 28 113 130 20 112 114 156 97 101 124 
101 79 97 114 29 10 147 155 44 92 113 60 196 53 122 136 88 24 104 138 98 98 127 115 142 64 145 153 108 156 42 112 72 54 109 86 103 117 138 152 17 48 74 52 127 103 41 18 178 140 108 78 67 31 156 145 64 19 169 145 70 91 102 61 
144 88 171 57 79 62 158 132 102 101 141 41 118 85 97 131 88 104 58 52 173 181 82 149 155 164 83 109 66 54 76 66 54 150 184 130 60 35 84 133 118 113 184 145 132 83 79 79 92 109 36 158 38 98 13 185 132 89 75 74 71 175 197 51 
151 112 113 81 69 32 94 113 44 86 75 109 148 88 86 83 114 19 89 111 82 67 79 173 69 84 63 163 167 175 105 104 109 184 192 17 117 137 98 32 59 78 111 73 161 66 50 113 10 115 131 83 127 18 70 97 35 169 69 112 86 100 36 102 
124 108 80 178 15 63 41 173 82 185 115 12 42 99 16 169 152 75 178 129 133 115 105 52 114 128 90 89 33 130 133 39 86 130 17 8 25 123 80 41 95 101 150 13 122 107 22 123 94 140 152 169 66 33 119 88 54 184 20 54 118 107 79 51 
49 111 58 116 139 117 93 30 145 42 61 73 169 191 132 86 68 118 27 115 140 150 141 136 162 51 160 81 184 159 65 58 103 60 117 25 154 117 168 33 105 62 40 109 39 131 120 89 123 40 110 146 105 106 56 62 57 68 93 187 101 109 70 139 
128 134 84 158 140 35 159 89 11 95 129 72 85 61 60 115 134 118 100 94 169 125 148 132 145 135 24 49 50 93 158 117 117 35 137 123 117 38 36 78 125 86 187 172 141 127 67 111 109 34 94 188 56 129 89 63 113 95 119 79 83 149 33 106 
95 38 65 103 128 160 132 101 168 177 163 173 35 110 53 116 33 107 126 130 44 31 130 104 130 103 121 110 120 111 113 104 138 84 98 80 168 36 136 168 60 106 108 5 132 189 162 137 84 147 46 72 111 132 35 140 163 104 60 151 87 150 154 86 
105 109 80 139 163 132 150 155 60 118 151 141 59 118 111 96 71 93 70 92 69 110 163 50 101 104 126 70 61 44 127 99 152 133 32 41 33 78 168 132 180 82 108 81 62 83 164 34 85 84 142 113 79 142 84 83 106 137 121 89 188 129 141 105 
106 71 33 122 115 76 169 42 128 134 25 125 75 102 95 111 131 99 64 173 5 62 154 87 119 128 176 108 104 139 40 100 17 118 59 95 105 125 60 180 66 114 165 71 60 123 131 87 109 55 145 139 120 63 52 53 77 149 84 81 116 134 26 187 
78 74 120 146 45 68 147 20 103 111 142 54 148 47 152 135 33 155 121 28 111 110 106 62 126 95 131 45 80 60 99 145 48 113 78 101 62 86 106 82 114 154 32 53 39 126 103 140 101 111 151 155 97 90 77 79 51 83 86 38 91 81 78 149 
81 108 43 133 94 116 73 153 63 128 88 90 70 99 135 141 43 120 71 80 71 34 22 131 70 96 34 92 112 24 129 116 74 184 111 150 40 187 108 108 165 32 144 84 143 66 106 136 130 112 100 51 109 64 81 118 95 123 93 163 95 92 43 83 
173 102 83 188 81 98 82 190 169 35 94 86 49 32 60 159 71 138 97 74 62 146 108 151 18 145 121 135 119 122 80 99 52 145 73 13 109 172 5 81 71 53 84 58 109 91 107 57 140 44 94 33 106 77 95 125 100 118 71 24 113 55 61 56 
37 92 118 145 145 183 130 176 96 7 111 129 76 90 33 102 117 163 91 52 187 47 160 118 92 111 177 72 133 107 90 80 127 132 161 122 39 141 132 62 60 39 143 109 10 123 84 117 27 53 139 87 126 61 77 47 67 85 21 67 122 139 36 161 
141 105 110 93 133 93 43 110 83 51 57 71 136 170 141 86 93 86 173 114 49 143 58 76 116 76 149 60 170 27 177 128 103 83 66 107 131 127 189 83 123 126 66 91 123 86 108 116 78 180 111 116 66 86 132 141 146 96 86 10 179 50 130 143 
90 145 131 43 100 108 23 102 127 98 136 160 74 112 64 63 181 50 28 162 68 137 69 115 120 107 72 81 144 59 120 148 41 79 50 22 120 67 162 164 131 103 106 107 84 108 108 50 81 166 111 115 113 171 131 90 94 109 133 34 30 40 91 60 
73 72 188 79 79 65 107 47 77 180 98 61 132 54 108 153 31 131 119 136 115 100 67 112 79 127 122 70 36 74 2 117 18 79 113 123 89 111 137 34 87 140 136 57 117 116 50 82 172 130 124 103 56 105 96 93 13 85 50 167 52 109 73 67 
138 132 46 96 89 17 139 63 46 127 28 136 96 87 47 158 82 92 95 121 76 90 83 122 98 95 56 126 113 92 50 145 178 92 10 94 123 109 84 85 109 101 130 140 27 78 81 172 196 90 100 131 44 137 29 85 74 71 76 87 110 41 122 53 
148 123 100 71 87 89 177 177 104 173 93 93 69 159 134 97 146 144 140 95 38 66 191 138 100 43 133 94 99 128 121 100 140 109 115 140 40 34 147 84 55 111 112 44 53 180 166 130 90 160 97 78 49 69 139 139 71 133 59 70 62 45 121 33 
188 150 152 83 49 97 116 14 65 19 37 100 158 142 56 149 42 57 128 96 121 86 107 64 116 118 185 69 96 77 106 58 108 36 131 152 110 94 46 142 145 151 100 94 139 111 111 124 100 97 62 81 142 35 104 146 34 114 49 91 78 114 90 108 
156 30 102 79 125 100 37 134 108 149 11 125 50 40 118 65 198 143 30 50 65 106 109 112 60 119 138 36 15 91 9 74 78 158 83 169 146 188 72 113 139 155 51 33 87 116 115 103 131 78 81 190 65 93 101 82 149 106 74 158 74 30 62 100 
30 89 93 79 148 101 88 76 66 75 54 85 121 143 110 61 167 82 78 89 116 147 140 51 91 164 134 68 123 36 91 94 67 38 127 66 105 56 111 79 120 97 109 106 126 66 113 56 44 49 142 65 72 199 84 71 118 110 60 115 135 72 110 27 
130 100 13 47 88 47 32 75 110 105 101 141 100 89 160 114 118 73 107 176 180 148 86 63 152 36 137 74 80 156 92 64 31 98 18 33 106 129 132 142 63 90 64 77 61 86 171 105 137 69 35 93 199 34 44 21 106 94 30 100 111 121 177 19 
107 86 124 108 46 91 79 19 94 65 96 126 90 155 111 26 138 128 136 87 147 107 66 162 117 155 85 166 117 86 119 28 156 13 70 119 56 89 35 84 52 77 81 95 77 132 131 96 29 139 104 101 84 44 44 129 87 76 71 124 109 103 186 175 
81 73 117 114 73 107 119 96 38 45 128 180 62 129 139 121 129 164 47 128 154 104 149 90 132 138 15 27 178 126 79 113 145 185 97 88 62 63 140 83 53 79 118 125 47 141 90 93 85 139 146 82 71 21 129 180 50 119 90 164 121 20 31 177 
88 89 89 122 76 96 127 155 176 93 110 107 110 115 123 49 66 119 36 108 190 97 124 144 69 100 126 148 125 127 137 130 64 132 35 54 57 113 163 106 77 51 95 100 67 146 94 13 74 71 34 149 118 106 87 50 90 145 143 64 109 160 39 123 
78 135 112 70 72 51 102 113 151 82 115 47 107 108 65 126 50 129 136 98 121 71 39 119 107 31 84 61 98 112 135 20 19 89 169 184 68 95 104 137 149 83 123 118 85 96 109 85 71 133 114 106 110 94 76 119 145 44 116 123 66 82 96 84 
103 28 112 59 180 101 52 67 107 31 116 57 61 137 142 161 131 80 158 64 169 104 109 65 115 21 130 121 149 87 38 112 169 75 69 20 93 119 60 121 84 86 93 71 21 86 133 50 76 59 49 74 60 30 71 90 143 116 52 132 107 111 51 102 
114 56 37 56 52 65 84 103 90 53 70 51 77 85 39 140 34 82 168 117 60 46 151 37 119 45 76 94 45 32 86 114 145 74 112 54 187 79 151 89 81 38 163 24 67 10 34 167 87 70 91 158 115 100 124 164 64 123 132 182 141 89 121 146 
144 160 130 133 129 80 123 87 136 146 149 147 144 86 183 69 148 197 117 90 167 154 126 83 166 39 61 102 72 136 143 156 70 71 86 118 101 83 87 188 116 91 95 113 122 179 30 52 110 62 78 74 135 111 109 121 109 66 107 141 130 107 79 80 
105 102 152 132 112 74 115 129 47 70 94 116 99 146 90 30 153 166 139 85 59 152 65 93 120 66 152 123 93 115 149 97 91 175 100 107 109 149 150 129 134 81 92 55 139 50 40 109 41 45 114 30 72 121 103 20 160 82 111 89 107 178 118 122 
80 110 190 133 68 116 154 29 94 139 70 29 119 125 100 93 136 93 82 93 49 53 130 175 177 96 128 133 55 73 121 101 102 197 36 79 70 33 154 141 26 78 43 61 36 130 91 73 122 121 90 62 110 177 186 31 39 96 51 121 79 118 10 126 
106 49 67 83 42 118 92 47 44 172 141 100 102 94 145 132 93 102 93 57 70 185 161 134 53 44 107 129 74 138 13 124 61 51 102 51 139 106 86 105 187 149 83 56 161 143 60 67 53 33 108 100 27 19 175 177 123 84 102 146 80 122 126 2 