16
5 5 5 1 10 1 3 5 7 3 9 6 6 10 6 9 
8 3 3 9 7 5 2 9 6 6 4 5 2 3 8 7 
8 2 7 5 7 5 2 10 9 10 2 10 6 4 9 1 
7 1 9 8 7 2 1 9 10 10 9 5 1 1 7 1 
10 1 1 3 3 7 6 8 3 1 8 4 9 4 10 1 
2 3 3 9 5 7 5 9 10 9 3 2 10 10 2 2 
4 10 10 3 9 2 6 10 6 3 2 2 2 8 4 8 
8 3 9 3 4 9 2 9 2 3 6 7 2 3 1 1 
4 9 9 8 4 2 5 4 10 2 10 6 1 10 10 9 
5 3 9 4 9 2 6 3 1 2 9 1 3 2 7 7 
9 9 9 7 10 4 5 9 9 3 9 5 6 1 2 10 
6 4 8 5 10 5 3 7 9 3 5 9 10 8 7 7 
3 5 5 4 10 2 10 3 3 2 2 6 6 5 6 9 
3 2 7 5 4 6 5 7 8 5 2 1 1 4 8 6 
6 7 1 10 1 8 2 9 6 5 5 6 6 3 8 9 
5 4 3 2 9 9 9 9 7 1 4 5 1 3 8 1 
112 138 129 56 124 82 111 124 92 48 152 40 123 131 124 61 
138 180 75 87 116 137 103 151 78 141 64 117 81 98 40 34 
129 75 180 134 113 165 86 72 38 84 105 62 105 132 83 135 
56 87 134 10 166 159 11 100 64 87 76 96 116 132 73 142 
124 116 113 166 14 114 121 141 121 40 160 104 84 92 121 72 
82 137 165 159 114 32 197 100 103 23 113 118 130 137 190 148 
111 103 86 11 121 197 38 55 117 109 43 176 25 44 63 106 
124 151 72 100 141 100 55 46 44 162 79 170 119 120 91 101 
92 78 38 64 121 103 117 44 16 99 70 123 135 12 76 69 
48 141 84 87 40 23 109 162 99 158 151 90 121 148 127 106 
152 64 105 76 160 113 43 79 70 151 22 160 120 36 104 102 
40 117 62 96 104 118 176 170 123 90 160 14 43 47 83 82 
123 81 105 116 84 130 25 119 135 121 120 43 20 51 192 144 
131 98 132 132 92 137 44 120 12 148 36 47 51 178 106 64 
124 40 83 73 121 190 63 91 76 127 104 83 192 106 96 29 
61 34 135 142 72 148 106 101 69 106 102 82 144 64 29 184 