16
8 79 42 7 65 17 4 1 40 16 41 29 69 11 1 34 
7 78 53 28 52 92 81 49 68 73 36 2 5 90 11 97 
83 85 5 52 32 62 68 53 25 22 9 45 95 40 94 81 
37 81 72 40 85 51 1 40 67 9 39 48 83 86 94 66 
63 65 86 93 35 29 79 58 30 37 100 1 98 2 93 54 
84 15 66 92 47 69 15 98 13 94 80 74 46 51 99 68 
69 20 68 12 17 2 48 67 39 87 87 76 52 92 6 47 
28 81 56 55 8 8 57 52 4 85 78 15 59 88 54 53 
49 54 62 36 13 7 7 76 93 24 10 94 34 17 90 20 
95 20 18 95 57 95 61 1 12 23 20 88 15 50 9 69 
2 25 59 60 29 58 33 71 8 96 52 97 74 32 67 76 
28 36 6 41 45 38 82 26 97 6 77 74 34 98 68 64 
95 74 68 92 10 60 6 24 79 46 42 3 43 94 48 75 
64 92 91 90 77 60 34 90 61 83 94 3 55 18 68 100 
7 36 98 85 80 89 9 48 9 46 91 96 69 40 72 53 
53 81 21 70 92 46 1 54 24 93 54 73 25 68 16 98 
10 114 108 151 100 98 162 74 58 46 82 83 116 187 104 119 
114 200 116 68 115 100 178 107 147 192 185 179 148 99 184 123 
108 116 46 51 77 110 101 106 174 133 123 79 76 149 93 67 
151 68 51 12 36 190 100 72 76 87 128 161 144 104 26 149 
100 115 77 36 182 54 130 118 154 39 65 95 143 82 48 49 
98 100 110 190 54 54 7 142 147 27 158 80 96 46 119 93 
162 178 101 100 130 7 176 124 67 114 67 119 101 134 126 147 
74 107 106 72 118 142 124 60 41 84 50 168 86 74 122 171 
58 147 174 76 154 147 67 41 42 62 75 118 100 86 125 167 
46 192 133 87 39 27 114 84 62 152 33 92 94 89 69 87 
82 185 123 128 65 158 67 50 75 33 150 58 149 106 131 84 
83 179 79 161 95 80 119 168 118 92 58 86 115 119 57 119 
116 148 76 144 143 96 101 86 100 94 149 115 168 65 84 141 
187 99 149 104 82 46 134 74 86 89 106 119 65 34 84 42 
104 184 93 26 48 119 126 122 125 69 131 57 84 84 172 88 
119 123 67 149 49 93 147 171 167 87 84 119 141 42 88 122 