32
75 53 74 93 53 58 20 95 63 34 39 14 8 30 23 42 20 3 19 11 78 28 55 60 36 50 15 99 84 85 38 27 
54 20 60 50 66 73 34 67 55 8 61 63 52 7 47 42 51 39 59 48 51 25 77 76 61 52 10 69 16 40 28 89 
61 24 66 83 77 38 83 89 49 38 11 85 20 7 45 93 52 11 64 25 25 46 71 38 60 77 4 96 10 87 54 33 
2 16 67 35 84 66 12 39 53 100 30 89 22 15 85 74 15 97 75 3 69 79 30 11 99 81 59 82 89 21 96 24 
87 88 28 4 25 84 83 16 41 18 62 21 38 3 71 51 74 64 67 63 4 39 64 18 52 16 83 33 33 95 33 67 
87 35 34 11 40 75 34 72 96 9 75 24 58 61 55 7 25 35 19 15 62 46 43 6 88 62 68 65 85 56 88 36 
55 93 51 62 56 45 61 57 32 15 91 38 1 46 67 88 96 73 77 76 48 7 20 80 42 8 86 37 62 81 60 86 
3 56 61 74 9 11 85 100 14 8 1 5 17 80 63 22 17 45 29 88 29 80 21 8 30 46 41 54 62 50 99 7 
23 26 98 52 4 14 1 19 99 58 34 16 56 45 96 74 75 14 94 88 7 64 58 15 96 54 20 7 76 74 15 66 
39 80 14 53 41 92 4 85 60 82 55 66 100 21 31 97 32 68 30 31 9 56 41 92 95 6 5 71 94 27 69 60 
69 99 37 45 12 89 86 29 11 70 78 26 54 26 15 96 19 30 73 93 94 94 87 96 22 81 81 24 11 73 18 21 
14 45 89 69 69 80 48 6 98 74 19 37 21 81 78 36 26 64 7 31 59 52 55 21 78 78 69 75 28 47 22 38 
87 19 100 22 85 81 62 67 63 30 88 61 68 91 82 61 51 37 70 87 75 45 11 69 17 20 42 35 13 64 2 26 
29 4 13 80 39 56 21 88 19 59 44 53 89 92 75 59 23 33 80 36 35 76 58 8 68 20 50 36 73 45 87 95 
21 51 55 88 67 93 85 70 6 45 93 79 31 28 66 96 53 17 20 22 33 39 32 36 79 10 41 91 60 22 32 67 
30 60 32 23 78 35 61 1 54 92 35 31 28 15 38 62 85 40 32 59 94 16 14 48 53 54 40 18 79 21 33 35 
86 90 39 55 21 19 41 80 85 95 82 60 79 6 34 29 41 70 9 76 76 72 18 47 72 58 8 6 33 94 45 49 
87 74 21 62 4 12 86 82 34 20 48 81 63 19 49 85 11 30 83 62 70 13 96 57 100 70 27 5 68 15 78 23 
30 12 2 66 80 22 48 61 95 76 25 17 31 42 35 10 12 19 95 5 1 71 65 37 38 41 24 37 3 100 33 6 
34 14 92 35 61 32 9 45 55 55 60 12 53 23 36 87 46 19 59 53 44 61 56 25 91 6 33 67 79 46 24 26 
51 7 68 17 74 70 37 39 68 90 82 4 68 19 43 56 42 29 55 39 85 27 84 59 29 54 38 40 7 84 72 92 
73 15 37 2 100 86 34 30 75 68 71 32 65 96 23 83 49 26 71 75 85 61 3 18 5 3 50 12 84 97 82 31 
85 97 28 42 29 67 96 41 52 50 93 10 21 67 25 37 43 97 91 69 80 32 67 11 61 36 37 14 41 9 97 50 
76 33 25 76 81 2 27 11 86 3 100 45 19 12 69 14 66 21 78 5 1 77 29 51 90 34 28 93 50 41 55 14 
94 31 52 22 17 93 62 76 91 99 13 99 78 4 70 71 65 55 100 85 15 55 12 24 74 32 55 36 17 75 81 3 
79 31 85 40 68 40 16 66 22 81 20 20 59 12 92 27 100 67 80 66 7 22 73 1 55 1 100 23 16 25 95 47 
86 23 29 9 48 72 43 10 100 67 58 93 81 62 93 55 46 79 88 71 11 48 62 88 99 12 35 21 20 55 38 50 
15 47 86 93 88 48 30 96 91 82 67 20 45 90 90 20 61 18 21 4 5 74 32 59 65 53 53 57 65 84 7 71 
59 83 72 50 32 23 22 74 82 53 28 82 20 18 5 57 16 62 42 7 57 20 57 77 16 92 69 75 39 68 64 65 
29 29 20 64 52 47 41 70 61 9 40 78 4 69 94 77 65 72 72 1 26 25 43 59 45 92 77 5 22 90 17 62 
65 33 5 33 84 70 44 31 62 18 83 89 58 95 40 35 99 42 4 79 62 80 84 85 40 55 55 67 80 85 78 26 
98 1 14 80 42 37 19 92 99 48 66 79 100 86 92 57 6 9 70 66 2 62 14 54 63 35 13 2 45 35 17 81 
76 158 82 101 139 71 89 82 66 113 127 86 88 145 71 21 90 114 155 166 99 157 96 92 58 150 46 111 43 60 143 115 
158 110 64 83 49 59 131 65 165 101 84 69 181 126 16 138 133 50 125 166 89 121 103 45 123 96 54 178 100 189 64 117 
82 64 10 126 106 176 60 109 103 146 116 116 93 123 63 67 74 92 102 84 171 150 169 43 116 108 84 132 160 65 63 152 
101 83 126 12 28 60 135 151 92 113 155 79 96 70 153 96 157 108 91 135 160 21 149 170 102 125 93 148 95 96 73 74 
139 49 106 28 22 120 136 127 102 38 73 79 72 43 20 58 103 139 110 48 146 165 127 102 149 22 68 75 186 102 52 138 
71 59 176 60 120 80 172 80 48 116 91 114 149 103 96 77 139 143 32 142 189 51 97 92 85 144 64 113 92 106 42 164 
89 131 60 135 136 172 132 71 181 43 19 51 92 90 112 128 74 54 59 185 109 83 136 91 103 78 96 191 74 102 103 78 
82 65 109 151 127 80 71 94 112 62 95 124 97 73 76 141 124 132 112 76 147 150 90 58 17 182 76 118 82 74 70 79 
66 165 103 92 102 48 181 112 20 166 145 89 23 52 155 59 125 132 98 64 181 144 104 163 78 144 55 128 132 179 26 50 
113 101 146 113 38 116 43 62 166 166 73 96 77 101 40 39 70 110 106 155 142 125 131 110 123 191 94 91 111 190 197 116 
127 84 116 155 73 91 19 95 145 73 60 121 92 69 139 45 140 125 77 41 85 76 159 38 156 192 67 17 140 100 182 173 
86 69 116 79 79 114 51 124 89 96 121 180 34 118 118 115 169 74 89 60 105 46 101 156 126 173 38 158 126 49 131 121 
88 181 93 96 72 149 92 97 23 77 92 34 44 90 70 57 157 162 66 145 152 56 98 178 100 142 64 23 51 117 108 94 
145 126 123 70 43 103 90 73 52 101 69 118 90 148 140 88 139 124 77 136 15 174 58 118 88 65 104 143 76 125 196 73 
71 16 63 153 20 96 112 76 155 40 139 118 70 140 132 130 81 95 109 36 98 119 152 55 113 113 103 36 152 87 179 110 
21 138 67 96 58 77 128 141 59 39 45 115 57 88 130 164 136 89 84 65 95 131 103 83 151 107 61 142 56 124 123 152 
90 133 74 157 103 139 74 124 125 70 140 169 157 139 81 136 108 114 136 102 95 129 47 150 145 113 94 53 183 140 57 162 
114 50 92 108 139 143 54 132 132 110 125 74 162 124 95 89 114 20 66 89 119 117 76 73 28 75 44 75 110 53 150 149 
155 125 102 91 110 32 59 112 98 106 77 89 66 77 109 84 136 66 154 96 154 49 119 107 88 175 63 93 10 122 159 147 
166 166 84 135 48 142 185 76 64 155 41 60 145 136 36 65 102 89 96 112 134 58 85 80 99 116 181 34 124 114 95 91 
99 89 171 160 146 189 109 147 181 142 85 105 152 15 98 95 95 119 154 134 30 95 74 190 99 89 64 117 103 114 157 115 
157 121 150 21 165 51 83 150 144 125 76 46 56 174 119 131 129 117 49 58 95 100 36 169 100 100 62 109 125 120 129 90 
96 103 169 149 127 97 136 90 104 131 159 101 98 58 152 103 47 76 119 85 74 36 60 119 77 93 169 38 97 65 107 153 
92 45 43 170 102 92 91 58 163 110 38 156 178 118 55 83 150 73 107 80 190 169 119 142 100 124 106 111 129 14 137 68 
58 123 116 102 149 85 103 17 78 123 156 126 100 88 113 151 145 28 88 99 99 100 77 100 20 155 116 30 47 27 79 38 
150 96 108 125 22 144 78 182 144 191 192 173 142 65 113 107 113 75 175 116 89 100 93 124 155 150 99 79 115 148 173 84 
46 54 84 93 68 64 96 76 55 94 67 38 64 104 103 61 94 44 63 181 64 62 169 106 116 99 182 53 107 41 152 23 
111 178 132 148 75 113 191 118 128 91 17 158 23 143 36 142 53 75 93 34 117 109 38 111 30 79 53 48 93 116 103 75 
43 100 160 95 186 92 74 82 132 111 140 126 51 76 152 56 183 110 10 124 103 125 97 129 47 115 107 93 52 133 76 91 
60 189 65 96 102 106 102 74 179 190 100 49 117 125 87 124 140 53 122 114 114 120 65 14 27 148 41 116 133 48 97 145 
143 64 63 73 52 42 103 70 26 197 182 131 108 196 179 123 57 150 159 95 157 129 107 137 79 173 152 103 76 97 26 127 
115 117 152 74 138 164 78 79 50 116 173 121 94 73 110 152 162 149 147 91 115 90 153 68 38 84 23 75 91 145 127 14 