32
17 7 83 26 9 3 28 49 3 1 23 18 94 12 90 52 85 34 74 46 25 93 16 10 78 10 30 39 45 32 4 5 
20 56 30 71 77 69 86 47 1 10 27 23 16 98 5 80 85 48 21 46 48 19 43 53 22 16 88 7 28 57 60 70 
59 93 76 98 92 32 13 76 52 74 90 6 56 73 9 9 11 20 30 82 44 46 61 46 35 41 48 31 4 79 8 90 
94 38 58 25 56 81 47 83 31 23 24 47 6 26 51 42 23 17 59 31 60 38 98 63 15 92 69 69 89 71 73 95 
78 26 17 77 80 39 29 20 20 36 3 54 38 57 76 4 14 76 24 24 60 96 90 68 24 2 84 76 69 52 30 19 
97 25 10 87 4 100 54 44 57 13 49 23 94 88 41 4 4 91 100 12 87 52 56 48 6 32 11 24 59 6 23 93 
52 56 71 24 28 47 93 16 9 40 63 4 67 31 10 45 100 28 70 53 28 13 3 64 28 59 46 82 50 96 36 24 
1 15 69 77 73 61 76 53 49 41 8 15 30 37 46 95 74 12 61 58 68 73 34 30 80 39 1 52 82 49 86 98 
55 79 85 43 1 82 60 16 23 99 25 48 32 83 98 95 92 52 9 84 70 43 26 22 10 14 53 63 36 99 21 17 
59 11 48 95 33 77 31 100 24 39 63 92 43 89 19 23 71 77 77 95 28 6 11 46 26 39 32 71 76 77 6 24 
41 27 53 53 12 33 27 74 41 98 23 17 65 24 44 73 43 9 26 37 98 8 41 40 66 50 61 43 84 50 12 66 
59 39 55 96 78 74 49 57 97 44 59 9 24 43 51 27 58 46 13 50 89 9 7 31 59 75 56 97 96 60 83 44 
62 47 14 93 24 88 11 4 5 63 13 89 4 40 31 84 72 84 22 56 43 67 87 84 99 48 46 98 59 53 27 20 
2 100 85 54 92 81 3 18 98 79 94 14 69 73 85 95 74 11 8 26 67 73 1 9 41 98 33 85 81 30 59 20 
54 65 25 16 16 63 29 13 38 11 28 50 95 78 29 66 66 7 33 54 91 32 11 93 6 12 54 81 57 1 60 24 
93 50 61 19 25 71 2 43 39 88 50 31 4 84 70 69 68 47 61 35 69 53 1 67 59 61 48 89 61 67 75 76 
59 23 45 47 12 7 76 24 1 14 40 92 56 74 16 12 73 71 97 71 54 90 15 33 39 94 96 31 99 16 77 85 
69 73 15 60 4 11 81 41 88 76 5 82 46 19 80 66 20 85 44 26 90 95 67 89 96 36 97 72 68 29 21 39 
80 4 97 3 42 86 93 74 88 51 18 56 19 6 23 65 18 100 44 79 70 50 92 80 56 94 59 57 66 57 51 88 
69 72 61 97 46 44 100 98 69 71 36 97 68 62 6 37 33 20 100 85 50 44 7 31 13 13 67 96 24 42 53 92 
25 14 15 56 58 34 64 53 64 70 86 63 94 93 97 90 75 49 41 34 34 20 32 58 34 19 97 79 54 43 49 46 
91 12 82 3 15 46 53 10 38 89 17 38 19 74 54 55 80 90 83 46 82 87 42 20 1 11 13 91 15 49 12 40 
62 5 8 88 38 95 26 90 60 46 8 61 89 88 54 55 79 22 77 29 68 21 37 47 70 12 64 38 68 66 4 1 
47 68 25 95 46 40 57 42 62 5 17 15 17 68 42 28 67 4 44 97 17 88 35 81 82 41 4 4 34 77 13 84 
60 76 68 68 84 91 62 81 91 71 32 62 78 30 77 32 24 35 21 10 85 86 77 77 23 45 63 3 74 70 49 22 
27 51 48 34 99 44 78 44 48 46 92 43 35 74 43 60 9 89 92 7 31 55 17 35 30 86 6 10 81 29 25 85 
83 17 69 32 90 26 97 57 46 19 50 48 59 95 82 72 76 19 38 8 45 75 89 82 26 12 21 84 96 4 71 83 
95 15 31 59 64 39 97 72 32 34 74 7 26 55 46 39 94 72 53 86 83 63 47 30 10 94 44 13 73 96 78 63 
76 14 44 43 9 22 85 5 24 44 75 90 8 71 38 86 17 49 64 95 73 50 38 68 32 48 1 37 34 61 18 37 
3 47 27 80 43 73 45 6 74 29 23 29 85 78 82 41 79 81 82 81 58 99 55 38 41 20 55 38 42 64 85 87 
30 15 90 53 71 60 41 34 68 82 60 26 21 81 75 61 44 23 7 5 19 25 43 33 2 35 51 84 77 19 58 96 
40 25 70 40 36 92 64 11 24 23 61 93 55 100 16 14 76 63 60 1 1 58 80 25 86 3 97 73 51 91 87 9 
6 79 19 48 96 103 29 89 34 109 142 149 160 186 118 53 132 75 134 159 123 90 115 98 86 67 117 150 103 60 87 29 
79 156 57 90 113 46 144 121 13 116 85 29 150 139 74 91 125 145 83 51 85 101 64 47 121 130 169 137 111 177 101 43 
19 57 24 194 158 135 109 112 65 101 138 137 95 117 101 166 107 92 70 75 116 66 137 93 79 68 84 116 60 122 138 112 
48 90 194 96 132 93 61 65 46 85 112 80 16 98 143 121 130 139 125 93 60 190 108 130 128 69 155 168 71 131 73 98 
96 113 158 132 178 5 167 81 39 94 154 171 25 94 113 82 118 85 22 152 116 192 100 141 75 100 111 140 105 147 93 156 
103 46 135 93 5 110 136 96 65 177 103 112 70 144 93 118 94 108 120 106 93 97 85 67 42 101 122 31 115 91 38 155 
29 144 109 61 167 136 42 59 63 194 80 75 94 157 128 130 89 67 54 77 150 139 165 82 93 110 125 71 16 97 94 90 
89 121 112 65 81 96 59 24 98 125 139 148 97 174 120 136 115 102 80 126 82 66 48 83 160 115 80 88 158 125 39 123 
34 13 65 46 39 65 63 98 14 53 78 157 72 129 128 73 142 84 70 134 58 128 76 142 198 135 38 79 104 39 87 166 
109 116 101 85 94 177 194 125 53 172 99 64 54 118 148 176 101 61 126 70 116 44 160 37 50 80 142 159 39 67 128 156 
142 85 138 112 154 103 80 139 78 99 50 103 26 62 93 97 27 41 118 127 101 148 61 139 90 125 138 128 57 75 129 104 
149 29 137 80 171 112 75 148 157 64 103 118 80 98 172 165 184 155 85 106 62 64 48 10 82 105 103 106 62 81 22 193 
160 150 95 16 25 70 94 97 72 54 26 80 12 40 109 143 110 41 151 145 103 118 82 119 19 32 113 136 98 98 199 42 
186 139 117 98 94 144 157 174 129 118 62 98 40 142 95 79 115 51 102 196 70 104 158 118 198 91 64 180 102 82 162 69 
118 74 101 143 113 93 128 120 128 148 93 172 109 95 4 151 127 67 141 138 34 68 98 93 108 63 98 128 67 95 133 111 
53 91 166 121 82 118 130 136 73 176 97 165 143 79 151 154 85 63 79 44 108 79 144 175 101 170 68 57 115 106 114 89 
132 125 107 130 118 94 89 115 142 101 27 184 110 115 127 85 136 97 137 173 68 64 118 44 55 79 73 134 81 99 69 12 
75 145 92 139 85 108 67 102 84 61 41 155 41 51 67 63 97 110 20 141 127 158 115 89 32 93 108 157 130 115 109 142 
134 83 70 125 22 120 54 80 70 126 118 85 151 102 141 79 137 20 182 142 91 113 91 124 27 68 106 119 74 122 77 97 
159 51 75 93 152 106 77 126 134 70 127 106 145 196 138 44 173 141 142 42 116 163 5 173 65 81 80 118 89 80 134 113 
123 85 116 60 116 93 150 82 58 116 101 62 103 70 34 108 68 127 91 116 84 40 137 157 33 101 109 159 96 83 129 125 
90 101 66 190 192 97 139 66 128 44 148 64 118 104 68 79 64 158 113 163 40 148 93 20 61 160 141 12 35 72 120 112 
115 64 137 108 100 85 165 48 76 160 61 48 82 158 98 144 118 115 91 5 137 93 168 67 86 115 54 194 145 147 92 73 
98 47 93 130 141 67 82 83 142 37 139 10 119 118 93 175 44 89 124 173 157 20 67 100 96 78 45 103 105 114 97 121 
86 121 79 128 75 42 93 160 198 50 90 82 19 198 108 101 55 32 27 65 33 61 86 96 22 100 132 115 131 117 76 70 
67 130 68 69 100 101 110 115 135 80 125 105 32 91 63 170 79 93 68 81 101 160 115 78 100 4 185 56 152 83 116 89 
117 169 84 155 111 122 125 80 38 142 138 103 113 64 98 68 73 108 106 80 109 141 54 45 132 185 16 148 65 37 90 137 
150 137 116 168 140 31 71 88 79 159 128 106 136 180 128 57 134 157 119 118 159 12 194 103 115 56 148 62 174 125 83 124 
103 111 60 71 105 115 16 158 104 39 57 62 98 102 67 115 81 130 74 89 96 35 145 105 131 152 65 174 46 34 131 71 
60 177 122 131 147 91 97 125 39 67 75 81 98 82 95 106 99 115 122 80 83 72 147 114 117 83 37 125 34 84 103 173 
87 101 138 73 93 38 94 39 87 128 129 22 199 162 133 114 69 109 77 134 129 120 92 97 76 116 90 83 131 103 74 100 
29 43 112 98 156 155 90 123 166 156 104 193 42 69 111 89 12 142 97 113 125 112 73 121 70 89 137 124 71 173 100 14 