64
3 3 7 6 3 7 3 8 6 4 7 4 9 1 4 10 1 6 5 7 2 10 9 3 2 4 8 9 5 7 10 8 10 7 1 4 3 10 10 2 7 7 9 7 5 8 8 7 7 10 10 9 5 4 9 8 10 3 9 9 3 7 6 7 
3 6 6 7 3 8 7 10 4 8 3 6 3 8 7 7 2 10 10 4 10 4 1 7 5 4 3 9 5 8 5 4 6 4 2 7 8 8 10 7 8 7 3 8 4 8 7 1 3 7 2 9 4 1 8 5 4 8 6 3 8 4 8 5 
3 6 10 7 10 7 9 4 2 2 5 6 1 4 5 4 2 3 10 3 2 2 2 6 6 1 8 10 1 10 9 3 5 1 5 2 6 2 3 1 10 4 1 3 6 8 4 9 1 3 3 9 10 6 9 9 3 9 9 9 7 4 6 6 
9 9 4 6 10 5 2 2 2 9 1 2 6 9 7 3 5 9 10 9 7 9 10 1 1 8 10 3 2 10 5 4 10 8 4 2 1 10 3 4 2 8 6 5 10 2 10 1 3 9 1 9 2 1 3 3 8 8 5 7 4 7 5 10 
7 2 1 5 4 7 6 8 1 9 9 7 6 6 10 10 5 7 3 3 5 7 1 4 4 1 5 2 2 5 4 9 5 7 8 9 7 6 2 2 7 8 8 5 4 4 3 1 2 10 3 1 4 9 10 8 2 6 6 3 1 7 3 9 
9 8 6 4 9 3 4 2 1 3 6 6 8 10 5 1 8 10 9 6 6 6 4 1 7 4 9 7 10 4 3 5 1 5 3 10 7 1 7 9 6 6 10 4 1 10 8 9 10 4 10 8 10 5 5 8 1 2 3 6 5 5 2 8 
1 9 9 3 7 8 1 10 6 5 9 4 10 1 6 4 3 1 7 9 9 1 2 1 3 9 7 3 7 9 10 1 7 3 9 10 2 6 9 7 9 1 1 3 3 3 2 7 6 5 4 7 9 5 4 6 9 6 1 1 10 8 10 10 
10 1 8 3 4 9 6 6 3 7 5 3 8 5 5 9 7 2 10 9 6 10 1 9 5 10 6 7 8 9 10 7 5 1 7 1 2 9 5 1 9 1 2 5 7 4 10 10 4 1 3 7 8 4 4 8 1 6 8 8 3 4 6 3 
1 8 6 4 1 9 9 5 5 7 10 9 10 10 1 1 3 9 2 6 8 3 4 3 10 5 7 8 2 2 8 5 4 7 8 8 5 2 1 1 1 4 6 10 6 3 3 4 8 2 1 8 5 10 6 2 1 10 4 10 10 6 7 9 
4 1 6 6 3 9 5 2 10 2 8 1 1 6 8 10 7 5 8 1 7 7 3 2 8 8 8 2 2 6 6 3 2 3 9 5 9 9 1 2 9 4 3 3 9 4 3 3 10 8 9 7 5 3 5 1 6 1 1 8 9 2 7 7 
2 4 3 9 1 2 10 10 2 1 3 1 7 9 4 8 3 6 8 2 7 2 7 6 7 10 6 1 8 1 5 1 6 10 2 3 6 9 4 2 5 1 6 3 7 5 9 10 2 8 2 5 7 1 6 1 5 10 3 3 7 1 1 7 
5 7 9 3 9 3 9 1 8 1 8 2 4 9 5 9 2 3 7 7 5 9 2 5 2 5 9 9 3 7 10 9 4 6 9 6 4 2 3 10 9 3 3 9 10 10 3 3 4 4 1 6 5 8 3 7 3 5 4 6 3 3 7 5 
7 7 3 5 10 4 1 7 8 7 7 6 4 9 6 1 8 6 8 4 10 3 1 6 8 9 4 4 4 7 7 7 2 6 8 9 2 8 10 7 2 9 5 7 1 7 9 4 3 8 9 10 1 4 4 10 1 8 6 7 8 5 8 1 
4 10 5 8 1 3 5 8 10 7 2 7 3 6 4 1 6 3 7 3 5 2 10 2 7 6 4 2 3 3 5 4 5 1 5 3 2 6 3 6 4 5 10 1 5 4 4 9 10 10 4 3 1 4 9 1 2 4 10 5 5 9 7 5 
8 7 1 9 3 9 2 6 3 7 10 7 2 6 5 1 4 2 7 7 7 3 7 4 1 6 2 4 8 6 5 5 4 2 10 9 9 7 6 8 8 6 9 10 2 9 9 1 8 3 7 2 6 8 4 8 3 7 10 8 2 10 5 1 
6 9 2 6 9 2 8 10 3 6 1 6 1 6 8 4 6 1 7 8 10 8 10 5 1 5 4 1 8 10 3 1 10 1 8 2 5 1 10 5 7 6 10 5 3 7 4 10 4 1 6 1 7 7 9 1 5 8 7 10 10 4 7 8 
9 5 10 5 9 10 1 7 4 2 4 2 10 7 9 3 6 10 3 2 10 1 2 2 1 10 1 10 7 4 2 3 5 1 10 10 1 9 2 10 8 9 3 3 4 4 9 8 9 6 4 7 10 10 2 5 4 10 7 8 8 8 7 1 
9 8 2 8 6 3 1 3 10 1 8 2 6 5 9 9 7 4 3 8 10 8 4 5 8 5 3 8 7 9 4 4 8 8 1 5 8 1 4 1 4 7 7 5 2 10 1 10 2 10 6 7 9 5 10 6 9 6 6 7 2 7 1 1 
1 4 8 6 9 8 5 7 7 4 9 5 4 7 10 9 4 9 6 5 7 5 3 7 5 5 6 1 1 2 9 1 2 10 7 4 3 4 1 9 3 10 1 10 8 8 6 7 7 9 3 6 1 4 1 3 8 2 4 1 1 4 2 2 
9 7 9 6 9 4 2 2 6 4 3 1 5 1 8 2 1 4 9 9 5 3 9 3 6 9 9 10 6 8 10 2 8 7 8 10 8 8 7 4 9 9 9 8 1 5 3 10 6 2 1 2 3 6 1 3 9 3 2 6 2 4 1 6 
3 8 10 3 2 8 2 4 7 5 7 1 4 1 1 3 3 10 4 1 5 1 9 4 1 5 6 5 1 2 8 5 9 10 7 9 1 3 10 8 8 7 10 10 1 3 8 2 4 3 9 10 1 4 5 8 4 4 3 1 3 7 10 6 
4 9 8 7 7 5 1 9 7 3 2 7 4 4 10 10 3 4 9 3 6 5 6 7 7 2 2 1 10 8 10 7 7 1 6 2 1 2 4 7 6 4 9 2 6 2 8 10 10 8 3 6 10 2 3 1 4 4 5 6 4 6 8 4 
1 4 9 2 10 5 9 6 4 7 8 1 7 3 2 8 3 1 8 3 3 4 9 3 7 7 3 1 7 5 8 9 10 5 2 6 6 7 5 8 5 5 6 1 8 10 10 2 3 7 2 8 7 10 2 1 9 9 6 3 6 4 6 10 
9 5 1 2 10 6 10 6 6 6 2 4 3 6 9 6 5 3 9 6 5 10 8 5 4 5 9 8 3 9 1 7 4 5 9 1 6 6 8 5 1 3 5 2 5 10 5 2 6 5 3 4 3 9 8 9 10 9 7 3 9 9 5 10 
2 9 2 5 7 10 8 9 2 9 3 1 9 10 9 6 9 9 7 10 10 5 9 1 3 10 5 6 3 7 6 5 5 1 9 2 3 7 2 3 5 3 7 7 8 10 9 6 7 1 3 5 2 9 1 2 1 3 3 9 1 5 9 10 
4 8 4 4 10 8 6 3 8 3 10 7 2 4 10 9 7 7 7 6 7 1 4 1 8 3 6 2 5 1 1 7 10 9 1 5 8 8 2 1 2 1 6 7 9 1 5 9 10 8 2 4 6 8 4 8 8 4 3 9 8 9 2 6 
6 7 6 6 10 1 2 10 1 3 4 5 8 2 3 3 4 10 5 3 9 7 8 7 6 6 6 5 10 4 7 6 3 6 8 3 2 5 4 5 6 8 10 1 9 5 2 9 5 3 6 7 1 5 2 1 3 9 10 3 2 9 8 6 
5 9 3 3 5 5 3 4 6 3 2 7 6 8 5 2 3 9 7 7 6 7 8 5 3 2 7 10 1 8 7 2 2 4 3 1 8 9 5 3 6 1 2 2 4 9 5 3 6 5 9 10 6 10 4 5 7 10 1 2 2 5 5 4 
8 6 5 4 7 3 4 1 4 1 1 6 6 8 3 3 1 10 4 4 7 2 9 3 1 8 1 3 7 3 2 2 8 5 6 8 2 7 5 7 5 6 9 5 4 1 6 2 8 9 3 5 6 10 8 9 10 7 7 1 4 2 5 4 
3 6 8 4 2 2 9 2 2 6 1 5 7 2 6 2 1 9 1 6 8 1 7 6 8 3 8 4 6 5 10 10 3 10 9 8 7 6 10 4 4 3 3 5 6 2 6 5 6 7 2 7 5 4 9 8 1 7 10 9 3 3 10 5 
3 9 5 4 9 7 2 4 10 7 5 4 8 5 5 3 8 2 10 2 3 8 5 2 3 2 1 3 8 8 7 3 10 1 6 3 6 10 3 8 5 8 2 5 3 7 1 6 9 7 6 9 4 10 7 6 5 9 4 4 2 7 8 2 
7 7 9 7 5 1 1 9 8 3 8 6 5 6 4 6 8 1 7 1 6 1 6 3 8 1 5 9 6 10 8 10 1 4 10 6 9 2 10 3 1 3 6 2 9 9 7 10 4 10 3 10 3 6 7 3 4 3 7 8 7 9 6 6 
5 6 1 4 1 3 9 2 3 4 4 3 2 3 4 3 1 7 2 6 7 6 7 9 5 10 4 5 7 6 7 5 2 9 10 8 4 2 5 6 6 10 5 8 8 7 2 9 10 9 1 6 7 7 6 4 6 9 10 6 5 1 1 9 
5 4 8 5 6 6 2 10 7 10 4 4 5 2 3 10 7 5 6 6 5 3 7 8 9 9 1 3 3 6 1 8 6 6 4 2 2 7 9 9 6 7 5 8 10 4 10 7 2 7 10 2 9 6 3 6 7 8 7 9 4 5 6 7 
8 2 3 2 10 7 8 8 3 9 9 1 9 2 9 9 5 9 9 3 10 4 7 2 7 4 5 5 10 8 3 6 5 8 1 8 1 7 8 9 6 2 6 9 7 5 3 8 3 5 10 1 10 3 1 8 10 7 10 4 10 5 9 1 
1 7 3 10 6 10 1 3 2 6 2 9 10 9 7 4 6 9 7 1 4 9 7 2 6 1 7 4 2 1 2 5 10 4 9 2 1 10 10 1 6 1 3 4 6 9 4 6 2 4 1 8 4 8 2 7 5 5 1 9 6 1 10 4 
3 2 3 6 8 8 6 6 9 4 5 4 8 9 6 2 2 4 8 8 7 9 8 8 4 9 10 7 6 4 9 1 7 7 5 8 10 1 7 7 9 4 8 3 6 10 3 9 8 8 1 1 7 3 3 6 6 10 6 1 7 8 5 4 
5 5 7 10 5 9 7 6 7 7 1 3 5 5 2 4 9 6 7 6 1 4 7 4 5 4 8 5 1 6 8 6 6 6 2 3 4 8 2 2 3 1 6 3 8 9 9 6 3 2 7 10 5 7 4 1 7 2 6 4 8 7 1 2 
6 3 1 5 8 10 7 8 3 4 3 1 5 5 3 8 4 4 2 1 1 9 7 1 8 6 6 7 1 8 6 8 10 5 9 4 8 6 6 8 9 6 7 7 8 9 7 8 4 5 5 3 8 10 4 10 6 2 7 1 4 10 1 3 
5 10 2 8 4 2 10 2 9 7 1 4 6 6 10 9 1 5 8 6 5 9 1 1 3 10 4 1 1 1 4 10 5 6 9 5 2 4 3 5 5 2 6 8 9 1 1 8 10 1 10 4 7 8 7 9 3 2 1 6 5 6 6 9 
4 10 4 8 1 5 9 9 3 5 9 8 8 10 3 1 6 6 1 5 4 4 4 2 9 6 8 5 2 10 4 9 5 5 9 7 2 3 2 10 5 7 2 8 7 5 7 9 9 4 9 6 7 10 6 1 10 9 10 10 8 6 8 2 
10 1 6 5 3 8 10 5 1 8 4 7 4 3 3 10 10 8 2 2 10 1 4 1 5 9 1 1 9 9 7 6 8 6 6 6 8 7 5 2 2 8 5 5 2 1 4 6 6 5 8 6 9 7 8 6 6 5 9 9 1 9 3 5 
5 3 9 2 9 2 3 3 1 10 3 3 8 7 2 9 8 5 1 7 9 6 3 8 8 6 10 10 6 9 9 7 8 5 7 10 9 5 10 9 9 7 3 7 9 5 9 9 6 8 4 5 1 2 8 4 8 10 3 1 3 9 9 2 
7 3 9 5 7 4 8 5 5 3 1 10 10 1 7 3 4 10 5 6 4 4 4 6 9 5 3 3 4 3 5 7 1 2 8 2 9 5 1 9 1 4 6 10 8 3 2 3 5 1 6 6 1 7 7 9 8 6 8 6 3 4 3 3 
2 3 2 1 2 10 9 5 10 10 3 3 9 1 1 5 8 4 1 2 3 3 9 6 5 7 8 4 9 8 4 4 5 3 7 1 1 6 8 10 8 8 6 2 1 8 2 4 7 2 2 10 8 8 9 9 1 9 7 3 7 1 3 1 
2 6 6 5 10 1 7 10 8 2 5 5 6 6 6 5 10 5 2 10 7 3 7 3 7 6 4 5 4 3 2 8 1 5 1 6 4 7 3 4 5 8 8 7 7 6 8 7 8 2 7 2 2 8 3 7 10 8 1 2 6 10 10 3 
7 1 8 4 1 9 7 7 9 5 5 9 9 2 8 3 5 8 3 8 7 3 10 7 10 4 3 9 1 3 6 2 2 2 7 2 7 5 3 4 3 5 3 7 10 9 8 6 7 9 2 4 4 5 1 3 1 7 2 7 8 4 3 6 
1 3 9 6 10 8 1 9 1 6 10 5 8 4 6 2 3 6 1 1 3 4 6 5 1 9 9 4 3 9 5 3 5 9 5 1 6 6 10 8 6 6 2 2 9 4 9 6 8 9 1 7 8 7 7 4 9 7 8 2 5 8 7 7 
4 7 4 1 10 10 6 9 1 5 4 2 4 8 9 7 2 10 6 5 2 9 3 1 2 2 7 3 6 6 3 8 10 5 3 4 7 3 4 10 8 2 6 10 4 1 8 4 10 4 6 6 4 10 8 2 10 6 6 2 6 10 5 9 
8 10 2 2 9 3 2 8 8 10 2 8 3 2 9 8 3 6 7 4 5 1 2 8 8 2 1 10 2 10 8 5 2 3 10 7 3 10 6 7 9 3 7 8 7 2 8 2 8 10 1 7 9 1 5 3 5 10 6 6 3 10 9 5 
9 9 2 9 1 9 9 6 5 1 4 8 8 2 10 6 5 9 5 2 6 7 7 3 3 7 4 3 4 3 9 2 2 5 8 1 5 1 8 3 1 6 3 9 9 5 9 10 1 5 7 7 8 9 1 7 1 10 5 4 3 9 3 3 
7 3 10 4 1 2 5 4 8 10 3 7 6 1 10 6 9 8 10 3 7 4 1 7 3 6 6 2 1 5 2 8 4 10 7 3 1 2 3 4 5 9 2 2 1 6 5 8 5 8 3 8 4 1 9 5 9 1 5 2 4 9 7 9 
7 3 10 9 4 2 10 10 3 8 9 1 8 5 9 8 6 3 4 2 9 10 7 9 6 1 5 7 3 8 8 8 4 9 2 6 1 4 6 9 4 6 10 7 2 5 9 9 9 8 7 5 5 5 6 7 10 3 9 3 1 5 5 10 
1 1 4 2 5 9 2 5 8 2 4 4 10 6 7 6 5 6 9 4 7 10 7 4 1 1 3 2 7 6 10 4 7 9 6 4 5 1 7 2 9 10 3 5 10 8 3 2 2 5 6 10 4 1 3 9 7 2 3 6 1 2 8 8 
5 5 2 9 1 5 4 9 4 4 7 2 1 10 5 7 6 1 8 3 7 3 5 4 1 1 6 10 1 1 2 5 1 3 7 5 6 6 2 2 2 2 9 6 5 7 3 9 5 4 8 4 8 8 5 2 3 9 3 1 6 9 3 6 
8 6 5 1 9 1 1 2 7 2 3 10 8 8 2 8 2 4 2 6 6 4 9 6 1 3 4 3 7 4 10 2 3 10 2 10 8 9 4 7 4 7 1 5 10 7 3 2 8 9 8 4 10 5 1 8 8 3 10 4 5 1 10 7 
3 8 7 4 5 7 5 9 4 2 7 8 6 4 8 10 5 9 6 7 10 4 10 5 3 3 5 7 2 7 3 2 10 5 7 8 7 3 6 2 3 1 7 8 1 3 8 3 9 9 2 9 5 8 8 1 4 9 1 3 6 6 7 5 
10 9 10 2 7 8 5 7 7 3 5 3 3 9 8 6 4 6 10 9 6 2 3 7 6 3 6 3 4 2 1 9 5 9 5 5 2 2 2 1 9 4 3 1 4 6 1 3 8 4 7 10 8 10 10 9 5 6 10 2 4 5 2 9 
9 7 10 2 8 4 2 10 5 3 6 6 9 5 8 3 3 5 1 10 8 1 6 2 10 2 7 8 4 4 3 10 6 8 4 9 4 1 2 10 6 9 8 7 5 8 7 4 1 10 10 9 1 10 9 10 5 7 1 8 9 1 4 5 
3 4 7 8 8 8 6 4 3 5 4 7 10 9 4 4 5 2 4 5 9 7 7 7 5 1 3 8 1 2 8 10 10 6 3 2 3 4 8 4 8 2 8 3 1 9 10 4 3 9 3 6 4 8 3 7 5 9 10 10 6 6 3 1 
10 6 1 7 9 2 2 2 4 9 6 6 3 2 8 6 1 7 6 5 3 3 5 4 8 2 5 7 1 3 10 2 7 5 2 9 6 2 5 9 2 6 2 2 1 8 1 3 4 3 5 10 4 4 10 5 2 4 5 9 7 3 4 6 
9 5 1 7 2 3 4 10 8 7 1 4 7 6 7 5 1 10 6 2 7 9 4 3 2 2 5 10 10 2 5 9 3 6 1 7 5 5 9 2 1 6 3 8 5 5 5 9 3 8 8 9 5 8 6 8 3 2 2 6 3 5 2 3 
5 4 4 6 3 8 3 2 2 2 4 3 7 7 9 1 2 7 6 6 9 10 8 8 2 5 9 7 1 8 8 10 7 8 10 10 7 4 3 2 9 9 7 2 4 1 5 3 9 10 10 4 9 3 4 7 10 5 4 8 9 4 8 8 
2 10 7 9 7 6 1 3 6 9 4 2 2 4 3 2 2 1 7 9 8 9 2 1 7 9 4 3 4 4 10 7 10 1 6 2 7 9 7 4 8 2 7 4 3 9 1 3 1 5 10 7 6 2 8 8 4 4 3 3 1 9 10 10 
152 144 67 146 120 43 116 47 26 43 62 60 42 74 111 197 78 64 105 105 65 87 168 166 114 142 63 41 104 119 126 115 120 103 106 129 146 122 176 92 135 116 86 134 83 52 120 102 91 113 128 80 48 65 147 84 127 104 83 73 127 70 57 190 
144 168 182 77 102 127 71 126 21 71 54 110 83 163 66 83 89 62 81 59 83 92 183 56 163 106 90 59 145 193 187 171 97 144 108 67 53 94 106 158 97 44 96 79 95 71 149 86 49 80 91 46 38 162 107 177 25 92 67 158 104 153 96 152 
67 182 48 108 77 129 112 162 169 92 106 183 177 11 81 134 129 135 93 35 30 143 52 101 172 176 159 78 69 51 157 93 109 97 186 97 195 95 97 109 144 98 174 133 58 22 116 121 43 160 101 77 147 164 122 99 81 93 130 65 53 71 51 137 
146 77 108 132 112 95 98 30 81 41 97 177 126 103 140 80 52 50 118 69 63 92 99 112 8 81 35 172 152 58 80 98 124 125 176 120 88 84 59 142 82 135 55 151 152 28 138 38 135 106 181 125 106 32 151 65 117 123 120 168 160 105 58 113 
120 102 77 112 164 144 165 148 157 94 147 82 91 78 108 144 109 71 162 149 107 107 125 88 143 32 52 139 169 48 165 89 105 54 112 137 129 25 91 131 52 112 98 131 129 49 123 149 128 58 38 113 113 78 54 95 81 45 38 135 88 151 100 82 
43 127 129 95 144 126 73 125 71 81 156 87 7 57 104 114 173 162 131 95 116 160 93 152 84 126 137 89 106 168 70 91 47 120 121 103 99 96 45 96 83 141 117 120 92 84 36 154 87 119 113 86 10 109 143 64 126 115 64 130 124 29 91 136 
116 71 112 98 165 73 164 111 142 33 119 95 142 35 84 18 157 41 116 136 145 131 175 117 44 154 117 85 84 100 24 121 117 16 23 115 48 122 100 110 152 120 42 130 106 148 77 40 112 127 93 157 97 96 55 153 145 153 48 74 77 153 123 73 
47 126 162 30 148 125 111 172 107 82 110 90 147 138 123 143 82 62 78 116 113 79 158 53 49 92 58 93 118 51 54 141 67 22 130 87 173 15 134 48 146 113 116 65 85 71 149 136 112 150 113 89 153 53 143 100 127 54 111 97 142 176 35 161 
26 21 169 81 157 71 142 107 76 80 169 34 110 38 83 109 165 160 165 91 123 90 179 34 132 64 111 107 41 92 161 83 164 74 59 72 43 67 114 72 39 141 62 88 113 130 126 85 54 93 143 172 97 145 146 116 54 45 119 63 28 80 151 93 
43 71 92 41 94 81 33 82 80 82 98 87 133 62 123 118 88 114 72 190 67 88 122 92 128 50 49 138 144 89 84 125 191 93 117 64 131 132 33 126 56 64 98 64 127 193 111 68 93 74 74 54 87 52 66 65 118 94 44 122 80 42 36 91 
62 54 106 97 147 156 119 110 169 98 22 145 101 127 149 124 84 116 145 31 98 111 88 147 180 133 65 94 125 66 100 97 109 128 32 143 164 91 140 157 107 138 87 182 140 113 74 139 114 70 160 54 183 114 99 111 107 38 194 91 151 81 109 57 
60 110 183 177 82 87 95 90 34 87 145 190 75 134 59 174 26 99 70 166 69 119 132 143 108 65 80 64 145 100 175 90 124 130 76 145 69 111 101 87 108 137 96 57 82 161 97 179 193 173 61 103 80 105 91 58 120 99 38 160 76 124 86 40 
42 83 177 126 91 7 142 147 110 133 101 75 124 167 48 37 51 171 141 78 88 37 99 93 100 112 150 128 71 125 156 99 60 28 178 71 56 88 39 87 44 88 125 95 75 176 183 154 176 100 138 86 148 171 89 164 116 107 85 89 126 126 65 22 
74 163 11 103 78 57 35 138 38 62 127 134 167 40 48 69 139 153 136 35 134 135 183 115 138 46 68 31 151 139 128 104 16 95 68 173 67 102 142 88 102 89 97 164 55 118 159 34 151 96 91 185 48 116 118 115 143 86 156 131 134 110 28 45 
111 66 81 140 108 104 84 123 83 123 149 59 48 48 98 73 93 92 10 100 111 109 16 127 146 84 43 69 94 93 52 132 84 112 97 120 111 113 76 135 94 124 150 49 99 61 152 116 98 120 154 121 74 144 125 22 109 124 132 92 71 133 125 82 
197 83 134 80 144 114 18 143 109 118 124 174 37 69 73 48 124 76 130 139 153 18 54 106 86 49 51 173 86 110 57 97 151 107 17 122 48 120 110 133 52 107 81 113 163 78 78 147 89 81 151 74 74 142 129 55 140 107 98 171 101 70 73 77 
78 89 129 52 109 173 157 82 165 88 84 26 51 139 93 124 58 111 84 139 36 113 151 104 51 50 150 65 74 109 118 107 78 143 112 157 105 124 51 157 170 88 115 66 98 130 79 125 111 93 36 158 129 131 68 79 87 84 106 168 136 110 121 124 
64 62 135 50 71 162 41 62 160 114 116 99 171 153 92 76 111 14 36 77 142 22 178 89 102 136 128 80 106 74 109 105 163 94 86 4 74 147 99 147 51 101 48 128 96 124 84 57 151 124 104 89 25 154 134 178 113 114 144 100 136 39 145 96 
105 81 93 118 162 131 116 78 165 72 145 70 141 136 10 130 84 36 12 119 95 75 96 127 127 90 151 27 169 63 78 77 108 58 117 102 167 141 48 45 33 113 124 61 97 77 84 94 81 153 106 101 118 64 143 144 90 100 93 124 88 93 71 50 
105 59 35 69 149 95 136 116 91 190 31 166 78 35 100 139 139 77 119 24 137 129 174 73 27 177 151 86 64 130 139 148 171 102 81 132 102 131 188 105 14 100 110 129 127 89 27 168 97 94 142 134 75 173 14 119 81 111 90 47 81 144 68 40 
65 83 30 63 107 116 145 113 123 67 98 69 88 134 111 153 36 142 95 137 150 73 98 148 116 69 101 83 83 33 100 52 63 7 190 23 127 145 56 80 162 108 105 76 144 109 105 109 142 19 101 54 22 81 109 17 103 23 93 126 66 109 115 54 
87 92 143 92 107 160 131 79 90 88 111 119 37 135 109 18 113 22 75 129 73 148 55 92 96 85 139 123 184 93 105 123 79 82 152 145 85 56 138 110 146 149 49 30 151 48 72 100 140 163 94 86 44 47 103 70 105 86 46 94 151 64 73 151 
168 183 52 99 125 93 175 158 179 122 88 132 99 183 16 54 151 178 96 174 98 55 78 89 116 79 136 159 112 62 110 95 92 69 50 32 97 83 91 104 29 169 148 66 74 70 113 34 56 103 124 46 140 101 131 50 174 165 100 86 92 143 53 118 
166 56 101 112 88 152 117 53 34 92 147 143 93 115 127 106 104 89 127 73 148 92 89 180 149 105 34 192 71 82 128 165 77 148 83 118 59 193 134 142 89 97 145 45 168 103 77 109 163 36 33 50 88 74 149 6 54 95 87 23 103 46 24 133 
114 163 172 8 143 84 44 49 132 128 180 108 100 138 146 86 51 102 127 27 116 96 116 149 74 139 117 113 142 82 37 82 46 152 84 104 87 76 120 143 55 56 43 58 105 141 94 54 157 137 72 62 165 146 105 87 130 65 105 190 102 97 129 40 
142 106 176 81 32 126 154 92 64 50 133 65 112 46 84 49 50 136 90 177 69 85 79 105 139 170 164 109 70 69 104 105 87 23 54 179 150 170 121 102 107 44 101 118 90 73 128 120 93 114 61 93 130 122 73 129 116 154 127 103 84 118 13 159 
63 90 159 35 52 137 117 58 111 49 65 80 150 68 43 51 150 128 151 151 101 139 136 34 117 164 188 146 196 88 42 128 68 195 53 85 50 135 175 98 155 35 12 175 90 136 129 128 174 51 94 37 154 86 37 87 94 76 45 155 58 186 112 119 
41 59 78 172 139 89 85 93 107 138 94 64 128 31 69 173 65 80 27 86 83 123 159 192 113 109 146 70 170 66 109 106 96 110 137 46 115 114 154 40 169 74 93 151 163 79 131 96 59 131 119 79 122 122 119 79 40 115 123 108 182 103 148 118 
104 145 69 152 169 106 84 118 41 144 125 145 71 151 94 86 74 106 169 64 83 184 112 71 142 70 196 170 102 115 185 165 95 15 183 139 69 133 41 83 59 77 154 126 104 120 134 11 92 106 140 160 118 97 139 34 99 122 42 92 188 56 40 198 
119 193 51 58 48 168 100 51 92 89 66 100 125 139 93 110 109 74 63 130 33 93 62 82 82 69 88 66 115 200 35 154 144 118 109 77 123 90 106 116 138 132 188 122 121 8 63 112 75 50 110 135 83 40 70 76 75 142 19 86 76 108 125 85 
126 187 157 80 165 70 24 54 161 84 100 175 156 128 52 57 118 109 78 139 100 105 110 128 37 104 42 109 185 35 12 74 126 189 25 56 181 76 65 85 51 100 82 188 163 44 77 81 63 106 100 137 186 45 36 78 120 119 98 18 108 109 109 82 
115 171 93 98 89 91 121 141 83 125 97 90 99 104 132 97 107 105 77 148 52 123 95 165 82 105 128 106 165 154 74 184 109 134 57 142 108 97 112 102 133 135 84 134 99 137 169 48 12 46 144 62 126 111 34 103 73 101 109 30 88 143 114 126 
120 97 109 124 105 47 117 67 164 191 109 124 60 16 84 151 78 163 108 171 63 79 92 77 46 87 68 96 95 144 126 109 136 78 52 100 121 119 145 65 130 176 36 134 92 57 98 86 95 80 98 90 140 76 103 153 148 155 83 108 125 80 89 53 
103 144 97 125 54 120 16 22 74 93 128 130 28 95 112 107 143 94 58 102 7 82 69 148 152 23 195 110 15 118 189 134 78 54 66 78 64 41 88 66 73 95 89 108 143 78 64 170 112 122 190 136 189 83 139 163 71 151 75 98 181 184 98 116 
106 108 186 176 112 121 23 130 59 117 32 76 178 68 97 17 112 86 117 81 190 152 50 83 84 54 53 137 183 109 25 57 52 66 114 79 114 85 99 83 42 161 107 126 124 27 100 125 102 56 74 115 22 132 33 58 89 150 69 107 39 121 177 85 
129 67 97 120 137 103 115 87 72 64 143 145 71 173 120 122 157 4 102 132 23 145 32 118 104 179 85 46 139 77 56 142 100 78 79 140 104 153 92 94 71 86 86 66 50 15 98 65 69 169 67 17 48 146 132 149 120 110 70 94 24 72 81 131 
146 53 195 88 129 99 48 173 43 131 164 69 56 67 111 48 105 74 167 102 127 85 97 59 87 150 50 115 69 123 181 108 121 64 114 104 6 86 100 129 162 67 189 125 122 120 159 68 124 104 109 131 91 6 102 88 153 159 44 122 60 134 78 89 
122 94 95 84 25 96 122 15 67 132 91 111 88 102 113 120 124 147 141 131 145 56 83 193 76 170 135 114 133 90 76 97 119 41 85 153 86 116 104 170 147 104 146 187 43 98 187 52 76 101 91 124 113 38 53 78 106 104 127 91 106 86 79 123 
176 106 97 59 91 45 100 134 114 33 140 101 39 142 76 110 51 99 48 188 56 138 91 134 120 121 175 154 41 106 65 112 145 88 99 92 100 104 136 58 27 160 158 101 97 182 90 74 108 174 149 84 99 42 140 17 159 99 142 148 118 120 82 175 
92 158 109 142 131 96 110 48 72 126 157 87 87 88 135 133 157 147 45 105 80 110 104 142 143 102 98 40 83 116 85 102 65 66 83 94 129 170 58 164 149 53 125 83 85 96 76 76 127 100 172 89 85 90 113 106 2 85 84 170 134 69 141 113 
135 97 144 82 52 83 152 146 39 56 107 108 44 102 94 52 170 51 33 14 162 146 29 89 55 107 155 169 59 138 51 133 130 73 42 71 162 147 27 149 108 128 136 125 106 29 146 57 162 63 130 63 153 101 103 67 159 100 21 18 48 155 112 53 
116 44 98 135 112 141 120 113 141 64 138 137 88 89 124 107 88 101 113 100 108 149 169 97 56 44 35 74 77 132 100 135 176 95 161 86 67 104 160 53 128 82 51 98 91 113 165 35 100 65 118 53 101 117 126 158 150 143 114 70 141 152 91 151 
86 96 174 55 98 117 42 116 62 98 87 96 125 97 150 81 115 48 124 110 105 49 148 145 43 101 12 93 154 188 82 84 36 89 107 86 189 146 158 125 136 51 72 110 48 99 147 80 86 112 106 62 96 156 100 128 141 152 142 47 83 105 46 141 
134 79 133 151 131 120 130 65 88 64 182 57 95 164 49 113 66 128 61 129 76 30 66 45 58 118 175 151 126 122 188 134 134 108 126 66 125 187 101 83 125 98 110 134 144 76 89 58 173 40 127 154 133 93 57 165 126 65 45 29 33 149 166 186 
83 95 58 152 129 92 106 85 113 127 140 82 75 55 99 163 98 96 97 127 144 151 74 168 105 90 90 163 104 121 163 99 92 143 124 50 122 43 97 85 106 91 48 144 186 130 135 45 194 105 167 67 88 100 144 46 61 101 127 133 105 70 141 104 
52 71 22 28 49 84 148 71 130 193 113 161 176 118 61 78 130 124 77 89 109 48 70 103 141 73 136 79 120 8 44 137 57 78 27 15 120 98 182 96 29 113 99 76 130 140 97 116 77 68 135 91 89 119 76 133 84 144 98 25 93 89 107 96 
120 149 116 138 123 36 77 149 126 111 74 97 183 159 152 78 79 84 84 27 105 72 113 77 94 128 129 131 134 63 77 169 98 64 100 98 159 187 90 76 146 165 147 89 135 97 80 102 47 185 146 97 125 71 63 97 45 53 42 126 103 91 126 144 
102 86 121 38 149 154 40 136 85 68 139 179 154 34 116 147 125 57 94 168 109 100 34 109 54 120 128 96 11 112 81 48 86 170 125 65 68 52 74 76 57 35 80 58 45 116 102 4 120 51 21 125 9 47 66 132 105 136 151 186 108 99 169 183 
91 49 43 135 128 87 112 112 54 93 114 193 176 151 98 89 111 151 81 97 142 140 56 163 157 93 174 59 92 75 63 12 95 112 102 69 124 76 108 127 162 100 86 173 194 77 47 120 20 154 96 130 66 103 137 80 65 54 160 71 57 114 95 82 
113 80 160 106 58 119 127 150 93 74 70 173 100 96 120 81 93 124 153 94 19 163 103 36 137 114 51 131 106 50 106 46 80 122 56 169 104 101 174 100 63 65 112 40 105 68 185 51 154 32 115 127 49 172 132 142 80 105 91 21 52 97 116 14 
128 91 101 181 38 113 93 113 143 74 160 61 138 91 154 151 36 104 106 142 101 94 124 33 72 61 94 119 140 110 100 144 98 190 74 67 109 91 149 172 130 118 106 127 167 135 146 21 96 115 78 61 75 32 37 125 141 96 47 100 126 56 88 58 
80 46 77 125 113 86 157 89 172 54 54 103 86 185 121 74 158 89 101 134 54 86 46 50 62 93 37 79 160 135 137 62 90 136 115 17 131 124 84 89 63 53 62 154 67 91 97 125 130 127 61 72 169 78 99 80 75 111 92 140 48 92 64 80 
48 38 147 106 113 10 97 153 97 87 183 80 148 48 74 74 129 25 118 75 22 44 140 88 165 130 154 122 118 83 186 126 140 189 22 48 91 113 99 85 153 101 96 133 88 89 125 9 66 49 75 169 68 130 129 33 140 137 20 87 112 59 43 13 
65 162 164 32 78 109 96 53 145 52 114 105 171 116 144 142 131 154 64 173 81 47 101 74 146 122 86 122 97 40 45 111 76 83 132 146 6 38 42 90 101 117 156 93 100 119 71 47 103 172 32 78 130 4 97 107 87 89 73 92 102 21 124 60 
147 107 122 151 54 143 55 143 146 66 99 91 89 118 125 129 68 134 143 14 109 103 131 149 105 73 37 119 139 70 36 34 103 139 33 132 102 53 140 113 103 126 100 57 144 76 63 66 137 132 37 99 129 97 12 162 82 125 112 125 170 58 120 142 
84 177 99 65 95 64 153 100 116 65 111 58 164 115 22 55 79 178 144 119 17 70 50 6 87 129 87 79 34 76 78 103 153 163 58 149 88 78 17 106 67 158 128 165 46 133 97 132 80 142 125 80 33 107 162 196 131 37 92 48 120 34 153 166 
127 25 81 117 81 126 145 127 54 118 107 120 116 143 109 140 87 113 90 81 103 105 174 54 130 116 94 40 99 75 120 73 148 71 89 120 153 106 159 2 159 150 141 126 61 84 45 105 65 80 141 75 140 87 82 131 50 84 108 46 95 55 105 105 
104 92 93 123 45 115 153 54 45 94 38 99 107 86 124 107 84 114 100 111 23 86 165 95 65 154 76 115 122 142 119 101 155 151 150 110 159 104 99 85 100 143 152 65 101 144 53 136 54 105 96 111 137 89 125 37 84 66 57 124 117 70 124 148 
83 67 130 120 38 64 48 111 119 44 194 38 85 156 132 98 106 144 93 90 93 46 100 87 105 127 45 123 42 19 98 109 83 75 69 70 44 127 142 84 21 114 142 45 127 98 42 151 160 91 47 92 20 73 112 92 108 57 40 76 103 118 176 109 
73 158 65 168 135 130 74 97 63 122 91 160 89 131 92 171 168 100 124 47 126 94 86 23 190 103 155 108 92 86 18 30 108 98 107 94 122 91 148 170 18 70 47 29 133 25 126 186 71 21 100 140 87 92 125 48 46 124 76 100 118 172 84 99 
127 104 53 160 88 124 77 142 28 80 151 76 126 134 71 101 136 136 88 81 66 151 92 103 102 84 58 182 188 76 108 88 125 181 39 24 60 106 118 134 48 141 83 33 105 93 103 108 57 52 126 48 112 102 170 120 95 117 103 118 128 119 111 42 
70 153 71 105 151 29 153 176 80 42 81 124 126 110 133 70 110 39 93 144 109 64 143 46 97 118 186 103 56 108 109 143 80 184 121 72 134 86 120 69 155 152 105 149 70 89 91 99 114 97 56 92 59 21 58 34 55 70 118 172 119 94 174 151 
57 96 51 58 100 91 123 35 151 36 109 86 65 28 125 73 121 145 71 68 115 73 53 24 129 13 112 148 40 125 109 114 89 98 177 81 78 79 82 141 112 91 46 166 141 107 126 169 95 116 88 64 43 124 120 153 105 124 176 84 111 174 146 153 
190 152 137 113 82 136 73 161 93 91 57 40 22 45 82 77 124 96 50 40 54 151 118 133 40 159 119 118 198 85 82 126 53 116 85 131 89 123 175 113 53 151 141 186 104 96 144 183 82 14 58 80 13 60 142 166 105 148 109 99 42 151 153 110 