32
3 1 9 9 8 10 7 7 7 9 9 10 5 4 10 10 8 8 5 9 2 8 7 3 4 9 3 9 8 4 2 6 
4 10 1 9 6 10 9 6 8 7 6 7 8 9 1 4 7 5 8 8 7 6 4 9 10 10 3 5 4 6 3 8 
2 3 5 8 5 6 8 1 2 1 6 4 9 6 10 1 9 7 1 10 8 1 9 2 8 10 1 7 2 2 8 1 
3 8 6 9 8 4 10 8 4 8 1 1 2 9 4 5 5 4 5 1 1 6 10 6 3 2 9 4 8 1 6 3 
5 8 8 10 10 6 2 6 9 9 3 7 9 10 5 6 2 7 8 2 6 9 2 3 9 2 3 7 7 9 2 9 
3 2 9 8 1 8 5 1 7 2 5 5 8 1 2 3 1 7 6 10 3 7 5 6 8 2 5 7 6 1 3 10 
1 1 7 3 4 6 7 6 10 10 4 9 10 9 9 6 7 8 3 5 2 9 7 8 4 4 3 8 2 1 10 2 
7 10 9 10 10 7 9 3 3 7 8 2 6 5 1 7 8 10 9 8 9 1 2 4 10 4 8 7 8 1 9 1 
2 9 5 4 5 6 2 8 6 7 5 8 5 8 7 8 8 10 1 4 4 5 8 10 4 2 5 2 6 3 6 10 
8 3 1 3 8 2 5 10 1 2 5 6 9 4 3 9 1 6 1 6 9 5 2 2 3 5 2 7 8 1 6 8 
9 2 2 2 3 10 8 8 3 5 9 2 4 7 5 8 7 4 1 2 9 5 9 2 6 9 2 8 8 10 10 2 
4 1 10 4 5 3 1 4 1 6 9 1 8 1 2 6 4 3 9 9 9 6 2 3 5 9 6 8 3 2 3 3 
6 3 7 9 9 2 1 1 7 5 1 6 2 5 5 3 5 2 7 6 5 4 4 4 5 3 6 6 6 3 9 9 
5 8 1 1 9 4 7 3 6 8 7 6 1 4 6 7 6 9 4 6 4 8 7 3 1 5 8 8 10 9 1 2 
8 10 3 9 9 10 1 9 8 4 9 7 2 6 8 4 7 4 5 4 2 8 1 10 1 4 8 4 8 4 2 1 
6 6 6 6 8 2 10 8 5 5 8 5 1 8 8 9 1 2 7 4 4 8 9 7 2 7 1 1 3 7 6 6 
3 2 10 4 7 10 5 4 5 9 5 7 9 7 6 10 6 3 6 4 8 9 3 7 8 8 1 8 4 3 10 9 
9 10 4 7 3 2 10 4 1 10 5 2 10 4 8 7 2 8 10 5 3 10 5 2 9 8 1 2 8 5 7 4 
2 1 4 6 7 4 1 2 3 5 2 6 5 8 10 6 4 2 6 2 5 5 6 1 8 10 5 1 3 10 6 1 
3 6 7 2 5 3 5 5 1 5 9 3 2 9 6 6 9 5 4 6 7 3 8 1 5 1 8 9 7 6 10 4 
1 1 7 2 3 2 7 7 6 4 4 5 6 7 4 4 3 7 6 3 7 5 4 7 4 6 7 9 6 7 9 10 
1 3 3 7 7 2 9 1 6 2 3 9 6 8 10 2 9 5 7 3 10 4 10 7 5 6 7 1 9 9 2 5 
8 9 4 6 4 7 4 5 7 1 2 9 8 2 3 1 2 8 3 4 2 7 10 3 10 10 3 1 2 1 6 3 
4 5 3 10 1 3 1 9 4 5 8 1 10 4 1 9 1 9 2 9 3 10 8 7 2 8 8 6 4 10 7 6 
5 1 1 10 9 4 1 9 4 4 5 3 9 5 8 7 8 1 4 9 1 2 8 7 6 10 1 7 4 5 8 4 
4 3 7 3 3 7 5 8 5 7 10 7 1 5 6 9 6 10 5 10 1 7 6 9 3 6 6 2 5 4 7 3 
6 8 8 10 5 1 4 4 6 7 9 3 3 9 4 9 9 5 4 7 2 10 2 8 7 5 1 4 4 6 2 8 
3 10 4 2 7 5 1 9 3 9 8 6 1 9 4 8 5 9 4 7 2 3 5 9 10 2 9 7 5 3 10 7 
5 4 5 8 8 2 3 8 3 9 5 5 8 8 3 9 10 8 5 10 4 6 7 1 1 1 6 6 9 1 1 4 
5 4 9 3 4 2 5 4 5 10 7 3 9 3 1 9 5 4 8 6 3 10 9 8 1 9 3 4 4 8 3 9 
4 4 7 7 1 7 9 2 3 9 9 3 9 4 3 8 9 10 2 2 4 1 3 4 9 8 3 2 7 1 10 9 
7 1 9 5 9 5 2 2 4 5 9 9 4 4 6 4 1 2 9 2 10 4 7 4 9 4 10 4 6 3 5 9 
178 11 47 103 149 108 144 25 113 111 52 63 109 43 33 120 130 168 168 127 48 72 182 101 99 137 160 106 144 140 87 103 
11 136 70 69 134 119 100 41 50 85 99 28 96 137 122 65 70 153 153 107 105 80 56 105 109 106 142 68 119 73 164 86 
47 70 18 156 60 103 113 116 139 72 96 155 110 94 168 123 88 89 88 95 39 101 100 149 124 79 159 36 116 83 38 89 
103 69 156 172 51 32 69 109 79 133 25 171 112 136 65 55 170 71 144 147 48 156 101 35 109 62 146 75 87 103 170 92 
149 134 60 51 12 118 166 146 122 103 164 45 146 64 129 93 95 138 104 85 124 119 122 70 24 105 33 128 92 119 183 28 
108 119 103 32 118 76 49 73 33 92 50 171 185 23 71 126 63 181 129 49 142 99 82 60 161 22 130 56 129 123 138 90 
144 100 113 69 166 49 162 106 124 146 121 193 91 124 43 121 144 133 102 60 58 43 163 118 185 108 33 117 104 118 80 86 
25 41 116 109 146 73 106 180 142 131 22 114 121 56 121 74 110 165 148 87 82 7 103 113 175 99 114 97 137 76 96 117 
113 50 139 79 122 33 124 142 180 164 80 101 176 183 123 31 33 135 135 85 152 131 166 132 60 181 66 154 124 47 48 104 
111 85 72 133 103 92 146 131 164 192 57 55 149 164 153 47 138 113 53 11 184 86 83 126 55 125 108 103 97 138 105 68 
52 99 96 25 164 50 121 22 80 57 118 106 35 46 170 140 56 151 65 146 186 90 129 141 65 70 106 80 172 96 127 129 
63 28 155 171 45 171 193 114 101 55 106 200 51 54 80 183 75 67 176 125 42 113 159 119 78 78 142 123 111 96 90 124 
109 96 110 112 146 185 91 121 176 149 35 51 62 99 59 120 107 136 89 145 32 124 122 165 49 100 83 155 53 96 127 52 
43 137 94 136 64 23 124 56 183 164 46 54 99 52 45 80 171 122 55 46 116 130 150 49 56 39 45 74 104 77 120 70 
33 122 168 65 129 71 43 121 123 153 170 80 59 45 180 92 99 44 57 118 42 76 143 53 60 126 90 22 39 150 114 87 
120 65 123 55 93 126 121 74 31 47 140 183 120 80 92 194 170 163 10 75 81 101 137 57 99 76 139 128 13 54 131 118 
130 70 88 170 95 63 144 110 33 138 56 75 107 171 99 170 58 92 69 93 101 144 69 25 96 137 103 191 117 126 91 117 
168 153 89 71 138 181 133 165 135 113 151 67 136 122 44 163 92 188 180 66 148 130 84 96 56 64 101 105 90 139 71 99 
168 153 88 144 104 129 102 148 135 53 65 176 89 55 57 10 69 180 36 91 160 155 128 158 117 99 95 27 71 113 142 99 
127 107 95 147 85 49 60 87 85 11 146 125 145 46 118 75 93 66 91 198 118 55 116 22 192 120 100 162 74 80 130 94 
48 105 39 48 124 142 58 82 152 184 186 42 32 116 42 81 101 148 160 118 28 90 152 85 158 117 64 142 134 105 95 128 
72 80 101 156 119 99 43 7 131 86 90 113 124 130 76 101 144 130 155 55 90 104 103 108 130 130 25 85 90 122 159 66 
182 56 100 101 122 82 163 103 166 83 129 159 122 150 143 137 69 84 128 116 152 103 110 88 92 73 24 54 166 55 170 59 
101 105 149 35 70 60 118 113 132 126 141 119 165 49 53 57 25 96 158 22 85 108 88 84 114 64 58 129 124 126 106 68 
99 109 124 109 24 161 185 175 60 55 65 78 49 56 60 99 96 56 117 192 158 130 92 114 86 120 57 170 125 155 156 137 
137 106 79 62 105 22 108 99 181 125 70 78 100 39 126 76 137 64 99 120 117 130 73 64 120 120 133 34 47 112 87 73 
160 142 159 146 33 130 33 114 66 108 106 142 83 45 90 139 103 101 95 100 64 25 24 58 57 133 66 137 113 82 58 90 
106 68 36 75 128 56 117 97 154 103 80 123 155 74 22 128 191 105 27 162 142 85 54 129 170 34 137 148 147 76 10 122 
144 119 116 87 92 129 104 137 124 97 172 111 53 104 39 13 117 90 71 74 134 90 166 124 125 47 113 147 76 89 100 97 
140 73 83 103 119 123 118 76 47 138 96 96 96 77 150 54 126 139 113 80 105 122 55 126 155 112 82 76 89 182 103 138 
87 164 38 170 183 138 80 96 48 105 127 90 127 120 114 131 91 71 142 130 95 159 170 106 156 87 58 10 100 103 26 146 
103 86 89 92 28 90 86 117 104 68 129 124 52 70 87 118 117 99 99 94 128 66 59 68 137 73 90 122 97 138 146 136 