64
14 81 10 99 78 27 12 45 69 48 75 25 74 66 15 52 51 34 68 67 72 86 47 47 58 22 1 91 59 5 100 65 22 73 7 66 41 19 2 13 80 100 48 84 49 42 71 35 26 60 19 44 61 62 44 2 35 88 72 18 54 61 77 41 
24 14 62 44 98 82 3 84 29 96 47 69 18 11 97 84 63 41 77 67 65 58 61 16 90 95 9 49 44 60 84 34 82 7 79 16 65 53 32 44 24 24 13 32 6 27 58 44 27 99 78 7 10 1 43 17 91 83 68 33 38 53 29 26 
91 49 3 84 56 92 11 10 82 87 95 72 90 29 65 10 50 34 31 97 60 65 31 42 41 54 8 80 70 99 60 57 35 90 73 47 53 81 38 72 50 50 2 2 30 34 86 91 80 37 18 29 5 33 61 75 16 38 63 21 31 66 40 61 
37 86 40 57 26 41 37 49 17 34 73 84 14 57 59 80 33 5 7 51 17 19 28 53 13 17 18 76 18 4 13 62 45 1 21 87 3 61 59 60 10 9 95 63 26 66 35 27 53 97 38 57 99 39 45 5 38 72 68 37 37 90 68 100 
89 16 25 84 19 7 69 56 13 82 9 89 20 8 25 84 97 50 87 37 73 67 34 32 16 43 92 84 61 99 25 94 14 63 25 3 63 76 71 66 15 70 88 42 52 52 95 15 6 19 4 95 68 98 41 90 37 3 87 99 70 49 91 80 
3 31 63 75 94 24 69 65 75 4 19 11 46 43 24 1 40 62 19 80 73 74 50 95 16 89 74 42 82 14 43 11 79 78 94 17 84 48 17 95 49 45 46 85 19 90 68 43 6 85 18 67 63 77 4 2 83 56 48 22 94 3 20 21 
16 58 31 34 35 62 34 73 13 36 87 31 21 54 63 47 94 59 6 86 75 66 19 60 61 20 41 79 7 80 31 60 92 77 27 5 57 57 1 70 45 83 37 37 39 23 97 58 7 75 25 73 73 27 10 65 82 61 13 20 77 44 5 3 
57 99 6 2 40 86 53 66 87 87 48 34 33 71 39 32 45 64 23 99 19 20 87 80 90 33 14 55 56 20 8 6 46 5 56 88 19 95 29 96 53 18 97 41 46 75 58 15 38 65 17 42 59 16 35 19 73 8 100 57 84 47 28 36 
82 34 48 57 83 61 97 93 52 6 5 23 18 30 52 7 34 78 25 46 49 48 85 5 16 18 23 27 3 26 37 14 21 81 86 79 5 41 14 58 1 42 61 61 19 85 94 76 45 85 16 61 70 12 25 14 43 100 50 82 7 53 64 31 
57 87 70 45 19 86 65 33 37 32 34 64 5 4 56 32 100 21 6 78 38 13 91 37 84 100 20 91 42 49 20 91 81 13 95 55 32 86 92 32 4 48 26 37 84 30 68 25 61 59 51 100 41 14 38 51 46 86 64 15 32 40 95 99 
17 44 71 36 7 38 32 75 43 21 44 34 62 83 90 33 34 46 53 46 8 74 18 21 41 33 50 81 20 71 63 89 14 70 93 23 87 38 49 97 26 68 72 9 76 29 34 85 89 83 27 64 83 5 3 84 89 43 100 34 46 65 93 32 
77 67 99 63 22 22 44 11 54 94 5 58 62 64 74 91 67 41 98 91 99 83 30 45 79 7 87 58 34 38 80 51 16 33 39 63 79 10 82 84 34 24 92 33 26 28 76 78 84 4 3 58 78 16 97 33 88 99 84 95 35 65 25 76 
75 6 13 58 5 26 33 21 24 13 31 17 80 49 67 80 57 93 100 16 49 37 7 18 83 59 66 79 30 36 15 19 85 80 23 15 39 57 78 43 42 7 48 11 54 100 10 82 38 61 52 6 85 50 54 36 68 16 64 90 53 68 32 33 
41 74 5 65 14 78 62 38 23 50 1 61 59 85 96 28 64 66 62 57 92 25 29 62 85 20 68 55 17 8 99 25 87 34 72 84 51 42 23 15 64 35 7 75 21 7 54 16 98 3 36 53 85 27 98 70 94 37 78 83 37 56 55 69 
94 69 54 74 26 83 42 40 87 99 29 33 1 32 93 65 42 34 91 84 57 99 4 90 74 24 54 21 62 27 6 14 40 90 47 87 54 22 63 72 31 32 69 36 36 44 36 83 65 24 60 70 49 31 15 29 44 44 79 2 64 96 39 62 
49 69 72 37 20 30 49 58 21 52 44 83 30 93 97 47 34 77 23 88 11 7 90 89 86 11 85 88 29 47 61 21 25 7 92 61 36 41 93 90 55 10 74 57 19 2 28 65 36 41 43 91 5 7 47 99 58 59 64 10 11 98 89 100 
3 78 52 55 82 96 19 15 62 98 68 85 11 15 80 84 18 54 8 2 10 44 16 11 46 90 10 15 59 7 67 50 31 21 8 53 28 56 60 52 33 81 16 42 80 74 38 54 64 92 75 74 54 90 4 80 7 26 43 96 61 100 33 55 
23 23 47 30 26 22 31 57 72 85 69 13 91 93 75 57 96 89 76 6 94 62 9 78 48 17 95 58 68 32 53 15 97 41 96 37 4 30 39 98 5 88 42 43 16 29 32 1 37 95 79 83 91 26 48 36 35 7 68 33 89 70 76 46 
43 77 87 36 49 65 87 84 71 89 26 59 6 16 37 79 62 59 22 70 57 97 49 52 90 89 17 37 80 4 52 2 28 66 5 15 10 36 65 53 69 55 91 22 73 11 34 40 17 37 75 76 74 98 67 100 74 100 55 38 24 54 42 30 
2 23 41 82 61 76 96 64 97 69 55 77 91 15 41 82 72 4 8 64 18 9 57 1 78 66 78 34 71 39 20 26 47 17 82 13 36 50 100 44 3 85 38 91 29 40 63 63 77 72 40 58 62 29 94 44 3 10 75 20 98 64 58 75 
8 31 57 59 62 29 63 7 76 8 2 64 62 41 32 20 65 27 82 81 50 20 24 5 10 7 98 52 70 83 76 7 20 4 29 95 70 97 26 76 98 26 35 60 2 72 34 40 15 66 19 34 92 34 86 59 39 29 71 80 18 11 60 80 
56 55 71 81 45 47 2 17 54 54 76 25 47 68 2 32 11 41 79 85 3 38 6 76 87 68 46 26 84 81 28 56 15 76 28 84 23 94 98 73 88 38 88 62 61 11 76 43 56 79 10 9 95 10 56 44 21 35 79 6 26 42 32 28 
92 89 97 27 61 92 15 61 46 92 89 78 35 84 56 48 45 84 29 34 96 71 90 66 75 97 68 30 26 39 76 94 89 3 14 25 17 50 34 22 49 64 20 49 62 34 100 81 68 97 4 75 65 42 56 64 56 16 33 25 9 70 50 58 
87 71 81 72 89 27 74 22 34 82 45 40 35 68 59 56 62 86 54 7 13 59 33 40 33 36 54 67 70 96 5 36 35 90 90 63 37 5 93 86 67 55 87 47 16 13 1 30 93 41 89 57 1 40 21 79 41 19 53 84 29 24 51 1 
63 45 12 44 93 77 52 60 61 27 32 79 48 11 28 18 51 49 40 1 41 96 95 40 26 80 84 13 52 49 94 82 62 64 100 58 14 59 33 72 37 33 89 100 68 25 38 39 5 47 40 31 65 56 7 45 24 28 10 29 12 55 79 46 
81 61 96 45 36 65 29 67 26 53 77 69 46 29 51 19 95 79 20 92 89 99 93 88 70 1 65 8 18 21 92 95 45 80 2 49 41 70 28 52 80 75 53 76 42 26 22 79 63 92 37 21 31 29 22 16 91 85 6 35 7 22 15 2 
9 25 15 50 19 17 45 44 24 79 13 91 87 41 38 55 82 95 26 65 61 99 5 10 22 60 57 88 13 77 49 44 87 95 78 75 54 60 94 60 36 25 3 34 86 100 41 40 100 60 8 81 99 47 9 50 89 6 87 51 42 68 2 29 
18 56 60 70 37 21 84 28 45 21 20 51 39 10 7 23 63 25 85 99 23 4 82 7 42 56 19 30 54 33 17 1 28 97 70 15 8 43 99 19 42 24 37 6 28 92 63 40 35 12 48 84 28 54 82 10 44 84 47 70 39 5 11 46 
72 94 31 61 19 51 90 28 65 42 58 91 100 100 79 12 68 93 67 6 85 69 6 13 21 3 95 60 99 10 55 15 35 54 37 42 75 91 18 64 48 89 8 49 99 30 83 51 79 28 18 12 57 93 99 37 55 50 50 84 17 79 52 15 
47 70 5 8 82 15 4 8 81 43 19 1 23 17 90 64 67 70 64 31 19 86 90 59 27 27 1 15 5 47 44 78 75 44 97 72 49 77 52 24 86 49 92 73 48 53 34 48 59 75 30 1 68 68 9 97 47 53 89 2 59 15 5 18 
77 49 93 55 61 87 98 85 17 18 48 36 76 77 65 30 68 31 80 21 57 60 26 36 28 35 28 65 85 57 65 81 79 88 32 61 55 91 49 41 21 29 35 81 98 94 34 42 38 83 59 66 33 49 73 4 92 3 22 65 23 26 42 56 
44 34 46 57 79 39 2 61 60 34 77 14 65 82 88 32 32 93 64 48 65 85 91 84 91 18 77 46 75 12 56 60 89 100 72 53 9 95 95 3 9 74 11 69 26 23 97 48 73 46 49 38 46 99 34 30 30 72 96 61 76 79 63 29 
75 47 79 5 6 91 31 36 60 2 97 10 45 76 46 35 6 71 10 69 65 66 44 72 34 95 32 46 12 69 46 35 56 72 21 54 41 98 53 53 54 75 79 4 21 75 27 47 94 27 22 32 79 61 29 37 36 5 54 92 11 80 21 79 
24 26 84 21 3 60 80 12 33 56 27 5 38 41 48 1 4 2 50 6 72 100 71 33 42 69 34 73 99 21 94 11 50 61 16 9 65 93 1 29 12 4 71 24 76 24 85 29 21 14 80 49 35 18 14 70 20 96 12 87 42 43 26 51 
86 26 35 65 42 28 85 25 30 72 88 47 23 33 69 70 93 76 76 18 52 40 22 17 89 21 51 52 16 88 45 85 16 68 11 80 27 73 32 69 3 83 12 6 54 23 58 76 20 83 22 22 33 54 54 73 65 28 30 71 24 18 92 83 
56 76 87 80 83 73 26 64 10 95 29 93 93 64 96 23 64 78 51 82 99 77 5 27 76 80 78 24 39 21 23 3 64 90 75 34 15 47 30 53 69 71 76 3 62 94 46 88 74 10 67 32 96 15 76 6 99 11 42 27 43 37 88 62 
34 6 74 46 51 17 96 61 47 45 2 1 64 94 6 62 92 32 57 95 92 9 7 29 57 86 24 47 40 55 30 72 86 59 47 72 65 44 79 12 53 90 58 83 56 93 83 12 97 34 64 99 48 83 84 89 11 67 68 73 18 18 49 60 
45 60 3 23 25 26 93 46 71 40 4 83 72 44 11 37 92 13 6 24 3 100 52 4 84 2 32 52 79 66 74 28 53 36 52 51 2 2 46 42 66 68 73 77 6 32 89 29 71 77 6 94 50 23 46 66 13 46 73 52 91 47 86 22 
48 14 51 20 96 55 45 37 61 42 51 78 64 7 70 29 53 42 100 29 18 40 63 33 79 28 83 75 50 65 72 20 48 51 19 82 22 78 99 99 97 28 89 20 2 18 14 11 23 48 3 17 89 86 84 29 65 54 27 67 74 41 79 76 
66 35 48 11 57 35 90 59 33 89 39 59 51 48 11 98 48 100 64 53 98 71 90 65 97 69 5 27 24 47 8 93 51 8 7 14 18 52 25 31 30 71 20 92 27 46 90 65 10 96 27 44 77 74 82 25 46 25 9 77 89 85 27 60 
1 84 87 92 59 56 6 32 38 28 19 72 61 7 71 85 91 58 10 63 29 47 26 79 93 35 85 77 74 65 73 1 37 51 36 53 75 79 95 5 28 19 96 90 84 37 75 97 57 63 18 45 71 56 68 8 24 11 9 85 11 7 7 13 
11 31 61 48 88 12 72 18 76 19 90 79 77 91 31 51 29 94 2 80 40 77 54 63 37 86 1 5 70 48 90 48 71 86 82 5 33 11 7 38 23 94 2 25 100 88 77 65 80 36 57 84 87 32 87 11 78 59 18 78 9 79 92 67 
29 18 33 37 64 69 39 1 6 79 44 64 78 71 89 86 56 41 88 77 8 55 87 10 37 73 2 90 39 43 6 8 54 39 55 3 14 56 54 61 64 6 72 10 8 82 82 62 51 94 42 20 8 46 98 75 48 51 87 89 29 61 25 80 
2 13 14 12 67 89 37 57 58 32 22 82 77 95 42 22 48 74 49 7 88 88 49 3 63 25 35 22 70 56 39 27 40 27 21 18 69 98 50 68 69 77 90 87 82 49 51 93 59 79 95 80 46 22 12 27 70 27 92 87 42 22 52 40 
28 67 23 73 41 59 28 10 20 30 43 57 52 12 18 37 31 68 88 30 65 39 95 75 64 43 58 16 82 76 44 96 66 40 97 56 26 6 27 28 72 70 35 61 66 6 33 10 81 42 32 61 40 18 70 57 90 70 78 21 91 42 17 38 
40 87 8 61 91 31 28 32 89 3 74 34 51 76 78 80 49 60 12 9 76 25 96 56 64 39 82 5 92 29 4 56 41 5 56 6 71 70 83 84 96 65 14 21 19 99 92 80 84 61 53 34 34 35 1 62 73 76 35 96 78 90 47 94 
45 61 25 86 21 30 51 66 68 28 75 37 29 95 44 34 68 65 63 11 56 76 21 84 1 38 27 7 91 15 34 48 87 69 38 99 19 97 18 12 43 67 85 75 24 76 61 75 47 31 65 71 86 37 27 8 84 6 49 39 62 85 84 10 
67 99 82 25 85 19 61 41 73 21 88 42 73 8 22 1 85 63 71 93 65 74 56 33 58 57 15 97 93 32 61 64 40 74 54 18 19 72 63 25 19 91 50 58 66 53 25 69 28 77 42 55 68 32 92 100 31 30 29 23 94 96 35 58 
66 86 89 74 86 46 31 7 27 75 74 94 34 91 95 27 69 18 81 31 23 87 48 49 46 21 5 87 65 43 88 46 95 30 49 91 81 27 66 28 71 66 97 75 64 44 73 47 91 3 61 96 4 37 26 21 56 23 92 27 78 76 35 45 
93 24 59 72 28 85 27 30 48 27 53 96 40 3 27 26 81 21 72 21 83 10 24 93 2 1 39 85 46 42 70 81 81 39 8 76 51 30 41 24 4 18 1 90 1 4 24 63 51 13 52 27 33 32 49 55 11 50 84 93 83 56 79 93 
26 92 28 79 74 16 3 67 8 98 20 55 19 81 6 29 84 70 99 43 38 19 31 68 45 42 98 35 51 48 38 33 4 47 5 18 97 81 58 63 51 36 41 42 69 14 30 52 23 3 10 67 64 54 40 10 19 11 24 68 41 100 97 41 
47 14 26 35 5 66 11 36 83 57 19 40 58 7 32 89 34 96 65 26 28 38 50 1 24 25 92 54 30 41 55 91 41 73 100 6 68 94 56 53 41 14 83 40 26 62 24 6 60 39 73 25 30 22 32 34 18 56 25 69 71 31 52 36 
54 69 33 65 62 75 86 40 43 44 21 32 36 58 45 76 82 26 4 8 12 28 72 9 14 51 50 61 73 55 66 94 9 14 70 9 72 78 6 73 30 88 57 3 30 65 8 52 46 35 97 31 43 51 37 66 18 20 75 31 20 65 76 19 
98 31 64 4 60 23 79 23 32 64 44 38 38 85 94 44 61 91 79 90 3 97 70 72 21 65 66 97 35 23 5 93 72 51 76 80 52 15 27 33 47 18 44 34 77 90 6 87 68 63 57 74 73 28 98 80 80 45 19 89 20 61 90 93 
87 9 96 74 62 50 6 93 31 10 98 21 7 96 64 77 17 79 15 75 12 46 31 23 23 49 27 19 91 43 23 51 22 80 19 73 31 79 71 74 21 76 89 11 9 23 96 36 10 9 92 57 11 18 17 67 55 72 29 11 94 82 39 7 
71 66 17 94 59 32 55 24 9 54 93 73 14 78 34 58 16 74 1 13 38 92 99 91 23 2 24 6 5 4 60 7 16 63 70 11 59 71 83 41 41 9 52 44 69 92 11 36 67 22 49 43 88 24 61 11 13 19 98 62 79 34 3 38 
38 37 31 6 77 81 75 62 2 41 91 58 33 57 41 15 18 97 26 16 68 45 47 20 90 86 64 26 29 36 46 83 64 78 7 38 8 33 13 41 22 91 24 27 36 95 83 99 52 98 84 95 76 94 95 50 9 95 70 61 83 26 64 13 
8 25 31 22 98 3 14 98 67 14 93 27 82 91 78 1 36 49 97 64 18 28 13 42 67 41 94 82 71 13 90 87 74 14 90 36 99 37 27 95 25 23 57 99 88 36 5 1 71 29 91 96 94 87 27 50 17 48 98 2 51 87 41 24 
6 19 12 86 6 78 79 4 74 20 64 72 61 42 24 13 45 66 86 89 28 30 55 41 14 19 37 24 60 76 64 99 76 46 59 68 59 99 61 95 16 100 16 48 94 84 78 62 43 67 81 49 11 85 38 38 59 63 98 79 77 83 10 56 
14 83 46 11 77 45 8 40 70 50 36 66 96 23 88 90 42 24 68 46 60 43 53 19 51 94 86 90 26 73 40 79 52 9 71 92 44 53 84 8 12 52 25 90 46 11 14 95 53 99 43 60 79 49 23 28 64 75 66 6 75 50 1 85 
93 36 83 33 81 22 69 15 27 97 20 12 38 23 3 2 38 83 42 70 27 29 15 85 68 54 22 31 40 95 33 2 53 47 91 98 53 76 36 91 63 48 3 94 66 50 81 57 48 24 59 58 41 7 13 55 37 1 2 25 82 34 84 63 
16 30 60 77 7 16 17 56 3 57 50 80 82 30 93 21 13 24 5 4 27 7 57 2 27 53 15 28 11 84 48 72 60 22 30 60 27 84 54 55 70 27 53 18 90 67 75 69 31 66 67 61 80 75 95 70 22 94 76 56 28 55 67 73 
63 93 71 32 83 93 39 99 31 52 24 100 30 91 46 59 29 19 31 24 41 41 10 2 67 59 99 23 36 1 7 28 74 23 89 67 8 18 95 14 22 2 79 1 8 25 74 61 43 15 30 42 95 1 48 8 98 31 39 29 63 49 32 54 
17 4 52 47 53 38 28 73 28 31 56 78 96 15 85 92 67 22 97 26 65 26 73 86 92 65 52 47 58 47 95 95 66 85 78 31 5 41 14 12 61 81 56 98 36 65 40 61 84 15 60 99 76 14 47 35 39 41 4 4 95 23 95 60 
106 112 74 47 174 96 67 145 92 149 86 176 166 162 148 145 99 101 97 101 113 74 53 86 49 66 69 112 62 115 58 151 41 117 52 99 129 46 153 39 150 106 111 166 65 84 77 48 127 100 176 132 32 98 94 60 75 35 102 115 124 85 125 72 
112 112 135 65 52 51 84 74 101 139 82 115 139 107 158 51 66 138 77 190 140 54 152 93 101 107 130 163 78 133 157 40 182 61 114 131 72 131 191 168 21 43 103 65 161 43 167 55 118 94 96 89 172 104 136 20 106 120 129 155 134 43 147 176 
74 135 12 121 144 98 76 47 70 61 68 126 57 85 42 171 119 81 77 98 54 119 71 36 118 66 20 102 66 85 76 121 96 185 124 102 25 133 91 56 166 127 87 176 94 115 61 93 118 109 51 164 51 74 138 36 104 173 141 38 95 148 46 107 
47 65 121 174 71 37 169 59 58 108 103 90 110 78 38 110 100 118 154 94 67 63 95 86 47 94 95 115 138 87 70 76 144 60 87 86 77 50 106 47 142 104 99 146 51 78 70 20 92 117 153 109 169 93 87 88 74 7 155 138 70 55 109 109 
174 52 144 71 30 118 154 117 174 70 42 83 70 100 108 112 66 79 143 94 34 50 79 124 47 123 91 65 128 61 130 22 96 82 69 118 172 53 143 80 90 68 150 95 82 144 131 74 82 112 113 145 176 172 129 45 173 45 70 111 114 51 136 96 
96 51 98 37 118 88 100 120 67 121 43 122 27 134 85 52 118 117 82 51 101 135 83 85 163 103 99 60 21 116 107 147 107 137 158 130 152 74 112 158 138 134 78 85 146 61 117 146 49 170 84 116 121 71 119 100 60 133 161 164 51 54 134 88 
67 84 76 169 154 100 54 74 182 160 60 135 110 88 35 87 171 60 123 179 155 117 142 108 169 177 76 42 26 143 39 140 117 115 75 65 151 107 163 119 60 94 131 151 108 100 122 86 80 29 73 125 94 103 115 58 88 54 76 116 131 131 70 130 
145 74 47 59 117 120 74 70 142 90 122 156 143 73 97 127 63 48 104 74 171 122 38 62 116 93 112 150 107 84 88 133 28 72 76 54 100 115 56 93 107 76 120 81 94 42 52 108 125 102 119 40 60 144 36 116 57 63 59 133 103 146 143 144 
92 101 70 58 174 67 182 142 162 117 90 49 25 23 48 152 104 131 19 121 91 184 82 94 97 127 100 168 73 124 107 67 82 46 25 125 102 135 110 193 146 135 131 41 36 171 120 86 37 43 168 77 82 111 100 80 156 62 44 139 69 81 51 118 
149 139 61 108 70 121 160 90 117 196 90 94 178 104 45 159 184 142 45 77 88 87 94 67 186 130 174 102 63 98 128 55 112 115 42 166 37 111 134 90 124 128 123 152 106 157 66 136 126 45 77 114 74 68 166 116 122 141 57 83 102 113 57 64 
86 82 68 103 42 43 60 122 90 90 54 70 103 190 97 171 127 119 62 76 61 105 98 69 84 59 51 50 190 117 63 88 114 157 138 70 156 105 94 128 137 16 35 103 86 100 132 91 84 126 93 159 128 143 64 37 78 115 96 116 171 120 129 103 
176 115 126 90 83 122 135 156 49 94 70 10 121 67 113 55 176 104 87 69 131 160 144 103 60 34 16 136 172 5 69 53 98 134 108 59 57 96 90 76 70 100 79 112 75 129 103 61 57 143 76 113 156 85 109 166 87 105 41 86 119 114 166 151 
166 139 57 110 70 27 110 143 25 178 103 121 188 137 126 75 120 116 120 108 80 155 159 89 59 81 155 94 120 141 127 125 120 107 167 110 82 71 107 109 36 49 190 90 154 164 67 173 95 160 113 21 112 48 155 178 110 87 157 92 104 168 100 131 
162 107 85 78 100 134 88 73 23 104 190 67 137 170 115 175 73 70 61 197 84 85 131 87 78 58 7 72 19 176 94 74 76 35 8 80 120 120 110 65 73 130 96 45 67 108 32 100 123 98 52 74 137 71 126 66 178 107 76 87 108 42 124 125 
148 158 42 38 108 85 35 97 48 45 97 113 126 115 40 133 131 108 190 96 62 79 122 54 101 107 121 100 123 141 128 118 141 54 133 133 90 144 66 93 113 123 85 149 72 64 101 142 70 137 165 112 125 127 108 107 90 110 95 153 162 145 34 141 
145 51 171 110 112 52 87 127 152 159 171 55 75 175 133 38 145 49 141 134 138 95 119 30 126 161 61 28 129 122 86 104 182 124 152 54 115 82 86 68 175 5 140 135 17 126 26 65 112 50 93 112 61 108 70 171 119 130 122 106 109 133 109 140 
99 66 119 100 66 118 171 63 104 184 127 176 120 73 131 145 168 96 188 137 69 126 101 60 99 69 60 139 118 75 56 89 45 172 68 30 50 175 120 111 113 90 93 102 107 123 102 50 158 60 86 116 84 129 160 67 117 86 118 90 66 100 131 145 
101 138 81 118 79 117 60 48 131 142 119 104 116 70 108 49 96 78 121 142 105 20 111 125 162 78 56 22 145 146 133 57 71 115 133 56 114 54 152 82 126 182 89 192 31 111 180 179 131 42 128 50 141 58 96 169 21 94 39 172 82 8 60 112 
97 77 77 154 143 82 123 104 19 45 62 87 120 61 190 141 188 121 62 33 157 111 145 138 14 84 116 49 104 120 190 77 74 81 107 100 38 111 94 166 86 100 76 122 102 116 43 96 158 64 139 69 118 104 154 133 130 180 90 91 39 100 82 58 
101 190 98 94 94 51 179 74 121 77 76 69 108 197 96 134 137 142 33 192 142 80 99 118 99 95 60 75 126 91 89 24 83 108 89 97 142 168 102 10 117 30 55 47 130 100 52 100 135 98 120 104 96 123 46 91 109 183 121 114 153 88 105 123 
113 140 54 67 34 101 155 171 91 88 61 131 80 84 62 138 69 105 157 142 122 146 39 79 195 75 71 98 137 150 97 159 117 127 132 100 155 110 113 158 59 143 66 90 43 104 57 152 36 169 43 141 180 87 153 145 64 105 100 118 103 58 128 115 
74 54 119 63 50 135 117 122 184 87 105 160 155 85 79 95 126 20 111 80 146 164 94 79 9 83 165 65 114 132 121 40 111 149 50 87 145 31 130 39 140 165 78 52 81 107 122 53 178 100 113 35 77 28 164 64 20 112 104 194 135 94 150 59 
53 152 71 95 79 83 142 38 82 94 98 144 159 131 122 119 101 111 145 99 39 94 130 87 42 123 87 7 153 107 107 92 40 161 174 174 148 47 137 137 117 59 55 69 115 104 90 59 154 84 122 124 36 109 98 167 100 80 67 106 144 162 179 65 
86 93 36 86 124 85 108 62 94 67 69 103 89 87 54 30 60 125 138 118 79 79 87 56 164 144 78 111 60 65 62 66 106 52 147 99 184 105 178 137 54 52 48 37 179 78 148 120 88 101 132 136 86 150 52 75 36 113 165 60 45 63 105 65 
49 101 118 47 47 163 169 116 97 186 84 60 59 78 101 126 99 162 14 99 195 9 42 164 6 28 100 33 109 64 57 56 150 21 160 64 139 91 98 60 112 42 45 153 26 158 121 94 151 54 156 93 97 41 70 81 181 86 144 60 34 133 144 135 
66 107 66 94 123 103 177 93 127 130 59 34 81 58 107 161 69 78 84 95 75 83 123 144 28 192 143 109 128 131 180 88 123 67 106 124 125 44 109 40 129 175 141 58 81 119 128 148 127 34 154 101 126 93 130 151 81 77 119 143 80 58 57 165 
69 130 20 95 91 99 76 112 100 174 51 16 155 7 121 61 60 56 116 60 71 165 87 78 100 143 20 78 101 90 132 117 60 75 170 65 77 88 59 50 189 187 119 69 90 39 139 141 18 146 95 73 95 77 65 130 79 80 187 97 56 150 130 68 
112 163 102 115 65 60 42 150 168 102 50 136 94 72 100 28 139 22 49 75 98 65 7 111 33 109 78 72 132 76 125 183 96 136 8 166 134 76 119 161 76 67 160 104 84 133 53 28 54 112 124 89 77 110 90 114 107 117 46 110 47 56 77 75 
62 78 66 138 128 21 26 107 73 63 190 172 120 19 123 129 118 145 104 126 137 114 153 60 109 128 101 132 64 118 70 60 141 46 126 141 96 137 189 162 69 67 61 80 131 75 147 80 115 69 115 97 96 112 52 147 170 106 138 149 134 70 58 93 
115 133 85 87 61 116 143 84 124 98 117 5 141 176 141 122 75 146 120 91 150 132 107 65 64 131 90 76 118 196 33 141 136 136 127 94 90 61 22 76 84 57 164 39 64 124 62 106 113 96 95 58 85 103 55 162 23 61 54 60 135 132 96 189 
58 157 76 70 130 107 39 88 107 128 63 69 127 94 128 86 56 133 190 89 97 121 107 62 57 180 132 125 70 33 142 132 112 132 90 132 106 30 99 107 80 69 147 109 70 153 90 114 145 161 80 116 84 105 148 119 61 59 89 88 81 113 174 65 
151 40 121 76 22 147 140 133 67 55 88 53 125 74 118 104 89 57 77 24 159 40 92 66 56 88 117 183 60 141 132 114 110 77 71 94 150 173 108 163 99 18 108 50 71 151 80 41 102 41 117 113 91 64 110 33 71 86 90 51 122 125 56 123 
41 182 96 144 96 107 117 28 82 112 114 98 120 76 141 182 45 71 74 83 117 111 40 106 150 123 60 96 141 136 112 110 16 104 90 58 156 179 152 42 91 127 152 166 147 136 130 173 111 24 45 67 33 41 101 197 45 108 185 117 91 164 154 133 
117 61 185 60 82 137 115 72 46 115 157 134 107 35 54 124 172 115 81 108 127 149 161 52 21 67 75 136 46 136 132 77 104 86 88 125 108 39 157 56 95 91 184 166 91 65 138 101 139 60 124 107 138 68 104 156 115 141 104 84 83 50 48 173 
52 114 124 87 69 158 75 76 25 42 138 108 167 8 133 152 68 133 107 89 132 50 174 147 160 106 170 8 126 127 90 71 90 88 170 103 73 129 122 73 121 131 121 133 91 133 153 87 67 52 36 159 90 77 135 86 47 138 138 57 126 35 124 143 
99 131 102 86 118 130 65 54 125 166 70 59 110 80 133 54 30 56 100 97 100 87 174 99 64 124 65 166 141 94 132 94 58 125 103 152 59 67 80 25 169 161 80 67 47 30 143 67 118 168 128 76 72 174 105 101 53 62 101 166 145 105 77 100 
129 72 25 77 172 152 151 100 102 37 156 57 82 120 90 115 50 114 38 142 155 145 148 184 139 125 77 134 96 90 106 150 156 108 73 59 122 9 181 147 41 44 96 101 100 135 131 111 90 92 40 82 113 144 111 25 9 66 175 60 89 95 178 49 
46 131 133 50 53 74 107 115 135 111 105 96 71 120 144 82 175 54 111 168 110 31 47 105 91 44 88 76 137 61 30 173 179 39 129 67 9 128 146 106 83 129 108 62 68 130 88 95 130 97 69 115 50 76 94 66 87 157 105 84 64 58 122 115 
153 191 91 106 143 112 163 56 110 134 94 90 107 110 66 86 120 152 94 102 113 130 137 178 98 109 59 119 189 22 99 108 152 157 122 80 181 146 12 90 104 34 96 139 100 34 56 144 151 30 172 65 55 90 107 26 82 197 130 86 126 104 85 85 
39 168 56 47 80 158 119 93 193 90 128 76 109 65 93 68 111 82 166 10 158 39 137 137 60 40 50 161 162 76 107 163 42 56 73 25 147 106 90 138 135 48 159 93 65 68 160 195 155 110 38 91 60 140 82 138 80 147 112 173 106 92 57 135 
150 21 166 142 90 138 60 107 146 124 137 70 36 73 113 175 113 126 86 117 59 140 117 54 112 129 189 76 69 84 80 99 91 95 121 169 41 83 104 135 66 126 45 120 161 136 109 116 135 134 185 136 102 47 83 108 86 54 28 168 143 58 101 70 
106 43 127 104 68 134 94 76 135 128 16 100 49 130 123 5 90 182 100 30 143 165 59 52 42 175 187 67 67 57 69 18 127 91 131 161 44 129 34 48 126 4 175 130 132 63 140 112 55 108 53 167 69 63 48 50 70 160 59 129 128 98 30 108 
111 103 87 99 150 78 131 120 131 123 35 79 190 96 85 140 93 89 76 55 66 78 55 48 45 141 119 160 61 164 147 108 152 184 121 80 96 108 96 159 45 175 54 167 116 129 85 82 163 144 119 93 78 111 30 175 83 144 130 140 83 125 105 117 
166 65 176 146 95 85 151 81 41 152 103 112 90 45 149 135 102 192 122 47 90 52 69 37 153 58 69 104 80 39 109 50 166 166 133 67 101 62 139 93 120 130 167 198 133 117 81 133 145 148 96 119 128 131 87 74 52 143 101 32 118 129 67 60 
65 161 94 51 82 146 108 94 36 106 86 75 154 67 72 17 107 31 102 130 43 81 115 179 26 81 90 84 131 64 70 71 147 91 91 47 100 68 100 65 161 132 116 133 122 150 138 76 93 78 101 162 113 123 66 140 127 58 141 159 159 116 42 59 
84 43 115 78 144 61 100 42 171 157 100 129 164 108 64 126 123 111 116 100 104 107 104 78 158 119 39 133 75 124 153 151 136 65 133 30 135 130 34 68 136 63 129 117 150 44 152 75 130 86 166 131 143 90 147 65 80 83 139 103 108 97 17 177 
77 167 61 70 131 117 122 52 120 66 132 103 67 32 101 26 102 180 43 52 57 122 90 148 121 128 139 53 147 62 90 80 130 138 153 143 131 88 56 160 109 140 85 81 138 152 98 89 77 97 49 72 92 83 43 93 76 77 77 121 111 24 19 61 
48 55 93 20 74 146 86 108 86 136 91 61 173 100 142 65 50 179 96 100 152 53 59 120 94 148 141 28 80 106 114 41 173 101 87 67 111 95 144 195 116 112 82 133 76 75 89 134 126 133 125 86 59 57 89 129 47 152 89 94 108 12 112 107 
127 118 118 92 82 49 80 125 37 126 84 57 95 123 70 112 158 131 158 135 36 178 154 88 151 127 18 54 115 113 145 102 111 139 67 118 90 130 151 155 135 55 163 145 93 130 77 126 96 104 113 143 30 97 115 140 144 73 125 96 97 138 82 116 
100 94 109 117 112 170 29 102 43 45 126 143 160 98 137 50 60 42 64 98 169 100 84 101 54 34 146 112 69 96 161 41 24 60 52 168 92 97 30 110 134 108 144 148 78 86 97 133 104 44 96 111 114 123 46 166 128 101 60 102 55 37 107 180 
176 96 51 153 113 84 73 119 168 77 93 76 113 52 165 93 86 128 139 120 43 113 122 132 156 154 95 124 115 95 80 117 45 124 36 128 40 69 172 38 185 53 119 96 101 166 49 125 113 96 98 95 116 167 42 119 33 76 114 60 60 121 93 108 
132 89 164 109 145 116 125 40 77 114 159 113 21 74 112 112 116 50 69 104 141 35 124 136 93 101 73 89 97 58 116 113 67 107 159 76 82 115 65 91 136 167 93 119 162 131 72 86 143 111 95 76 99 110 139 99 112 86 151 44 139 44 110 133 
32 172 51 169 176 121 94 60 82 74 128 156 112 137 125 61 84 141 118 96 180 77 36 86 97 126 95 77 96 85 84 91 33 138 90 72 113 50 55 60 102 69 78 128 113 143 92 59 30 114 116 99 34 136 82 152 142 82 53 53 94 93 50 138 
98 104 74 93 172 71 103 144 111 68 143 85 48 71 127 108 129 58 104 123 87 28 109 150 41 93 77 110 112 103 105 64 41 68 77 174 144 76 90 140 47 63 111 131 123 90 83 57 97 123 167 110 136 38 186 109 127 168 44 95 126 65 80 114 
94 136 138 87 129 119 115 36 100 166 64 109 155 126 108 70 160 96 154 46 153 164 98 52 70 130 65 90 52 55 148 110 101 104 135 105 111 94 107 82 83 48 30 87 66 147 43 89 115 46 42 139 82 186 152 19 111 98 134 164 92 117 70 77 
60 20 36 88 45 100 58 116 80 116 37 166 178 66 107 171 67 169 133 91 145 64 167 75 81 151 130 114 147 162 119 33 197 156 86 101 25 66 26 138 108 50 175 74 140 65 93 129 140 166 119 99 152 109 19 192 131 106 119 97 79 173 150 92 
75 106 104 74 173 60 88 57 156 122 78 87 110 178 90 119 117 21 130 109 64 20 100 36 181 81 79 107 170 23 61 71 45 115 47 53 9 87 82 80 86 70 83 52 127 80 76 47 144 128 33 112 142 127 111 131 150 111 151 168 109 60 185 36 
35 120 173 7 45 133 54 63 62 141 115 105 87 107 110 130 86 94 180 183 105 112 80 113 86 77 80 117 106 61 59 86 108 141 138 62 66 157 197 147 54 160 144 143 58 83 77 152 73 101 76 86 82 168 98 106 111 104 72 37 192 31 119 112 
102 129 141 155 70 161 76 59 44 57 96 41 157 76 95 122 118 39 90 121 100 104 67 165 144 119 187 46 138 54 89 90 185 104 138 101 175 105 130 112 28 59 130 101 141 139 77 89 125 60 114 151 53 44 134 119 151 72 42 126 133 61 121 126 
115 155 38 138 111 164 116 133 139 83 116 86 92 87 153 106 90 172 91 114 118 194 106 60 60 143 97 110 149 60 88 51 117 84 57 166 60 84 86 173 168 129 140 32 159 103 121 94 96 102 60 44 53 95 164 97 168 37 126 112 77 95 40 56 
124 134 95 70 114 51 131 103 69 102 171 119 104 108 162 109 66 82 39 153 103 135 144 45 34 80 56 47 134 135 81 122 91 83 126 145 89 64 126 106 143 128 83 118 159 108 111 108 97 55 60 139 94 126 92 79 109 192 133 77 74 134 52 103 
85 43 148 55 51 54 131 146 81 113 120 114 168 42 145 133 100 8 100 88 58 94 162 63 133 58 150 56 70 132 113 125 164 50 35 105 95 58 104 92 58 98 125 129 116 97 24 12 138 37 121 44 93 65 117 173 60 31 61 95 134 38 25 70 
125 147 46 109 136 134 70 143 51 57 129 166 100 124 34 109 131 60 82 105 128 150 179 105 144 57 130 77 58 96 174 56 154 48 124 77 178 122 85 57 101 30 105 67 42 17 19 112 82 107 93 110 50 80 70 150 185 119 121 40 52 25 166 113 
72 176 107 109 96 88 130 144 118 64 103 151 131 125 141 140 145 112 58 123 115 59 65 65 135 165 68 75 93 189 65 123 133 173 143 100 49 115 85 135 70 108 117 60 59 177 61 107 116 180 108 133 138 114 77 92 36 112 126 56 103 70 113 52 