16
10 1 5 1 1 5 9 1 3 4 8 3 5 1 9 2 
1 6 10 1 5 9 4 7 4 1 5 4 2 3 7 9 
9 5 1 9 9 7 6 2 2 2 8 6 7 8 9 9 
3 4 5 8 10 4 8 8 9 5 2 3 7 3 4 1 
1 7 2 7 6 2 9 4 10 10 1 10 3 3 9 3 
1 9 1 10 5 5 10 10 8 3 7 8 4 4 9 4 
8 2 5 4 9 5 9 1 6 7 1 10 1 4 5 3 
7 2 6 6 2 5 10 7 2 6 8 5 5 2 1 1 
2 3 10 4 5 2 2 6 8 9 1 3 2 8 3 4 
3 4 2 4 5 4 8 8 4 3 1 7 9 1 9 5 
9 5 5 4 8 4 5 7 7 4 9 8 10 10 3 7 
5 10 5 9 7 9 5 8 6 9 8 9 3 2 2 2 
2 9 3 3 4 2 1 1 3 5 8 3 6 7 10 7 
10 1 3 4 6 8 8 4 9 9 8 9 10 7 9 10 
8 1 7 5 7 10 4 9 9 10 5 8 7 2 8 10 
5 5 8 8 7 1 2 8 7 9 3 7 8 6 9 9 
154 106 155 24 138 72 118 111 109 182 32 162 65 99 125 86 
106 144 44 147 51 131 22 31 110 43 99 88 66 109 171 124 
155 44 134 105 102 112 137 60 74 145 43 111 118 112 129 99 
24 147 105 110 103 59 101 161 72 94 105 103 103 119 65 46 
138 51 102 103 48 114 40 108 90 23 99 59 28 99 107 136 
72 131 112 59 114 56 124 81 88 73 109 42 131 15 124 35 
118 22 137 101 40 124 162 132 135 148 138 121 102 117 55 190 
111 31 60 161 108 81 132 200 95 104 109 70 55 62 101 109 
109 110 74 72 90 88 135 95 40 105 96 115 105 119 123 118 
182 43 145 94 23 73 148 104 105 10 161 108 124 54 118 30 
32 99 43 105 99 109 138 109 96 161 134 117 37 47 134 98 
162 88 111 103 59 42 121 70 115 108 117 12 81 64 100 63 
65 66 118 103 28 131 102 55 105 124 37 81 112 95 107 166 
99 109 112 119 99 15 117 62 119 54 47 64 95 194 139 70 
125 171 129 65 107 124 55 101 123 118 134 100 107 139 160 49 
86 124 99 46 136 35 190 109 118 30 98 63 166 70 49 38 