64
8 5 4 8 10 10 2 5 2 3 4 9 2 6 2 3 9 9 1 3 7 6 6 4 8 10 10 1 1 3 10 6 1 5 6 6 6 10 4 9 3 7 9 9 2 6 3 10 2 3 6 3 4 9 5 9 2 6 5 1 4 1 9 7 
1 1 3 2 5 6 3 9 2 5 2 10 4 1 4 6 9 10 10 5 1 6 8 9 5 1 10 6 2 3 10 3 10 8 7 5 6 4 9 9 7 6 2 8 7 5 6 1 9 2 7 7 2 4 10 7 9 3 7 1 6 7 9 5 
1 7 1 8 1 1 8 4 10 3 8 2 7 7 2 5 4 3 7 1 2 6 2 2 2 4 4 1 10 4 9 9 1 6 10 5 5 6 6 4 10 2 3 4 2 7 1 7 10 1 4 4 3 1 7 5 8 5 5 10 3 2 4 6 
9 8 1 10 3 3 3 2 3 7 5 5 8 5 6 5 10 10 4 7 8 6 6 5 6 8 9 6 1 4 2 5 4 6 10 5 7 10 9 10 9 3 4 10 2 8 4 2 4 4 9 4 9 6 3 5 5 1 9 2 8 1 1 4 
2 6 6 1 6 9 3 2 1 1 7 6 10 2 7 7 2 10 10 1 8 9 4 7 2 3 7 5 10 4 1 7 5 10 8 6 5 1 3 10 3 2 10 6 3 3 9 2 2 8 7 4 5 1 2 6 9 1 6 4 2 2 9 6 
10 6 7 3 10 2 3 7 10 6 10 7 6 1 5 1 7 10 5 6 7 10 9 10 4 5 2 8 4 7 9 3 3 4 3 4 3 8 4 9 9 5 2 3 6 7 4 3 6 10 7 6 2 7 9 4 10 6 8 2 4 7 8 5 
6 1 2 2 9 7 8 2 2 6 4 3 7 9 8 6 5 10 1 5 3 1 2 2 1 9 1 2 2 1 9 2 8 6 10 3 8 7 7 7 4 4 5 1 5 10 5 5 4 1 5 2 8 9 5 10 5 2 4 2 2 8 9 7 
5 2 4 1 8 1 1 6 1 4 9 8 3 3 10 8 7 7 4 10 1 6 8 1 3 4 1 6 6 10 6 7 10 7 4 6 4 2 4 1 2 3 10 6 7 9 9 4 8 4 10 9 9 6 8 6 10 4 7 5 4 8 4 3 
4 1 1 1 3 6 1 5 6 7 8 8 2 3 2 2 8 5 7 5 7 5 8 6 7 5 7 3 1 3 5 4 9 5 8 1 1 8 3 3 2 10 3 2 7 1 7 8 7 9 4 5 4 6 2 3 7 3 6 9 9 1 4 10 
3 7 10 3 1 10 8 2 3 4 10 7 5 9 2 9 9 4 6 5 8 6 3 7 9 10 4 8 10 2 1 6 8 7 3 1 4 5 9 10 6 2 10 9 9 9 6 4 1 9 2 6 6 6 2 1 8 2 5 8 5 4 9 9 
7 7 2 6 5 1 8 3 6 4 1 2 5 7 5 2 3 8 1 9 6 3 3 9 9 5 9 7 1 8 10 9 5 7 2 1 9 9 9 7 6 8 10 7 10 6 10 9 6 8 4 8 9 2 5 1 3 6 8 1 2 1 3 4 
1 5 1 6 4 8 4 3 8 9 9 2 5 4 2 4 6 5 10 8 7 10 6 2 10 6 9 5 8 5 4 1 4 9 7 10 7 7 7 7 1 2 4 4 6 1 5 7 5 10 7 1 6 3 4 2 1 8 5 4 1 2 9 9 
5 5 5 7 8 8 5 10 5 2 2 1 2 1 6 8 10 2 6 7 10 1 10 2 2 8 5 4 4 2 4 9 8 6 1 2 9 1 6 6 6 7 10 9 4 1 4 6 9 6 6 5 3 10 8 3 10 7 1 2 10 2 7 8 
5 7 10 9 9 2 3 7 3 5 2 4 6 1 7 6 2 5 1 5 4 3 4 1 8 9 3 10 4 4 6 4 9 10 5 6 4 8 2 3 6 8 6 9 6 10 10 8 8 3 9 1 1 2 1 10 9 8 2 10 10 8 6 9 
10 1 10 2 3 2 1 7 6 10 10 10 7 6 1 10 7 7 10 1 5 5 6 9 1 4 8 9 3 4 7 9 8 1 10 4 8 5 7 8 6 8 2 9 8 9 10 3 7 10 8 3 3 6 4 2 4 5 1 2 4 7 9 3 
4 4 1 6 9 10 4 9 6 10 6 2 6 8 8 3 6 3 3 7 6 6 6 4 6 2 3 6 4 5 9 7 3 10 7 5 4 1 4 2 1 5 3 7 6 2 6 1 8 6 1 6 10 6 4 1 10 6 1 9 6 8 8 2 
6 9 5 1 7 1 6 5 3 10 9 3 2 3 5 4 2 1 10 10 10 1 7 6 8 1 6 4 4 10 2 9 1 10 9 8 3 4 6 10 7 8 2 7 10 8 5 4 9 2 1 5 2 3 10 10 10 8 2 3 4 2 10 10 
9 6 7 6 4 3 8 7 10 8 8 3 7 1 9 8 4 2 3 2 2 8 3 2 7 10 9 5 4 8 10 10 3 6 3 7 3 7 10 9 7 6 4 5 1 9 5 4 3 10 5 6 1 6 3 1 10 5 4 9 3 10 4 2 
2 10 9 3 3 8 9 4 7 2 6 3 8 3 5 9 10 4 6 4 1 9 8 1 2 3 8 1 9 3 6 4 5 9 5 7 5 3 7 3 8 8 7 4 9 3 7 7 6 1 7 3 1 4 3 3 3 1 6 9 5 3 5 2 
3 3 1 1 2 2 2 10 2 8 6 4 7 8 5 3 1 10 6 3 1 6 4 4 10 1 2 6 9 3 3 6 5 9 5 5 5 10 4 3 8 6 8 1 7 7 5 6 10 8 9 10 5 5 8 7 1 5 7 7 2 4 8 2 
6 10 7 6 9 8 3 5 5 8 7 9 4 8 3 1 10 8 4 10 7 3 2 8 9 8 6 7 3 10 3 7 8 1 8 4 1 10 1 6 1 2 8 4 4 10 4 2 3 4 10 7 1 3 2 5 7 8 10 1 2 2 10 3 
9 7 7 3 9 7 8 4 5 9 8 6 3 6 10 4 5 8 10 5 6 3 3 1 6 8 8 2 9 9 5 5 8 2 1 5 5 1 10 4 1 10 6 7 9 3 4 4 3 10 3 5 9 7 3 6 6 1 1 3 9 2 10 3 
8 7 10 7 10 7 6 5 6 7 5 9 1 1 1 4 10 5 3 5 10 7 2 3 7 8 10 2 4 1 1 6 5 6 4 5 6 8 5 7 3 1 9 5 4 2 6 7 2 10 10 3 2 2 1 6 9 2 7 5 6 7 1 5 
4 6 3 10 8 5 7 6 5 6 5 6 8 9 3 1 8 10 6 6 8 3 3 2 4 5 10 2 1 6 9 4 9 10 5 9 3 6 2 4 7 10 5 8 8 2 1 10 3 2 1 9 7 7 9 3 5 4 7 2 7 3 2 9 
3 7 4 7 1 4 10 2 3 9 2 1 3 10 4 5 3 7 6 2 7 1 7 2 3 2 9 1 2 5 4 3 1 2 4 5 8 1 4 8 6 7 8 9 2 2 4 8 4 3 8 1 9 9 8 10 9 1 4 10 9 5 10 2 
2 4 8 2 7 2 3 3 6 9 7 1 7 4 5 4 6 10 9 3 3 10 8 5 4 2 8 2 2 6 8 10 4 1 8 10 8 7 5 10 4 10 9 1 3 3 5 6 1 8 7 7 10 4 5 1 1 2 5 2 7 9 3 3 
3 8 10 2 3 4 8 5 10 4 10 7 5 4 10 1 7 7 8 4 2 8 7 6 1 4 2 10 7 4 5 3 6 3 6 1 8 9 6 3 2 9 10 10 3 1 8 10 3 6 9 9 2 9 10 3 5 8 1 2 8 1 8 1 
5 4 6 4 7 9 5 3 4 1 2 4 7 6 3 4 5 4 10 9 10 1 7 5 5 7 8 2 1 7 6 3 9 1 4 5 6 6 10 4 8 5 1 10 3 3 3 8 10 9 3 2 7 10 10 7 5 6 5 8 4 2 2 9 
7 6 5 1 10 9 1 1 8 6 1 7 2 8 2 1 6 6 4 4 4 8 1 5 4 1 6 9 10 3 1 1 1 9 9 3 9 2 1 4 10 3 7 3 2 2 9 2 8 5 6 6 6 10 8 1 1 5 9 8 1 5 2 3 
9 2 10 10 5 4 1 9 8 3 8 10 7 1 8 9 1 6 9 6 9 1 3 4 9 10 3 8 1 9 9 10 6 10 1 1 10 2 2 9 4 3 9 7 9 6 5 6 10 7 5 1 10 6 10 4 5 1 10 7 7 10 6 4 
8 10 5 4 7 8 9 7 5 1 5 6 8 9 3 9 6 6 3 5 9 2 3 4 2 1 10 7 8 6 9 9 1 4 9 5 8 7 2 5 2 9 9 1 1 8 3 7 10 5 7 3 9 10 9 4 9 2 8 4 5 10 1 10 
7 7 9 3 1 9 3 6 6 9 9 5 3 1 8 5 9 6 1 3 4 5 1 4 5 3 3 7 2 2 2 10 4 2 2 1 1 7 3 10 3 2 7 10 6 10 4 6 1 2 10 3 8 7 10 5 4 6 7 2 6 7 7 7 
7 8 9 4 3 3 3 4 7 10 3 6 8 1 7 1 5 5 9 7 7 3 7 9 9 5 8 4 10 6 8 6 5 8 1 7 4 8 5 10 5 3 7 8 2 9 5 8 3 4 2 1 9 3 7 8 10 3 5 5 9 9 8 3 
10 3 6 7 4 6 3 1 7 10 9 7 7 6 2 8 9 3 6 3 6 2 5 3 2 8 7 7 7 10 3 9 7 8 1 1 4 4 6 2 4 3 6 2 5 3 3 7 1 6 1 4 2 2 4 3 8 5 7 2 8 7 1 9 
9 6 7 8 9 3 3 2 4 1 6 9 1 7 8 6 10 7 3 6 1 7 7 5 2 8 10 8 5 7 1 8 8 8 7 9 8 8 9 3 9 7 4 3 9 3 8 5 8 5 5 4 7 5 4 7 10 8 6 1 10 4 1 10 
5 3 7 3 8 7 4 1 7 4 3 5 2 8 1 7 10 7 8 7 7 4 5 10 2 6 7 4 1 8 7 6 3 5 2 7 4 9 1 4 10 2 7 3 5 3 8 10 3 8 8 3 3 4 8 9 9 2 6 1 6 9 1 3 
5 1 4 4 10 1 1 3 2 5 1 9 7 8 8 5 2 7 10 2 3 2 5 10 8 1 9 4 1 10 7 6 3 1 1 8 9 8 2 8 9 5 2 2 6 5 3 1 9 8 7 3 6 9 6 8 3 3 10 6 9 8 10 8 
6 5 7 8 10 2 7 7 5 7 7 2 7 7 8 4 9 5 7 6 2 4 9 3 7 4 4 8 8 6 2 6 5 1 10 7 3 5 4 4 3 1 6 9 6 4 9 3 6 9 6 8 9 8 5 8 4 7 10 3 8 1 7 3 
5 6 2 10 4 3 1 9 1 3 9 7 1 8 3 10 3 1 3 5 1 1 5 2 8 5 9 1 6 10 10 4 3 1 5 8 7 9 10 5 3 2 2 7 9 10 1 6 9 4 6 4 7 5 5 5 4 6 2 4 1 1 9 4 
5 1 5 2 4 9 10 1 10 7 3 6 9 2 5 7 4 3 9 6 6 5 4 8 6 4 7 3 3 5 7 3 7 1 5 10 4 3 8 8 7 4 3 6 8 2 2 9 9 10 1 8 9 4 8 2 6 9 2 2 5 3 4 7 
2 1 7 5 8 6 1 3 7 2 5 8 10 3 10 10 4 3 3 8 5 5 7 5 8 8 7 6 6 9 7 6 4 1 4 5 5 7 8 3 4 9 5 10 7 5 1 6 7 9 3 3 8 7 5 2 9 8 1 2 6 5 2 7 
6 2 6 2 7 5 3 8 4 6 2 7 8 10 5 2 9 6 7 6 9 8 4 5 3 7 10 10 1 1 1 6 5 4 4 8 5 6 1 1 8 6 7 6 7 5 6 1 9 3 2 5 1 10 4 1 2 5 6 6 7 9 5 2 
6 6 9 3 8 4 6 9 7 9 5 8 8 6 4 8 3 1 3 8 3 10 1 3 8 9 8 7 7 2 10 7 7 3 3 5 3 1 2 5 5 8 9 6 10 8 9 9 9 6 3 5 6 2 2 3 7 3 4 7 5 5 7 4 
7 1 5 9 4 5 6 5 2 5 6 3 5 4 3 6 10 4 4 2 9 8 4 7 1 6 6 4 10 8 9 5 8 2 1 1 10 4 8 9 4 1 10 8 1 1 8 3 5 3 1 10 1 10 8 2 2 5 9 6 4 6 3 1 
7 4 8 2 9 9 9 3 9 3 9 9 9 3 3 4 5 5 9 3 2 2 2 1 2 1 1 1 3 7 2 4 6 10 7 6 5 7 9 7 1 2 2 6 5 5 10 6 5 2 3 6 10 1 2 2 3 9 3 3 8 7 2 7 
1 1 10 9 2 10 3 1 2 4 4 6 10 3 2 2 2 7 7 3 5 6 7 10 10 4 4 4 3 1 2 1 7 1 10 2 6 6 8 2 4 1 10 9 5 9 2 6 2 6 6 6 1 5 3 7 9 1 3 6 9 3 7 6 
6 6 7 10 4 8 7 4 6 2 1 7 7 4 2 1 4 4 7 10 8 1 10 8 3 7 4 4 5 9 8 8 7 2 2 3 3 1 1 6 1 5 3 6 9 9 5 7 2 3 1 7 8 6 6 6 10 3 5 3 7 9 5 5 
6 1 2 10 3 1 3 5 1 7 4 1 8 5 7 7 1 5 9 8 4 2 2 4 3 10 10 9 5 5 6 2 7 1 8 8 9 8 7 3 4 5 5 3 9 2 10 10 7 4 3 3 10 8 4 8 5 6 8 10 1 1 1 8 
10 3 10 3 6 1 9 4 6 8 7 6 10 4 6 5 1 3 1 7 4 8 10 5 4 6 6 10 2 2 5 7 7 4 8 10 1 9 5 5 3 4 6 6 2 1 2 9 2 6 6 5 3 8 9 10 4 8 9 9 8 7 1 8 
9 2 1 3 10 7 5 1 9 2 8 10 1 4 3 2 4 1 4 4 4 9 3 3 9 5 2 10 1 2 10 7 5 7 8 7 7 9 2 2 2 4 9 2 9 3 5 1 8 1 5 6 10 9 4 7 9 1 5 1 2 5 2 1 
3 3 8 3 1 7 5 4 8 8 3 6 1 9 3 7 5 2 10 4 10 2 6 7 10 1 6 8 7 5 9 3 8 3 9 6 4 1 8 7 5 5 2 4 1 4 3 3 10 9 9 4 4 10 8 5 4 10 7 8 4 6 9 10 
8 9 10 2 6 10 6 5 9 3 1 2 10 10 10 8 1 4 10 4 5 5 7 10 5 7 5 1 6 2 2 7 3 2 9 3 1 10 6 10 1 3 9 6 9 10 1 4 9 9 4 5 7 8 5 10 2 3 4 8 4 4 1 10 
10 5 7 1 9 4 5 3 7 7 7 8 6 2 5 3 1 1 5 4 7 9 3 3 7 1 9 4 9 9 6 5 6 9 4 6 7 6 6 6 10 6 8 8 1 7 10 9 7 2 6 7 10 6 5 6 6 5 5 8 10 4 8 7 
6 9 10 5 8 3 7 4 10 8 5 3 2 2 5 9 2 9 6 1 7 1 4 6 7 10 9 5 2 2 5 7 6 6 2 9 9 9 10 2 4 4 6 10 10 5 9 1 10 7 7 6 3 8 10 7 8 7 9 7 10 3 3 10 
8 9 1 7 9 1 3 1 10 1 3 1 7 6 4 8 2 7 10 1 8 10 3 5 7 5 3 9 9 4 7 5 6 4 9 1 5 9 4 1 2 7 1 8 7 7 1 2 9 10 5 4 6 7 3 6 1 7 8 6 3 3 8 10 
1 10 9 8 10 5 10 4 3 6 4 7 3 3 10 3 1 3 6 4 1 5 8 4 5 5 3 8 9 1 1 5 4 9 7 10 7 5 1 2 10 2 2 1 3 3 6 5 2 7 9 5 8 9 6 8 5 3 5 5 4 4 10 3 
3 1 7 3 10 2 1 6 3 2 2 7 7 2 3 1 7 2 3 6 10 1 4 5 6 1 3 8 6 1 7 5 3 4 7 8 7 8 1 4 1 8 7 4 3 7 4 1 6 1 4 7 6 6 8 7 7 2 5 9 4 7 3 6 
9 6 4 2 7 2 1 1 8 1 6 8 3 9 6 5 5 1 10 1 5 9 8 3 7 2 5 3 9 7 6 6 3 7 9 4 4 9 7 4 5 3 7 8 7 2 3 1 3 5 6 6 7 8 2 8 2 1 3 7 5 7 8 2 
3 8 6 8 2 10 2 1 7 8 8 8 4 4 4 2 1 5 6 10 8 6 9 4 2 1 1 2 10 10 8 9 2 2 3 3 7 6 2 3 1 1 8 1 9 4 3 6 3 4 5 5 2 5 7 3 2 5 7 7 8 8 9 9 
1 7 6 3 7 3 7 8 10 7 3 6 3 1 8 4 10 4 8 7 10 7 8 8 7 8 1 8 8 1 6 2 1 9 8 2 7 9 10 7 7 5 5 2 3 8 7 7 9 7 2 9 10 10 2 5 9 1 10 3 8 5 4 9 
6 3 4 8 9 6 3 5 6 7 9 1 4 2 10 9 3 6 10 5 4 7 1 10 10 4 3 2 1 1 10 4 4 4 9 1 6 10 2 6 3 3 1 5 7 8 10 1 1 9 5 10 4 3 3 1 10 4 3 1 2 7 2 8 
5 2 3 4 4 4 10 9 3 7 1 7 4 3 7 10 9 8 2 4 7 6 2 4 9 3 6 10 5 6 10 9 4 6 9 7 2 2 8 5 5 6 1 8 8 5 1 5 2 1 10 6 1 7 9 2 7 4 7 3 4 1 2 1 
6 3 10 7 4 4 3 3 6 6 7 4 7 5 1 7 7 4 2 9 7 4 5 8 4 9 3 6 1 8 1 10 9 5 7 5 9 8 3 5 3 3 3 1 4 7 3 1 3 5 8 4 7 10 4 6 6 3 2 6 9 5 3 10 
9 1 2 8 5 1 10 7 1 8 5 4 1 4 5 3 3 5 9 6 9 6 2 8 10 2 1 1 6 5 10 4 8 4 5 6 5 4 1 9 5 7 10 3 9 4 4 5 6 3 8 4 8 2 7 7 6 9 10 3 5 8 8 7 
102 83 25 151 78 57 179 127 117 105 74 153 82 80 135 62 111 109 86 166 111 143 86 31 133 150 118 108 60 138 54 100 53 132 73 47 108 116 159 59 56 76 59 88 113 52 153 60 107 81 70 115 140 90 131 24 84 72 99 165 131 106 106 144 
83 116 98 82 105 67 146 92 57 99 38 79 88 174 101 139 167 68 64 22 101 141 126 64 128 49 78 173 85 47 16 72 159 119 58 128 122 81 174 134 55 75 84 66 100 120 53 39 158 89 137 132 159 119 25 8 103 133 139 105 169 117 44 82 
25 98 30 114 45 111 100 52 74 113 111 70 93 106 109 55 110 60 164 141 105 120 135 113 171 162 71 163 129 111 119 171 127 108 46 80 152 66 113 110 106 147 78 85 94 132 141 115 128 68 114 186 108 121 64 47 106 144 132 66 144 54 88 131 
151 82 114 106 105 146 65 141 98 46 150 137 161 126 85 174 121 137 183 103 51 128 112 114 155 143 122 32 93 54 100 125 92 138 156 165 157 77 158 102 173 55 77 95 79 89 154 115 52 103 62 63 53 110 108 55 8 100 124 87 139 56 58 149 
78 105 45 105 106 42 135 85 100 130 112 93 99 145 125 97 90 133 145 173 84 101 135 142 38 184 71 105 141 136 73 20 112 88 156 89 120 113 138 150 101 82 103 91 99 38 185 38 53 49 182 158 63 122 162 132 119 138 129 84 25 64 108 47 
57 67 111 146 42 68 125 53 136 79 78 109 28 82 138 93 177 113 49 85 96 110 108 27 54 52 83 119 121 90 55 91 66 140 134 161 94 83 48 132 53 56 149 50 69 157 83 16 60 89 82 27 165 101 129 119 77 142 170 156 135 121 101 111 
179 146 100 65 135 125 62 97 74 95 89 110 20 60 104 148 34 101 113 95 93 111 96 125 87 53 61 42 103 163 83 169 89 89 96 109 152 73 120 118 50 144 93 76 86 124 119 72 121 106 69 76 104 40 97 170 87 114 34 123 58 101 101 77 
127 92 52 141 85 53 97 12 128 99 57 136 75 138 16 75 79 34 113 112 48 153 124 49 161 136 54 76 90 27 95 83 85 112 65 142 61 167 89 59 88 109 150 50 127 51 89 181 108 102 96 96 84 69 47 73 53 63 55 90 40 110 105 107 
117 57 74 98 100 136 74 128 166 182 91 90 93 100 88 125 157 90 111 59 96 97 104 194 86 36 56 89 57 21 72 67 150 72 60 113 37 123 5 120 92 18 88 120 128 98 51 44 136 14 136 23 45 146 86 118 84 88 171 82 72 78 125 109 
105 99 113 46 130 79 95 99 182 70 144 85 41 94 30 34 17 128 24 67 162 68 98 51 109 58 103 61 83 173 103 69 7 117 99 161 67 37 122 122 165 128 54 73 104 85 91 114 146 121 109 151 56 87 29 117 119 136 61 26 79 189 127 99 
74 38 111 150 112 78 89 57 91 144 170 95 84 125 57 118 81 131 115 128 69 74 49 184 56 13 165 62 35 61 101 34 127 99 76 82 126 152 139 188 99 86 75 161 131 96 140 61 58 122 128 143 17 113 65 148 177 146 151 65 99 98 98 151 
153 79 70 137 93 109 110 136 90 85 95 158 116 80 177 60 182 84 85 114 64 65 82 97 96 104 109 98 37 105 54 95 67 126 48 91 67 102 101 74 94 64 49 71 72 169 66 32 62 120 37 140 161 41 39 133 56 130 80 114 107 111 151 149 
82 88 93 161 99 28 20 75 93 41 84 116 108 62 103 160 160 86 40 127 125 92 139 157 99 75 112 175 78 40 121 82 24 106 147 99 140 152 99 166 195 46 72 92 159 71 90 109 36 84 58 143 105 134 182 82 130 104 117 93 55 91 126 62 
80 174 106 126 145 82 60 138 100 94 125 80 62 6 139 58 126 81 161 80 98 88 126 178 73 104 120 88 56 95 150 39 114 84 187 98 92 58 138 33 42 9 51 141 91 42 27 37 104 112 88 59 159 62 172 124 109 107 128 120 179 104 162 117 
135 101 109 85 125 138 104 16 88 30 57 177 103 139 104 51 60 99 94 95 124 47 106 119 65 58 47 88 99 149 68 26 106 99 157 126 169 162 10 85 48 66 92 44 84 90 67 160 159 97 128 46 157 111 146 84 55 142 116 32 90 42 106 62 
62 139 55 174 97 93 148 75 125 34 118 60 160 58 51 68 80 158 132 19 86 126 147 88 141 93 120 81 51 123 155 91 69 89 172 90 73 103 91 70 111 102 154 175 145 123 130 112 93 105 39 69 82 110 97 97 108 53 32 52 94 93 90 130 
111 167 110 121 90 177 34 79 157 17 81 182 160 126 60 80 116 91 42 173 87 95 44 105 124 107 49 121 120 137 66 90 124 82 101 95 155 124 62 103 115 160 186 99 77 119 38 58 90 90 129 74 153 118 116 166 127 118 74 20 105 72 124 171 
109 68 60 137 133 113 101 34 90 128 131 84 86 81 99 158 91 26 97 132 124 74 160 73 132 183 48 130 156 85 145 56 95 113 148 77 103 176 64 111 117 152 152 128 93 95 161 119 90 41 138 114 77 96 83 114 42 77 58 141 49 83 101 27 
86 64 164 183 145 49 113 113 111 24 115 85 40 161 94 132 42 97 158 53 123 125 48 88 158 123 121 103 131 78 107 82 159 71 161 124 45 179 131 48 42 110 79 140 38 89 91 29 134 71 48 108 30 44 134 139 38 160 59 132 49 68 98 114 
166 22 141 103 173 85 95 112 59 67 128 114 127 80 95 19 173 132 53 190 184 74 106 170 97 128 98 88 170 12 108 88 75 138 168 101 135 107 109 162 194 101 25 44 42 35 79 113 74 105 127 50 122 115 102 90 46 79 153 50 145 58 68 96 
111 101 105 51 84 96 93 48 96 162 69 64 125 98 124 86 87 124 123 184 76 74 34 81 30 114 112 65 191 155 19 159 104 79 39 131 132 143 101 84 24 101 163 124 175 165 121 28 76 100 79 97 100 104 135 46 119 88 97 95 110 101 115 85 
143 141 120 128 101 110 111 153 97 68 74 65 92 88 47 126 95 74 125 74 74 50 75 115 130 103 195 89 78 133 190 82 116 73 149 59 43 75 33 108 5 36 111 40 66 94 127 139 162 60 101 32 92 84 116 142 64 141 139 43 172 101 84 123 
86 126 135 112 135 108 96 124 104 98 49 82 139 126 106 147 44 160 48 106 34 75 6 131 167 149 79 50 81 61 159 121 89 146 170 98 65 110 6 42 154 125 170 94 151 36 153 116 77 104 127 58 154 104 113 155 103 83 134 89 113 64 113 83 
31 64 113 114 142 27 125 49 194 51 184 97 157 178 119 88 105 73 88 170 81 115 131 156 95 124 156 41 135 116 100 22 109 93 132 130 107 82 66 109 67 43 172 153 81 89 142 66 105 78 131 85 114 106 105 129 120 93 87 108 147 111 135 104 
133 128 171 155 38 54 87 161 86 109 56 96 99 73 65 141 124 132 158 97 30 130 167 95 10 102 146 109 48 95 100 28 125 71 145 112 103 150 74 114 132 64 90 64 141 39 181 104 60 133 45 130 98 110 99 114 73 152 97 96 192 128 76 77 
150 49 162 143 184 52 53 136 36 58 13 104 75 104 58 93 107 183 123 128 114 103 149 124 102 146 148 63 61 72 100 104 134 93 89 117 16 162 39 132 28 124 103 80 100 110 105 117 107 108 55 139 100 127 15 14 128 68 40 84 37 48 86 132 
118 78 71 122 71 83 61 54 56 103 165 109 112 120 47 120 49 48 121 98 112 195 79 156 146 148 166 159 163 147 158 156 87 119 28 37 121 134 130 160 115 104 65 32 97 81 84 161 71 156 84 98 60 125 142 145 106 101 62 94 72 83 146 169 
108 173 163 32 105 119 42 76 89 61 62 98 175 88 88 81 121 130 103 88 65 89 50 41 109 63 159 118 162 111 148 89 181 86 134 185 121 149 105 75 75 85 182 143 147 170 76 105 73 68 48 104 102 72 165 147 125 126 42 108 103 110 136 94 
60 85 129 93 141 121 103 90 57 83 35 37 78 56 99 51 120 156 131 170 191 78 81 135 48 61 163 162 32 115 102 61 106 127 41 186 104 98 68 123 57 28 164 82 119 43 104 53 55 43 166 75 120 118 71 111 75 106 82 183 116 119 60 104 
138 47 111 54 136 90 163 27 21 173 61 105 40 95 149 123 137 85 78 12 155 133 61 116 95 72 147 111 115 52 106 156 154 125 62 21 90 188 109 121 92 122 74 82 32 115 136 110 85 93 90 166 136 19 144 94 188 79 90 69 107 142 103 98 
54 16 119 100 73 55 83 95 72 103 101 54 121 150 68 155 66 145 107 108 19 190 159 100 100 100 158 148 102 106 70 187 33 47 133 94 77 85 57 123 69 73 62 105 65 53 145 99 166 71 97 174 154 26 52 23 62 166 89 147 132 88 70 49 
100 72 171 125 20 91 169 83 67 69 34 95 82 39 26 91 90 56 82 88 159 82 121 22 28 104 156 89 61 156 187 178 151 77 132 77 159 135 61 69 103 147 176 148 90 92 134 78 110 170 92 146 54 97 61 89 83 176 73 45 148 167 20 93 
53 159 127 92 112 66 89 85 150 7 127 67 24 114 106 69 124 95 159 75 104 116 89 109 125 134 87 181 106 154 33 151 38 115 145 39 112 109 118 72 140 113 102 88 104 99 112 165 123 144 45 98 156 97 195 76 91 160 149 102 130 136 57 86 
132 119 108 138 88 140 89 112 72 117 99 126 106 84 99 89 82 113 71 138 79 73 146 93 71 93 119 86 127 125 47 77 115 12 91 58 5 96 96 136 99 93 108 115 39 79 107 135 78 94 156 117 111 37 116 109 144 76 54 124 109 55 120 174 
73 58 46 156 156 134 96 65 60 99 76 48 147 187 157 172 101 148 161 168 39 149 170 132 145 89 28 134 41 62 133 132 145 91 30 150 100 100 26 88 140 124 143 72 88 72 46 75 179 135 155 116 178 110 51 151 62 43 41 75 55 14 123 47 
47 128 80 165 89 161 109 142 113 161 82 91 99 98 126 90 95 77 124 101 131 59 98 130 112 117 37 185 186 21 94 77 39 58 150 124 134 113 60 82 111 76 41 152 161 113 102 74 137 40 34 105 66 62 146 42 62 19 44 33 124 190 123 55 
108 122 152 157 120 94 152 61 37 67 126 67 140 92 169 73 155 103 45 135 132 43 65 107 103 16 121 121 104 90 77 159 112 5 100 134 114 69 112 68 48 146 20 63 101 84 180 100 172 119 109 148 118 75 118 87 89 110 82 100 30 64 80 114 
116 81 66 77 113 83 73 167 123 37 152 102 152 58 162 103 124 176 179 107 143 75 110 82 150 162 134 149 98 188 85 135 109 96 100 113 69 114 141 148 66 122 102 84 66 140 64 125 155 117 81 155 154 135 173 82 68 67 95 177 147 105 22 126 
159 174 113 158 138 48 120 89 5 122 139 101 99 138 10 91 62 64 131 109 101 33 6 66 74 39 130 105 68 109 57 61 118 96 26 60 112 141 12 91 80 125 109 79 134 51 85 186 173 121 115 122 39 104 96 48 158 163 40 124 108 112 122 156 
59 134 110 102 150 132 118 59 120 122 188 74 166 33 85 70 103 111 48 162 84 108 42 109 114 132 160 75 123 121 123 69 72 136 88 82 68 148 91 2 105 152 84 160 51 89 103 141 107 159 36 31 186 154 178 136 104 119 79 88 47 116 38 79 
56 55 106 173 101 53 50 88 92 165 99 94 195 42 48 111 115 117 42 194 24 5 154 67 132 28 115 75 57 92 69 103 140 99 140 111 48 66 80 105 12 145 157 176 145 165 186 50 73 122 164 61 163 116 85 94 138 127 142 78 77 53 39 92 
76 75 147 55 82 56 144 109 18 128 86 64 46 9 66 102 160 152 110 101 101 36 125 43 64 124 104 85 28 122 73 147 113 93 124 76 146 122 125 152 145 164 90 147 71 152 44 64 28 83 183 50 88 98 74 134 55 81 48 113 119 112 76 85 
59 84 78 77 103 149 93 150 88 54 75 49 72 51 92 154 186 152 79 25 163 111 170 172 90 103 65 182 164 74 62 176 102 108 143 41 20 102 109 84 157 90 24 72 123 58 97 139 95 114 113 85 70 44 101 72 98 84 138 146 129 69 97 93 
88 66 85 95 91 50 76 50 120 73 161 71 92 141 44 175 99 128 140 44 124 40 94 153 64 80 32 143 82 82 105 148 88 115 72 152 63 84 79 160 176 147 72 130 56 79 107 183 84 141 162 135 124 155 6 91 20 101 141 69 106 59 121 57 
113 100 94 79 99 69 86 127 128 104 131 72 159 91 84 145 77 93 38 42 175 66 151 81 141 100 97 147 119 32 65 90 104 39 88 161 101 66 134 51 145 71 123 56 36 98 146 149 145 73 147 143 90 140 127 81 102 132 172 56 134 74 154 115 
52 120 132 89 38 157 124 51 98 85 96 169 71 42 90 123 119 95 89 35 165 94 36 89 39 110 81 170 43 115 53 92 99 79 72 113 84 140 51 89 165 152 58 79 98 104 116 151 38 142 39 95 63 92 32 118 60 113 66 97 174 131 62 144 
153 53 141 154 185 83 119 89 51 91 140 66 90 27 67 130 38 161 91 79 121 127 153 142 181 105 84 76 104 136 145 134 112 107 46 102 180 64 85 103 186 44 97 107 146 116 70 165 85 52 144 121 107 101 92 88 132 131 49 29 119 67 55 127 
60 39 115 115 38 16 72 181 44 114 61 32 109 37 160 112 58 119 29 113 28 139 116 66 104 117 161 105 53 110 99 78 165 135 75 74 100 125 186 141 50 64 139 183 149 151 165 12 93 115 49 131 88 87 79 88 132 75 124 131 107 137 94 91 
107 158 128 52 53 60 121 108 136 146 58 62 36 104 159 93 90 90 134 74 76 162 77 105 60 107 71 73 55 85 166 110 123 78 179 137 172 155 173 107 73 28 95 84 145 38 85 93 32 87 83 126 127 72 70 33 133 86 137 69 159 154 131 91 
81 89 68 103 49 89 106 102 14 121 122 120 84 112 97 105 90 41 71 105 100 60 104 78 133 108 156 68 43 93 71 170 144 94 135 40 119 117 121 159 122 83 114 141 73 142 52 115 87 76 133 80 152 197 29 85 146 150 47 136 49 121 84 167 
70 137 114 62 182 82 69 96 136 109 128 37 58 88 128 39 129 138 48 127 79 101 127 131 45 55 84 48 166 90 97 92 45 156 155 34 109 81 115 36 164 183 113 162 147 39 144 49 83 133 108 183 106 87 72 101 74 121 142 116 116 54 138 40 
115 132 186 63 158 27 76 96 23 151 143 140 143 59 46 69 74 114 108 50 97 32 58 85 130 139 98 104 75 166 174 146 98 117 116 105 148 155 122 31 61 50 85 135 143 95 121 131 126 80 183 4 80 147 91 46 66 65 92 146 112 70 130 78 
140 159 108 53 63 165 104 84 45 56 17 161 105 159 157 82 153 77 30 122 100 92 154 114 98 100 60 102 120 136 154 54 156 111 178 66 118 154 39 186 163 88 70 124 90 63 107 88 127 152 106 80 182 126 88 127 19 199 35 92 49 132 11 143 
90 119 121 110 122 101 40 69 146 87 113 41 134 62 111 110 118 96 44 115 104 84 104 106 110 127 125 72 118 19 26 97 97 37 110 62 75 135 104 154 116 98 44 155 140 92 101 87 72 197 87 147 126 190 88 84 51 171 83 102 134 103 158 115 
131 25 64 108 162 129 97 47 86 29 65 39 182 172 146 97 116 83 134 102 135 116 113 105 99 15 142 165 71 144 52 61 195 116 51 146 118 173 96 178 85 74 101 6 127 32 92 79 70 29 72 91 88 88 8 87 123 126 108 110 71 125 76 104 
24 8 47 55 132 119 170 73 118 117 148 133 82 124 84 97 166 114 139 90 46 142 155 129 114 14 145 147 111 94 23 89 76 109 151 42 87 82 48 136 94 134 72 91 81 118 88 88 33 85 101 46 127 84 87 106 77 116 148 85 71 45 80 43 
84 103 106 8 119 77 87 53 84 119 177 56 130 109 55 108 127 42 38 46 119 64 103 120 73 128 106 125 75 188 62 83 91 144 62 62 89 68 158 104 138 55 98 20 102 60 132 132 133 146 74 66 19 51 123 77 128 71 54 98 130 115 46 104 
72 133 144 100 138 142 114 63 88 136 146 130 104 107 142 53 118 77 160 79 88 141 83 93 152 68 101 126 106 79 166 176 160 76 43 19 110 67 163 119 127 81 84 101 132 113 131 75 86 150 121 65 199 171 126 116 71 184 42 151 90 96 116 88 
99 139 132 124 129 170 34 55 171 61 151 80 117 128 116 32 74 58 59 153 97 139 134 87 97 40 62 42 82 90 89 73 149 54 41 44 82 95 40 79 142 48 138 141 172 66 49 124 137 47 142 92 35 83 108 148 54 42 112 74 48 49 67 130 
165 105 66 87 84 156 123 90 82 26 65 114 93 120 32 52 20 141 132 50 95 43 89 108 96 84 94 108 183 69 147 45 102 124 75 33 100 177 124 88 78 113 146 69 56 97 29 131 69 136 116 146 92 102 110 85 98 151 74 60 134 81 116 135 
131 169 144 139 25 135 58 40 72 79 99 107 55 179 90 94 105 49 49 145 110 172 113 147 192 37 72 103 116 107 132 148 130 109 55 124 30 147 108 47 77 119 129 106 134 174 119 107 159 49 116 112 49 134 71 71 130 90 48 134 156 113 65 97 
106 117 54 56 64 121 101 110 78 189 98 111 91 104 42 93 72 83 68 58 101 101 64 111 128 48 83 110 119 142 88 167 136 55 14 190 64 105 112 116 53 112 69 59 74 131 67 137 154 121 54 70 132 103 125 45 115 96 49 81 113 62 56 97 
106 44 88 58 108 101 101 105 125 127 98 151 126 162 106 90 124 101 98 68 115 84 113 135 76 86 146 136 60 103 70 20 57 120 123 123 80 22 122 38 39 76 97 121 154 62 55 94 131 84 138 130 11 158 76 80 46 116 67 116 65 56 42 107 
144 82 131 149 47 111 77 107 109 99 151 149 62 117 62 130 171 27 114 96 85 123 83 104 77 132 169 94 104 98 49 93 86 174 47 55 114 126 156 79 92 85 93 57 115 144 127 91 91 167 40 78 143 115 104 43 104 88 130 135 97 97 107 90 