32
9 5 9 6 4 4 10 2 6 6 1 9 5 7 5 5 8 2 5 10 9 9 7 4 5 2 7 1 7 9 6 4 
3 2 3 7 2 5 7 6 1 4 3 9 2 7 3 5 8 1 4 9 9 9 10 8 9 7 5 3 7 3 1 9 
1 8 3 3 7 4 7 8 6 4 7 9 8 7 2 6 1 4 6 1 9 6 1 3 6 6 9 9 1 4 8 7 
9 9 6 10 8 2 10 7 10 8 6 10 3 1 7 4 9 4 6 5 3 8 5 3 5 9 8 4 8 7 10 3 
6 2 3 4 8 8 5 4 9 5 4 5 2 5 4 9 9 5 4 2 8 10 3 7 6 10 3 2 3 6 10 7 
7 6 9 10 6 10 10 8 2 6 7 1 5 9 3 8 5 6 2 4 2 1 10 9 3 1 7 1 3 4 2 5 
8 7 6 3 7 7 2 3 9 8 9 1 10 10 6 3 9 2 6 3 10 9 4 5 3 3 7 8 6 6 9 5 
3 10 4 3 6 1 3 9 8 2 7 9 10 6 7 4 8 5 3 9 5 3 9 10 8 6 9 5 10 4 6 1 
8 7 10 7 8 1 4 4 1 6 5 1 7 8 6 9 9 2 10 6 6 9 1 6 2 8 4 10 2 4 10 5 
4 4 2 3 6 6 3 5 9 3 10 6 10 4 10 3 10 5 6 9 6 6 1 4 9 6 10 10 7 4 3 3 
8 1 10 8 9 10 6 6 2 2 1 8 10 1 1 2 3 5 6 1 1 9 3 8 3 9 6 5 9 1 8 5 
2 5 4 4 1 10 5 1 2 10 5 8 8 10 5 5 6 3 3 6 8 9 1 6 4 4 1 5 4 5 9 1 
3 3 6 4 1 6 9 2 8 5 3 2 9 7 9 9 5 3 8 8 4 4 1 1 2 9 10 1 2 2 5 9 
3 10 1 10 4 9 9 5 8 2 2 8 8 3 3 3 9 3 3 5 3 10 5 6 7 2 3 5 7 3 6 1 
4 10 5 8 9 2 10 6 9 3 10 5 7 9 7 4 7 5 8 1 1 7 6 8 4 5 3 5 4 9 10 2 
2 6 10 4 7 10 2 2 7 8 7 10 7 10 4 5 4 10 7 2 2 7 8 1 5 4 8 6 5 5 3 4 
6 6 6 5 1 5 4 7 4 8 3 5 10 10 8 9 4 2 5 4 6 6 5 4 2 6 4 9 6 1 10 9 
5 9 9 6 3 3 6 5 1 7 10 7 5 6 2 9 9 7 9 8 6 5 2 4 3 6 9 3 9 5 8 2 
8 6 5 9 3 8 7 3 7 8 6 8 1 6 3 8 2 3 10 6 2 2 6 7 10 5 4 8 9 10 4 9 
5 6 9 4 9 6 5 7 8 10 10 1 4 7 1 6 10 5 6 6 7 7 9 7 9 5 3 10 8 3 6 1 
5 6 3 10 4 6 8 9 3 7 8 9 3 1 5 10 6 6 5 1 10 5 3 10 1 5 10 5 7 7 8 10 
4 6 6 8 1 5 8 7 7 3 7 7 8 9 10 9 8 1 2 5 7 3 5 7 1 5 5 10 5 1 7 1 
5 5 8 7 10 4 2 1 3 5 6 6 6 8 9 7 1 8 4 8 9 5 1 6 10 4 7 2 3 6 6 7 
4 5 1 9 1 8 2 7 3 10 6 3 8 9 5 1 1 1 4 6 8 3 7 1 10 7 5 7 9 9 5 7 
9 4 9 10 2 10 9 1 10 7 10 1 7 2 9 6 6 9 5 4 10 9 10 8 10 7 2 5 7 4 6 10 
3 6 10 9 6 1 7 1 6 8 10 7 8 10 6 2 3 3 10 5 5 5 7 1 8 1 3 1 6 8 10 6 
9 5 7 3 4 4 8 5 8 10 4 4 9 10 9 5 10 8 2 1 1 7 3 9 9 4 6 6 1 8 2 5 
1 10 6 2 1 9 2 3 2 4 1 7 9 5 1 3 8 7 8 10 2 4 4 2 3 10 6 3 5 7 2 2 
8 2 6 3 3 6 3 1 9 6 1 4 4 1 2 8 10 3 8 5 5 7 5 1 2 4 6 5 3 1 10 4 
2 3 8 10 6 6 2 9 8 4 9 2 6 1 2 5 9 1 8 6 7 1 1 3 9 3 5 2 1 7 2 7 
3 5 9 6 1 8 8 7 3 10 1 4 9 5 5 7 1 3 2 5 3 1 2 10 6 3 7 7 6 5 2 6 
7 7 3 10 8 2 1 7 9 4 1 2 6 5 10 1 6 6 8 8 7 3 10 3 2 3 5 9 7 4 4 2 
144 139 98 118 67 107 199 65 73 73 72 169 107 114 79 77 70 85 99 121 106 60 120 89 90 86 42 11 57 145 111 102 
139 84 140 101 72 67 124 113 167 79 97 31 161 154 103 126 92 94 111 75 130 165 105 84 107 45 139 70 91 153 105 87 
98 140 6 58 90 52 162 115 58 105 68 157 103 37 179 13 197 99 108 41 95 167 116 75 95 149 57 124 93 161 53 53 
118 101 58 10 91 117 126 121 57 179 126 125 110 117 119 74 133 144 100 180 120 143 118 94 102 165 87 79 60 128 131 110 
67 72 90 91 18 73 150 71 123 31 92 181 65 117 115 108 73 59 179 137 80 100 133 125 93 81 170 28 115 110 22 133 
107 67 52 117 73 42 184 147 177 78 102 168 101 54 73 47 131 99 75 95 68 116 95 56 112 85 49 92 98 84 113 144 
199 124 162 126 150 184 20 140 40 151 41 88 40 135 188 81 69 54 110 178 147 118 91 83 156 47 87 120 120 100 89 119 
65 113 115 121 71 147 140 96 107 83 139 76 121 47 77 78 80 96 60 121 166 94 132 142 103 148 131 132 101 112 56 116 
73 167 58 57 123 177 40 107 158 72 98 126 11 100 85 100 122 158 44 142 64 61 191 98 81 95 82 137 162 158 94 178 
73 79 105 179 31 78 151 83 72 34 105 88 134 48 77 84 163 69 146 132 118 76 103 49 162 89 74 97 116 174 125 108 
72 97 68 126 92 102 41 139 98 105 182 111 130 81 84 81 88 28 131 52 164 49 108 42 83 47 65 105 84 120 87 142 
169 31 157 125 181 168 88 76 126 88 111 94 79 91 107 37 80 51 133 83 126 30 173 47 88 113 75 94 99 58 36 90 
107 161 103 110 65 101 40 121 11 134 130 79 52 101 24 91 113 64 60 68 70 84 148 142 165 93 144 56 101 127 125 73 
114 154 37 117 117 54 135 47 100 48 81 91 101 184 81 30 85 65 143 104 142 72 133 61 186 37 109 132 82 63 69 42 
79 103 179 119 115 73 188 77 85 77 84 107 24 81 52 113 162 120 143 60 170 142 115 32 104 160 128 152 145 60 77 177 
77 126 13 74 108 47 81 78 100 84 81 37 91 30 113 14 158 111 132 67 132 130 91 178 97 115 138 27 146 104 95 81 
70 92 197 133 73 131 69 80 122 163 88 80 113 85 162 158 58 147 148 66 56 150 143 130 63 196 96 72 87 47 77 96 
85 94 99 144 59 99 54 96 158 69 28 51 64 65 120 111 147 158 107 124 125 21 61 88 66 96 69 106 109 120 132 132 
99 111 108 100 179 75 110 60 44 146 131 133 60 143 143 132 148 107 114 53 63 75 89 95 77 77 81 153 46 109 169 39 
121 75 41 180 137 95 178 121 142 132 52 83 68 104 60 67 66 124 53 62 76 130 86 50 95 11 167 109 127 133 103 126 
106 130 95 120 80 68 147 166 64 118 164 126 70 142 170 132 56 125 63 76 200 21 113 63 195 79 124 63 74 91 126 151 
60 165 167 143 100 116 118 94 61 76 49 30 84 72 142 130 150 21 75 130 21 160 76 101 114 13 142 159 121 47 3 100 
120 105 116 118 133 95 91 132 191 103 108 173 148 133 115 91 143 61 89 86 113 76 194 62 110 68 116 95 98 130 97 144 
89 84 75 94 125 56 83 142 98 49 42 47 142 61 32 178 130 88 95 50 63 101 62 36 93 57 71 54 63 63 109 133 
90 107 95 102 93 112 156 103 81 162 83 88 165 186 104 97 63 66 77 95 195 114 110 93 110 115 175 24 95 59 178 131 
86 45 149 165 81 85 47 148 95 89 47 113 93 37 160 115 196 96 77 11 79 13 68 57 115 102 88 93 133 15 94 49 
42 139 57 87 170 49 87 131 82 74 65 75 144 109 128 138 96 69 81 167 124 142 116 71 175 88 128 68 174 59 62 190 
11 70 124 79 28 92 120 132 137 97 105 94 56 132 152 27 72 106 153 109 63 159 95 54 24 93 68 90 50 53 74 61 
57 91 93 60 115 98 120 101 162 116 84 99 101 82 145 146 87 109 46 127 74 121 98 63 95 133 174 50 66 122 110 167 
145 153 161 128 110 84 100 112 158 174 120 58 127 63 60 104 47 120 109 133 91 47 130 63 59 15 59 53 122 44 106 64 
111 105 53 131 22 113 89 56 94 125 87 36 125 69 77 95 77 132 169 103 126 3 97 109 178 94 62 74 110 106 164 71 
102 87 53 110 133 144 119 116 178 108 142 90 73 42 177 81 96 132 39 126 151 100 144 133 131 49 190 61 167 64 71 24 