16
23 87 78 38 64 30 85 70 50 42 96 65 83 35 73 39 
80 41 83 88 11 67 10 87 15 73 42 58 74 62 13 53 
70 35 38 23 61 41 44 87 87 62 5 66 58 89 9 37 
54 1 10 48 7 83 52 23 33 6 44 63 81 92 7 25 
57 90 54 13 75 84 53 50 75 29 56 81 75 55 54 64 
33 56 19 14 78 43 15 24 34 69 54 30 43 15 11 71 
67 87 98 74 50 45 13 57 64 54 89 67 59 41 89 40 
29 73 88 99 93 22 50 49 77 53 58 67 28 76 34 100 
63 4 97 66 51 25 79 67 84 71 5 60 44 76 85 85 
37 31 73 93 78 74 95 43 53 52 47 5 41 65 56 65 
28 33 59 60 76 41 38 93 52 25 6 31 62 69 81 66 
43 7 48 9 52 75 57 55 60 76 98 25 10 90 22 50 
45 8 76 50 71 47 85 30 42 47 78 50 47 52 13 90 
15 62 29 12 16 70 58 74 82 97 77 32 94 51 27 13 
39 30 35 63 6 52 1 36 11 67 58 95 22 82 47 62 
21 86 63 47 14 47 74 91 22 3 80 29 50 19 29 73 
14 34 65 90 173 89 154 128 185 105 148 87 113 3 183 56 
34 20 86 116 56 126 154 44 75 112 57 116 122 77 125 55 
65 86 90 92 98 93 80 124 105 55 148 156 146 138 148 100 
90 116 92 138 78 127 106 82 71 138 77 190 83 102 85 179 
173 56 98 78 14 43 61 162 182 172 130 145 26 26 180 166 
89 126 93 127 43 130 121 59 38 87 115 109 48 197 98 99 
154 154 80 106 61 121 154 176 113 71 128 79 92 30 114 144 
128 44 124 82 162 59 176 102 80 57 88 70 147 123 179 146 
185 75 105 71 182 38 113 80 10 45 90 71 166 63 54 89 
105 112 55 138 172 87 71 57 45 176 81 123 42 189 41 98 
148 57 148 77 130 115 128 88 90 81 126 37 13 75 179 61 
87 116 156 190 145 109 79 70 71 123 37 14 95 71 167 115 
113 122 146 83 26 48 92 147 166 42 13 95 148 126 89 78 
3 77 138 102 26 197 30 123 63 189 75 71 126 144 124 71 
183 125 148 85 180 98 114 179 54 41 179 167 89 124 24 121 
56 55 100 179 166 99 144 146 89 98 61 115 78 71 121 14 