16
6 4 3 1 10 1 4 4 4 5 9 4 9 2 10 1 
1 9 4 10 3 9 5 8 2 2 10 5 9 8 10 1 
10 2 9 10 10 6 6 4 9 8 5 3 6 4 9 8 
7 8 7 9 9 7 1 1 6 5 3 2 5 4 5 1 
3 9 5 8 7 8 5 4 8 2 2 4 7 3 9 1 
4 4 10 1 10 6 6 7 6 4 6 8 5 4 4 2 
9 5 6 7 3 4 7 9 7 2 5 4 6 2 10 10 
4 4 4 2 1 5 10 9 10 1 2 9 10 8 7 3 
4 8 10 6 7 3 2 4 10 9 2 4 4 10 2 6 
7 9 10 8 10 6 8 10 8 4 10 4 1 1 2 3 
7 8 10 7 6 10 2 2 4 4 2 6 10 2 8 5 
8 10 4 3 5 7 2 5 3 8 1 7 7 6 3 4 
2 9 5 5 10 9 9 9 1 7 2 4 6 5 2 6 
3 4 3 9 10 6 5 10 9 9 4 4 8 6 5 6 
7 5 2 10 3 9 8 9 8 4 2 5 6 2 9 3 
3 2 4 5 1 8 5 2 7 6 7 6 10 7 4 3 
160 103 171 118 149 71 89 137 50 54 46 113 119 84 150 147 
103 152 53 88 121 162 177 24 86 71 75 46 120 133 27 25 
171 53 162 100 76 139 166 66 120 86 52 142 179 54 63 76 
118 88 100 112 136 77 123 123 32 111 195 94 119 114 60 112 
149 121 76 136 150 114 119 110 118 154 123 50 88 160 170 49 
71 162 139 77 114 102 156 95 102 90 133 109 129 153 108 109 
89 177 166 123 119 156 96 38 103 145 12 120 126 116 117 156 
137 24 66 123 110 95 38 158 129 156 146 141 120 128 84 87 
50 86 120 32 118 102 103 129 44 173 99 77 174 100 32 90 
54 71 86 111 154 90 145 156 173 92 59 121 44 116 101 79 
46 75 52 195 123 133 12 146 99 59 192 62 132 55 106 110 
113 46 142 94 50 109 120 141 77 121 62 184 150 101 107 24 
119 120 179 119 88 129 126 120 174 44 132 150 78 138 24 105 
84 133 54 114 160 153 116 128 100 116 55 101 138 184 35 76 
150 27 63 60 170 108 117 84 32 101 106 107 24 35 122 43 
147 25 76 112 49 109 156 87 90 79 110 24 105 76 43 124 