32
42 26 35 81 29 8 81 52 12 100 16 8 73 49 55 32 93 54 60 1 42 88 31 75 57 78 83 69 3 78 33 51 
13 42 26 37 100 54 44 58 28 11 22 48 30 10 37 8 38 79 15 46 54 1 54 3 60 36 66 59 62 48 7 5 
12 79 35 42 54 63 32 85 33 70 54 66 76 56 82 92 99 71 33 31 79 67 42 88 22 40 17 73 64 7 9 20 
81 56 78 64 98 8 50 22 49 94 49 41 54 30 55 53 74 7 61 59 85 40 8 31 51 91 37 80 58 43 16 55 
56 55 59 90 71 46 31 87 21 31 84 92 46 18 1 23 67 6 90 34 79 20 85 87 26 90 44 24 30 49 53 47 
98 2 5 23 14 69 63 5 50 17 44 58 11 44 79 52 69 56 92 72 97 9 67 58 38 36 86 37 4 18 54 68 
34 29 10 61 97 45 9 39 66 67 10 7 2 50 6 47 65 26 3 28 38 2 47 94 55 85 33 94 40 48 16 89 
79 54 7 89 85 21 3 94 85 54 46 12 62 5 26 77 94 58 86 58 21 57 74 30 69 28 57 49 11 52 70 76 
49 31 29 13 54 85 71 70 36 11 20 79 64 34 56 8 69 73 100 37 33 57 72 93 86 6 39 10 99 89 19 37 
7 70 83 26 67 44 84 38 49 8 86 76 68 86 51 78 69 23 14 62 87 96 65 68 19 34 50 100 61 49 17 90 
2 48 46 13 74 95 82 12 2 48 65 52 94 64 48 64 12 70 64 40 59 63 8 70 82 97 77 66 24 4 87 17 
26 30 82 65 65 44 18 68 75 42 21 95 69 61 38 48 49 42 36 52 4 35 28 46 17 2 42 62 5 75 36 77 
10 81 5 7 97 89 32 64 2 78 93 71 71 75 52 86 63 11 94 82 76 80 6 35 99 26 95 79 22 82 36 9 
60 93 58 65 48 24 40 46 33 15 96 64 48 48 93 18 59 46 75 83 2 62 6 76 18 50 83 64 16 100 5 4 
8 38 4 25 85 60 92 47 80 23 89 41 75 97 89 98 36 8 46 41 12 16 19 48 20 96 84 55 62 80 94 21 
93 69 53 88 63 49 12 98 32 13 51 3 90 47 28 32 96 52 29 72 79 60 70 25 3 58 51 36 2 95 83 60 
9 65 5 52 67 27 67 20 66 24 26 31 93 7 21 26 16 7 39 10 41 18 87 46 72 39 49 89 39 6 87 24 
96 74 93 80 68 14 66 11 61 44 74 95 78 76 100 16 30 78 5 77 66 75 6 22 31 20 67 51 53 23 21 37 
81 60 47 29 92 67 48 9 13 73 85 94 95 25 61 55 94 93 44 67 21 24 55 17 44 75 35 33 34 13 72 40 
77 87 78 89 19 84 100 82 72 62 13 44 72 78 90 27 2 16 65 31 18 22 80 8 82 85 24 48 86 75 100 54 
89 30 3 98 42 15 57 21 23 17 49 94 43 3 83 27 82 16 34 79 13 13 55 92 11 100 61 50 70 29 71 93 
93 70 83 2 40 57 60 98 87 31 69 19 9 59 65 60 13 55 80 98 99 80 66 3 87 51 49 42 86 5 42 12 
54 58 84 11 39 90 9 43 34 13 73 25 57 76 3 83 23 79 31 87 68 8 32 10 99 40 11 44 95 38 7 43 
83 9 6 12 70 76 67 15 87 98 13 10 38 12 60 47 33 14 16 23 45 74 82 34 35 62 27 97 53 71 95 83 
43 86 43 16 7 86 44 48 3 66 4 14 78 19 85 55 40 17 16 4 29 4 14 80 46 92 51 58 4 67 77 51 
71 96 82 96 60 29 47 16 97 20 47 55 46 83 80 69 7 38 73 39 80 71 71 75 68 34 57 59 13 96 19 38 
94 40 94 82 15 29 96 40 14 72 19 91 1 60 30 57 99 87 44 20 9 27 8 70 90 100 33 98 50 8 97 76 
55 35 1 78 55 16 15 87 13 93 7 4 47 50 23 24 10 56 95 14 14 42 99 25 81 36 99 72 99 38 45 42 
20 49 32 14 57 11 37 83 95 60 51 79 77 49 11 91 42 70 83 78 34 41 9 84 51 45 71 45 58 49 30 72 
76 33 39 82 73 76 46 69 78 29 82 6 33 5 76 65 61 63 13 45 93 88 22 60 83 75 62 68 72 69 11 76 
77 6 10 60 14 35 37 27 10 23 36 30 62 9 84 98 73 47 63 86 95 54 58 42 63 74 59 91 62 34 2 66 
20 65 27 97 68 53 31 5 67 32 2 1 8 53 23 72 85 76 53 97 100 61 63 95 14 56 66 44 1 83 41 28 
70 67 129 99 164 89 33 64 66 129 128 140 89 56 116 136 52 69 160 108 123 170 148 126 155 112 19 41 152 177 172 72 
67 134 66 138 104 114 69 128 155 57 65 85 55 15 161 168 104 155 110 93 96 105 103 81 84 89 64 95 161 138 84 88 
129 66 126 42 184 71 50 107 125 66 142 157 80 185 106 90 139 133 51 94 138 117 151 80 179 180 92 63 38 109 99 147 
99 138 42 154 124 135 155 129 48 127 99 123 138 41 103 75 71 112 139 122 20 89 186 84 44 88 152 22 178 129 95 105 
164 104 184 124 76 93 84 105 69 12 117 167 168 76 114 104 130 17 67 85 142 93 172 145 70 75 146 130 144 108 124 91 
89 114 71 135 93 170 189 109 101 139 73 144 74 37 142 71 90 128 133 70 75 39 118 100 102 76 53 82 68 63 92 188 
33 69 50 155 84 189 88 144 66 70 135 119 174 91 60 98 117 174 101 50 144 110 97 109 95 130 121 127 107 73 91 83 
64 128 107 129 105 109 144 48 112 110 103 181 118 91 145 64 72 128 80 47 117 181 56 119 153 68 39 72 64 95 185 182 
66 155 125 48 69 101 66 112 138 61 99 129 117 37 90 126 153 93 55 129 142 106 103 89 116 187 149 33 149 59 83 65 
129 57 66 127 12 139 70 110 61 100 171 66 156 65 75 106 159 41 129 84 60 123 166 95 86 98 82 63 110 127 103 94 
128 65 142 99 117 73 135 103 99 171 180 48 110 108 57 134 69 57 141 48 105 122 88 144 91 90 107 89 111 112 149 22 
140 85 157 123 167 144 119 181 129 66 48 178 140 57 75 157 93 20 111 102 152 91 66 33 62 141 107 129 108 147 130 122 
89 55 80 138 168 74 174 118 117 156 110 140 44 112 104 72 75 2 107 184 132 166 63 109 107 102 119 111 162 125 80 51 
56 15 185 41 76 37 91 91 37 65 108 57 112 116 70 39 105 43 153 88 168 149 55 69 118 69 118 45 158 96 120 70 
116 161 106 103 114 142 60 145 90 75 57 75 104 70 130 36 95 81 126 127 101 107 58 160 117 107 144 135 156 65 94 109 
136 168 90 75 104 71 98 64 126 106 134 157 72 39 36 162 55 117 62 72 121 67 143 170 141 97 196 109 77 71 73 61 
52 104 139 71 130 90 117 72 153 159 69 93 75 105 95 55 192 147 78 76 129 106 83 162 130 78 114 110 84 72 88 87 
69 155 133 112 17 128 174 128 93 41 57 20 2 43 81 117 147 150 33 38 93 115 96 90 47 45 134 67 126 117 146 94 
160 110 51 139 67 133 101 80 55 129 141 111 107 153 126 62 78 33 46 20 53 39 124 121 122 181 73 84 114 68 95 79 
108 93 94 122 85 70 50 47 129 84 48 102 184 88 127 72 76 38 20 12 102 133 145 88 103 108 49 97 83 39 22 67 
123 96 138 20 142 75 144 117 142 60 105 152 132 168 101 121 129 93 53 102 156 45 95 104 106 148 147 103 133 68 80 124 
170 105 117 89 93 39 110 181 106 123 122 91 166 149 107 67 106 115 39 133 45 118 127 130 29 89 36 95 109 103 96 49 
148 103 151 186 172 118 97 56 103 166 88 66 63 55 58 143 83 96 124 145 95 127 24 168 131 63 126 24 60 189 99 108 
126 81 80 84 145 100 109 119 89 95 144 33 109 69 160 170 162 90 121 88 104 130 168 134 124 136 93 91 97 81 129 163 
155 84 179 44 70 102 95 153 116 86 91 62 107 118 117 141 130 47 122 103 106 29 131 124 12 158 83 58 87 68 69 120 
112 89 180 88 75 76 130 68 187 98 90 141 102 69 107 97 78 45 181 108 148 89 63 136 158 94 100 120 106 94 73 101 
19 64 92 152 146 53 121 39 149 82 107 107 119 118 144 196 114 134 73 49 147 36 126 93 83 100 126 146 93 103 97 67 
41 95 63 22 130 82 127 72 33 63 89 129 111 45 135 109 110 67 84 97 103 95 24 91 58 120 146 160 80 54 119 165 
152 161 38 178 144 68 107 64 149 110 111 108 162 158 156 77 84 126 114 83 133 109 60 97 87 106 93 80 86 115 83 104 
177 138 109 129 108 63 73 95 59 127 112 147 125 96 65 71 72 117 68 39 68 103 189 81 68 94 103 54 115 40 20 64 
172 84 99 95 124 92 91 185 83 103 149 130 80 120 94 73 88 146 95 22 80 96 99 129 69 73 97 119 83 20 104 107 
72 88 147 105 91 188 83 182 65 94 22 122 51 70 109 61 87 94 79 67 124 49 108 163 120 101 67 165 104 64 107 96 