64
90 60 93 60 59 68 31 97 32 6 91 54 42 77 38 80 98 25 44 10 92 67 86 17 53 35 65 96 29 50 75 57 19 73 22 31 11 28 5 25 20 37 15 80 6 34 84 3 6 3 26 76 96 77 11 70 84 12 70 69 70 93 98 93 
58 33 100 36 41 78 35 66 13 22 37 71 30 91 68 64 7 32 66 37 12 21 1 23 49 17 100 37 43 4 41 24 93 42 21 1 38 49 83 28 69 25 16 24 88 60 36 61 42 13 59 33 48 43 74 35 83 45 84 52 79 48 15 81 
83 52 39 19 19 76 66 49 33 61 38 100 95 54 26 66 81 23 89 4 95 52 22 61 33 5 96 2 84 79 3 95 7 26 29 45 2 99 84 79 45 73 50 60 74 64 31 98 29 88 20 84 38 18 91 71 71 37 22 28 79 50 50 4 
71 45 9 85 16 57 62 83 91 4 47 2 5 33 96 49 24 71 84 40 27 71 79 22 36 28 58 97 65 15 9 3 93 58 18 79 76 22 19 73 2 29 67 49 90 18 4 52 6 93 44 16 34 15 52 34 12 89 83 74 63 52 16 63 
41 10 33 15 83 27 57 31 97 22 8 77 95 24 30 56 38 95 29 10 16 94 53 33 77 93 17 61 35 40 42 73 23 99 71 40 42 30 60 12 14 11 28 15 3 48 14 72 6 13 72 97 42 53 79 70 97 15 12 42 11 74 90 99 
16 94 41 53 75 97 87 24 40 77 95 92 63 8 91 89 25 88 51 74 11 62 25 20 45 45 16 88 89 9 43 78 76 11 94 14 31 60 89 64 25 61 69 14 40 89 13 65 77 94 85 16 89 43 42 20 86 28 23 95 82 35 8 2 
53 77 78 89 36 31 14 60 20 59 63 94 80 5 24 39 68 63 86 91 13 14 41 7 54 91 94 43 59 53 53 32 76 16 75 24 80 78 69 49 27 44 98 9 77 81 72 36 69 57 5 1 14 8 51 86 69 3 36 9 65 6 45 54 
99 45 91 7 57 12 12 73 44 100 40 19 90 33 28 57 33 18 59 60 3 52 18 47 48 45 92 26 34 34 93 75 9 73 47 39 47 38 31 82 58 62 79 37 70 60 70 3 97 38 19 16 54 21 43 31 49 68 29 86 11 66 88 32 
21 46 27 64 38 42 68 96 100 48 37 81 33 58 79 7 74 48 93 99 25 78 75 80 8 37 72 8 55 6 38 50 47 48 7 100 25 57 62 88 70 24 21 81 43 77 98 95 57 22 100 80 43 58 37 73 15 8 48 82 11 79 72 14 
67 61 31 5 23 74 82 2 90 42 22 86 83 52 33 10 29 83 35 89 47 46 82 79 13 94 8 5 96 17 28 56 55 35 25 97 32 2 94 4 46 97 5 62 11 83 14 60 56 79 29 59 96 73 16 52 95 71 29 74 88 50 6 28 
48 18 34 49 12 92 36 7 5 46 17 67 77 56 64 53 90 100 64 2 72 10 95 75 1 94 53 50 72 24 4 73 39 35 64 15 38 87 97 25 23 11 59 65 85 4 97 17 67 83 61 10 99 99 24 78 62 89 17 13 42 8 66 68 
32 66 87 23 20 31 48 69 4 81 81 27 70 28 98 18 31 18 92 93 87 81 75 37 15 68 7 54 85 95 9 9 56 36 74 44 95 95 46 62 33 56 28 85 46 74 61 94 87 31 68 48 55 25 22 73 30 9 20 2 21 53 35 74 
57 19 26 66 3 59 60 77 53 27 100 91 7 52 45 2 91 82 92 62 54 14 59 81 59 47 11 87 45 64 27 7 100 20 42 36 83 53 22 32 26 60 23 11 28 77 89 38 24 75 31 4 18 9 40 37 17 66 13 58 9 46 33 13 
88 39 62 25 36 34 86 71 3 81 24 24 44 90 19 78 39 10 48 44 18 70 72 95 35 96 56 70 54 20 96 100 2 71 92 7 21 29 45 79 12 9 36 91 63 11 92 17 56 64 75 74 79 14 37 17 30 71 72 41 83 2 98 84 
32 43 57 28 36 58 62 46 4 4 85 73 49 35 63 52 97 53 20 70 47 78 36 96 83 30 36 27 89 84 31 7 59 78 79 48 74 8 26 18 86 17 78 49 98 64 62 28 38 13 28 30 59 8 97 9 83 44 59 4 87 35 100 29 
14 65 2 28 32 5 33 55 72 62 17 30 81 81 10 44 38 60 41 18 73 68 87 60 27 12 12 55 39 61 11 24 34 66 60 75 15 88 69 10 73 83 40 37 90 82 52 20 25 47 7 63 2 17 11 55 37 68 26 73 20 40 36 24 
95 41 72 41 22 82 66 73 1 91 75 18 8 25 14 34 53 26 90 90 96 83 59 10 78 56 26 21 85 77 71 86 38 91 88 19 25 8 63 22 30 14 32 23 70 99 100 14 42 49 39 61 4 86 53 49 76 88 70 53 8 33 68 94 
30 39 57 46 56 59 92 31 56 12 88 40 13 14 69 61 13 25 34 88 81 43 47 24 71 90 35 71 80 100 74 92 15 22 28 76 7 94 65 13 88 37 25 79 84 94 32 58 61 8 88 25 29 97 88 39 31 78 9 100 32 76 38 58 
84 5 52 24 52 48 43 29 1 1 53 27 57 64 97 97 48 72 89 76 36 76 27 18 76 67 78 32 6 23 56 55 31 80 36 39 83 26 7 24 39 19 29 96 27 67 75 85 74 73 23 23 95 32 54 40 83 31 40 57 54 53 33 62 
65 36 27 42 37 52 96 14 42 92 6 33 21 3 63 58 44 78 68 81 29 60 39 87 55 44 78 25 44 47 8 85 70 55 84 50 60 92 25 8 91 83 62 51 83 20 77 97 9 12 88 73 65 79 69 30 70 18 89 9 95 77 47 63 
24 68 3 38 31 72 80 66 22 7 98 22 40 98 100 50 19 7 8 58 55 52 42 43 77 45 93 43 14 18 71 17 63 33 6 71 56 95 24 69 65 16 5 94 35 98 5 64 48 2 69 98 42 84 81 2 37 43 13 10 76 33 35 51 
56 19 22 63 7 83 24 38 17 68 91 66 45 17 81 85 11 61 32 99 56 26 28 58 48 1 71 89 72 16 95 96 35 46 1 58 33 24 4 77 66 57 74 16 62 44 56 12 42 35 31 97 40 45 14 70 23 68 44 6 14 25 34 92 
35 81 39 33 90 23 86 8 9 42 72 13 72 71 99 10 36 72 16 18 48 7 26 22 73 87 1 38 40 24 49 23 46 34 40 76 34 3 29 44 60 33 100 3 14 35 60 100 62 11 76 32 50 99 69 80 46 52 27 96 31 22 5 97 
90 73 60 36 60 96 68 62 51 70 89 90 69 39 41 5 66 60 52 67 92 37 46 12 67 81 40 8 58 85 27 80 5 77 81 92 17 85 27 21 82 86 76 13 40 96 90 74 85 84 63 42 85 43 4 29 65 79 7 91 9 30 70 57 
100 60 68 9 95 30 53 8 62 46 50 36 93 43 44 72 34 88 51 44 71 37 15 60 2 60 22 38 100 60 30 79 27 10 4 7 11 98 80 26 4 78 82 80 32 68 100 85 94 29 3 91 32 91 90 48 86 81 68 67 34 95 9 78 
31 3 45 62 63 3 46 75 99 46 89 93 77 93 18 89 58 21 17 28 82 49 99 58 41 77 27 13 98 93 81 76 2 5 97 80 41 51 31 44 18 65 25 27 27 51 71 25 9 27 75 27 61 98 98 63 8 73 93 70 52 6 3 7 
50 64 87 1 60 32 12 14 96 88 35 61 85 7 49 29 37 78 21 26 82 83 11 44 40 75 31 21 36 79 11 77 14 51 89 14 91 45 88 21 69 28 97 16 92 32 99 25 79 5 53 34 20 75 6 25 55 33 21 4 73 89 84 65 
93 58 59 19 51 73 80 8 83 97 58 64 2 4 54 46 72 15 25 27 40 57 78 52 35 98 96 15 93 32 86 24 39 11 42 20 47 44 29 93 83 48 36 11 83 81 59 22 88 35 30 99 30 29 63 65 97 94 62 12 18 81 3 25 
44 98 35 49 9 97 15 46 28 98 6 62 74 22 17 82 41 65 37 88 30 89 27 97 49 30 45 63 73 80 63 15 14 61 4 8 65 17 97 1 40 42 76 87 26 98 81 10 2 17 89 7 15 55 81 62 23 81 83 63 27 73 11 37 
53 29 77 58 95 61 41 33 40 84 87 62 72 41 12 51 40 52 41 1 62 31 80 80 87 87 32 26 30 4 8 39 50 52 11 85 43 31 86 99 41 33 14 74 30 61 73 86 30 11 11 12 25 10 18 29 83 41 3 35 23 42 52 95 
27 48 67 67 3 51 97 96 26 60 43 63 66 27 81 38 35 77 33 59 19 53 8 39 11 2 29 58 6 40 5 53 50 39 58 99 34 31 50 40 65 4 80 75 65 96 1 41 27 49 63 99 82 87 15 38 51 7 80 40 2 24 33 92 
61 94 79 65 50 99 63 43 58 75 75 4 82 6 67 85 53 65 21 48 64 11 28 99 4 9 92 74 88 31 96 7 91 90 64 77 75 63 80 65 96 71 59 54 82 31 25 65 14 53 47 30 45 14 58 29 10 94 18 91 5 93 92 20 
57 6 41 68 58 32 44 64 48 37 35 6 82 94 49 59 47 87 4 12 25 58 43 26 46 2 75 4 61 12 66 72 74 10 63 20 29 84 95 77 48 60 83 88 21 18 15 14 42 16 67 72 69 94 20 63 1 81 24 71 93 82 90 76 
68 58 98 7 78 71 88 97 76 86 44 15 92 84 12 91 42 47 60 97 65 86 65 93 99 27 21 79 76 4 5 84 28 2 10 10 67 76 42 43 97 60 87 57 99 70 22 5 74 93 42 72 39 31 32 18 18 26 86 12 26 63 45 92 
57 75 74 13 56 43 49 36 81 56 72 76 13 12 89 36 36 74 28 74 97 99 33 16 98 38 10 94 33 28 95 46 66 79 76 10 89 25 5 89 86 4 18 86 57 100 10 11 3 23 49 78 65 18 45 47 55 46 41 57 17 87 12 49 
53 57 81 15 94 97 26 48 72 76 65 40 67 58 64 97 8 82 13 24 35 83 83 88 91 34 50 74 2 80 56 89 28 43 95 43 84 51 82 93 71 79 18 25 74 44 13 72 2 89 84 71 37 59 97 48 28 32 92 71 73 41 40 100 
13 94 30 37 26 35 46 55 34 50 90 33 73 71 13 76 81 51 97 95 88 28 44 54 70 3 42 76 56 2 87 68 76 69 66 73 53 22 43 86 5 49 25 30 50 13 66 51 63 35 68 60 77 17 57 38 97 86 2 19 15 29 72 1 
24 39 61 60 77 72 28 34 87 30 43 15 97 92 67 4 64 43 74 8 75 66 65 35 50 73 93 20 59 45 22 58 13 100 10 40 25 19 18 85 62 73 100 42 15 41 58 68 24 76 43 69 66 67 49 60 71 78 71 87 98 17 75 25 
42 24 63 75 63 69 28 62 81 43 5 84 48 63 100 93 87 47 25 11 50 59 93 80 51 59 56 44 36 58 28 90 75 89 46 62 40 89 22 31 53 98 17 72 3 29 68 97 59 76 58 83 53 19 39 61 68 50 44 26 20 34 44 54 
8 16 20 71 92 64 20 50 81 13 3 77 50 67 1 72 2 85 75 13 54 64 83 95 80 62 76 48 94 43 36 68 90 2 60 77 92 1 78 40 60 98 72 100 86 61 99 13 47 98 76 14 32 94 3 72 85 49 3 6 49 30 90 29 
8 50 89 57 42 84 90 13 14 43 77 86 32 84 37 54 71 31 47 94 46 42 86 6 36 4 52 40 71 7 59 8 65 10 84 42 65 62 26 6 45 41 100 85 95 42 35 19 67 16 27 2 62 64 68 99 40 2 55 72 51 66 36 12 
82 36 91 17 66 10 73 39 60 80 38 16 15 84 96 94 49 39 54 19 31 88 96 61 91 50 75 54 23 80 47 96 5 36 12 11 28 66 47 88 40 3 23 3 90 38 33 43 24 68 11 95 90 65 31 15 95 30 12 59 44 59 22 56 
46 61 83 50 32 24 44 49 93 46 63 76 45 64 88 77 54 73 65 8 58 85 100 43 93 72 54 62 31 68 12 12 37 76 82 66 77 2 35 12 77 18 83 100 17 7 67 20 23 4 93 87 15 31 83 33 88 32 29 72 12 1 83 7 
83 84 80 32 13 94 96 22 41 59 89 25 55 45 11 6 69 36 100 48 91 19 83 89 78 7 30 28 71 63 17 21 2 47 68 33 27 2 14 77 65 33 72 58 27 88 96 94 47 62 29 39 95 70 48 75 41 50 47 21 63 44 18 38 
72 47 74 99 17 82 24 92 35 86 71 51 78 89 9 95 31 23 28 72 100 1 84 23 62 80 2 72 36 73 23 78 37 20 82 51 92 2 77 1 85 85 86 19 16 29 33 77 40 1 37 24 85 31 34 68 20 67 51 91 33 61 38 54 
84 74 34 26 95 41 11 34 47 90 78 57 88 83 80 25 58 50 88 6 41 31 67 27 5 27 99 99 39 68 30 74 36 94 73 99 79 35 97 45 90 62 93 38 31 89 28 65 30 87 72 14 37 79 9 27 54 70 6 14 74 55 82 37 
55 25 58 62 57 92 27 72 11 44 57 89 72 5 44 5 30 93 57 30 99 15 17 21 59 60 44 88 12 92 21 26 26 25 90 71 54 91 40 3 58 12 34 20 1 87 94 63 93 5 56 92 33 45 96 44 7 63 44 69 17 22 66 50 
50 23 31 67 2 14 85 25 92 24 5 97 56 69 33 90 13 45 38 3 38 52 78 85 83 7 71 99 65 39 35 26 44 56 15 26 52 36 66 75 73 70 11 82 41 32 75 52 95 37 61 18 58 16 7 90 48 78 80 17 49 55 68 20 
9 31 5 39 76 71 18 94 21 45 90 52 76 38 100 23 81 38 11 44 43 77 25 96 73 54 10 90 29 68 79 56 96 83 44 62 83 20 1 65 69 56 55 61 94 42 30 40 53 64 86 82 55 99 61 26 39 73 100 22 63 11 57 5 
1 30 23 93 20 29 57 93 33 83 15 47 14 8 4 43 83 92 66 4 30 90 71 84 55 16 87 46 18 51 38 24 12 57 32 61 39 65 33 49 80 53 59 82 1 72 58 42 58 100 79 4 26 26 1 98 74 70 64 33 93 18 76 64 
20 59 89 7 99 91 27 15 63 17 3 20 4 35 19 43 61 93 21 83 30 8 63 80 51 23 28 28 69 36 89 4 16 11 61 90 32 67 10 88 75 20 1 42 19 37 25 78 43 47 9 23 75 5 10 92 55 31 70 79 71 19 42 74 
61 69 44 45 46 46 85 75 26 95 89 82 51 38 29 21 3 50 61 10 85 58 36 56 17 7 70 55 12 26 92 70 89 74 65 57 37 18 23 2 36 13 78 36 77 54 77 66 62 30 86 48 82 7 23 6 33 14 86 99 35 45 40 39 
79 42 42 73 4 95 60 75 81 37 65 100 3 77 57 67 88 28 70 85 84 69 36 4 17 11 93 100 38 54 49 52 64 98 17 13 15 44 31 45 42 46 37 95 31 16 46 10 39 95 17 26 45 28 51 45 13 80 98 68 18 24 56 20 
42 66 59 96 53 32 69 97 61 6 4 78 12 17 93 58 49 84 48 60 26 82 37 47 1 23 91 16 50 64 55 52 93 65 45 89 41 30 49 71 41 25 55 40 32 90 79 84 49 59 17 27 71 85 26 91 33 2 98 29 23 62 60 82 
86 18 92 25 32 24 16 19 57 13 7 62 51 86 32 54 87 42 77 91 71 27 38 62 60 86 2 9 39 32 92 33 66 53 91 76 39 88 37 73 55 8 27 42 25 20 31 66 75 21 61 24 2 69 21 78 33 26 33 52 13 83 86 99 
22 84 99 57 56 51 57 25 69 97 91 72 70 96 44 47 41 24 41 54 85 2 99 74 35 100 84 33 49 83 78 99 43 1 47 42 25 90 45 11 85 51 30 77 18 50 58 58 18 20 69 88 70 10 50 55 49 9 7 39 93 6 80 81 
68 26 31 49 31 10 31 37 73 80 96 97 56 66 58 45 70 69 96 75 30 70 8 54 23 51 52 53 93 83 73 18 13 96 92 91 69 72 69 61 59 83 79 24 85 81 23 43 65 15 70 81 46 14 68 100 3 80 94 14 65 67 56 98 
52 22 38 71 92 37 58 69 32 11 7 3 7 70 9 29 97 59 42 6 82 35 76 72 59 85 37 20 72 6 87 35 49 22 45 82 54 22 42 24 42 75 12 59 80 54 41 76 6 45 30 50 77 35 64 3 91 28 10 15 41 78 28 61 
4 10 83 12 89 18 66 58 12 70 72 18 28 53 14 78 42 98 40 57 31 50 72 22 9 93 16 33 81 51 66 75 5 66 47 19 30 76 14 36 74 1 6 56 81 93 73 18 38 87 78 41 42 85 3 91 96 51 61 5 14 59 65 75 
17 48 72 64 26 67 24 83 91 54 35 45 21 10 100 67 62 20 46 86 31 71 9 43 68 23 74 89 78 7 59 82 42 87 86 56 20 25 17 49 20 22 83 35 66 85 84 78 85 37 58 90 96 46 99 82 80 98 89 31 99 12 2 31 
27 6 16 92 92 1 63 80 35 83 43 73 58 40 100 80 72 50 66 48 94 58 10 92 97 62 5 91 74 96 46 1 26 94 8 32 49 4 62 16 71 25 90 38 84 59 28 53 90 49 85 45 89 33 37 2 6 97 85 86 86 79 79 36 
65 43 48 59 63 9 99 87 4 16 15 10 70 53 95 57 72 37 77 79 81 96 33 93 4 96 51 16 12 37 93 67 86 27 17 39 2 6 35 83 72 79 86 72 54 86 17 55 47 89 90 7 37 80 67 57 51 67 30 99 94 78 12 51 
30 10 74 29 32 100 56 78 17 77 79 100 60 44 25 2 32 42 52 43 93 20 44 29 59 59 21 98 87 86 13 78 60 3 33 81 65 56 93 6 71 64 13 6 99 48 7 96 85 57 83 86 26 2 62 47 73 33 43 83 12 82 57 42 
67 41 46 66 32 34 87 4 77 86 5 13 1 7 92 20 78 19 78 1 48 44 14 50 96 6 41 48 4 22 25 26 65 81 63 96 47 70 21 31 66 68 100 33 51 24 28 77 52 80 20 58 61 13 7 64 45 19 81 85 9 13 64 89 
100 104 119 113 63 140 67 17 124 151 31 92 115 112 121 109 83 70 90 119 112 145 93 88 90 38 103 131 69 84 97 137 60 53 100 100 42 153 125 82 137 169 184 89 111 97 108 90 144 69 94 131 78 63 62 97 139 106 55 119 144 110 57 67 
104 192 38 190 92 60 105 136 180 115 136 85 81 84 149 66 167 129 163 74 61 96 83 157 83 76 92 84 111 89 110 49 147 57 136 105 122 19 100 125 69 103 152 167 126 116 16 80 92 133 33 53 180 97 26 94 82 135 92 127 105 85 168 74 
119 38 22 93 137 108 37 6 36 111 22 164 78 135 138 144 31 71 89 120 132 76 74 147 108 72 172 82 74 103 54 103 143 17 140 166 21 137 56 74 90 120 148 115 123 141 187 106 125 100 105 84 111 160 99 92 74 134 55 91 110 132 88 54 
113 190 93 46 57 142 115 130 141 92 96 133 102 108 133 139 62 114 61 77 151 53 66 99 109 138 42 96 80 98 27 83 160 168 119 75 75 143 127 54 172 66 103 45 58 85 53 73 167 123 68 126 96 177 58 23 125 68 59 91 67 102 89 35 
63 92 137 57 164 111 12 108 82 131 24 133 72 126 56 94 67 44 49 65 104 77 102 133 111 78 181 102 158 71 108 134 69 176 132 154 88 98 157 154 162 92 69 130 71 18 151 153 86 109 55 98 121 141 9 168 62 56 127 68 187 124 148 100 
140 60 108 142 111 166 93 170 85 59 125 128 59 161 130 55 47 75 164 107 98 141 142 12 108 22 56 93 41 131 15 82 47 85 160 86 74 80 162 131 81 147 115 111 20 50 118 99 104 70 66 78 54 180 79 111 157 108 176 105 149 182 178 112 
67 105 37 115 12 93 194 83 178 82 45 147 92 80 90 82 20 143 122 105 117 141 115 16 117 75 100 63 47 91 164 65 30 148 62 129 171 59 100 92 69 53 72 113 101 99 91 102 127 98 83 66 86 94 100 52 129 97 59 134 101 54 127 117 
17 136 6 130 108 170 83 164 55 105 153 134 109 137 80 96 176 87 118 113 132 117 117 57 87 176 92 106 156 124 149 77 51 16 61 20 149 90 130 93 130 54 111 106 54 117 150 95 72 149 175 74 73 106 186 136 129 170 108 105 173 39 93 134 
124 180 36 141 82 85 178 55 150 102 35 143 123 10 70 77 185 121 136 110 102 41 188 79 165 101 77 97 125 66 109 52 115 82 56 66 33 18 100 42 101 111 122 151 81 97 187 54 39 139 146 72 114 167 102 130 79 109 101 171 84 146 81 88 
151 115 111 92 131 59 82 105 102 152 10 46 79 92 112 39 56 112 110 89 171 118 71 34 67 119 134 119 144 82 178 143 94 151 69 78 61 97 178 66 82 133 164 100 130 64 135 156 52 137 140 75 141 20 81 63 70 160 163 103 92 123 140 71 
31 136 22 96 24 125 45 153 35 10 106 49 108 121 161 76 108 102 150 133 101 107 152 150 118 130 79 124 145 84 135 65 64 64 103 100 44 100 94 35 48 125 164 175 146 121 131 112 176 26 68 23 86 100 85 170 189 130 112 195 34 106 96 14 
92 85 164 133 133 128 147 134 143 46 49 104 97 61 68 185 127 135 49 100 176 77 187 113 75 180 78 140 88 107 88 151 114 94 116 102 131 85 136 57 147 104 39 28 27 91 82 109 145 103 78 132 86 108 103 92 117 136 111 64 25 120 87 136 
115 81 78 102 72 59 92 109 123 79 108 97 30 148 68 49 40 68 76 159 126 73 75 85 43 21 120 152 60 103 85 158 155 60 119 77 89 154 160 87 95 130 160 158 108 69 103 137 10 84 162 135 154 105 14 93 61 173 80 40 73 88 121 99 
112 84 135 108 126 161 80 137 10 92 121 61 148 184 104 109 96 69 193 160 78 61 114 35 137 64 75 79 118 86 170 20 67 77 126 109 45 13 83 127 136 41 82 95 122 148 158 74 73 32 115 82 109 112 60 124 108 112 83 99 102 160 166 138 
121 149 138 133 56 130 90 80 70 112 161 68 68 104 180 73 55 114 78 113 132 22 121 183 82 26 100 87 57 178 120 57 119 143 96 92 26 174 22 80 39 46 154 125 114 144 35 168 102 138 138 109 62 149 85 103 117 134 89 101 107 92 77 17 
109 66 144 139 94 55 82 96 77 39 76 185 49 109 73 138 135 101 188 134 194 101 140 83 114 125 41 119 130 101 70 148 125 127 92 59 67 92 139 96 127 168 67 144 139 97 97 77 45 59 26 172 9 19 50 118 122 181 141 93 71 97 126 119 
83 167 31 62 67 47 20 176 185 56 108 127 40 96 55 135 88 141 93 108 63 119 136 92 71 74 154 106 104 117 30 14 92 155 87 30 99 67 108 29 65 31 93 140 199 62 156 110 125 56 114 189 88 177 96 69 154 126 89 124 68 163 113 118 
70 129 71 114 44 75 143 87 121 112 102 135 68 69 114 101 141 128 106 157 177 90 31 119 133 13 114 127 77 157 161 53 122 193 50 70 96 102 142 185 142 68 52 165 134 105 120 58 80 8 136 158 158 141 53 59 150 170 80 150 116 77 128 76 
90 163 89 61 49 164 122 118 136 110 150 49 76 193 78 188 93 106 144 65 21 102 63 68 96 77 98 86 165 100 102 81 49 120 145 86 118 124 139 163 141 118 21 99 183 148 91 142 85 44 195 52 56 79 114 94 119 81 141 160 94 104 107 81 
119 74 120 77 65 107 105 113 110 89 133 100 159 160 113 134 108 157 65 66 68 107 46 197 119 32 116 139 152 104 175 187 90 99 85 33 68 96 119 86 78 90 74 138 50 148 92 151 78 96 111 93 138 120 107 68 125 124 111 147 159 127 107 151 
112 61 132 151 104 98 117 132 102 171 101 176 126 78 132 194 63 177 21 68 104 122 156 136 103 67 139 57 70 101 108 34 102 117 101 191 101 87 111 120 136 18 42 95 88 99 114 135 136 70 105 81 100 176 115 195 66 40 83 29 176 133 31 86 
145 96 76 53 77 141 141 117 41 118 107 77 73 61 22 101 119 90 102 107 122 2 96 103 51 79 133 61 62 118 78 104 138 75 108 81 149 75 146 109 152 24 102 98 65 175 82 126 18 87 152 96 124 117 20 144 126 129 44 146 85 108 109 123 
93 83 74 66 102 142 115 117 188 71 152 187 75 114 121 140 136 31 63 46 156 96 112 167 115 97 174 87 154 85 64 131 21 148 128 92 107 39 100 116 113 57 97 42 153 135 37 162 150 68 55 103 117 76 128 63 110 33 86 55 120 117 134 79 
88 157 147 99 133 12 16 57 79 34 150 113 85 35 183 83 92 119 68 197 136 103 167 20 121 99 88 141 108 110 100 137 94 42 125 56 53 110 171 126 104 85 103 174 61 107 66 69 105 117 148 14 14 95 22 121 189 105 38 116 110 78 137 103 
90 83 108 109 111 108 117 87 165 67 118 75 43 137 82 114 71 133 96 119 103 51 115 121 128 188 111 124 103 40 142 71 77 150 160 129 93 124 122 143 117 125 123 62 86 133 82 31 50 81 115 125 102 75 103 134 69 73 171 120 42 169 106 97 
38 76 72 138 78 22 75 176 101 119 130 180 21 64 26 125 74 13 77 32 67 79 97 99 188 140 63 87 93 69 169 87 128 77 92 91 4 88 66 51 12 93 110 132 110 91 82 92 95 92 93 106 80 155 147 83 111 84 75 138 82 41 159 145 
103 92 172 42 181 56 100 92 77 134 79 78 120 75 100 41 154 114 98 116 139 133 174 88 111 63 4 185 96 61 84 76 28 48 170 56 14 141 58 97 59 173 106 138 135 56 106 149 75 103 96 107 84 88 104 36 74 53 48 108 82 16 169 142 
131 84 82 96 102 93 63 106 97 119 124 140 152 79 87 119 106 127 86 139 57 61 87 141 124 87 185 24 73 116 46 62 63 73 105 181 36 36 62 63 53 104 176 152 93 90 196 48 64 119 42 88 127 148 87 37 70 107 111 98 117 69 69 61 
69 111 74 80 158 41 47 156 125 144 145 88 60 118 57 130 104 77 165 152 70 62 154 108 103 93 96 73 112 141 80 70 57 132 104 130 13 153 106 74 41 153 98 135 198 124 63 80 117 64 54 161 73 111 54 71 85 139 118 60 132 74 101 56 
84 89 103 98 71 131 91 124 66 82 84 107 103 86 178 101 117 157 100 104 101 118 85 110 40 69 61 116 141 114 146 86 149 66 103 177 87 108 81 138 47 135 95 127 151 82 181 20 43 80 175 163 99 87 76 163 131 40 79 132 183 86 113 84 
97 110 54 27 108 15 164 149 109 178 135 88 85 170 120 70 30 161 102 175 108 78 64 100 142 169 84 46 80 146 134 73 91 178 57 100 34 93 69 123 29 51 32 111 111 142 181 46 125 69 54 69 74 126 149 56 103 123 54 118 42 108 32 160 
137 49 103 83 134 82 65 77 52 143 65 151 158 20 57 148 14 53 81 187 34 104 131 137 71 87 76 62 70 86 73 98 8 79 79 97 34 104 90 169 46 64 72 35 165 105 43 161 41 109 131 87 70 107 159 100 95 56 164 83 83 60 70 110 
60 147 143 160 69 47 30 51 115 94 64 114 155 67 119 125 92 122 49 90 102 138 21 94 77 128 28 63 57 149 91 8 188 156 71 123 111 70 93 62 109 157 69 13 94 113 142 24 124 157 104 72 133 6 95 126 88 95 131 88 107 97 145 102 
53 57 17 168 176 85 148 16 82 151 64 94 60 77 143 127 155 193 120 99 117 75 148 42 150 77 48 73 132 66 178 79 156 52 162 188 53 89 66 130 108 165 78 14 119 142 96 53 134 148 140 67 115 151 79 165 163 97 26 32 128 54 95 40 
100 136 140 119 132 160 62 61 56 69 103 116 119 126 96 92 87 50 145 85 101 108 128 125 160 92 170 105 104 103 57 79 71 162 52 149 153 137 83 95 109 102 131 143 54 118 134 69 90 97 161 98 120 114 61 144 60 119 31 56 131 119 40 74 
100 105 166 75 154 86 129 20 66 78 100 102 77 109 92 59 30 70 86 33 191 81 92 56 129 91 56 181 130 177 100 97 123 188 149 174 104 54 42 149 135 98 154 124 121 166 80 99 147 158 33 83 64 118 114 79 136 107 132 106 67 40 182 166 
42 122 21 75 88 74 171 149 33 61 44 131 89 45 26 67 99 96 118 68 101 149 107 53 93 4 14 36 13 87 34 34 111 53 153 104 140 111 24 52 158 48 83 116 54 111 127 110 74 33 159 115 116 62 37 115 99 89 87 42 108 147 95 55 
153 19 137 143 98 80 59 90 18 97 100 85 154 13 174 92 67 102 124 96 87 75 39 110 124 88 141 36 153 108 93 104 70 89 137 54 111 192 92 46 50 104 117 122 58 181 132 68 148 127 126 48 111 115 158 109 85 102 138 72 103 17 146 103 
125 100 56 127 157 162 100 130 100 178 94 136 160 83 22 139 108 142 139 119 111 146 100 171 122 66 58 62 106 81 69 90 93 66 83 42 24 92 112 72 129 97 79 30 54 99 136 122 158 191 93 98 139 158 174 18 116 98 67 139 146 167 109 108 
82 125 74 54 154 131 92 93 42 66 35 57 87 127 80 96 29 185 163 86 120 109 116 126 143 51 97 63 74 138 123 169 62 130 95 149 52 46 72 10 119 89 41 78 90 139 124 89 109 44 139 70 78 86 159 159 101 63 63 106 93 64 138 51 
137 69 90 172 162 81 69 130 101 82 48 147 95 136 39 127 65 142 141 78 136 152 113 104 117 12 59 53 41 47 29 46 109 108 109 135 158 50 129 119 78 119 101 97 84 133 118 87 92 93 173 95 85 19 98 127 86 33 88 98 96 41 196 88 
169 103 120 66 92 147 53 54 111 133 125 104 130 41 46 168 31 68 118 90 18 24 57 85 125 93 173 104 153 135 51 64 157 165 102 98 48 104 97 89 119 6 165 136 27 147 124 111 122 77 44 50 171 61 187 14 44 47 80 139 66 48 106 49 
184 152 148 103 69 115 72 111 122 164 164 39 160 82 154 67 93 52 21 74 42 102 97 103 123 110 106 176 98 95 32 72 69 78 131 154 83 117 79 41 101 165 146 43 88 35 171 152 108 27 15 54 70 137 40 49 113 90 93 102 87 139 42 137 
89 167 115 45 130 111 113 106 151 100 175 28 158 95 125 144 140 165 99 138 95 98 42 174 62 132 138 152 135 127 111 35 13 14 143 124 116 122 30 78 97 136 43 32 110 97 142 104 152 128 66 103 91 91 81 111 45 98 76 59 106 134 181 19 
111 126 123 58 71 20 101 54 81 130 146 27 108 122 114 139 199 134 183 50 88 65 153 61 86 110 135 93 198 151 111 165 94 119 54 121 54 58 54 90 84 27 88 110 140 111 187 110 180 103 105 48 167 103 93 90 113 86 105 57 93 26 96 67 
97 116 141 85 18 50 99 117 97 64 121 91 69 148 144 97 62 105 148 148 99 175 135 107 133 91 56 90 124 82 142 105 113 142 118 166 111 181 99 139 133 147 35 97 111 108 44 59 138 56 176 133 120 139 57 15 122 76 178 62 32 136 62 95 
108 16 187 53 151 118 91 150 187 135 131 82 103 158 35 97 156 120 91 92 114 82 37 66 82 82 106 196 63 181 181 43 142 96 134 80 127 132 136 124 118 124 171 142 187 44 140 87 108 118 117 156 126 23 130 81 73 150 106 94 148 92 59 91 
90 80 106 73 153 99 102 95 54 156 112 109 137 74 168 77 110 58 142 151 135 126 162 69 31 92 149 48 80 20 46 161 24 53 69 99 110 68 122 89 87 111 152 104 110 59 87 16 88 140 96 98 75 161 121 154 71 165 85 119 44 75 69 87 
144 92 125 167 86 104 127 72 39 52 176 145 10 73 102 45 125 80 85 78 136 18 150 105 50 95 75 64 117 43 125 41 124 134 90 147 74 148 158 109 92 122 108 152 180 138 108 88 172 151 167 150 158 85 93 9 176 98 80 149 112 134 15 20 
69 133 100 123 109 70 98 149 139 137 26 103 84 32 138 59 56 8 44 96 70 87 68 117 81 92 103 119 64 80 69 109 157 148 97 158 33 127 191 44 93 77 27 128 103 56 118 140 151 62 137 77 56 150 51 156 156 40 28 67 58 79 115 94 
94 33 105 68 55 66 83 175 146 140 68 78 162 115 138 26 114 136 195 111 105 152 55 148 115 93 96 42 54 175 54 131 104 140 161 33 159 126 93 139 173 44 15 66 105 176 117 96 167 137 84 53 152 133 78 144 171 64 53 181 26 82 132 101 
131 53 84 126 98 78 66 74 72 75 23 132 135 82 109 172 189 158 52 93 81 96 103 14 125 106 107 88 161 163 69 87 72 67 98 83 115 48 98 70 95 50 54 103 48 133 156 98 150 77 53 56 76 116 120 106 111 174 110 102 62 114 54 151 
78 180 111 96 121 54 86 73 114 141 86 86 154 109 62 9 88 158 56 138 100 124 117 14 102 80 84 127 73 99 74 70 133 115 120 64 116 111 139 78 85 171 70 91 167 120 126 75 158 56 152 76 176 91 129 92 109 101 193 166 47 17 96 25 
63 97 160 177 141 180 94 106 167 20 100 108 105 112 149 19 177 141 79 120 176 117 76 95 75 155 88 148 111 87 126 107 6 151 114 118 62 115 158 86 19 61 137 91 103 139 23 161 85 150 133 116 91 22 82 80 108 108 92 172 91 114 147 39 
62 26 99 58 9 79 100 186 102 81 85 103 14 60 85 50 96 53 114 107 115 20 128 22 103 147 104 87 54 76 149 159 95 79 61 114 37 158 174 159 98 187 40 81 93 57 130 121 93 51 78 120 129 82 176 85 122 26 135 35 93 133 66 127 
97 94 92 23 168 111 52 136 130 63 170 92 93 124 103 118 69 59 94 68 195 144 63 121 134 83 36 37 71 163 56 100 126 165 144 79 115 109 18 159 127 14 49 111 90 15 81 154 9 156 144 106 92 80 85 34 50 90 128 120 32 76 157 52 
139 82 74 125 62 157 129 129 79 70 189 117 61 108 117 122 154 150 119 125 66 126 110 189 69 111 74 70 85 131 103 95 88 163 60 136 99 85 116 101 86 44 113 45 113 122 73 71 176 156 171 111 109 108 122 50 118 159 38 76 184 65 27 169 
106 135 134 68 56 108 97 170 109 160 130 136 173 112 134 181 126 170 81 124 40 129 33 105 73 84 53 107 139 40 123 56 95 97 119 107 89 102 98 63 33 47 90 98 86 76 150 165 98 40 64 174 101 108 26 90 159 108 16 133 94 71 79 158 
55 92 55 59 127 176 59 108 101 163 112 111 80 83 89 141 89 80 141 111 83 44 86 38 171 75 48 111 118 79 54 164 131 26 31 132 87 138 67 63 88 80 93 76 105 178 106 85 80 28 53 110 193 92 135 128 38 16 50 128 51 152 109 103 
119 127 91 91 68 105 134 105 171 103 195 64 40 99 101 93 124 150 160 147 29 146 55 116 120 138 108 98 60 132 118 83 88 32 56 106 42 72 139 106 98 139 102 59 57 62 94 119 149 67 181 102 166 172 35 120 76 133 128 132 157 143 100 85 
144 105 110 67 187 149 101 173 84 92 34 25 73 102 107 71 68 116 94 159 176 85 120 110 42 82 82 117 132 183 42 83 107 128 131 67 108 103 146 93 96 66 87 106 93 32 148 44 112 58 26 62 47 91 93 32 184 94 51 157 136 143 149 121 
110 85 132 102 124 182 54 39 146 123 106 120 88 160 92 97 163 77 104 127 133 108 117 78 169 41 16 69 74 86 108 60 97 54 119 40 147 17 167 64 41 48 139 134 26 136 92 75 134 79 82 114 17 114 133 76 65 71 152 143 143 22 41 188 
57 168 88 89 148 178 127 93 81 140 96 87 121 166 77 126 113 128 107 107 31 109 134 137 106 159 169 69 101 113 32 70 145 95 40 182 95 146 109 138 196 106 42 181 96 62 59 69 15 115 132 54 96 147 66 157 27 79 109 100 149 41 92 66 
67 74 54 35 100 112 117 134 88 71 14 136 99 138 17 119 118 76 81 151 86 123 79 103 97 145 142 61 56 84 160 110 102 40 74 166 55 103 108 51 88 49 137 19 67 95 91 87 20 94 101 151 25 39 127 52 169 158 103 85 121 188 66 158 