32
1 5 1 7 6 10 5 4 3 10 8 7 3 8 6 8 8 9 10 8 3 9 1 4 8 7 9 2 9 2 8 9 
7 5 8 10 3 7 10 7 8 3 3 4 8 5 2 1 9 5 5 2 1 10 4 1 7 9 3 4 9 2 3 7 
7 5 6 2 2 5 5 1 8 4 5 4 3 1 1 2 4 2 4 7 3 5 9 3 1 6 8 3 10 1 1 1 
5 6 2 5 10 3 4 6 6 9 9 6 3 2 2 1 9 7 4 5 9 6 3 3 10 6 4 9 4 10 1 1 
8 8 9 2 8 7 8 2 8 10 8 6 5 4 8 7 7 4 5 3 3 1 7 1 5 5 1 8 8 10 5 9 
6 6 1 7 2 10 2 9 6 8 9 9 10 5 9 1 9 9 1 3 4 6 2 9 8 7 4 1 5 9 5 1 
3 9 3 7 7 7 9 10 1 7 3 3 7 1 4 3 3 8 10 1 1 3 3 5 5 1 4 3 5 8 3 8 
1 7 5 3 10 10 10 1 9 6 5 9 7 9 8 4 4 1 2 9 10 7 1 2 2 7 1 6 9 1 6 2 
7 9 9 3 7 8 1 1 8 10 8 9 4 9 9 10 4 5 2 3 10 8 6 4 9 2 1 1 7 5 4 3 
3 3 8 10 6 5 2 5 7 10 4 1 1 10 5 10 5 8 3 8 7 4 8 9 8 1 5 10 7 2 10 9 
10 9 6 5 7 10 5 10 8 8 4 4 2 1 10 1 2 5 8 6 1 3 10 1 8 4 7 6 2 4 6 7 
5 1 2 1 10 10 2 4 9 7 3 10 1 7 4 6 2 7 5 3 7 4 9 9 4 7 10 7 2 2 4 3 
10 7 2 7 2 7 2 9 8 3 5 7 1 6 1 3 2 8 10 8 7 2 9 7 1 7 10 1 6 4 7 4 
5 3 6 8 5 7 6 1 2 6 5 10 4 7 6 5 4 6 3 7 2 8 9 5 7 3 2 4 1 7 10 4 
6 3 8 8 4 1 4 4 8 2 9 1 2 7 1 9 1 5 6 2 6 10 8 4 2 6 8 10 1 2 3 6 
8 7 5 1 8 1 8 7 9 5 3 1 1 4 3 9 2 4 4 6 6 8 1 6 3 9 9 6 10 8 8 3 
10 8 7 9 6 3 9 4 2 8 3 5 1 1 6 4 6 8 10 5 3 4 6 4 8 8 2 3 7 2 3 10 
6 4 9 8 9 4 4 3 8 4 2 4 2 2 5 2 5 7 7 8 3 10 5 5 2 1 2 4 9 3 3 8 
10 4 3 2 3 1 5 4 3 10 3 4 7 3 9 6 9 7 6 9 8 9 10 10 2 8 3 7 2 4 4 5 
9 2 1 5 8 4 3 5 2 7 7 4 2 4 8 7 5 8 8 1 3 9 9 5 6 4 9 8 3 9 10 6 
10 3 1 7 8 9 3 4 6 10 6 1 2 1 2 4 2 8 3 10 8 1 5 2 5 2 9 3 1 7 5 2 
2 9 6 1 9 6 1 6 10 7 10 6 4 6 10 1 6 4 9 6 8 4 10 10 1 8 8 4 10 9 10 3 
3 10 7 3 10 8 10 3 9 1 8 9 3 5 1 4 5 6 1 2 7 5 10 3 5 4 10 7 7 3 2 7 
4 9 10 5 7 10 10 7 8 4 6 3 1 8 7 10 6 8 6 5 5 7 2 7 1 2 9 8 4 3 1 9 
8 7 3 1 9 2 5 1 2 4 6 8 10 1 1 9 10 8 3 5 4 1 2 1 10 2 6 9 8 4 2 2 
2 5 9 6 1 8 9 1 5 9 3 9 10 7 9 5 9 3 8 9 5 8 2 1 3 2 5 4 3 6 9 1 
10 6 8 8 3 5 4 8 8 7 5 8 2 2 10 4 4 5 1 8 6 10 4 5 4 1 1 10 4 10 1 3 
6 6 3 5 6 5 1 7 6 4 3 4 9 8 8 1 5 7 6 10 3 5 8 4 8 7 9 6 10 2 6 6 
5 10 10 2 5 9 5 9 10 4 8 8 5 7 3 1 2 2 10 10 4 6 4 10 10 10 1 2 10 1 3 5 
2 5 2 4 5 3 2 2 10 3 8 3 6 2 6 2 9 5 10 2 4 6 9 1 6 4 1 3 7 10 3 4 
8 8 8 7 5 3 7 5 5 8 2 4 9 9 8 5 3 10 4 6 7 1 5 8 3 1 1 8 8 1 5 8 
9 4 3 8 10 6 5 4 8 5 9 5 9 2 3 6 2 1 1 9 8 9 8 1 1 8 5 6 4 2 9 7 
78 111 104 117 54 166 116 147 125 121 134 53 33 10 61 135 3 154 98 127 9 135 78 125 143 174 150 140 140 79 150 146 
111 182 122 99 20 84 30 148 132 75 137 121 192 95 105 56 98 158 69 56 95 130 43 55 122 80 71 95 185 43 126 191 
104 122 76 116 43 139 62 113 85 177 109 122 129 79 69 106 146 102 113 54 156 135 149 83 81 146 105 85 130 148 110 67 
117 99 116 16 59 21 82 46 170 73 136 155 40 142 133 78 74 66 112 142 143 55 178 62 150 41 115 50 141 148 159 134 
54 20 43 59 38 118 137 88 108 143 115 103 59 122 93 22 72 179 36 174 143 45 116 143 152 85 68 123 105 107 152 65 
166 84 139 21 118 192 141 132 77 21 192 191 187 61 58 141 133 98 105 69 52 92 94 47 91 165 116 145 120 48 130 140 
116 30 62 82 137 141 74 113 169 63 131 184 90 98 58 180 123 152 24 62 23 160 109 19 138 151 97 67 159 150 166 45 
147 148 113 46 88 132 113 128 152 103 112 82 77 17 79 61 83 97 120 126 171 139 93 138 106 127 107 90 40 58 95 182 
125 132 85 170 108 77 169 152 144 117 116 122 147 132 117 146 126 94 117 126 143 68 130 115 29 124 114 78 104 63 150 99 
121 75 177 73 143 21 63 103 117 138 98 173 96 94 152 88 124 11 184 103 64 48 105 165 69 56 72 115 176 79 43 150 
134 137 109 136 115 192 131 112 116 98 118 107 18 68 160 21 108 142 90 49 94 71 28 112 139 151 118 176 107 130 168 88 
53 121 122 155 103 191 184 82 122 173 107 108 87 164 101 100 5 50 69 23 65 125 113 137 78 144 113 61 83 127 41 96 
33 192 129 40 59 187 90 77 147 96 18 87 156 93 73 142 126 80 113 121 69 103 128 122 93 89 88 131 94 93 122 100 
10 95 79 142 122 61 98 17 132 94 68 164 93 142 70 97 115 118 173 55 170 102 104 129 37 128 81 54 159 98 81 124 
61 105 69 133 93 58 58 79 117 152 160 101 73 70 68 42 102 112 50 134 86 100 103 123 73 146 95 76 9 118 172 68 
135 56 106 78 22 141 180 61 146 88 21 100 142 97 42 78 163 72 94 81 137 90 81 127 59 19 169 112 113 110 74 129 
3 98 146 74 72 133 123 83 126 124 108 5 126 115 102 163 162 97 149 138 95 55 149 115 99 68 98 141 74 73 121 141 
154 158 102 66 179 98 152 97 94 11 142 50 80 118 112 72 97 60 131 126 120 112 90 34 126 134 141 80 42 128 139 85 
98 69 113 112 36 105 24 120 117 184 90 69 113 173 50 94 149 131 136 110 68 154 128 74 80 65 75 136 124 194 56 72 
127 56 54 142 174 69 62 126 126 103 49 23 121 55 134 81 138 126 110 100 50 88 114 76 116 67 136 142 139 130 86 100 
9 95 156 143 143 52 23 171 143 64 94 65 69 170 86 137 95 120 68 50 38 39 42 169 88 80 50 98 132 109 135 155 
135 130 135 55 45 92 160 139 68 48 71 125 103 102 100 90 55 112 154 88 39 44 148 50 100 147 125 141 104 112 102 120 
78 43 149 178 116 94 109 93 130 105 28 113 128 104 103 81 149 90 128 114 42 148 112 53 155 84 102 80 123 82 155 110 
125 55 83 62 143 47 19 138 115 165 112 137 122 129 123 127 115 34 74 76 169 50 53 114 113 90 73 16 176 47 89 93 
143 122 81 150 152 91 138 106 29 69 139 78 93 37 73 59 99 126 80 116 88 100 155 113 94 137 59 104 164 167 92 124 
174 80 146 41 85 165 151 127 124 56 151 144 89 128 146 19 68 134 65 67 80 147 84 90 137 192 128 139 197 119 116 24 
150 71 105 115 68 116 97 107 114 72 118 113 88 81 95 169 98 141 75 136 50 125 102 73 59 128 174 180 49 76 171 62 
140 95 85 50 123 145 67 90 78 115 176 61 131 54 76 112 141 80 136 142 98 141 80 16 104 139 180 148 158 111 104 35 
140 185 130 141 105 120 159 40 104 176 107 83 94 159 9 113 74 42 124 139 132 104 123 176 164 197 49 158 78 124 148 78 
79 43 148 148 107 48 150 58 63 79 130 127 93 98 118 110 73 128 194 130 109 112 82 47 167 119 76 111 124 14 23 126 
150 126 110 159 152 130 166 95 150 43 168 41 122 81 172 74 121 139 56 86 135 102 155 89 92 116 171 104 148 23 144 59 
146 191 67 134 65 140 45 182 99 150 88 96 100 124 68 129 141 85 72 100 155 120 110 93 124 24 62 35 78 126 59 116 