64
1 10 5 5 3 5 2 7 7 7 10 1 7 9 6 9 1 4 2 2 2 4 9 6 4 2 5 5 1 6 6 2 1 7 7 2 1 2 5 2 10 4 3 1 6 8 5 10 9 3 4 5 8 9 1 10 8 1 5 3 8 2 6 2 
4 6 4 8 1 1 1 5 4 2 6 6 4 1 5 6 4 8 4 6 4 2 5 8 10 2 1 4 8 1 9 8 2 10 5 6 8 6 6 6 4 9 3 6 3 2 8 3 1 10 9 2 10 4 5 2 6 8 9 6 3 7 4 7 
4 5 6 6 1 9 8 9 9 1 9 1 9 9 4 10 6 8 1 2 7 1 8 1 3 6 10 9 10 2 9 8 6 5 3 5 2 9 6 9 4 8 7 9 3 2 2 10 10 7 10 3 1 6 5 8 8 9 6 2 6 4 7 9 
10 8 2 4 2 8 7 6 1 1 7 8 4 7 4 3 10 4 7 5 7 7 9 2 8 9 10 7 4 3 4 7 1 10 8 3 7 3 2 4 1 1 7 2 3 2 1 10 10 9 9 10 3 7 9 3 1 7 8 10 7 7 3 5 
3 7 6 3 8 2 2 6 9 4 9 5 1 10 8 1 7 8 6 6 5 3 8 1 1 1 2 6 4 1 4 10 9 4 10 8 7 10 8 9 8 9 8 3 10 2 4 9 9 9 10 8 7 4 8 3 2 6 2 5 8 1 4 9 
2 6 8 6 7 2 8 9 2 10 3 3 5 9 4 2 8 8 7 9 2 5 5 5 1 7 9 1 4 2 4 1 9 10 4 4 4 8 4 7 1 1 10 4 1 9 8 2 5 9 4 7 10 5 6 8 6 6 4 3 6 6 8 3 
10 4 7 5 9 3 5 7 9 8 10 3 2 5 8 8 7 1 6 7 1 1 3 3 9 6 6 3 7 3 6 1 1 4 7 9 9 5 9 8 6 4 5 4 8 7 3 4 4 5 4 6 1 6 10 3 1 7 8 2 4 3 7 7 
9 6 3 9 1 5 10 9 4 6 2 1 7 3 7 10 5 9 3 5 9 3 5 5 4 1 8 1 10 1 7 6 3 5 6 4 10 10 7 3 10 7 4 8 10 2 8 2 3 6 7 5 6 10 7 4 9 2 3 9 5 4 9 4 
7 4 1 4 10 7 2 6 4 9 8 10 3 5 4 4 9 6 3 5 7 3 3 8 8 10 7 4 10 7 9 3 1 8 10 9 5 5 2 1 10 2 3 10 7 10 7 10 7 8 4 1 5 5 7 8 1 9 3 2 8 9 4 9 
2 9 1 10 1 6 3 9 2 1 6 9 4 5 5 6 9 10 7 3 4 8 1 1 6 3 10 10 1 4 6 9 2 2 5 5 4 9 4 7 4 8 10 3 6 5 5 2 1 10 7 9 5 7 6 3 5 3 9 10 6 5 2 8 
10 2 6 8 1 9 3 3 7 8 3 1 10 5 7 6 2 2 4 4 5 10 9 5 8 7 7 2 8 2 10 1 2 10 7 6 4 5 8 7 1 2 2 10 1 4 6 5 5 6 8 7 5 10 8 10 1 3 2 8 9 3 9 6 
8 1 7 10 7 6 7 10 4 4 1 8 9 10 4 3 6 9 9 10 8 4 6 2 4 10 4 7 4 6 10 7 3 10 6 4 3 8 4 3 3 6 3 7 5 3 3 9 4 8 8 8 4 7 6 5 3 1 8 10 4 3 8 1 
9 7 1 10 2 7 1 9 6 10 8 3 3 2 8 5 10 3 2 3 5 7 8 9 4 8 1 8 2 8 4 5 8 4 5 10 1 10 3 6 2 5 3 10 2 2 3 9 7 8 8 1 1 2 2 6 10 6 1 2 3 6 10 10 
5 1 7 10 1 5 9 5 3 2 2 2 3 1 6 10 5 9 9 8 7 6 2 9 1 3 2 6 1 5 7 1 9 10 8 4 8 2 4 8 1 7 6 6 4 8 7 7 4 4 5 9 7 9 7 10 9 3 2 5 1 10 9 10 
9 1 10 2 3 8 4 3 5 6 10 4 8 2 5 8 10 3 7 2 10 7 1 1 8 6 5 5 5 3 3 2 7 9 1 5 6 1 7 5 3 5 6 4 2 6 9 6 3 6 5 1 5 8 9 6 5 2 7 2 5 1 5 2 
3 10 5 2 7 10 6 10 1 6 3 5 9 4 7 10 3 8 10 4 1 1 9 4 1 5 1 5 2 8 10 1 4 5 7 9 10 8 6 2 10 1 4 9 6 4 3 3 8 9 10 7 1 4 5 5 7 7 2 10 4 7 2 4 
2 1 5 1 1 8 1 1 4 10 8 5 2 10 5 9 7 4 6 6 2 2 4 1 10 10 6 6 6 9 5 10 6 6 10 10 4 4 2 2 7 9 3 1 2 2 10 8 10 3 3 1 5 3 2 1 9 2 6 5 3 2 4 6 
1 6 1 1 2 7 3 5 2 5 5 5 9 5 8 4 9 3 9 2 9 3 10 6 4 7 8 6 10 10 6 5 8 10 4 2 8 4 9 2 6 7 3 7 4 9 4 3 8 2 5 5 10 1 10 1 2 4 10 2 2 3 7 2 
5 1 6 6 10 6 8 4 10 10 5 6 7 7 9 9 6 9 1 6 7 7 4 10 10 8 1 10 1 10 8 5 10 3 6 4 1 7 8 9 9 7 9 3 8 9 7 8 4 2 4 6 9 7 9 4 9 7 3 2 10 2 10 1 
5 3 8 2 6 9 3 10 7 4 3 8 2 5 6 10 5 9 4 9 2 2 8 2 1 9 10 5 1 4 2 8 1 4 9 5 7 1 10 2 2 10 4 1 3 9 10 4 5 10 5 8 5 3 2 9 7 3 8 6 2 9 3 5 
4 5 5 3 6 8 9 8 1 1 6 5 5 7 10 7 7 5 4 6 9 3 6 10 6 10 8 5 4 4 9 10 4 2 6 7 4 10 6 7 4 8 3 2 5 1 5 7 7 1 3 6 6 8 10 10 6 7 10 9 5 5 7 10 
2 7 7 6 1 7 2 7 1 10 9 8 3 10 4 1 10 9 4 7 1 1 1 9 3 9 9 4 1 1 9 8 4 7 4 8 4 9 7 8 3 4 10 8 4 9 7 4 5 5 2 1 2 5 9 9 6 9 2 3 2 9 8 1 
10 9 2 8 5 1 1 8 5 7 9 4 7 6 2 7 2 9 3 4 2 7 9 9 5 6 7 9 7 10 5 3 5 10 10 2 10 9 10 7 5 1 1 3 3 9 1 1 1 3 5 9 1 10 7 6 7 3 5 4 8 8 1 4 
8 9 9 9 10 6 2 4 9 2 9 3 9 5 5 10 4 7 8 1 10 9 6 9 10 6 7 2 8 7 10 9 4 9 3 8 1 3 5 2 8 8 1 8 8 6 8 3 9 2 5 5 3 8 6 8 5 7 8 7 7 10 7 3 
7 5 10 3 6 10 3 6 3 5 8 3 5 10 1 9 4 6 9 7 6 1 5 7 6 2 2 9 3 4 4 7 6 6 3 6 5 5 8 4 9 8 4 10 6 6 4 8 9 8 8 5 3 6 3 4 2 4 2 8 8 4 3 10 
5 1 7 8 10 4 2 3 9 10 2 5 9 8 4 7 6 3 2 5 8 6 9 10 1 4 6 3 5 9 9 10 5 1 10 5 2 6 9 6 3 9 8 4 5 7 9 2 8 10 8 3 10 10 4 9 3 3 7 5 8 7 5 6 
5 4 9 9 10 5 3 7 10 3 8 5 7 7 10 4 6 2 5 1 6 9 3 7 10 6 5 9 9 9 5 6 7 3 4 7 3 3 7 5 1 3 5 9 8 7 5 8 10 6 4 4 7 2 1 9 7 10 7 5 8 7 10 3 
3 4 9 5 7 5 9 9 4 10 1 7 5 3 10 2 10 9 1 6 3 4 8 1 7 6 1 9 1 2 1 2 3 3 6 10 10 1 7 5 8 4 5 6 10 3 1 2 1 10 2 8 4 5 3 2 10 8 1 6 5 3 10 2 
1 3 9 5 8 2 3 2 6 1 8 8 9 5 3 4 8 2 2 7 1 8 9 2 7 7 5 2 3 10 4 6 9 1 7 9 8 10 9 1 7 7 10 1 2 5 2 2 6 10 8 9 4 7 10 6 5 8 8 1 7 1 10 6 
9 4 8 5 4 10 7 9 4 1 10 6 8 2 9 5 4 9 5 5 2 4 3 4 2 2 7 10 3 6 10 3 4 2 9 3 10 9 9 3 6 2 6 10 1 1 1 4 5 8 10 7 10 4 10 1 10 2 10 7 6 9 5 3 
5 5 5 10 4 1 1 3 4 9 6 2 7 5 7 2 8 7 8 7 8 8 2 3 5 9 8 2 5 5 8 3 2 4 6 2 8 5 3 1 2 2 2 6 6 9 9 5 6 4 3 2 3 7 1 10 1 7 10 3 10 5 8 9 
3 10 3 6 3 5 9 5 4 7 5 3 8 10 2 9 3 10 5 4 3 9 4 9 2 6 10 9 8 7 3 6 5 3 7 8 8 4 3 3 10 9 2 5 5 4 1 10 1 8 9 9 2 5 3 9 3 10 1 10 3 7 3 8 
10 5 4 10 2 8 10 7 2 4 2 3 10 7 1 10 8 6 4 9 8 5 6 8 1 8 4 2 3 9 1 1 4 7 1 7 7 9 2 7 5 2 1 7 3 6 3 9 1 8 6 4 6 2 3 3 7 6 7 6 3 3 1 5 
6 8 9 10 10 4 9 7 6 4 4 5 1 3 10 5 7 7 9 5 4 8 4 1 2 1 7 7 8 10 2 4 6 2 10 3 6 9 5 2 5 4 2 3 7 4 3 9 6 6 1 9 10 6 7 7 4 4 7 8 4 9 1 3 
2 9 5 6 2 4 9 8 3 8 9 10 8 8 10 5 2 4 1 1 1 7 6 8 6 3 3 4 10 5 9 10 10 3 8 1 8 3 2 10 6 9 10 9 7 3 5 1 6 3 9 9 2 7 2 1 5 2 7 8 9 4 2 6 
8 3 1 9 6 3 6 10 10 1 2 8 3 9 6 3 6 5 9 5 1 9 1 9 6 1 9 1 9 6 2 5 4 9 7 1 6 9 2 5 9 8 4 10 1 5 1 9 5 8 9 4 5 2 7 2 1 9 8 8 10 8 6 1 
3 3 10 3 1 2 4 8 8 8 9 4 3 6 5 2 10 5 4 1 6 10 3 4 4 1 3 7 8 3 6 2 2 6 9 4 2 3 7 2 4 7 9 2 4 4 10 8 10 10 6 6 9 10 6 7 9 9 1 5 4 2 9 10 
9 8 8 9 8 5 6 5 4 4 4 10 7 3 5 8 10 7 3 1 10 2 3 1 7 7 2 10 9 1 9 3 6 10 10 7 4 1 6 1 3 5 1 1 10 10 9 10 7 10 8 1 7 10 3 10 2 5 3 6 5 8 7 2 
7 6 2 2 1 2 3 8 5 5 7 6 10 1 4 5 1 3 1 6 4 1 3 2 5 8 6 2 7 10 7 5 7 1 1 5 6 9 6 8 7 3 2 1 3 5 3 8 10 2 6 5 8 8 8 5 5 6 1 8 4 10 9 6 
8 2 9 3 2 9 1 8 3 10 7 8 6 4 4 1 8 2 9 7 7 10 6 4 8 7 6 1 6 3 7 7 6 5 8 1 2 1 10 9 3 9 8 6 1 8 5 4 4 4 4 7 3 9 5 4 4 3 9 8 3 1 9 6 
6 2 10 9 6 8 8 7 2 2 1 6 3 3 5 7 1 5 3 5 10 5 2 4 5 5 5 1 7 5 2 3 4 7 3 4 6 6 10 8 9 9 4 4 5 10 2 8 6 5 3 1 1 1 10 8 10 4 3 4 1 8 4 8 
2 7 6 8 5 9 8 2 4 10 6 8 7 1 3 9 5 5 5 7 4 9 1 10 9 8 1 6 3 6 4 1 9 6 8 9 9 10 3 8 3 7 10 3 1 4 8 1 10 1 9 4 9 1 6 4 10 3 3 7 8 2 5 8 
2 5 10 4 10 6 7 1 5 10 3 4 8 4 3 6 5 10 2 8 2 5 5 8 8 2 7 4 10 8 8 10 2 3 2 3 3 8 7 1 2 2 5 1 2 6 6 7 7 3 2 10 3 10 7 4 2 4 8 4 3 8 1 7 
4 8 3 3 5 9 9 2 3 3 2 2 10 6 5 8 3 7 7 6 7 7 3 1 6 9 4 3 6 2 6 2 8 9 1 8 6 3 10 5 4 2 10 7 7 6 2 10 1 4 7 6 2 9 4 7 10 8 4 8 9 3 2 7 
2 8 10 4 9 2 1 3 6 10 5 4 8 5 6 7 5 3 9 1 5 9 9 1 5 9 6 7 1 9 8 7 2 9 10 9 9 7 3 4 3 2 7 7 5 6 3 8 1 7 10 10 1 1 8 7 5 5 1 10 1 4 2 8 
4 3 9 3 3 10 6 6 6 2 3 6 5 9 1 2 9 9 9 3 2 2 1 5 10 3 8 3 8 4 7 9 3 5 10 9 10 2 10 4 10 5 10 9 6 4 3 6 8 9 4 8 5 7 3 6 6 9 10 5 8 8 8 10 
1 10 3 8 2 5 8 5 6 1 8 5 2 7 7 4 10 4 7 1 9 4 8 2 1 9 4 10 6 4 3 8 7 2 2 9 4 7 4 3 5 7 4 1 8 2 4 5 8 2 8 5 10 2 7 1 5 6 4 3 1 3 5 4 
8 3 6 5 10 6 6 1 2 9 5 8 7 4 9 9 9 5 7 8 1 6 5 9 6 5 8 8 9 7 8 1 1 7 6 2 1 2 2 9 5 2 4 6 10 3 9 5 3 4 9 5 2 2 6 2 10 2 7 7 8 3 6 7 
3 2 4 2 6 6 1 7 2 5 5 3 1 8 3 1 7 4 7 7 1 6 2 6 2 6 10 8 10 4 5 3 7 7 1 8 7 3 4 6 6 2 7 10 4 1 9 5 4 2 8 9 3 7 8 7 8 4 9 9 9 10 4 5 
5 4 5 1 1 5 10 3 5 10 6 9 6 6 6 9 8 4 4 9 2 1 8 4 3 6 10 10 5 1 7 6 3 3 8 6 8 5 1 4 5 5 2 9 4 8 8 10 6 4 4 8 6 7 1 4 7 5 10 1 2 2 2 3 
1 5 5 6 1 9 3 3 4 9 6 2 6 3 10 4 6 8 3 6 4 6 9 8 6 9 8 2 7 7 5 10 8 9 7 3 8 6 3 3 8 2 1 3 6 9 1 3 5 2 1 10 5 9 6 10 10 2 5 1 10 9 9 2 
10 10 6 4 7 6 10 4 9 8 2 6 5 6 9 5 2 7 9 8 3 8 7 3 9 1 6 7 6 6 5 2 8 4 2 2 3 2 5 8 3 4 4 3 6 5 10 10 7 9 10 1 3 7 3 5 6 3 10 3 10 5 8 2 
6 8 5 8 6 6 10 2 2 5 8 1 10 4 9 5 7 4 9 8 7 2 6 1 3 6 1 2 1 5 1 3 2 1 6 7 3 5 6 5 5 1 10 5 7 7 1 3 7 9 4 5 4 9 9 5 10 8 4 5 7 8 10 1 
9 3 9 6 5 4 3 1 1 7 1 3 10 1 6 6 9 2 1 10 3 7 5 1 5 6 5 1 4 3 4 1 8 9 7 9 6 3 4 10 3 8 10 8 2 7 6 6 9 9 2 5 7 7 2 3 2 7 8 10 1 2 4 9 
10 3 5 9 9 8 2 5 7 10 8 9 1 9 4 1 1 1 6 1 5 6 5 8 10 3 6 6 10 8 4 6 9 5 4 7 2 9 6 10 7 8 3 3 5 2 8 5 8 8 8 4 8 10 8 7 2 8 5 6 2 6 3 8 
10 3 2 1 6 8 4 7 7 6 5 5 2 2 5 3 8 10 2 2 3 3 2 5 6 1 9 8 8 7 4 7 2 8 6 7 10 4 3 7 8 2 9 2 7 4 5 8 8 4 5 7 4 5 4 1 4 10 5 5 10 1 6 7 
5 9 8 3 8 7 2 1 5 9 3 8 4 10 2 3 8 7 7 3 7 7 3 1 4 2 9 7 5 10 9 6 7 8 8 4 3 9 10 8 9 4 9 5 10 10 1 4 2 3 2 10 2 6 3 3 4 1 2 6 9 7 8 6 
8 10 9 3 1 8 7 4 3 4 6 1 4 7 6 8 3 3 5 3 8 8 9 6 5 7 2 2 5 5 5 6 8 6 8 5 1 10 5 8 2 9 4 6 2 4 10 10 10 2 10 5 9 10 8 9 10 5 4 6 2 1 6 6 
9 4 2 5 7 5 6 9 2 4 7 6 4 10 8 8 1 3 4 4 5 7 5 6 7 10 8 6 1 8 5 6 10 4 8 8 10 7 5 7 5 9 1 3 1 8 8 7 2 2 6 4 6 2 3 10 1 10 2 3 7 3 7 2 
4 6 6 2 4 7 10 2 3 10 7 10 7 5 7 3 3 4 3 2 5 6 10 3 6 2 3 2 2 1 3 5 7 2 10 3 1 5 1 4 3 1 2 2 5 7 10 1 7 2 2 2 1 10 2 1 4 8 5 10 10 1 2 2 
6 2 5 1 2 6 2 1 7 9 10 3 10 9 4 2 2 5 6 4 1 3 6 10 2 3 6 9 3 6 2 9 5 1 6 3 10 5 5 4 3 5 10 6 6 6 7 4 8 8 2 3 8 10 3 8 8 10 8 4 9 1 9 9 
4 1 1 1 3 1 10 6 8 3 1 1 2 4 1 10 1 4 2 10 7 4 5 10 5 4 6 5 6 3 7 6 3 8 10 2 4 9 8 4 1 3 6 2 3 2 9 3 7 7 4 8 10 8 10 1 1 1 7 3 7 7 4 1 
1 2 2 4 2 3 9 5 4 4 6 3 10 3 4 4 1 9 4 4 9 8 1 4 2 10 8 1 8 3 5 10 10 10 1 10 3 10 8 3 5 10 1 10 4 10 10 5 9 6 1 4 2 6 10 4 4 2 9 2 2 8 9 3 
4 9 4 9 10 3 6 3 3 7 2 5 1 9 5 4 9 5 8 1 3 5 6 7 5 8 5 2 9 9 8 5 10 3 3 5 2 10 8 9 3 5 3 10 5 5 6 3 6 7 6 7 3 3 6 5 10 2 7 8 5 2 1 7 
32 86 165 139 136 116 81 92 138 13 71 116 114 66 116 119 174 99 130 88 139 133 13 88 131 21 72 152 115 105 75 109 105 103 127 90 64 128 108 86 146 132 107 118 122 159 140 117 9 126 103 130 85 47 81 46 76 99 171 101 148 192 128 157 
86 146 134 83 160 147 159 80 132 102 157 132 108 105 48 49 81 75 140 75 105 66 76 64 115 123 181 60 134 15 127 76 95 123 28 113 61 76 119 185 101 86 81 40 21 148 54 90 155 106 96 29 22 34 36 156 64 59 104 151 133 98 61 105 
165 134 104 99 67 181 93 80 155 58 117 141 62 23 75 135 161 144 98 152 123 29 85 162 192 140 97 139 143 88 103 56 79 145 47 138 81 50 132 130 100 115 118 81 80 98 177 155 109 68 115 76 180 107 90 87 94 119 93 169 70 29 101 144 
139 83 99 160 103 95 73 133 107 177 79 83 162 103 76 99 109 20 72 41 63 128 83 66 51 148 64 119 156 98 99 135 74 115 97 21 88 96 50 102 96 137 32 106 119 106 120 75 98 64 74 114 117 102 106 45 20 102 130 64 117 67 49 44 
136 160 67 103 56 78 105 72 71 136 45 122 111 135 56 89 151 119 145 79 116 172 147 122 43 105 79 76 111 151 51 38 91 62 34 88 125 73 77 51 133 74 28 75 122 126 73 174 32 39 69 148 96 131 129 59 126 55 62 69 65 170 117 43 
116 147 181 95 78 98 44 139 114 166 163 91 95 117 145 60 93 123 46 79 139 61 65 154 106 97 154 161 87 159 81 155 146 115 94 71 159 86 88 10 96 113 121 71 105 109 83 136 41 122 191 116 185 124 28 80 72 167 169 70 129 156 141 167 
81 159 93 73 105 44 80 62 184 162 53 73 144 106 95 6 111 143 162 144 154 99 66 173 100 32 48 75 90 113 146 39 123 92 135 63 44 195 106 158 71 90 100 170 97 52 102 22 86 106 12 152 125 130 31 163 66 99 82 102 96 92 185 71 
92 80 80 133 72 139 62 176 107 128 150 61 96 38 125 128 110 96 129 96 122 182 27 81 135 119 126 80 199 91 11 109 102 165 71 154 118 118 86 79 75 84 156 108 52 131 164 109 47 89 81 107 84 43 107 96 112 92 39 42 57 92 96 147 
138 132 155 107 71 114 184 107 70 187 76 88 59 83 103 136 149 111 77 153 51 100 57 85 158 53 157 8 167 87 143 52 19 80 163 63 111 67 134 115 45 132 89 50 101 37 114 20 61 153 194 68 107 103 84 136 103 151 131 101 118 183 187 71 
13 102 58 177 136 166 162 128 187 134 125 79 23 92 56 88 146 137 98 112 115 136 59 108 84 104 115 108 100 125 88 119 105 132 136 72 50 93 26 65 43 136 119 39 81 170 128 18 89 121 109 123 125 146 106 49 143 54 80 156 159 68 113 17 
71 157 117 79 45 163 53 150 76 125 144 16 100 71 147 111 85 165 173 151 98 72 53 144 160 161 188 151 19 64 47 157 151 75 62 49 73 119 151 67 193 118 92 65 39 99 115 26 116 180 127 66 131 92 28 27 85 81 194 4 20 128 58 122 
116 132 141 83 122 91 73 61 88 79 16 52 115 132 132 41 94 54 37 113 133 70 88 44 57 105 124 117 58 113 83 119 103 113 127 103 139 77 91 67 153 14 73 154 99 137 154 149 131 112 132 139 31 147 106 62 92 128 106 149 78 120 134 166 
114 108 62 162 111 95 144 96 59 23 100 115 104 64 113 122 157 91 48 108 160 98 55 87 112 150 59 81 120 123 38 35 56 54 82 52 75 67 84 124 102 107 25 144 136 180 140 117 24 50 45 146 102 115 34 194 43 112 112 88 29 120 144 126 
66 105 23 103 135 117 106 38 83 92 71 132 64 122 104 103 95 72 41 128 101 94 97 157 72 101 92 61 88 166 147 108 25 57 38 120 99 151 82 20 178 54 127 65 29 152 62 42 82 176 99 133 110 179 111 119 73 146 77 63 129 101 103 73 
116 48 75 76 56 145 95 125 103 56 147 132 113 104 144 115 125 120 146 95 105 11 15 161 13 77 173 105 132 57 92 111 136 39 91 139 117 66 118 101 42 85 100 79 146 69 42 78 140 143 55 23 53 168 69 19 179 139 133 118 174 112 97 89 
119 49 135 99 89 60 6 128 136 88 111 41 122 103 115 52 69 34 100 161 124 93 76 75 153 87 134 112 61 70 99 151 103 139 156 53 95 113 169 95 134 134 145 123 90 78 58 55 105 154 113 98 76 143 58 166 178 153 97 30 132 167 168 185 
174 81 161 109 151 93 111 110 149 146 85 94 157 95 125 69 194 87 186 134 39 88 141 135 105 84 85 91 97 44 142 138 114 117 95 108 48 43 141 103 84 143 39 96 93 96 135 176 115 189 63 82 33 130 9 92 46 48 88 130 89 92 153 154 
99 75 144 20 119 123 143 96 111 137 165 54 91 72 120 34 87 122 33 52 68 67 64 175 102 172 32 158 99 54 117 128 7 38 111 93 125 82 55 127 49 83 130 109 155 136 135 55 115 129 38 70 121 97 111 82 115 70 159 21 103 110 175 77 
130 140 98 72 145 46 162 129 77 98 173 37 48 41 146 100 186 33 106 73 39 91 108 118 143 107 117 114 139 76 85 122 104 97 79 127 161 77 89 108 94 98 48 176 67 86 44 90 42 46 132 106 109 84 126 153 11 123 93 90 71 139 107 121 
88 75 152 41 79 79 144 96 153 112 151 113 108 128 95 161 134 52 73 16 69 38 81 69 111 192 68 76 93 134 127 77 71 110 166 134 149 85 81 136 67 159 48 139 168 123 59 122 21 151 115 145 141 54 122 58 62 50 76 87 135 129 69 97 
139 105 123 63 116 139 154 122 51 115 98 133 160 101 105 124 39 68 39 69 148 99 36 101 101 76 35 22 35 102 15 56 166 129 84 88 129 122 105 121 86 64 123 96 175 111 49 70 135 75 66 111 177 59 82 94 20 166 97 106 108 109 71 105 
133 66 29 128 172 61 99 182 100 136 72 70 98 94 11 93 88 67 91 38 99 98 123 130 11 140 119 121 150 77 103 85 57 88 88 99 109 95 80 66 72 87 125 88 109 77 178 145 121 51 96 47 84 102 56 165 122 172 114 66 57 125 73 59 
13 76 85 83 147 65 66 27 57 59 53 88 55 97 15 76 141 64 108 81 36 123 74 152 46 116 138 45 156 156 86 42 75 87 108 138 89 164 167 105 101 170 175 92 79 97 141 99 127 149 47 106 58 63 169 130 123 67 120 110 132 95 41 17 
88 64 162 66 122 154 173 81 85 108 144 44 87 157 161 75 135 175 118 69 101 130 152 122 99 76 145 112 127 11 84 109 43 142 121 153 106 143 80 89 108 147 76 115 106 103 111 140 25 59 101 57 129 76 87 181 174 149 103 111 77 94 46 58 
131 115 192 51 43 106 100 135 158 84 160 57 112 72 13 153 105 102 143 111 101 11 46 99 118 82 20 185 140 166 108 42 71 50 90 162 28 142 107 120 120 176 141 152 102 64 127 111 35 112 134 98 167 151 122 159 24 149 105 25 96 131 72 131 
21 123 140 148 105 97 32 119 53 104 161 105 150 101 77 87 84 172 107 192 76 140 116 76 82 64 172 13 114 63 76 101 131 155 168 148 18 47 153 25 116 112 52 186 142 10 117 57 140 153 146 85 77 45 128 90 120 70 184 14 154 130 59 111 
72 181 97 64 79 154 48 126 157 115 188 124 59 92 173 134 85 32 117 68 35 119 138 145 20 172 178 57 115 60 68 68 164 81 135 55 129 80 166 167 112 130 92 122 106 33 76 88 127 84 123 104 85 36 78 136 111 72 148 98 99 55 53 179 
152 60 139 119 76 161 75 80 8 108 151 117 81 61 105 112 91 158 114 76 22 121 45 112 185 13 57 158 175 194 105 154 163 125 107 114 152 73 149 131 41 69 131 116 81 94 120 44 94 93 125 114 104 95 105 156 126 43 114 170 87 121 109 109 
115 134 143 156 111 87 90 199 167 100 19 58 120 88 132 61 97 99 139 93 35 150 156 127 140 114 115 175 166 101 171 117 157 123 44 56 100 102 139 17 77 101 143 78 89 87 145 146 43 52 108 64 114 121 111 103 106 64 64 65 15 91 102 62 
105 15 88 98 151 159 113 91 87 125 64 113 123 166 57 70 44 54 76 134 102 77 156 11 166 63 60 194 101 40 66 102 149 106 51 86 124 95 183 117 111 91 42 168 103 31 180 28 70 153 72 108 84 83 121 151 100 126 145 23 185 113 160 118 
75 127 103 99 51 81 146 11 143 88 47 83 38 147 92 99 142 117 85 127 15 103 86 84 108 76 68 105 171 66 160 123 151 149 143 120 21 40 104 87 50 105 142 89 56 96 89 110 110 84 106 112 96 26 114 101 70 71 62 48 161 119 132 35 
109 76 56 135 38 155 39 109 52 119 157 119 35 108 111 151 138 128 122 77 56 85 42 109 42 101 68 154 117 102 123 22 84 160 137 95 114 103 45 106 144 105 51 137 73 92 72 97 34 98 109 126 75 92 38 76 173 108 79 150 152 106 62 71 
105 95 79 74 91 146 123 102 19 105 151 103 56 25 136 103 114 7 104 71 166 57 75 43 71 131 164 163 157 149 151 84 194 131 14 78 102 58 41 67 172 95 130 80 110 107 169 78 78 165 170 181 127 153 124 97 106 81 129 45 90 150 132 127 
103 123 145 115 62 115 92 165 80 132 75 113 54 57 39 139 117 38 97 110 129 88 87 142 50 155 81 125 123 106 149 160 131 46 121 32 190 52 111 34 107 100 73 53 121 127 160 84 113 157 119 107 70 97 139 75 20 149 164 161 93 73 62 142 
127 28 47 97 34 94 135 71 163 136 62 127 82 38 91 156 95 111 79 166 84 88 108 121 90 168 135 107 44 51 143 137 14 121 104 36 130 151 66 158 129 151 68 167 81 147 114 62 92 165 75 52 77 64 167 29 49 87 42 101 114 74 71 87 
90 113 138 21 88 71 63 154 63 72 49 103 52 120 139 53 108 93 127 134 88 99 138 153 162 148 55 114 56 86 120 95 78 32 36 8 159 96 86 56 188 158 76 116 134 29 125 106 156 118 162 67 162 43 109 50 85 96 33 110 64 91 130 68 
64 61 81 88 125 159 44 118 111 50 73 139 75 99 117 95 48 125 161 149 129 109 89 106 28 18 129 152 100 124 21 114 102 190 130 159 86 104 106 58 177 65 9 111 31 176 76 193 36 90 126 161 130 110 86 63 110 109 51 141 36 145 138 118 
128 76 50 96 73 86 195 118 67 93 119 77 67 151 66 113 43 82 77 85 122 95 164 143 142 47 80 73 102 95 40 103 58 52 151 96 104 188 131 100 84 27 140 186 80 110 127 124 23 91 119 107 127 93 123 85 145 179 169 31 87 117 162 172 
108 119 132 50 77 88 106 86 134 26 151 91 84 82 118 169 141 55 89 81 105 80 167 80 107 153 166 149 139 183 104 45 41 111 66 86 106 131 128 28 138 52 97 32 33 110 113 85 121 96 163 117 66 125 144 75 107 87 126 173 105 100 61 99 
86 185 130 102 51 10 158 79 115 65 67 67 124 20 101 95 103 127 108 136 121 66 105 89 120 25 167 131 17 117 87 106 67 34 158 56 58 100 28 84 82 30 88 104 70 83 47 65 125 23 66 113 98 102 29 107 141 87 152 85 69 68 35 47 
146 101 100 96 133 96 71 75 45 43 193 153 102 178 42 134 84 49 94 67 86 72 101 108 120 116 112 41 77 111 50 144 172 107 129 188 177 84 138 82 156 71 76 94 128 170 101 18 126 100 170 149 124 45 192 29 113 130 27 39 52 183 79 95 
132 86 115 137 74 113 90 84 132 136 118 14 107 54 85 134 143 83 98 159 64 87 170 147 176 112 130 69 101 91 105 105 95 100 151 158 65 27 52 30 71 40 144 116 74 23 76 138 116 105 114 105 155 45 83 188 121 73 87 147 82 75 89 121 
107 81 118 32 28 121 100 156 89 119 92 73 25 127 100 145 39 130 48 48 123 125 175 76 141 52 92 131 143 42 142 51 130 73 68 76 9 140 97 88 76 144 62 49 105 101 25 125 142 21 92 152 123 147 145 82 111 157 138 110 54 143 144 161 
118 40 81 106 75 71 170 108 50 39 65 154 144 65 79 123 96 109 176 139 96 88 92 115 152 186 122 116 78 168 89 137 80 53 167 116 111 186 32 104 94 116 49 52 136 144 108 107 91 162 138 10 92 43 139 104 48 114 105 138 119 103 84 53 
122 21 80 119 122 105 97 52 101 81 39 99 136 29 146 90 93 155 67 168 175 109 79 106 102 142 106 81 89 103 56 73 110 121 81 134 31 80 33 70 128 74 105 136 128 81 31 74 96 111 101 153 129 113 97 26 88 8 150 55 131 85 84 51 
159 148 98 106 126 109 52 131 37 170 99 137 180 152 69 78 96 136 86 123 111 77 97 103 64 10 33 94 87 31 96 92 107 127 147 29 176 110 110 83 170 23 101 144 81 168 89 80 113 88 68 117 42 187 126 14 136 68 122 29 164 108 27 105 
140 54 177 120 73 83 102 164 114 128 115 154 140 62 42 58 135 135 44 59 49 178 141 111 127 117 76 120 145 180 89 72 169 160 114 125 76 127 113 47 101 76 25 108 31 89 188 177 107 172 20 117 133 173 44 91 108 53 148 114 159 104 79 126 
117 90 155 75 174 136 22 109 20 18 26 149 117 42 78 55 176 55 90 122 70 145 99 140 111 57 88 44 146 28 110 97 78 84 62 106 193 124 85 65 18 138 125 107 74 80 177 112 97 59 34 107 66 114 57 151 150 148 71 105 115 127 50 110 
9 155 109 98 32 41 86 47 61 89 116 131 24 82 140 105 115 115 42 21 135 121 127 25 35 140 127 94 43 70 110 34 78 113 92 156 36 23 121 125 126 116 142 91 96 113 107 97 66 84 50 93 135 160 48 123 148 139 90 102 101 76 44 113 
126 106 68 64 39 122 106 89 153 121 180 112 50 176 143 154 189 129 46 151 75 51 149 59 112 153 84 93 52 153 84 98 165 157 165 118 90 91 96 23 100 105 21 162 111 88 172 59 84 152 111 73 124 107 131 189 163 29 31 183 105 159 65 152 
103 96 115 74 69 191 12 81 194 109 127 132 45 99 55 113 63 38 132 115 66 96 47 101 134 146 123 125 108 72 106 109 170 119 75 162 126 119 163 66 170 114 92 138 101 68 20 34 50 111 136 142 105 58 91 185 52 87 105 110 155 183 87 163 
130 29 76 114 148 116 152 107 68 123 66 139 146 133 23 98 82 70 106 145 111 47 106 57 98 85 104 114 64 108 112 126 181 107 52 67 161 107 117 113 149 105 152 10 153 117 117 107 93 73 142 152 154 42 87 37 67 128 72 152 104 93 152 57 
85 22 180 117 96 185 125 84 107 125 131 31 102 110 53 76 33 121 109 141 177 84 58 129 167 77 85 104 114 84 96 75 127 70 77 162 130 127 66 98 124 155 123 92 129 42 133 66 135 124 105 154 114 31 108 98 141 143 134 153 92 47 82 40 
47 34 107 102 131 124 130 43 103 146 92 147 115 179 168 143 130 97 84 54 59 102 63 76 151 45 36 95 121 83 26 92 153 97 64 43 110 93 125 102 45 45 147 43 113 187 173 114 160 107 58 42 31 82 115 158 154 111 165 157 24 136 120 98 
81 36 90 106 129 28 31 107 84 106 28 106 34 111 69 58 9 111 126 122 82 56 169 87 122 128 78 105 111 121 114 38 124 139 167 109 86 123 144 29 192 83 145 139 97 126 44 57 48 131 91 87 108 115 132 145 76 30 105 127 117 78 81 147 
46 156 87 45 59 80 163 96 136 49 27 62 194 119 19 166 92 82 153 58 94 165 130 181 159 90 136 156 103 151 101 76 97 75 29 50 63 85 75 107 29 188 82 104 26 14 91 151 123 189 185 37 98 158 145 132 67 61 184 187 114 151 118 100 
76 64 94 20 126 72 66 112 103 143 85 92 43 73 179 178 46 115 11 62 20 122 123 174 24 120 111 126 106 100 70 173 106 20 49 85 110 145 107 141 113 121 111 48 88 136 108 150 148 163 52 67 141 154 76 67 58 86 137 84 175 40 91 125 
99 59 119 102 55 167 99 92 151 54 81 128 112 146 139 153 48 70 123 50 166 172 67 149 149 70 72 43 64 126 71 108 81 149 87 96 109 179 87 87 130 73 157 114 8 68 53 148 139 29 87 128 143 111 30 61 86 118 130 80 60 100 62 111 
171 104 93 130 62 169 82 39 131 80 194 106 112 77 133 97 88 159 93 76 97 114 120 103 105 184 148 114 64 145 62 79 129 164 42 33 51 169 126 152 27 87 138 105 150 122 148 71 90 31 105 72 134 165 105 184 137 130 6 77 103 103 96 81 
101 151 169 64 69 70 102 42 101 156 4 149 88 63 118 30 130 21 90 87 106 66 110 111 25 14 98 170 65 23 48 150 45 161 101 110 141 31 173 85 39 147 110 138 55 29 114 105 102 183 110 152 153 157 127 187 84 80 77 2 145 71 78 73 
148 133 70 117 65 129 96 57 118 159 20 78 29 129 174 132 89 103 71 135 108 57 132 77 96 154 99 87 15 185 161 152 90 93 114 64 36 87 105 69 52 82 54 119 131 164 159 115 101 105 155 104 92 24 117 114 175 60 103 145 100 187 28 120 
192 98 29 67 170 156 92 92 183 68 128 120 120 101 112 167 92 110 139 129 109 125 95 94 131 130 55 121 91 113 119 106 150 73 74 91 145 117 100 68 183 75 143 103 85 108 104 127 76 159 183 93 47 136 78 151 40 100 103 71 187 18 142 121 
128 61 101 49 117 141 185 96 187 113 58 134 144 103 97 168 153 175 107 69 71 73 41 46 72 59 53 109 102 160 132 62 132 62 71 130 138 162 61 35 79 89 144 84 84 27 79 50 44 65 87 152 82 120 81 118 91 62 96 78 28 142 166 146 
157 105 144 44 43 167 71 147 71 17 122 166 126 73 89 185 154 77 121 97 105 59 17 58 131 111 179 109 62 118 35 71 127 142 87 68 118 172 99 47 95 121 161 53 51 105 126 110 113 152 163 57 40 98 147 100 125 111 81 73 120 121 146 10 