32
1 10 10 10 10 1 6 7 3 5 5 9 4 5 4 8 4 7 8 9 8 6 9 8 10 10 9 5 8 1 3 6 
9 4 8 4 7 4 3 2 4 4 5 9 1 2 1 9 3 4 6 2 5 10 10 10 4 6 1 8 6 9 5 8 
9 9 10 9 8 10 2 9 8 6 9 5 9 2 4 1 1 7 6 8 8 10 2 8 2 1 3 4 2 3 5 1 
5 6 2 9 1 9 8 8 7 10 3 7 6 2 2 8 6 4 9 5 9 2 10 9 3 1 1 5 3 1 7 5 
3 7 5 5 1 9 5 4 10 1 2 7 10 8 2 7 8 1 9 4 6 4 6 1 6 4 3 6 8 5 2 10 
4 10 6 2 4 9 2 4 6 3 1 3 1 3 1 1 3 8 9 1 10 7 10 2 8 1 8 6 10 6 10 8 
10 8 6 7 10 5 5 1 6 7 7 5 9 8 2 4 4 9 4 4 10 4 5 7 5 7 4 2 2 8 7 7 
9 10 4 5 9 10 2 8 4 7 5 10 4 2 5 10 5 2 6 3 6 6 6 8 9 1 3 6 6 8 10 6 
8 1 5 7 3 5 4 6 6 4 3 1 2 2 7 2 6 9 10 8 9 6 3 6 3 9 1 8 5 1 1 9 
9 5 10 2 4 9 1 9 8 3 3 10 3 1 10 5 9 10 9 2 6 7 7 8 7 6 8 7 7 7 3 5 
4 6 8 7 5 8 8 2 4 6 5 7 9 4 8 6 8 9 4 9 2 4 8 7 8 1 7 3 4 2 4 8 
3 5 6 1 4 3 2 2 1 4 6 4 3 8 2 10 1 8 1 2 7 9 1 3 2 6 5 2 9 3 10 2 
8 4 3 10 3 6 2 6 8 6 5 10 4 9 6 3 1 1 7 6 6 6 1 3 7 1 5 7 8 9 5 6 
8 4 10 10 4 4 1 6 2 5 6 4 6 10 5 5 6 5 1 1 2 5 1 7 7 4 9 9 1 3 3 5 
9 8 5 3 5 10 8 7 4 4 8 4 3 4 7 5 6 7 10 8 6 4 3 3 4 10 3 3 8 6 5 2 
5 10 2 10 9 1 5 10 4 8 3 2 3 3 8 5 2 5 1 4 2 4 2 5 2 7 3 6 9 3 3 3 
6 6 9 3 1 1 9 1 9 6 4 1 2 9 6 1 3 7 9 9 8 1 3 10 5 8 3 5 9 4 1 8 
1 4 6 5 7 3 4 1 8 9 6 6 3 5 7 1 1 3 2 3 10 7 4 7 3 4 3 4 6 1 6 10 
5 6 4 9 5 9 10 6 9 6 7 8 7 3 6 1 10 5 5 3 1 1 8 4 1 7 8 10 5 2 9 8 
3 8 2 4 1 8 4 2 4 2 2 5 5 2 6 4 3 5 2 8 1 7 7 1 7 10 1 10 1 2 7 3 
7 3 4 7 3 7 1 9 8 9 3 1 2 7 5 4 7 1 4 4 10 2 4 8 6 2 3 2 4 3 10 2 
5 4 3 2 3 10 8 8 5 10 8 6 7 10 1 6 7 8 8 5 3 3 5 2 10 9 8 5 4 6 2 6 
9 5 7 9 4 1 10 6 9 9 7 3 4 8 7 9 5 4 5 6 3 2 1 2 3 1 7 4 4 3 6 3 
7 4 10 7 9 6 9 3 3 3 1 4 8 1 4 4 8 4 10 4 1 6 8 9 1 4 8 4 9 8 2 9 
2 5 3 10 10 4 3 8 10 5 10 2 4 4 4 1 10 1 10 10 8 1 7 8 2 3 6 10 7 6 1 9 
9 4 6 6 7 2 7 7 10 9 2 8 1 2 2 2 2 4 6 9 6 8 6 5 3 2 8 6 1 8 10 10 
3 6 1 9 9 10 4 1 4 10 4 5 6 1 1 1 9 10 8 3 9 5 4 8 2 10 4 9 3 6 9 3 
2 5 9 8 10 8 8 7 3 6 7 3 1 3 10 3 10 2 7 9 6 8 9 6 8 9 2 3 9 7 1 3 
3 5 1 7 10 3 4 4 6 8 1 8 9 3 7 6 8 3 10 4 1 2 4 4 4 10 1 6 7 2 5 9 
2 5 9 4 9 3 7 10 2 5 6 9 7 1 8 5 10 10 6 8 8 5 1 10 4 8 6 10 2 8 2 3 
3 6 4 9 7 4 5 1 7 10 1 3 9 6 10 3 4 9 7 8 4 10 10 7 4 3 7 5 4 1 4 5 
1 7 4 2 6 10 3 4 10 2 4 10 6 10 5 10 6 1 2 1 2 7 8 9 9 4 9 3 5 2 7 2 
136 119 131 128 125 184 142 119 114 16 145 113 123 162 95 97 90 46 96 174 92 97 160 121 9 81 51 134 51 164 78 118 
119 56 29 175 89 122 95 136 71 127 95 153 51 59 112 169 154 54 119 48 44 134 183 140 25 140 172 160 133 155 80 53 
131 29 184 67 101 144 181 148 150 109 166 150 120 59 110 75 123 121 125 86 170 58 28 74 159 30 79 152 78 89 77 105 
128 175 67 28 82 114 98 164 33 85 83 119 93 36 42 114 117 145 60 99 157 161 119 102 109 181 155 141 41 83 124 175 
125 89 101 82 126 105 125 83 87 85 174 76 143 120 23 101 114 169 76 57 93 110 31 71 112 170 149 17 56 69 100 123 
184 122 144 114 105 150 95 77 131 139 144 172 114 50 102 118 188 94 81 141 71 107 151 18 95 76 115 140 57 74 136 47 
142 95 181 98 125 95 94 71 81 54 76 53 164 157 126 93 101 85 134 161 60 87 181 113 118 133 89 31 173 176 48 142 
119 136 148 164 83 77 71 60 86 69 142 117 78 170 98 115 110 16 113 92 121 161 43 102 37 143 64 114 115 184 178 82 
114 71 150 33 87 131 81 86 124 76 85 39 122 17 52 93 107 70 78 124 116 115 82 67 96 122 192 64 94 104 99 45 
16 127 109 85 85 139 54 69 76 124 44 80 95 118 96 105 146 107 131 140 142 64 66 111 67 150 133 82 86 109 96 168 
145 95 166 83 174 144 76 142 85 44 70 73 91 131 103 63 68 83 66 89 167 148 133 62 61 106 104 59 143 103 68 78 
113 153 150 119 76 172 53 117 39 80 73 148 128 122 47 113 146 50 94 19 84 46 76 195 109 99 93 109 126 60 84 71 
123 51 120 93 143 114 164 78 122 95 91 128 56 141 176 138 168 59 105 88 87 161 119 133 86 109 97 41 173 185 144 110 
162 59 59 36 120 50 157 170 17 118 131 122 141 78 3 130 114 93 64 152 114 97 65 104 111 145 54 27 126 104 102 41 
95 112 110 42 23 102 126 98 52 96 103 47 176 3 142 163 74 82 97 174 102 76 99 157 120 144 165 148 40 70 45 189 
97 169 75 114 101 118 93 115 93 105 63 113 138 130 163 8 100 51 45 139 117 175 162 94 124 159 57 45 101 64 90 54 
90 154 123 117 114 188 101 110 107 146 68 146 168 114 74 100 146 174 98 85 26 57 98 114 80 105 97 111 51 65 129 140 
46 54 121 145 169 94 85 16 70 107 83 50 59 93 82 51 174 154 72 162 161 17 171 185 113 102 85 31 115 160 116 82 
96 119 125 60 76 81 134 113 78 131 66 94 105 64 97 45 98 72 120 135 87 111 103 54 110 154 172 136 136 59 109 91 
174 48 86 99 57 141 161 92 124 140 89 19 88 152 174 139 85 162 135 186 64 85 47 15 5 98 95 143 93 111 110 53 
92 44 170 157 93 71 60 121 116 142 167 84 87 114 102 117 26 161 87 64 2 143 112 82 64 104 97 96 157 31 99 138 
97 134 58 161 110 107 87 161 115 64 148 46 161 97 76 175 57 17 111 85 143 130 68 115 103 42 120 142 58 84 148 85 
160 183 28 119 31 151 181 43 82 66 133 76 119 65 99 162 98 171 103 47 112 68 86 126 137 110 103 114 84 68 113 181 
121 140 74 102 71 18 113 102 67 111 62 195 133 104 157 94 114 185 54 15 82 115 126 186 52 92 59 87 69 81 149 65 
9 25 159 109 112 95 118 37 96 67 61 109 86 111 120 124 80 113 110 5 64 103 137 52 144 132 97 103 137 78 46 103 
81 140 30 181 170 76 133 143 122 150 106 99 109 145 144 159 105 102 154 98 104 42 110 92 132 166 176 69 123 81 74 66 
51 172 79 155 149 115 89 64 192 133 104 93 97 54 165 57 97 85 172 95 97 120 103 59 97 176 52 140 111 108 196 99 
134 160 152 141 17 140 31 114 64 82 59 109 41 27 148 45 111 31 136 143 96 142 114 87 103 69 140 28 100 113 39 105 
51 133 78 41 56 57 173 115 94 86 143 126 173 126 40 101 51 115 136 93 157 58 84 69 137 123 111 100 148 121 59 134 
164 155 89 83 69 74 176 184 104 109 103 60 185 104 70 64 65 160 59 111 31 84 68 81 78 81 108 113 121 114 142 137 
78 80 77 124 100 136 48 178 99 96 68 84 144 102 45 90 129 116 109 110 99 148 113 149 46 74 196 39 59 142 172 151 
118 53 105 175 123 47 142 82 45 168 78 71 110 41 189 54 140 82 91 53 138 85 181 65 103 66 99 105 134 137 151 48 