16
86 76 11 2 63 76 19 75 22 78 82 6 50 23 49 51 
29 47 82 38 37 53 72 85 45 87 62 80 93 70 13 35 
14 18 12 62 74 85 75 70 40 38 28 89 28 34 70 45 
94 15 1 52 28 70 72 81 2 63 24 63 25 73 55 100 
69 9 71 11 6 56 36 59 61 2 10 92 58 81 69 73 
41 68 54 40 12 57 6 85 45 11 6 88 34 73 2 94 
71 12 60 87 81 11 81 76 50 33 91 17 59 89 18 73 
49 68 32 80 45 5 37 21 97 47 65 78 19 73 80 37 
36 44 81 67 43 80 85 77 49 63 46 57 30 19 21 3 
40 28 91 41 9 96 39 27 10 60 92 37 11 100 73 92 
9 95 4 90 47 1 48 88 17 77 26 66 87 18 23 71 
71 62 36 95 37 75 98 21 56 21 68 100 25 8 25 56 
3 68 57 25 64 46 85 29 26 91 26 60 59 93 60 78 
81 74 6 79 83 91 49 84 31 26 95 56 51 8 18 4 
15 3 57 26 76 11 11 37 27 98 47 37 79 23 37 97 
64 26 21 88 45 57 20 93 87 58 53 43 30 49 61 98 
130 74 162 82 152 129 150 30 162 106 66 160 97 127 136 92 
74 152 112 56 69 85 147 98 115 147 34 185 122 74 64 69 
162 112 8 76 147 75 77 123 133 81 81 35 35 71 122 126 
82 56 76 20 126 57 129 109 114 153 111 81 92 81 38 52 
152 69 147 126 92 136 44 143 159 31 15 118 98 47 45 119 
129 85 75 57 136 104 155 106 68 62 144 161 56 86 92 154 
150 147 77 129 44 155 20 160 108 104 52 114 159 64 120 98 
30 98 123 109 143 106 160 68 103 77 173 111 140 190 51 96 
162 115 133 114 159 68 108 103 18 92 115 147 95 159 31 182 
106 147 81 153 31 62 104 77 92 60 135 31 69 123 46 71 
66 34 81 111 15 144 52 173 115 135 20 56 82 126 81 59 
160 185 35 81 118 161 114 111 147 31 56 168 14 92 140 92 
97 122 35 92 98 56 159 140 95 69 82 14 192 62 99 157 
127 74 71 81 47 86 64 190 159 123 126 92 62 170 137 79 
136 64 122 38 45 92 120 51 31 46 81 140 99 137 182 197 
92 69 126 52 119 154 98 96 182 71 59 92 157 79 197 180 