64
45 50 20 82 47 4 87 21 26 5 57 24 55 1 98 52 94 90 25 56 78 60 2 15 52 25 87 72 23 85 85 82 75 5 37 88 73 72 91 2 86 81 17 16 8 81 78 69 3 93 27 60 2 85 95 5 32 5 46 65 31 15 100 80 
83 57 62 100 13 16 72 84 51 94 92 71 11 38 78 79 58 47 73 90 77 100 18 94 86 30 79 53 60 42 84 65 51 56 54 2 92 61 35 38 66 17 59 68 90 62 21 75 27 6 48 53 82 9 72 76 71 5 19 31 36 52 57 25 
21 75 15 43 35 74 62 45 62 88 29 1 49 35 89 14 43 5 100 11 15 83 76 59 44 48 99 30 43 77 16 65 92 88 57 52 70 73 50 63 34 67 17 30 52 74 35 7 66 67 88 41 84 33 79 7 69 80 37 72 42 68 67 83 
65 34 63 48 94 13 84 28 24 56 28 81 68 18 9 17 58 6 83 32 66 99 80 49 11 22 74 13 48 63 70 24 92 38 55 24 2 2 1 4 51 20 2 11 78 80 21 9 52 48 76 2 3 2 92 1 90 42 7 80 51 70 82 43 
74 17 10 45 88 87 47 91 43 57 36 88 100 79 39 11 71 66 10 74 17 13 88 13 63 99 20 97 71 70 6 46 1 14 74 88 10 99 89 12 57 48 86 16 90 19 43 88 14 9 43 2 53 38 60 83 37 62 100 9 93 27 8 59 
14 10 5 1 76 22 15 11 73 71 39 43 58 22 40 82 33 2 96 69 6 14 44 79 54 19 87 2 67 20 74 32 30 38 34 52 93 30 67 24 71 26 82 36 37 22 55 40 60 11 79 45 62 12 84 40 48 79 60 39 37 2 75 25 
29 60 6 27 65 27 10 5 84 87 55 28 10 29 98 49 8 79 3 21 2 81 68 82 10 100 41 38 38 76 53 4 43 11 74 36 21 10 40 9 4 16 73 97 96 91 6 91 2 40 89 54 83 32 91 97 51 13 48 75 46 1 90 51 
59 27 31 1 66 20 70 20 57 57 69 23 63 36 46 58 41 93 18 64 43 72 96 34 24 52 61 51 52 8 18 78 55 59 45 5 70 9 11 54 93 65 55 93 55 53 100 12 38 53 53 25 25 88 83 38 73 11 76 96 12 10 54 23 
82 98 16 49 82 54 51 37 11 81 44 17 50 85 32 25 73 49 37 62 62 60 52 54 98 47 13 83 45 42 78 15 48 28 79 47 95 60 83 48 74 58 22 47 79 93 72 39 43 24 69 84 20 27 51 38 85 72 3 34 94 60 99 9 
64 26 51 71 38 25 36 28 71 7 41 92 90 85 55 41 53 78 78 62 3 97 40 51 87 59 2 1 17 85 27 7 66 27 70 65 57 97 11 34 92 47 57 59 13 87 38 95 66 25 35 10 24 73 33 99 65 5 39 26 61 5 21 65 
41 97 4 85 70 16 67 5 87 5 83 48 81 75 54 80 73 85 85 55 4 71 40 69 42 58 34 27 93 62 86 67 25 89 99 57 70 9 73 37 68 69 15 12 73 77 3 33 78 93 84 43 42 88 40 75 53 73 77 74 75 15 20 60 
78 73 49 70 29 38 70 23 20 48 88 58 72 31 34 63 58 71 91 29 47 41 30 68 38 26 56 43 56 31 84 39 75 95 8 35 94 80 80 82 29 66 99 48 13 82 36 80 63 97 59 28 18 82 48 70 10 66 44 2 29 77 20 65 
85 7 15 89 6 32 67 37 4 95 19 63 94 83 87 51 48 74 59 80 16 74 30 62 60 75 35 63 3 24 59 41 16 65 56 50 39 15 11 43 27 34 98 93 89 69 63 66 82 92 50 86 75 59 90 13 21 88 78 94 73 84 7 10 
27 57 40 37 66 19 24 6 55 75 48 55 67 69 75 31 12 78 99 3 54 73 4 11 73 60 18 29 65 8 91 40 31 10 70 87 4 72 14 14 47 58 59 20 50 86 23 39 81 86 36 99 86 41 73 14 48 33 63 98 94 87 41 88 
62 77 99 18 16 15 77 41 79 73 5 9 2 66 98 10 28 9 41 31 4 3 11 1 37 68 52 63 19 49 17 27 62 89 5 60 11 38 30 43 7 74 14 98 35 100 22 96 4 91 32 59 17 6 93 61 51 68 12 67 91 90 6 80 
51 31 27 23 83 77 92 52 87 43 92 86 96 46 95 50 76 88 75 76 50 10 80 45 68 55 62 28 80 95 49 93 89 33 50 9 54 73 17 33 24 40 44 63 9 85 24 57 61 56 19 17 100 25 35 17 19 60 49 56 76 90 1 89 
28 28 42 51 11 40 29 33 18 61 84 71 53 40 57 99 63 57 40 97 37 10 21 99 7 88 92 71 48 38 4 47 92 44 72 86 86 23 64 68 86 1 67 43 69 97 38 34 12 95 17 37 88 86 58 33 22 11 25 4 15 65 17 47 
76 96 95 1 9 88 35 73 15 50 45 29 84 73 11 29 64 18 63 61 90 5 49 9 77 28 76 46 80 73 68 51 53 58 71 6 37 29 26 1 93 32 76 96 84 71 11 94 56 64 7 12 44 23 64 74 63 62 27 30 66 67 55 74 
17 93 99 48 4 36 50 84 71 71 42 42 93 20 75 95 90 55 38 58 3 71 50 70 48 70 88 8 41 37 20 93 58 80 51 45 98 21 60 97 97 1 47 81 27 40 72 29 28 13 9 37 57 2 99 21 90 34 91 49 19 87 14 59 
38 94 34 81 13 83 57 17 87 51 13 11 6 57 33 83 44 82 75 89 42 17 34 83 22 11 61 6 19 26 50 17 25 94 70 74 25 96 38 24 72 62 90 78 44 15 56 14 35 33 79 66 69 80 29 90 100 61 30 25 98 98 69 6 
22 10 94 46 82 21 83 85 85 54 54 5 95 50 82 74 60 33 49 63 89 64 21 88 40 72 45 51 62 35 39 70 53 8 5 73 70 62 89 90 77 83 53 57 97 74 83 37 33 46 92 31 67 26 95 71 25 64 65 14 25 9 38 11 
80 32 58 40 87 28 84 54 19 19 24 19 31 80 93 18 98 16 72 52 54 80 19 79 3 55 92 69 90 47 91 100 94 43 10 8 38 18 11 16 50 90 94 61 45 60 14 68 26 51 97 9 70 54 77 13 89 48 2 57 72 71 40 99 
47 91 4 56 78 83 75 45 21 80 37 9 97 89 2 43 98 52 98 83 65 39 74 21 5 11 63 10 66 88 94 59 63 83 34 14 82 32 3 74 53 39 83 82 2 14 77 25 60 81 18 2 96 53 66 46 64 3 68 37 37 50 25 34 
19 42 97 57 73 47 39 46 93 1 2 92 54 97 21 46 29 47 86 11 4 35 33 20 57 55 29 78 36 50 36 52 82 39 33 97 11 56 56 69 11 15 27 52 59 90 18 77 13 58 43 64 25 73 91 100 27 51 52 70 28 8 16 49 
80 26 11 49 73 89 35 14 86 91 59 74 92 46 8 65 92 48 85 90 68 68 55 44 94 19 55 64 28 18 76 65 69 6 10 9 91 64 61 22 41 81 8 92 98 22 9 20 72 35 11 36 58 70 31 93 22 45 48 78 64 98 12 91 
43 58 91 80 79 98 21 59 8 18 64 18 71 73 59 11 6 12 22 11 99 2 42 43 46 64 39 69 84 29 15 99 53 48 65 51 28 88 19 84 64 36 14 27 39 69 77 8 93 93 39 78 77 9 21 38 36 91 20 17 79 41 40 92 
78 61 49 91 16 86 41 85 80 2 10 37 76 9 62 7 66 6 20 41 72 65 5 41 10 32 30 67 42 63 31 93 1 81 50 71 43 86 19 22 91 81 56 98 52 61 51 86 71 82 43 14 18 7 20 83 71 42 100 38 100 58 96 99 
7 46 88 54 16 30 85 16 87 51 1 38 77 39 67 48 61 14 72 51 73 81 52 19 67 6 64 95 64 42 80 92 74 49 40 83 68 63 5 83 49 53 36 42 62 99 88 12 76 56 49 24 23 100 66 68 22 12 77 58 35 55 23 68 
77 91 76 35 69 28 68 100 35 44 52 40 98 13 79 96 7 34 40 73 53 57 88 45 12 99 67 65 13 33 99 55 19 29 72 49 81 87 39 92 14 62 89 53 35 25 31 20 57 50 57 80 9 47 62 73 94 16 28 51 68 80 51 58 
63 62 88 29 25 76 68 27 52 41 79 35 30 12 13 41 34 96 99 57 55 5 50 69 39 81 64 53 30 46 17 43 61 69 99 66 95 78 12 25 28 93 93 38 7 36 1 93 55 62 57 1 88 54 95 35 43 49 62 89 70 96 99 70 
54 36 29 27 78 29 75 73 55 51 66 59 38 43 30 48 5 65 75 37 66 75 45 60 1 50 84 94 7 24 14 80 62 44 60 49 6 52 60 48 2 90 19 47 22 63 36 43 23 18 99 63 57 66 57 65 21 30 36 11 30 33 23 75 
43 21 1 35 25 51 95 42 58 47 81 65 43 98 100 10 43 57 45 30 45 32 62 27 74 62 41 68 58 59 34 66 10 17 21 29 100 20 59 88 100 21 8 8 52 72 17 54 11 69 38 68 41 4 37 93 58 57 82 13 53 42 40 64 
96 66 54 39 69 88 48 65 82 16 83 9 86 42 88 67 81 11 70 82 42 67 69 80 30 12 63 37 92 42 15 88 87 15 6 58 40 99 80 75 32 98 2 69 13 82 84 13 96 71 62 2 55 93 13 75 74 40 2 70 18 65 32 49 
98 5 24 4 36 35 52 55 78 17 72 39 11 23 4 73 63 97 93 69 25 1 92 27 50 51 10 24 12 16 55 9 33 74 11 61 53 70 78 87 57 57 93 45 82 11 39 73 79 71 3 74 50 19 42 44 35 87 4 13 55 13 63 80 
20 45 19 11 32 48 13 3 39 2 90 56 86 18 46 72 32 47 85 10 55 56 81 18 60 82 73 16 2 77 73 86 53 22 13 15 34 83 32 38 83 95 81 94 64 77 100 93 41 3 80 45 31 81 23 1 30 17 79 19 54 62 48 28 
89 12 94 32 11 15 56 49 99 88 95 13 42 4 77 30 30 13 67 100 30 50 86 97 12 55 50 20 22 13 4 22 31 46 42 7 23 23 38 80 24 74 39 71 34 59 45 22 27 48 32 58 8 3 34 82 61 91 6 73 77 8 62 48 
96 58 29 64 20 94 100 10 81 25 4 88 91 59 56 10 19 20 88 23 81 86 31 35 53 62 87 65 73 93 76 30 7 55 54 19 37 78 42 51 94 8 95 36 19 75 11 54 47 14 84 82 74 9 95 6 99 56 30 47 49 42 14 24 
85 64 55 76 72 31 29 55 41 75 94 59 9 84 55 52 13 22 98 51 95 80 4 4 57 45 73 46 63 21 60 25 1 6 90 93 68 42 30 67 16 88 42 73 4 28 21 57 10 29 77 37 72 23 70 1 51 93 90 34 15 69 71 75 
34 25 49 17 31 28 71 21 63 60 43 73 96 2 95 55 58 37 96 43 63 35 20 6 54 89 45 93 64 42 18 56 80 93 42 63 61 23 58 36 41 94 57 68 11 84 66 25 49 53 68 51 50 48 7 64 6 96 51 55 61 72 27 54 
87 16 89 38 81 96 70 40 86 18 6 54 70 95 75 36 34 5 100 12 51 74 75 100 18 71 9 16 1 78 24 45 16 12 2 74 75 22 16 80 95 18 50 50 72 42 94 46 86 48 36 23 51 30 84 98 63 33 53 47 9 47 33 43 
95 50 30 18 16 11 31 53 38 5 69 91 49 14 4 18 92 79 91 91 54 75 100 29 46 98 10 75 67 87 24 28 12 84 96 5 8 64 61 58 87 13 59 36 9 3 1 97 93 87 71 5 58 68 51 70 58 43 94 21 25 100 86 6 
56 100 62 53 73 65 48 96 43 77 56 90 6 71 82 1 71 70 58 91 53 84 18 6 3 53 42 48 8 35 74 86 31 80 80 51 45 83 100 47 30 69 2 84 28 3 94 95 82 53 64 13 98 97 45 44 55 41 29 35 61 69 99 24 
62 12 23 59 97 82 60 6 82 32 8 88 58 24 65 72 43 81 43 14 68 31 52 22 39 37 94 77 58 76 52 47 74 7 1 2 34 33 93 84 29 76 17 78 17 56 59 33 39 14 29 3 61 86 47 78 49 27 58 11 21 21 81 83 
23 73 46 63 36 25 48 47 46 80 54 80 52 81 62 56 76 43 3 95 73 43 87 80 54 28 55 73 1 16 16 91 48 2 49 75 32 2 97 28 50 76 38 97 22 8 5 74 39 87 97 87 68 17 69 63 16 9 63 53 5 46 25 72 
83 67 49 37 82 72 36 98 46 61 46 28 33 88 94 40 1 3 35 93 39 64 3 94 17 55 55 32 75 98 22 48 10 49 52 5 50 78 2 100 46 52 57 100 93 33 54 1 56 12 12 73 79 29 77 12 54 51 89 74 71 37 7 47 
92 32 54 4 82 68 77 61 95 18 85 74 51 94 4 57 88 68 66 93 94 44 89 38 27 89 8 35 100 97 28 8 3 11 81 10 82 96 33 83 30 86 83 47 13 52 66 57 17 73 1 37 35 3 95 99 97 70 87 81 64 49 49 7 
28 21 21 81 96 1 83 69 9 70 56 46 34 45 98 44 59 28 11 13 47 58 42 99 56 52 61 28 89 99 9 89 52 80 81 78 60 100 77 26 82 91 49 31 49 56 62 100 63 76 100 28 96 44 70 91 100 57 19 72 88 34 70 67 
15 81 44 87 67 49 82 60 19 91 61 12 98 86 71 86 31 87 31 73 63 86 34 48 30 83 64 61 82 61 27 67 20 68 50 31 41 19 8 29 32 61 77 50 72 42 29 84 92 64 11 29 61 56 40 32 80 100 65 6 83 68 67 17 
22 45 91 67 85 70 37 49 35 58 97 95 39 45 27 10 26 23 2 26 37 79 16 19 6 54 69 32 11 51 88 59 85 69 29 77 70 23 26 77 2 32 95 27 91 67 14 40 100 88 36 7 90 73 41 33 91 26 79 53 86 69 87 92 
6 70 22 85 45 11 5 52 57 83 68 90 46 98 55 31 35 71 79 41 81 30 44 11 29 24 91 56 9 13 57 38 17 65 24 3 4 61 44 51 40 29 27 63 6 40 67 100 84 13 70 90 52 40 26 76 11 61 41 28 18 55 3 97 
57 65 5 25 18 80 38 68 64 8 31 69 6 57 25 9 31 2 4 83 50 72 81 73 100 47 49 57 63 13 35 76 68 11 73 36 66 53 13 93 92 16 56 38 56 34 65 8 46 82 29 75 100 59 36 60 10 39 39 62 75 74 66 74 
74 30 33 2 14 66 43 24 53 27 23 40 24 36 71 86 70 12 60 59 13 28 81 23 73 56 64 11 8 4 8 33 90 51 66 84 28 50 8 61 86 62 7 94 10 74 76 72 86 17 23 61 79 84 90 64 3 27 100 4 48 79 53 40 
21 80 49 98 30 19 71 68 23 99 67 3 29 69 63 27 68 72 19 93 36 30 80 87 55 86 64 77 49 35 86 13 16 78 88 58 53 19 2 8 28 92 86 33 98 1 20 98 76 46 77 86 61 99 76 46 86 100 67 79 32 53 40 30 
11 84 92 38 11 43 63 48 1 22 24 20 94 67 70 7 68 53 65 95 8 86 86 100 67 13 92 88 84 65 88 13 54 53 97 55 42 36 58 72 6 91 59 38 59 93 22 63 82 56 99 31 36 20 53 81 64 35 21 48 31 77 42 25 
1 28 56 100 49 34 27 40 82 14 45 1 91 15 66 45 74 40 56 61 67 60 70 5 25 52 77 11 53 1 58 13 21 40 17 73 54 31 87 96 42 50 70 71 26 69 62 75 68 62 64 2 70 3 94 17 72 13 14 100 90 14 30 99 
46 38 64 32 67 62 84 29 25 44 92 3 100 61 95 45 82 9 69 17 94 74 16 98 37 79 88 89 96 41 66 8 61 55 13 49 56 83 100 49 35 2 16 15 86 82 12 55 63 19 79 47 39 57 28 74 99 79 9 64 59 54 26 68 
38 16 39 94 14 93 99 46 43 21 61 85 37 67 13 8 20 35 88 4 47 64 12 63 6 31 97 50 15 58 30 79 91 18 92 65 71 91 87 6 49 65 69 82 58 58 80 26 71 45 24 34 77 26 46 27 87 76 87 28 54 25 72 79 
100 77 11 81 16 99 90 24 67 50 13 76 9 55 66 71 48 67 12 86 74 10 22 77 28 82 8 36 97 94 64 86 68 43 49 81 80 8 60 53 19 25 20 20 58 18 16 49 5 77 28 61 67 77 62 62 13 70 25 93 90 39 88 79 
77 41 93 31 100 80 66 44 46 76 90 10 18 22 67 1 66 54 46 5 25 91 19 20 58 9 18 99 28 1 19 100 28 65 29 26 30 83 96 84 49 36 82 72 84 25 83 32 71 55 4 97 14 71 77 98 33 44 97 24 49 26 27 11 
40 15 85 34 52 81 8 95 75 22 45 43 38 6 82 94 7 33 73 25 91 73 93 92 84 88 100 17 48 61 33 89 55 19 32 49 51 77 25 41 85 9 36 80 62 2 47 69 82 78 98 71 65 8 5 40 27 100 14 25 8 30 99 4 
52 36 37 32 20 24 3 42 2 12 20 92 28 73 96 15 20 29 89 82 54 94 34 70 23 4 34 29 90 5 59 36 5 42 15 12 74 11 92 56 67 84 67 88 33 75 87 10 75 20 12 9 9 17 60 99 86 53 16 11 48 97 94 63 
46 95 3 72 43 40 10 73 100 23 20 79 93 74 1 25 22 34 68 9 75 100 11 72 11 22 51 20 13 20 96 8 69 89 88 22 7 61 3 60 23 16 38 71 54 68 7 85 21 21 67 97 24 19 100 27 43 56 83 8 24 71 6 46 
83 12 55 4 34 4 36 61 9 93 9 77 79 52 11 74 11 39 83 8 75 4 70 61 71 25 4 68 19 98 54 34 58 21 37 28 90 99 39 3 68 1 37 22 28 87 85 59 15 17 12 84 44 39 71 7 32 82 79 88 61 33 23 73 
58 95 76 21 14 73 17 69 70 88 43 92 78 48 1 29 3 16 99 35 54 76 7 59 2 71 69 54 60 13 54 48 3 60 83 34 66 85 96 62 30 57 27 76 50 31 75 35 24 79 18 97 55 49 88 100 97 90 22 54 75 70 14 62 
172 102 154 40 62 78 64 121 108 87 127 131 121 93 49 91 88 44 174 157 119 158 100 108 123 103 92 61 123 49 89 95 116 52 171 154 145 123 121 144 106 112 102 66 115 68 98 128 148 79 78 89 84 106 101 76 111 110 51 115 125 141 98 88 
102 182 17 111 122 94 52 77 80 132 144 102 128 77 92 37 121 148 83 59 124 65 171 144 184 128 137 41 30 137 46 159 167 146 100 107 118 148 104 126 177 131 56 140 67 121 103 106 141 53 142 97 183 144 61 78 45 99 86 73 127 71 3 166 
154 17 4 159 181 158 82 69 64 107 78 30 76 77 57 116 120 49 47 99 104 49 137 92 87 180 121 117 67 174 101 125 85 68 94 27 100 112 191 165 55 33 92 86 70 126 122 154 144 39 120 139 102 155 124 140 103 110 26 88 174 115 97 100 
40 111 159 180 133 111 126 49 140 32 56 118 119 123 144 183 167 153 146 143 91 16 79 142 188 175 149 40 33 12 10 82 127 168 162 169 86 45 67 144 122 119 153 129 135 100 48 134 34 98 77 192 79 159 114 129 72 126 44 142 151 41 148 22 
62 122 181 133 140 85 132 71 95 120 66 133 120 124 81 48 58 127 130 108 152 98 156 82 91 115 27 68 53 75 14 132 66 124 172 181 182 121 133 41 151 145 128 78 145 153 139 128 20 147 109 109 95 173 141 168 151 71 149 98 69 120 137 97 
78 94 158 111 85 72 89 37 49 90 162 101 91 89 189 86 121 121 22 82 84 138 80 147 167 53 104 61 71 85 156 87 96 51 60 139 98 44 139 180 172 85 145 141 85 159 102 121 68 87 70 160 96 142 158 144 122 139 125 149 75 154 68 17 
64 52 82 126 132 89 18 148 80 90 140 112 91 94 71 53 158 87 188 118 155 110 114 140 123 94 130 32 117 66 11 39 174 161 148 58 14 113 142 169 129 139 58 157 173 31 94 76 110 89 113 112 91 81 94 131 193 104 130 41 117 127 117 110 
121 77 69 49 71 37 148 174 151 78 57 134 90 92 67 37 110 98 140 134 169 143 50 98 165 51 139 80 27 122 71 43 112 83 62 119 128 127 126 69 72 191 57 131 26 51 108 44 144 96 103 83 96 147 109 128 72 87 84 48 105 73 152 74 
108 80 64 140 95 49 80 151 176 138 118 83 44 115 44 115 92 123 114 124 51 64 103 41 107 69 91 89 39 124 172 153 162 61 141 133 139 149 123 102 94 97 120 94 121 81 90 179 72 118 193 123 100 126 121 65 108 157 44 172 23 116 99 150 
87 132 107 32 120 90 90 78 138 142 90 137 121 92 119 96 137 83 129 35 65 23 103 107 105 91 169 161 63 59 57 79 32 123 146 148 172 129 90 106 135 110 92 112 88 78 144 44 42 136 106 140 93 122 137 46 68 84 115 148 24 100 121 120 
127 144 78 56 66 162 140 57 118 90 130 48 102 141 121 53 70 17 129 50 92 102 136 94 72 97 155 31 123 56 144 29 147 101 93 142 93 25 139 71 155 132 89 179 154 57 171 13 102 189 98 137 115 143 65 37 116 38 132 122 118 44 101 90 
131 102 30 118 133 101 112 134 83 137 48 182 73 161 86 179 136 58 135 103 104 86 48 122 96 113 93 97 120 85 69 143 110 126 147 152 89 122 149 67 118 38 112 60 145 52 101 28 74 108 76 105 97 134 122 164 130 145 139 146 112 71 70 189 
121 128 76 119 120 91 91 90 44 121 102 73 70 112 63 25 74 99 87 119 134 87 107 78 37 76 99 74 103 101 152 142 80 60 31 117 73 102 121 130 189 88 107 159 72 98 148 161 22 94 66 68 120 12 153 88 158 108 95 89 24 41 107 76 
93 77 77 123 124 89 94 92 115 92 141 161 112 118 161 94 115 48 124 98 79 133 107 17 125 142 53 163 46 35 179 145 132 42 97 79 94 134 80 144 122 104 65 117 141 100 147 101 99 39 47 97 109 103 20 160 105 110 58 52 75 91 150 166 
49 92 57 144 81 189 71 67 44 119 121 86 63 161 136 149 126 107 38 101 43 56 174 133 45 102 87 142 161 142 112 112 90 47 46 127 152 124 63 87 171 144 124 98 63 124 123 96 39 163 96 48 133 142 85 103 74 117 79 169 106 38 169 138 
91 37 116 183 48 86 53 37 115 96 53 179 25 94 149 14 58 80 142 8 85 133 36 64 145 77 176 118 86 119 72 145 6 48 86 57 145 94 25 102 39 112 108 167 117 36 88 64 101 31 146 131 70 104 35 61 57 68 144 36 157 47 48 132 
88 121 120 167 58 121 158 110 92 137 70 136 74 115 126 58 48 66 94 156 74 115 46 83 97 150 180 97 73 114 130 136 122 97 86 113 175 124 37 51 154 105 125 55 140 161 109 107 33 70 102 136 109 130 136 165 167 79 30 58 30 55 120 54 
44 148 49 153 127 121 87 98 123 83 17 58 99 48 107 80 66 38 69 192 75 62 196 153 68 137 98 11 147 107 128 137 91 96 118 76 92 137 72 98 71 111 113 117 157 95 89 18 152 97 15 71 74 96 134 94 78 79 70 165 155 59 109 105 
174 83 47 146 130 22 188 140 114 129 129 135 87 124 38 142 94 69 90 93 41 27 110 95 135 67 55 83 121 86 181 77 111 113 23 142 35 49 109 25 141 98 162 91 28 93 180 119 71 93 92 149 138 53 104 118 25 113 22 57 89 81 143 51 
157 59 99 143 108 82 118 134 124 35 50 103 119 98 101 8 156 192 93 70 50 170 116 60 148 50 73 52 101 99 103 20 66 88 95 116 85 85 83 88 144 97 118 110 51 103 87 64 39 102 96 136 65 75 112 86 103 148 92 136 140 97 72 108 
119 124 104 91 152 84 155 169 51 65 92 104 134 79 43 85 74 75 41 50 84 60 98 49 144 118 140 141 79 59 114 118 102 130 16 127 96 40 145 100 107 132 71 193 81 134 84 65 74 127 109 103 84 84 119 154 113 53 165 180 59 84 64 25 
158 65 49 16 98 138 110 143 64 23 102 86 87 133 56 133 115 62 27 170 60 46 119 101 110 44 190 144 72 19 61 177 54 127 110 159 96 79 92 126 193 50 18 104 194 70 143 150 128 41 141 112 59 168 85 43 130 183 52 48 112 74 50 114 
100 171 137 79 156 80 114 50 103 103 136 48 107 107 174 36 46 196 110 116 98 119 76 80 71 130 53 167 105 178 68 49 96 101 158 88 121 156 163 70 131 93 128 186 55 92 121 64 122 65 73 26 125 94 105 88 43 74 88 72 90 112 79 168 
108 144 92 142 82 147 140 98 41 107 94 122 78 17 133 64 83 153 95 60 49 101 80 20 20 112 51 141 112 27 108 104 155 125 51 161 106 126 115 143 109 83 87 62 81 131 99 54 15 67 150 151 52 36 149 87 112 90 68 119 160 167 68 97 
123 184 87 188 91 167 123 165 107 105 72 96 37 125 45 145 97 68 135 148 144 110 71 20 138 77 163 68 101 110 104 72 121 26 57 153 97 114 41 108 94 69 90 63 131 146 38 145 112 113 92 92 55 122 150 81 78 127 92 77 151 74 80 60 
103 128 180 175 115 53 94 51 69 91 97 113 76 142 102 77 150 137 67 50 118 44 130 112 77 34 72 94 109 85 102 106 114 55 71 26 99 101 42 66 50 108 91 116 80 92 119 87 112 191 85 97 130 111 156 75 16 145 100 73 71 185 89 85 
92 137 121 149 27 104 130 139 91 169 155 93 99 53 87 176 180 98 55 73 140 190 53 51 163 72 102 58 128 82 113 92 40 139 105 86 124 114 45 143 146 135 119 40 94 38 86 89 30 116 95 122 83 35 135 119 176 135 119 120 179 94 107 140 
61 41 117 40 68 61 32 80 89 161 31 97 74 163 142 118 97 11 83 52 141 144 167 141 68 94 58 32 20 91 130 100 76 144 97 121 82 157 73 133 43 88 97 161 83 125 149 147 111 9 143 88 145 21 74 53 6 112 131 159 110 60 62 128 
123 30 67 33 53 71 117 27 39 63 123 120 103 46 161 86 73 147 121 101 79 72 105 112 101 109 128 20 176 148 86 79 39 115 148 93 123 71 58 67 83 25 55 113 66 67 103 67 30 81 135 157 125 53 82 95 93 104 66 143 182 131 146 96 
49 137 174 12 75 85 66 122 124 59 56 85 101 35 142 119 114 107 86 99 59 19 178 27 110 85 82 91 148 106 162 40 79 85 131 194 121 141 116 138 93 103 29 119 115 180 35 153 147 59 50 98 173 121 61 99 179 62 79 135 121 122 116 82 
89 46 101 10 14 156 11 71 172 57 144 69 152 179 112 72 130 128 181 103 114 61 68 108 104 102 113 130 86 162 154 120 138 107 40 171 77 92 109 50 163 107 116 144 148 178 72 67 83 102 85 72 90 166 143 129 148 140 24 147 99 118 118 26 
95 159 125 82 132 87 39 43 153 79 29 143 142 145 112 145 136 137 77 20 118 177 49 104 72 106 92 100 79 40 120 60 132 139 45 19 63 62 141 106 122 172 176 42 137 92 106 70 64 102 113 32 89 105 110 106 50 122 119 46 82 70 136 110 
116 167 85 127 66 96 174 112 162 32 147 110 80 132 90 6 122 91 111 66 102 54 96 155 121 114 40 76 39 79 138 132 150 125 122 133 69 68 143 78 136 31 75 123 48 43 120 43 107 101 131 132 91 67 177 94 123 113 52 53 172 62 110 165 
52 146 68 168 124 51 161 83 61 123 101 126 60 42 47 48 97 96 113 88 130 127 101 125 26 55 139 144 115 85 107 139 125 142 128 87 110 38 143 169 123 18 173 170 87 122 59 50 96 102 94 150 21 101 185 194 151 150 61 142 177 76 82 80 
171 100 94 162 172 60 148 62 141 146 93 147 31 97 46 86 86 118 23 95 16 110 158 51 57 71 105 97 148 131 40 45 122 128 184 74 72 89 95 182 114 47 164 173 86 40 121 43 67 81 166 20 101 147 109 114 77 93 123 101 27 91 77 142 
154 107 27 169 181 139 58 119 133 148 142 152 117 79 127 57 113 76 142 116 127 159 88 161 153 26 86 121 93 194 171 19 133 87 74 100 96 54 124 84 103 101 106 121 177 137 86 23 155 17 135 109 140 111 58 131 91 92 65 114 123 129 119 94 
145 118 100 86 182 98 14 128 139 172 93 89 73 94 152 145 175 92 35 85 96 96 121 106 97 99 124 82 123 121 77 63 69 110 72 96 116 60 150 180 55 78 94 31 180 165 138 173 58 188 139 66 152 73 82 83 129 96 67 50 114 139 87 90 
123 148 112 45 121 44 113 127 149 129 25 122 102 134 124 94 124 137 49 85 40 79 156 126 114 101 114 157 71 141 92 62 68 38 89 54 60 122 90 108 38 81 113 131 21 86 27 90 56 143 101 83 138 62 91 106 74 97 69 131 104 97 99 170 
121 104 191 67 133 139 142 126 123 90 139 149 121 80 63 25 37 72 109 83 145 92 163 115 41 42 45 73 58 116 109 141 143 143 95 124 150 90 64 78 53 138 95 169 99 88 96 90 96 112 100 86 128 143 124 37 91 49 100 68 87 103 127 122 
144 126 165 144 41 180 169 69 102 106 71 67 130 144 87 102 51 98 25 88 100 126 70 143 108 66 143 133 67 138 50 106 78 169 182 84 180 108 78 132 21 98 162 97 139 164 39 77 67 81 99 98 118 112 24 35 128 40 33 43 62 111 114 168 
106 177 55 122 151 172 129 72 94 135 155 118 189 122 171 39 154 71 141 144 107 193 131 109 94 50 146 43 83 93 163 122 136 123 114 103 55 38 53 21 120 68 142 85 85 106 50 105 59 7 159 99 85 106 69 22 89 137 123 123 118 138 60 115 
112 131 33 119 145 85 139 191 97 110 132 38 88 104 144 112 105 111 98 97 132 50 93 83 69 108 135 88 25 103 107 172 31 18 47 101 78 81 138 98 68 22 57 47 75 172 79 52 69 72 109 64 120 28 142 184 191 154 120 66 107 176 155 191 
102 56 92 153 128 145 58 57 120 92 89 112 107 65 124 108 125 113 162 118 71 18 128 87 90 91 119 97 55 29 116 176 75 173 164 106 94 113 95 162 142 57 42 72 75 62 78 147 90 122 162 122 145 129 55 104 166 110 32 130 171 149 47 56 
66 140 86 129 78 141 157 131 94 112 179 60 159 117 98 167 55 117 91 110 193 104 186 62 63 116 40 161 113 119 144 42 123 170 173 121 31 131 169 97 85 47 72 180 93 95 131 94 119 38 67 118 167 65 122 110 106 112 100 43 46 41 167 65 
115 67 70 135 145 85 173 26 121 88 154 145 72 141 63 117 140 157 28 51 81 194 55 81 131 80 94 83 66 115 148 137 48 87 86 177 180 21 99 139 85 75 75 93 124 153 128 77 153 37 106 90 43 31 114 106 101 93 105 141 41 82 147 62 
68 121 126 100 153 159 31 51 81 78 57 52 98 100 124 36 161 95 93 103 134 70 92 131 146 92 38 125 67 180 178 92 43 122 40 137 165 86 88 164 106 172 62 95 153 154 108 142 131 193 37 80 116 64 94 86 153 100 101 24 98 94 87 57 
98 103 122 48 139 102 94 108 90 144 171 101 148 147 123 88 109 89 180 87 84 143 121 99 38 119 86 149 103 35 72 106 120 59 121 86 138 27 96 39 50 79 78 131 128 108 66 104 160 83 93 160 119 128 176 15 191 105 19 29 102 66 42 116 
128 106 154 134 128 121 76 44 179 44 13 28 161 101 96 64 107 18 119 64 65 150 64 54 145 87 89 147 67 153 67 70 43 50 43 23 173 90 90 77 105 52 147 94 77 142 104 194 157 32 121 109 181 130 115 152 117 56 88 183 118 145 108 137 
148 141 144 34 20 68 110 144 72 42 102 74 22 99 39 101 33 152 71 39 74 128 122 15 112 112 30 111 30 147 83 64 107 96 67 155 58 56 96 67 59 69 90 119 153 131 160 157 112 70 64 65 133 132 137 38 82 130 84 60 46 123 158 69 
79 53 39 98 147 87 89 96 118 136 189 108 94 39 163 31 70 97 93 102 127 41 65 67 113 191 116 9 81 59 102 102 101 102 81 17 188 143 112 81 7 72 122 38 37 193 83 32 70 60 56 75 62 114 80 158 152 90 44 61 140 55 63 124 
78 142 120 77 109 70 113 103 193 106 98 76 66 47 96 146 102 15 92 96 109 141 73 150 92 85 95 143 135 50 85 113 131 94 166 135 139 101 100 99 159 109 162 67 106 37 93 121 64 56 184 74 49 136 50 170 81 47 133 36 91 101 93 110 
89 97 139 192 109 160 112 83 123 140 137 105 68 97 48 131 136 71 149 136 103 112 26 151 92 97 122 88 157 98 72 32 132 150 20 109 66 83 86 98 99 64 122 118 90 80 160 109 65 75 74 70 137 34 118 44 135 73 168 36 146 121 138 82 
84 183 102 79 95 96 91 96 100 93 115 97 120 109 133 70 109 74 138 65 84 59 125 52 55 130 83 145 125 173 90 89 91 21 101 140 152 138 128 118 85 120 145 167 43 116 119 181 133 62 49 137 70 57 69 137 142 52 168 140 100 83 143 96 
106 144 155 159 173 142 81 147 126 122 143 134 12 103 142 104 130 96 53 75 84 168 94 36 122 111 35 21 53 121 166 105 67 101 147 111 73 62 143 112 106 28 129 65 31 64 128 130 132 114 136 34 57 8 77 155 90 44 54 154 99 155 120 65 
101 61 124 114 141 158 94 109 121 137 65 122 153 20 85 35 136 134 104 112 119 85 105 149 150 156 135 74 82 61 143 110 177 185 109 58 82 91 124 24 69 142 55 122 114 94 176 115 137 80 50 118 69 77 92 134 45 113 152 52 130 33 138 77 
76 78 140 129 168 144 131 128 65 46 37 164 88 160 103 61 165 94 118 86 154 43 88 87 81 75 119 53 95 99 129 106 94 194 114 131 83 106 37 35 22 184 104 110 106 86 15 152 38 158 170 44 137 155 134 32 66 106 189 117 149 117 127 91 
111 45 103 72 151 122 193 72 108 68 116 130 158 105 74 57 167 78 25 103 113 130 43 112 78 16 176 6 93 179 148 50 123 151 77 91 129 74 91 128 89 191 166 106 101 153 191 117 82 152 81 135 142 90 45 66 34 92 57 121 59 109 75 131 
110 99 110 126 71 139 104 87 157 84 38 145 108 110 117 68 79 79 113 148 53 183 74 90 127 145 135 112 104 62 140 122 113 150 93 92 96 97 49 40 137 154 110 112 93 100 105 56 130 90 47 73 52 44 113 106 92 136 93 176 116 117 115 55 
51 86 26 44 149 125 130 84 44 115 132 139 95 58 79 144 30 70 22 92 165 52 88 68 92 100 119 131 66 79 24 119 52 61 123 65 67 69 100 33 123 120 32 100 105 101 19 88 84 44 133 168 168 54 152 189 57 93 16 54 98 177 171 61 
115 73 88 142 98 149 41 48 172 148 122 146 89 52 169 36 58 165 57 136 180 48 72 119 77 73 120 159 143 135 147 46 53 142 101 114 50 131 68 43 123 66 130 43 141 24 29 183 60 61 36 36 140 154 52 117 121 176 54 168 137 182 164 58 
125 127 174 151 69 75 117 105 23 24 118 112 24 75 106 157 30 155 89 140 59 112 90 160 151 71 179 110 182 121 99 82 172 177 27 123 114 104 87 62 118 107 171 46 41 98 102 118 46 140 91 146 100 99 130 149 59 116 98 137 32 113 93 98 
141 71 115 41 120 154 127 73 116 100 44 71 41 91 38 47 55 59 81 97 84 74 112 167 74 185 94 60 131 122 118 70 62 76 91 129 139 97 103 111 138 176 149 41 82 94 66 145 123 55 101 121 83 155 33 117 109 117 177 182 113 172 45 75 
98 3 97 148 137 68 117 152 99 121 101 70 107 150 169 48 120 109 143 72 64 50 79 68 80 89 107 62 146 116 118 136 110 82 77 119 87 99 127 114 60 155 47 167 147 87 42 108 158 63 93 138 143 120 138 127 75 115 171 164 93 45 12 142 
88 166 100 22 97 17 110 74 150 120 90 189 76 166 138 132 54 105 51 108 25 114 168 97 60 85 140 128 96 82 26 110 165 80 142 94 90 170 122 168 115 191 56 65 62 57 116 137 69 124 110 82 96 65 77 91 131 55 61 58 98 75 142 140 