32
82 88 77 93 84 26 67 95 59 80 59 57 31 74 64 30 44 98 14 93 74 16 37 9 5 29 97 42 94 93 95 43 
70 91 6 9 4 83 85 49 89 97 83 13 77 3 18 92 78 23 49 45 13 61 10 66 8 12 32 77 52 51 19 91 
49 17 58 8 54 44 18 53 65 73 65 33 34 45 26 48 50 73 4 76 7 57 16 44 18 61 58 33 97 89 55 59 
61 77 10 97 28 68 72 25 87 1 28 87 72 38 97 99 64 45 63 62 5 4 61 34 66 33 19 23 90 13 7 76 
94 17 33 46 63 37 96 46 40 55 55 68 82 97 52 4 93 67 47 80 8 4 10 24 1 87 48 39 88 45 41 79 
1 50 69 22 75 80 37 2 43 100 5 71 48 73 90 63 76 51 30 4 35 7 31 66 9 72 38 33 40 6 6 88 
59 91 63 100 91 12 53 83 16 3 83 4 52 82 44 23 44 10 19 13 86 69 59 78 78 16 81 55 6 96 52 11 
21 50 9 52 46 17 40 56 52 91 20 82 61 21 7 6 56 57 59 59 42 97 82 98 26 89 78 25 11 68 65 41 
66 76 32 97 22 67 67 80 86 44 69 20 56 97 15 1 30 72 74 77 45 27 40 44 27 76 52 25 1 83 55 72 
70 43 74 29 48 66 33 94 78 3 79 82 91 27 66 58 97 31 23 91 18 100 6 89 74 65 93 78 49 1 50 32 
25 88 39 53 96 73 4 36 64 32 35 78 76 15 39 38 94 17 77 64 34 3 17 67 84 12 49 80 55 54 57 93 
1 11 90 74 68 70 17 100 84 5 69 93 6 74 9 60 85 63 24 86 48 87 94 13 53 45 43 1 25 57 48 63 
7 92 16 86 99 55 68 63 43 1 36 32 43 39 80 26 24 45 64 34 18 36 61 81 68 47 85 36 17 58 19 94 
64 73 7 78 52 100 63 45 73 56 85 44 69 61 81 29 38 67 75 21 80 48 25 51 66 53 27 55 51 4 74 10 
17 78 47 77 52 26 75 8 58 88 88 78 69 32 5 74 71 2 42 82 34 28 100 4 62 64 59 60 20 54 82 9 
16 22 97 34 25 3 87 19 81 22 63 68 98 72 89 64 71 16 13 94 9 86 45 25 44 40 82 78 5 64 8 20 
100 67 6 65 48 47 67 49 16 73 64 38 19 7 75 83 70 36 6 77 93 99 45 24 91 19 19 53 74 36 96 49 
58 73 100 14 11 32 86 61 66 77 79 20 67 46 98 30 8 2 71 39 66 45 19 36 24 27 81 23 55 90 10 95 
25 22 27 74 30 70 95 3 100 72 97 79 29 17 31 92 25 31 67 38 55 3 55 18 35 50 13 29 89 7 70 52 
84 15 47 14 29 77 12 20 81 24 85 83 1 41 95 29 9 50 25 41 47 83 57 65 64 67 73 36 66 23 46 62 
23 79 17 83 47 18 79 57 91 79 38 17 95 66 24 60 8 29 71 15 31 52 96 19 17 49 38 85 14 35 16 99 
86 38 24 81 71 6 72 91 87 66 49 22 70 5 50 77 74 91 36 22 40 68 35 42 56 34 18 91 51 57 27 97 
33 15 21 7 4 75 65 43 77 16 78 41 50 83 46 32 98 24 21 56 45 32 88 46 17 64 16 10 12 55 62 11 
17 83 54 51 61 7 63 91 58 99 24 59 85 19 69 51 68 100 63 94 97 43 80 10 24 50 33 9 47 46 78 89 
59 55 2 70 50 45 51 79 4 2 48 54 49 40 74 99 94 16 21 34 9 20 8 99 56 41 8 2 29 75 49 30 
64 74 90 19 23 72 81 50 1 90 17 28 22 11 47 25 39 39 12 97 33 19 54 78 84 99 76 33 28 87 35 47 
2 93 79 47 72 94 84 37 53 80 59 24 11 51 75 75 89 36 43 77 20 71 97 38 33 93 84 53 60 78 9 13 
76 6 76 35 77 73 89 90 33 56 92 31 60 49 15 89 37 20 2 28 23 66 92 27 22 92 18 48 98 82 90 3 
89 4 50 70 6 71 3 25 48 71 22 80 50 19 26 23 93 61 7 74 33 42 75 93 62 56 43 41 59 39 52 47 
58 18 91 60 36 11 72 28 40 29 80 14 53 83 14 63 98 25 73 48 25 100 73 5 45 98 34 83 91 98 8 11 
78 48 14 26 11 91 9 62 3 59 95 55 60 79 74 51 82 3 19 63 76 84 68 40 24 76 71 5 59 13 21 75 
55 18 33 39 25 79 1 98 34 38 46 47 90 71 49 46 56 91 75 15 77 18 20 61 95 99 26 23 79 87 80 82 
138 46 132 108 109 39 133 78 85 132 117 174 64 86 87 50 107 118 61 74 120 149 58 42 83 180 87 75 155 54 55 134 
46 64 14 82 140 109 88 150 105 147 104 106 59 55 156 96 139 128 58 128 105 129 121 45 148 113 183 85 112 92 118 148 
132 14 136 105 80 114 74 79 118 28 118 120 118 38 120 56 200 138 43 112 62 79 51 162 102 99 50 137 61 177 128 97 
108 82 105 52 118 120 78 154 103 61 131 56 39 54 179 106 84 139 107 53 64 92 81 129 49 178 116 95 144 114 44 109 
109 140 80 118 120 145 98 57 134 103 129 26 82 94 103 128 73 171 118 88 191 104 87 96 136 117 62 173 93 29 90 102 
39 109 114 120 145 44 44 81 106 158 73 48 72 119 27 119 90 87 43 34 67 46 133 64 159 61 108 101 53 104 150 47 
133 88 74 78 98 44 182 71 72 76 67 144 15 102 29 128 53 144 151 59 146 85 89 101 97 117 70 100 138 172 193 147 
78 150 79 154 57 81 71 194 117 124 76 113 133 125 83 123 139 111 125 163 30 78 142 141 122 47 62 150 179 138 166 28 
85 105 118 103 134 106 72 117 156 89 56 95 142 89 161 104 33 158 58 27 185 185 186 114 43 113 120 158 111 121 103 82 
132 147 28 61 103 158 76 124 89 44 133 56 81 124 26 153 121 48 36 58 119 128 79 34 126 155 88 89 49 170 180 132 
117 104 118 131 129 73 67 76 56 133 22 84 166 163 72 63 126 84 131 148 82 102 149 106 129 79 171 141 122 42 84 142 
174 106 120 56 26 48 144 113 95 56 84 26 36 139 57 95 99 123 52 170 167 81 105 93 42 123 113 94 139 108 92 148 
64 59 118 39 82 72 15 133 142 81 166 36 112 41 119 87 179 117 77 150 155 75 114 120 40 61 192 74 144 94 8 111 
86 55 38 54 94 119 102 125 89 124 163 139 41 20 101 166 72 147 107 121 95 108 69 93 105 111 180 55 86 93 117 57 
87 156 120 179 103 27 29 83 161 26 72 57 119 101 140 112 80 131 102 105 43 97 98 69 187 148 73 78 181 161 103 143 
50 96 56 106 128 119 128 123 104 153 63 95 87 166 112 6 136 162 117 138 151 60 73 86 113 103 185 190 93 158 77 77 
107 139 200 84 73 90 53 139 33 121 126 99 179 72 80 136 56 93 186 34 99 96 103 58 167 96 163 141 125 41 151 85 
118 128 138 139 171 87 144 111 158 48 84 123 117 147 131 162 93 148 74 106 76 54 55 111 96 103 103 181 129 26 53 104 
61 58 43 107 118 43 151 125 58 36 131 52 77 107 102 117 186 74 200 95 194 107 39 133 86 144 112 195 60 151 91 64 
74 128 112 53 88 34 59 163 27 58 148 170 150 121 105 138 34 106 95 96 158 134 48 78 93 153 107 113 108 161 131 121 
120 105 62 64 191 67 146 30 185 119 82 167 155 95 43 151 99 76 194 158 64 96 134 143 130 97 78 48 109 83 105 72 
149 129 79 92 104 46 85 78 185 128 102 81 75 108 97 60 96 54 107 134 96 160 71 69 50 147 56 126 106 59 94 28 
58 121 51 81 87 133 89 142 186 79 149 105 114 69 98 73 103 55 39 48 134 71 46 151 68 44 115 83 123 100 157 125 
42 45 162 129 96 64 101 141 114 34 106 93 120 93 69 86 58 111 133 78 143 69 151 42 108 70 103 93 107 145 112 109 
83 148 102 49 136 159 97 122 43 126 129 42 40 105 187 113 167 96 86 93 130 50 68 108 42 132 105 106 85 93 54 69 
180 113 99 178 117 61 117 47 113 155 79 123 61 111 148 103 96 103 144 153 97 147 44 70 132 192 127 44 141 107 67 67 
87 183 50 116 62 108 70 62 120 88 171 113 192 180 73 185 163 103 112 107 78 56 115 103 105 127 50 108 157 142 99 85 
75 85 137 95 173 101 100 150 158 89 141 94 74 55 78 190 141 181 195 113 48 126 83 93 106 44 108 118 93 107 109 105 
155 112 61 144 93 53 138 179 111 49 122 139 144 86 181 93 125 129 60 108 109 106 123 107 85 141 157 93 152 89 91 56 
54 92 177 114 29 104 172 138 121 170 42 108 94 93 161 158 41 26 151 161 83 59 100 145 93 107 142 107 89 64 110 137 
55 118 128 44 90 150 193 166 103 180 84 92 8 117 103 77 151 53 91 131 105 94 157 112 54 67 99 109 91 110 170 139 
134 148 97 109 102 47 147 28 82 132 142 148 111 57 143 77 85 104 64 121 72 28 125 109 69 67 85 105 56 137 139 122 