128
2 3 8 4 1 1 2 5 6 6 7 3 6 10 6 2 5 1 3 7 5 3 2 2 3 5 10 10 10 7 5 5 1 3 7 3 10 8 4 8 9 7 2 5 9 2 4 6 4 3 3 1 3 9 8 5 8 6 2 4 5 4 5 5 10 8 2 2 5 9 10 10 8 10 4 5 8 7 4 5 3 8 3 4 10 2 7 6 4 8 10 5 8 7 4 1 2 1 2 8 8 8 10 1 1 1 3 5 5 2 7 10 4 6 9 5 9 6 3 2 3 1 9 2 3 1 4 4 
10 4 5 7 2 3 6 6 9 4 10 7 7 5 3 9 4 9 3 5 5 5 7 3 1 1 6 9 3 1 1 9 2 1 2 1 4 9 6 7 4 8 6 10 7 9 8 2 6 7 2 7 3 9 5 3 10 7 6 4 4 5 7 8 4 2 2 4 8 2 4 6 7 4 8 2 8 4 3 6 6 2 9 9 1 3 8 7 5 1 10 10 10 7 9 1 1 8 1 9 8 8 6 8 5 6 5 4 1 1 6 2 6 5 7 1 5 9 9 5 1 8 10 3 4 10 8 4 
7 10 9 4 10 9 9 1 1 5 4 8 3 1 10 2 2 10 9 9 10 9 9 6 8 5 1 3 6 2 2 2 1 2 10 2 4 6 9 3 2 6 8 3 7 9 2 2 5 2 10 5 2 6 2 9 3 2 10 2 10 5 7 2 1 3 2 4 8 4 2 5 2 7 9 6 7 2 3 8 4 10 9 3 6 1 5 4 9 1 7 9 2 6 3 8 3 10 8 5 1 6 2 4 1 7 10 4 6 1 2 8 7 3 1 8 5 8 6 6 1 4 9 2 7 10 9 1 
3 7 10 7 3 9 5 7 6 2 2 6 3 9 1 7 9 8 3 5 4 7 2 6 9 4 2 6 2 3 4 9 5 5 9 2 2 5 1 6 7 2 5 6 2 5 1 6 10 7 3 9 2 8 3 9 3 8 5 4 3 6 7 10 7 6 9 6 8 4 4 10 4 9 9 5 8 4 4 10 5 1 7 9 1 8 4 10 9 5 3 7 3 9 5 10 5 10 1 10 9 5 9 2 6 5 4 5 4 1 5 7 1 6 6 1 6 9 10 4 8 2 3 10 7 7 10 1 
6 3 6 6 8 9 6 9 1 9 2 6 8 8 2 6 1 1 9 7 8 7 4 3 5 3 2 10 5 4 7 6 9 4 2 6 6 5 8 4 10 10 1 2 8 6 10 9 2 10 2 2 9 9 6 9 4 6 9 3 4 10 10 4 3 9 10 3 5 8 5 3 3 7 6 9 7 8 2 2 9 7 3 8 9 3 5 6 2 3 10 10 9 8 2 4 1 1 1 2 2 3 3 9 5 1 9 8 6 5 5 6 4 10 10 3 9 3 5 10 9 2 4 9 9 1 1 7 
7 7 10 2 8 4 4 9 6 4 8 8 10 3 9 4 3 3 3 5 3 9 3 1 3 9 1 4 10 6 8 8 1 10 9 8 8 7 2 6 3 7 6 1 10 10 9 10 2 7 9 4 4 10 10 10 1 2 7 6 7 1 5 1 2 4 1 7 4 2 3 7 1 9 10 7 4 2 7 1 8 4 6 9 6 5 7 6 6 4 5 4 10 6 1 8 9 9 1 10 4 7 4 7 2 10 9 10 4 7 4 8 10 9 9 7 8 7 1 1 3 8 1 3 10 3 7 5 
4 5 1 10 8 7 2 3 3 5 1 5 3 4 7 6 3 4 9 3 10 5 4 9 1 9 6 8 1 6 8 9 4 4 2 2 2 7 7 5 9 8 10 9 3 10 6 5 5 10 10 2 7 7 8 3 10 1 2 5 9 7 1 6 2 4 3 8 7 6 2 7 7 3 6 3 8 4 9 8 2 8 5 7 3 7 10 9 6 5 3 5 4 1 8 10 4 10 5 6 6 3 8 3 3 5 8 1 9 3 6 9 10 4 10 4 1 2 4 9 9 5 1 1 8 9 5 1 
5 7 4 6 8 6 7 8 8 6 6 4 2 2 7 9 4 8 3 9 7 1 4 7 1 4 8 3 8 6 2 10 7 1 10 7 9 8 3 4 10 6 9 2 1 3 5 1 6 4 9 1 3 1 1 7 4 4 5 2 7 7 7 6 9 7 2 3 2 9 10 3 9 3 10 4 2 1 5 1 2 6 1 1 4 3 5 2 7 4 1 2 10 9 10 4 10 3 9 5 3 6 1 4 10 10 7 9 5 2 5 1 1 10 7 7 6 2 7 7 4 3 4 6 7 2 5 5 
2 6 3 7 3 4 3 4 4 1 10 9 6 2 4 4 5 9 6 8 4 1 9 7 8 8 6 3 6 4 5 2 6 8 10 6 5 9 10 1 5 6 5 2 2 4 8 2 6 10 4 2 2 9 4 8 6 9 5 3 9 9 8 6 9 6 9 4 5 10 10 7 4 3 9 7 8 9 5 2 9 6 4 3 7 3 1 1 2 1 4 3 10 6 7 9 5 9 10 10 9 1 5 2 3 8 9 5 5 6 4 10 2 4 4 5 1 4 9 1 4 3 9 5 3 6 1 8 
7 6 3 6 7 8 10 10 2 1 1 3 2 9 10 10 7 5 4 10 4 7 7 1 3 10 6 9 6 5 3 5 2 10 7 7 1 6 7 9 4 1 1 2 2 10 7 4 9 6 3 10 1 3 3 4 10 2 8 4 4 4 7 8 1 4 8 4 3 3 8 8 4 9 2 8 5 5 4 5 7 1 1 7 6 1 1 6 10 4 4 3 4 7 5 2 9 5 10 4 1 6 4 10 1 6 6 4 4 9 9 1 10 8 10 2 8 1 9 1 6 4 2 6 9 6 4 7 
3 3 9 4 3 7 10 5 8 7 3 5 3 3 9 7 5 2 2 3 3 4 3 9 6 2 4 5 7 4 2 9 3 5 7 5 4 9 1 9 10 10 4 9 3 2 1 10 4 2 3 5 5 9 10 10 1 8 6 6 9 4 4 6 5 2 5 7 5 4 8 7 5 8 7 2 2 2 3 5 10 7 1 2 3 10 5 7 8 4 7 8 8 3 6 1 4 2 5 8 8 5 8 10 4 8 1 7 10 9 3 6 9 7 10 9 5 7 5 8 3 10 5 2 4 4 2 4 
4 2 7 4 2 3 9 8 7 4 1 9 2 5 9 8 6 2 3 5 1 8 9 6 7 4 3 2 1 10 9 8 9 8 3 10 6 4 7 8 1 9 6 2 7 1 9 5 8 9 8 4 10 7 6 3 3 6 7 1 3 3 6 2 1 2 6 6 9 8 10 2 7 8 4 5 8 3 7 8 8 8 8 2 3 6 1 7 4 2 10 2 10 6 6 6 5 6 6 10 3 1 5 4 10 9 5 4 6 7 4 7 2 3 1 8 8 5 1 3 4 2 2 2 9 2 1 4 
9 3 8 7 1 3 8 5 6 9 4 5 10 2 9 2 5 8 7 5 7 4 3 7 6 5 9 6 1 10 1 9 6 6 7 3 1 4 1 6 3 5 8 2 8 3 8 8 8 7 8 3 5 4 2 5 10 6 7 8 10 7 4 5 6 3 10 4 6 5 5 3 9 4 3 1 4 8 8 10 1 6 10 8 3 8 2 10 3 10 9 3 9 2 10 7 3 5 4 8 9 10 2 1 7 1 6 4 6 1 10 1 7 1 5 5 1 9 3 4 3 3 6 6 8 1 9 10 
2 10 10 2 2 1 7 2 5 5 9 9 7 7 9 5 7 2 10 5 7 6 5 9 7 10 7 2 5 8 3 7 4 4 6 7 1 7 5 8 3 3 4 10 3 3 1 3 4 6 9 8 7 2 5 9 7 4 1 3 3 7 10 3 3 4 9 3 2 7 3 7 3 1 9 1 3 7 7 1 3 1 6 5 7 7 2 8 7 9 8 6 1 2 2 7 9 5 8 4 1 10 7 5 1 6 10 5 3 1 9 1 7 5 2 8 4 9 6 5 7 6 4 7 3 4 9 6 
8 9 8 10 2 5 5 9 9 6 9 3 10 4 6 10 2 8 6 3 8 5 3 8 7 8 2 4 6 8 3 9 7 3 2 4 8 9 9 6 8 7 6 4 3 10 9 3 6 6 9 8 10 5 6 2 10 7 8 5 5 1 5 6 9 5 2 4 9 10 10 5 4 6 4 7 7 4 9 8 6 4 3 5 2 3 9 10 4 10 9 10 6 3 2 7 6 1 4 8 2 10 3 8 7 3 8 9 10 6 4 3 5 10 6 7 7 1 9 7 4 2 3 9 1 6 1 10 
10 9 4 2 6 1 5 9 6 1 3 5 2 1 10 8 5 5 2 10 6 6 9 2 8 5 6 5 6 7 6 4 5 9 8 3 1 3 8 7 1 4 8 2 6 10 2 1 8 3 4 1 10 9 7 8 9 1 5 7 10 4 4 7 6 4 1 3 5 4 9 6 5 1 9 3 6 9 7 1 7 6 10 6 9 9 3 7 6 9 2 8 8 8 9 1 10 5 2 2 10 10 4 6 1 10 3 2 9 3 2 3 10 3 2 10 10 5 3 10 9 3 3 1 8 8 4 5 
6 9 7 5 10 2 4 4 10 2 8 2 3 5 4 2 5 3 7 8 3 10 6 10 2 2 8 4 3 2 7 9 3 2 9 5 7 4 1 10 7 4 7 2 6 9 8 2 3 8 9 4 6 5 4 2 2 2 5 5 8 7 10 10 6 8 4 6 2 10 2 6 9 7 7 8 4 4 6 7 3 6 10 3 4 8 1 5 5 2 3 4 8 5 10 10 2 2 4 7 7 8 5 10 9 2 1 6 10 2 7 8 7 10 6 7 6 2 10 9 7 4 6 6 5 10 1 3 
8 9 9 9 6 7 8 2 4 5 1 3 10 9 8 7 6 3 4 3 10 2 3 6 8 3 3 7 10 5 5 3 4 8 5 5 3 3 6 5 8 4 2 5 4 5 5 7 5 6 7 8 2 5 9 7 6 3 7 7 2 6 7 2 9 10 8 8 5 6 3 8 4 10 9 2 9 8 7 10 10 4 9 5 6 9 3 1 2 6 9 8 7 10 10 1 9 10 1 3 6 8 3 6 2 10 1 7 2 10 4 8 10 7 7 7 3 3 3 2 9 2 4 9 10 10 4 8 
4 5 9 6 7 4 1 5 3 4 9 7 8 10 1 6 3 1 7 9 5 2 10 3 2 7 1 9 1 9 1 3 7 1 6 7 1 4 8 5 10 2 6 1 7 10 3 2 6 2 7 7 10 8 6 10 3 2 5 6 4 7 9 10 10 9 6 3 5 10 6 3 5 10 10 9 7 5 1 2 2 7 8 5 2 9 7 2 8 9 1 8 9 5 9 7 4 8 5 4 9 2 5 5 6 5 1 8 8 6 1 10 5 3 7 1 5 8 5 9 3 8 2 5 4 6 4 2 
8 10 2 8 3 3 1 5 4 6 10 9 1 7 4 1 3 10 8 5 6 6 2 1 2 10 2 7 6 2 1 10 7 9 4 6 4 6 4 2 5 4 7 9 1 9 1 10 5 1 7 10 2 2 4 4 7 7 4 5 10 8 4 6 1 7 9 3 10 5 10 8 2 8 7 2 10 6 4 7 9 7 2 9 1 10 4 7 7 3 4 4 6 5 3 3 8 10 3 6 4 2 7 3 7 10 6 4 10 1 6 4 1 3 5 2 9 7 2 2 8 7 10 3 9 8 6 7 
4 6 5 3 4 7 9 2 5 4 5 5 8 3 7 6 1 3 6 3 10 9 9 5 6 10 1 5 1 5 6 8 2 5 8 3 7 7 1 5 5 8 9 2 1 8 9 3 5 5 9 3 8 4 3 7 3 7 6 9 1 3 2 5 2 1 2 1 4 3 1 5 9 3 9 1 9 6 4 5 5 7 7 3 6 6 9 10 6 5 6 10 8 2 7 10 7 2 3 8 6 3 8 10 1 1 7 1 6 7 3 10 6 6 5 1 3 8 10 4 1 10 2 6 8 8 1 3 
2 9 4 3 8 9 2 9 7 6 8 1 9 9 10 9 10 9 3 2 10 2 5 7 9 2 10 5 2 8 10 8 5 9 8 3 6 5 5 6 4 10 6 9 3 9 9 9 10 6 6 8 5 8 8 6 10 3 3 9 10 4 9 8 10 8 8 3 7 2 6 7 7 6 6 6 1 6 7 1 2 1 7 2 3 4 9 5 9 4 1 6 10 10 7 2 4 6 1 10 7 10 3 9 10 6 10 5 9 2 3 2 4 4 9 4 3 5 1 1 4 4 2 3 6 9 10 5 
9 4 6 5 6 10 1 8 1 2 9 1 7 9 7 4 9 9 10 6 2 7 1 7 10 1 2 8 4 3 7 7 2 9 7 10 10 4 10 3 9 1 2 7 5 1 6 5 3 6 6 5 1 5 10 3 3 6 9 7 9 10 1 3 8 10 4 3 9 7 2 9 7 5 2 8 2 10 7 9 10 1 3 2 8 4 6 1 3 1 8 2 7 2 10 2 5 1 6 2 5 5 4 1 7 5 9 8 1 8 1 3 7 3 1 9 8 5 5 7 3 4 9 1 7 8 4 10 
5 7 7 6 8 6 3 6 10 8 7 2 3 8 3 3 3 7 10 2 3 3 3 2 6 4 2 6 1 9 10 8 10 3 8 3 1 7 6 10 9 8 10 10 9 3 2 7 6 8 9 9 4 2 3 10 6 2 7 10 2 2 7 10 10 4 1 10 3 5 10 6 3 9 1 1 4 7 2 4 1 3 5 8 1 2 8 3 4 10 4 5 9 6 9 1 4 3 7 6 4 8 1 9 4 1 6 3 10 2 2 2 10 3 2 3 9 7 4 6 9 1 3 8 9 4 9 6 
2 5 6 7 10 3 3 10 10 6 5 4 10 10 7 10 2 4 10 7 5 2 1 3 6 10 7 8 10 8 1 10 4 7 10 9 8 4 6 7 2 7 6 1 9 6 7 9 4 10 9 8 8 3 10 3 4 4 7 4 6 10 5 3 3 5 4 9 6 2 7 6 9 8 1 6 2 1 6 5 9 6 2 4 7 10 10 7 10 2 5 2 8 5 4 10 6 10 4 1 8 10 10 1 1 9 1 7 2 2 8 9 7 7 5 8 1 3 6 3 7 4 1 9 1 7 10 2 
3 6 9 3 4 6 4 7 2 1 1 4 1 5 5 1 7 9 9 6 9 5 4 1 8 6 10 7 5 9 10 10 10 7 10 9 7 5 4 9 1 1 6 3 10 8 4 3 1 3 10 6 8 7 1 9 9 7 4 6 2 2 9 3 8 5 8 6 3 9 2 4 3 6 2 2 2 10 4 6 2 3 3 3 7 4 5 10 1 6 10 9 3 2 6 2 8 6 1 4 8 6 10 6 4 9 10 2 3 2 4 8 1 8 10 3 1 5 4 2 6 6 1 9 6 7 7 9 
9 1 4 6 10 8 5 1 9 7 8 10 9 7 2 2 10 2 1 2 5 1 1 3 6 4 2 6 2 9 10 1 8 3 8 7 8 4 9 8 9 8 6 3 8 6 2 4 3 6 7 1 10 3 4 10 5 2 9 3 6 9 9 8 9 4 9 8 6 8 9 5 7 8 5 7 5 7 8 8 8 1 2 10 7 4 10 4 2 3 6 10 3 3 2 2 3 9 3 8 1 7 6 10 7 3 9 7 7 6 5 10 4 1 8 3 2 9 3 5 6 2 5 7 8 4 1 5 
5 8 8 8 9 10 9 3 4 1 3 1 7 3 7 9 1 4 5 7 4 6 9 7 8 4 10 10 1 6 4 6 7 1 4 2 10 2 1 10 2 10 7 8 9 10 7 6 7 2 9 10 4 5 8 10 8 3 7 2 9 8 10 10 6 5 6 3 4 4 8 4 1 7 2 3 2 8 7 10 2 4 7 4 1 6 7 3 10 4 5 1 8 7 2 4 4 7 10 8 7 7 5 1 4 6 4 3 5 6 8 10 1 6 5 8 8 6 9 4 5 9 2 1 6 9 2 8 
3 9 3 1 2 3 5 1 6 8 4 3 2 5 8 6 10 5 2 8 3 6 10 6 7 5 10 9 1 9 4 8 10 5 5 6 8 2 10 9 8 6 7 3 2 6 9 3 1 10 4 1 1 10 5 5 2 8 3 2 4 1 7 5 5 8 2 1 9 6 7 3 8 1 3 9 6 5 9 9 5 3 2 6 10 2 9 4 4 6 7 9 10 8 6 2 9 10 7 6 9 3 10 5 6 9 1 3 1 5 3 2 1 6 10 10 3 1 10 7 10 5 8 10 2 1 9 8 
4 6 9 3 1 9 2 1 1 8 1 5 5 2 7 2 3 9 7 6 4 2 2 8 10 10 1 3 3 4 8 1 10 1 2 1 9 2 8 1 5 1 2 5 2 1 10 4 3 3 5 1 3 2 10 2 1 8 2 2 2 10 8 8 5 1 3 9 3 8 8 5 1 8 3 3 7 6 10 4 8 8 1 10 6 9 1 7 8 4 3 6 7 3 2 4 2 2 6 3 10 9 3 5 4 2 7 10 10 9 4 4 4 6 10 6 10 3 2 5 6 9 9 1 4 1 4 8 
10 3 2 2 2 10 3 7 9 1 5 1 1 8 5 4 9 2 8 7 5 7 9 1 5 2 5 1 8 10 5 9 6 7 9 5 4 1 3 7 9 5 8 2 4 3 9 6 6 1 7 3 3 8 1 6 5 2 3 7 4 2 3 2 4 1 9 2 6 8 6 6 1 7 6 1 6 9 3 10 6 1 10 4 1 3 7 8 5 9 10 1 10 7 2 1 6 1 4 3 7 9 8 5 1 10 6 2 6 4 7 3 5 2 3 9 10 1 4 9 6 7 7 9 1 2 9 5 
5 6 9 6 10 7 9 9 5 8 9 4 10 4 5 4 4 2 8 5 2 8 1 8 2 10 7 2 5 9 6 6 4 2 5 1 4 9 7 4 5 2 8 10 9 6 10 8 3 8 4 10 2 2 8 4 4 4 1 9 9 4 9 2 4 4 9 8 5 8 3 6 9 10 8 2 1 10 5 9 3 3 7 4 2 3 10 5 4 8 6 6 6 7 7 9 4 3 1 7 3 4 6 10 8 9 8 5 8 1 4 3 8 9 7 1 1 5 7 2 8 3 5 9 6 8 1 8 
6 3 10 1 7 4 6 10 2 7 1 2 2 4 8 1 3 10 10 1 9 9 7 4 1 8 2 3 1 2 9 8 7 4 10 10 10 4 4 7 3 9 10 1 6 10 4 9 4 5 6 9 5 8 4 5 8 6 7 8 2 1 1 4 9 7 9 3 7 10 5 1 2 1 10 1 10 8 3 10 10 9 10 6 4 3 10 6 5 5 3 1 2 1 5 7 4 7 9 9 4 3 7 10 4 10 6 8 1 7 3 7 1 9 9 2 3 1 10 2 8 3 4 5 7 9 9 1 
4 1 7 4 5 9 10 10 7 1 8 9 4 4 3 3 8 10 8 2 5 3 10 10 9 4 4 5 3 2 1 7 8 6 3 8 8 8 5 3 6 6 3 8 2 2 7 9 4 9 5 10 4 1 3 6 6 5 1 9 3 6 3 6 6 5 8 4 5 7 10 1 10 3 10 5 9 1 7 5 2 10 5 5 1 6 10 9 1 5 9 4 6 10 10 6 2 5 2 1 10 4 10 10 4 5 8 3 2 6 3 3 9 8 10 10 6 2 2 6 1 6 6 2 9 8 8 6 
10 7 6 1 6 5 2 7 9 7 6 7 7 4 4 5 1 1 8 6 6 7 10 10 2 5 10 4 6 10 2 1 7 1 5 1 3 7 5 8 3 9 4 10 2 4 9 5 7 9 8 5 5 4 6 7 3 1 2 4 1 2 4 10 4 5 3 9 9 8 3 8 6 1 6 3 10 9 9 6 10 1 6 7 1 6 5 6 4 1 3 4 10 4 4 9 10 1 4 6 10 7 2 5 2 3 7 5 8 10 7 9 9 5 2 1 5 6 9 6 8 5 9 5 9 3 5 1 
1 8 8 1 5 1 2 4 5 2 1 9 1 4 3 7 9 8 1 6 3 4 7 1 5 2 3 1 9 9 1 6 8 8 5 6 2 9 10 7 9 1 6 10 5 7 8 8 7 6 9 3 7 6 8 1 2 7 1 6 3 7 7 1 4 3 8 8 7 3 6 3 6 7 4 7 4 7 6 5 10 9 3 1 3 7 5 5 9 8 3 5 7 9 6 2 3 8 3 7 3 6 9 1 4 6 5 2 8 8 5 6 2 5 8 9 10 1 5 7 7 10 2 9 1 9 6 1 
10 7 9 2 4 6 6 3 8 10 9 6 1 3 8 10 10 9 2 10 10 7 3 2 5 2 7 7 7 1 3 1 3 6 3 3 8 10 5 9 8 8 2 9 4 10 5 2 7 1 4 7 6 4 7 8 8 10 2 4 4 5 9 7 7 10 5 7 8 3 7 2 9 3 3 4 4 2 8 2 10 5 10 2 2 1 9 6 8 6 9 3 8 9 7 10 5 9 6 7 2 6 7 3 5 8 3 2 9 5 4 8 3 7 5 2 7 9 4 8 5 6 7 1 9 10 3 8 
10 1 3 2 9 7 8 5 8 5 10 9 2 3 4 7 4 8 7 2 10 5 4 8 2 7 1 2 6 2 9 8 10 1 1 5 6 4 6 7 10 4 10 2 8 5 5 10 7 8 2 8 8 1 3 2 2 9 4 8 2 6 3 1 2 5 1 3 8 4 3 4 10 3 8 4 10 6 4 2 6 5 1 10 10 5 7 6 6 6 10 10 7 2 10 3 8 1 7 10 5 3 10 4 2 6 2 1 8 8 5 9 10 8 4 7 10 1 5 10 10 8 4 1 7 1 9 3 
1 10 5 10 5 7 10 2 9 6 1 2 1 8 2 1 8 6 4 7 1 6 1 9 9 1 10 1 8 3 4 7 8 4 6 8 10 5 4 7 9 10 9 9 8 3 7 9 5 3 5 9 8 2 7 7 3 9 10 7 5 9 8 2 3 6 10 5 2 10 7 1 9 8 6 9 8 1 2 3 3 4 8 7 7 5 9 5 4 9 8 4 2 8 8 10 1 7 4 2 6 8 3 7 1 7 5 2 4 1 7 3 6 6 10 9 3 6 4 1 7 5 6 1 1 1 6 4 
3 5 7 2 10 7 5 10 1 8 7 6 6 8 1 5 1 3 4 1 8 6 10 9 7 4 3 9 4 6 2 1 5 1 2 7 9 1 10 8 9 7 2 4 1 3 1 9 5 5 8 1 5 1 6 8 8 3 2 6 8 9 8 3 2 10 2 4 6 6 10 6 4 10 4 5 10 9 8 3 4 1 7 4 8 4 3 7 7 9 8 3 10 7 9 7 4 8 7 10 3 7 9 1 5 2 10 8 9 8 9 6 1 7 3 10 2 2 10 2 8 3 5 6 3 10 9 4 
10 3 8 3 4 6 1 7 7 7 7 8 9 9 7 5 10 7 6 6 5 3 6 7 9 2 3 8 5 1 8 1 9 9 2 8 1 2 2 6 2 5 5 2 6 7 1 6 1 1 5 6 8 10 9 1 10 3 7 3 8 3 2 3 1 2 1 1 10 4 1 8 10 5 10 3 10 3 5 9 3 4 6 3 8 2 5 3 9 2 4 1 8 7 8 4 6 9 3 1 9 2 2 6 3 10 5 2 10 5 4 5 4 4 1 9 8 5 9 3 8 2 9 1 10 1 6 2 
10 5 2 8 1 3 6 8 8 3 10 4 8 4 9 6 10 3 10 6 3 3 6 3 7 3 9 4 7 1 7 5 5 2 5 5 5 1 7 1 6 2 10 6 4 4 8 3 1 6 10 5 6 9 8 8 2 10 1 10 9 6 7 9 3 5 2 8 3 10 3 6 9 1 7 3 6 10 7 6 8 10 3 8 6 4 4 5 6 2 5 2 8 8 6 3 9 6 10 1 2 1 4 4 6 5 4 10 4 7 2 7 3 6 1 7 3 1 6 8 5 1 3 8 7 3 6 10 
6 10 9 7 5 5 9 10 3 6 1 9 2 9 4 10 6 4 4 6 10 10 3 4 10 4 7 6 7 1 4 4 9 1 1 1 2 5 10 9 4 5 7 6 6 9 4 7 4 10 3 2 9 10 8 3 2 7 4 5 6 4 6 5 4 7 3 6 7 3 10 8 4 3 2 9 4 5 10 7 3 6 9 8 9 4 1 9 1 1 8 4 9 1 8 2 4 3 10 6 5 4 9 2 8 1 5 9 5 2 6 3 5 7 9 2 1 1 7 1 1 10 3 5 6 2 8 5 
3 3 8 10 3 9 4 8 9 3 1 3 1 9 4 5 8 9 5 9 3 4 10 7 4 8 8 1 4 5 5 10 3 10 5 7 8 10 10 7 4 8 2 8 4 9 10 7 3 1 10 1 3 2 2 7 9 10 1 2 10 5 8 10 2 10 4 1 7 1 3 2 3 6 6 4 6 5 1 3 2 3 6 8 3 8 10 6 5 3 10 8 1 9 2 2 3 10 1 8 10 3 2 9 5 6 10 2 8 3 3 7 7 7 3 3 7 9 4 2 2 7 9 5 9 10 8 9 
9 1 5 1 9 2 4 3 3 9 3 7 5 4 4 6 6 8 3 2 6 10 7 10 2 1 10 1 10 10 8 3 7 1 4 6 1 3 7 7 9 7 6 1 6 2 8 4 3 6 4 6 7 9 8 6 9 1 5 10 10 8 10 2 7 2 4 6 2 7 2 2 6 1 3 2 3 2 10 2 4 10 2 9 9 9 8 7 2 8 9 5 9 9 10 6 4 4 1 1 6 7 2 5 9 4 9 10 10 3 6 10 2 5 7 4 4 7 4 5 8 10 10 4 10 4 7 1 
3 6 5 2 1 10 4 10 5 8 1 7 9 3 2 6 10 5 3 2 6 7 6 4 7 4 4 6 1 8 10 7 9 3 9 8 8 3 7 4 2 6 9 2 1 9 8 7 5 5 10 2 7 9 4 5 4 6 4 10 6 3 2 4 3 3 1 2 5 7 7 6 8 5 3 9 2 6 5 4 8 7 3 9 2 1 9 10 9 5 10 9 10 3 2 1 10 10 9 4 5 9 6 7 5 10 3 3 5 1 4 1 9 6 9 3 5 2 3 1 6 8 2 10 3 6 2 8 
9 2 4 5 7 7 8 2 2 3 3 5 5 10 2 1 2 4 6 2 9 4 10 4 4 6 1 8 5 5 4 3 3 10 8 7 7 5 4 2 5 8 1 3 1 8 9 3 6 9 7 10 7 3 5 8 7 5 8 6 4 3 9 4 2 6 9 1 8 6 9 5 3 4 9 7 5 5 10 9 4 4 2 2 5 2 1 10 4 10 2 1 8 10 1 6 7 9 3 4 2 6 2 10 7 5 3 4 2 4 3 2 2 9 2 8 4 1 1 4 1 1 7 5 9 3 5 9 
6 4 3 6 6 9 4 1 7 7 8 4 9 6 6 2 4 6 7 4 6 5 7 7 1 9 3 3 4 2 1 4 3 9 6 3 5 10 6 4 10 5 7 7 9 7 8 8 2 1 1 4 7 5 7 9 8 4 3 10 5 5 7 3 7 4 10 10 10 9 4 6 4 8 9 7 5 5 10 7 8 3 8 8 9 9 10 7 6 9 2 7 7 10 8 5 9 3 5 10 4 5 9 10 9 6 4 7 10 9 6 6 5 5 10 6 1 9 9 7 8 1 3 2 4 5 9 10 
7 8 2 5 9 8 5 10 8 4 9 8 1 2 8 10 2 8 5 5 1 6 3 1 8 3 6 6 4 8 1 7 8 10 2 10 8 8 10 5 6 5 6 8 5 2 3 7 10 8 4 9 2 6 9 7 3 9 10 4 9 3 7 1 8 8 6 7 1 3 5 2 1 4 2 10 4 5 7 10 5 9 6 8 1 6 10 8 4 3 9 6 4 6 10 5 7 9 9 8 7 6 2 6 4 10 6 6 6 9 2 6 4 9 3 10 5 6 10 6 9 8 6 7 1 8 7 8 
1 5 6 2 10 5 10 6 8 4 2 6 8 8 9 9 6 2 1 8 9 10 8 7 8 2 2 5 10 5 9 2 1 5 10 9 9 5 1 7 5 7 3 1 4 3 6 9 5 6 5 6 10 3 5 8 8 8 1 5 7 3 5 2 2 3 9 8 7 5 8 9 3 5 10 1 6 2 5 4 7 8 3 1 2 8 5 9 5 8 5 8 2 9 8 7 4 3 1 7 1 4 1 10 4 6 3 3 3 1 3 6 9 8 2 8 7 7 5 5 9 10 9 3 7 7 7 4 
3 8 7 9 10 9 8 3 3 9 10 8 10 6 9 5 6 9 6 4 9 7 8 8 5 10 10 8 3 9 4 5 2 3 2 2 10 5 4 2 10 5 7 9 9 6 1 8 5 1 3 1 3 1 10 4 6 5 8 3 7 7 10 4 4 4 9 5 10 4 7 5 9 4 5 6 7 4 2 2 3 9 9 7 4 2 1 4 10 8 5 2 7 8 1 8 5 2 7 10 7 4 1 9 9 2 4 6 2 7 10 5 8 10 6 5 7 10 3 2 8 8 9 8 7 6 5 7 
1 10 8 7 10 6 6 9 2 4 5 1 2 3 3 9 9 10 10 1 9 6 6 2 5 6 1 3 7 1 6 1 9 6 9 6 1 2 4 10 9 7 5 3 6 2 7 1 10 3 1 1 7 8 6 10 2 2 4 2 2 5 4 3 9 8 6 10 6 4 1 6 1 9 1 9 1 7 1 6 7 6 3 5 3 10 4 5 1 10 1 4 9 4 6 3 5 1 4 5 3 9 9 3 7 2 10 7 4 10 5 7 7 3 1 2 6 2 3 6 8 2 1 6 8 1 3 10 
4 10 9 3 1 8 6 9 9 1 7 5 9 6 4 6 3 9 7 10 3 2 4 4 5 7 1 8 7 5 6 4 7 1 5 4 4 1 5 10 10 1 2 7 3 4 6 10 4 1 10 8 4 6 8 10 4 2 10 1 1 6 8 7 6 7 3 5 9 9 2 7 4 10 8 8 8 3 9 8 4 6 8 8 8 9 8 7 4 9 1 7 8 6 1 10 10 2 8 2 7 2 5 4 7 10 7 5 1 5 8 10 4 7 2 3 8 2 2 4 4 10 9 4 7 8 8 3 
3 9 4 10 10 9 7 4 10 3 5 4 6 4 7 6 5 6 9 7 3 1 10 6 1 1 1 8 5 5 8 3 4 2 5 3 10 6 8 4 5 2 10 2 6 2 10 1 8 1 2 2 10 3 4 5 1 3 10 3 4 4 1 5 7 8 4 1 9 3 7 2 5 5 1 10 9 1 10 5 2 2 9 8 4 7 9 4 9 3 1 4 3 10 6 1 3 10 10 3 1 8 2 6 6 3 8 2 1 4 6 4 6 4 6 7 3 6 8 2 6 4 2 4 4 10 8 5 
2 2 1 8 10 9 7 1 6 10 7 8 8 7 5 9 1 10 8 6 2 1 10 8 10 2 2 1 6 4 1 1 7 6 6 4 4 8 5 9 9 1 7 3 6 4 7 4 7 7 2 1 1 1 9 2 4 7 8 4 2 6 7 9 3 3 5 3 5 4 3 2 10 2 1 3 2 2 5 4 7 5 7 9 5 1 5 8 10 8 10 8 10 5 1 6 4 3 7 1 2 8 4 2 8 7 4 9 10 9 8 7 6 3 5 10 4 4 8 2 8 3 5 10 3 6 4 8 
3 10 2 8 8 9 3 1 8 9 4 10 7 4 3 5 3 5 7 4 2 3 4 5 7 7 9 4 8 5 7 4 2 1 10 10 6 6 9 3 5 10 2 1 4 3 9 10 7 8 9 5 4 2 10 10 1 3 2 10 1 4 8 9 4 7 4 1 5 7 5 8 6 8 7 9 5 7 1 10 2 10 3 1 10 5 10 5 4 5 8 3 9 4 1 1 3 5 2 9 3 7 9 3 3 9 4 7 4 5 9 2 10 9 4 3 7 2 1 3 7 10 5 1 4 1 3 4 
7 9 3 7 2 2 6 3 7 10 6 3 7 5 10 8 6 4 10 2 10 6 10 5 9 5 6 3 3 10 1 2 2 4 4 7 10 3 8 4 2 10 4 6 8 2 2 2 8 7 6 3 6 8 5 2 1 9 9 5 7 4 4 2 9 1 3 7 10 7 1 8 3 10 10 10 1 4 5 1 5 3 1 4 10 7 2 4 5 2 3 4 9 8 8 7 6 4 5 3 7 2 4 8 7 9 8 4 6 8 9 5 6 2 8 1 6 8 9 8 4 9 4 1 6 6 8 9 
4 5 7 8 2 5 3 4 5 8 8 8 3 5 1 9 6 9 2 3 3 8 10 2 4 2 2 6 8 9 10 8 9 8 2 8 2 4 10 10 5 7 7 4 7 2 9 7 9 9 3 9 6 10 1 1 5 7 10 7 5 10 9 9 1 9 7 1 7 9 2 7 5 3 10 6 5 7 7 1 7 2 7 4 3 10 8 9 8 9 4 6 2 4 2 7 5 5 9 2 2 6 7 7 2 9 2 6 6 1 9 3 7 1 10 6 5 1 4 2 7 7 8 2 7 2 5 7 
7 3 3 8 5 5 1 1 2 10 4 1 5 4 1 3 9 9 1 4 1 10 1 8 6 10 1 8 9 5 8 9 9 5 9 4 5 2 9 8 10 4 8 2 9 3 6 5 8 10 3 7 2 7 4 8 3 6 9 7 3 4 5 4 10 2 9 5 1 1 8 8 3 4 1 6 2 6 4 4 10 7 9 4 1 10 4 1 3 7 2 5 6 2 8 6 8 9 9 10 4 10 5 3 6 8 10 2 2 6 7 5 7 1 4 6 2 4 9 4 10 10 7 4 5 10 7 6 
9 10 3 2 9 10 9 3 1 9 5 2 6 7 4 7 5 4 5 9 10 7 6 1 7 9 1 1 7 6 10 7 1 4 1 6 8 1 2 8 7 5 6 8 8 10 8 7 4 5 1 4 2 8 2 5 4 7 1 1 10 8 3 5 6 10 9 9 10 8 9 9 3 9 1 2 2 9 6 2 3 9 3 4 2 3 3 10 2 10 6 1 3 10 8 9 10 4 10 9 2 9 9 2 5 1 1 5 10 2 10 8 4 7 7 10 3 8 9 3 9 6 3 4 3 6 5 6 
9 4 7 2 2 4 10 1 1 1 2 4 7 7 2 10 7 9 3 6 5 6 4 5 4 9 1 5 10 4 7 6 7 4 4 9 3 1 4 10 4 10 1 4 9 9 4 1 8 9 10 6 10 7 4 10 3 5 9 3 1 1 4 9 6 10 4 7 2 8 3 3 5 9 1 5 4 2 1 8 7 6 8 7 7 9 6 10 2 2 10 4 5 2 9 5 1 5 7 3 9 9 5 6 2 5 8 2 5 1 4 3 1 8 9 8 3 9 4 5 1 3 4 2 6 2 9 1 
9 2 9 3 9 5 9 3 3 7 4 9 5 1 6 3 7 1 2 8 2 10 9 2 1 8 9 2 4 8 2 3 7 1 4 6 2 6 2 6 6 1 2 9 4 6 4 2 10 10 5 2 1 8 2 4 5 4 7 7 8 6 2 3 8 7 6 5 6 5 8 2 3 10 10 1 2 6 3 1 2 7 1 7 7 4 5 7 9 9 6 5 3 1 5 7 7 2 3 6 7 9 3 9 7 9 6 6 7 5 4 6 9 9 6 2 8 1 5 6 5 5 2 9 6 7 3 1 
6 1 5 9 8 8 1 3 5 2 5 2 6 8 4 6 5 2 6 8 10 10 6 10 10 2 5 4 2 3 7 3 2 3 4 7 1 2 2 7 1 9 3 6 6 8 3 2 8 5 7 8 8 2 1 6 7 7 5 4 6 8 9 4 5 1 3 5 3 5 7 5 4 5 9 8 3 5 6 6 3 7 4 5 2 3 3 3 1 6 6 7 10 3 6 8 5 10 6 8 6 7 3 6 3 4 10 7 6 3 9 9 10 9 1 10 8 6 8 9 8 6 10 2 10 1 5 7 
4 7 4 2 5 1 8 1 3 7 7 6 3 4 2 2 9 5 6 10 5 2 5 10 2 9 9 4 3 2 2 3 3 10 3 8 7 8 8 9 3 9 3 1 2 4 5 4 8 5 4 4 8 10 4 3 7 8 9 3 4 4 3 5 2 2 2 5 4 2 4 1 8 9 3 4 9 5 6 2 9 5 3 1 5 5 10 5 6 3 2 6 2 4 5 7 6 8 9 9 2 4 2 3 10 6 4 7 1 7 10 2 8 10 3 3 3 7 6 4 6 6 3 5 4 4 4 4 
3 7 8 3 5 4 7 10 3 7 4 1 6 3 1 4 3 5 10 9 6 3 8 7 6 9 7 1 4 1 8 4 2 2 2 4 9 2 6 6 3 1 6 8 8 6 6 5 1 10 8 9 8 7 4 9 5 6 4 1 5 1 7 9 5 4 2 3 1 4 4 2 3 9 2 10 2 4 3 5 6 6 8 4 1 7 5 9 2 6 4 2 9 8 7 5 2 8 8 4 1 7 5 10 7 8 8 2 8 6 3 9 5 3 1 7 8 2 2 2 6 8 6 3 10 5 2 1 
9 6 4 6 8 7 7 4 9 9 5 4 4 4 3 10 1 8 3 10 10 10 7 4 1 6 2 4 10 6 7 9 3 6 2 1 7 10 6 3 5 1 8 7 2 2 8 7 1 10 1 6 5 8 4 3 1 4 3 1 6 2 6 8 2 2 2 9 8 5 9 8 3 2 1 5 4 7 7 5 4 3 8 6 1 4 4 3 1 7 2 1 5 2 1 6 9 5 1 2 10 7 5 6 10 6 1 9 4 5 2 7 7 2 1 4 8 7 7 4 3 6 7 7 3 2 3 3 
10 5 4 10 2 5 3 1 3 1 10 4 2 9 4 7 1 9 3 8 5 2 10 1 8 7 4 10 7 2 6 2 3 3 10 9 1 9 3 9 6 2 4 3 8 1 2 10 4 10 9 10 4 6 5 9 6 3 1 8 9 4 2 5 6 8 8 9 6 2 2 3 10 7 6 1 6 9 4 6 8 2 8 10 6 9 8 2 10 8 7 8 9 4 2 1 3 6 5 6 8 2 3 4 10 10 6 6 5 3 2 5 4 2 2 9 3 6 1 7 6 4 10 9 6 3 4 8 
3 10 2 3 2 7 6 3 8 7 3 5 9 7 8 4 4 7 7 4 5 4 6 6 9 8 2 4 10 9 5 6 7 8 3 6 3 7 3 3 9 3 1 2 4 2 7 6 7 6 1 4 6 7 6 4 9 3 5 8 6 9 4 5 8 5 3 7 9 10 2 6 6 8 3 8 6 6 2 6 6 10 2 7 10 10 9 2 4 4 2 1 6 8 5 2 10 3 7 8 8 4 9 10 2 8 6 4 5 9 4 2 3 4 4 8 2 3 6 8 2 8 8 6 4 7 10 2 
6 3 5 9 3 6 5 5 8 6 7 9 1 5 1 6 8 1 4 5 8 10 6 4 5 1 2 3 7 7 9 7 10 2 5 10 10 1 5 2 3 3 4 1 4 9 4 2 9 8 9 3 2 5 9 7 6 1 2 4 10 2 4 7 4 4 6 4 7 3 7 7 6 7 9 2 2 2 10 3 2 7 8 8 10 6 9 1 8 8 7 10 8 5 9 8 7 9 7 7 8 5 1 5 3 2 4 8 5 4 2 9 6 2 8 9 8 4 8 4 9 9 7 10 10 8 10 7 
2 2 8 8 2 5 9 3 2 4 3 3 10 2 5 10 9 2 8 3 10 1 5 5 8 9 3 10 2 4 3 8 3 7 10 10 2 1 1 10 9 5 2 4 10 4 5 10 10 10 7 6 3 2 2 5 9 3 9 8 5 1 3 8 4 3 6 5 6 6 7 5 2 9 4 7 10 4 9 8 7 2 1 7 3 3 3 7 3 2 9 3 3 10 8 6 8 2 4 5 4 7 10 4 1 5 4 1 3 7 8 5 10 2 10 6 5 2 5 6 10 5 6 5 3 1 6 8 
3 4 2 10 3 3 3 7 7 1 4 7 2 2 4 8 1 6 9 6 7 4 4 8 9 1 5 9 2 6 5 6 5 9 10 4 3 8 3 10 5 3 8 6 9 9 3 10 9 8 4 5 7 7 8 1 9 6 7 5 6 10 1 3 10 2 2 1 10 9 2 9 8 7 10 3 1 5 7 3 5 1 9 10 4 2 3 1 7 7 8 7 3 2 5 10 9 2 8 10 2 6 6 6 2 4 2 8 9 8 2 6 7 8 10 4 6 4 1 5 10 3 2 2 4 6 8 1 
3 9 10 1 3 3 1 1 9 7 4 5 6 1 3 8 7 7 7 9 2 8 9 1 7 9 7 10 1 6 3 9 5 9 6 8 1 6 3 1 5 8 8 4 1 9 10 5 6 5 6 7 7 1 1 5 2 1 9 9 10 10 4 9 1 1 9 9 7 9 9 10 3 9 6 2 1 4 1 8 7 3 3 6 3 5 6 8 6 6 7 10 8 2 1 10 6 2 8 2 3 1 6 3 2 9 9 8 3 2 9 2 4 4 3 3 6 10 6 9 8 9 8 1 3 3 7 7 
8 7 7 4 2 10 9 9 5 5 9 9 3 3 8 2 7 9 2 8 2 5 6 8 4 2 10 2 7 2 9 8 6 6 5 4 6 3 7 1 8 8 2 5 4 7 5 7 7 4 3 9 1 7 9 1 4 5 1 10 10 8 9 1 8 9 4 5 9 5 2 8 10 8 4 6 7 6 10 6 9 9 3 9 6 5 7 3 1 1 10 3 8 4 9 6 10 5 10 4 4 1 5 9 4 4 3 7 8 6 9 6 9 4 2 10 10 6 2 3 2 8 4 1 5 3 6 8 
1 9 7 10 2 9 6 2 10 1 8 1 8 8 4 9 9 6 3 10 2 2 3 7 2 7 4 4 4 2 4 7 1 9 6 8 10 5 1 10 9 2 3 4 7 5 7 3 1 9 3 10 4 8 2 5 2 2 9 4 1 2 6 6 4 1 9 2 3 5 6 8 9 9 7 6 2 4 6 10 4 5 9 5 4 1 4 1 4 1 7 6 8 5 4 10 9 1 4 6 3 10 1 1 1 7 5 4 6 2 8 1 2 10 5 10 9 7 2 2 5 1 7 2 1 2 5 1 
7 8 1 10 2 10 4 4 8 8 2 9 4 4 4 3 10 6 2 3 5 9 4 5 2 9 4 6 10 4 2 6 10 4 5 4 5 9 3 4 7 8 1 4 8 10 5 6 3 7 4 1 2 6 5 3 2 2 7 8 2 9 5 3 7 5 8 2 7 10 6 4 10 10 3 9 6 8 9 5 3 3 5 10 1 7 3 4 9 1 8 9 8 9 1 6 1 7 10 8 1 4 5 1 4 5 7 7 7 9 4 9 5 5 10 5 1 3 4 1 8 2 7 4 7 9 2 2 
3 10 6 8 9 2 4 6 5 9 3 3 7 3 9 4 3 4 8 6 1 2 8 7 10 1 3 1 6 4 5 9 4 3 10 8 5 9 8 2 2 7 2 1 1 5 8 1 2 2 8 8 10 9 3 2 6 1 5 9 5 4 8 4 3 5 8 5 8 9 6 9 8 2 5 8 7 8 1 4 7 1 7 10 5 4 1 8 7 9 10 7 3 7 10 8 4 5 6 4 10 8 8 4 2 9 1 9 1 4 1 3 4 7 4 4 6 1 8 9 2 6 5 9 10 3 7 5 
3 10 2 8 3 3 6 10 6 8 4 4 1 9 6 4 6 3 5 10 6 4 3 4 3 9 8 10 10 1 4 2 6 2 7 10 3 3 1 6 4 2 6 10 6 5 6 2 5 1 7 9 2 7 8 1 5 4 2 2 6 4 5 1 6 9 7 3 4 10 5 4 1 2 1 3 5 2 6 7 9 4 2 3 10 5 1 6 4 5 1 4 5 3 3 2 8 1 1 9 10 2 6 3 3 10 1 6 7 4 3 4 6 4 3 1 10 1 5 8 8 4 2 5 2 7 4 1 
1 6 1 3 6 6 10 10 4 1 9 6 2 3 10 9 8 5 10 6 3 5 8 3 10 8 9 10 10 3 9 2 8 7 10 8 2 4 9 6 6 9 10 6 6 6 8 2 5 5 10 6 1 4 4 8 6 10 8 10 7 8 8 10 5 2 3 8 1 7 1 6 8 5 3 9 2 6 1 6 9 8 9 4 9 2 9 2 10 5 2 6 4 10 5 10 8 9 5 7 5 8 4 4 4 5 2 5 6 8 5 2 10 3 9 2 2 9 10 4 10 7 1 6 10 5 10 4 
10 4 8 7 2 6 2 5 9 6 7 7 9 5 4 7 2 3 2 6 8 5 5 1 2 5 1 5 3 4 1 9 2 10 5 5 10 2 8 2 6 2 7 1 3 10 2 1 8 3 6 6 10 1 7 3 2 3 4 8 3 8 6 8 7 7 1 3 4 4 3 9 4 7 10 3 10 5 9 6 4 2 9 7 6 5 6 8 1 2 2 7 6 3 7 8 4 8 1 1 1 8 10 1 4 1 7 1 3 10 10 7 7 5 2 5 10 3 9 4 10 7 4 5 10 4 9 4 
4 4 10 10 8 10 8 1 7 7 2 10 9 3 7 2 5 6 6 1 3 6 6 1 4 8 5 4 3 7 3 6 6 9 10 3 3 3 4 3 2 1 10 3 2 3 10 2 1 8 5 7 10 3 9 3 3 9 1 10 9 4 6 5 5 7 2 3 5 1 4 2 8 2 6 1 7 8 1 10 7 9 3 5 5 6 3 8 2 8 10 5 10 2 10 7 1 3 5 1 7 9 5 1 5 3 4 3 5 7 3 5 7 7 2 10 4 4 10 8 2 4 6 4 2 2 1 10 
6 9 1 6 4 1 10 5 10 1 9 10 5 3 6 1 9 6 8 9 8 4 8 4 9 8 4 1 3 9 9 10 5 9 7 6 2 7 4 10 5 6 8 9 1 1 8 1 10 3 9 8 2 8 9 5 10 3 5 8 2 9 7 2 4 10 3 5 4 8 7 4 8 2 1 7 2 7 10 5 9 7 5 10 5 1 10 3 8 7 8 9 4 10 4 10 7 6 3 2 7 10 4 6 1 7 8 3 6 5 9 6 5 10 1 8 1 5 3 2 1 1 3 7 2 3 3 4 
4 6 2 2 4 9 1 4 2 8 10 2 2 2 2 2 3 3 1 8 2 5 7 10 9 8 6 6 6 3 10 9 3 7 1 5 7 3 9 2 9 8 5 4 5 3 10 9 10 7 2 2 4 3 5 5 8 6 10 5 6 3 10 6 7 9 2 4 6 3 4 6 7 2 2 2 6 5 6 2 6 10 6 7 4 2 5 10 3 2 6 7 6 7 3 3 6 4 6 10 7 10 1 1 1 1 8 3 3 5 9 1 9 8 8 3 9 7 7 8 5 2 1 4 5 1 9 10 
5 2 2 1 3 8 7 6 4 1 7 5 9 2 8 10 8 7 3 6 3 2 8 8 3 10 6 1 3 8 7 6 9 2 2 1 3 9 9 8 7 3 6 6 8 5 1 8 5 1 4 10 7 2 5 1 6 3 3 6 4 3 5 8 4 1 5 5 4 10 3 7 5 8 8 6 9 6 4 9 6 9 1 1 6 5 4 1 10 3 9 3 6 6 7 1 5 1 4 7 6 6 1 6 7 3 5 10 7 10 6 2 5 3 2 7 9 1 1 9 8 2 10 8 5 8 2 5 
4 3 7 1 4 9 7 9 4 4 2 8 8 3 1 3 9 9 8 2 10 1 6 10 3 2 9 8 5 1 10 2 5 5 6 6 7 6 5 1 3 7 2 5 6 10 8 9 10 8 6 3 8 6 2 6 10 9 9 2 2 6 8 7 3 9 9 4 6 5 6 3 9 4 4 8 5 9 2 1 4 1 7 9 5 5 7 7 8 2 9 4 4 4 8 5 9 2 1 2 10 8 10 6 5 10 9 6 8 8 7 9 4 10 4 5 4 1 7 9 8 9 6 6 6 3 9 8 
9 7 10 5 9 7 5 9 4 6 9 10 4 9 3 5 4 7 1 8 2 9 6 3 3 3 9 10 4 8 2 7 5 5 10 7 1 1 2 9 4 1 4 5 6 1 6 10 6 5 9 2 1 3 6 4 2 7 3 8 7 7 6 4 9 2 7 3 3 2 5 8 9 3 5 8 5 3 8 10 10 6 1 10 1 6 5 1 9 2 9 7 8 4 8 2 1 8 7 1 4 7 6 6 3 1 7 10 5 3 7 5 3 6 3 5 2 7 5 7 2 9 7 9 8 4 5 1 
7 1 6 4 7 2 3 2 1 1 7 3 3 9 6 10 1 8 6 10 1 1 4 10 3 2 2 8 6 7 9 6 6 10 8 7 2 7 9 2 1 3 6 1 6 1 4 6 3 6 2 5 3 1 3 1 1 7 7 9 8 6 7 9 5 10 9 3 7 2 9 1 3 8 6 6 2 2 9 4 2 8 8 2 10 8 5 5 9 10 10 4 6 2 9 5 4 2 5 2 6 6 10 5 3 3 7 10 4 1 2 4 3 6 9 1 9 8 2 2 7 8 4 4 4 5 7 1 
4 1 4 3 3 1 3 4 1 6 3 8 10 3 6 7 9 6 5 2 2 6 8 1 2 2 8 8 6 5 3 1 6 7 6 7 1 10 7 2 9 6 3 9 7 10 1 10 2 5 3 7 2 7 9 8 9 2 7 3 1 7 8 8 2 3 4 3 7 4 7 9 8 2 7 3 9 9 3 3 8 4 1 4 8 9 5 5 4 5 6 2 3 10 2 8 3 7 1 5 7 4 10 8 4 9 8 10 7 2 2 10 10 3 6 6 1 1 8 2 1 6 5 4 5 2 9 9 
4 6 9 3 9 1 7 2 4 8 5 2 8 7 4 3 3 2 4 4 3 1 6 3 5 6 6 2 4 2 5 8 2 5 1 2 8 1 7 1 1 1 2 8 1 10 9 10 1 10 4 6 9 3 5 2 6 6 4 9 10 8 6 8 7 10 5 5 9 6 1 1 7 9 1 9 9 3 9 8 8 5 1 7 3 7 2 8 8 3 8 2 6 7 6 7 2 3 7 9 7 8 4 8 4 5 4 6 2 2 6 1 4 2 7 5 1 10 6 10 10 1 3 8 7 5 5 3 
5 9 9 4 10 7 6 7 6 3 2 6 4 9 7 1 10 8 10 8 2 6 8 8 2 8 7 9 6 5 6 9 2 10 8 7 8 6 9 1 3 5 4 10 9 5 4 5 4 8 6 2 5 5 1 2 8 10 2 5 7 4 6 5 1 7 2 9 6 6 6 3 10 1 9 10 9 9 3 10 9 2 1 3 8 7 3 10 2 10 9 5 5 4 3 2 10 5 3 3 6 6 3 1 6 10 3 1 7 7 10 6 3 7 9 8 1 2 4 2 3 5 9 7 6 5 10 3 
5 2 10 7 4 10 9 4 5 1 6 4 9 8 8 6 8 3 6 7 2 2 3 7 8 5 1 2 3 1 7 1 7 5 10 3 2 4 1 7 7 3 6 5 2 7 9 6 5 1 1 9 10 5 5 10 9 5 1 5 7 2 4 8 7 3 5 2 6 8 10 3 10 2 2 4 4 9 5 5 6 7 8 9 7 7 7 7 4 6 6 2 9 1 2 5 2 1 1 1 6 3 8 3 3 4 1 3 2 5 9 9 1 8 5 4 5 7 4 10 2 9 7 6 6 8 6 10 
1 9 10 5 6 7 9 10 5 8 10 1 1 10 4 3 7 8 10 1 4 6 10 2 10 6 6 7 10 7 7 3 1 6 5 5 8 7 8 10 10 6 6 3 8 5 7 10 10 1 8 10 7 10 7 2 10 4 7 5 7 10 1 8 4 1 7 6 6 7 6 9 6 4 7 3 7 6 3 3 9 3 6 10 6 6 7 8 3 4 10 2 2 9 2 5 4 3 8 2 10 4 4 8 2 10 2 5 1 5 3 1 10 2 3 4 4 4 1 2 4 9 3 2 2 1 4 5 
1 3 10 2 3 10 3 8 4 2 10 2 9 3 8 1 5 1 6 8 1 6 7 10 4 4 2 3 3 8 5 7 9 3 9 2 10 7 2 2 5 8 10 3 5 10 2 7 7 10 7 1 10 1 7 2 6 1 9 4 6 8 1 4 6 9 3 10 10 2 3 7 4 3 7 1 4 2 1 1 3 2 5 5 7 4 9 1 1 4 7 7 1 5 2 10 1 2 2 9 1 4 9 9 2 4 9 2 8 10 8 7 8 6 9 5 6 5 2 6 2 9 8 3 1 4 1 8 
7 6 9 1 2 3 6 4 1 1 5 8 7 3 7 7 6 4 7 6 8 2 4 4 7 2 9 5 9 4 1 8 1 10 3 2 4 10 5 9 9 1 10 10 9 4 3 5 6 1 5 5 8 1 7 1 4 5 3 2 5 3 9 7 5 5 7 2 8 4 4 6 8 10 1 9 3 8 7 9 9 3 9 3 8 7 2 10 10 2 3 4 5 3 5 4 3 10 4 3 7 2 5 6 9 3 9 8 4 2 10 3 8 1 4 3 8 1 10 8 4 1 1 1 3 1 8 4 
3 8 4 2 10 1 9 10 1 2 4 10 7 9 6 8 3 4 10 5 8 4 6 3 4 7 8 9 10 7 9 1 2 5 1 6 2 4 1 6 1 9 10 7 1 2 9 1 7 4 3 10 1 6 4 4 6 1 3 5 3 8 6 2 3 9 4 8 7 10 6 10 1 4 9 7 2 9 10 7 3 1 6 5 7 5 2 8 2 10 1 8 5 1 7 7 1 10 3 4 7 10 6 1 10 5 1 4 6 5 10 6 8 1 10 5 4 8 8 6 3 8 9 5 3 5 7 9 
10 4 7 7 4 5 1 1 1 1 9 2 4 2 9 4 2 2 4 7 7 8 3 1 1 6 10 9 5 4 2 1 4 10 1 4 4 1 10 10 10 5 10 2 2 3 4 2 2 9 7 10 5 8 6 2 1 9 2 10 6 2 5 7 8 5 10 1 5 9 9 7 4 7 4 2 1 5 9 10 1 2 5 7 7 4 9 6 9 2 10 4 6 5 10 9 1 3 1 3 4 9 1 1 4 8 4 6 6 3 9 5 10 5 2 1 8 9 6 2 1 7 2 3 7 2 3 4 
3 5 9 5 2 5 9 10 5 6 8 7 1 7 9 4 6 6 3 9 4 8 9 9 5 6 10 6 6 9 7 9 2 4 1 9 7 4 4 7 1 1 7 3 5 8 8 5 7 7 5 10 4 5 6 7 3 9 8 5 1 2 7 10 7 10 2 4 5 1 6 10 8 9 5 2 7 10 10 10 5 3 7 2 8 6 6 6 6 2 1 2 10 4 3 4 5 8 9 7 9 6 9 3 10 9 8 9 9 7 4 6 7 5 9 1 8 5 5 9 4 10 10 3 3 1 8 5 
7 3 5 9 4 7 3 4 4 3 1 3 1 6 8 2 10 10 4 4 4 2 4 9 9 1 2 6 3 6 10 9 3 10 9 4 3 4 5 9 5 1 4 7 3 6 6 4 1 5 5 1 6 10 7 5 4 8 2 2 9 8 2 8 9 9 4 4 4 2 9 9 6 4 4 4 10 2 10 10 10 10 10 10 5 1 4 1 4 3 9 9 3 8 1 6 6 9 5 10 10 3 5 10 1 2 3 2 2 1 5 6 10 2 4 8 10 10 4 9 2 5 10 4 7 6 9 10 
9 8 4 8 10 6 1 4 4 5 5 7 8 2 1 5 8 1 6 6 10 2 1 6 10 10 10 4 9 5 5 8 10 5 5 5 5 9 5 10 10 9 6 3 9 7 2 5 9 4 8 8 5 9 2 4 4 2 5 2 6 5 2 7 10 10 7 2 1 10 1 9 5 9 6 7 2 10 2 10 10 8 1 10 7 6 10 9 7 1 1 6 7 10 2 7 10 7 3 2 3 10 5 2 1 10 7 4 10 10 8 7 9 3 7 8 2 3 10 2 1 9 2 5 5 10 5 4 
10 9 4 10 9 4 2 5 2 2 7 9 3 1 3 3 4 4 8 6 1 9 6 3 7 7 3 3 6 6 8 1 4 7 5 4 10 10 1 5 3 6 10 2 5 9 10 2 9 7 9 7 9 8 6 2 7 7 4 5 5 8 6 8 6 5 6 3 10 1 10 8 4 8 9 9 3 10 7 7 3 8 9 2 8 9 4 9 1 1 3 5 1 8 8 3 7 2 8 6 9 5 1 4 3 1 2 3 8 8 7 10 5 2 5 10 10 8 10 8 10 9 6 2 7 2 2 7 
6 5 2 10 10 9 9 4 4 10 7 7 3 1 8 4 8 4 10 7 7 4 2 6 7 6 5 9 4 7 7 6 10 6 6 8 3 10 5 10 1 6 1 3 6 3 7 6 3 4 6 10 9 4 4 5 8 1 10 1 10 2 5 2 4 2 10 9 2 3 6 9 1 9 6 10 7 5 1 10 6 3 7 1 5 10 6 6 3 10 2 1 8 10 2 3 2 8 9 1 1 4 9 4 8 3 4 3 6 5 6 3 5 3 6 2 1 3 9 9 4 9 9 6 1 1 5 4 
9 3 10 3 5 2 8 2 1 10 8 10 5 10 5 3 6 2 4 1 10 2 3 2 7 10 5 9 10 5 1 2 1 10 10 1 8 8 5 5 2 3 9 1 8 6 1 1 9 5 2 1 2 8 1 2 3 4 1 9 8 1 6 8 9 3 6 2 6 10 4 6 6 1 9 10 7 9 5 7 8 8 2 10 8 6 1 4 4 6 2 10 8 7 7 3 3 5 8 4 9 9 2 3 8 6 8 8 6 1 10 3 7 9 7 8 1 8 2 2 4 4 1 2 8 10 10 3 
3 4 2 2 9 3 4 3 8 5 5 4 5 1 9 2 4 9 2 10 1 4 6 2 9 9 7 4 6 3 7 9 8 9 10 10 6 4 7 9 8 6 5 10 1 5 2 1 2 3 4 2 6 7 10 2 4 3 4 10 5 3 2 4 1 1 8 8 10 9 6 2 10 5 6 1 8 3 9 1 6 1 4 8 4 5 10 3 4 1 4 4 10 9 4 1 8 9 6 6 6 7 2 3 7 10 6 8 5 9 2 9 5 9 8 8 10 5 6 8 1 5 10 9 8 5 4 6 
1 1 4 4 6 1 9 4 7 5 1 4 7 1 7 6 4 7 2 9 9 6 7 9 10 2 8 6 9 7 1 10 1 6 2 4 7 10 7 5 5 10 7 7 7 9 6 3 7 6 7 5 8 4 5 4 3 9 4 8 7 1 3 6 5 6 3 5 7 2 4 5 10 4 1 4 7 3 5 9 10 1 5 2 1 3 6 6 3 3 5 1 2 8 10 7 8 6 9 4 9 6 10 7 7 9 2 2 3 5 4 2 10 1 5 10 5 6 6 6 6 9 7 3 8 5 9 5 
8 2 4 6 4 10 3 9 10 7 4 10 7 8 1 2 3 3 9 1 9 7 2 3 6 8 8 2 3 4 10 1 6 5 8 7 6 8 1 8 1 8 3 3 6 1 8 3 8 7 1 3 2 7 9 3 7 7 6 1 9 10 9 6 4 3 9 2 4 10 4 7 4 4 10 5 8 4 5 4 9 9 8 9 3 9 8 4 7 6 9 2 1 5 10 3 5 10 7 6 9 6 6 6 5 9 4 9 9 9 7 10 4 10 6 8 10 9 1 6 8 4 3 4 3 6 6 9 
9 9 2 6 9 8 2 8 6 7 6 6 9 7 7 5 6 7 4 8 10 5 3 3 5 1 6 1 8 10 5 8 10 3 8 9 8 7 4 1 3 7 5 8 5 10 9 2 8 6 8 1 3 7 6 5 6 3 10 4 10 9 3 3 10 2 1 6 4 10 10 2 1 9 8 10 1 5 8 5 7 3 5 6 7 8 9 3 9 9 4 3 1 7 4 3 8 3 3 3 2 2 5 8 8 1 10 10 4 4 2 9 1 2 2 9 1 10 7 3 8 9 8 7 2 7 6 6 
6 7 7 6 2 4 6 3 8 8 3 5 8 2 9 10 7 6 2 5 4 8 9 8 10 2 5 6 6 9 7 8 3 3 5 5 1 8 8 3 5 2 6 9 5 1 5 6 2 2 9 10 4 7 2 2 6 9 5 2 1 3 7 8 6 4 1 8 1 7 6 4 3 5 7 6 4 2 3 2 3 1 9 10 3 6 8 7 8 9 8 2 5 8 8 2 5 8 10 3 5 4 5 8 3 2 3 6 3 2 6 10 5 9 6 7 8 3 3 6 10 3 1 8 9 5 6 1 
9 8 8 5 8 1 8 4 9 10 8 2 7 2 4 3 9 5 9 8 3 9 1 9 9 6 9 10 8 5 8 7 3 7 6 10 3 10 9 6 8 10 9 1 6 5 1 9 9 10 7 4 4 6 10 1 8 1 8 8 6 2 1 9 1 8 6 3 4 4 8 1 10 1 3 10 3 10 2 1 10 6 1 1 5 9 8 7 9 4 6 10 8 7 6 7 2 4 6 4 2 1 2 7 1 2 3 3 6 8 2 6 8 4 4 4 2 6 8 5 5 3 6 2 2 1 6 9 
3 7 5 3 7 1 3 6 9 2 4 5 3 1 10 4 4 2 5 5 6 9 7 6 8 2 4 2 9 6 9 7 9 2 2 9 5 1 5 10 7 4 7 6 1 10 2 9 3 7 5 9 5 2 5 8 7 3 5 4 7 6 4 8 7 10 7 1 10 7 7 3 9 5 8 2 9 2 4 4 6 4 7 8 2 1 10 9 7 1 6 3 10 1 3 3 2 7 2 9 10 4 10 6 10 4 2 1 8 6 9 2 6 3 10 9 4 4 9 6 4 4 5 9 4 1 4 5 
7 6 6 6 8 3 2 2 7 4 2 5 9 10 6 6 6 2 5 1 3 6 8 7 10 10 3 3 5 6 5 2 9 6 9 1 4 6 9 7 7 10 2 3 7 5 3 4 5 6 8 8 7 4 9 4 9 5 4 5 8 1 10 6 6 7 8 1 10 9 8 5 5 6 1 4 2 5 3 7 1 8 1 3 7 3 4 6 1 10 6 2 9 8 6 10 1 10 8 10 5 3 3 1 9 10 6 4 2 4 9 7 2 4 3 10 6 8 9 10 7 2 5 1 3 5 9 10 
7 6 3 7 4 10 5 2 6 5 2 2 9 3 10 6 10 7 2 10 5 4 9 4 9 2 10 8 9 6 8 1 1 1 5 9 3 2 4 7 6 6 10 4 3 8 8 6 3 7 2 10 8 1 10 8 2 8 9 2 6 6 9 10 6 10 2 4 4 2 10 9 4 10 3 1 4 7 7 1 10 4 10 6 10 7 7 7 7 8 6 9 3 6 10 1 8 3 7 4 9 4 10 6 10 9 4 10 2 2 7 10 5 10 3 6 10 5 5 2 2 6 7 9 6 8 7 1 
4 2 10 2 10 8 4 8 4 5 6 1 5 5 5 1 4 10 10 4 2 4 6 1 6 5 9 9 5 1 9 8 2 1 9 1 9 2 2 10 6 2 10 3 6 2 6 5 9 2 4 3 4 6 6 7 6 1 1 5 1 4 2 7 6 3 5 2 1 2 3 8 1 8 10 8 10 2 4 1 2 4 9 10 7 8 10 1 9 6 6 2 4 6 6 4 3 9 8 9 5 4 3 7 1 2 4 1 4 10 5 1 8 4 8 4 1 8 3 4 10 7 1 7 5 1 1 10 
5 8 1 3 1 4 4 1 7 10 8 3 8 7 1 8 4 2 6 5 5 9 5 1 7 1 5 4 5 3 4 1 1 3 4 7 8 3 8 1 3 1 1 7 9 9 5 2 5 9 2 1 2 2 5 3 8 6 2 10 9 10 7 10 6 5 2 10 1 5 5 1 2 5 3 10 10 6 8 5 4 3 9 1 1 5 8 3 2 10 3 3 1 10 7 1 7 3 7 3 3 10 10 5 3 2 7 7 7 9 3 2 3 10 6 3 9 9 6 3 9 2 5 3 7 10 2 3 
10 10 7 1 10 10 3 4 5 7 1 7 9 4 3 5 6 3 1 7 2 7 6 9 9 2 6 3 10 10 1 1 5 8 10 5 6 5 7 1 5 8 10 4 1 2 9 4 6 5 9 8 6 7 8 4 6 1 4 6 3 10 1 6 3 6 7 10 2 9 4 5 1 2 8 3 5 8 5 1 5 6 9 9 2 5 2 3 4 7 6 10 8 8 10 6 2 2 2 9 8 10 2 8 10 2 9 1 4 5 10 1 3 3 8 2 1 10 7 8 10 1 4 1 3 6 7 1 
4 2 1 9 5 6 8 10 10 4 1 9 3 7 4 7 2 7 10 9 2 10 4 9 2 1 2 1 2 1 3 8 8 2 1 8 10 8 10 7 7 2 1 7 5 9 7 2 9 10 2 5 9 1 1 7 6 7 1 4 2 3 2 10 7 8 10 2 7 4 9 8 4 9 5 8 6 10 5 9 7 8 8 8 3 10 2 4 6 1 9 8 3 4 9 9 3 2 10 5 7 7 2 5 3 5 1 9 5 7 1 3 9 8 6 2 2 9 9 10 1 4 7 9 4 4 1 6 
9 10 5 6 9 8 7 4 7 7 8 5 2 2 10 4 6 5 10 6 9 1 3 10 8 8 9 7 3 8 2 6 1 8 9 3 10 8 6 1 2 6 7 10 8 2 1 7 6 8 7 9 2 1 1 10 5 9 3 8 4 2 1 8 5 9 2 9 5 7 3 9 1 2 2 1 4 3 3 4 1 7 7 9 6 8 1 2 7 1 1 5 5 2 8 3 8 1 9 5 8 1 9 7 7 1 10 3 2 3 5 5 7 4 3 8 2 1 5 6 3 9 10 4 9 5 6 9 
10 1 1 7 2 8 8 4 6 3 7 2 8 1 5 2 2 4 10 3 8 10 4 4 1 5 6 3 7 3 6 4 5 6 6 4 3 2 5 10 7 2 6 4 7 9 1 7 9 9 4 1 6 2 4 10 3 7 10 8 8 6 3 2 2 2 9 1 6 10 1 5 6 8 3 1 5 3 2 4 1 10 5 9 4 9 4 9 10 8 4 6 4 6 1 7 4 10 6 8 4 10 3 1 10 5 5 3 8 5 4 5 3 3 1 9 3 5 1 4 3 1 3 9 8 8 2 8 
2 6 2 8 5 2 6 5 3 9 9 6 4 4 5 3 9 9 3 3 6 6 1 6 1 6 8 8 5 6 8 4 1 3 2 7 10 4 5 7 6 4 7 1 5 9 9 4 1 8 2 2 7 9 1 9 4 5 4 2 2 1 6 5 9 5 4 2 8 9 7 4 10 10 10 7 8 10 9 4 7 6 3 10 8 2 4 3 7 7 9 4 5 5 7 9 3 1 10 4 8 3 2 4 5 5 8 9 10 8 5 1 6 2 10 3 5 3 6 9 10 8 7 1 10 9 8 10 
10 2 9 9 10 7 5 5 5 9 2 6 3 1 5 4 8 4 6 7 5 7 5 3 2 4 5 8 5 5 6 6 3 7 8 8 2 4 1 2 4 1 1 2 9 3 3 6 2 3 2 10 6 5 3 8 4 3 10 10 1 1 6 5 6 8 9 7 10 5 1 9 3 6 10 3 10 7 4 7 8 4 1 1 1 6 4 1 3 9 6 3 9 6 7 4 5 6 2 8 1 1 10 8 1 2 4 10 5 6 9 1 2 10 9 8 7 9 4 3 4 5 7 8 2 8 1 5 
6 10 5 7 9 6 7 4 3 8 8 6 10 9 5 7 7 9 6 6 1 8 5 6 5 8 2 9 10 5 3 10 10 9 1 7 8 6 8 5 4 1 5 2 8 10 6 5 9 8 6 3 4 10 9 7 9 1 2 8 3 2 7 3 4 7 3 1 4 9 3 4 4 5 3 6 4 2 4 9 5 4 8 10 8 4 3 9 7 1 10 5 7 7 9 6 10 7 3 6 5 7 9 8 4 8 1 5 5 9 10 5 2 4 8 5 1 10 10 1 6 8 3 3 1 8 3 3 
6 4 9 8 9 5 8 1 2 5 9 3 4 4 7 3 8 5 9 8 10 3 6 8 7 7 9 4 4 2 10 9 7 6 3 3 6 4 1 7 8 4 9 6 2 7 4 7 1 3 7 9 9 7 1 2 4 9 1 10 2 4 8 8 10 4 9 9 4 7 10 4 5 6 3 1 2 8 3 5 7 7 7 4 6 7 6 3 9 5 4 5 6 10 10 3 7 1 4 4 10 9 7 5 1 5 1 5 2 9 3 7 1 4 1 1 7 5 9 1 6 2 2 8 9 2 8 2 
7 6 1 2 7 3 4 6 8 6 6 6 7 6 10 2 7 5 10 1 8 8 4 2 9 5 9 9 5 5 8 6 2 6 8 4 3 4 7 8 3 6 10 5 7 10 7 8 8 6 3 5 3 6 9 9 4 2 2 10 3 6 4 7 6 2 4 7 4 10 5 9 8 2 9 6 9 2 2 8 2 9 10 3 3 7 8 3 2 4 6 8 5 10 4 7 1 10 4 6 6 1 5 1 7 3 8 3 10 3 7 6 2 9 10 3 6 2 3 5 5 5 2 4 3 2 1 3 
9 3 9 2 1 1 10 1 6 6 2 6 4 5 2 5 6 5 7 4 10 8 3 10 8 7 10 8 10 2 8 3 8 9 10 4 5 10 2 4 1 3 1 1 5 6 2 5 7 7 2 3 1 7 4 9 3 5 8 6 7 1 9 2 1 1 6 8 5 9 1 5 5 10 6 2 10 4 2 2 6 6 2 8 5 1 10 8 9 4 5 8 10 8 10 5 7 1 10 1 4 8 10 5 6 1 1 9 6 4 9 4 7 7 10 3 5 6 8 3 5 4 1 7 7 6 6 3 
6 6 10 3 1 7 8 6 6 2 10 7 1 7 6 10 8 4 6 2 7 2 7 2 5 5 8 9 4 8 8 2 2 3 7 7 3 1 2 10 2 9 8 2 2 1 6 9 8 3 5 2 8 1 4 2 10 9 8 10 10 4 6 7 10 1 7 3 10 4 3 10 9 4 7 6 5 1 5 3 6 1 7 3 5 2 3 2 4 7 6 9 10 4 5 10 1 1 9 5 7 5 8 3 4 7 5 9 7 6 8 5 6 8 4 7 2 5 6 5 6 4 1 6 8 1 6 5 
6 9 2 3 4 2 3 4 9 3 1 1 1 10 8 8 9 4 8 4 1 8 7 2 9 5 7 1 9 3 5 3 5 7 2 1 6 8 10 10 4 1 5 3 1 1 3 7 5 4 6 6 4 5 10 4 5 3 3 9 6 6 8 2 6 5 6 5 4 4 9 2 8 2 5 5 4 4 9 2 6 6 5 7 7 5 4 3 5 1 10 2 4 1 8 5 2 5 3 8 10 9 1 10 2 6 9 3 9 1 8 5 7 5 9 9 8 7 5 3 2 2 9 1 4 6 5 7 
6 5 4 6 10 5 3 1 6 7 6 6 10 6 9 8 1 6 1 6 8 7 8 6 7 3 2 7 1 6 5 8 6 7 6 5 1 1 3 5 2 9 2 7 5 10 3 1 7 1 10 5 10 3 3 10 8 6 9 2 1 7 9 10 1 2 3 10 10 8 3 10 5 8 10 10 8 10 7 6 5 3 7 4 5 2 2 3 10 1 8 1 5 4 2 5 10 5 5 10 1 5 9 6 10 3 1 7 8 6 2 2 5 4 7 10 1 2 8 10 3 7 10 8 10 2 2 8 
2 10 9 2 2 3 7 9 5 3 2 9 7 8 1 10 9 1 7 1 9 3 3 10 1 3 5 6 7 1 8 3 5 8 7 6 4 10 7 7 2 5 5 3 3 8 7 3 7 9 6 9 8 1 9 9 10 10 10 2 9 6 8 8 3 4 6 1 1 9 1 1 4 7 9 3 2 10 2 8 8 8 6 10 7 9 9 2 7 10 4 4 10 2 8 6 6 6 5 9 1 4 7 8 3 2 2 4 7 8 1 8 4 9 5 5 5 2 10 1 6 2 3 1 3 8 7 5 
8 7 3 1 3 9 8 3 1 3 6 2 4 2 7 7 9 8 1 9 5 8 9 6 4 5 1 3 9 10 6 1 5 7 9 8 4 3 2 4 10 2 5 3 6 5 3 7 5 4 7 8 2 9 2 9 4 10 4 8 9 8 2 8 8 2 9 3 2 8 10 8 10 7 3 5 2 6 4 6 4 6 5 4 5 7 1 1 9 2 4 2 7 6 6 2 4 5 8 8 3 1 6 2 1 6 4 5 6 6 5 10 8 9 3 6 6 3 6 5 8 9 2 6 6 1 8 3 
6 5 6 8 5 4 1 9 9 10 2 6 10 6 7 10 8 9 10 10 10 2 4 6 8 10 9 3 7 1 5 5 7 5 1 3 4 3 9 9 2 8 3 2 9 3 1 4 6 1 10 3 10 3 4 8 8 9 10 9 8 9 3 10 6 5 1 3 7 8 1 6 7 4 7 7 6 9 9 9 9 7 4 3 5 10 3 10 1 5 7 10 10 3 7 10 5 2 4 8 4 4 3 6 4 4 2 7 8 1 2 5 6 2 4 10 6 6 2 6 6 2 1 4 6 3 9 4 
98 64 40 130 113 121 98 109 147 47 98 35 104 92 94 93 13 90 87 163 182 132 86 169 150 55 84 141 116 100 49 113 85 77 91 68 46 177 65 145 69 158 60 133 46 132 23 119 188 115 127 80 119 58 70 45 39 69 73 114 86 112 124 96 85 147 60 40 115 179 91 163 42 173 47 83 23 84 131 30 191 139 41 86 75 106 117 163 86 102 108 50 108 9 57 163 159 48 80 104 149 115 65 119 95 98 97 82 154 125 112 183 140 127 133 33 102 57 43 108 124 79 122 112 143 41 88 85 
64 158 128 41 73 95 102 88 80 154 139 102 154 83 102 80 36 125 21 118 130 133 45 117 133 35 133 72 17 175 189 59 100 150 150 88 72 98 148 44 99 92 78 138 191 55 124 121 95 177 69 164 85 105 104 124 114 108 33 80 31 124 168 72 99 116 160 126 19 86 91 131 130 119 102 59 126 83 157 116 119 112 103 137 102 73 175 50 42 98 177 77 110 155 48 92 116 88 103 161 72 140 84 99 144 134 149 167 157 119 76 144 70 109 133 114 85 109 53 99 133 176 107 173 103 115 120 94 
40 128 32 133 136 157 106 75 110 192 100 145 69 147 120 96 43 58 46 26 150 120 124 74 149 44 147 158 67 64 100 78 100 70 103 47 182 59 38 115 108 66 190 39 83 99 116 122 75 27 109 144 139 85 108 115 79 169 72 111 135 59 33 154 156 54 170 145 93 173 24 114 54 137 109 99 84 154 48 73 112 84 82 108 139 112 111 63 133 99 95 77 74 76 100 98 84 159 101 113 59 54 22 124 97 87 98 145 18 41 71 141 66 101 95 118 53 170 107 127 137 146 115 111 99 166 100 133 
130 41 133 78 101 80 147 170 129 43 52 18 155 56 49 16 106 41 46 70 60 59 71 113 82 119 147 10 80 27 77 129 136 67 89 64 173 154 27 93 83 102 150 106 80 141 140 59 163 69 122 92 142 109 171 101 158 121 156 135 77 46 160 170 74 128 78 145 154 92 169 106 47 93 63 116 90 29 77 83 81 65 35 121 115 92 87 166 120 84 135 92 82 82 162 26 104 96 116 36 29 140 126 22 78 96 158 75 81 76 100 30 104 152 114 81 87 130 140 47 96 122 163 118 95 76 132 78 
113 73 136 101 176 149 102 88 96 107 68 90 123 121 157 20 118 153 101 149 88 188 111 138 104 79 61 59 114 55 180 54 159 149 132 112 63 124 78 133 169 196 152 27 95 60 113 154 132 118 96 120 119 37 104 163 110 139 50 156 84 28 21 43 48 153 44 125 130 145 179 89 43 117 67 144 21 116 131 94 132 83 26 103 100 125 45 137 80 97 104 55 92 136 116 61 130 65 67 101 123 61 88 99 116 178 137 158 38 146 96 57 123 87 151 182 50 128 32 103 47 48 75 103 146 145 83 83 
121 95 157 80 149 20 111 84 32 99 103 147 158 161 138 168 102 47 54 60 34 65 17 90 109 52 47 87 107 101 68 43 91 38 103 164 149 66 52 48 95 72 11 77 113 74 107 77 141 70 48 71 42 53 138 145 23 56 131 97 139 89 115 83 59 71 53 135 110 72 129 43 104 78 68 111 97 83 126 74 40 44 95 15 59 30 93 106 86 85 73 164 122 60 128 161 27 163 11 158 91 140 119 113 162 126 149 107 173 141 139 155 140 143 83 60 70 44 11 99 163 166 46 24 83 133 79 89 
98 102 106 147 102 111 156 38 44 129 165 116 99 177 92 56 71 81 148 60 123 36 97 128 77 123 44 142 147 45 112 89 83 93 158 102 127 98 124 116 142 57 156 106 131 149 152 149 83 169 79 129 106 115 41 71 49 28 133 131 189 88 86 78 95 90 149 114 112 123 32 118 152 81 83 125 168 94 136 112 70 157 65 136 149 125 123 118 64 26 27 95 106 88 164 53 110 84 29 92 101 94 169 67 143 132 15 69 41 111 52 109 162 67 106 177 54 68 81 154 182 76 140 46 76 72 80 172 
109 88 75 170 88 84 38 162 95 115 185 106 145 89 46 95 54 81 39 29 40 92 152 66 96 88 86 65 85 90 167 71 33 92 101 20 68 71 155 120 120 90 160 43 85 127 133 115 123 70 139 152 128 21 49 98 32 83 62 184 76 113 130 80 157 115 134 106 91 168 153 31 131 75 69 121 138 141 107 30 58 99 133 37 58 93 98 150 133 97 40 34 116 131 108 97 78 78 61 141 31 108 132 148 147 127 16 119 132 129 172 109 60 193 118 124 38 170 124 43 99 54 128 131 106 75 70 128 
147 80 110 129 96 32 44 95 54 97 102 90 65 169 128 87 119 118 98 117 155 84 124 137 77 59 112 19 90 117 79 92 166 139 114 160 115 105 155 50 67 38 115 116 113 43 147 21 141 98 105 83 153 35 103 94 14 99 54 118 30 118 143 85 51 40 77 83 134 26 89 96 127 162 103 121 89 119 116 58 51 105 61 130 133 168 92 52 55 104 80 96 65 102 51 83 51 65 75 149 66 122 82 151 117 70 178 81 69 124 12 124 98 108 113 87 129 109 140 111 105 80 120 15 119 104 102 77 
47 154 192 43 107 99 129 115 97 78 183 127 139 57 143 111 116 98 53 54 77 172 168 54 149 47 42 191 71 56 44 146 101 63 159 172 153 84 131 93 142 70 142 97 85 135 153 62 89 98 22 125 46 132 75 163 125 139 45 129 59 97 148 154 128 114 87 126 7 60 32 121 81 146 28 34 106 76 80 61 124 178 109 102 58 35 122 79 146 78 168 136 87 68 121 68 124 67 44 157 169 101 62 107 110 89 154 178 112 118 30 81 54 147 96 97 23 196 129 59 127 181 22 54 141 65 78 28 
98 139 100 52 68 103 165 185 102 183 178 115 60 139 115 107 153 102 89 137 21 160 118 62 93 138 94 76 122 162 85 140 106 122 59 102 136 163 61 141 55 116 76 166 124 60 95 97 80 161 45 112 84 134 103 103 73 66 113 102 72 40 103 145 84 104 94 97 143 146 118 178 85 124 48 162 83 112 97 117 107 135 125 92 76 174 154 93 54 108 116 94 99 17 98 73 77 141 78 68 19 70 67 129 121 46 113 99 107 109 54 95 85 122 146 153 78 52 56 153 136 104 52 131 60 197 107 40 
35 102 145 18 90 147 116 106 90 127 115 144 162 55 137 85 115 115 146 71 129 96 81 29 55 194 15 98 122 79 134 102 100 59 105 60 94 101 123 107 114 85 83 87 92 139 51 85 95 81 126 31 38 125 139 184 171 50 96 93 125 107 158 138 112 170 6 156 78 76 59 100 91 81 77 106 171 75 131 72 60 159 106 71 81 152 57 88 53 141 91 138 90 100 149 85 84 81 98 107 125 126 165 112 147 108 121 118 150 53 119 169 78 96 116 20 89 109 93 25 135 119 51 105 97 123 52 127 
104 154 69 155 123 158 99 145 65 139 60 162 70 104 132 53 127 90 127 93 82 38 77 89 141 53 135 45 145 58 181 39 124 135 26 174 51 57 180 86 76 21 148 143 179 111 148 75 83 110 97 111 84 82 183 173 116 40 139 103 112 105 75 80 122 151 89 32 92 33 130 153 111 161 66 61 67 86 175 116 141 95 58 97 44 87 135 77 127 141 69 106 84 156 54 97 41 167 182 52 109 131 56 138 71 102 89 72 131 141 39 107 92 109 56 66 47 92 125 57 112 98 51 48 79 104 24 133 
92 83 147 56 121 161 177 89 169 57 139 55 104 138 143 108 138 73 129 98 68 149 135 114 30 66 71 96 178 32 55 40 70 97 68 103 91 114 99 113 47 101 115 61 87 89 126 176 184 105 149 88 124 77 80 154 124 130 130 122 93 122 107 154 6 90 172 86 97 94 170 143 138 110 90 134 96 101 112 67 147 45 131 141 64 82 126 130 105 66 87 62 112 21 71 65 86 120 39 90 75 119 105 156 34 17 157 99 135 116 67 144 110 113 96 123 64 104 105 23 88 119 47 124 154 175 63 161 
94 102 120 49 157 138 92 46 128 143 115 137 132 143 60 141 52 118 70 69 103 62 40 78 175 41 135 51 67 102 175 81 106 90 90 174 114 107 193 83 157 68 36 179 158 50 97 127 63 126 192 39 101 124 115 194 90 127 125 80 144 99 197 104 105 101 108 123 173 58 112 61 114 92 89 53 59 144 128 105 138 110 158 156 80 95 44 153 71 47 159 127 170 111 73 45 167 138 159 32 91 122 99 75 89 171 176 105 19 44 86 132 29 16 90 74 157 84 182 115 45 84 123 119 116 87 171 183 
93 80 96 16 20 168 56 95 87 111 107 85 53 108 141 60 147 152 40 155 119 54 194 57 140 35 110 110 93 135 82 48 46 105 91 71 51 113 74 108 132 129 169 97 91 127 186 71 190 113 157 149 71 109 140 136 100 46 132 98 73 132 102 120 99 45 147 33 56 183 110 105 109 60 137 75 163 95 98 95 78 124 133 89 148 85 99 92 89 155 97 109 139 36 114 75 177 144 68 58 161 107 93 90 114 78 151 144 149 113 97 66 11 138 74 143 123 113 74 137 73 64 154 97 112 58 116 106 
13 36 43 106 118 102 71 54 119 116 153 115 127 138 52 147 152 94 84 156 141 66 88 53 78 150 84 25 189 118 72 89 106 118 88 37 99 146 81 145 80 108 134 116 103 48 106 115 155 149 82 138 130 68 32 106 131 166 155 38 124 79 152 172 41 83 85 75 187 168 47 78 111 154 168 182 128 77 169 85 22 150 98 100 101 78 82 143 156 112 69 99 160 128 141 139 80 145 105 151 128 98 79 195 83 105 76 130 14 124 33 176 83 159 131 68 101 165 69 137 144 154 94 63 106 72 150 137 
90 125 58 41 153 47 81 81 118 98 102 115 90 73 118 152 94 148 110 77 90 33 144 90 163 118 127 103 78 81 145 107 127 57 102 166 82 159 168 44 97 6 108 35 139 101 125 128 141 11 45 141 113 72 166 44 84 94 99 98 150 110 138 124 77 124 146 69 90 78 50 145 54 130 54 151 65 101 136 59 115 188 130 130 45 108 32 104 62 188 72 93 108 89 41 146 129 24 40 170 80 114 96 116 95 143 32 129 178 102 158 94 164 100 130 97 117 66 144 87 156 168 82 85 85 63 134 8 
87 21 46 46 101 54 148 39 98 53 89 146 127 129 70 40 84 110 74 106 51 42 76 108 74 185 88 59 92 47 132 147 40 126 101 120 164 67 148 79 46 119 68 91 31 42 47 133 180 184 89 62 74 104 72 70 63 30 11 22 54 120 118 143 140 57 101 87 24 35 81 66 171 107 68 140 67 167 133 70 103 107 154 121 95 155 107 73 184 150 164 90 116 127 82 96 109 106 20 110 77 95 116 140 65 118 108 133 61 123 161 187 87 150 105 9 170 50 45 117 33 105 78 92 77 73 110 64 
163 118 26 70 149 60 60 29 117 54 137 71 93 98 69 155 156 77 106 138 165 61 112 157 162 76 136 104 127 29 143 107 151 56 76 59 89 84 28 93 140 62 162 177 120 133 130 195 91 131 127 137 181 141 54 107 31 77 53 193 181 139 112 90 112 63 79 101 110 62 53 127 86 114 100 94 28 124 93 176 150 64 96 97 132 134 70 92 141 190 90 96 87 63 128 76 114 61 141 149 95 90 111 24 54 61 140 38 33 60 137 188 89 126 109 93 162 111 177 124 102 107 129 27 26 167 126 104 
182 130 150 60 88 34 123 40 155 77 21 129 82 68 103 119 141 90 51 165 24 111 112 74 144 66 149 75 109 60 81 111 65 89 8 163 180 25 150 102 73 195 45 15 91 113 97 46 109 108 91 111 90 19 23 155 95 77 29 29 174 78 77 78 108 148 126 106 86 96 140 123 75 140 90 86 107 92 102 117 28 147 149 93 104 78 132 98 138 104 155 149 126 153 75 76 163 41 156 36 63 71 58 105 111 133 96 103 34 145 86 146 97 97 103 123 89 80 36 39 163 92 151 106 153 63 79 110 
132 133 120 59 188 65 36 92 84 172 160 96 38 149 62 54 66 33 42 61 111 84 105 189 144 136 75 65 135 183 76 13 20 83 83 108 61 124 87 37 149 181 46 176 182 116 126 163 171 38 116 73 84 90 60 49 83 107 165 97 116 94 158 24 86 108 109 137 38 159 115 117 25 90 69 158 109 48 160 102 91 147 55 74 103 26 57 105 70 91 91 122 12 60 85 65 35 99 81 115 171 89 160 179 129 88 125 132 44 147 37 77 80 65 99 76 67 178 179 144 110 155 94 16 141 94 138 86 
86 45 124 71 111 17 97 152 124 168 118 81 77 135 40 194 88 144 76 112 112 105 196 107 100 118 118 100 141 110 62 96 126 120 93 96 74 161 111 145 54 97 168 14 141 145 86 178 46 86 70 128 90 74 150 177 88 131 147 140 49 63 21 66 123 106 81 109 85 85 142 105 159 141 121 86 142 98 78 136 91 99 60 92 6 187 125 152 64 120 79 49 47 92 61 125 166 32 66 55 90 110 52 123 119 173 107 144 47 45 172 133 151 80 128 107 80 27 176 99 135 148 48 96 52 36 51 151 
169 117 74 113 138 90 128 66 137 54 62 29 89 114 78 57 53 90 108 157 74 189 107 64 32 94 59 43 87 81 109 13 116 120 180 52 71 76 134 126 51 97 157 133 93 155 186 132 66 101 86 108 68 180 121 161 155 78 132 95 163 82 67 65 75 84 76 126 142 104 106 159 110 154 96 62 119 193 66 95 53 85 54 129 134 170 116 125 119 122 81 119 57 97 133 157 77 83 29 103 112 92 125 125 68 67 22 40 150 106 134 126 175 32 120 42 121 61 128 40 172 161 88 128 58 43 106 183 
150 133 149 82 104 109 77 96 77 149 93 55 141 30 175 140 78 163 74 162 144 144 100 32 2 112 76 52 79 100 138 136 126 186 127 81 74 154 57 118 90 100 94 131 60 109 67 143 70 128 168 155 12 42 58 171 154 93 24 113 101 111 133 183 176 112 104 156 123 77 48 107 20 80 46 86 76 157 40 146 98 118 61 120 154 124 134 120 68 49 68 131 36 89 70 105 81 106 120 120 147 107 13 124 94 116 184 85 159 127 23 95 97 64 125 79 66 175 49 137 93 46 88 51 95 91 76 133 
55 35 44 119 79 52 123 88 59 47 138 194 53 66 41 35 150 118 185 76 66 136 118 94 112 164 42 107 29 108 24 91 140 85 177 66 101 133 188 173 177 145 59 43 97 116 170 61 191 68 120 128 118 98 86 130 164 119 43 137 129 100 50 83 112 103 137 159 60 101 110 95 123 110 110 115 139 141 96 47 163 33 44 83 100 99 151 59 81 120 191 95 120 131 49 101 134 83 117 33 120 19 99 48 34 99 20 88 62 117 18 124 114 49 95 129 124 78 82 97 31 11 65 113 172 109 66 93 
84 133 147 147 61 47 44 86 112 42 94 15 135 71 135 110 84 127 88 136 149 75 118 59 76 42 176 103 163 141 34 94 79 115 93 89 119 110 33 103 143 92 30 74 171 85 108 113 87 49 47 54 63 75 64 147 27 56 155 13 164 43 86 46 175 76 80 163 135 108 167 144 129 142 130 92 63 55 94 139 198 78 127 62 114 122 93 43 140 82 82 196 69 102 125 73 114 114 146 166 182 97 159 91 53 72 143 143 143 107 104 139 174 95 33 72 91 83 72 38 161 68 54 99 54 95 90 132 
141 72 158 10 59 87 142 65 19 191 76 98 45 96 51 110 25 103 59 104 75 65 100 43 52 107 103 74 33 118 150 54 115 78 87 128 110 4 110 104 121 87 82 139 179 91 51 92 42 109 121 141 136 86 117 141 36 147 154 163 61 115 73 152 71 112 116 154 107 79 76 97 147 125 83 109 33 158 79 139 166 84 78 34 121 122 189 76 45 111 88 85 128 181 31 81 87 84 145 143 103 73 56 16 33 91 130 178 152 76 109 132 135 110 68 61 112 56 153 94 53 116 33 153 87 149 20 86 
116 17 67 80 114 107 147 85 90 71 122 122 145 178 67 93 189 78 92 127 109 135 141 87 79 29 163 33 72 138 157 155 93 107 150 30 116 101 100 114 22 130 174 131 99 111 179 45 109 102 96 82 51 167 116 86 194 93 134 119 177 114 177 94 165 173 109 39 120 86 109 157 159 101 51 94 165 112 87 165 137 103 160 42 66 96 119 185 5 110 151 91 115 59 112 81 60 115 134 107 133 60 60 65 95 27 158 29 110 136 41 110 107 65 65 59 122 91 87 87 87 146 170 131 91 90 35 85 
100 175 64 27 55 101 45 90 117 56 162 79 58 32 102 135 118 81 47 29 60 183 110 81 100 108 141 118 138 164 185 173 138 153 166 172 60 48 121 99 160 101 142 125 157 74 156 149 75 85 104 171 90 105 102 47 54 66 85 151 90 155 125 97 102 85 49 143 136 131 57 115 82 80 42 116 76 72 114 110 42 45 156 121 143 112 152 82 95 95 137 21 63 38 98 50 72 45 135 133 149 121 163 75 121 78 73 121 81 142 73 108 43 180 134 79 22 80 95 40 30 102 120 173 24 101 11 51 
49 189 100 77 180 68 112 167 79 44 85 134 181 55 175 82 72 145 132 143 81 76 62 109 138 24 34 150 157 185 96 69 149 93 92 41 52 87 75 40 47 143 51 125 147 20 124 99 61 50 110 115 127 73 42 105 76 100 81 132 144 48 58 65 45 137 170 49 92 130 142 130 163 147 133 135 111 110 66 114 106 172 65 156 98 139 88 127 99 105 123 55 72 111 28 103 156 147 25 132 105 81 87 106 75 93 35 104 102 136 158 110 113 14 45 108 110 74 95 184 119 21 61 46 83 84 90 145 
113 59 78 129 54 43 89 71 92 146 140 102 39 40 81 48 89 107 147 107 111 13 96 13 136 91 94 54 155 173 69 150 89 55 138 82 63 62 182 124 112 179 73 57 146 126 91 96 182 190 45 108 83 77 149 107 159 61 98 153 118 79 117 168 143 181 125 94 68 46 83 47 92 98 111 100 152 62 11 111 73 48 87 145 84 73 101 52 46 43 115 115 89 73 41 69 37 91 87 77 107 121 61 90 51 69 71 177 91 75 102 166 183 41 145 93 58 128 103 42 160 57 179 68 96 28 157 131 
85 100 100 136 159 91 83 33 166 101 106 100 124 70 106 46 106 127 40 151 65 20 126 116 126 140 79 115 93 138 149 89 130 138 166 133 100 82 19 41 168 23 100 120 147 102 97 119 42 97 154 114 101 53 137 106 105 83 55 85 93 142 83 112 115 59 96 62 144 148 139 123 89 99 122 96 193 153 95 98 180 72 70 104 155 119 185 138 160 96 109 111 127 116 37 26 129 116 183 67 85 123 126 125 132 120 111 70 60 151 25 45 128 99 136 30 40 126 65 149 53 134 67 86 182 87 136 159 
77 150 70 67 149 38 93 92 139 63 122 59 135 97 90 105 118 57 126 56 89 83 120 120 186 85 115 78 107 153 93 55 138 138 74 164 177 143 77 68 159 81 102 55 96 40 86 79 72 124 52 68 134 103 86 62 99 40 86 98 74 128 110 110 50 49 99 157 171 69 109 73 181 83 101 76 102 143 36 104 50 31 161 88 132 138 93 39 46 57 73 93 49 112 179 89 92 57 92 104 162 85 171 99 35 140 175 154 93 82 92 88 148 143 126 40 28 116 118 60 167 64 120 97 93 85 128 35 
91 150 103 89 132 103 158 101 114 159 59 105 26 68 90 91 88 102 101 76 8 83 93 180 127 177 93 87 150 166 92 138 166 74 192 61 126 110 53 100 153 150 94 125 149 151 69 41 32 125 131 105 82 76 70 67 54 153 85 112 118 77 107 153 34 70 176 70 128 87 59 39 21 88 113 32 116 118 32 120 128 63 93 174 100 129 66 113 89 141 71 152 56 98 107 193 104 76 77 111 114 67 101 145 110 95 46 161 90 133 36 150 147 36 104 49 136 99 99 187 6 59 146 57 73 151 65 110 
68 88 47 64 112 164 102 20 160 172 102 60 174 103 174 71 37 166 120 59 163 108 96 52 81 66 89 128 30 172 41 82 133 164 61 54 21 137 62 94 109 104 128 156 159 132 97 131 92 139 128 55 72 112 153 161 54 153 77 11 55 169 160 98 25 137 108 109 141 57 98 36 81 57 123 152 108 64 86 117 114 136 74 133 103 81 91 30 152 39 104 59 54 96 86 105 83 109 110 104 120 127 155 147 80 62 127 55 55 54 106 124 78 111 123 127 60 135 113 183 89 164 91 110 101 132 101 67 
46 72 182 173 63 149 127 68 115 153 136 94 51 91 114 51 99 82 164 89 180 61 74 71 74 101 119 110 116 60 52 63 100 177 126 21 14 117 111 122 94 96 108 109 175 21 96 132 146 31 134 72 108 105 97 58 133 81 158 143 64 97 113 91 22 154 112 77 49 43 68 125 49 78 166 147 110 107 89 82 131 123 50 72 114 123 51 98 57 92 125 169 136 128 161 95 27 54 51 109 114 79 62 17 115 77 33 128 80 120 85 110 74 11 65 104 170 153 176 175 33 117 124 105 185 66 71 73 
177 98 59 154 124 66 98 71 105 84 163 101 57 114 107 113 146 159 67 84 25 124 161 76 154 133 110 4 101 48 87 62 82 143 110 137 117 194 108 35 158 115 79 79 55 46 105 73 67 114 43 124 38 129 105 148 63 119 93 145 172 84 109 70 96 95 156 124 88 21 150 116 82 68 151 72 48 59 115 57 170 85 77 113 106 57 67 117 153 175 85 95 118 61 159 110 95 83 55 139 167 34 110 87 79 110 151 106 102 138 89 108 150 35 177 22 99 161 118 107 177 67 180 138 171 79 90 104 
65 148 38 27 78 52 124 155 155 131 61 123 180 99 193 74 81 168 148 28 150 87 111 134 57 188 33 110 100 121 75 182 19 77 53 62 111 108 14 123 98 142 92 159 42 132 160 130 151 83 109 124 83 188 107 122 143 111 102 92 81 138 162 99 131 91 40 167 90 101 58 163 129 104 60 77 79 173 58 164 138 115 115 181 136 101 114 79 156 133 78 69 134 64 146 64 67 44 104 40 84 153 92 51 154 147 177 127 83 130 106 104 156 170 154 99 106 175 14 159 72 60 109 61 103 99 98 160 
145 44 115 93 133 48 116 120 50 93 141 107 86 113 83 108 145 44 79 93 102 37 145 126 118 173 103 104 114 99 40 124 41 68 100 94 122 35 123 30 154 116 40 37 146 103 80 84 68 79 104 58 133 157 152 102 95 139 110 35 146 100 82 82 120 92 148 95 141 94 100 94 98 99 82 103 55 64 89 157 199 79 107 140 93 163 193 169 143 56 87 60 135 84 89 105 155 177 10 102 141 48 73 100 130 71 78 152 41 94 103 142 107 142 63 169 175 122 112 116 138 167 135 150 43 121 36 93 
69 99 108 83 169 95 142 120 67 142 55 114 76 47 157 132 80 97 46 140 73 149 54 51 90 177 143 121 22 160 47 112 168 159 153 109 94 158 98 154 138 73 115 107 126 161 18 70 57 148 89 123 113 153 60 128 36 103 142 71 54 63 70 88 115 140 133 98 77 69 110 103 53 179 159 148 185 81 66 165 165 46 93 97 121 123 118 54 97 96 159 78 60 11 75 106 96 43 104 176 152 63 111 66 72 155 138 106 57 84 78 92 153 38 102 46 101 87 114 59 114 137 66 126 104 107 98 105 
158 92 66 102 196 72 57 90 38 70 116 85 21 101 68 129 108 6 119 62 195 181 97 97 100 145 92 87 130 101 143 179 23 81 150 104 96 115 142 116 73 188 59 163 70 32 59 151 117 105 78 59 84 97 110 61 98 138 165 98 97 93 88 111 82 166 40 79 123 121 89 143 164 146 184 70 59 76 26 136 114 81 43 75 132 46 38 92 163 152 95 117 54 158 152 46 77 137 105 96 57 124 139 98 4 113 48 151 62 55 130 77 65 75 66 167 78 63 148 55 94 97 150 93 108 103 47 105 
60 78 190 150 152 11 156 160 115 142 76 83 148 115 36 169 134 108 68 162 45 46 168 157 94 59 30 82 174 142 51 73 100 102 94 128 108 79 92 40 115 59 194 71 80 159 140 123 122 85 57 134 75 154 73 117 75 141 126 168 45 95 193 99 81 169 126 149 182 47 58 112 99 131 112 57 104 104 104 10 157 113 106 158 88 149 124 87 164 102 106 54 81 69 119 134 114 62 80 133 97 86 143 173 101 71 8 139 46 122 45 77 32 105 164 100 78 54 116 103 180 128 86 69 111 150 121 138 
133 138 39 106 27 77 106 43 116 97 166 87 143 61 179 97 116 35 91 177 15 176 14 133 131 43 74 139 131 125 125 57 120 55 125 156 109 79 159 37 107 163 71 14 55 66 63 167 97 92 133 99 73 36 152 97 95 65 21 111 149 160 117 175 91 88 105 133 29 95 119 83 82 120 130 119 99 96 113 46 108 141 176 109 152 107 126 153 88 15 140 70 72 136 65 113 142 104 116 78 105 90 99 131 93 86 132 78 122 121 40 82 108 42 56 155 115 77 121 55 99 109 129 40 178 178 112 88 
46 191 83 80 95 113 131 85 113 85 124 92 179 87 158 91 103 139 31 120 91 182 141 93 60 97 171 179 99 157 147 146 147 96 149 159 175 55 42 146 126 70 80 55 8 83 22 35 100 112 118 41 169 144 69 194 71 117 142 98 39 99 114 107 123 76 115 107 102 94 108 155 93 94 171 149 165 49 130 97 171 96 124 92 123 34 131 151 152 70 130 124 103 162 102 156 60 117 103 155 103 60 142 81 52 137 180 88 183 91 176 120 69 86 113 129 68 113 180 79 76 40 105 61 164 79 74 60 
132 55 99 141 60 74 149 127 43 135 60 139 111 89 50 127 48 101 42 133 113 116 145 155 109 116 85 91 111 74 20 126 102 40 151 132 21 46 132 103 161 32 159 66 83 92 35 67 20 81 104 43 96 69 149 124 22 83 63 111 152 99 92 67 125 143 22 104 139 126 165 79 71 74 75 25 127 121 67 107 177 48 102 168 113 106 127 135 91 74 115 95 164 37 87 166 75 17 88 125 120 119 133 118 36 107 113 53 26 101 183 100 108 121 4 106 102 66 116 153 157 143 102 176 174 124 74 116 
23 124 116 140 113 107 152 133 147 153 95 51 148 126 97 186 106 125 47 130 97 126 86 186 67 170 108 51 179 156 124 91 97 86 69 97 96 105 160 80 18 59 140 63 22 35 198 74 94 196 128 29 154 125 41 81 108 65 109 94 145 41 117 119 99 110 69 93 107 94 96 109 116 130 129 88 136 84 94 116 120 114 47 178 150 64 162 33 159 51 91 109 143 183 78 56 85 168 124 151 51 98 126 115 69 96 102 45 158 185 122 121 170 99 88 77 81 142 98 69 116 82 177 142 116 42 112 89 
119 121 122 59 154 77 149 115 21 62 97 85 75 176 127 71 115 128 133 195 46 163 178 132 143 61 113 92 45 149 99 96 119 79 41 131 132 73 130 84 70 151 123 167 35 67 74 146 28 101 68 92 188 115 79 162 135 89 107 55 101 83 50 39 86 85 66 108 141 50 15 106 132 189 140 126 9 166 101 38 65 133 110 108 124 146 47 129 111 145 93 59 113 73 100 145 181 73 182 73 87 45 82 178 122 110 109 106 5 156 134 87 193 106 118 102 97 142 166 89 83 47 126 143 125 41 85 156 
188 95 75 163 132 141 83 123 141 89 80 95 83 184 63 190 155 141 180 91 109 171 46 66 70 191 87 42 109 75 61 182 42 72 32 92 146 67 151 68 57 117 122 97 100 20 94 28 42 60 146 87 108 77 123 124 118 78 122 36 142 107 174 31 77 107 166 148 102 88 90 126 104 54 179 107 79 58 95 139 66 124 42 132 123 91 87 51 58 106 144 131 94 71 140 132 111 141 88 143 118 153 124 64 154 122 38 101 85 167 79 74 112 37 64 78 57 61 119 119 163 107 84 119 172 101 62 110 
115 177 27 69 118 70 169 70 98 98 161 81 110 105 126 113 149 11 184 131 108 38 86 101 128 68 49 109 102 85 50 190 97 124 125 139 31 114 83 79 148 105 85 92 112 81 196 101 60 98 103 150 126 132 40 135 63 148 131 117 37 89 78 92 80 61 114 140 30 45 120 49 97 118 98 113 88 189 116 14 122 82 163 104 89 121 24 161 89 21 106 50 59 79 86 135 152 136 123 147 62 110 94 36 141 75 51 109 114 128 81 89 82 19 19 84 58 82 11 78 105 21 158 40 67 100 86 141 
127 69 109 122 96 48 79 139 105 22 45 126 97 149 192 157 82 45 89 127 91 116 70 86 168 120 47 121 96 104 110 45 154 52 131 128 134 43 109 104 89 78 57 133 118 104 128 68 146 103 14 83 111 151 144 92 135 131 126 59 56 101 72 143 58 179 67 90 159 34 103 47 112 91 107 55 71 90 85 77 71 61 63 161 148 16 94 74 143 166 139 94 101 55 134 99 169 149 127 87 94 26 173 127 148 75 83 152 135 100 64 63 72 61 71 137 98 111 141 148 152 132 94 39 22 101 180 52 
80 164 144 92 120 71 129 152 83 125 112 31 111 88 39 149 138 141 62 137 111 73 128 108 155 128 54 141 82 171 115 108 114 68 105 55 72 124 124 58 123 59 134 99 41 43 29 92 87 150 83 146 103 68 129 153 50 161 106 76 73 11 88 115 150 113 81 91 156 78 127 31 99 27 75 84 79 35 93 150 113 157 162 97 108 60 114 46 181 27 89 166 77 151 61 128 76 176 111 100 200 154 121 142 99 49 76 141 36 130 176 125 120 103 118 156 120 108 76 109 155 101 72 151 31 93 80 53 
119 85 139 142 119 42 106 128 153 46 84 38 84 124 101 71 130 113 74 181 90 84 90 68 12 118 63 136 51 90 127 83 101 134 82 72 108 38 83 133 113 84 75 73 169 96 154 188 108 126 111 103 154 157 102 84 31 54 117 29 61 73 146 45 121 127 71 66 105 52 107 37 19 63 102 75 118 147 108 132 127 117 75 103 112 133 66 136 53 65 109 37 130 41 23 19 87 85 136 112 190 123 132 100 82 75 116 149 172 100 129 159 36 95 135 182 87 79 117 88 44 64 72 96 141 66 154 39 
58 105 85 109 37 53 115 21 35 132 134 125 82 77 124 109 68 72 104 141 19 90 74 180 42 98 75 86 167 105 73 77 53 103 76 112 105 129 188 157 153 97 154 36 144 69 125 115 77 132 151 68 157 2 167 138 144 104 68 94 50 43 148 140 50 86 108 73 81 109 130 154 57 115 62 99 101 78 60 55 109 119 85 78 138 137 150 21 66 61 37 153 107 78 154 38 58 38 68 163 90 111 118 102 133 167 138 177 161 144 18 183 48 62 109 126 149 103 112 119 41 84 90 134 144 26 107 134 
70 104 108 171 104 138 41 49 103 75 103 139 183 80 115 140 32 166 72 54 23 60 150 121 58 86 64 117 116 102 42 149 137 86 70 153 97 105 107 152 60 110 73 152 69 149 41 79 123 40 144 129 102 167 60 117 66 104 88 86 80 113 125 120 64 128 24 82 127 76 53 64 105 87 159 100 60 111 107 64 90 147 185 147 93 74 115 164 64 48 162 100 135 91 44 168 26 164 47 101 165 148 111 135 28 89 11 97 121 21 126 150 74 120 159 85 77 78 113 111 98 12 83 107 161 84 194 40 
45 124 115 101 163 145 71 98 94 163 103 184 173 154 194 136 106 44 70 107 155 49 177 161 171 130 147 141 86 47 105 107 106 62 67 161 58 148 122 102 128 61 117 97 194 124 81 162 124 135 92 153 84 138 117 170 66 96 28 12 97 178 104 130 77 67 74 69 68 100 57 38 167 137 41 28 66 130 63 182 108 106 52 111 72 59 105 91 138 131 137 121 126 141 106 98 92 165 74 182 98 62 107 189 77 127 134 105 92 132 29 140 136 102 132 94 82 61 80 151 147 34 127 25 137 68 173 173 
39 114 79 158 110 23 49 32 14 125 73 171 116 124 90 100 131 84 63 31 95 83 88 155 154 164 27 36 194 54 76 159 105 99 54 54 133 63 143 95 36 98 75 95 71 22 108 135 118 63 135 50 31 144 66 66 120 61 128 71 138 101 82 170 69 129 87 161 76 96 82 105 121 132 106 172 82 53 47 104 92 103 163 170 130 169 155 110 117 110 116 79 18 82 65 113 71 92 180 99 28 89 106 111 159 38 158 83 54 123 75 42 115 123 174 101 72 121 124 162 71 12 104 122 105 76 23 89 
69 108 169 121 139 56 28 83 99 139 66 50 40 130 127 46 166 94 30 77 77 107 131 78 93 119 56 147 93 66 100 61 83 40 153 153 81 119 111 139 103 138 141 65 117 83 65 89 78 148 131 161 54 104 104 96 61 116 170 152 73 145 136 123 154 113 105 69 167 70 170 123 86 144 72 147 151 77 135 81 96 169 83 69 60 17 28 61 110 47 114 164 52 114 97 54 113 111 84 81 86 91 159 85 47 103 168 141 107 95 76 39 140 82 118 56 79 106 75 42 111 17 106 96 95 184 89 95 
73 33 72 156 50 131 133 62 54 45 113 96 139 130 125 132 155 99 11 53 29 165 147 132 24 43 155 154 134 85 81 98 55 86 85 77 158 93 102 110 142 165 126 21 142 63 109 107 122 131 126 106 117 68 88 28 128 170 112 153 178 139 160 108 46 113 144 79 22 84 131 90 133 108 101 98 90 115 70 19 96 89 36 118 23 59 65 130 51 98 20 87 40 133 125 90 100 82 8 63 105 168 159 136 93 119 168 195 129 45 2 48 87 53 78 178 46 97 75 179 56 120 42 93 79 81 116 87 
114 80 111 135 156 97 131 184 118 129 102 93 103 122 80 98 38 98 22 193 29 97 140 95 113 137 13 163 119 151 132 153 85 98 112 11 143 145 92 35 71 98 168 111 98 111 94 55 36 117 59 76 29 94 86 12 71 152 153 96 110 117 97 112 30 181 57 103 112 64 182 87 181 129 29 45 110 144 118 131 85 172 134 110 140 116 81 92 14 76 36 139 60 124 145 126 87 75 92 94 113 144 170 108 107 63 104 104 116 128 103 137 44 122 102 40 102 128 157 88 16 73 101 130 143 86 170 109 
86 31 135 77 84 139 189 76 30 59 72 125 112 93 144 73 124 150 54 181 174 116 49 163 101 129 164 61 177 90 144 118 93 74 118 55 64 172 81 146 54 97 45 149 39 152 145 101 142 37 56 73 61 50 80 97 138 73 178 110 124 54 120 82 109 103 59 28 172 95 102 175 60 15 22 140 147 96 154 71 58 191 58 69 84 63 67 58 84 104 139 100 146 105 145 17 50 147 20 99 114 115 182 102 138 90 39 74 103 101 86 111 60 101 37 160 80 144 140 142 80 133 108 99 73 65 178 97 
112 124 59 46 28 89 88 113 118 97 40 107 105 122 99 132 79 110 120 139 78 94 63 82 111 100 43 115 114 155 48 79 142 128 77 169 97 84 138 100 63 93 95 160 99 99 41 83 107 89 101 11 73 43 113 178 101 145 139 117 54 142 19 87 150 156 100 96 154 123 49 75 106 72 101 162 152 17 156 159 174 130 128 11 107 146 120 106 71 93 152 94 57 128 165 85 48 87 25 69 92 60 189 39 67 75 134 109 140 72 98 81 97 66 141 141 56 90 131 114 105 10 89 82 61 144 25 99 
124 168 33 160 21 115 86 130 143 148 103 158 75 107 197 102 152 138 118 112 77 158 21 67 133 50 86 73 177 125 58 117 83 110 107 160 113 109 162 82 70 88 193 117 114 92 117 50 174 78 72 88 146 148 125 104 82 136 160 97 120 19 172 72 31 135 99 143 116 124 17 106 107 157 60 47 150 41 83 24 63 35 151 25 115 136 103 54 123 74 140 170 55 98 151 141 110 60 110 70 122 109 107 63 136 88 113 117 68 135 117 68 66 89 54 99 55 193 30 76 39 115 118 63 45 17 132 105 
96 72 154 170 43 83 78 80 85 154 145 138 80 154 104 120 172 124 143 90 78 24 66 65 183 83 46 152 94 97 65 168 112 110 153 98 91 70 99 82 88 111 99 175 107 67 119 39 31 92 143 115 45 140 120 130 170 123 108 112 82 87 72 102 80 56 175 92 121 125 123 38 45 168 39 147 78 133 78 103 67 79 81 55 98 114 124 165 101 8 123 142 48 92 80 53 84 72 158 78 80 166 104 83 147 62 108 151 125 6 87 120 92 98 155 71 66 116 139 145 166 58 134 72 51 30 143 44 
85 99 156 74 48 59 95 157 51 128 84 112 122 6 105 99 41 77 140 112 108 86 123 75 176 112 175 71 165 102 45 143 115 50 34 25 22 96 131 120 115 82 81 91 123 125 99 86 77 80 58 150 121 50 64 77 69 154 46 30 109 150 31 80 156 89 108 63 130 83 87 133 115 44 129 29 111 50 59 92 46 107 68 44 101 96 104 141 88 59 127 80 35 179 43 62 89 148 141 148 68 102 82 63 166 21 111 124 98 94 58 33 128 65 114 84 52 51 102 76 13 130 145 122 166 96 129 102 
147 116 54 128 153 71 90 115 40 114 104 170 151 90 101 45 83 124 57 63 148 108 106 84 112 103 76 112 173 85 137 181 59 49 70 137 154 95 91 92 140 166 169 88 76 143 110 85 107 61 179 113 127 86 128 67 129 113 113 181 103 156 135 56 89 174 72 148 55 125 162 138 169 181 50 94 101 150 67 151 101 97 142 121 63 91 114 121 77 129 96 70 101 143 103 99 123 126 77 59 135 112 109 167 92 71 109 109 151 27 76 180 116 139 54 83 39 30 113 102 61 92 30 83 144 129 173 111 
60 160 170 78 44 53 149 134 77 87 94 6 89 172 108 147 85 146 101 79 126 109 81 76 104 137 80 116 109 49 170 125 96 99 176 108 112 156 40 148 133 40 126 105 115 22 69 66 166 114 67 81 71 108 24 74 87 105 144 57 59 100 99 175 108 72 138 121 35 64 151 156 62 83 99 59 66 88 68 41 122 72 140 127 101 140 87 135 31 53 55 90 101 131 82 98 102 48 73 105 106 84 133 122 27 48 142 173 112 174 120 65 86 155 121 13 100 119 108 86 60 130 31 33 123 88 85 117 
40 126 145 145 125 135 114 106 83 126 97 156 32 86 123 33 75 69 87 101 106 137 109 126 156 159 163 154 39 143 49 94 62 157 70 109 77 124 167 95 98 79 149 133 107 104 93 108 148 140 90 91 66 73 82 69 161 69 79 103 28 96 143 92 63 148 121 166 105 19 184 73 29 90 81 46 116 53 35 50 63 75 46 105 41 83 69 70 53 91 162 168 53 107 111 128 131 21 138 94 78 93 101 143 108 155 79 193 147 157 31 149 131 57 54 30 58 79 133 98 87 186 117 103 161 95 136 75 
115 19 93 154 130 110 112 91 134 7 143 78 92 97 173 56 187 90 24 110 86 38 85 142 123 60 135 107 120 136 92 68 144 171 128 141 49 88 90 141 77 123 182 29 102 139 107 141 102 30 159 156 105 81 127 68 76 167 22 112 172 154 116 121 130 55 35 105 16 92 108 164 74 115 63 130 156 110 122 155 73 163 59 101 167 80 75 24 131 122 107 115 111 151 80 94 102 27 169 154 110 59 110 21 130 110 68 96 47 44 164 145 85 128 146 87 84 124 139 85 105 23 121 134 55 160 32 150 
179 86 173 92 145 72 123 168 26 60 146 76 33 94 58 183 168 78 35 62 96 159 85 104 77 101 108 79 86 131 130 46 148 69 87 57 43 21 101 94 69 121 47 95 94 126 94 50 88 45 34 78 52 109 76 100 96 70 84 64 95 123 124 125 83 125 64 19 92 128 184 18 145 25 105 117 128 48 148 124 64 69 126 146 177 149 148 119 86 135 54 124 82 153 52 116 105 109 180 127 78 124 198 89 70 100 77 143 145 123 160 96 51 135 83 182 151 148 141 74 57 63 90 115 123 72 106 150 
91 91 24 169 179 129 32 153 89 32 118 59 130 170 112 110 47 50 81 53 140 115 142 106 48 110 167 76 109 57 142 83 139 109 59 98 68 150 58 100 110 89 58 119 108 165 96 15 90 120 103 127 107 130 53 57 82 170 131 182 102 49 17 123 87 162 151 184 108 184 20 143 102 121 74 95 105 161 35 126 50 86 149 161 130 72 113 89 117 93 75 97 142 64 151 188 73 167 62 91 123 157 108 146 84 59 17 105 151 188 89 116 22 128 133 119 157 94 102 111 136 116 135 50 75 94 93 94 
163 131 114 106 89 43 118 31 96 121 178 100 153 143 61 105 78 145 66 127 123 117 105 159 107 95 144 97 157 115 130 47 123 73 39 36 125 116 163 94 103 143 112 83 155 79 109 106 126 49 47 31 37 154 64 38 105 123 90 87 175 75 106 38 133 138 156 73 164 18 143 102 113 116 73 47 97 94 145 52 72 104 58 80 120 125 54 21 120 90 30 99 95 156 90 46 122 126 56 80 42 93 37 104 199 109 114 59 85 125 105 152 141 91 75 92 151 135 109 99 44 99 76 98 65 100 69 170 
42 130 54 47 43 104 152 131 127 81 85 91 111 138 114 109 111 54 171 86 75 25 159 110 20 123 129 147 159 82 163 92 89 181 21 81 49 82 129 98 53 164 99 82 93 71 116 132 104 97 112 99 19 57 105 167 121 86 133 181 60 106 107 45 115 169 62 29 74 145 102 113 188 95 101 150 35 14 146 137 199 137 101 153 26 37 104 147 86 46 124 77 116 158 32 102 118 112 123 97 101 171 177 80 161 102 89 81 106 62 152 69 92 110 59 138 120 98 121 72 99 118 38 115 71 99 156 119 
173 119 137 93 117 78 81 75 162 146 124 81 161 110 92 60 154 130 107 114 140 90 141 154 80 110 142 125 101 80 147 98 99 83 88 57 78 68 104 99 179 146 131 120 94 74 130 189 54 118 91 27 63 115 87 137 132 144 108 129 15 72 157 168 44 181 83 90 115 25 121 116 95 106 53 158 129 147 122 32 127 62 35 80 84 128 103 140 139 58 134 55 136 90 84 61 79 163 34 188 108 118 79 74 162 100 123 96 120 117 35 109 131 140 55 191 176 49 86 89 97 179 90 156 165 111 37 67 
47 102 109 63 67 68 83 69 103 28 48 77 66 90 89 137 168 54 68 100 90 69 121 96 46 110 130 83 51 42 133 111 122 101 113 123 166 151 60 82 159 184 112 130 171 75 129 140 179 98 107 75 102 62 159 41 106 72 101 29 22 101 60 39 129 50 99 81 63 105 74 73 101 53 106 55 68 121 109 151 164 118 58 164 127 60 114 109 104 129 34 87 167 93 48 73 96 83 94 34 43 39 90 52 109 102 102 10 111 89 94 56 97 44 113 79 79 81 47 82 98 70 111 109 112 114 25 136 
83 59 99 116 144 111 125 121 121 34 162 106 61 134 53 75 182 151 140 94 86 158 86 62 86 115 92 109 94 116 135 100 96 76 32 152 147 72 77 103 148 70 57 119 149 25 88 126 107 113 55 84 75 99 100 28 172 147 98 45 140 162 47 147 29 94 59 46 130 117 95 47 150 158 55 190 100 19 120 104 176 106 97 96 114 30 67 40 161 115 107 115 154 149 151 117 24 59 72 128 132 39 85 87 174 78 59 38 32 118 85 125 126 106 93 15 127 114 58 131 114 158 109 49 28 137 101 169 
23 126 84 90 21 97 168 138 89 106 83 171 67 96 59 163 128 65 67 28 107 109 142 119 76 139 63 33 165 76 111 152 193 102 116 108 110 48 79 55 185 59 104 99 165 127 136 9 79 88 71 79 118 101 60 66 82 151 90 110 147 152 150 78 111 101 66 116 156 128 105 97 35 129 68 100 198 99 48 63 161 142 53 153 54 108 180 121 88 34 58 57 26 82 63 113 118 116 98 100 136 92 105 73 64 45 104 133 165 90 47 177 175 78 183 81 84 117 119 150 56 103 115 81 72 171 127 87 
84 83 154 29 116 83 94 141 119 76 112 75 86 101 144 95 77 101 167 124 92 48 98 193 157 141 55 158 112 72 110 62 153 143 118 64 107 59 173 64 81 76 104 96 49 121 84 166 58 189 90 35 147 78 111 130 53 77 115 144 96 17 41 133 50 150 88 53 110 48 161 94 14 147 121 19 99 148 61 96 90 146 60 90 124 72 80 45 120 16 188 120 63 137 70 52 90 122 147 107 95 26 99 54 104 111 186 181 134 12 108 91 69 80 130 113 167 134 103 105 79 75 9 167 61 121 74 168 
131 157 48 77 131 126 136 107 116 80 97 131 175 112 128 98 169 136 133 93 102 160 78 66 40 96 94 79 87 114 66 11 95 36 32 86 89 115 58 89 66 26 104 113 130 67 94 101 95 116 85 93 108 60 107 63 47 135 70 118 154 156 83 78 59 67 68 35 122 148 35 145 146 122 109 120 48 61 32 65 111 106 107 67 88 69 99 186 102 110 84 93 146 69 137 164 85 63 111 197 165 96 91 150 88 26 71 119 74 120 158 82 101 121 58 85 174 135 86 83 169 51 120 32 93 96 96 117 
30 116 73 83 94 74 112 30 58 61 117 72 116 67 105 95 85 59 70 176 117 102 136 95 146 47 139 139 165 110 114 111 98 104 120 117 82 57 164 157 165 136 10 46 97 107 116 38 139 14 77 150 132 55 64 182 104 81 19 131 71 159 24 103 92 151 41 50 155 124 126 52 137 32 151 104 63 96 65 66 51 155 154 142 78 81 96 92 111 76 89 156 47 41 142 106 139 132 103 114 149 95 95 46 160 88 146 69 28 140 28 113 80 61 129 105 132 136 109 156 17 165 43 64 144 102 168 124 
191 119 112 81 132 40 70 58 51 124 107 60 141 147 138 78 22 115 103 150 28 91 91 53 98 163 198 166 137 42 106 73 180 50 128 114 131 170 138 199 165 114 157 108 171 177 120 65 66 122 71 113 127 109 90 108 92 96 96 85 58 174 63 67 46 101 122 63 73 64 50 72 199 127 164 176 161 90 111 51 184 88 109 95 115 47 64 117 74 149 97 100 38 119 74 82 88 134 83 153 36 46 82 43 164 108 115 156 51 105 48 108 99 127 96 105 88 60 151 110 53 132 104 106 83 100 194 88 
139 112 84 65 83 44 157 99 105 178 135 159 95 45 110 124 150 188 107 64 147 147 99 85 118 33 78 84 103 45 172 48 72 31 63 136 123 85 115 79 46 81 113 141 96 48 114 133 124 82 61 157 117 119 147 106 103 169 89 172 191 130 35 79 107 97 72 75 163 69 86 104 137 62 118 106 142 146 106 155 88 72 88 123 78 115 157 138 114 97 153 81 131 83 156 119 52 143 88 68 118 47 118 140 42 164 23 116 109 143 53 121 95 133 101 96 106 95 132 74 104 128 61 109 128 79 53 178 
41 103 82 35 26 95 65 133 61 109 125 106 58 131 158 133 98 130 154 96 149 55 60 54 61 44 127 78 160 156 65 87 70 161 93 74 50 77 115 107 93 43 106 176 124 102 47 110 42 163 63 162 75 85 185 52 163 83 36 134 58 128 151 81 68 142 140 46 59 126 149 58 101 35 58 97 53 60 107 154 109 88 8 121 52 93 87 118 130 168 163 96 134 133 130 50 97 155 137 45 121 154 67 80 137 114 117 71 100 132 42 171 68 91 93 83 102 114 93 68 110 117 79 100 97 95 136 29 
86 137 108 121 103 15 136 37 130 102 92 71 97 141 156 89 100 130 121 97 93 74 92 129 120 83 62 34 42 121 156 145 104 88 174 133 72 113 181 140 97 75 158 109 92 168 178 108 132 104 161 97 103 78 147 111 170 69 118 110 69 11 25 55 44 121 127 105 101 146 161 80 153 80 164 96 153 90 67 142 95 123 121 170 43 91 107 128 176 190 158 143 100 128 114 83 87 14 44 33 20 66 149 49 28 92 107 93 65 39 34 136 106 89 106 111 93 49 84 129 20 95 98 55 110 47 123 83 
75 102 139 115 100 59 149 58 133 58 76 81 44 64 80 148 101 45 95 132 104 103 6 134 154 100 114 121 66 143 98 84 155 132 100 103 114 106 136 93 121 132 88 152 123 113 150 124 123 89 148 108 112 138 93 72 130 60 23 140 84 107 115 98 101 63 101 41 167 177 130 120 26 84 127 114 54 124 88 78 115 78 52 43 158 81 128 67 71 122 86 81 149 61 47 103 113 24 80 155 25 106 135 136 78 105 8 116 101 60 131 151 25 98 152 107 74 94 82 45 157 87 104 114 134 107 76 94 
106 73 112 92 125 30 125 93 168 35 174 152 87 82 95 85 78 108 155 134 78 26 187 170 124 99 122 122 96 112 139 73 119 138 129 81 123 57 101 163 123 46 149 107 34 106 64 146 91 121 16 60 133 137 74 59 169 17 59 116 63 146 136 114 96 91 140 83 80 149 72 125 37 128 60 30 108 72 69 81 47 115 93 91 81 38 135 88 78 121 57 86 182 63 189 37 175 115 102 139 137 126 73 46 150 85 115 74 100 105 82 92 69 84 116 179 108 94 133 157 49 102 165 72 48 162 128 118 
117 175 111 87 45 93 123 98 92 122 154 57 135 126 44 99 82 32 107 70 132 57 125 116 134 151 93 189 119 152 88 101 185 93 66 91 51 67 114 193 118 38 124 126 131 127 162 47 87 24 94 114 66 150 115 105 155 28 65 81 67 120 103 124 104 114 87 69 75 148 113 54 104 103 114 67 180 80 99 96 64 157 87 107 128 135 150 90 53 198 55 32 58 154 113 110 83 94 88 88 134 124 135 146 165 97 118 127 158 109 151 185 76 118 31 59 153 86 42 146 67 118 119 45 42 80 76 147 
163 50 63 166 137 106 118 150 52 79 93 88 77 130 153 92 143 104 73 92 98 105 152 125 120 59 43 76 185 82 127 52 138 39 113 30 98 117 79 169 54 92 87 153 151 135 33 129 51 161 74 46 136 21 164 91 110 61 130 92 58 106 54 165 141 121 135 70 24 119 89 21 147 140 109 40 121 45 186 92 117 138 118 128 67 88 90 184 90 180 116 58 71 87 71 198 153 99 102 157 71 83 103 60 80 117 54 71 93 137 109 106 63 63 16 52 44 54 75 23 33 128 98 62 114 144 87 111 
86 42 133 120 80 86 64 133 55 146 54 53 127 105 71 89 156 62 184 141 138 70 64 119 68 81 140 45 5 95 99 46 160 46 89 152 57 153 156 143 97 163 164 88 152 91 159 111 58 89 143 181 53 66 64 138 117 110 51 14 84 71 123 101 88 77 31 53 131 86 117 120 86 139 104 161 88 120 102 111 74 114 130 176 71 78 53 90 188 122 146 159 69 98 98 74 163 61 72 46 107 119 145 50 107 86 115 65 133 107 62 123 124 139 70 46 105 45 54 29 96 71 114 99 65 131 99 73 
102 98 99 84 97 85 26 97 104 78 108 141 141 66 47 155 112 188 150 190 104 91 120 122 49 120 82 111 110 95 105 43 96 57 141 39 92 175 133 56 96 152 102 15 70 74 51 145 106 21 166 27 65 61 48 131 110 47 98 76 104 93 74 8 59 129 53 91 122 135 93 90 46 58 129 115 34 16 110 76 149 97 168 190 122 121 198 180 122 136 84 116 124 111 136 89 134 90 28 108 153 197 97 110 98 166 41 154 75 96 132 157 33 156 168 52 99 95 140 130 65 34 71 90 173 159 117 124 
108 177 95 135 104 73 27 40 80 168 116 91 69 87 159 97 69 72 164 90 155 91 79 81 68 191 82 88 151 137 123 115 109 73 71 104 125 85 78 87 159 95 106 140 130 115 91 93 144 106 139 89 109 37 162 137 116 114 20 36 139 152 140 123 127 96 55 162 107 54 75 30 124 134 34 107 58 188 84 89 97 153 163 158 86 57 55 116 146 84 14 137 100 47 91 28 170 101 165 133 37 111 75 28 55 175 189 74 150 110 46 114 31 116 126 26 111 108 54 156 89 76 97 79 110 129 117 164 
50 77 77 92 55 164 95 34 96 136 94 138 106 62 127 109 99 93 90 96 149 122 49 119 131 95 196 85 91 21 55 115 111 93 152 59 169 95 69 60 78 117 54 70 124 95 109 59 131 50 94 166 37 153 100 121 79 164 87 139 100 94 170 142 80 70 90 168 115 124 97 99 77 55 87 115 57 120 93 156 100 81 96 143 81 86 32 58 159 116 137 110 123 129 131 77 83 135 99 158 34 63 107 111 81 87 72 98 82 97 68 175 104 71 108 124 46 96 94 96 134 26 145 104 160 94 35 128 
108 110 74 82 92 122 106 116 65 87 99 90 84 112 170 139 160 108 116 87 126 12 47 57 36 120 69 128 115 63 72 89 127 49 56 54 136 118 134 135 60 54 81 72 103 164 143 113 94 59 101 77 130 107 135 126 18 52 40 60 146 57 55 48 35 101 101 53 111 82 142 95 116 136 167 154 26 63 146 47 38 131 134 100 149 182 58 71 69 124 100 123 174 49 157 140 62 68 55 119 128 83 94 99 64 115 85 81 109 120 76 40 48 102 122 70 90 84 154 118 90 127 139 57 164 172 75 103 
9 155 76 82 136 60 88 131 102 68 17 100 156 21 111 36 128 89 127 63 153 60 92 97 89 131 102 181 59 38 111 73 116 112 98 96 128 61 64 84 11 158 69 136 162 37 183 73 71 79 55 151 41 78 91 141 82 114 133 124 105 128 98 92 179 143 131 107 151 153 64 156 158 90 93 149 82 137 69 41 119 83 133 128 61 63 154 87 98 111 47 129 49 132 150 98 15 171 90 96 150 129 118 46 90 144 116 126 136 141 136 136 105 109 152 109 32 150 57 32 156 168 108 120 139 110 117 112 
57 48 100 162 116 128 164 108 51 121 98 149 54 71 73 114 141 41 82 128 75 85 61 133 70 49 125 31 112 98 28 41 37 179 107 86 161 159 146 89 75 152 119 65 102 87 78 100 140 86 134 61 23 154 44 106 65 97 125 145 145 165 151 80 43 103 82 111 80 52 151 90 32 84 48 151 63 70 137 142 74 156 130 114 47 189 113 71 98 136 91 131 157 150 80 146 61 118 74 120 25 124 143 96 173 110 41 48 181 129 132 160 176 55 81 44 53 136 107 94 47 94 71 143 154 106 125 142 
163 92 98 26 61 161 53 97 83 68 73 85 97 65 45 75 139 146 96 76 76 65 125 157 105 101 73 81 81 50 103 69 26 89 193 105 95 110 64 105 106 46 134 113 156 166 56 145 132 135 99 128 19 38 168 98 113 54 90 126 17 85 141 53 62 99 98 128 94 116 188 46 102 61 73 117 113 52 164 106 82 119 50 83 103 37 110 198 74 89 28 77 140 98 146 110 43 105 147 79 166 122 59 141 101 99 42 122 107 91 132 130 68 135 21 104 99 101 169 84 34 90 98 155 100 152 76 116 
159 116 84 104 130 27 110 78 51 124 77 84 41 86 167 177 80 129 109 114 163 35 166 77 81 134 114 87 60 72 156 37 129 92 104 83 27 95 67 155 96 77 114 142 60 75 85 181 111 152 169 76 87 58 26 92 71 113 100 87 50 48 110 84 89 123 102 131 102 105 73 122 118 79 96 24 118 90 85 139 88 52 97 87 113 175 83 153 163 134 170 83 62 15 61 43 182 150 120 101 76 110 75 102 85 81 50 60 21 104 52 90 89 84 77 108 81 79 106 99 106 117 127 89 194 134 73 113 
48 88 159 96 65 163 84 78 65 67 141 81 167 120 138 144 145 24 106 61 41 99 32 83 106 83 114 84 115 45 147 91 116 57 76 109 54 83 44 177 43 137 62 104 117 17 168 73 141 136 149 176 85 38 164 165 92 111 82 75 147 87 60 72 148 126 48 21 27 109 167 126 112 163 83 59 116 122 63 132 134 143 155 14 24 115 94 99 61 90 101 135 68 171 118 105 150 84 149 42 149 37 77 108 170 92 120 111 56 171 151 114 115 55 107 130 39 90 107 167 98 164 88 142 109 179 130 154 
80 103 101 116 67 11 29 61 75 44 78 98 182 39 159 68 105 40 20 141 156 81 66 29 120 117 146 145 134 135 25 87 183 92 77 110 51 55 104 10 104 105 80 116 103 88 124 182 88 123 127 111 136 68 47 74 180 84 8 92 20 25 110 158 141 77 73 138 169 180 62 56 123 34 94 72 98 147 111 103 83 88 137 44 80 102 88 102 72 28 165 99 55 90 74 147 120 149 44 70 115 156 50 159 78 162 53 43 39 124 32 119 146 58 137 101 86 96 13 68 181 140 148 139 152 121 138 119 
104 161 113 36 101 158 92 141 149 157 68 107 52 90 32 58 151 170 110 149 36 115 55 103 120 33 166 143 107 133 132 77 67 104 111 104 109 139 40 102 176 96 133 78 155 125 151 73 143 147 87 100 112 163 101 182 99 81 63 94 99 69 70 78 148 59 105 94 154 127 91 80 97 188 34 128 100 107 197 114 153 68 45 33 155 139 88 157 46 108 133 158 119 96 120 79 101 42 70 46 76 144 83 17 160 144 133 59 85 54 62 75 117 139 140 99 125 171 87 54 120 124 116 43 84 159 142 103 
149 72 59 29 123 91 101 31 66 169 19 125 109 75 91 161 128 80 77 95 63 171 90 112 147 120 182 103 133 149 105 107 85 162 114 120 114 167 84 141 152 57 97 105 103 120 51 87 118 62 94 200 190 90 165 98 28 86 105 113 114 92 122 80 68 135 106 78 110 78 123 42 101 108 43 132 136 95 165 149 36 118 121 20 25 137 134 71 107 153 37 34 128 150 25 166 76 149 115 76 92 173 28 123 115 115 185 131 89 144 51 121 179 51 91 161 106 133 75 118 64 83 33 78 25 76 75 111 
115 140 54 140 61 140 94 108 122 101 70 126 131 119 122 107 98 114 95 90 71 89 110 92 107 19 97 73 60 121 81 121 123 85 67 127 79 34 153 48 63 124 86 90 60 119 98 45 153 110 26 154 123 111 148 62 89 91 168 144 115 60 109 166 102 112 84 93 59 124 157 93 171 118 39 39 92 26 96 95 46 47 154 66 106 126 124 83 119 197 111 63 83 129 124 122 110 37 156 144 173 52 127 118 64 129 74 100 14 114 114 54 88 111 51 127 79 152 81 36 94 129 85 158 89 133 105 95 
65 84 22 126 88 119 169 132 82 62 67 165 56 105 99 93 79 96 116 111 58 160 52 125 13 99 159 56 60 163 87 61 126 171 101 155 62 110 92 73 111 139 143 99 142 133 126 82 124 94 173 121 132 118 111 107 106 159 159 170 182 189 107 104 82 109 133 101 110 198 108 37 177 79 90 85 105 99 91 95 82 118 67 149 135 73 135 103 145 97 75 107 94 118 143 59 75 77 50 83 28 127 136 93 167 167 64 171 55 94 102 45 89 110 127 83 61 42 36 128 86 144 145 196 78 60 31 100 
119 99 124 22 99 113 67 148 151 107 129 112 138 156 75 90 195 116 140 24 105 179 123 125 124 48 91 16 65 75 106 90 125 99 145 147 17 87 51 100 66 98 173 131 81 118 115 178 64 36 127 142 100 102 135 189 111 85 136 108 102 39 63 83 63 167 122 143 21 89 146 104 80 74 52 87 73 54 150 46 43 140 80 49 136 46 146 60 50 110 28 111 99 46 96 141 102 108 159 17 123 118 93 134 67 66 92 106 71 127 88 119 102 56 169 125 108 57 160 12 112 142 178 30 64 81 117 129 
95 144 97 78 116 162 143 147 117 110 121 147 71 34 89 114 83 95 65 54 111 129 119 68 94 34 53 33 95 121 75 51 132 35 110 80 115 79 154 130 72 4 101 93 52 36 69 122 154 141 148 99 82 133 28 77 159 47 93 107 138 67 136 147 166 92 27 108 130 70 84 199 161 162 109 174 64 104 88 160 164 42 137 28 78 150 165 80 107 98 55 81 64 90 173 101 85 170 78 160 115 64 167 67 20 48 61 60 16 59 48 109 54 89 118 140 68 124 57 110 114 75 74 139 78 35 70 125 
98 134 87 96 178 126 132 127 70 89 46 108 102 17 171 78 105 143 118 61 133 88 173 67 116 99 72 91 27 78 93 69 120 140 95 62 77 110 147 71 155 113 71 86 137 107 96 110 122 75 75 49 75 167 89 127 38 103 119 63 90 75 88 62 21 71 48 155 110 100 59 109 102 100 102 78 45 111 26 88 108 164 114 92 105 85 97 117 86 166 175 87 115 144 110 99 81 92 162 144 115 129 167 66 48 12 117 79 88 68 164 128 103 92 117 32 95 152 122 104 99 167 79 51 59 187 115 144 
97 149 98 158 137 149 15 16 178 154 113 121 89 157 176 151 76 32 108 140 96 125 107 22 184 20 143 130 158 73 35 71 111 175 46 127 33 151 177 78 138 48 8 132 180 113 102 109 38 51 83 76 116 138 11 134 158 168 168 104 39 134 113 108 111 109 142 79 68 77 17 114 89 123 102 59 104 186 71 146 115 23 117 107 8 115 118 54 115 41 189 72 85 116 41 42 50 120 53 133 185 74 64 92 61 117 142 77 102 161 69 160 50 15 168 79 97 161 110 126 72 46 64 130 56 113 132 90 
82 167 145 75 158 107 69 119 81 178 99 118 72 99 105 144 130 129 133 38 103 132 144 40 85 88 143 178 29 121 104 177 70 154 161 55 128 106 127 152 106 151 139 78 88 53 45 106 101 109 152 141 149 177 97 105 83 141 195 104 74 109 117 151 124 109 173 193 96 143 105 59 81 96 10 38 133 181 119 69 156 116 71 93 116 74 127 71 65 154 74 98 81 126 48 122 60 111 43 59 131 100 171 106 60 79 77 182 59 123 162 120 129 139 122 82 80 107 62 126 111 166 101 63 123 154 72 89 
154 157 18 81 38 173 41 132 69 112 107 150 131 135 19 149 14 178 61 33 34 44 47 150 159 62 143 152 110 81 102 91 60 93 90 55 80 102 83 41 57 62 46 122 183 26 158 5 85 114 135 36 172 161 121 92 54 107 129 116 103 140 68 125 98 151 112 147 47 145 151 85 106 120 111 32 165 134 74 28 51 109 100 65 101 100 158 93 133 75 150 82 109 136 181 107 21 56 39 85 89 14 55 71 16 88 102 59 48 100 108 186 132 136 139 68 90 104 90 94 76 122 51 78 63 123 73 104 
125 119 41 76 146 141 111 129 124 118 109 53 141 116 44 113 124 102 123 60 145 147 45 106 127 117 107 76 136 142 136 75 151 82 133 54 120 138 130 94 84 55 122 121 91 101 185 156 167 128 100 130 100 144 21 132 123 95 45 128 101 72 135 6 94 27 174 157 44 123 188 125 62 117 89 118 90 12 120 140 105 143 132 39 60 105 109 137 107 96 110 97 120 141 129 91 104 171 124 54 144 114 94 127 59 68 161 123 100 102 55 92 26 51 159 48 59 88 66 132 151 80 78 24 125 80 192 103 
112 76 71 100 96 139 52 172 12 30 54 119 39 67 86 97 33 158 161 137 86 37 172 134 23 18 104 109 41 73 158 102 25 92 36 106 85 89 106 103 78 130 45 40 176 183 122 134 79 81 64 176 129 18 126 29 75 76 2 103 86 98 117 87 58 76 120 31 164 160 89 105 152 35 94 85 47 108 158 28 48 53 42 34 131 82 151 109 62 132 46 68 76 136 132 132 52 151 32 62 51 114 102 88 48 164 69 162 108 55 88 96 102 53 85 149 88 186 91 82 164 57 94 17 92 66 60 52 
183 144 141 30 57 155 109 109 124 81 95 169 107 144 132 66 176 94 187 188 146 77 133 126 95 124 139 132 110 108 110 166 45 88 150 124 110 108 104 142 92 77 77 82 120 100 121 87 74 89 63 125 159 183 150 140 42 39 48 137 111 81 68 120 33 180 65 149 145 96 116 152 69 109 56 125 177 91 82 113 108 121 171 136 151 92 185 106 123 157 114 175 40 136 160 130 90 114 119 75 121 54 45 119 109 128 160 120 186 92 96 36 20 78 109 106 119 185 60 80 65 41 174 89 79 182 135 81 
140 70 66 104 123 140 162 60 98 54 85 78 92 110 29 11 83 164 87 89 97 80 151 175 97 114 174 135 107 43 113 183 128 148 147 78 74 150 156 107 153 65 32 108 69 108 170 193 112 82 72 120 36 48 74 136 115 140 87 44 60 97 66 92 128 116 86 131 85 51 22 141 92 131 97 126 175 69 101 80 99 95 68 106 25 69 76 63 124 33 31 104 48 105 176 68 89 115 146 117 179 88 89 102 54 103 50 129 132 26 102 20 52 151 70 97 194 45 117 56 152 163 81 96 146 77 103 162 
127 109 101 152 87 143 67 193 108 147 122 96 109 113 16 138 159 100 150 126 97 65 80 32 64 49 95 110 65 180 14 41 99 143 36 111 11 35 170 142 38 75 105 42 86 121 99 106 37 19 61 103 95 62 120 102 123 82 53 122 101 66 89 98 65 139 155 57 128 135 128 91 110 140 44 106 78 80 121 61 127 133 91 89 98 84 118 63 139 156 116 71 102 109 55 135 84 55 58 139 51 111 110 56 89 92 15 139 136 51 53 78 151 106 122 64 172 119 64 123 69 139 181 96 134 185 96 54 
133 133 95 114 151 83 106 118 113 96 146 116 56 96 90 74 131 130 105 109 103 99 128 120 125 95 33 68 65 134 45 145 136 126 104 123 65 177 154 63 102 66 164 56 113 4 88 118 64 19 71 118 135 109 159 132 174 118 78 102 37 141 54 155 114 54 121 54 146 83 133 75 59 55 113 93 183 130 58 129 96 101 93 106 152 116 31 16 70 168 126 108 122 152 81 21 77 107 137 140 91 51 127 169 118 117 168 122 139 159 85 109 70 122 32 74 96 98 101 105 65 9 59 90 23 112 100 68 
33 114 118 81 182 60 177 124 87 97 153 20 66 123 74 143 68 97 9 93 123 76 107 42 79 129 72 61 59 79 108 93 30 40 49 127 104 22 99 169 46 167 100 155 129 106 77 102 78 84 137 156 182 126 85 94 101 56 178 40 160 141 99 71 84 83 13 30 87 182 119 92 138 191 79 15 81 113 85 105 105 96 83 111 107 179 59 52 46 52 26 124 70 109 44 104 108 130 101 99 161 127 83 125 140 32 79 82 68 48 149 106 97 64 74 162 39 91 84 40 107 97 97 44 85 125 120 71 
102 85 53 87 50 70 54 38 129 23 78 89 47 64 157 123 101 117 170 162 89 67 80 121 66 124 91 112 122 22 110 58 40 28 136 60 170 99 106 175 101 78 78 115 68 102 81 97 57 58 98 120 87 149 77 82 72 79 46 102 80 56 55 66 52 39 100 58 84 151 157 151 120 176 79 127 84 167 174 132 88 106 102 93 74 108 153 44 105 99 111 46 90 32 53 99 81 39 86 125 106 79 61 108 68 95 97 80 90 59 88 119 194 172 96 39 134 165 132 40 51 144 25 164 125 30 144 136 
57 109 170 130 128 44 68 170 109 196 52 109 92 104 84 113 165 66 50 111 80 178 27 61 175 78 83 56 91 80 74 128 126 116 99 135 153 161 175 122 87 63 54 77 113 66 142 142 61 82 111 108 79 103 78 61 121 106 97 128 144 90 193 116 51 30 119 79 124 148 94 135 98 49 81 114 117 134 135 136 60 95 114 49 94 94 86 54 45 95 108 96 84 150 136 101 79 90 96 171 133 152 42 57 124 152 161 107 104 88 186 185 45 119 98 91 165 32 103 162 141 143 86 64 126 113 166 98 
43 53 107 140 32 11 81 124 140 129 56 93 125 105 182 74 69 144 45 177 36 179 176 128 49 82 72 153 87 95 95 103 65 118 99 113 176 118 14 112 114 148 116 121 180 116 98 166 119 11 141 76 117 112 113 80 124 75 75 157 140 131 30 139 102 113 108 133 139 141 102 109 121 86 47 58 119 103 86 109 151 132 93 84 82 133 42 75 54 140 54 94 154 57 107 169 106 107 13 87 75 81 36 160 57 122 110 62 90 66 91 60 117 64 101 84 132 103 22 151 109 104 88 90 99 111 161 94 
108 99 127 47 103 99 154 43 111 59 153 25 57 23 115 137 137 87 117 124 39 144 99 40 137 97 38 94 87 40 184 42 149 60 187 183 175 107 159 116 59 55 103 55 79 153 69 89 119 78 148 109 88 119 111 151 162 42 179 88 142 114 76 145 76 102 86 98 85 74 111 99 72 89 82 131 150 105 83 156 110 74 68 129 45 157 146 23 29 130 156 96 118 32 94 84 99 167 68 54 118 36 128 12 110 104 126 126 94 132 82 80 56 123 105 40 40 162 151 90 107 166 96 86 154 97 57 99 
124 133 137 96 47 163 182 99 105 127 136 135 112 88 45 73 144 156 33 102 163 110 135 172 93 31 161 53 87 30 119 160 53 167 6 89 33 177 72 138 114 94 180 99 76 157 116 83 163 105 152 155 44 41 98 147 71 111 56 16 80 105 39 166 13 61 60 87 105 57 136 44 99 97 98 114 56 79 169 17 53 104 110 20 157 49 67 33 96 65 89 134 90 156 47 34 106 98 181 120 64 94 86 112 114 99 72 111 76 151 164 65 152 69 65 107 51 141 109 107 186 81 114 44 54 98 102 118 
79 176 146 122 48 166 76 54 80 181 104 119 98 119 84 64 154 168 105 107 92 155 148 161 46 11 68 116 146 102 21 57 134 64 59 164 117 67 60 167 137 97 128 109 40 143 82 47 107 21 132 101 64 84 12 34 12 17 120 73 133 10 115 58 130 92 130 186 23 63 116 99 118 179 70 158 103 75 51 165 132 128 117 95 87 102 118 128 71 34 76 26 127 168 94 90 117 164 140 124 83 129 144 142 75 167 46 166 122 80 57 41 163 139 9 97 144 143 104 166 81 138 69 85 103 88 48 127 
122 107 115 163 75 46 140 128 120 22 52 51 51 47 123 154 94 82 78 129 151 94 48 88 88 65 54 33 170 120 61 179 67 120 146 91 124 180 109 135 66 150 86 129 105 102 177 126 84 158 94 72 72 90 83 127 104 106 42 101 108 89 118 134 145 30 31 117 121 90 135 76 38 90 111 109 115 9 120 43 104 61 79 98 104 165 119 98 114 71 97 145 139 108 71 98 127 88 148 116 33 85 145 178 74 79 64 101 51 78 94 174 81 181 59 97 25 86 88 96 114 69 34 90 121 67 134 147 
112 173 111 118 103 24 46 131 15 54 131 105 48 124 119 97 63 85 92 27 106 16 96 128 51 113 99 153 131 173 46 68 86 97 57 110 105 138 61 150 126 93 69 40 61 176 142 143 119 40 39 151 96 134 107 25 122 96 93 130 99 82 63 72 122 83 33 103 134 115 50 98 115 156 109 49 81 167 32 64 106 109 100 55 114 72 45 62 99 90 79 104 57 120 143 155 89 142 139 43 78 158 196 30 139 51 130 63 78 24 17 89 96 96 90 44 164 64 90 86 44 85 90 28 40 159 113 96 
143 103 99 95 146 83 76 106 119 141 60 97 79 154 116 112 106 85 77 26 153 141 52 58 95 172 54 87 91 24 83 96 182 93 73 101 185 171 103 43 104 108 111 178 164 174 116 125 172 67 22 31 141 144 161 137 105 95 79 143 73 61 45 51 166 144 123 161 55 123 75 65 71 165 112 28 72 61 93 144 83 128 97 110 134 48 42 114 65 173 110 160 164 139 154 100 194 109 152 84 25 89 78 64 78 59 56 123 63 125 92 79 146 134 23 85 125 126 99 154 54 103 121 40 60 92 78 138 
41 115 166 76 145 133 72 75 104 65 197 123 104 175 87 58 72 63 73 167 63 94 36 43 91 109 95 149 90 101 84 28 87 85 151 132 66 79 99 121 107 103 150 178 79 124 42 41 101 100 101 93 66 26 84 68 76 184 81 86 65 144 17 30 96 129 88 95 160 72 94 100 99 111 114 137 171 121 96 102 100 79 95 47 107 162 80 144 131 159 129 94 172 110 106 152 134 179 121 159 76 133 60 81 35 187 113 154 123 80 66 182 77 185 112 125 30 113 111 97 98 88 67 159 92 122 106 83 
88 120 100 132 83 79 80 70 102 78 107 52 24 63 171 116 150 134 110 126 79 138 51 106 76 66 90 20 35 11 90 157 136 128 65 101 71 90 98 36 98 47 121 112 74 74 112 85 62 86 180 80 154 107 194 173 23 89 116 170 178 25 132 143 129 173 85 136 32 106 93 69 156 37 25 101 127 74 96 168 194 53 136 123 76 128 76 87 99 117 117 35 75 117 125 76 73 130 138 142 75 105 31 117 70 115 132 72 73 192 60 135 103 96 100 120 144 166 161 57 102 48 134 113 78 106 196 96 
85 94 133 78 83 89 172 128 77 28 40 127 133 161 183 106 137 8 64 104 110 86 151 183 133 93 132 86 85 51 145 131 159 35 110 67 73 104 160 93 105 105 138 88 60 116 89 156 110 141 52 53 39 134 40 173 89 95 87 109 97 99 105 44 102 111 117 75 150 150 94 170 119 67 136 169 87 168 117 124 88 178 29 83 94 118 147 111 73 124 164 128 103 112 142 116 113 154 119 103 111 95 100 129 125 144 90 89 104 103 52 81 162 54 68 71 136 98 94 99 118 127 147 96 138 83 96 30 