32
64 79 60 48 47 13 56 25 2 48 65 71 25 60 100 90 3 88 73 78 57 7 21 26 73 55 55 89 87 23 47 50 
78 36 19 91 41 70 66 72 24 3 35 28 73 28 12 58 78 59 84 23 69 48 61 3 97 72 31 56 21 66 23 69 
52 65 3 1 21 24 44 77 45 24 96 66 23 35 55 32 2 73 50 87 15 2 94 72 98 24 15 20 59 63 50 94 
56 45 27 64 20 92 30 30 71 52 16 10 63 82 93 67 48 77 47 37 67 23 32 97 48 56 51 60 28 3 42 98 
11 84 95 74 33 90 50 94 10 45 72 20 80 22 80 8 46 53 45 81 87 54 41 97 26 14 11 99 91 98 66 15 
20 47 55 76 60 83 6 45 42 93 80 17 18 63 42 92 41 9 75 87 7 14 81 72 59 14 95 97 78 19 30 77 
33 50 48 32 36 80 70 10 2 35 61 62 35 80 57 90 23 86 1 92 19 82 33 28 44 91 55 47 83 68 27 8 
66 74 19 90 37 82 89 39 1 18 74 48 34 17 17 91 39 35 69 57 10 91 80 22 99 27 71 46 92 71 40 100 
52 44 98 67 18 32 16 17 36 18 47 16 35 92 96 81 37 6 60 28 64 45 91 8 57 90 44 14 43 75 46 5 
89 24 66 24 73 8 23 23 35 22 70 68 3 4 89 72 98 47 62 42 76 12 15 49 91 92 24 52 76 6 98 65 
3 1 25 43 40 50 74 62 54 26 14 19 3 47 69 9 79 100 44 20 69 35 67 54 74 88 50 19 36 50 56 56 
1 82 100 89 31 6 11 20 45 50 14 78 42 36 50 16 72 10 12 40 3 39 27 35 87 24 93 53 45 82 77 47 
21 36 51 33 80 46 69 11 24 3 49 70 78 87 84 57 50 37 15 30 8 62 64 25 38 11 64 57 92 27 76 65 
86 62 69 7 41 66 57 84 78 72 31 67 72 74 66 39 26 48 84 49 32 79 54 51 44 17 91 42 100 94 37 73 
11 78 78 77 53 67 36 17 87 95 38 66 36 25 81 91 88 31 84 43 46 20 7 57 41 65 46 72 3 33 47 18 
67 69 15 45 58 83 32 44 52 53 30 43 73 35 38 19 42 94 47 67 86 45 93 25 14 37 98 84 95 48 8 73 
79 64 75 67 5 14 83 99 75 3 37 53 88 55 55 71 91 90 84 76 40 72 98 10 40 41 92 82 38 71 16 93 
7 4 87 19 10 85 85 37 2 65 58 49 55 59 100 10 94 6 46 85 99 31 34 29 81 62 9 90 4 10 81 91 
82 11 17 52 53 16 91 88 23 23 5 2 54 38 78 19 7 47 91 90 10 60 27 7 27 43 20 43 47 63 57 78 
95 100 81 54 60 2 63 22 78 14 81 1 70 70 56 42 93 20 100 32 15 75 56 34 64 88 28 2 25 61 13 22 
44 64 67 62 64 25 20 1 29 61 30 22 60 77 99 35 43 72 54 16 33 33 65 58 90 13 22 91 13 25 21 7 
99 75 53 12 30 41 8 96 23 46 1 78 25 79 52 58 72 79 81 3 53 47 97 17 65 95 43 46 26 26 11 20 
81 39 86 46 88 53 33 24 93 7 56 66 53 88 3 72 24 59 19 94 12 20 59 47 56 37 26 37 80 97 93 6 
23 87 50 42 94 50 63 68 24 52 70 21 27 71 10 57 11 74 30 42 57 21 34 34 89 81 64 67 87 56 26 52 
42 54 68 48 79 98 44 70 30 94 9 28 33 88 81 41 62 31 35 14 30 38 67 62 64 35 33 67 65 31 11 12 
25 35 71 42 25 72 67 4 18 65 47 70 54 88 84 78 74 25 18 8 75 76 31 26 26 3 97 47 96 27 8 44 
8 49 69 68 89 93 87 67 65 86 27 7 91 65 59 45 14 35 9 72 32 59 53 27 10 74 15 88 44 53 77 38 
77 73 19 52 40 43 97 17 32 56 91 38 40 76 98 53 47 85 28 16 75 40 9 12 81 77 80 21 84 27 61 38 
60 47 36 32 46 74 47 19 9 37 66 30 65 99 10 52 26 8 27 69 65 93 47 61 49 83 35 43 79 45 10 5 
44 20 8 38 1 4 48 1 94 17 39 3 50 97 19 88 21 5 35 19 21 27 97 30 32 11 82 72 51 89 25 59 
54 76 86 13 68 52 86 25 40 82 8 76 34 31 86 51 31 39 84 55 70 29 49 30 30 39 46 44 23 19 85 22 
99 98 55 87 83 55 34 7 54 78 40 37 42 3 80 39 68 51 94 39 12 13 97 98 80 79 51 18 15 14 61 28 
152 126 61 107 80 119 117 108 56 94 96 76 110 76 28 108 72 85 148 163 141 56 143 82 94 69 88 78 101 91 34 120 
126 198 65 119 92 123 27 168 145 59 132 89 166 36 45 132 66 110 104 65 120 33 101 139 109 140 135 65 145 95 123 98 
61 65 24 132 77 130 126 115 158 131 112 80 133 82 87 94 76 55 150 104 108 109 145 42 115 112 186 62 76 26 69 137 
107 119 132 36 195 65 160 171 62 119 64 96 63 199 131 112 57 26 111 138 103 106 16 169 95 44 95 179 73 126 170 88 
80 92 77 195 64 95 78 198 78 75 149 71 168 78 25 104 127 123 135 71 71 112 51 64 189 144 134 111 62 104 47 43 
119 123 130 65 95 126 127 63 85 18 11 84 86 108 185 72 46 122 119 32 47 113 124 159 95 113 49 64 82 171 20 25 
117 27 126 160 78 127 68 168 135 114 114 84 24 97 106 108 106 165 139 24 87 109 93 36 89 129 135 105 79 119 83 89 
108 168 115 171 198 63 168 186 58 126 64 132 155 56 99 126 79 98 138 101 35 71 83 134 89 119 186 84 106 66 56 21 
56 145 158 62 78 85 135 58 96 136 37 26 101 137 27 91 59 13 42 153 78 116 124 96 81 156 81 52 112 72 185 126 
94 59 131 119 75 18 114 126 136 110 106 131 160 178 111 9 119 111 102 57 106 87 107 167 84 93 43 86 124 126 78 101 
96 132 112 64 149 11 114 64 37 106 56 40 84 138 130 86 109 72 122 148 128 107 117 50 93 57 64 81 34 116 112 115 
76 89 80 96 71 84 84 132 26 131 40 92 100 160 102 112 114 178 76 90 153 139 139 105 170 53 104 93 147 55 52 12 
110 166 133 63 168 86 24 155 101 160 84 100 62 96 58 77 115 92 108 93 34 111 174 71 87 147 90 137 91 97 73 115 
76 36 82 199 78 108 97 56 137 178 138 160 96 52 106 65 97 169 96 142 153 104 69 69 117 41 79 123 19 87 138 155 
28 45 87 131 25 185 106 99 27 111 130 102 58 106 56 108 24 107 52 184 122 162 82 114 169 27 170 70 135 15 62 143 
108 132 94 112 104 72 108 126 91 9 86 112 77 65 108 88 54 181 130 109 129 21 72 84 107 61 129 78 148 172 69 142 
72 66 76 57 127 46 106 79 59 119 109 114 115 97 24 54 160 107 124 144 49 109 48 198 25 44 133 27 107 84 157 162 
85 110 55 26 123 122 165 98 13 111 72 178 92 169 107 181 107 88 26 31 105 124 63 128 136 90 110 129 175 161 91 112 
148 104 150 111 135 119 139 138 42 102 122 76 108 96 52 130 124 26 62 84 165 134 116 104 140 98 136 140 21 51 66 39 
163 65 104 138 71 32 24 101 153 57 148 90 93 142 184 109 144 31 84 166 125 116 93 109 83 68 105 165 99 51 55 125 
141 120 108 103 71 47 87 35 78 106 128 153 34 153 122 129 49 105 165 125 92 161 103 118 145 122 107 150 80 98 99 128 
56 33 109 106 112 113 109 71 116 87 107 139 111 104 162 21 109 124 134 116 161 132 104 123 51 62 85 183 147 89 123 84 
143 101 145 16 51 124 93 83 124 107 117 139 174 69 82 72 48 63 116 93 103 104 180 119 111 103 163 78 110 43 100 93 
82 139 42 169 64 159 36 134 96 167 50 105 71 69 114 84 198 128 104 109 118 123 119 196 104 116 88 105 48 171 118 151 
94 109 115 95 189 95 89 89 81 84 93 170 87 117 169 107 25 136 140 83 145 51 111 104 38 135 48 103 86 118 71 40 
69 140 112 44 144 113 129 119 156 93 57 53 147 41 27 61 44 90 98 68 122 62 103 116 135 82 142 166 155 159 153 149 
88 135 186 95 134 49 135 186 81 43 64 104 90 79 170 129 133 110 136 105 107 85 163 88 48 142 56 163 111 111 94 58 
78 65 62 179 111 64 105 84 52 86 81 93 137 123 70 78 27 129 140 165 150 183 78 105 103 166 163 72 113 31 85 141 
101 145 76 73 62 82 79 106 112 124 34 147 91 19 135 148 107 175 21 99 80 147 110 48 86 155 111 113 200 62 85 88 
91 95 26 126 104 171 119 66 72 126 116 55 97 87 15 172 84 161 51 51 98 89 43 171 118 159 111 31 62 2 99 144 
34 123 69 170 47 20 83 56 185 78 112 52 73 138 62 69 157 91 66 55 99 123 100 118 71 153 94 85 85 99 140 86 
120 98 137 88 43 25 89 21 126 101 115 12 115 155 143 142 162 112 39 125 128 84 93 151 40 149 58 141 88 144 86 74 