16
13 8 11 50 62 63 77 37 88 46 84 22 88 41 63 70 
41 69 3 46 6 67 86 19 87 94 58 64 36 11 27 99 
78 17 40 92 60 75 94 97 41 11 34 64 66 74 17 58 
45 95 30 61 14 19 62 68 84 44 82 27 54 32 44 79 
45 50 27 57 23 95 35 19 21 93 59 32 80 1 17 27 
68 10 33 23 69 85 55 92 8 37 43 100 46 81 62 60 
87 10 21 28 79 90 32 49 80 40 84 20 83 88 61 82 
23 99 99 1 84 37 71 33 25 56 57 79 15 39 11 75 
42 61 50 41 23 60 91 60 97 100 17 80 5 52 10 1 
27 3 27 37 3 86 11 42 32 93 5 68 8 23 95 7 
39 85 43 82 52 45 59 86 7 16 96 78 40 50 81 13 
2 60 38 76 84 15 69 50 91 65 84 21 20 27 56 48 
7 97 56 49 72 48 16 79 35 74 30 87 97 67 58 26 
16 45 72 46 65 3 96 78 89 77 37 41 38 11 60 6 
66 38 32 85 16 63 62 57 59 32 2 17 49 58 36 6 
94 23 65 48 60 60 1 83 78 80 92 2 27 56 29 1 
28 67 7 52 46 127 96 156 84 80 90 156 84 98 142 113 
67 34 87 40 59 123 167 110 69 116 69 111 105 61 130 108 
7 87 196 130 93 82 27 155 101 134 105 70 131 155 85 127 
52 40 130 30 113 100 59 131 88 71 169 85 82 63 23 19 
46 59 93 113 4 143 34 151 136 82 129 129 102 127 145 47 
127 123 82 100 143 174 91 72 83 151 42 76 109 107 28 75 
96 167 27 59 34 91 166 161 12 100 59 95 100 54 135 131 
156 110 155 131 151 72 161 156 151 86 150 86 126 157 113 51 
84 69 101 88 136 83 12 151 176 101 105 42 30 116 94 122 
80 116 134 71 82 151 100 86 101 68 185 96 75 104 160 127 
90 69 105 169 129 42 59 150 105 185 74 77 30 36 126 152 
156 111 70 85 129 76 95 86 42 96 77 160 134 148 36 138 
84 105 131 82 102 109 100 126 30 75 30 134 10 137 88 144 
98 61 155 63 127 107 54 157 116 104 36 148 137 136 127 168 
142 130 85 23 145 28 135 113 94 160 126 36 88 127 2 31 
113 108 127 19 47 75 131 51 122 127 152 138 144 168 31 136 