32
2 5 5 7 6 4 8 5 10 2 4 2 3 4 1 8 8 7 6 10 5 6 3 10 5 6 7 3 3 7 9 10 
9 3 2 7 6 6 8 8 6 4 5 6 8 5 3 2 4 7 10 8 5 7 6 7 8 5 8 5 5 7 3 4 
2 3 10 5 9 7 10 9 10 8 1 1 7 6 1 4 2 10 1 8 9 1 5 6 1 6 1 5 1 9 4 2 
7 7 3 8 7 5 6 3 3 5 2 9 5 10 2 10 2 1 8 2 7 6 9 8 6 1 5 1 10 6 9 7 
10 9 4 10 7 10 2 2 6 10 3 1 3 10 2 5 9 3 6 6 9 8 4 7 6 9 4 7 6 7 5 4 
4 9 4 9 9 9 4 1 1 10 8 10 10 2 1 10 5 6 1 4 6 2 3 7 2 9 10 4 1 9 8 2 
3 10 5 3 7 8 5 10 8 6 1 5 10 6 5 6 10 10 6 6 9 6 1 10 9 9 10 6 2 8 4 8 
10 1 6 4 8 8 3 4 7 10 3 9 8 6 10 10 7 1 2 7 10 7 10 5 7 6 1 3 8 4 5 9 
8 8 4 7 9 1 8 8 5 8 6 7 7 8 2 6 9 4 3 5 10 3 6 6 10 1 1 2 2 4 1 4 
5 2 8 9 10 5 8 5 7 3 10 3 2 3 7 7 7 7 1 5 5 8 8 7 2 7 7 2 3 8 2 8 
5 5 8 6 10 3 9 7 9 8 8 3 8 2 3 3 10 6 9 1 8 4 7 8 10 3 8 2 5 8 7 8 
6 6 1 1 5 5 7 7 1 4 3 8 8 8 7 4 3 6 5 6 9 4 1 3 10 1 1 10 5 1 1 7 
8 9 1 7 4 10 8 4 1 10 3 9 5 8 8 5 6 9 1 1 6 1 10 6 7 7 2 3 6 7 2 5 
5 9 9 9 6 5 9 4 1 6 1 1 6 9 6 10 9 10 3 3 9 3 7 1 9 5 4 2 6 5 7 9 
3 6 9 5 1 8 8 8 10 5 5 7 6 1 3 8 2 2 5 4 8 1 7 10 6 10 9 3 4 7 5 3 
4 4 5 4 1 6 1 3 4 3 8 8 3 4 2 2 3 9 5 8 3 8 2 10 4 4 2 4 3 2 7 2 
5 5 3 10 7 4 2 6 8 7 2 8 3 8 9 9 5 8 9 6 5 3 4 9 1 4 9 1 10 5 6 9 
9 10 6 9 8 5 9 5 5 1 4 1 3 7 9 9 10 6 5 4 6 10 5 7 4 3 5 10 5 2 9 2 
10 2 6 6 1 10 4 10 6 3 7 5 8 1 7 2 4 10 6 3 4 3 3 3 7 7 10 7 3 1 10 10 
2 7 4 2 5 3 9 5 8 6 3 8 9 8 6 8 5 3 3 4 5 1 3 1 9 10 3 6 5 3 10 10 
10 9 4 4 2 3 10 8 9 5 5 9 8 4 9 7 3 9 7 5 7 3 3 10 10 4 10 5 2 7 6 1 
2 6 2 4 5 6 10 1 1 1 6 6 6 2 6 7 10 7 4 3 6 10 10 5 10 10 2 1 4 1 8 9 
5 7 9 4 10 1 9 9 10 10 2 10 1 4 10 7 7 7 10 1 3 9 9 7 3 10 4 10 6 1 5 1 
8 7 3 9 2 5 3 9 1 2 6 8 5 9 1 7 9 6 1 3 10 5 1 10 8 3 7 8 10 1 6 3 
6 1 7 7 5 7 5 9 4 9 9 7 2 3 7 8 6 2 2 2 10 4 8 10 5 7 4 3 5 1 1 7 
7 1 3 10 9 7 7 4 10 10 6 6 2 5 6 5 5 9 2 6 9 8 1 4 1 8 5 8 6 4 6 8 
7 10 3 2 4 6 4 10 10 3 5 6 2 7 8 5 3 9 9 9 10 6 2 9 8 2 3 4 7 10 5 6 
9 3 9 1 1 10 10 7 3 2 9 6 3 3 6 2 1 8 9 9 6 5 6 5 3 6 8 8 4 4 3 1 
8 6 8 5 9 2 7 10 10 10 9 10 10 2 2 1 8 10 8 4 9 4 3 7 4 1 10 6 3 4 10 1 
7 4 4 8 5 8 10 7 5 9 1 10 9 3 3 5 3 7 4 7 9 4 2 4 5 3 5 9 5 4 1 6 
1 4 8 4 2 8 7 3 9 7 8 6 1 6 9 2 7 8 10 8 7 5 2 8 2 1 6 5 7 6 5 4 
6 2 1 9 7 6 7 7 7 6 7 3 7 10 1 1 4 9 9 3 2 9 9 8 8 4 1 9 4 3 10 7 
172 107 108 8 48 105 69 81 106 126 97 69 96 10 62 100 76 110 165 173 93 106 127 176 123 117 86 170 105 115 185 136 
107 186 102 88 69 108 137 41 78 52 93 73 132 57 110 132 99 114 136 50 116 138 97 116 63 84 110 74 127 71 12 94 
108 102 146 92 108 38 142 71 169 92 69 58 56 90 63 98 129 104 81 53 110 111 94 141 126 94 23 146 107 167 103 136 
8 88 92 118 40 104 86 137 170 119 91 150 90 183 155 82 141 13 119 89 86 174 118 33 96 139 111 130 160 121 89 28 
48 69 108 40 44 110 134 107 130 151 120 125 101 65 137 45 179 169 84 135 114 69 149 130 141 49 88 76 158 107 69 58 
105 108 38 104 110 2 58 69 115 21 78 67 114 143 26 64 64 131 98 73 114 83 57 64 108 105 135 101 122 124 65 68 
69 137 142 86 134 58 150 114 72 137 136 37 139 120 68 137 88 110 102 131 119 60 107 45 138 36 118 121 69 64 99 47 
81 41 71 137 107 69 114 164 135 85 113 90 88 164 74 74 100 50 94 125 82 94 133 135 111 42 97 124 105 85 26 151 
106 78 169 170 130 115 72 135 138 56 122 123 118 136 137 9 173 70 104 20 36 76 133 138 85 115 48 48 167 104 93 98 
126 52 92 119 151 21 137 85 56 112 58 82 63 15 78 100 136 56 68 127 15 114 99 53 79 64 116 138 166 111 109 36 
97 93 69 91 120 78 136 113 122 58 6 102 13 138 19 110 96 85 110 83 148 39 25 100 87 89 85 183 166 33 124 114 
69 73 58 150 125 67 37 90 123 82 102 148 86 65 80 99 82 72 172 44 127 88 135 84 86 83 46 59 106 91 118 40 
96 132 56 90 101 114 139 88 118 63 13 86 54 95 127 39 151 38 84 35 59 119 139 97 167 61 124 53 120 156 96 102 
10 57 90 183 65 143 120 164 136 15 138 65 95 160 98 81 134 138 134 119 183 171 13 86 70 103 29 65 33 87 88 58 
62 110 63 155 137 26 68 74 137 78 19 80 127 98 52 62 44 101 139 84 133 125 74 37 144 139 62 30 138 44 49 85 
100 132 98 82 45 64 137 74 9 100 110 99 39 81 62 94 41 51 105 125 97 90 70 143 18 91 192 116 91 41 54 96 
76 99 129 141 179 64 88 100 173 136 96 82 151 134 44 41 78 40 85 126 90 148 43 124 48 129 32 99 101 37 59 103 
110 114 104 13 169 131 110 50 70 56 85 72 38 138 101 51 40 28 127 72 72 122 149 61 72 20 96 129 122 79 114 54 
165 136 81 119 84 98 102 94 104 68 110 172 84 134 139 105 85 127 124 79 57 100 162 94 78 89 58 99 67 180 120 137 
173 50 53 89 135 73 131 125 20 127 83 44 35 119 84 125 126 72 79 88 87 102 26 108 101 31 139 4 119 75 142 71 
93 116 110 86 114 114 119 82 36 15 148 127 59 183 133 97 90 72 57 87 16 85 72 153 103 115 60 47 96 124 54 151 
106 138 111 174 69 83 60 94 76 114 39 88 119 171 125 90 148 122 100 102 85 74 28 162 165 129 141 95 153 58 73 178 
127 97 94 118 149 57 107 133 133 99 25 135 139 13 74 70 43 149 162 26 72 28 138 50 166 97 138 148 123 135 110 71 
176 116 141 33 130 64 45 135 138 53 100 84 97 86 37 143 124 61 94 108 153 162 50 156 107 113 92 60 138 22 135 191 
123 63 126 96 141 108 138 111 85 79 87 86 167 70 144 18 48 72 78 101 103 165 166 107 72 18 132 47 181 188 114 48 
117 84 94 139 49 105 36 42 115 64 89 83 61 103 139 91 129 20 89 31 115 129 97 113 18 136 82 123 149 104 137 43 
86 110 23 111 88 135 118 97 48 116 85 46 124 29 62 192 32 96 58 139 60 141 138 92 132 82 152 47 175 57 59 180 
170 74 146 130 76 101 121 124 48 138 183 59 53 65 30 116 99 129 99 4 47 95 148 60 47 123 47 64 99 107 86 75 
105 127 107 160 158 122 69 105 167 166 166 106 120 33 138 91 101 122 67 119 96 153 123 138 181 149 175 99 64 37 73 168 
115 71 167 121 107 124 64 85 104 111 33 91 156 87 44 41 37 79 180 75 124 58 135 22 188 104 57 107 37 132 104 67 
185 12 103 89 69 65 99 26 93 109 124 118 96 88 49 54 59 114 120 142 54 73 110 135 114 137 59 86 73 104 190 167 
136 94 136 28 58 68 47 151 98 36 114 40 102 58 85 96 103 54 137 71 151 178 71 191 48 43 180 75 168 67 167 128 