16
54 49 35 4 62 1 36 14 32 16 19 89 61 8 73 1 
8 82 69 53 68 15 11 36 86 55 96 54 67 84 21 39 
76 99 55 86 46 75 6 69 82 52 17 39 28 41 4 48 
68 20 23 93 70 79 35 89 66 55 69 52 4 46 5 20 
36 70 51 53 83 42 91 86 16 43 67 81 60 50 89 85 
5 23 50 8 14 46 30 85 16 35 46 48 45 24 18 3 
60 41 12 11 97 42 77 31 84 61 36 31 9 34 42 56 
3 15 97 38 59 100 70 18 31 43 13 2 77 97 19 89 
63 99 11 13 59 61 34 3 79 72 75 95 77 32 36 80 
4 95 89 49 75 100 89 83 26 84 74 53 23 48 6 25 
8 85 40 16 34 18 62 2 1 61 14 98 12 72 30 6 
91 49 62 92 63 6 8 25 17 39 81 92 13 41 98 72 
59 100 38 30 27 9 6 75 96 88 36 43 12 49 52 85 
84 98 27 51 32 42 71 81 72 58 81 21 49 52 14 77 
17 17 18 24 46 31 55 5 33 63 94 61 18 54 35 87 
38 82 30 68 99 21 62 64 58 80 94 5 28 79 37 97 
118 99 76 122 71 170 28 65 32 82 167 61 69 120 31 104 
99 16 136 121 90 165 124 77 75 50 66 6 125 83 63 62 
76 136 122 173 172 103 151 113 105 94 99 149 127 54 67 42 
122 121 173 108 117 85 170 154 112 157 100 195 58 111 175 29 
71 90 172 117 16 115 124 79 105 141 167 67 123 91 57 177 
170 165 103 85 115 134 26 134 113 91 87 125 107 97 62 71 
28 124 151 170 124 26 30 170 78 167 19 99 96 104 17 178 
65 77 113 154 79 134 170 98 135 45 94 62 113 195 180 41 
32 75 105 112 105 113 78 135 108 82 97 116 179 125 53 67 
82 50 94 157 141 91 167 45 82 142 136 154 174 88 101 129 
167 66 99 100 167 87 19 94 97 136 70 93 58 112 106 85 
61 6 149 195 67 125 99 62 116 154 93 74 167 146 160 7 
69 125 127 58 123 107 96 113 179 174 58 167 164 132 147 104 
120 83 54 111 91 97 104 195 125 88 112 146 132 182 135 91 
31 63 67 175 57 62 17 180 53 101 106 160 147 135 40 35 
104 62 42 29 177 71 178 41 67 129 85 7 104 91 35 184 