128
4 10 7 2 4 3 2 4 1 3 5 1 4 8 10 7 1 10 2 3 6 4 9 1 1 9 10 3 6 1 7 7 3 3 2 8 4 4 9 10 8 5 1 4 10 6 8 8 7 9 6 6 8 3 3 6 6 2 10 5 10 10 9 8 6 9 1 6 4 3 6 4 8 6 9 10 1 3 2 1 3 3 7 7 4 8 9 2 7 6 4 1 2 7 1 2 9 6 7 2 5 1 7 10 10 8 8 1 9 10 7 3 7 4 9 3 10 9 9 3 3 3 7 9 9 2 9 3 
6 8 1 6 9 1 8 3 10 10 9 10 1 1 7 1 2 6 3 9 2 4 5 3 10 4 4 8 8 8 6 8 6 2 10 8 10 5 1 3 5 6 7 7 9 7 2 2 5 7 6 3 1 6 10 3 4 7 4 8 3 4 7 5 5 8 10 9 1 1 7 7 2 7 3 10 3 1 10 3 5 8 10 8 1 1 8 9 2 7 3 3 1 5 3 9 5 5 8 4 3 7 8 8 9 7 7 8 8 5 10 4 8 10 1 3 6 4 2 5 5 8 3 6 1 6 1 3 
4 8 5 1 1 1 8 3 5 4 1 6 2 3 4 4 3 1 4 9 4 7 2 6 9 2 6 1 7 4 10 6 7 4 7 2 4 4 9 8 5 7 3 1 2 8 2 4 4 2 2 9 9 9 9 3 8 5 5 9 3 7 2 5 10 9 4 5 7 7 5 1 1 3 10 4 5 7 8 2 4 1 1 9 5 2 6 5 4 8 3 3 6 2 5 4 6 1 5 6 9 5 5 10 4 7 5 5 10 9 1 1 5 10 2 5 3 1 1 4 8 5 6 3 1 4 4 2 
5 5 4 10 6 10 6 6 8 8 8 8 5 8 2 5 4 1 9 1 5 10 4 3 1 8 4 7 8 7 5 3 5 6 9 7 10 7 4 2 1 4 8 10 7 4 8 3 8 4 2 2 7 10 8 2 10 7 10 6 10 7 1 10 8 10 9 4 9 10 4 9 10 10 7 6 3 9 5 6 4 3 7 4 3 5 9 7 1 4 7 9 9 9 9 10 10 5 5 9 8 4 9 5 6 9 5 4 9 2 3 8 2 1 3 1 4 4 2 9 3 6 4 3 6 2 9 8 
10 1 8 8 4 5 1 5 2 10 9 7 5 9 10 3 9 2 9 3 10 10 1 3 1 7 5 10 5 6 10 7 5 10 8 5 3 10 4 9 4 4 8 1 8 2 5 4 5 9 3 8 1 5 5 10 3 3 1 5 3 5 10 1 7 6 3 3 8 1 2 1 7 7 5 4 7 9 3 8 1 5 2 7 6 8 9 10 8 10 3 5 9 8 2 3 10 1 5 5 1 6 5 8 6 3 6 2 10 5 6 4 6 3 7 10 2 2 1 1 5 6 3 1 3 1 6 6 
2 8 7 1 4 1 1 1 2 5 8 5 3 2 9 8 8 6 6 9 10 3 8 9 8 6 7 4 4 8 1 5 3 1 1 1 9 1 4 9 1 4 9 3 5 1 3 5 9 4 4 4 9 4 5 6 7 7 2 9 6 10 10 7 2 9 1 9 4 5 5 10 4 6 1 1 9 1 8 3 4 3 4 1 3 3 8 3 7 6 8 7 6 10 6 1 6 3 2 1 5 9 10 6 4 1 2 3 9 9 8 5 6 6 1 9 3 9 6 4 1 9 3 3 6 10 4 3 
1 4 9 3 6 9 3 8 2 6 10 6 2 9 9 4 3 8 1 8 10 8 3 3 2 4 5 6 3 5 4 3 5 6 1 7 9 5 3 7 2 3 4 3 10 9 8 2 1 1 7 3 6 6 5 7 9 7 3 5 7 9 2 6 1 3 5 8 8 9 3 3 6 3 1 7 7 3 6 5 7 10 6 6 1 2 6 7 7 7 4 9 1 5 6 9 1 1 6 6 6 2 5 2 7 7 2 9 7 2 10 6 10 10 9 5 2 4 3 1 6 6 9 4 10 6 7 8 
7 7 5 5 9 3 4 2 1 3 9 9 2 2 8 8 10 1 6 4 3 5 4 9 10 1 6 4 7 10 1 10 7 5 8 6 3 9 1 7 9 7 10 9 4 4 7 5 1 5 8 1 10 4 6 4 8 10 2 9 3 9 4 5 10 6 7 7 4 7 7 1 10 3 4 6 10 10 7 9 1 4 5 1 3 8 8 9 9 10 6 10 10 5 6 10 6 9 6 8 8 6 10 9 6 1 5 6 1 3 10 8 8 7 10 7 5 9 1 10 2 5 4 6 10 10 5 8 
1 2 9 8 4 8 7 3 3 3 10 7 6 2 9 7 8 5 7 3 3 8 6 8 7 8 6 5 6 6 9 4 7 1 1 5 3 8 7 1 10 8 3 8 3 1 8 9 7 9 5 4 7 8 2 8 9 4 6 4 9 1 7 8 10 2 4 2 1 2 2 5 2 3 3 10 5 1 6 2 2 2 2 4 4 8 9 10 1 3 2 10 10 6 7 9 10 2 3 9 7 5 1 6 7 5 4 4 8 2 6 2 9 2 3 7 5 9 1 9 10 4 9 6 5 3 5 4 
3 3 5 1 2 4 1 4 6 5 5 4 4 7 6 1 8 4 6 5 8 9 10 7 4 7 5 5 9 5 10 9 7 9 7 5 7 5 7 1 2 2 1 1 3 6 6 5 6 6 5 4 4 5 3 5 9 3 6 1 3 10 4 4 5 1 9 1 3 5 6 5 8 9 2 6 4 7 8 6 5 6 1 6 9 3 6 4 7 2 2 3 1 10 4 3 8 10 5 5 4 8 1 6 7 4 1 1 4 10 9 10 4 3 3 3 8 1 2 3 4 6 10 6 10 5 6 7 
3 2 7 2 7 3 9 2 6 9 1 2 10 6 9 2 7 6 1 7 6 5 4 5 1 2 9 6 2 5 4 1 7 7 4 9 2 5 6 6 6 9 7 10 10 4 9 6 7 6 6 1 5 10 6 3 3 6 10 2 1 10 3 6 10 4 1 10 3 8 7 2 5 8 10 9 4 6 1 9 1 6 5 8 1 9 10 4 6 4 8 7 1 3 6 2 2 7 7 3 9 8 1 2 8 6 3 5 1 9 9 7 5 5 1 5 6 5 9 2 10 6 2 9 3 8 10 4 
8 3 5 10 4 10 10 8 9 9 3 6 8 5 10 6 3 9 9 7 10 3 2 6 2 3 9 10 10 3 8 7 3 6 1 10 8 7 4 5 2 2 8 2 10 4 10 10 7 9 7 7 1 6 6 1 6 2 10 8 3 4 5 5 6 10 10 9 3 3 6 10 4 1 10 4 7 3 1 6 6 6 7 1 4 7 10 1 3 6 3 4 9 4 6 9 3 1 5 4 5 5 9 5 5 4 1 4 1 5 1 3 9 2 8 3 5 7 8 3 8 1 10 7 7 9 2 7 
2 6 1 10 1 10 5 5 5 10 2 9 8 7 10 4 5 4 6 5 4 7 2 1 8 9 6 3 5 4 6 3 4 10 4 2 6 3 8 6 6 7 1 8 4 10 8 4 1 5 8 6 3 3 7 10 8 7 6 5 3 1 10 3 6 7 7 4 2 9 8 4 1 1 9 5 7 1 8 3 4 7 4 6 9 8 7 2 8 1 9 10 5 2 8 2 10 4 3 2 1 10 9 8 3 6 9 10 1 2 2 10 10 9 6 1 1 8 4 4 2 1 10 7 2 4 2 8 
10 7 10 5 8 7 8 3 10 7 3 4 1 3 2 2 1 8 5 10 5 8 8 8 8 1 7 9 6 2 7 7 9 7 8 6 6 10 7 10 6 8 9 6 2 10 6 9 2 8 9 3 2 1 7 4 6 3 5 1 8 8 9 9 10 5 3 8 8 9 9 10 5 2 5 6 4 5 5 1 1 5 8 5 2 7 9 8 6 3 3 6 2 4 4 9 1 6 7 8 9 1 5 5 5 4 8 5 4 5 9 7 3 3 4 5 3 10 3 1 1 6 8 8 6 3 9 5 
6 5 9 2 8 1 8 9 7 8 6 1 6 6 7 7 6 3 9 2 6 2 4 3 9 10 10 6 2 1 8 7 4 8 8 9 6 8 7 6 6 3 9 9 10 7 2 4 2 1 9 7 7 6 1 9 10 5 2 9 6 9 3 9 2 2 1 4 1 3 8 4 5 10 7 9 4 1 4 8 8 2 7 10 8 4 2 4 4 10 5 1 9 3 7 6 8 9 8 9 2 4 4 3 7 8 10 10 7 9 8 8 4 2 4 3 2 3 3 1 9 7 6 3 4 6 10 10 
4 1 2 6 5 5 7 5 4 2 5 2 1 7 5 1 5 1 10 10 1 3 5 8 8 1 8 2 6 1 7 10 9 7 7 4 7 8 5 10 3 7 9 5 8 4 9 9 8 8 1 7 1 1 7 4 3 4 1 2 9 3 1 2 5 2 3 4 6 5 6 10 7 3 4 6 10 8 4 10 3 1 1 1 7 6 4 2 1 1 6 5 7 2 4 9 8 2 7 8 3 3 10 2 9 3 10 6 1 7 7 4 3 7 3 1 1 4 5 3 8 1 5 4 3 1 10 9 
3 7 8 8 7 5 8 6 8 8 2 4 8 10 4 6 2 10 1 1 8 8 6 8 9 7 5 2 10 2 1 1 6 9 8 5 8 8 7 9 8 8 5 6 7 2 7 7 9 6 9 3 4 5 1 10 7 10 10 2 5 7 3 7 1 2 4 3 8 2 5 10 7 7 10 4 1 6 1 10 9 5 6 6 4 10 3 3 10 10 7 3 5 9 8 5 1 4 9 10 7 6 6 10 7 2 7 7 9 9 1 8 5 3 8 5 3 1 2 9 9 10 3 10 10 8 6 6 
3 5 6 1 7 10 4 6 8 2 4 9 3 4 7 9 9 6 1 3 5 9 5 5 5 9 4 4 5 10 10 8 6 3 2 10 8 5 4 1 7 4 3 4 3 4 3 1 6 10 10 5 6 3 8 9 3 5 1 6 4 2 1 1 1 5 2 2 8 3 9 3 7 6 2 8 7 9 6 1 2 8 5 6 10 9 5 4 9 8 4 2 3 10 10 9 2 3 6 10 2 1 7 6 5 6 6 6 1 3 7 10 6 7 6 8 6 3 7 9 3 8 6 9 5 4 1 8 
7 9 1 6 10 6 4 1 3 10 8 8 2 4 4 7 6 8 9 3 2 10 5 6 3 4 9 6 8 5 6 8 7 10 8 10 3 10 7 4 5 9 4 9 4 1 6 9 8 7 7 8 10 5 10 2 9 9 6 3 6 8 8 3 10 6 2 5 7 2 7 7 6 8 4 9 9 7 1 10 6 3 7 7 7 8 5 6 8 2 7 5 7 3 2 5 4 2 3 4 6 4 6 6 10 4 8 4 9 8 8 1 9 2 9 7 3 8 2 7 6 7 1 9 10 5 8 3 
5 5 2 9 4 7 3 6 2 3 1 8 4 3 3 10 8 9 8 5 1 7 3 1 7 9 7 9 6 8 10 8 8 4 7 1 3 3 1 1 3 2 4 9 1 7 1 1 9 2 9 1 1 5 1 4 5 2 10 9 8 6 6 4 6 7 6 9 6 10 3 6 6 3 3 10 4 9 6 3 7 8 9 8 1 9 1 5 4 5 6 1 8 3 4 2 2 4 7 2 4 8 7 4 1 9 6 4 7 6 4 4 9 1 6 10 4 2 1 7 6 9 5 1 7 2 2 5 
8 9 3 9 4 2 7 4 1 3 9 6 5 4 7 8 8 8 6 1 1 9 4 6 9 9 3 3 2 5 7 4 9 6 2 4 3 10 4 9 1 6 2 10 5 6 1 6 10 10 7 3 8 10 5 9 1 9 5 3 8 10 10 2 1 5 6 1 3 4 5 2 9 3 9 10 3 4 3 2 9 8 6 5 1 1 3 8 10 4 7 6 5 5 9 5 1 3 3 7 2 3 3 6 6 2 3 9 2 5 2 2 1 5 8 7 3 5 9 4 4 9 5 2 4 4 9 10 
2 10 9 6 6 8 1 5 6 10 8 1 2 9 4 8 8 5 9 7 10 5 9 5 2 8 10 10 5 9 3 10 9 7 10 3 8 7 3 10 10 5 8 5 6 4 7 4 5 2 7 3 2 5 5 2 5 2 9 5 3 3 6 4 9 2 3 4 4 8 3 5 10 10 7 8 9 10 8 7 4 9 7 2 6 2 9 10 7 6 1 10 3 10 8 7 10 3 6 3 1 3 2 9 5 10 9 10 6 2 4 2 9 6 8 6 8 8 7 4 1 5 6 6 3 8 7 5 
4 4 2 8 7 2 6 8 3 4 9 10 3 9 7 6 6 5 1 2 1 9 3 5 1 1 3 5 7 4 10 6 7 8 5 2 3 8 9 5 9 3 2 2 2 7 8 7 2 2 3 1 9 8 1 7 3 5 10 9 7 5 4 8 1 10 10 7 6 10 10 10 3 7 3 2 10 6 1 5 9 1 4 2 10 3 3 2 8 10 5 2 2 9 5 3 10 3 9 7 1 4 9 6 4 6 5 3 10 4 9 9 10 5 1 1 4 4 5 2 10 7 10 10 9 5 8 10 
7 3 6 4 9 3 2 8 3 6 8 3 3 3 3 6 8 7 10 1 2 4 4 3 8 10 1 6 6 3 8 3 3 7 4 2 3 9 9 8 8 7 7 5 6 8 8 6 8 5 7 1 3 5 5 4 6 8 7 4 1 3 6 9 6 2 10 8 5 9 6 2 10 1 7 7 9 2 3 2 6 6 4 8 3 6 1 8 4 8 5 2 2 2 4 10 1 8 3 7 1 7 2 3 9 9 8 5 7 1 10 5 8 8 4 5 9 3 3 10 4 9 7 9 7 9 4 1 
5 8 5 10 7 6 1 6 4 2 10 10 2 6 1 2 6 7 5 7 8 8 9 1 2 1 9 4 7 8 1 1 4 5 10 10 6 6 5 3 7 4 7 8 1 10 3 2 5 9 8 9 10 5 3 6 10 9 4 2 5 6 8 10 3 9 9 5 4 2 1 5 6 5 1 6 6 7 2 10 6 10 1 4 2 1 9 10 7 7 2 5 4 9 4 8 1 4 10 9 3 9 6 2 8 1 2 5 9 10 4 6 3 5 7 2 10 2 8 3 8 7 9 8 1 7 2 4 
3 3 8 6 4 10 9 9 6 3 7 3 10 4 1 7 3 7 1 4 10 2 2 4 7 9 1 7 1 9 5 7 4 3 10 6 3 7 9 3 1 7 1 6 8 2 2 8 10 1 2 6 9 2 3 8 9 6 2 2 3 1 5 10 5 3 5 1 3 2 6 4 6 10 5 6 8 1 10 8 6 8 9 9 1 4 8 1 8 2 7 9 1 8 4 2 10 8 9 3 2 10 5 9 1 8 7 1 5 5 3 8 8 1 3 8 8 4 1 6 1 1 5 9 8 1 6 4 
2 7 5 4 6 2 6 1 3 5 8 6 3 1 7 2 9 3 3 7 10 5 4 8 9 2 9 8 5 2 6 4 4 10 2 8 9 1 2 8 4 10 1 3 7 5 4 8 9 1 1 9 10 1 1 3 9 10 4 6 9 2 10 10 1 5 3 9 5 8 2 6 8 2 7 10 9 9 9 8 8 8 4 10 9 7 8 10 8 1 7 7 9 7 10 10 9 6 10 5 10 8 9 10 5 6 4 2 5 7 7 4 4 5 7 3 2 5 9 8 6 1 5 2 3 1 10 4 
10 2 9 2 1 2 5 10 1 7 7 8 7 1 8 10 9 1 5 9 8 6 2 3 5 10 10 1 5 1 7 2 7 4 2 5 1 1 8 3 10 8 2 1 8 8 8 7 10 2 7 9 10 10 8 2 8 8 6 10 9 2 3 10 2 10 7 3 8 8 8 6 5 1 10 4 1 7 1 8 1 8 6 7 6 9 1 10 10 7 9 7 8 2 6 3 5 9 8 5 1 2 10 6 1 5 8 4 4 5 8 4 10 7 8 8 6 4 8 5 5 7 10 9 3 8 7 7 
2 10 4 7 10 2 7 3 2 10 7 8 4 10 5 2 1 1 8 2 5 5 3 7 5 3 9 5 7 2 9 8 8 1 8 7 4 9 3 8 8 3 8 10 8 2 6 2 1 3 1 10 5 3 2 9 5 5 2 6 6 5 8 6 10 4 6 2 5 5 8 8 4 2 10 7 10 4 2 2 2 7 4 5 6 6 3 6 5 7 5 10 1 6 4 9 5 9 9 10 3 8 6 5 1 8 5 4 7 7 8 3 1 3 2 3 6 3 3 8 2 4 10 2 1 6 10 3 
4 5 9 9 2 4 4 2 5 4 8 2 4 8 6 2 9 6 3 5 7 5 3 3 7 7 6 6 10 6 5 9 5 7 1 5 8 1 9 5 1 4 5 8 9 3 9 1 6 5 6 5 3 6 1 1 9 2 7 6 3 1 9 10 10 10 6 1 6 8 4 9 2 1 1 4 6 9 6 7 10 8 9 3 6 9 8 8 8 6 9 9 1 7 8 5 6 10 1 6 9 8 5 4 5 9 9 9 2 7 4 4 7 3 6 10 7 1 7 8 5 9 9 5 2 2 8 10 
6 9 7 1 3 6 9 9 8 3 4 10 6 1 4 5 7 6 2 9 7 4 8 2 7 6 10 4 5 10 7 10 6 10 5 1 3 3 8 9 5 6 9 8 7 7 6 5 1 1 1 5 1 1 3 3 7 4 1 9 1 2 7 5 4 10 7 5 1 9 9 1 4 5 4 9 10 7 9 6 2 10 1 7 6 3 7 4 9 9 9 4 6 4 9 7 7 1 4 8 4 1 4 3 1 2 7 9 4 4 3 5 6 3 1 3 1 1 2 1 3 2 3 10 9 6 6 5 
10 1 3 5 6 10 9 3 6 5 9 6 3 6 10 5 10 8 1 3 6 1 6 5 1 6 1 8 7 4 7 3 4 8 3 6 4 10 2 9 3 4 2 10 6 8 5 10 8 10 6 1 8 2 4 1 3 8 1 7 4 6 10 9 9 7 10 2 8 8 2 1 9 4 2 5 2 9 4 8 8 3 5 3 7 1 5 7 1 5 7 5 8 10 2 4 10 4 3 7 9 8 2 3 4 7 1 6 8 5 1 3 10 3 1 4 7 2 10 8 8 7 8 7 7 6 10 1 
2 4 4 6 2 6 5 6 9 7 4 8 2 5 1 7 5 1 7 7 1 2 8 1 3 7 1 8 7 2 7 10 4 2 3 6 3 5 4 6 1 6 10 5 5 7 7 10 5 8 10 8 2 10 1 1 4 3 1 10 7 3 9 1 5 3 9 8 5 6 5 5 10 7 6 8 10 1 5 7 1 4 2 10 9 10 7 1 10 9 7 8 3 5 8 3 5 7 8 2 6 2 9 4 7 4 7 1 7 3 10 10 9 8 9 8 4 6 7 6 1 2 2 3 8 1 9 8 
8 9 10 5 9 1 1 2 10 1 7 6 3 8 10 7 3 2 4 5 10 7 9 3 6 8 2 9 3 1 1 2 6 2 1 7 7 2 8 2 3 2 4 3 9 4 5 7 4 9 8 4 6 7 4 5 6 8 6 3 10 2 1 10 8 9 10 1 4 1 3 4 7 10 5 6 5 8 2 8 3 10 10 8 6 10 7 6 10 10 4 9 7 9 7 9 3 9 8 6 9 6 1 2 9 9 10 5 4 5 7 6 9 3 2 9 3 7 2 9 4 4 2 4 9 1 10 7 
5 10 9 3 7 7 4 2 1 1 4 10 8 9 6 7 6 9 9 1 7 10 1 8 4 2 7 3 3 9 1 9 5 7 10 9 2 10 3 9 2 6 7 2 10 10 6 3 6 6 6 6 10 9 9 9 10 7 4 8 5 10 2 4 1 8 5 9 7 4 7 1 9 7 8 10 4 9 1 7 7 5 1 5 2 6 1 4 6 7 3 3 4 8 3 10 3 1 3 10 10 7 4 6 8 1 7 10 3 9 2 1 1 7 10 3 1 7 5 7 1 9 5 4 6 7 3 3 
1 6 9 9 1 1 4 3 10 5 3 1 10 1 9 10 7 6 10 7 8 8 2 8 10 1 10 1 6 8 2 6 10 4 1 3 6 8 8 3 7 8 1 3 3 6 7 6 9 3 2 6 6 2 5 5 3 1 9 4 1 3 1 9 9 5 5 7 4 4 8 3 1 5 10 5 8 1 3 1 7 8 3 7 3 6 6 9 10 5 10 8 2 4 6 4 8 9 7 9 6 8 3 1 3 4 9 4 9 3 9 2 1 10 4 4 6 2 6 8 3 7 6 1 3 8 6 1 
8 7 4 5 6 9 5 10 10 10 8 7 5 9 9 9 10 3 2 1 1 4 3 4 4 10 6 4 1 3 6 8 6 9 2 10 8 6 9 7 5 10 5 2 6 5 1 2 3 7 7 1 8 1 5 5 4 6 4 7 4 8 2 4 1 7 8 7 10 5 6 2 4 1 2 2 7 6 3 4 2 10 9 4 2 5 1 1 4 8 10 10 2 9 5 6 2 10 1 3 8 9 6 8 9 3 9 9 9 9 10 1 7 1 2 4 5 2 2 8 9 2 9 2 10 5 5 4 
10 4 8 10 4 9 5 3 6 2 2 1 4 9 2 4 5 4 1 3 10 7 6 9 6 2 5 5 3 5 7 7 5 4 10 7 10 2 7 9 5 6 10 7 6 1 7 9 6 5 2 10 4 1 4 3 10 10 1 5 10 10 5 3 10 5 5 3 5 6 8 2 2 5 10 6 7 8 1 10 2 9 5 9 4 1 10 2 8 10 9 7 8 7 10 1 4 6 1 7 5 5 1 1 5 5 8 3 3 10 4 4 5 9 4 10 4 9 6 5 3 8 1 1 1 5 9 4 
1 3 10 8 10 9 1 3 6 7 10 8 1 10 10 3 3 1 8 2 4 7 5 10 4 4 7 3 6 8 1 9 6 1 8 2 8 1 5 7 10 10 10 8 6 2 4 5 5 1 3 10 3 10 6 7 1 5 6 9 10 4 9 1 7 2 4 1 4 10 1 2 9 5 3 10 3 4 10 5 5 2 4 7 6 5 8 4 8 7 10 7 1 7 8 2 3 5 6 3 7 2 8 2 4 4 7 8 2 4 9 3 1 6 1 3 10 5 3 6 7 8 5 8 9 10 6 1 
5 10 9 4 7 1 7 8 8 4 7 9 4 10 8 6 5 2 6 4 9 8 9 6 3 1 9 6 9 7 9 9 1 9 10 4 9 2 7 1 1 4 7 4 10 10 8 7 10 6 5 10 9 6 6 10 9 1 5 3 3 9 9 8 8 10 9 10 1 5 6 5 2 3 8 6 3 4 10 5 6 10 6 8 8 2 6 3 10 10 7 5 1 1 6 5 3 1 2 10 5 9 9 5 3 3 6 1 8 8 10 10 8 4 10 7 8 8 8 7 6 5 8 4 2 7 2 7 
7 8 9 4 10 4 10 6 7 8 6 9 7 1 8 4 10 5 2 6 2 5 7 9 1 6 2 3 1 9 1 7 8 1 10 9 5 10 3 10 5 4 3 4 1 4 10 5 8 5 2 3 4 2 3 9 2 6 4 4 8 4 3 8 8 5 5 3 3 1 6 5 1 2 5 1 6 1 10 8 6 7 8 7 3 4 8 8 3 1 7 7 10 5 7 7 6 3 9 2 5 10 3 3 3 2 9 3 5 7 3 5 8 4 7 5 2 9 8 5 9 6 2 7 8 2 10 2 
10 8 6 8 7 4 6 2 8 2 8 3 9 6 7 7 4 8 1 4 7 7 8 3 4 10 10 7 8 8 3 10 8 10 1 9 7 7 5 2 3 10 1 1 10 5 4 2 2 8 2 1 6 2 7 5 1 1 8 6 8 8 8 8 8 10 6 6 6 3 1 2 9 3 5 6 2 9 7 10 8 1 3 1 8 8 2 1 3 5 8 6 7 3 6 7 4 1 1 6 9 6 7 6 3 7 6 6 10 9 4 6 9 5 7 2 6 9 1 3 2 7 5 10 10 6 3 8 
4 10 2 9 2 5 4 9 2 6 5 6 4 2 6 1 1 8 7 9 10 1 9 6 7 9 8 1 3 7 1 5 4 8 6 7 2 5 8 9 10 2 5 9 8 1 10 9 3 7 10 9 8 1 9 7 8 8 3 8 4 2 10 2 6 6 4 3 4 7 1 2 8 1 10 4 5 6 9 6 9 5 5 8 7 7 9 9 1 3 2 10 8 4 5 5 6 4 8 4 4 4 3 1 4 10 8 3 8 8 3 5 7 5 8 3 6 1 3 3 4 9 6 7 3 1 8 10 
1 5 6 9 3 3 3 4 10 1 8 10 1 8 3 10 10 4 9 7 8 2 4 2 6 6 5 1 5 9 2 6 4 4 4 2 4 2 9 2 10 2 5 3 5 2 7 3 5 2 3 8 9 1 7 7 3 2 6 8 9 5 1 7 9 5 8 6 8 8 6 3 7 10 3 5 1 8 9 1 10 6 7 9 3 8 2 9 7 10 5 8 5 3 8 9 4 5 5 7 4 5 5 8 7 6 2 4 6 9 9 10 5 1 6 5 10 9 2 6 5 6 7 3 7 3 7 1 
7 7 5 9 3 10 9 8 7 1 5 7 2 7 5 5 5 9 7 5 8 1 7 7 8 2 7 6 2 6 1 4 4 1 3 3 5 6 10 2 3 7 5 2 3 9 1 3 10 2 9 5 1 5 10 1 9 1 9 7 1 2 3 6 7 2 8 5 7 9 10 5 1 2 5 2 3 1 10 2 6 2 1 1 5 6 1 3 2 6 1 10 4 3 5 7 4 10 6 6 7 1 5 9 1 7 3 8 1 10 10 9 7 4 3 8 1 2 3 7 1 3 4 1 10 8 2 1 
6 8 7 1 1 3 1 3 6 4 2 3 4 6 10 8 8 7 6 4 4 2 9 9 3 6 9 4 4 9 9 2 3 9 5 5 2 8 7 2 5 10 7 5 2 6 6 4 10 10 1 4 8 2 8 1 3 4 2 3 10 2 10 4 1 9 10 7 2 8 9 5 2 4 7 8 4 8 2 9 9 10 3 1 9 7 2 3 5 4 3 2 5 5 7 3 2 8 4 3 7 4 6 4 4 6 9 2 7 5 8 7 6 5 9 4 8 10 8 3 3 10 4 6 1 8 7 2 
10 7 2 4 4 5 6 10 1 10 7 1 8 3 8 6 2 1 3 8 3 9 3 4 1 8 7 7 5 1 10 2 6 3 2 2 3 5 8 4 6 4 6 6 4 2 4 10 4 4 10 1 7 2 4 7 1 3 4 4 2 6 5 5 9 2 2 5 9 7 7 2 5 8 1 7 1 2 10 3 7 7 5 10 9 9 9 10 8 3 5 1 10 3 6 1 5 5 5 10 7 3 1 8 2 7 2 5 1 9 1 2 10 5 5 9 7 8 10 4 7 4 2 6 4 3 10 7 
10 8 10 7 7 7 5 5 6 6 8 8 8 5 8 7 6 4 4 6 9 1 8 8 10 8 7 8 2 10 1 2 2 6 1 2 6 5 1 3 8 4 2 4 4 6 6 4 3 5 4 3 4 2 2 3 5 3 6 9 8 5 9 3 9 5 5 1 10 9 8 5 2 1 8 4 10 1 2 4 4 1 2 6 9 2 2 6 2 9 2 6 6 1 6 9 5 5 4 1 5 8 5 2 3 9 3 9 9 3 6 5 8 8 5 4 10 4 5 5 2 8 3 7 6 10 5 9 
7 1 1 6 1 1 6 8 10 9 10 5 1 9 3 1 2 7 9 9 3 7 3 10 9 8 9 1 7 10 1 9 5 2 10 7 8 1 6 5 10 6 3 2 5 5 9 1 10 5 8 6 6 4 6 5 1 4 10 2 2 8 4 6 7 1 1 2 5 5 7 3 5 2 5 10 8 2 4 7 6 1 9 6 3 7 3 1 9 6 1 6 8 1 4 2 9 2 7 6 2 6 7 4 1 7 8 6 10 2 3 5 8 10 2 2 4 7 4 3 1 3 8 2 7 10 1 10 
9 6 7 7 2 1 2 9 7 6 2 2 3 6 6 9 6 6 9 7 10 1 5 9 5 7 2 8 9 3 3 5 4 3 9 1 9 1 7 5 2 6 9 8 4 9 2 10 5 8 9 9 10 5 2 7 5 2 2 2 1 5 7 9 2 7 8 1 7 8 5 10 3 8 9 9 10 5 9 7 1 7 5 8 5 5 10 1 7 4 5 10 4 6 3 1 7 1 7 6 7 1 7 2 2 7 3 9 4 7 8 6 7 4 9 6 5 5 9 9 9 10 2 6 3 1 5 2 
5 8 2 3 3 9 7 5 1 2 4 1 1 2 10 1 1 8 8 2 4 7 8 9 9 3 7 9 7 9 8 1 9 8 3 9 8 5 3 2 4 6 6 9 8 3 5 10 1 6 4 2 8 2 9 2 7 6 10 5 6 8 1 8 10 5 5 7 5 7 2 5 9 1 1 1 3 8 1 6 2 8 9 4 6 10 1 6 6 8 8 9 2 3 6 5 10 6 1 7 3 10 1 2 5 8 6 7 7 10 3 2 5 6 7 1 5 5 10 6 9 5 5 4 1 6 5 1 
6 5 1 4 9 3 4 4 5 3 5 8 5 4 5 7 9 8 9 3 10 4 2 4 4 9 5 10 5 4 7 10 1 3 3 6 10 6 10 7 7 7 4 1 10 7 6 5 4 4 10 9 5 9 2 2 2 7 3 5 5 10 3 2 3 8 1 6 10 1 3 6 4 4 4 10 7 3 4 8 2 7 2 3 10 10 4 2 10 8 7 9 6 7 6 5 9 4 6 7 6 1 4 9 3 3 10 10 8 6 10 6 7 4 10 8 10 8 2 4 7 4 6 3 5 1 8 2 
9 8 7 6 8 3 4 2 7 3 3 5 6 4 6 6 5 6 4 10 3 8 7 8 3 8 4 8 6 4 3 9 7 6 6 8 6 5 8 2 10 5 5 8 3 1 9 4 7 4 7 8 3 3 9 7 7 2 8 8 7 6 5 10 2 9 7 10 2 6 8 3 6 5 9 5 7 3 9 3 10 3 9 5 2 3 6 1 6 8 1 6 6 10 4 10 9 10 8 3 8 5 7 2 4 8 4 3 4 5 5 8 4 3 2 2 9 7 5 7 2 4 4 10 7 10 4 2 
7 6 4 5 9 1 5 1 10 8 4 1 6 4 6 4 7 10 5 3 1 5 3 4 9 1 10 8 9 5 6 5 5 3 10 8 6 6 10 5 8 1 6 10 9 8 3 8 1 3 7 2 4 4 2 5 3 6 3 10 7 3 3 7 9 9 10 7 2 4 6 9 3 8 1 1 10 2 10 7 3 4 6 1 10 2 8 10 7 9 3 3 5 3 2 7 3 6 8 5 10 7 7 5 10 3 8 6 9 8 3 10 10 9 3 10 4 8 5 10 4 6 6 7 8 4 5 10 
3 3 6 8 9 3 1 8 4 8 5 10 1 4 10 10 5 1 6 6 2 4 3 1 3 3 9 10 10 9 10 2 1 6 2 1 7 9 2 3 4 3 1 2 5 5 8 7 1 10 4 1 5 3 8 7 6 7 4 4 3 6 1 8 9 2 1 4 6 10 1 5 9 7 10 5 2 2 9 6 4 4 4 8 9 9 5 4 10 6 3 2 9 8 8 9 5 5 6 10 4 3 9 1 4 10 5 4 7 1 6 2 7 4 3 1 4 8 1 4 10 3 5 3 2 7 3 10 
9 1 10 8 4 10 6 8 1 5 9 5 3 6 7 3 9 6 9 6 10 7 9 8 8 10 7 6 3 5 10 1 2 4 1 4 5 8 5 3 5 8 10 1 8 2 10 10 9 3 9 9 8 7 4 4 6 7 1 9 1 5 10 10 4 7 10 1 2 10 1 9 9 2 4 1 2 3 7 4 4 4 5 7 8 3 1 6 4 4 6 10 8 2 10 9 4 4 8 4 8 8 10 7 8 5 5 3 3 8 2 7 4 4 8 7 5 7 10 10 5 2 9 4 5 3 8 7 
2 9 3 7 10 9 10 1 4 7 10 1 4 4 3 3 5 9 8 5 2 9 9 6 3 4 9 10 5 8 2 1 10 9 9 1 6 9 1 2 4 7 1 10 1 3 10 7 8 4 8 8 9 10 3 6 5 2 1 6 7 1 1 2 5 2 3 1 3 9 2 2 8 9 1 9 2 9 6 1 5 1 7 7 2 4 6 5 3 5 3 8 4 8 9 3 4 7 1 4 8 10 7 7 10 6 7 9 2 2 2 10 2 9 1 7 2 10 1 4 10 9 8 3 10 9 4 9 
3 6 10 10 9 8 6 5 9 3 6 9 8 3 7 1 8 7 6 4 9 1 3 8 5 4 10 3 3 2 9 10 9 10 5 6 10 9 8 2 9 9 10 2 3 9 2 2 1 2 1 1 5 7 8 5 7 10 9 4 4 9 4 8 5 8 6 9 4 3 1 4 7 7 10 2 10 3 2 4 9 2 8 4 2 6 1 6 8 6 7 8 9 3 2 8 3 8 2 4 10 10 7 7 1 9 5 10 8 9 10 9 6 10 1 8 8 10 2 10 2 4 8 8 1 4 7 7 
7 8 5 10 4 2 8 1 4 5 6 2 9 2 8 2 4 9 3 4 10 7 6 6 10 8 5 5 6 3 2 3 6 5 8 8 6 2 10 8 8 4 3 1 4 4 1 3 10 8 4 5 5 4 4 8 2 10 4 7 4 4 7 9 1 8 5 5 3 6 5 10 4 4 8 1 1 6 3 9 4 2 5 4 4 5 6 8 6 4 4 8 7 8 8 4 9 1 2 5 4 2 8 8 8 8 5 4 5 8 2 6 2 3 1 5 1 3 6 4 3 8 6 4 5 2 9 10 
2 8 7 9 10 4 5 5 2 6 2 5 1 5 8 2 2 1 8 5 4 10 9 1 1 1 9 9 7 2 3 10 6 5 9 2 2 1 4 9 9 9 2 4 3 8 7 9 5 9 6 2 1 9 3 8 4 9 9 4 7 2 4 2 1 7 6 7 9 1 5 4 4 1 7 6 4 9 1 10 1 4 2 1 2 6 7 2 2 4 4 3 3 2 4 1 1 1 6 3 1 1 7 1 9 5 10 2 9 5 10 10 7 6 2 10 9 6 8 4 6 1 2 6 1 8 1 10 
10 3 6 1 1 7 4 2 6 10 5 9 6 4 6 5 10 5 3 8 3 10 8 5 7 6 8 3 5 3 4 2 9 6 4 9 5 6 3 9 9 8 4 1 6 4 10 9 9 4 6 7 7 9 4 3 4 8 4 4 6 1 4 9 6 4 9 10 8 5 6 7 10 5 6 9 3 6 7 3 9 5 9 7 2 8 1 10 6 8 1 6 6 8 10 3 2 1 2 7 1 7 4 2 9 5 2 10 1 8 2 4 7 10 2 3 1 2 6 5 7 4 3 1 3 5 5 10 
6 7 4 3 5 1 9 10 7 6 5 5 2 4 7 8 8 8 6 6 9 7 5 9 7 10 5 8 10 9 10 1 6 6 7 3 4 8 4 8 3 6 8 5 8 6 1 8 8 7 9 6 7 8 4 5 6 9 6 2 9 3 8 3 9 4 7 8 4 7 6 7 8 3 1 6 1 1 9 3 8 7 1 2 6 1 9 9 5 6 7 9 4 4 2 5 5 10 10 9 3 1 5 6 5 2 4 8 5 7 1 4 5 3 4 7 2 1 1 7 6 10 4 1 3 4 6 4 
3 4 7 10 7 3 5 10 2 7 10 4 8 9 5 1 4 3 2 3 6 8 9 4 7 4 1 5 6 8 10 5 3 7 5 9 5 3 4 8 3 3 1 4 1 10 10 7 7 7 10 6 5 3 6 10 8 5 3 6 3 7 10 3 3 7 9 1 3 7 8 1 5 6 10 5 2 1 8 8 4 7 1 3 1 10 10 9 10 3 4 9 9 3 3 7 6 2 7 8 3 5 3 3 10 8 6 7 1 10 5 1 7 9 2 8 2 4 8 10 5 6 7 3 10 4 7 9 
2 8 1 7 3 1 7 1 2 8 8 8 6 5 8 2 3 2 7 2 5 3 9 10 6 8 3 2 4 9 5 7 10 4 2 8 5 4 5 5 6 7 8 4 9 10 4 1 7 1 10 8 9 4 6 10 7 1 5 2 1 6 10 2 3 3 1 4 7 3 9 4 10 8 2 6 7 9 6 7 5 8 2 7 6 10 6 9 9 2 1 3 7 3 3 7 6 3 7 6 9 2 4 9 1 7 5 9 8 4 7 3 6 10 2 5 4 6 3 9 7 2 2 7 3 5 2 9 
7 4 1 6 5 9 7 2 1 5 5 9 10 8 9 2 6 8 5 7 8 7 6 5 8 9 10 5 2 6 3 10 7 4 5 2 9 4 1 6 6 8 8 3 1 8 2 5 8 9 7 6 9 7 5 1 5 4 2 4 2 1 10 2 4 2 7 10 4 7 2 10 7 5 8 2 3 6 6 8 4 9 9 7 2 6 2 9 4 3 4 10 9 5 3 8 1 4 8 6 3 4 1 10 1 3 3 2 8 8 7 10 5 9 4 7 4 7 6 9 7 9 8 8 8 1 1 3 
5 9 7 7 5 9 7 1 1 5 5 1 1 6 1 10 6 7 9 5 6 2 10 4 5 8 10 7 2 8 2 2 1 10 9 8 5 9 1 9 1 1 6 3 1 3 9 1 8 6 8 2 3 8 1 5 8 8 7 6 5 1 3 7 5 5 1 5 5 4 3 3 9 6 4 10 4 6 6 1 3 1 8 3 2 9 1 10 9 2 5 5 8 6 9 9 9 10 9 3 4 8 3 10 3 1 9 10 5 10 3 1 5 8 8 1 3 1 5 9 9 4 4 8 3 6 3 1 
4 2 9 8 7 6 9 1 2 1 1 5 4 2 10 1 7 4 2 7 2 9 3 1 2 3 7 5 5 1 5 1 2 2 3 2 1 9 7 9 6 8 5 5 6 10 10 5 3 7 6 8 9 6 9 6 5 7 7 3 2 4 9 7 7 5 9 1 5 1 10 6 9 4 2 1 8 6 5 9 8 1 6 10 9 5 9 2 1 5 8 6 5 1 8 1 5 8 7 3 3 10 2 2 10 8 1 6 5 2 8 7 4 7 4 9 4 6 3 2 5 5 9 5 2 6 1 9 
1 7 7 7 3 8 9 9 8 10 8 10 8 9 8 9 8 7 2 9 7 3 10 8 1 7 8 3 5 4 3 7 7 9 2 5 7 8 2 8 2 10 8 1 5 4 6 3 5 2 9 8 1 8 10 3 7 3 2 2 6 8 8 1 9 6 5 6 2 9 6 6 6 1 8 1 9 8 4 6 3 5 6 3 9 6 7 9 4 6 3 7 8 6 6 2 6 1 1 2 4 2 4 1 1 10 4 8 2 3 4 8 2 6 3 5 7 10 4 1 5 10 3 7 6 1 9 3 
4 3 9 3 1 8 3 3 5 6 1 2 6 4 4 7 6 6 10 8 8 6 6 10 3 1 2 9 8 9 8 9 1 2 8 2 5 7 9 5 5 8 1 4 5 7 7 1 9 6 4 5 2 8 2 3 6 9 9 4 3 6 1 3 10 1 9 3 6 8 2 3 4 5 3 8 1 7 9 7 7 2 8 3 5 2 5 1 3 7 4 9 7 10 3 3 1 6 9 7 10 1 8 2 8 8 1 7 9 10 6 10 10 4 3 2 5 7 7 9 10 10 10 8 8 2 5 6 
1 8 7 10 7 2 9 3 5 9 3 5 3 8 9 6 2 10 5 6 8 6 6 8 8 2 9 3 8 4 3 5 7 1 7 3 5 5 8 7 7 1 6 1 7 8 7 3 4 9 1 5 3 8 3 10 2 10 3 4 5 7 2 5 10 10 5 5 5 1 2 7 1 2 9 1 3 8 9 4 10 5 6 3 1 7 10 3 1 2 10 3 3 1 8 9 5 9 6 9 4 3 5 5 10 8 4 2 1 4 2 2 5 4 7 2 8 1 8 6 4 1 9 5 5 7 8 5 
8 4 4 1 2 9 6 5 8 6 5 4 7 1 1 10 8 7 1 7 4 4 4 1 7 8 6 2 1 4 2 8 3 4 9 7 3 1 10 4 4 9 7 2 10 8 1 5 9 3 4 8 5 7 7 5 4 3 10 2 10 4 4 7 6 3 7 10 6 6 3 9 9 1 10 1 3 1 1 4 10 3 4 10 4 8 10 9 3 5 9 6 10 4 4 5 8 3 7 7 10 2 3 2 2 2 6 3 10 2 4 8 5 8 10 10 7 9 1 9 10 8 9 6 3 1 9 8 
7 4 9 3 8 7 2 10 4 3 5 9 5 4 3 1 8 6 10 9 9 4 3 8 4 2 4 5 3 1 8 3 7 4 8 8 9 1 10 6 10 10 1 6 5 1 4 4 3 3 1 5 10 5 2 7 5 2 5 9 9 7 9 4 7 2 3 3 7 4 1 10 8 2 9 10 3 6 7 6 4 8 4 9 1 7 1 2 1 7 3 4 9 9 1 2 4 5 10 2 6 4 3 7 10 10 7 6 5 3 3 5 7 4 6 10 1 4 2 8 9 5 9 5 4 7 3 1 
8 7 6 5 1 5 6 7 6 10 4 2 4 9 7 10 4 6 8 5 9 3 3 1 2 10 7 4 9 8 2 3 10 2 9 9 2 9 4 4 6 10 8 8 1 2 3 9 4 1 6 6 4 1 2 1 6 1 6 4 8 8 6 10 9 1 10 1 9 4 3 1 8 10 10 1 1 10 4 10 6 4 4 4 1 5 7 9 4 3 10 3 8 9 7 4 5 7 9 9 5 4 1 1 10 2 9 9 3 1 3 2 1 5 7 9 1 7 8 9 7 8 7 2 7 8 1 3 
7 4 3 10 9 2 8 4 5 5 7 10 8 3 1 10 4 1 2 8 6 10 9 10 8 10 9 9 5 10 7 8 10 9 4 10 5 4 8 6 5 7 2 7 4 7 8 2 9 6 10 10 8 8 8 1 10 2 9 3 1 3 5 8 2 3 7 9 10 4 9 10 6 3 4 8 7 8 5 8 2 2 6 4 4 6 7 7 1 6 2 4 5 2 7 9 4 1 4 10 1 2 2 4 7 10 10 7 10 10 8 3 7 3 3 2 7 7 1 5 9 3 7 2 6 6 9 9 
8 6 4 9 4 5 5 6 3 6 9 9 5 6 2 8 7 2 5 5 2 1 9 10 2 6 9 5 9 5 8 7 6 5 3 5 1 9 1 9 7 2 10 10 7 3 9 7 3 3 6 7 9 9 4 2 1 5 6 10 7 3 8 10 1 1 2 2 10 3 6 10 7 9 1 9 3 1 3 7 4 5 5 2 8 4 2 6 5 1 4 1 1 1 10 8 8 9 5 7 7 6 9 4 6 1 1 2 3 9 4 2 10 5 4 10 3 6 4 2 4 9 3 6 3 7 5 2 
8 3 10 4 3 10 10 2 6 6 7 8 9 5 5 2 3 7 4 5 2 4 8 3 7 5 10 7 9 2 7 1 10 7 1 8 6 10 2 2 2 3 3 8 9 3 2 3 1 4 2 8 5 3 7 4 10 10 5 4 10 10 9 2 10 1 2 3 1 9 9 9 2 2 9 7 1 4 7 4 7 1 4 8 9 4 1 6 10 6 4 9 2 4 8 3 1 4 10 8 10 9 3 2 4 5 6 7 4 4 10 5 9 5 5 5 5 10 1 3 2 4 8 2 4 8 4 7 
9 3 5 6 4 6 4 8 6 10 1 3 5 2 2 10 9 5 2 7 9 10 6 4 4 1 8 3 9 2 7 1 8 6 10 2 1 3 8 2 1 1 1 8 8 4 5 8 8 10 10 6 7 7 10 4 8 3 1 5 1 1 10 9 6 6 4 8 9 7 5 10 1 3 6 3 3 9 8 8 6 10 6 6 9 3 4 9 10 4 8 1 9 8 7 8 3 1 1 8 4 5 3 2 5 10 8 3 7 5 8 3 1 7 7 5 1 4 6 6 6 2 2 1 3 4 5 9 
8 4 6 8 10 9 1 8 3 1 1 2 2 2 5 3 9 6 4 2 3 3 1 2 4 8 6 7 5 4 4 5 6 7 7 6 4 9 1 2 10 6 10 5 6 3 4 9 3 8 10 2 10 2 6 3 2 8 5 9 10 7 8 6 9 8 10 10 5 3 1 7 4 1 9 2 7 1 2 3 3 1 4 3 10 4 8 6 5 5 3 3 8 5 3 3 4 7 2 2 6 4 1 1 7 3 6 9 7 5 6 3 7 9 10 2 10 1 7 7 8 3 7 1 10 4 4 7 
4 3 4 7 9 4 1 2 4 8 2 4 8 2 10 8 10 1 5 7 2 2 3 10 2 3 8 6 6 7 6 1 10 2 7 1 3 7 2 2 9 9 1 6 4 6 10 4 4 10 10 6 1 7 6 3 4 1 2 2 1 10 1 9 10 9 6 5 10 9 9 8 2 10 5 8 7 1 8 1 5 8 9 9 10 10 4 9 4 9 9 4 1 5 7 3 7 8 2 5 6 10 3 2 5 2 1 1 9 2 4 7 4 10 2 8 6 8 6 8 4 3 2 2 4 10 2 2 
1 5 6 10 6 6 1 2 4 6 5 4 5 2 1 1 6 3 6 10 1 9 8 1 7 1 2 3 4 6 4 8 8 2 8 8 2 7 7 6 9 5 2 1 2 10 9 6 1 4 3 8 10 2 5 1 5 4 4 4 7 9 5 10 4 9 1 6 6 3 4 10 3 3 5 4 5 7 5 8 10 8 8 9 4 2 2 6 9 4 8 4 5 7 9 7 4 9 1 9 10 4 9 10 8 5 7 2 10 4 8 3 6 6 7 10 10 10 7 10 2 4 7 4 5 2 4 2 
3 6 3 8 2 3 6 8 4 8 3 5 9 7 2 7 9 8 10 3 2 3 2 3 10 3 8 10 2 4 3 10 9 2 4 2 2 10 3 8 2 10 8 8 4 5 1 8 2 10 2 5 4 7 4 5 8 5 8 9 4 9 1 5 1 10 7 2 2 4 8 10 7 5 6 1 9 4 2 2 6 7 6 10 2 4 7 10 1 5 7 1 10 6 7 3 3 5 3 7 8 5 6 2 7 8 7 1 9 3 6 2 9 4 9 7 5 3 9 1 8 6 4 9 1 1 3 10 
8 6 10 2 7 9 2 6 10 5 6 10 8 9 4 3 4 4 8 9 7 9 9 5 8 2 10 1 10 1 5 10 7 2 8 10 10 8 7 7 8 2 6 9 2 7 7 8 8 3 10 3 10 7 6 9 9 2 1 7 6 5 8 10 10 9 1 9 7 10 6 3 9 8 2 4 3 2 6 2 5 7 7 10 2 7 6 1 8 6 8 8 5 3 3 7 7 9 10 9 6 1 8 4 7 4 3 6 3 9 8 9 10 10 4 3 5 5 10 2 7 10 3 1 8 9 9 2 
7 5 2 1 9 10 1 8 2 2 10 8 6 1 6 4 2 3 7 7 3 7 5 6 3 2 6 8 3 5 7 6 9 9 3 1 10 5 3 9 9 6 6 8 5 5 6 7 9 3 9 3 9 7 5 6 4 10 4 6 7 9 2 9 4 6 7 6 6 10 8 10 7 7 5 7 2 5 9 9 10 9 1 10 2 9 3 9 10 3 3 8 4 5 1 3 8 6 2 5 1 2 9 1 4 10 1 2 7 6 6 6 1 5 3 5 9 3 3 2 5 6 2 10 9 3 3 10 
4 10 4 8 7 1 4 9 3 2 1 9 6 2 10 9 4 8 9 8 1 10 3 4 10 9 8 3 8 4 6 1 6 3 3 10 2 4 4 6 6 8 10 7 3 6 5 6 5 7 1 3 7 10 5 8 9 8 1 4 3 4 1 6 6 10 1 9 2 3 9 5 2 5 6 1 10 6 2 9 1 7 6 1 2 8 8 3 7 4 10 9 9 8 8 7 10 8 8 1 10 8 10 1 8 3 9 5 2 1 1 9 9 3 3 9 1 7 7 2 4 7 2 2 10 9 10 5 
7 2 7 2 1 2 6 6 9 4 6 8 3 2 4 8 1 9 6 9 6 2 6 3 9 5 10 10 4 6 8 4 10 5 6 7 2 8 3 2 4 2 2 9 8 9 9 5 9 5 7 8 7 1 9 3 10 3 6 1 9 9 4 6 5 7 8 5 4 10 9 7 1 5 8 2 6 3 1 3 9 2 5 8 5 1 8 10 6 2 9 9 6 5 9 7 6 1 5 3 3 8 2 1 10 3 10 3 2 10 1 5 9 1 9 4 4 3 2 4 8 7 8 7 4 3 10 10 
6 5 6 4 6 3 8 4 7 5 9 6 7 7 1 7 1 8 2 7 6 5 5 7 2 2 8 2 5 2 8 4 2 1 6 10 5 8 2 3 4 6 3 8 3 4 5 6 6 5 5 1 7 10 4 4 9 4 7 8 6 5 3 9 8 3 10 4 4 6 5 10 1 5 3 9 6 2 1 7 9 6 1 9 4 2 9 2 7 1 5 1 2 4 3 6 7 6 8 9 10 8 5 2 1 2 3 8 7 6 3 7 8 10 6 1 1 6 7 6 5 5 1 4 6 10 6 7 
4 8 7 10 2 4 9 1 2 8 4 7 10 2 8 6 10 2 1 4 5 9 2 10 5 8 8 1 1 3 10 8 1 3 5 2 8 4 5 7 1 2 6 8 6 3 7 8 6 5 7 8 1 6 6 9 8 3 8 1 7 7 9 7 10 2 2 9 10 9 6 3 9 7 4 8 5 6 9 6 4 4 9 7 4 9 1 5 6 3 4 9 1 6 4 9 7 4 6 5 1 2 4 10 8 9 6 9 7 8 8 10 8 3 2 9 10 1 4 10 5 4 1 4 8 9 9 5 
4 8 7 7 4 2 6 2 10 9 8 5 5 7 1 7 7 10 5 10 7 9 1 3 7 3 1 5 7 4 1 3 4 7 7 3 8 6 7 6 9 1 10 7 2 1 2 2 3 7 3 9 2 1 8 10 2 8 7 4 10 10 1 4 6 9 1 3 8 9 9 2 7 8 9 8 5 1 4 8 2 2 7 8 3 5 6 5 10 3 2 6 2 6 7 8 8 2 5 7 5 10 10 5 7 3 1 5 10 8 1 8 1 9 5 9 7 7 7 4 8 2 1 4 10 2 9 4 
8 5 9 10 6 9 3 3 3 3 7 6 7 1 9 9 8 3 3 7 2 5 1 5 8 8 10 5 2 5 10 10 1 9 3 4 9 8 6 2 2 10 2 1 2 4 2 5 9 9 8 7 9 4 8 4 6 2 9 5 2 4 9 7 1 1 4 10 2 8 5 7 2 9 9 4 7 6 8 10 6 1 10 6 2 1 3 9 9 4 5 8 9 6 10 1 8 3 8 2 6 6 4 9 10 9 2 10 2 3 8 5 8 1 3 1 4 10 3 4 3 7 7 9 1 1 4 3 
8 7 5 7 6 9 9 7 1 1 4 6 5 4 9 7 4 4 8 4 5 5 6 5 6 2 1 4 2 7 5 5 5 6 1 1 4 5 6 3 1 9 10 9 10 10 8 2 8 5 10 7 2 6 10 7 3 6 2 7 3 9 7 8 9 7 1 9 9 6 4 2 8 4 6 7 8 6 6 7 4 2 4 8 2 9 10 2 3 3 4 6 1 4 2 9 5 9 9 1 1 10 1 4 1 10 7 1 7 5 6 9 6 5 3 5 4 5 1 3 1 1 2 5 2 8 8 4 
10 7 2 5 1 9 10 7 3 2 6 5 10 8 6 6 9 4 9 1 4 4 6 8 5 4 10 2 1 2 7 5 6 2 1 10 6 9 7 10 10 4 4 10 5 8 10 9 8 1 9 6 8 3 9 8 9 8 2 4 4 9 5 3 9 6 7 8 9 2 2 9 8 7 3 10 9 8 9 10 10 9 9 10 10 3 10 9 5 2 1 2 1 4 10 1 6 5 7 10 4 6 10 2 2 4 10 2 9 2 1 9 5 3 1 6 8 8 8 4 7 4 7 1 8 7 10 8 
1 6 4 7 2 6 1 8 3 3 7 3 4 3 1 10 5 8 6 2 2 1 9 10 3 6 1 9 9 4 10 4 10 3 5 4 4 6 7 3 8 4 7 3 4 3 2 7 9 2 3 7 4 2 10 9 1 1 10 8 5 4 8 6 3 3 1 6 10 10 4 3 5 8 4 8 1 2 10 3 9 7 9 1 5 3 2 5 2 10 3 1 6 5 6 9 6 7 1 9 1 10 1 5 7 4 6 10 4 2 3 2 4 2 6 9 3 10 7 10 6 9 6 1 7 8 9 2 
2 8 10 2 7 10 1 7 8 5 6 6 8 4 8 3 6 9 6 2 9 5 9 10 8 10 3 6 1 1 1 3 7 5 8 9 10 6 9 4 10 4 8 3 8 2 5 1 2 6 6 7 9 9 6 7 1 4 7 9 7 4 6 1 10 2 3 8 2 6 9 4 3 9 2 8 3 6 6 7 9 7 3 1 3 6 7 3 10 6 6 9 2 8 3 3 1 8 7 4 9 3 8 1 6 6 3 3 7 8 5 3 3 7 9 6 8 2 7 7 8 10 9 1 9 8 2 2 
2 5 10 10 9 10 8 4 10 3 5 5 1 7 9 9 10 7 1 4 7 9 9 4 5 8 3 4 4 8 1 2 10 2 4 5 7 3 2 7 10 10 6 1 6 4 5 10 6 1 1 1 4 5 3 7 5 7 1 4 2 7 1 6 1 10 5 9 8 1 3 5 3 8 2 2 10 5 9 8 6 5 9 8 10 9 10 6 8 5 6 8 5 9 1 2 4 9 6 9 7 3 5 4 6 5 2 4 3 3 5 1 10 4 10 1 9 5 1 9 8 5 7 5 10 5 4 5 
7 6 3 10 3 4 9 7 9 3 2 2 8 9 7 2 1 1 6 5 2 4 3 2 2 9 3 9 4 1 9 6 1 10 1 5 10 9 4 10 5 10 6 7 4 1 6 9 7 6 6 8 1 3 5 4 3 4 4 1 1 5 8 6 2 3 1 4 7 8 7 3 9 4 10 10 10 2 5 5 5 4 5 10 9 10 10 10 4 3 3 1 10 10 3 7 9 10 1 4 6 10 9 1 5 10 5 5 10 3 6 7 2 2 5 2 9 6 7 6 1 9 3 10 3 2 3 5 
9 3 9 2 3 8 4 3 10 7 4 7 6 4 9 7 1 10 1 9 10 3 2 3 2 4 7 7 5 5 7 8 3 5 3 6 5 7 3 7 2 4 5 4 8 7 3 5 5 10 1 1 2 1 6 3 10 3 7 1 5 4 4 6 1 4 10 10 1 9 6 10 8 5 1 10 3 1 4 5 8 9 8 1 2 8 3 10 2 7 3 9 5 5 8 7 2 9 2 6 7 9 9 6 7 5 3 1 5 4 7 1 7 2 7 7 1 1 5 1 3 4 3 1 8 7 6 6 
4 1 1 3 2 9 8 8 8 9 3 2 7 2 3 5 3 6 5 5 5 8 6 1 3 4 6 3 9 1 6 4 3 6 4 10 7 3 9 9 5 7 3 2 1 3 1 3 10 2 7 4 6 6 5 3 10 9 9 4 9 8 8 6 4 9 10 8 6 10 8 6 1 5 1 3 1 8 1 8 9 6 7 9 1 10 9 7 7 7 10 9 1 3 6 4 6 5 1 6 5 5 3 8 9 9 2 1 2 10 4 2 1 7 6 9 10 9 1 5 1 10 5 7 10 10 9 10 
3 3 4 10 3 3 2 7 10 9 8 8 2 8 3 4 4 7 3 2 4 8 6 2 2 9 8 1 2 6 2 4 5 7 2 7 4 8 1 4 3 2 4 2 1 2 2 4 3 3 9 3 5 7 8 6 2 4 4 3 8 4 1 7 6 7 7 6 10 3 10 8 2 4 3 8 8 6 5 7 6 2 8 8 10 1 2 3 3 8 3 6 4 8 9 4 5 10 10 6 1 1 4 1 8 8 1 8 5 4 3 8 3 5 9 7 2 6 5 3 1 5 6 10 9 3 1 8 
3 1 10 2 3 2 5 10 5 8 3 6 4 2 8 10 10 3 6 10 8 8 10 3 4 4 5 9 2 8 4 7 6 7 7 3 9 1 4 4 1 6 1 9 8 9 7 10 5 3 8 1 8 5 9 1 1 5 2 1 1 7 1 9 7 7 7 3 5 4 9 3 9 2 2 1 8 5 8 5 2 3 3 9 3 5 1 7 1 9 6 9 7 7 8 9 8 2 3 10 3 8 2 6 4 5 1 9 10 2 9 3 1 6 2 2 1 9 10 4 7 5 8 3 6 3 9 6 
6 9 9 6 5 6 2 4 10 10 9 10 10 8 10 5 5 1 7 2 1 5 7 9 4 1 9 5 2 8 6 10 6 5 4 9 3 6 2 5 7 7 3 1 9 2 1 8 4 2 7 3 5 10 6 2 7 7 5 2 5 4 9 6 7 5 1 6 10 2 10 8 6 4 8 1 6 4 8 3 10 4 2 7 8 8 1 9 8 3 2 6 7 8 10 9 2 8 6 8 4 9 5 1 2 8 1 4 7 5 9 4 3 2 3 4 2 9 9 7 8 6 2 1 9 9 8 10 
2 3 10 6 2 8 6 3 3 9 2 5 5 5 9 2 7 1 9 4 10 4 4 8 6 3 2 4 3 1 8 1 9 6 6 7 7 6 9 6 8 3 7 5 8 10 10 4 7 5 10 6 6 10 2 6 8 1 5 5 2 8 8 1 8 5 4 6 9 6 5 1 1 7 1 9 5 10 9 3 2 7 1 3 1 9 9 1 8 6 6 4 7 3 4 4 6 10 3 2 9 1 10 3 7 2 10 9 8 9 2 10 7 9 10 2 8 8 4 5 2 10 4 9 9 10 2 1 
7 9 4 9 2 8 6 7 5 7 3 2 7 8 7 5 3 10 8 1 6 4 3 7 7 1 5 5 10 10 9 1 7 2 8 1 2 4 8 2 6 4 7 2 6 4 9 10 3 10 4 7 7 8 10 3 2 6 9 7 7 2 1 3 6 7 9 3 5 10 1 6 5 6 3 1 7 8 8 10 2 10 2 5 7 10 10 10 8 5 8 1 5 3 10 9 2 6 5 2 2 3 6 4 1 6 1 7 9 6 2 5 6 1 7 5 2 9 2 7 10 2 9 7 7 5 3 4 
8 4 3 3 5 9 8 8 2 8 2 4 9 8 4 3 9 3 3 3 5 1 9 2 2 7 8 4 9 9 10 10 6 6 5 6 3 6 9 3 3 4 7 9 4 1 7 1 3 3 7 1 7 1 10 6 5 3 3 9 8 8 2 3 9 1 6 5 2 4 8 1 4 2 10 7 5 7 1 8 9 9 3 5 3 7 4 5 10 9 6 7 3 10 6 10 2 2 3 10 8 5 8 2 6 6 10 7 5 8 4 1 10 5 3 3 10 3 7 6 1 10 8 2 8 6 5 4 
4 10 8 8 6 10 5 5 1 5 10 3 2 9 7 4 6 4 5 5 7 4 2 5 5 7 8 4 1 10 6 4 4 5 1 9 7 4 10 9 2 10 8 7 9 2 10 1 1 7 7 4 1 5 2 7 6 10 7 4 7 2 1 2 1 10 9 4 5 8 8 3 5 6 4 3 2 10 7 7 8 7 10 3 8 2 5 6 2 8 4 3 9 7 9 10 1 10 5 2 10 7 5 3 7 10 6 9 3 9 2 2 8 1 10 7 4 7 6 9 3 4 8 10 10 3 7 5 
6 3 10 10 2 1 2 3 3 4 1 3 6 4 5 6 4 7 4 1 10 1 10 2 8 3 4 1 10 9 8 7 2 6 3 1 9 3 1 7 6 10 7 2 6 5 2 6 1 2 7 1 7 4 6 4 4 10 2 1 3 1 10 3 3 1 5 6 8 3 9 5 2 1 3 4 6 3 2 9 5 4 2 2 9 6 5 2 2 9 2 2 8 8 10 10 4 1 9 9 8 10 5 9 1 1 1 9 7 8 4 4 5 7 10 3 7 7 6 8 9 5 10 10 6 9 6 1 
2 9 5 4 3 3 8 8 3 8 8 10 9 10 2 5 8 6 2 1 8 1 10 1 2 5 2 8 5 5 2 5 4 6 7 5 10 3 10 8 2 4 4 10 7 3 9 9 10 4 6 8 4 9 6 6 8 6 9 2 3 8 4 1 6 8 9 10 4 3 4 3 8 2 9 1 6 5 7 1 2 2 10 6 9 9 10 4 8 1 1 10 7 9 5 10 4 3 8 3 1 9 6 5 4 4 3 6 10 1 8 3 2 6 1 6 5 7 6 3 10 2 2 5 10 2 7 3 
7 2 8 3 2 9 8 8 2 7 4 8 7 8 10 9 1 4 9 5 8 5 1 2 2 9 7 3 3 6 3 3 6 10 5 6 3 7 9 3 8 9 2 6 9 3 1 7 9 2 9 7 5 9 8 4 8 5 7 2 1 1 8 4 9 9 10 5 7 2 7 5 10 10 4 1 3 1 5 4 2 5 5 6 3 7 9 7 10 7 8 5 9 8 4 6 5 5 4 7 6 6 2 4 7 7 1 3 4 2 2 3 3 4 2 3 1 6 7 10 9 8 3 9 3 1 5 4 
1 6 5 10 4 3 9 1 10 9 4 1 8 10 1 7 7 4 9 7 4 5 5 8 3 5 10 6 9 9 3 8 5 8 3 4 4 4 8 6 4 9 8 8 7 2 8 8 1 8 6 9 1 8 4 2 1 6 1 10 6 1 3 9 3 4 4 2 10 1 5 10 1 6 9 8 1 4 2 1 7 1 8 6 1 5 3 1 4 1 7 5 7 9 4 4 9 4 10 6 9 1 9 9 4 7 4 7 8 1 9 6 5 9 9 3 6 8 5 1 7 9 6 3 4 10 7 7 
2 4 8 7 9 7 1 8 9 10 9 10 1 7 4 2 1 9 5 10 2 2 6 8 3 4 7 2 4 10 7 10 7 7 4 6 1 9 1 10 10 10 8 3 2 5 6 10 3 5 9 6 6 9 4 3 1 8 7 2 2 3 10 8 10 9 8 1 10 2 7 6 3 10 10 5 9 6 6 6 7 9 7 2 1 1 9 8 4 9 5 6 2 5 10 3 6 4 8 9 4 4 9 2 4 4 2 5 2 9 6 1 6 1 10 6 3 2 6 1 7 2 5 1 2 3 10 5 
5 6 4 5 5 5 3 3 5 4 2 3 5 7 4 5 2 2 2 1 4 6 7 2 3 8 1 10 9 4 1 1 10 10 5 5 8 3 6 8 7 9 8 9 9 8 3 2 3 1 6 10 9 3 7 7 7 1 4 10 3 9 8 9 8 4 6 6 7 5 10 9 3 1 5 2 9 7 3 2 4 2 7 2 7 9 9 3 10 8 2 2 9 7 8 9 2 3 4 7 6 7 10 5 1 9 2 1 10 5 7 1 2 4 2 1 10 1 2 1 3 3 10 4 1 10 2 5 
9 9 6 6 5 6 7 7 6 10 9 3 1 9 5 2 10 6 3 5 2 1 9 6 7 4 5 4 8 4 10 3 7 6 2 9 9 2 2 1 5 6 10 10 2 7 9 6 8 7 3 5 10 8 7 10 5 7 8 3 8 4 9 9 4 4 5 7 10 2 1 2 2 3 3 3 6 2 5 3 8 4 7 6 6 7 6 5 5 10 10 5 3 4 7 9 3 7 3 10 3 2 9 8 1 3 2 2 1 7 10 3 8 4 4 4 3 6 9 8 8 3 9 3 7 2 2 2 
10 8 10 2 9 1 1 10 4 8 5 9 7 4 2 5 10 1 4 3 6 1 9 2 7 9 5 3 7 10 9 10 6 5 4 9 6 5 10 5 9 5 4 7 4 9 7 7 8 3 9 8 7 5 1 2 7 3 9 1 5 2 2 8 10 9 8 6 6 8 10 10 7 3 5 6 2 7 9 7 5 3 2 2 8 10 3 8 4 8 4 1 7 6 4 2 1 3 6 6 2 6 2 1 9 7 9 9 7 10 6 4 1 4 3 6 8 9 9 6 1 5 2 5 6 8 5 1 
6 2 8 8 4 1 3 2 3 2 1 4 9 9 3 9 1 7 10 10 10 9 7 6 8 7 9 4 7 3 10 9 5 8 4 5 2 2 1 5 4 10 5 5 7 10 1 7 9 7 3 9 10 7 7 9 4 7 7 2 10 5 1 4 3 6 2 10 2 4 2 10 1 8 6 4 5 1 1 5 7 3 6 1 2 9 2 8 1 10 2 10 5 9 2 10 7 5 1 7 7 3 2 4 2 7 2 1 10 3 1 9 5 2 10 8 1 1 2 5 3 6 7 3 1 4 1 6 
2 8 8 1 2 4 7 4 7 3 4 9 10 10 4 8 5 4 6 10 1 1 2 10 8 7 4 5 2 9 5 10 9 10 7 6 2 2 7 7 7 8 1 10 10 2 2 1 4 10 10 8 2 5 9 9 3 4 3 4 7 4 10 3 3 2 5 4 6 2 7 4 8 6 7 3 8 6 5 4 10 10 4 2 2 7 10 5 9 7 3 4 8 8 1 10 1 1 10 9 9 7 7 3 1 9 3 7 4 1 3 10 6 4 9 10 7 6 3 5 4 9 1 4 5 10 10 1 
3 5 3 6 8 4 4 2 10 10 2 6 5 2 7 9 8 7 10 4 8 2 5 1 3 8 9 6 8 9 2 10 9 3 4 5 8 2 7 10 6 4 7 9 7 9 1 10 5 5 2 10 10 8 4 2 6 9 8 2 1 7 7 9 3 6 7 2 1 4 8 1 4 9 5 4 6 5 1 6 9 10 9 5 5 6 8 3 9 9 7 3 9 5 3 3 1 1 4 7 4 6 3 8 4 10 7 2 4 10 4 10 9 9 9 2 8 4 7 10 1 2 5 8 2 1 10 2 
5 4 7 5 2 9 8 3 4 1 10 10 6 9 8 4 9 3 3 4 5 9 3 4 5 2 5 9 9 4 9 4 2 7 5 7 8 4 8 4 10 8 10 2 6 6 6 9 8 9 5 2 8 6 4 1 8 10 4 2 4 7 7 6 3 2 1 1 3 5 4 5 4 8 9 10 3 10 2 2 5 10 9 5 5 1 6 4 8 9 4 6 2 1 6 6 6 10 8 5 8 9 5 3 1 1 8 5 1 6 5 2 4 7 2 10 9 4 8 1 10 5 8 7 10 9 5 3 
3 5 1 6 8 7 4 5 2 10 3 4 7 1 10 3 5 1 2 1 10 10 5 1 10 8 3 8 7 9 7 1 5 5 6 7 3 1 2 4 1 10 10 7 3 6 6 9 8 4 3 5 4 4 5 6 10 4 9 6 8 1 5 7 2 2 7 5 8 7 2 9 5 7 3 2 9 4 1 2 8 10 1 7 9 8 2 8 5 1 2 3 1 7 5 1 7 9 8 7 8 8 3 8 8 10 6 1 5 8 2 8 3 3 2 3 2 2 8 3 1 8 5 3 3 7 9 4 
8 1 9 3 3 7 3 6 2 8 8 3 7 4 9 2 9 2 2 8 5 4 8 1 1 6 9 5 6 4 10 1 1 8 8 4 9 5 10 4 10 10 7 5 3 5 10 3 6 4 8 1 1 9 10 1 6 4 10 6 2 1 5 3 3 1 9 3 5 2 3 3 9 7 8 7 5 10 9 10 5 9 8 6 2 7 2 2 7 4 5 5 7 10 1 9 2 8 9 8 10 1 2 10 3 3 1 9 10 9 3 1 5 6 5 2 9 4 2 1 2 2 9 9 4 4 2 2 
6 5 4 3 2 1 2 2 6 7 7 9 5 1 10 1 7 10 10 5 9 10 7 9 7 8 10 8 7 8 2 4 2 8 2 1 2 3 1 8 4 2 9 8 7 5 10 2 1 7 7 1 5 5 5 6 6 5 3 2 4 3 8 2 4 3 1 8 9 10 3 7 2 1 7 8 7 6 3 1 2 6 3 4 6 1 3 3 1 7 3 1 6 10 7 6 4 3 10 4 10 9 4 9 10 3 3 9 3 7 6 10 5 8 6 5 7 7 10 3 3 1 2 8 10 5 2 10 
10 10 4 5 10 8 7 7 5 6 5 10 1 2 4 4 7 2 6 8 10 6 2 7 5 9 5 2 4 6 10 6 10 2 8 1 4 8 9 5 9 8 10 2 4 3 10 1 7 2 5 7 2 6 2 3 8 1 6 1 4 8 7 4 1 6 7 9 1 10 9 7 2 8 4 4 1 6 2 9 6 10 2 3 2 2 2 9 9 4 5 8 3 1 8 7 5 1 4 7 7 2 6 3 7 4 3 8 3 5 1 7 6 9 8 1 9 3 3 6 9 5 7 1 6 8 6 9 
3 8 6 9 6 3 1 3 8 8 5 5 1 9 5 2 9 6 1 7 6 10 7 3 1 3 6 8 9 2 6 3 3 1 3 6 5 10 1 4 1 6 4 9 6 9 4 9 7 8 3 5 10 9 8 3 6 2 3 1 4 4 7 5 3 6 4 7 1 1 8 5 4 9 7 7 3 9 8 8 8 7 4 6 6 7 7 8 1 8 7 9 10 4 1 6 4 10 2 5 5 2 10 4 8 7 5 2 7 4 1 6 5 10 7 8 10 9 9 7 4 10 8 7 7 7 1 6 
8 7 10 7 10 2 5 3 2 5 8 2 4 5 6 6 3 1 3 4 3 4 7 5 3 8 7 8 4 6 3 3 1 5 1 9 1 10 5 9 9 9 3 8 1 4 10 9 6 8 3 1 5 7 8 2 7 6 8 3 3 5 4 2 10 10 4 2 8 9 3 1 4 5 10 7 8 10 8 1 3 6 9 4 2 5 3 6 8 3 10 7 6 3 3 4 3 10 7 7 1 3 7 6 4 10 5 6 2 2 9 10 9 9 2 6 2 5 6 8 4 7 4 4 9 9 5 9 
9 8 9 9 9 7 9 8 4 4 6 1 2 7 7 9 7 6 1 8 3 10 5 2 3 6 10 1 8 7 4 6 3 6 4 5 6 9 9 9 3 1 10 7 4 1 1 9 5 2 4 5 8 7 7 1 4 1 10 2 7 8 5 10 3 1 8 6 8 6 7 2 7 2 9 7 1 2 8 9 7 7 6 3 5 10 4 2 8 2 1 2 6 9 7 8 3 5 8 1 7 9 5 10 10 10 2 9 8 1 9 6 2 8 9 5 10 8 5 1 4 5 6 7 1 8 9 8 
1 7 3 9 2 2 3 6 2 10 8 6 4 9 2 2 7 2 2 1 5 3 5 6 1 9 8 2 3 6 9 4 10 8 5 10 10 1 5 4 9 8 3 9 9 8 6 3 10 4 10 9 6 4 10 10 1 3 10 2 4 5 7 10 4 6 5 1 8 7 9 4 8 4 9 2 7 9 8 6 4 4 9 4 4 8 6 10 9 2 2 7 10 1 10 4 9 2 5 7 10 5 5 6 3 9 8 5 2 8 10 5 1 10 9 4 8 10 3 2 10 10 4 3 7 8 5 4 
9 2 8 3 7 5 7 8 10 5 10 8 3 1 6 5 7 8 5 3 5 7 3 10 2 8 9 10 10 5 5 10 5 1 2 7 3 3 9 6 8 4 7 7 9 3 3 8 1 4 8 1 9 4 7 3 4 3 3 9 10 10 8 1 7 1 5 8 8 7 9 9 10 4 2 10 7 8 6 8 3 10 6 2 8 7 5 8 10 9 10 2 7 2 2 9 6 1 5 7 3 5 8 7 2 7 10 3 2 5 4 3 6 5 10 3 6 2 2 8 3 2 10 3 2 4 2 3 
5 3 5 6 2 7 1 9 2 7 4 2 7 7 7 3 10 7 9 3 1 7 6 8 6 5 9 1 10 5 3 2 4 9 3 5 6 9 8 7 5 1 8 8 7 7 6 3 10 9 2 10 8 4 9 6 10 5 6 6 10 2 9 8 8 7 9 1 3 7 4 4 10 5 4 4 9 5 2 10 2 5 8 8 2 8 4 4 7 10 2 7 1 1 1 5 7 3 5 2 9 2 1 3 9 7 8 3 3 3 10 10 6 10 2 10 10 8 10 3 6 6 2 4 8 6 4 1 
5 5 5 9 5 8 5 1 9 4 6 10 10 7 2 8 6 2 3 1 4 8 2 7 4 4 5 8 8 7 7 9 3 6 6 5 1 5 10 7 10 6 8 8 7 7 3 2 4 1 10 8 2 8 9 10 9 9 1 3 4 5 6 7 1 9 6 4 5 9 10 10 9 6 7 4 6 8 3 1 6 4 8 10 6 3 2 7 1 1 10 8 2 10 7 3 1 7 4 6 2 6 9 4 8 1 3 8 3 2 2 5 1 8 1 9 3 4 6 8 1 8 10 1 2 9 3 5 
8 4 5 6 9 7 1 7 7 3 6 8 6 7 3 7 1 4 5 2 4 9 5 8 1 3 6 8 3 3 10 4 9 1 4 5 10 3 6 1 8 8 9 6 9 7 5 10 3 3 7 1 5 9 8 4 1 4 4 9 7 9 8 6 1 1 4 7 3 8 7 7 3 6 5 8 7 3 6 9 2 7 6 4 6 7 9 9 7 7 1 7 4 5 7 2 9 1 9 4 6 7 10 2 4 2 10 2 7 2 9 3 5 4 1 4 7 5 7 6 7 9 4 4 7 1 6 6 
150 119 52 85 180 50 147 24 122 81 118 106 91 43 145 122 90 165 144 114 78 90 33 35 53 163 158 76 56 109 115 162 82 160 73 175 152 69 130 172 103 116 43 42 70 46 138 59 126 95 162 81 45 142 19 112 95 62 134 178 81 90 73 81 23 82 120 72 157 134 143 85 106 108 115 116 126 75 138 60 144 124 24 71 104 157 125 188 154 85 27 107 103 124 40 80 74 81 78 148 164 79 133 120 60 102 38 69 90 14 69 112 122 95 150 121 73 81 74 55 164 55 149 131 122 40 68 71 
119 194 104 124 119 142 73 114 84 110 102 76 59 21 120 57 172 104 79 140 53 134 122 126 68 176 98 66 113 45 173 144 158 92 28 65 168 140 132 127 129 114 111 70 115 64 58 132 116 143 138 95 170 31 38 86 130 60 167 135 153 67 159 104 122 147 52 46 94 121 95 69 59 63 71 67 45 95 22 136 110 67 162 112 99 89 33 72 68 78 92 72 55 143 87 109 107 181 108 53 115 5 63 30 115 43 126 136 41 17 166 130 112 108 116 96 116 103 88 107 190 139 43 111 180 131 87 86 
52 104 94 134 112 103 102 56 47 63 113 125 84 41 40 165 49 54 101 20 87 24 154 165 57 75 68 95 125 153 142 53 88 112 119 116 128 100 146 120 50 58 91 160 54 38 101 165 124 68 102 103 97 92 109 95 141 114 33 161 140 11 181 60 105 107 108 96 88 109 109 135 102 56 46 35 93 78 47 136 5 29 71 149 91 75 87 100 115 79 89 34 29 121 29 138 116 75 18 102 128 135 155 132 112 142 142 141 80 52 137 23 132 150 140 134 69 83 25 118 151 178 63 177 135 11 49 127 
85 124 134 192 99 138 120 172 138 165 157 117 105 106 35 108 129 66 87 34 129 52 152 111 67 73 145 77 170 94 89 149 89 78 23 126 21 138 148 143 9 134 18 125 91 88 154 76 94 92 142 97 175 94 46 113 104 159 85 77 98 44 143 19 122 66 120 82 147 123 121 114 85 55 110 58 90 70 80 110 41 160 22 139 47 78 90 68 80 125 59 36 40 91 155 58 103 26 152 112 109 51 103 128 29 138 27 118 66 164 101 61 134 111 47 30 129 29 32 33 118 135 121 105 133 147 100 111 
180 119 112 99 162 112 137 73 69 136 108 176 8 137 120 153 86 121 117 117 87 64 120 139 158 143 110 32 94 86 53 97 103 40 162 24 46 142 68 74 115 34 78 88 90 149 153 97 97 115 117 66 57 119 72 169 105 41 90 153 86 52 36 91 75 89 104 146 108 93 171 75 125 144 63 102 117 119 158 100 136 100 65 118 92 76 69 127 148 161 138 29 74 67 141 73 119 100 118 126 176 74 117 119 80 43 74 125 127 106 57 21 59 99 62 110 96 112 59 153 103 158 111 124 126 134 93 127 
50 142 103 138 112 180 126 109 99 164 93 105 13 121 41 148 74 188 99 87 98 94 86 75 175 88 145 169 125 108 88 170 102 54 127 4 145 142 79 81 119 142 164 137 109 50 100 44 166 135 141 187 92 174 115 156 102 34 130 24 177 29 80 40 83 35 156 37 31 65 37 78 108 98 73 82 64 41 46 94 9 119 70 37 13 144 150 113 156 163 169 97 114 87 68 78 63 49 125 93 132 70 155 74 48 45 96 86 130 41 112 139 170 165 161 84 84 124 197 71 140 16 93 27 128 57 151 157 
147 73 102 120 137 126 122 115 83 36 101 85 150 166 112 33 21 140 119 148 23 140 113 70 46 52 117 135 21 163 40 186 105 124 123 180 55 99 92 43 91 73 139 41 118 101 85 97 118 155 73 81 81 127 126 52 123 74 172 62 36 91 130 151 46 127 179 79 162 138 92 75 94 80 142 102 80 99 156 128 150 110 148 127 117 157 126 76 129 48 50 150 88 165 81 97 67 35 144 127 34 83 80 131 163 73 126 160 86 87 31 92 135 135 184 122 129 76 160 95 61 36 103 128 110 91 146 74 
24 114 56 172 73 109 115 158 83 96 117 162 51 94 73 76 32 119 164 133 172 126 119 134 146 111 65 92 14 70 67 79 89 81 118 84 29 71 135 88 124 18 176 132 33 162 92 28 35 110 100 36 91 78 147 167 99 90 91 132 91 134 148 109 150 174 62 36 173 179 165 131 22 104 133 63 74 27 163 93 66 10 76 112 123 63 94 106 50 48 160 166 89 53 123 124 73 101 128 61 91 56 188 87 141 100 163 33 125 102 166 80 86 121 122 76 61 102 93 73 127 118 106 69 33 188 117 76 
122 84 47 138 69 99 83 83 92 113 134 93 103 116 42 107 101 166 76 97 44 168 74 71 42 57 139 98 149 70 148 100 92 72 156 97 46 103 32 109 60 85 166 108 126 67 148 108 138 81 167 64 64 150 26 112 100 52 126 112 138 67 165 146 125 64 128 95 94 62 189 140 122 117 111 102 76 79 125 112 90 17 84 153 177 89 123 29 53 158 58 51 158 129 129 156 145 157 141 20 70 134 68 173 161 112 66 151 52 41 137 70 99 27 170 83 123 120 94 107 127 124 140 118 109 171 150 75 
81 110 63 165 136 164 36 96 113 128 83 103 65 92 42 144 65 121 121 126 148 57 98 139 155 95 86 111 87 9 97 175 155 89 61 125 176 55 51 34 95 73 119 63 99 124 114 39 47 109 115 73 154 65 139 194 75 80 104 140 16 133 134 89 90 140 127 156 60 64 182 140 47 116 93 114 133 129 137 122 103 144 102 74 62 29 142 107 155 102 37 106 160 120 62 93 163 121 119 81 42 82 39 103 18 113 115 139 120 116 52 143 98 166 132 108 165 118 44 147 152 61 105 136 132 141 37 115 
118 102 113 157 108 93 101 117 134 83 12 105 59 103 114 24 129 64 83 93 86 132 42 73 104 86 125 56 102 69 86 125 40 146 141 188 64 141 80 141 111 62 163 73 112 105 124 60 59 101 129 90 47 87 87 159 71 88 61 174 40 26 116 90 46 98 109 84 159 51 82 182 165 68 158 45 100 108 123 189 104 64 173 124 108 158 117 21 103 28 116 193 130 42 60 170 31 95 119 180 166 67 104 49 119 103 41 165 130 84 131 78 77 23 156 60 11 88 90 74 91 97 103 93 115 124 133 75 
106 76 125 117 176 105 85 162 93 103 105 22 170 136 169 20 93 100 137 71 106 129 88 41 118 107 91 29 87 35 181 107 96 109 57 80 76 141 69 91 178 93 102 121 180 49 93 84 104 129 119 95 83 106 65 63 93 166 84 94 113 167 80 43 81 116 106 120 73 153 115 121 187 101 93 109 167 98 90 79 87 189 50 84 162 175 103 123 93 101 120 76 119 94 54 117 113 139 75 17 96 152 112 122 135 102 152 94 99 126 117 95 39 45 55 146 99 26 93 82 135 91 93 108 67 40 75 193 
91 59 84 105 8 13 150 51 103 65 59 170 104 112 23 67 113 92 105 131 29 110 133 186 61 96 68 94 53 62 129 100 38 43 133 125 106 53 118 117 84 78 148 165 122 133 88 188 17 56 77 91 20 72 102 32 106 153 104 91 36 76 164 112 116 86 97 191 53 129 130 86 113 76 119 134 46 68 59 83 64 61 104 95 18 73 55 100 86 146 141 146 127 113 124 57 186 37 110 100 109 117 135 140 75 121 122 167 81 85 133 187 52 108 78 87 64 194 85 150 162 109 103 78 142 89 45 113 
43 21 41 106 137 121 166 94 116 92 103 136 112 200 82 104 174 86 90 88 24 108 168 72 184 78 152 33 80 128 55 158 75 89 68 33 158 126 110 153 159 57 108 33 144 152 84 189 99 116 128 108 96 108 67 39 20 122 132 55 87 186 111 64 40 127 105 113 73 82 81 176 83 117 118 50 119 87 188 151 67 122 174 177 86 112 107 128 64 159 73 26 178 152 18 87 47 58 78 55 52 123 103 45 88 120 153 119 154 119 52 82 107 164 134 78 96 138 105 173 72 84 109 77 68 123 60 103 
145 120 40 35 120 41 112 73 42 42 114 169 23 82 12 90 10 78 40 185 174 165 103 61 45 93 140 123 143 143 6 109 164 109 94 87 156 103 74 118 164 152 113 152 61 104 154 48 100 62 129 149 106 69 97 86 102 98 110 160 134 62 125 155 77 88 86 38 173 81 98 99 122 155 105 115 83 119 121 79 75 106 123 168 158 147 88 51 73 137 73 85 96 146 109 34 137 57 139 127 20 145 164 115 114 103 144 75 36 21 142 38 119 81 59 134 32 89 128 105 118 83 139 166 163 114 123 32 
122 57 165 108 153 148 33 76 107 144 24 20 67 104 90 132 59 73 116 167 128 146 107 101 117 102 137 63 74 78 46 108 64 157 155 137 125 125 119 150 93 144 59 98 127 136 74 161 139 111 125 86 84 65 72 40 171 65 17 85 55 151 85 116 143 84 91 151 102 124 174 65 118 114 101 113 95 125 31 109 77 182 163 57 91 187 118 142 15 112 141 98 149 114 129 120 146 103 163 93 125 88 119 123 112 57 111 136 57 83 104 140 95 115 132 108 52 59 91 137 85 114 95 60 86 143 101 39 
90 172 49 129 86 74 21 32 101 65 129 93 113 174 10 59 64 76 133 104 111 121 126 61 65 153 143 110 158 112 100 161 40 35 118 181 75 142 167 138 82 53 63 98 156 36 166 146 114 110 164 119 82 150 78 150 111 105 127 166 149 141 79 140 141 105 91 68 111 87 41 111 118 116 129 113 160 109 107 122 152 44 135 81 130 60 160 115 97 85 90 45 76 113 188 70 82 83 125 87 84 78 38 154 169 145 86 89 139 112 77 23 122 83 95 123 94 32 107 106 81 58 81 166 108 125 73 44 
165 104 54 66 121 188 140 119 166 121 64 100 92 86 78 73 76 158 169 151 84 148 141 14 112 62 129 98 102 35 74 74 106 169 121 51 137 62 79 102 138 175 158 76 40 137 80 99 111 72 92 63 108 111 63 152 127 70 67 60 146 115 103 96 147 167 89 121 78 65 130 168 77 40 116 121 87 125 61 107 86 51 105 134 48 78 112 140 101 122 166 146 96 141 109 60 108 95 33 120 23 71 165 105 172 99 94 89 43 107 39 48 172 138 73 57 171 108 126 52 88 104 40 161 149 80 83 16 
144 79 101 87 117 99 119 164 76 121 83 137 105 90 40 116 133 169 32 69 141 114 160 71 100 137 17 159 104 73 102 137 88 172 146 165 138 91 74 32 74 122 161 89 97 38 161 117 62 100 100 139 117 76 113 131 73 143 123 15 10 102 110 106 124 107 119 24 110 70 94 140 49 114 56 48 85 6 98 78 139 132 107 16 81 105 73 161 92 121 84 181 28 78 130 105 145 118 91 174 91 130 119 15 155 33 116 63 74 71 127 37 131 73 187 186 146 120 129 105 109 106 155 109 82 89 81 80 
114 140 20 34 117 87 148 133 97 126 93 71 131 88 185 167 104 151 69 98 35 98 75 120 103 108 39 43 69 45 55 91 32 90 103 69 92 137 155 69 51 105 60 114 71 42 74 100 109 89 65 178 59 162 143 84 129 159 28 128 52 85 84 72 61 109 141 102 104 163 76 103 120 77 186 92 97 86 38 130 31 148 89 111 171 56 97 183 65 66 119 98 41 104 79 151 126 74 75 28 133 123 135 166 90 89 49 105 98 117 125 36 94 167 74 118 49 65 185 31 65 62 85 121 92 59 29 161 
78 53 87 129 87 98 23 172 44 148 86 106 29 24 174 128 111 84 141 35 58 108 111 94 48 17 158 52 112 61 163 111 70 186 92 31 57 123 81 71 130 145 167 154 46 148 124 130 169 132 68 100 158 96 89 96 120 102 102 100 99 19 118 112 176 90 78 158 83 121 36 74 114 117 96 168 88 73 127 62 77 92 128 41 113 119 32 52 76 158 33 58 60 50 151 182 46 129 125 169 31 55 181 74 101 83 104 32 127 25 112 124 128 119 148 72 144 78 95 71 99 44 115 65 40 77 151 172 
90 134 24 52 64 94 140 126 168 57 132 129 110 108 165 146 121 148 114 98 108 82 51 60 104 37 149 136 86 64 122 127 76 112 119 169 113 63 74 49 78 106 92 38 141 108 48 104 120 163 114 91 126 95 82 32 182 132 98 70 171 90 140 108 100 166 70 48 103 109 113 36 105 142 92 171 149 110 85 156 124 123 118 84 56 36 59 120 70 90 108 98 79 148 101 65 81 63 162 63 137 119 73 58 90 54 176 39 88 18 112 121 107 132 54 124 153 116 126 122 42 83 98 99 152 133 116 86 
33 122 154 152 120 86 113 119 74 98 42 88 133 168 103 107 126 141 160 75 111 51 132 108 141 60 87 100 55 154 41 68 147 52 78 108 139 76 27 96 108 32 154 90 139 126 113 120 112 22 135 105 94 36 190 115 106 168 137 94 122 44 101 97 106 165 83 71 75 104 162 75 173 58 73 62 80 85 163 150 141 75 129 86 48 150 35 60 181 115 106 126 75 80 150 135 44 114 86 105 138 112 88 118 169 128 98 47 102 100 31 94 107 92 156 67 79 60 44 110 87 105 75 90 114 94 131 115 
35 126 165 111 139 75 70 134 71 139 73 41 186 72 61 101 61 14 71 120 94 60 108 64 74 140 63 77 57 91 141 73 128 108 86 156 69 143 59 100 140 27 97 134 122 158 93 76 40 114 117 110 138 123 139 132 138 58 64 100 52 85 20 23 62 121 142 157 96 54 103 114 173 108 98 91 130 127 20 82 60 99 117 102 67 132 37 159 130 118 93 98 87 24 150 129 122 147 132 194 152 156 103 178 27 168 151 142 52 89 80 177 103 33 109 143 51 144 110 93 78 163 173 134 159 96 107 170 
53 68 57 67 158 175 46 146 42 155 104 118 61 184 45 117 65 112 100 103 48 104 141 74 78 141 96 95 111 64 130 139 25 119 17 67 164 94 108 73 103 15 132 122 23 104 39 47 84 37 75 130 59 51 95 134 49 121 63 122 83 104 79 106 84 120 162 78 108 156 66 164 153 90 71 53 60 51 55 160 90 92 113 67 73 184 156 50 129 94 22 54 111 18 86 182 107 84 118 82 58 54 48 168 132 118 20 131 189 153 68 140 150 99 92 113 74 133 111 74 110 107 98 115 119 125 141 66 
163 176 75 73 143 88 52 111 57 95 86 107 96 78 93 102 153 62 137 108 17 37 60 140 141 158 104 166 95 168 92 87 138 108 115 116 161 71 103 104 50 145 133 109 133 123 110 63 51 138 122 154 128 95 101 118 172 99 54 99 83 64 175 150 102 172 89 103 58 130 115 185 142 65 141 49 109 109 74 49 146 121 41 114 81 99 88 57 144 153 144 112 102 62 125 160 156 63 52 89 95 86 103 55 63 162 79 129 191 137 68 77 143 111 153 112 156 14 30 129 126 100 97 91 115 111 120 155 
158 98 68 145 110 145 117 65 139 86 125 91 68 152 140 137 143 129 17 39 158 149 87 63 96 104 154 104 167 103 134 109 86 50 110 136 110 77 82 137 130 128 110 150 75 86 150 138 76 55 99 85 114 66 91 38 78 143 132 98 80 87 132 46 61 8 70 131 142 95 70 108 38 43 76 129 60 106 143 52 160 111 29 146 167 64 73 49 174 166 104 98 124 137 91 144 133 155 104 68 44 125 165 131 33 65 57 73 124 124 123 49 107 73 85 113 81 130 113 103 149 86 75 116 127 71 64 87 
76 66 95 77 32 169 135 92 98 111 56 29 94 33 123 63 110 98 159 43 52 136 100 77 95 166 104 118 95 47 58 128 98 114 58 38 153 64 174 97 16 42 79 134 68 96 124 44 124 101 163 62 103 127 104 52 121 75 165 144 142 104 168 109 38 92 98 104 160 146 185 133 12 55 66 37 82 114 6 120 13 135 153 185 116 46 42 115 160 184 119 112 57 192 140 101 187 167 179 134 83 20 45 93 188 149 73 102 130 113 126 50 49 121 60 107 126 121 70 136 135 146 141 169 42 122 133 102 
56 113 125 170 94 125 21 14 149 87 102 87 53 80 143 74 158 102 104 69 112 86 55 57 111 95 167 95 66 95 42 76 66 119 127 68 142 48 18 145 107 90 29 5 105 175 21 118 68 156 72 48 118 83 107 124 11 143 122 124 54 108 110 115 96 100 138 138 94 137 153 15 162 111 191 76 82 118 68 31 17 66 124 120 78 187 106 3 159 84 104 101 35 182 34 139 118 51 138 100 173 155 76 114 31 142 69 112 69 107 96 102 15 155 20 140 87 120 74 51 141 6 119 81 130 96 100 100 
109 45 153 94 86 108 163 70 70 9 69 35 62 128 143 78 112 35 73 45 61 64 154 91 64 168 103 47 95 66 74 184 89 31 162 57 87 96 106 90 118 157 118 38 71 157 189 75 28 113 61 92 86 51 59 71 123 110 149 77 57 75 174 30 117 85 148 60 131 109 134 125 123 86 50 156 138 174 145 144 38 152 23 31 87 72 108 6 100 16 26 112 64 135 126 186 122 115 42 127 69 147 147 174 152 125 128 109 187 129 97 104 153 67 116 30 108 33 114 60 23 124 35 127 98 107 193 94 
115 173 142 89 53 88 40 67 148 97 86 181 129 55 6 46 100 74 102 55 163 122 41 141 130 92 134 58 42 74 34 118 125 119 147 98 106 119 89 148 119 116 140 25 65 15 111 63 102 67 124 100 56 167 123 87 179 57 117 151 47 147 43 171 121 115 60 103 177 98 144 133 52 119 169 188 114 87 43 111 55 121 171 103 130 25 74 133 65 86 65 178 15 115 150 78 156 55 98 90 97 55 111 95 56 73 52 131 118 45 77 103 105 112 140 158 49 142 136 92 121 63 73 115 157 9 92 9 
162 144 53 149 97 170 186 79 100 175 125 107 100 158 109 108 161 74 137 91 111 127 68 73 139 87 109 128 76 184 118 172 60 145 60 123 85 104 43 62 114 46 133 86 56 28 36 138 77 118 100 86 43 121 120 113 28 85 124 58 142 104 112 101 193 120 85 51 161 37 93 67 19 132 43 164 117 51 133 124 80 142 122 147 52 61 162 54 70 112 148 63 149 134 110 75 111 89 194 94 61 96 177 71 114 119 105 155 109 123 39 64 72 68 144 154 64 112 107 30 151 85 109 158 99 95 111 104 
82 158 88 89 103 102 105 89 92 155 40 96 38 75 164 64 40 106 88 32 70 76 147 128 25 138 86 98 66 89 125 60 58 75 106 110 92 84 65 39 82 89 177 101 68 66 47 118 66 120 83 106 60 125 171 145 115 152 32 55 84 114 109 155 76 145 92 172 171 18 137 92 5 138 107 68 174 61 74 74 161 56 83 154 121 24 166 79 177 131 86 104 122 112 121 84 160 124 170 175 139 122 49 92 95 43 125 178 90 114 58 23 113 103 140 127 104 181 100 26 101 35 56 98 146 116 101 23 
160 92 112 78 40 54 124 81 72 89 146 109 43 89 109 157 35 169 172 90 186 112 52 108 119 108 50 114 119 31 119 145 75 90 30 41 66 78 118 41 68 140 51 139 138 73 105 163 85 59 115 96 117 105 148 79 84 150 110 115 46 53 174 121 83 69 173 60 73 79 142 62 73 131 135 53 157 157 169 112 163 166 126 117 90 84 97 113 134 94 168 73 53 141 126 86 96 65 76 16 97 94 136 151 139 51 99 76 16 138 75 74 143 105 175 138 100 95 20 163 86 90 187 59 132 62 93 89 
73 28 119 23 162 127 123 118 156 61 141 57 133 68 94 155 118 121 146 103 92 119 78 86 17 115 110 58 127 162 147 60 106 30 130 88 92 130 80 114 65 189 132 67 118 53 162 69 141 99 165 38 137 75 36 184 109 179 93 40 80 52 127 10 128 50 126 74 119 99 69 78 62 142 49 54 170 131 85 176 32 67 114 73 102 97 137 121 105 117 43 22 68 111 160 92 53 137 117 31 59 48 162 90 24 68 90 77 179 90 24 177 110 96 145 108 45 66 67 138 103 97 152 76 100 119 99 181 
175 65 116 126 24 4 180 84 97 125 188 80 125 33 87 137 181 51 165 69 31 169 108 156 67 116 136 38 68 57 98 123 110 41 88 60 44 89 153 94 132 119 59 97 65 82 104 107 169 167 101 76 22 107 76 178 80 103 84 188 88 14 118 124 82 155 59 91 26 155 106 65 117 74 81 132 103 27 125 104 89 86 101 189 173 178 167 68 84 157 75 150 70 106 75 76 17 131 57 162 102 124 115 138 104 137 185 79 88 112 44 146 77 58 114 181 121 131 180 64 89 141 59 91 79 117 163 98 
152 168 128 21 46 145 55 29 46 176 64 76 106 158 156 125 75 137 138 92 57 113 139 69 164 161 110 153 142 87 106 85 92 66 92 44 48 97 49 114 109 160 135 166 61 149 104 119 166 106 72 111 83 25 156 88 48 49 56 36 86 95 51 49 14 155 129 49 65 30 35 85 105 102 113 114 99 31 121 102 66 48 182 57 150 68 154 149 98 105 128 106 95 108 108 92 146 167 110 33 90 110 114 87 64 145 99 133 141 128 125 72 100 124 74 82 129 127 98 173 91 58 44 136 20 157 44 43 
69 140 100 138 142 142 99 71 103 55 141 141 53 126 103 125 142 62 91 137 123 63 76 143 94 71 77 64 48 96 119 104 84 78 130 89 97 46 124 62 102 90 112 69 109 114 72 77 176 103 116 41 93 63 78 85 130 122 58 4 96 122 87 77 130 148 74 45 99 103 57 89 41 93 144 89 90 79 158 135 99 56 139 144 116 55 82 117 92 76 60 99 111 168 68 171 124 53 68 59 180 127 16 121 63 80 105 149 91 73 64 128 76 160 113 150 81 105 74 29 161 198 114 73 43 111 25 150 
130 132 146 148 68 79 92 135 32 51 80 69 118 110 74 119 167 79 74 155 81 74 27 59 108 103 82 174 18 106 89 43 65 118 80 153 49 124 106 64 79 111 88 82 80 61 23 122 60 39 85 96 95 131 177 64 111 104 62 90 70 59 125 68 14 97 141 44 58 41 85 142 75 44 106 172 125 167 131 111 163 81 187 131 127 108 182 13 68 146 50 106 120 113 89 105 66 56 95 66 85 123 76 151 79 179 133 111 102 184 75 14 51 128 74 77 103 155 92 127 120 36 152 88 101 121 152 141 
172 127 120 143 74 81 43 88 109 34 141 91 117 153 118 150 138 102 32 69 71 49 96 100 73 104 137 97 145 90 148 62 39 41 114 94 114 62 64 34 114 95 82 54 113 96 30 100 135 139 110 81 126 105 58 78 134 110 113 55 46 172 155 125 25 123 170 79 44 175 103 102 177 102 16 109 130 163 38 106 92 93 137 98 118 46 130 78 133 109 62 119 130 148 145 163 129 125 72 40 88 132 174 126 104 14 160 91 155 153 165 147 85 95 54 40 49 151 156 84 106 115 57 156 95 75 97 114 
103 129 50 9 115 119 91 124 60 95 111 178 84 159 164 93 82 138 74 51 130 78 108 140 103 50 130 16 107 118 119 114 82 68 65 132 109 102 79 114 144 55 110 105 65 106 81 119 119 71 118 22 83 103 118 89 105 112 54 81 71 77 134 66 49 114 66 107 105 39 111 61 120 98 76 107 83 102 99 56 69 53 146 31 89 57 107 177 155 76 96 135 133 57 81 76 139 107 183 114 89 108 189 74 58 81 124 131 191 22 105 117 96 79 110 60 155 111 107 157 115 84 49 165 84 176 86 175 
116 114 58 134 34 142 73 18 85 73 62 93 78 57 152 144 53 175 122 105 145 106 32 27 15 145 128 42 90 157 116 46 89 140 189 119 160 90 111 95 55 130 65 86 40 99 120 21 132 105 117 128 107 134 178 67 27 83 180 132 64 133 117 99 81 89 113 161 99 44 101 81 33 166 132 115 100 113 110 136 139 41 114 115 21 136 50 97 84 63 112 122 170 174 102 126 160 146 60 99 117 83 134 138 122 35 86 88 46 114 89 49 90 44 116 59 84 154 152 99 110 97 106 158 129 87 61 145 
43 111 91 18 78 164 139 176 166 119 163 102 148 108 113 59 63 158 161 60 167 92 154 97 132 133 110 79 29 118 140 133 177 51 132 59 135 112 88 82 110 65 38 113 79 101 152 143 164 105 159 102 104 49 91 49 36 100 12 107 86 91 160 110 124 133 83 123 147 43 20 101 130 165 145 154 125 100 56 64 101 122 145 85 60 107 33 64 136 123 44 175 68 98 97 104 77 80 106 173 127 133 109 90 83 132 53 143 54 34 145 148 72 90 113 44 95 130 116 103 92 104 80 91 158 186 184 103 
42 70 160 125 88 137 41 132 108 63 73 121 165 33 152 98 98 76 89 114 154 38 90 134 122 109 150 134 5 38 25 86 101 139 67 97 166 69 82 54 105 86 113 138 120 130 79 121 170 116 152 76 64 120 116 118 18 124 80 72 125 128 56 126 135 88 79 111 39 60 49 140 98 88 17 119 30 31 82 127 66 178 56 125 103 36 159 138 62 134 64 66 76 124 129 85 122 103 78 43 163 39 134 56 52 88 87 76 129 85 61 163 101 106 125 42 150 56 95 184 110 120 100 180 147 61 67 154 
70 115 54 91 90 109 118 33 126 99 112 180 122 144 61 127 156 40 97 71 46 141 139 122 23 133 75 68 105 71 65 56 68 138 118 65 61 109 80 113 65 40 79 120 136 94 127 95 103 99 61 115 63 132 39 64 152 20 130 86 72 88 137 159 82 64 111 28 122 115 82 39 94 34 100 76 115 68 130 23 91 144 56 65 34 123 88 84 52 84 107 152 22 139 86 88 84 126 112 94 73 102 164 87 50 128 73 87 155 81 89 85 151 87 109 31 104 95 55 88 55 33 100 79 65 66 93 137 
46 64 38 88 149 50 101 162 67 124 105 49 133 152 104 136 36 137 38 42 148 108 126 158 104 123 86 96 175 157 15 28 66 73 53 82 149 114 61 96 106 99 101 130 94 44 107 115 150 70 96 86 132 35 89 173 35 134 141 61 76 97 31 123 14 112 38 155 145 85 81 78 24 137 70 137 92 139 126 118 86 73 70 96 76 128 97 12 50 82 77 104 120 105 22 77 60 187 89 79 54 115 106 15 108 74 97 46 101 66 118 63 106 72 144 98 110 106 153 134 157 135 91 176 62 52 139 127 
138 58 101 154 153 100 85 92 148 114 124 93 88 84 154 74 166 80 161 74 124 48 113 93 39 110 150 124 21 189 111 36 47 105 162 104 104 72 23 30 81 120 152 79 127 107 20 99 147 65 23 143 156 175 57 177 103 135 28 16 49 164 153 144 144 95 128 102 76 67 109 132 171 173 52 175 89 158 133 46 114 33 155 131 172 146 174 89 91 61 64 44 165 79 118 62 149 73 141 105 92 106 94 136 138 156 80 150 119 20 88 131 120 113 46 76 140 138 145 65 99 170 119 67 171 143 62 119 
59 132 165 76 97 44 97 28 108 39 60 84 188 189 48 161 146 99 117 100 130 104 120 76 47 63 138 44 118 75 63 138 118 163 69 107 119 77 122 100 119 21 143 121 95 115 99 92 38 165 77 95 140 63 66 63 161 105 157 58 182 13 130 101 103 124 73 140 107 124 40 134 122 66 51 106 80 100 166 40 101 117 80 99 122 114 101 132 86 104 72 20 100 148 100 87 168 14 26 88 102 22 147 85 110 121 170 93 86 128 83 128 124 72 71 128 107 96 134 65 42 89 64 19 68 130 182 105 
126 116 124 94 97 166 118 35 138 47 59 104 17 99 100 139 114 111 62 109 169 120 112 40 84 51 76 124 68 28 102 77 66 85 141 169 166 176 60 135 119 132 164 170 103 150 147 38 92 69 143 105 93 84 73 80 112 169 130 43 86 74 115 93 146 72 176 108 147 122 118 68 105 38 77 129 151 105 59 46 93 113 123 86 122 53 97 152 81 145 117 125 74 44 93 61 132 120 73 146 68 66 130 116 127 143 93 76 114 141 93 145 163 70 116 78 173 56 138 179 98 95 173 99 85 107 71 80 
95 143 68 92 115 135 155 110 81 109 101 129 56 116 62 111 110 72 100 89 132 163 22 114 37 138 55 101 156 113 67 118 120 59 99 167 106 103 39 139 71 105 105 116 99 70 65 165 69 130 82 49 131 86 89 47 154 60 179 84 34 128 82 139 107 91 133 100 112 105 67 37 136 73 89 24 135 127 101 79 107 108 120 61 125 86 94 47 159 101 71 155 41 109 129 85 185 90 108 87 116 145 111 139 185 25 112 144 135 98 11 135 108 145 180 88 116 163 140 82 103 91 69 92 165 105 79 132 
162 138 102 142 117 141 73 100 167 115 129 119 77 128 129 125 164 92 100 65 68 114 135 117 75 122 99 163 72 61 124 100 83 115 165 101 72 116 85 110 118 117 159 152 61 96 23 77 143 82 156 91 101 95 116 132 150 161 50 124 105 94 74 83 175 134 61 161 101 107 63 66 93 22 43 61 98 125 33 22 64 74 75 83 101 17 137 108 115 124 93 109 141 94 56 112 126 102 140 94 15 88 91 45 152 134 151 23 31 34 135 132 61 52 153 103 36 113 103 115 129 101 20 91 143 109 131 150 
81 95 103 97 66 187 81 36 64 73 90 95 91 108 149 86 119 63 139 178 100 91 105 110 130 154 85 62 48 92 100 86 106 96 38 76 111 41 96 81 22 128 102 76 115 86 143 95 105 49 91 138 97 159 110 155 139 115 42 105 143 129 120 79 103 112 123 162 59 14 110 117 120 107 54 108 47 54 89 34 114 139 12 47 102 36 64 50 117 112 37 92 113 67 26 35 35 124 89 141 108 112 75 51 129 171 101 114 139 96 82 94 127 76 76 92 87 78 92 104 92 125 52 16 125 107 92 110 
45 170 97 175 57 92 81 91 64 154 47 83 20 96 106 84 82 108 117 59 158 126 94 138 59 128 114 103 118 86 56 43 60 117 137 22 83 93 95 126 83 107 104 64 63 132 156 140 93 131 101 97 90 95 57 114 118 123 86 162 58 113 138 45 66 50 88 101 143 113 100 52 89 112 60 104 152 54 45 42 69 65 170 119 149 38 68 80 106 104 116 97 104 51 76 77 144 115 105 64 119 167 49 177 93 110 45 62 187 74 95 81 130 107 177 55 124 138 59 188 127 132 170 37 38 116 92 143 
142 31 92 94 119 174 127 78 150 65 87 106 72 108 69 65 150 111 76 162 96 95 36 123 51 95 66 127 83 51 167 121 125 105 75 107 25 63 131 105 103 134 49 120 132 35 175 63 84 86 95 159 95 18 123 36 18 121 86 168 137 80 149 168 105 38 106 106 106 74 100 71 152 127 138 120 147 34 122 86 110 102 97 79 109 121 25 153 41 49 95 163 127 109 79 23 60 169 59 128 45 107 99 98 71 42 142 82 97 33 88 126 182 78 83 81 68 77 81 57 128 124 128 101 87 90 56 79 
19 38 109 46 72 115 126 147 26 139 87 65 102 67 97 72 78 63 113 143 89 82 190 139 95 101 91 104 107 59 123 120 171 148 36 76 156 78 177 58 118 178 91 116 39 89 57 66 73 89 116 110 57 123 160 79 115 84 105 99 97 98 83 167 114 42 101 138 44 60 101 43 110 123 94 111 147 72 103 67 117 95 119 154 61 25 93 126 119 84 87 13 100 91 139 99 123 57 40 89 10 140 19 44 82 98 124 104 138 67 166 52 79 70 97 83 70 142 72 97 159 111 131 67 71 92 73 103 
112 86 95 113 169 156 52 167 112 194 159 63 32 39 86 40 150 152 131 84 96 32 115 132 134 118 38 52 124 71 87 113 145 79 184 178 88 85 64 78 89 67 49 118 64 173 177 63 80 47 132 155 114 36 79 100 25 139 77 108 53 25 94 136 120 177 170 103 167 174 58 54 143 143 119 57 90 136 130 59 125 113 33 78 88 104 90 87 60 105 24 107 163 114 153 13 50 162 126 125 99 83 94 54 182 122 44 35 125 51 154 80 147 82 154 98 104 139 123 108 15 154 143 124 44 73 53 60 
95 130 141 104 105 102 123 99 100 75 71 93 106 20 102 171 111 127 73 129 120 182 106 138 49 172 78 121 11 123 179 28 115 84 109 80 48 130 111 134 105 27 36 18 152 35 103 161 112 154 150 139 118 18 115 25 78 97 141 86 96 170 131 161 102 74 28 130 106 110 162 153 62 136 112 76 133 148 146 111 178 62 115 83 117 77 181 145 158 109 99 31 115 104 69 108 110 64 105 123 35 170 99 159 95 94 98 80 105 87 78 151 74 142 99 102 145 97 110 174 87 104 53 95 77 81 72 54 
62 60 114 159 41 34 74 90 52 80 88 166 153 122 98 65 105 70 143 159 102 132 168 58 121 99 143 75 143 110 57 85 152 150 179 103 49 122 104 110 112 83 100 124 20 134 135 105 169 60 161 115 123 121 84 139 97 126 38 62 80 120 110 43 105 157 67 60 140 156 32 86 42 101 109 27 97 145 93 69 95 100 94 92 96 106 89 167 49 61 124 122 58 107 91 111 57 93 95 68 116 96 172 64 69 102 62 53 117 68 71 110 66 116 113 156 92 75 54 178 125 81 59 150 141 171 119 42 
134 167 33 85 90 130 172 91 126 104 61 84 104 132 110 17 127 67 123 28 102 98 137 64 63 54 132 165 122 149 117 124 32 110 93 84 56 58 62 113 54 180 12 80 130 141 28 157 130 179 50 42 86 86 105 77 141 38 130 102 93 52 113 38 85 137 139 151 144 29 80 101 107 163 50 41 140 107 30 154 121 108 94 55 32 125 96 90 110 92 148 133 95 83 130 78 168 96 31 86 110 105 69 96 39 69 57 100 81 160 28 17 118 161 75 124 110 151 109 68 65 127 51 125 48 141 64 118 
178 135 161 77 153 24 62 132 112 140 174 94 91 55 160 85 166 60 15 128 100 70 94 100 122 99 98 144 124 77 151 58 55 115 40 188 36 4 90 55 81 132 107 72 86 61 16 58 43 84 124 105 162 168 99 108 86 62 102 146 22 143 110 132 24 81 134 132 92 183 74 124 93 79 178 68 100 88 81 90 75 17 137 53 53 32 101 78 57 164 53 69 64 163 118 130 166 74 25 39 75 110 105 80 91 155 74 167 50 67 81 102 114 79 134 53 107 119 127 69 39 176 64 114 53 109 43 104 
81 153 140 98 86 177 36 91 138 16 40 113 36 87 134 55 149 146 10 52 99 171 122 52 83 83 80 142 54 57 47 142 84 46 80 88 86 96 70 46 71 64 86 125 72 76 49 182 86 34 105 143 58 137 97 53 96 80 93 22 72 29 151 54 147 70 111 80 38 50 116 122 116 90 178 39 71 122 147 98 147 121 135 120 83 99 145 131 107 150 101 24 55 172 41 54 169 108 78 87 80 140 77 50 67 108 89 146 95 82 96 57 43 88 160 91 121 33 100 114 119 139 75 112 186 181 116 87 
90 67 11 44 52 29 91 134 67 133 26 167 76 186 62 151 141 115 102 85 19 90 44 85 104 64 87 104 108 75 147 104 114 53 52 14 95 122 59 172 77 133 91 128 88 97 164 13 74 128 94 129 113 80 98 25 170 120 52 143 29 188 90 144 59 105 108 112 67 70 157 90 132 46 176 152 121 74 142 139 102 137 54 107 22 74 149 24 80 155 35 80 6 137 142 111 145 67 17 55 191 108 154 104 109 126 85 138 99 78 121 157 105 103 117 85 116 122 39 50 24 72 84 46 55 171 123 138 
73 159 181 143 36 80 130 148 165 134 116 80 164 111 125 85 79 103 110 84 118 140 101 20 79 175 132 168 110 174 43 112 109 174 127 118 51 87 125 155 134 117 160 56 137 31 153 130 115 82 74 120 138 149 83 94 131 110 113 110 151 90 118 36 101 171 110 79 75 68 127 122 135 154 38 98 160 106 103 145 118 109 123 44 172 86 157 56 149 109 155 31 91 152 98 64 95 121 138 133 109 147 97 82 137 44 119 105 58 34 134 73 38 93 69 121 142 127 130 170 101 88 88 101 179 123 100 26 
81 104 60 19 91 40 151 109 146 89 90 43 112 64 155 116 140 96 106 72 112 108 97 23 106 150 46 109 115 30 171 101 155 121 10 124 49 77 68 125 66 99 110 126 159 123 144 101 93 139 83 79 45 168 167 136 161 43 38 132 54 144 36 46 94 56 120 167 87 105 79 100 60 143 94 128 46 83 115 149 68 143 135 50 75 142 161 124 50 103 103 96 172 102 135 9 98 130 97 80 29 70 121 34 60 102 77 68 67 115 105 159 109 156 56 78 61 92 134 161 29 74 84 139 153 23 63 114 
23 122 105 122 75 83 46 150 125 90 46 81 116 40 77 143 141 147 124 61 176 100 106 62 84 102 61 38 96 117 121 193 76 83 128 82 14 130 14 25 49 81 124 135 82 14 144 103 146 107 175 103 66 105 114 120 102 105 85 24 147 59 101 94 74 100 92 91 82 93 106 64 115 65 127 108 153 79 108 80 145 38 37 134 106 61 151 134 151 159 96 59 36 136 178 94 63 86 154 123 89 83 45 126 71 139 76 107 134 153 61 40 163 136 151 123 113 64 61 123 160 110 75 137 69 48 100 104 
82 147 107 66 89 35 127 174 64 140 98 116 86 127 88 84 105 167 107 109 90 166 165 121 120 172 8 92 100 85 115 120 145 69 50 155 155 148 97 123 114 89 133 88 64 112 95 124 72 91 134 112 50 38 42 177 74 157 137 81 70 105 171 56 100 72 136 116 131 188 153 55 83 180 49 126 87 115 129 64 59 159 64 90 131 118 59 37 168 75 93 90 75 105 79 66 150 52 76 104 116 39 104 85 91 74 108 117 98 109 129 66 153 44 137 108 119 142 69 100 103 57 157 110 110 113 100 101 
120 52 108 120 104 156 179 62 128 127 109 106 97 105 86 91 91 89 119 141 78 70 83 142 162 89 70 98 138 148 60 85 92 173 126 59 129 74 141 170 66 113 83 79 111 38 128 73 176 133 61 123 88 106 101 170 28 67 139 134 111 108 110 120 92 136 184 142 168 127 107 94 173 70 93 68 158 163 173 104 95 4 123 107 151 102 138 91 33 121 134 147 58 85 126 146 147 83 87 104 104 141 167 13 152 107 57 41 41 81 37 111 155 56 64 125 113 72 67 70 125 103 85 124 177 53 166 62 
72 46 96 82 146 37 79 36 95 156 84 120 191 113 38 151 68 121 24 102 158 48 71 157 78 103 131 104 138 60 103 51 172 60 74 91 49 45 44 79 107 161 123 111 28 155 102 140 108 100 161 162 101 106 138 103 130 60 151 132 80 112 79 167 91 116 142 160 76 111 99 144 175 112 71 97 158 129 114 46 154 102 115 50 31 143 69 187 50 97 100 134 80 157 49 161 138 170 107 106 190 80 57 46 106 169 82 190 37 136 29 147 86 127 55 90 54 97 97 32 148 50 39 53 84 82 99 148 
157 94 88 147 108 31 162 173 94 60 159 73 53 73 173 102 111 78 110 104 83 103 75 96 108 58 142 160 94 131 177 161 171 73 119 26 65 99 58 44 105 99 147 39 122 145 76 107 147 112 101 59 143 106 44 167 106 140 144 92 38 67 75 87 82 131 168 76 90 37 78 99 166 169 153 113 80 109 51 129 79 116 102 88 140 186 159 47 130 71 117 134 78 135 45 149 35 44 35 116 74 67 92 139 153 104 41 106 87 176 45 118 91 68 88 49 61 59 112 64 175 113 68 87 151 71 126 75 
134 121 109 123 93 65 138 179 62 64 51 153 129 82 81 124 87 65 70 163 121 109 104 54 156 130 95 146 137 109 98 37 18 79 99 155 30 103 41 175 39 44 43 60 115 85 67 124 122 105 107 14 113 74 60 174 110 156 29 183 50 70 68 105 93 188 127 111 37 20 63 73 108 115 34 144 147 74 158 158 152 31 86 82 97 109 46 93 116 69 146 83 122 108 9 117 32 143 89 94 98 64 105 80 184 85 66 91 144 65 86 138 65 42 75 91 109 181 57 62 162 122 34 102 102 182 80 77 
143 95 109 121 171 37 92 165 189 182 82 115 130 81 98 174 41 130 94 76 36 113 162 103 66 115 70 185 153 134 144 93 137 142 69 106 35 57 85 103 111 101 20 49 82 81 109 40 118 67 63 110 100 100 101 58 162 32 80 74 116 157 127 79 106 153 107 99 78 63 80 120 125 154 120 40 74 136 101 147 86 78 52 103 59 119 40 24 38 66 87 19 63 82 115 99 72 103 141 94 173 53 129 114 114 47 143 101 46 125 94 82 113 140 117 103 160 83 72 92 54 64 114 153 45 59 46 46 
85 69 135 114 75 78 75 131 140 140 182 121 86 176 99 65 111 168 140 103 74 36 75 114 164 185 108 133 15 125 133 67 92 62 78 65 85 89 142 102 61 81 101 140 39 78 132 134 68 37 66 117 52 71 43 54 153 86 101 124 122 90 122 100 64 55 94 144 99 73 120 148 93 106 133 65 13 16 75 48 104 135 118 22 151 18 144 71 53 77 110 100 121 102 132 38 84 96 120 63 110 93 100 64 183 144 94 187 25 31 71 23 85 29 52 68 39 91 137 155 45 51 14 84 118 70 53 150 
106 59 102 85 125 108 94 22 122 47 165 187 113 83 122 118 118 77 49 120 114 105 173 173 153 142 38 12 162 123 52 19 5 73 62 117 105 41 75 177 120 33 130 98 94 24 171 122 105 136 93 120 89 152 110 143 62 42 107 93 116 132 135 60 115 83 173 175 166 108 125 93 52 104 135 147 127 82 96 92 121 132 90 70 174 119 61 75 38 130 59 76 78 10 118 32 55 22 53 132 48 82 52 101 42 87 101 30 118 188 127 55 68 133 138 67 115 47 99 43 82 96 76 153 63 152 84 143 
108 63 56 55 144 98 80 104 117 116 68 101 76 117 155 114 116 40 114 77 117 142 58 108 90 65 43 55 111 86 119 132 138 131 142 74 102 93 44 102 98 166 165 88 34 137 173 66 38 73 22 107 112 127 123 143 136 101 163 79 90 46 154 143 65 180 70 112 169 115 154 106 104 16 132 134 68 127 58 136 98 105 127 22 130 91 45 163 157 175 94 137 54 106 188 89 116 70 92 94 123 69 130 167 112 139 83 26 101 196 76 131 102 120 144 154 106 94 173 92 132 149 104 131 58 181 155 119 
115 71 46 110 63 73 142 133 111 93 158 93 119 118 105 101 129 116 56 186 96 92 73 98 71 141 76 66 191 50 169 43 107 135 49 81 113 144 106 16 76 132 145 17 100 70 52 51 77 89 43 54 60 138 94 119 112 109 50 178 178 176 38 94 127 49 93 71 153 34 120 133 135 132 144 72 108 88 159 14 71 49 57 62 48 121 113 112 97 126 70 89 127 140 31 84 101 64 106 76 73 63 94 99 116 70 176 75 53 175 123 157 153 49 46 116 140 119 169 59 108 135 102 154 34 116 170 105 
116 67 35 58 102 82 102 63 102 114 45 109 134 50 115 113 113 121 48 92 168 171 62 91 53 49 129 37 76 156 188 164 68 53 54 132 114 89 172 109 107 115 154 119 76 137 175 106 129 24 61 108 104 120 111 57 76 27 41 68 39 152 98 128 108 126 68 97 113 144 40 65 147 134 72 84 132 50 83 116 46 19 5 85 141 134 140 71 14 109 133 61 77 119 128 113 128 104 47 66 136 37 112 130 60 99 63 28 120 142 168 169 101 53 98 129 153 123 124 178 138 117 152 150 56 94 127 89 
126 45 93 90 117 64 80 74 76 133 100 167 46 119 83 95 160 87 85 97 88 149 80 130 60 109 60 82 82 138 114 117 174 157 170 103 99 90 125 130 83 100 125 30 115 92 89 80 151 135 98 47 152 147 147 90 133 97 140 100 71 121 160 46 153 87 158 158 80 147 74 13 127 68 108 132 74 101 107 171 142 155 69 125 111 52 162 72 110 49 150 49 158 64 124 89 120 93 38 125 45 145 132 95 92 166 40 77 160 105 56 101 115 40 92 46 154 169 80 96 103 89 63 101 101 121 154 86 
75 95 78 70 119 41 99 27 79 129 108 98 68 87 119 125 109 125 6 86 73 110 85 127 51 109 106 114 118 174 87 51 61 157 131 27 31 79 167 163 102 113 100 31 68 139 158 100 105 127 125 54 54 34 72 136 148 145 107 88 122 74 106 83 79 115 163 129 109 74 136 16 82 127 88 50 101 16 97 123 44 106 132 79 82 71 93 105 72 66 119 145 29 118 95 79 93 110 66 104 104 81 135 74 14 102 36 106 18 95 141 22 116 133 68 61 55 117 43 100 123 124 165 78 135 39 52 18 
138 22 47 80 158 46 156 163 125 137 123 90 59 188 121 31 107 61 98 38 127 85 163 20 55 74 143 6 68 145 43 133 74 169 85 125 121 158 131 38 99 110 56 82 130 126 133 166 59 101 33 89 45 122 103 130 146 93 30 81 147 142 103 115 108 129 173 114 51 158 101 75 96 58 159 83 107 97 200 82 142 97 135 121 97 144 97 100 68 20 25 129 123 141 72 166 110 77 135 61 101 150 122 165 126 100 69 174 111 127 82 191 96 108 80 134 90 132 102 189 63 187 142 102 31 116 103 189 
60 136 136 110 100 94 128 93 112 122 189 79 83 151 79 109 122 107 78 130 62 156 150 82 160 49 52 120 31 144 111 124 74 112 176 104 102 135 111 106 56 136 64 127 23 118 46 40 46 79 22 34 42 86 67 59 111 69 154 90 98 139 145 149 80 64 104 46 129 158 147 48 92 136 14 116 171 123 82 4 64 75 158 151 90 49 108 78 27 45 79 57 110 64 100 50 123 119 162 86 96 115 141 73 120 90 103 89 104 76 187 82 62 144 85 82 95 169 140 61 104 88 71 110 72 78 154 60 
144 110 5 41 136 9 150 66 90 103 104 87 64 67 75 77 152 86 139 31 77 124 141 60 90 146 160 13 17 38 55 80 161 163 32 89 66 99 163 92 69 139 101 66 91 86 114 101 93 107 64 114 69 110 117 125 178 95 121 75 147 102 118 68 145 59 95 154 79 152 86 104 121 98 71 46 142 44 142 64 194 123 43 165 75 89 110 108 136 111 22 19 80 154 24 77 105 128 72 64 101 125 165 166 113 71 102 81 93 105 107 130 181 47 34 130 142 64 101 78 71 128 163 185 18 162 75 130 
124 67 29 160 100 119 110 10 17 144 64 189 61 122 106 182 44 51 132 148 92 123 75 99 92 121 111 135 66 152 121 142 56 166 67 86 48 56 81 93 53 41 122 178 144 73 33 117 113 108 74 139 65 102 95 113 62 100 108 17 121 137 109 143 38 159 4 102 116 31 78 135 132 105 49 19 155 106 97 75 123 186 48 35 143 137 71 69 134 84 39 47 80 84 146 73 161 110 30 25 90 67 88 53 44 100 64 55 115 189 98 82 25 128 138 11 138 159 45 116 147 106 157 106 94 31 101 61 
24 162 71 22 65 70 148 76 84 102 173 50 104 174 123 163 135 105 107 89 128 118 129 117 113 41 29 153 124 23 171 122 83 126 114 101 182 139 187 137 146 114 145 56 56 70 155 80 123 120 75 12 170 97 119 33 115 94 94 137 135 54 123 135 37 64 123 115 102 86 52 118 90 127 57 5 69 132 135 158 43 48 52 117 74 138 60 56 57 148 174 141 111 86 90 113 41 57 41 119 150 162 146 117 92 139 171 160 57 118 66 96 45 111 151 144 120 144 126 155 68 159 106 65 70 117 107 60 
71 112 149 139 118 37 127 112 153 74 124 84 95 177 168 57 81 134 16 111 41 84 86 102 67 114 146 185 120 31 103 147 154 117 73 189 57 144 131 98 31 115 85 125 65 96 131 99 86 61 83 47 119 79 154 78 83 92 55 53 120 107 44 50 134 90 107 50 88 82 103 22 70 22 62 85 125 79 121 151 165 35 117 102 101 90 125 55 51 55 42 54 147 178 91 74 108 100 182 130 67 134 185 64 52 47 47 38 136 110 83 143 80 74 151 33 42 119 87 102 159 137 115 77 101 161 93 185 
104 99 91 47 92 13 117 123 177 62 108 162 18 86 158 91 130 48 81 171 113 56 48 67 73 81 167 116 78 87 130 52 121 90 102 173 150 116 127 118 89 21 60 103 34 76 172 122 122 125 101 102 149 109 61 88 117 96 32 53 83 22 172 75 106 131 151 31 140 97 59 151 174 130 48 141 111 82 97 90 75 143 74 101 38 57 69 135 153 169 98 147 137 35 152 73 118 45 81 93 136 191 96 142 109 106 79 164 112 118 70 44 142 77 36 94 160 98 41 17 14 68 181 191 97 147 15 71 
157 89 75 78 76 144 157 63 89 29 158 175 73 112 147 187 60 78 105 56 119 36 150 132 184 99 64 46 187 72 25 61 24 84 97 178 68 55 108 46 57 136 107 36 123 128 146 114 53 86 17 36 38 121 25 104 77 106 125 32 99 74 86 142 61 118 102 143 186 109 119 18 119 91 121 134 52 71 144 49 89 137 138 90 57 86 132 61 160 75 107 164 103 176 105 152 153 103 84 23 94 38 146 63 145 74 110 148 47 121 117 36 132 94 182 75 96 105 101 165 79 109 164 61 121 71 64 175 
125 33 87 90 69 150 126 94 123 142 117 103 55 107 88 118 160 112 73 97 32 59 35 37 156 88 73 42 106 108 74 162 166 97 137 167 154 82 182 130 107 50 33 159 88 97 174 101 97 94 137 64 68 25 93 90 181 89 96 101 145 149 157 161 151 59 138 69 159 46 40 144 61 45 113 140 162 93 97 108 110 71 60 125 69 132 10 111 65 164 124 111 95 67 130 73 156 114 106 80 84 56 23 86 131 104 107 79 119 77 170 84 145 122 121 134 23 80 156 64 187 88 69 147 52 69 135 48 
188 72 100 68 127 113 76 106 29 107 21 123 100 128 51 142 115 140 161 183 52 120 60 159 50 57 49 115 3 6 133 54 79 113 121 68 149 117 13 78 177 97 64 138 84 12 89 132 152 47 108 50 80 153 126 87 145 167 90 78 131 24 56 124 134 37 91 187 47 93 24 71 75 163 112 71 72 105 100 78 108 69 56 55 135 61 111 6 111 147 37 111 62 134 34 158 129 47 76 126 111 125 143 50 94 116 74 58 131 71 169 192 160 136 123 83 55 79 143 104 34 97 150 118 111 114 172 180 
154 68 115 80 148 156 129 50 53 155 103 93 86 64 73 15 97 101 92 65 76 70 181 130 129 144 174 160 159 100 65 70 177 134 105 84 98 92 68 133 155 84 136 62 52 50 91 86 81 159 115 117 106 41 119 60 158 49 110 57 107 80 149 50 151 168 33 50 130 116 38 53 38 157 97 14 110 72 68 27 136 134 57 51 153 160 65 111 10 64 33 144 103 48 82 116 118 123 179 28 133 53 153 173 97 55 147 89 159 99 80 79 114 86 41 122 180 148 58 44 74 85 31 104 164 92 133 84 
85 78 79 125 161 163 48 48 158 102 28 101 146 159 137 112 85 122 121 66 158 90 115 118 94 153 166 184 84 16 86 112 131 94 117 157 105 76 146 109 76 63 123 134 84 82 61 104 145 101 124 112 104 49 84 105 109 61 92 164 150 155 109 103 159 75 121 97 71 69 66 77 130 175 126 109 49 66 20 45 111 84 148 55 169 75 164 147 64 136 77 85 52 114 162 104 102 121 114 86 179 57 115 118 160 102 92 26 123 92 52 190 117 134 110 97 28 59 66 113 23 161 173 138 107 124 100 134 
27 92 89 59 138 169 50 160 58 37 116 120 141 73 73 141 90 166 84 119 33 108 106 93 22 144 104 119 104 26 65 148 86 168 43 75 128 60 50 62 96 112 44 64 107 77 64 72 117 71 93 37 116 95 87 24 99 124 148 53 101 35 155 103 96 93 134 100 117 146 87 110 59 94 70 133 150 119 25 79 22 39 174 42 98 107 124 37 33 77 102 116 10 110 68 118 133 145 169 121 119 91 78 132 66 44 99 106 163 143 103 60 39 93 132 34 9 101 105 104 191 110 128 79 165 91 86 61 
107 72 34 36 29 97 150 166 51 106 193 76 146 26 85 98 45 146 181 98 58 98 126 98 54 112 98 112 101 112 178 63 104 73 22 150 106 99 106 119 135 122 175 66 152 104 44 20 125 155 109 92 97 163 13 107 31 122 133 69 24 80 31 96 59 90 147 134 134 83 19 100 76 137 89 61 49 145 129 57 19 47 141 54 147 164 111 111 144 85 116 140 148 27 112 143 178 126 146 93 104 85 161 74 74 49 155 71 131 58 54 92 131 110 149 79 124 147 57 132 131 17 110 113 58 74 103 74 
103 55 29 40 74 114 88 89 158 160 130 119 127 178 96 149 76 96 28 41 60 79 75 87 111 102 124 57 35 64 15 149 122 53 68 70 95 111 120 130 133 170 68 76 22 120 165 100 74 41 141 113 104 127 100 163 115 58 95 64 55 6 91 172 36 75 58 80 78 122 63 121 78 54 127 77 158 29 123 110 80 80 111 147 137 103 95 62 103 52 10 148 50 97 122 106 165 113 104 111 127 108 41 108 95 128 119 101 161 49 116 189 130 21 88 106 67 21 59 98 170 106 48 128 90 103 49 105 
124 143 121 91 67 87 165 53 129 120 42 94 113 152 146 114 113 141 78 104 50 148 80 24 18 62 137 192 182 135 115 134 112 141 111 106 108 168 113 148 57 174 98 124 139 105 79 148 44 109 94 67 51 109 91 114 104 107 83 163 172 137 152 102 136 105 85 157 135 108 82 102 10 106 140 119 64 118 141 64 154 84 86 178 35 176 67 134 48 114 110 27 97 176 101 91 107 60 138 83 171 55 114 93 111 39 104 85 108 101 157 189 39 117 78 53 115 90 18 162 98 131 152 66 100 44 170 114 
40 87 29 155 141 68 81 123 129 62 60 54 124 18 109 129 188 109 130 79 151 101 150 150 86 125 91 140 34 126 150 110 121 126 160 75 108 68 89 145 81 102 97 129 86 22 118 100 93 129 56 26 76 79 139 153 69 91 130 118 41 142 98 135 178 79 126 49 45 9 115 132 118 188 31 128 124 95 72 100 24 146 90 91 152 105 130 34 82 162 68 112 122 101 198 91 143 44 86 108 87 58 142 67 46 85 177 40 6 79 148 79 104 99 154 57 152 119 101 105 106 75 130 137 133 122 136 48 
80 109 138 58 73 78 97 124 156 93 170 117 57 87 34 120 70 60 105 151 182 65 135 129 182 160 144 101 139 186 78 75 84 86 92 76 92 171 105 163 76 126 104 85 88 77 62 87 61 85 112 35 77 23 99 13 108 111 78 130 54 111 64 9 94 66 146 161 149 117 99 38 32 89 84 113 89 79 166 50 77 73 113 74 73 152 73 158 116 104 118 143 106 91 91 38 33 147 104 129 113 112 56 117 123 131 128 85 150 31 40 113 103 138 31 143 63 54 16 62 67 124 96 44 95 119 64 137 
74 107 116 103 119 63 67 73 145 163 31 113 186 47 137 146 82 108 145 126 46 81 44 122 107 156 133 187 118 122 156 111 160 96 53 17 146 124 66 129 139 160 77 122 84 60 149 168 132 185 126 35 144 60 123 50 110 57 168 166 169 145 95 98 63 150 147 138 35 32 72 84 55 116 101 128 120 93 110 123 105 161 41 108 118 153 156 129 118 102 133 178 165 107 143 33 184 70 70 131 148 102 107 11 152 63 41 191 152 86 51 27 89 70 146 113 151 132 147 115 143 162 97 77 152 60 73 104 
81 181 75 26 100 49 35 101 157 121 95 139 37 58 57 103 83 95 118 74 129 63 114 147 84 63 155 167 51 115 55 89 124 65 137 131 167 53 56 125 107 146 80 103 126 187 73 14 120 90 102 124 115 169 57 162 64 93 96 74 108 67 121 130 86 52 83 170 44 143 103 96 22 70 64 104 93 110 77 119 128 110 57 100 45 103 114 47 123 121 145 126 113 60 44 147 70 20 55 110 37 89 26 92 110 76 136 140 181 143 94 136 63 179 138 105 62 136 62 83 44 68 117 74 17 103 66 111 
78 108 18 152 118 125 144 128 141 119 119 75 110 78 139 163 125 33 91 75 125 162 86 132 118 52 104 179 138 42 98 194 170 76 117 57 110 68 95 72 183 60 106 78 112 89 141 26 73 108 140 89 105 59 40 126 105 95 31 25 78 17 138 97 154 76 87 107 35 89 141 120 53 92 106 47 38 66 135 162 72 30 41 182 81 84 106 76 179 114 169 146 104 138 86 104 70 55 4 100 158 63 44 104 92 121 165 109 137 119 83 79 111 35 177 61 85 170 90 170 103 81 124 43 96 33 64 63 
148 53 102 112 126 93 127 61 20 81 180 17 100 55 127 93 87 120 174 28 169 63 105 194 82 89 68 134 100 127 90 94 175 16 31 162 33 59 66 40 114 99 173 43 94 79 105 88 146 87 94 141 64 128 89 125 123 68 86 39 87 55 133 80 123 104 104 106 116 94 94 63 132 94 76 66 125 104 61 86 64 25 119 130 93 23 80 126 28 86 121 93 111 83 108 129 131 110 100 132 102 120 147 120 111 77 162 66 148 125 120 91 107 137 96 165 101 78 59 136 140 160 159 124 99 114 21 33 
164 115 128 109 176 132 34 91 70 42 166 96 109 52 20 125 84 23 91 133 31 137 138 152 58 95 44 83 173 69 97 61 139 97 59 102 90 180 85 88 89 117 127 163 73 54 92 102 68 116 15 108 119 45 10 99 35 116 110 75 80 191 109 29 89 116 104 190 74 98 173 110 48 123 73 136 45 104 101 96 101 90 150 67 136 94 84 111 133 179 119 104 127 171 87 113 148 37 158 102 148 10 148 75 114 124 107 160 97 64 35 136 133 121 172 48 104 118 73 165 61 105 47 116 54 111 118 108 
79 5 135 51 74 70 83 56 134 82 67 152 117 123 145 88 78 71 130 123 55 119 112 156 54 86 125 20 155 147 55 96 122 94 48 124 110 127 123 132 108 83 133 39 102 115 106 22 66 145 88 112 167 107 140 83 170 96 105 110 140 108 147 70 83 39 141 80 67 64 53 93 82 69 63 37 145 81 150 115 125 67 162 134 191 38 56 125 53 57 91 85 108 55 58 112 102 89 63 120 10 194 62 34 103 45 96 58 163 29 130 74 117 126 70 99 131 50 91 47 114 109 82 113 87 46 59 75 
133 63 155 103 117 155 80 188 68 39 104 112 135 103 164 119 38 165 119 135 181 73 88 103 48 103 165 45 76 147 111 177 49 136 162 115 114 16 76 174 189 134 109 134 164 106 94 147 130 111 91 75 49 99 19 94 99 172 69 105 77 154 97 121 45 104 167 57 92 105 129 100 52 130 94 112 132 135 122 141 165 88 146 185 96 146 23 143 153 115 78 161 41 114 142 56 107 26 44 147 148 62 38 149 85 52 145 197 29 29 83 160 55 118 134 146 142 87 149 166 185 150 51 100 137 45 120 140 
120 30 132 128 119 74 131 87 173 103 49 122 140 45 115 123 154 105 15 166 74 58 118 178 168 55 131 93 114 174 95 71 92 151 90 138 87 121 151 126 74 138 90 56 87 15 136 85 116 139 45 51 177 98 44 54 159 64 96 80 50 104 82 34 126 85 13 46 139 80 114 64 101 167 99 130 95 74 165 73 166 53 117 64 142 63 86 50 173 118 132 74 108 93 67 117 11 92 104 120 75 34 149 178 122 49 93 20 54 86 71 154 68 84 148 39 106 118 83 109 104 82 72 64 142 160 133 58 
60 115 112 29 80 48 163 141 161 18 119 135 75 88 114 112 169 172 155 90 101 90 169 27 132 63 33 188 31 152 56 114 95 139 24 104 64 63 79 104 58 122 83 52 50 108 138 110 127 185 152 129 93 71 82 182 95 69 39 91 67 109 137 60 71 91 152 106 153 184 114 183 42 112 116 60 92 14 126 120 113 44 92 52 109 145 131 94 97 160 66 74 95 111 46 123 152 110 92 111 114 103 85 122 128 116 75 132 36 19 126 97 154 155 143 140 116 167 48 89 80 117 52 12 108 143 37 36 
102 43 142 138 43 45 73 100 112 113 103 102 121 120 103 57 145 99 33 89 83 54 128 168 118 162 65 149 142 125 73 119 43 51 68 137 145 80 179 14 81 35 132 88 128 74 156 121 143 25 134 171 110 42 98 122 94 102 69 155 108 126 44 102 139 74 107 169 104 85 47 144 87 139 70 99 166 102 100 90 71 100 139 47 106 74 104 116 55 102 44 49 128 39 85 131 63 76 121 77 124 45 52 49 116 8 141 157 166 56 121 172 94 127 69 78 45 128 95 90 147 123 28 46 33 121 149 101 
38 126 142 27 74 96 126 163 66 115 41 152 122 153 144 111 86 94 116 49 104 176 98 151 20 79 57 73 69 128 52 105 125 99 90 185 99 105 133 160 124 86 53 87 73 97 80 170 93 112 151 101 45 142 124 44 98 62 57 74 89 85 119 77 76 108 57 82 41 66 143 94 101 83 176 63 40 36 69 103 102 64 171 47 79 110 107 74 147 92 99 155 119 104 177 128 41 136 165 162 107 96 145 93 75 141 130 88 11 26 88 88 116 119 31 76 145 70 75 51 40 97 129 94 91 47 121 92 
69 136 141 118 125 86 160 33 151 139 165 94 167 119 75 136 89 89 63 105 32 39 47 142 131 129 73 102 112 109 131 155 178 76 77 79 133 149 111 91 131 88 143 76 87 46 150 93 76 144 23 114 62 82 104 35 80 53 100 167 146 138 105 68 107 117 41 190 106 91 101 187 30 26 75 28 77 106 174 89 81 55 160 38 164 148 79 58 89 26 106 71 101 85 40 85 191 140 109 66 160 58 197 20 132 157 88 104 115 122 90 112 173 114 54 159 67 143 156 16 78 112 72 155 129 55 129 87 
90 41 80 66 127 130 86 125 52 120 130 99 81 154 36 57 139 43 74 98 127 88 102 52 189 191 124 130 69 187 118 109 90 16 179 88 141 91 102 155 191 46 54 129 155 101 119 86 114 135 31 139 187 97 138 125 105 117 81 50 95 99 58 67 134 98 41 37 87 144 46 25 118 101 53 120 160 18 111 104 93 115 57 136 112 47 119 131 159 123 163 131 161 108 6 150 152 181 137 148 97 163 29 54 36 166 11 115 72 45 116 137 31 23 149 105 117 127 97 72 104 193 104 150 93 126 106 168 
14 17 52 164 106 41 87 102 41 116 84 126 85 119 21 83 112 107 71 117 25 18 100 89 153 137 124 113 107 129 45 123 114 138 90 112 128 73 184 153 22 114 34 85 81 66 20 128 141 98 34 96 74 33 67 51 87 68 160 67 82 78 34 115 153 109 81 136 176 65 125 31 188 196 175 142 105 95 127 76 105 189 118 110 118 121 77 71 99 92 143 58 49 101 79 31 86 143 119 125 64 29 29 86 19 56 26 122 45 150 172 101 36 93 99 24 77 154 135 29 137 90 69 137 185 132 83 89 
69 166 137 101 57 112 31 166 137 52 131 117 133 52 142 104 77 39 127 125 112 112 31 80 68 68 123 126 96 97 77 39 58 75 24 44 125 64 75 165 105 89 145 61 89 118 88 83 93 11 135 82 95 88 166 154 78 71 28 81 96 121 134 105 61 129 37 29 45 86 94 71 127 76 123 168 56 141 82 187 107 98 66 83 70 117 170 169 80 52 103 54 116 157 148 40 51 94 83 120 35 130 83 71 126 121 88 90 116 172 148 124 118 82 109 142 58 95 147 120 85 110 118 115 120 184 153 121 
112 130 23 61 21 139 92 80 70 143 78 95 187 82 38 140 23 48 37 36 124 121 94 177 140 77 49 50 102 104 103 64 23 74 177 146 72 128 14 147 117 49 148 163 85 63 131 128 145 135 132 94 81 126 52 80 151 110 17 102 57 157 73 159 40 66 111 147 118 138 82 23 55 131 157 169 101 22 191 82 130 82 96 143 44 36 84 192 79 190 60 92 189 189 79 113 27 136 79 91 136 74 160 154 97 172 88 112 137 101 124 80 58 111 177 45 116 60 32 51 48 159 21 72 119 94 103 148 
122 112 132 134 59 170 135 86 99 98 77 39 52 107 119 95 122 172 131 94 128 107 107 103 150 143 107 49 15 153 105 72 113 143 110 77 100 76 51 85 96 90 72 101 151 106 120 124 163 108 61 127 130 182 79 147 74 66 118 114 43 105 38 109 163 153 155 86 91 65 113 85 68 102 153 101 115 116 96 62 181 25 45 80 142 132 145 160 114 117 39 131 130 39 104 103 89 63 111 107 133 117 55 68 154 94 116 173 31 36 118 58 64 93 80 137 157 105 126 79 134 52 85 153 101 89 128 121 
95 108 150 111 99 165 135 121 27 166 23 45 108 164 81 115 83 138 73 167 119 132 92 33 99 111 73 121 155 67 112 68 103 105 96 58 124 160 128 95 79 44 90 106 87 72 113 72 70 145 52 76 107 78 70 82 142 116 161 79 88 103 93 156 136 44 56 127 68 42 140 29 133 120 49 53 40 133 108 144 47 128 111 74 77 94 122 136 86 134 93 110 21 117 99 138 70 179 35 137 121 126 118 84 155 127 119 114 23 93 82 111 93 90 68 18 96 41 64 96 96 135 51 73 129 65 99 103 
150 116 140 47 62 161 184 122 170 132 156 55 78 134 59 132 95 73 187 74 148 54 156 109 92 153 85 60 20 116 140 144 140 175 145 114 74 113 74 54 110 116 113 125 109 144 46 71 116 180 153 76 177 83 97 154 99 113 75 134 160 117 69 56 151 137 64 55 88 75 117 52 138 144 46 98 92 68 80 85 34 138 151 151 36 182 121 123 41 110 132 149 88 78 154 31 146 138 177 96 172 70 134 148 143 69 31 54 149 99 109 177 80 68 84 25 99 12 167 90 110 65 88 53 84 126 112 160 
121 96 134 30 110 84 122 76 83 108 60 146 87 78 134 108 123 57 186 118 72 124 67 143 113 112 113 107 140 30 158 154 127 138 108 181 82 150 77 40 60 59 44 42 31 98 76 128 78 88 103 92 55 81 83 98 102 156 124 53 91 85 121 78 123 108 125 90 49 91 103 68 67 154 116 129 46 61 134 82 130 11 144 33 94 75 134 83 122 97 34 79 106 53 57 143 113 105 61 165 48 99 146 39 140 78 76 159 105 24 142 45 137 18 25 118 71 71 113 53 180 96 49 148 50 99 105 52 
73 116 69 129 96 84 129 61 123 165 11 99 64 96 32 52 94 171 146 49 144 153 79 51 74 156 81 126 87 108 49 64 104 100 45 121 129 81 103 49 155 84 95 150 104 110 140 107 173 116 36 87 124 68 70 104 145 92 110 107 121 116 142 61 113 119 113 54 61 109 160 39 115 106 140 153 154 55 90 95 142 138 120 42 160 96 23 55 180 28 9 124 67 115 152 63 151 62 85 101 104 131 142 106 116 45 145 67 117 77 58 116 157 96 99 71 6 68 158 69 33 124 112 95 65 94 77 53 
81 103 83 29 112 124 76 102 120 118 88 26 194 138 89 59 32 108 120 65 78 116 60 144 133 14 130 121 120 33 142 112 181 95 66 131 127 105 155 151 111 154 130 56 95 106 138 96 56 163 113 78 138 77 142 139 97 75 151 119 33 122 127 92 64 142 72 97 59 181 83 91 47 94 119 123 169 117 132 169 64 159 144 119 98 105 80 79 148 59 101 147 21 90 119 54 132 136 170 78 118 50 87 118 167 128 70 143 127 154 95 60 105 41 12 71 68 14 57 82 17 94 92 151 150 77 121 103 
74 88 25 32 59 197 160 93 94 44 90 93 85 105 128 91 107 126 129 185 95 126 44 110 111 30 113 70 74 114 136 107 100 20 67 180 98 74 92 156 107 152 116 95 55 153 145 134 138 140 103 92 59 81 72 123 110 54 109 127 100 39 130 134 61 69 67 97 112 57 72 137 99 173 169 124 80 43 102 140 101 45 126 87 41 101 156 143 58 66 105 57 59 18 101 16 147 62 90 59 73 91 149 83 48 95 75 156 97 135 147 32 126 64 167 113 158 57 170 125 109 110 19 163 117 171 100 40 
55 107 118 33 153 71 95 73 107 147 74 82 150 173 105 137 106 52 105 31 71 122 110 93 74 129 103 136 51 60 92 30 26 163 138 64 173 29 127 84 157 99 103 184 88 134 65 65 179 82 115 104 188 57 97 108 174 178 68 69 114 50 170 161 123 100 70 32 64 62 92 155 43 92 59 178 96 100 189 61 78 116 155 102 17 165 64 104 44 113 104 132 98 162 105 62 115 83 170 136 165 47 166 109 89 90 51 16 72 29 120 51 79 96 90 53 69 82 125 200 129 102 51 127 80 80 127 101 
164 190 151 118 103 140 61 127 127 152 91 135 162 72 118 85 81 88 109 65 99 42 87 78 110 126 149 135 141 23 121 151 101 86 103 89 91 161 120 106 115 110 92 110 55 157 99 42 98 103 129 92 127 128 159 15 87 125 65 39 119 24 101 29 160 103 125 148 175 162 54 45 82 132 108 138 103 123 63 104 71 147 68 159 14 79 187 34 74 23 191 131 170 98 106 67 143 44 103 140 61 114 185 104 80 147 40 78 104 137 85 48 134 96 110 180 33 17 109 129 102 59 167 92 137 167 78 128 
55 139 178 135 158 16 36 118 124 61 97 91 109 84 83 114 58 104 106 62 44 83 105 163 107 100 86 146 6 124 63 85 35 90 97 141 58 198 36 115 84 97 104 120 33 135 170 89 95 91 101 125 132 124 111 154 104 81 127 176 139 72 88 74 110 57 103 50 113 122 64 51 96 149 135 117 89 124 187 88 128 106 159 137 68 109 88 97 85 161 110 17 106 131 75 124 162 68 81 160 105 109 150 82 117 123 97 112 193 90 110 159 52 135 65 96 124 94 110 102 59 14 184 138 187 111 160 53 
149 43 63 121 111 93 103 106 140 105 103 93 103 109 139 95 81 40 155 85 115 98 75 173 98 97 75 141 119 35 73 109 56 187 152 59 44 114 152 57 49 106 80 100 100 91 119 64 173 69 20 52 170 128 131 143 53 59 51 64 75 84 88 84 75 157 85 39 68 34 114 14 76 104 102 152 63 165 142 71 163 157 106 115 181 164 69 150 31 173 128 110 48 152 130 96 97 117 124 159 47 82 51 72 52 28 129 72 104 69 118 21 85 51 88 49 112 92 19 51 167 184 72 89 87 82 64 91 
131 111 177 105 124 27 128 69 118 136 93 108 78 77 166 60 166 161 109 121 65 99 90 134 115 91 116 169 81 127 115 158 98 59 76 91 136 73 88 156 165 158 91 180 79 176 67 19 99 92 91 16 37 101 67 124 95 150 125 114 112 46 101 139 137 110 124 53 87 102 153 84 153 131 154 150 101 78 102 110 185 106 65 77 191 61 147 118 104 138 79 113 128 66 137 44 77 74 43 124 116 113 100 64 12 46 94 155 150 137 115 72 153 73 53 148 95 151 163 127 92 138 89 130 82 87 134 141 
122 180 135 133 126 128 110 33 109 132 115 67 142 68 163 86 108 149 82 92 40 152 114 159 119 115 127 42 130 98 157 99 146 132 100 79 20 43 101 95 84 129 158 147 65 62 171 68 85 165 143 125 38 87 71 44 77 141 48 53 186 55 179 153 69 110 177 84 151 102 45 118 63 58 34 56 101 135 31 72 18 94 70 101 97 121 52 111 164 107 165 58 90 100 133 95 152 17 96 99 54 87 137 142 108 33 91 129 93 185 120 119 101 129 84 50 65 150 117 80 137 187 87 82 128 104 137 38 
40 131 11 147 134 57 91 188 171 141 124 40 89 123 114 143 125 80 89 59 77 133 94 96 125 111 71 122 96 107 9 95 116 62 119 117 157 111 121 75 176 87 186 61 66 52 143 130 107 105 109 107 116 90 92 73 81 171 141 109 181 171 123 23 48 113 53 82 71 182 59 70 152 181 116 94 121 39 116 78 162 31 117 161 147 71 69 114 92 124 91 74 103 44 122 119 60 103 33 114 111 46 45 160 143 121 47 55 126 132 184 94 89 65 126 99 94 77 171 80 167 111 82 87 104 110 133 69 
68 87 49 100 93 151 146 117 150 37 133 75 45 60 123 101 73 83 81 29 151 116 131 107 141 120 64 133 100 193 92 111 101 93 99 163 44 25 152 97 86 61 184 67 93 139 62 182 71 79 131 92 92 56 73 53 72 119 64 43 116 123 100 63 100 100 166 99 126 80 46 53 84 155 170 127 154 52 103 154 75 101 107 93 15 64 135 172 133 100 86 103 49 170 136 64 73 66 64 21 118 59 120 133 37 149 121 129 106 83 153 103 128 99 112 105 77 121 100 127 78 160 64 134 137 133 168 106 
71 86 127 111 127 157 74 76 75 115 75 193 113 103 32 39 44 16 80 161 172 86 115 170 66 155 87 102 100 94 9 104 23 89 181 98 43 150 141 114 175 145 103 154 137 127 119 105 80 132 150 110 143 79 103 60 54 42 118 104 87 138 26 114 104 101 62 148 75 77 46 150 143 119 105 89 86 18 189 60 130 61 60 185 71 175 48 180 84 134 61 74 105 114 48 137 104 111 63 33 108 75 140 58 36 101 92 87 168 89 121 148 121 103 160 52 53 103 40 101 128 53 91 141 38 69 106 142 