64
49 49 23 39 63 74 55 41 49 6 16 22 26 79 41 46 22 93 35 3 65 9 68 39 18 3 23 56 58 16 52 59 87 96 59 8 10 74 2 100 4 7 76 51 52 14 35 27 26 38 82 15 71 60 96 89 76 43 5 35 69 20 20 12 
84 94 39 4 25 38 11 36 34 80 87 98 72 42 58 27 42 100 32 51 35 19 52 18 84 6 44 83 15 16 71 51 60 76 48 53 100 59 41 94 65 10 58 15 94 93 97 24 75 44 99 1 73 56 90 71 20 16 50 66 23 15 66 41 
8 77 85 88 18 35 53 37 71 79 75 46 20 31 86 15 32 55 78 76 70 27 4 82 50 19 72 72 100 99 37 26 13 68 77 22 49 16 33 79 85 14 3 18 14 40 36 51 19 11 46 12 15 21 44 38 22 75 73 47 51 88 20 5 
99 80 88 50 97 19 79 19 60 57 72 92 82 41 5 29 92 67 15 44 70 52 27 97 1 94 10 92 77 29 49 16 20 68 33 23 29 49 64 94 43 21 82 78 94 35 34 27 18 74 69 57 28 49 80 38 58 84 45 5 62 78 11 10 
87 19 59 84 60 58 99 75 33 17 94 69 62 70 22 74 90 35 53 82 28 50 17 91 19 92 4 35 22 13 85 66 26 10 63 88 13 47 29 96 65 85 92 93 4 57 20 33 1 61 94 18 85 27 78 53 38 50 12 50 55 71 9 83 
44 100 16 58 46 33 38 37 48 98 2 41 26 79 23 56 98 96 29 35 43 21 69 72 44 93 97 15 3 6 23 30 13 28 59 2 13 93 51 89 1 83 19 76 72 49 14 68 100 32 33 60 63 58 100 51 95 85 51 6 11 22 100 32 
76 44 9 76 48 29 99 63 57 82 24 88 29 5 29 32 86 30 55 43 63 33 97 71 94 40 54 97 90 53 40 58 98 86 50 96 26 56 57 67 35 6 20 100 74 17 67 90 39 13 71 52 98 22 64 28 64 72 42 35 20 77 14 40 
67 3 48 53 39 75 14 19 46 38 79 82 60 50 1 71 18 18 97 87 3 92 66 92 23 69 28 22 58 68 35 94 69 53 86 8 31 48 6 95 46 51 12 16 40 84 68 100 1 59 61 38 83 39 65 24 91 100 29 95 28 14 23 43 
98 15 74 87 49 9 32 97 48 76 69 62 85 52 19 59 44 98 60 61 82 73 81 18 63 64 57 17 38 74 39 67 72 57 80 73 79 81 55 41 3 72 69 9 14 51 62 87 83 53 88 49 71 78 88 57 56 13 13 66 43 26 66 61 
54 100 57 21 58 79 79 9 42 88 62 87 92 4 83 3 64 28 33 99 87 23 93 4 33 53 86 67 65 32 68 14 16 83 49 60 75 10 50 36 28 19 92 98 25 45 94 74 69 54 91 60 56 66 74 80 46 25 31 69 34 4 66 66 
81 85 33 32 74 77 15 22 69 89 28 21 100 31 11 68 22 16 65 46 79 41 7 94 47 25 74 72 41 20 84 40 68 2 59 88 66 55 50 75 68 72 64 17 87 73 63 15 60 72 57 69 97 17 29 38 26 20 84 85 100 91 3 68 
56 77 20 37 2 74 74 64 48 31 2 98 10 99 49 37 83 10 22 58 40 65 98 91 6 91 94 97 20 79 24 15 6 9 96 5 100 21 87 9 33 100 94 41 54 46 4 45 67 77 94 72 71 78 58 90 25 31 46 96 28 51 42 70 
76 4 36 54 86 30 100 46 85 32 32 82 41 83 46 21 100 5 68 7 55 64 24 33 94 55 63 22 26 48 15 57 94 71 86 96 79 60 40 18 89 91 60 90 59 84 85 26 15 2 43 7 37 32 88 6 27 92 69 49 48 66 71 96 
9 9 90 7 74 79 73 54 92 30 63 34 34 49 62 4 44 98 90 34 87 82 33 80 21 69 47 76 74 57 79 86 35 42 47 6 40 2 47 30 87 1 30 97 17 72 82 10 9 68 62 66 97 51 45 39 70 6 64 77 70 69 55 12 
69 48 68 3 80 25 94 23 84 69 62 58 37 85 12 90 46 100 70 83 14 30 60 73 36 76 89 53 11 44 40 57 86 98 83 94 40 2 100 95 49 78 42 36 94 26 70 42 75 10 70 84 81 71 82 37 71 48 70 55 95 27 36 40 
60 23 45 81 60 60 98 27 61 7 23 94 70 53 27 16 34 1 69 19 7 53 16 80 92 75 24 21 30 99 89 31 80 25 17 46 72 64 19 5 33 62 2 90 99 67 71 37 89 50 79 81 43 12 92 40 76 59 96 69 34 32 68 57 
20 95 36 82 36 74 99 91 57 84 73 68 99 74 11 27 16 69 7 17 55 73 77 28 12 45 35 10 5 12 75 11 58 78 30 14 85 72 3 54 4 35 3 62 50 75 70 39 47 43 18 7 47 39 100 26 90 84 13 23 65 48 87 9 
97 74 11 88 86 97 13 54 27 32 69 51 45 26 66 25 26 47 84 51 82 28 82 39 93 59 36 37 6 46 100 15 100 86 21 89 91 80 33 77 31 98 88 42 20 18 71 11 6 81 62 3 21 24 71 97 7 59 41 86 67 10 54 50 
62 33 54 73 91 16 72 34 27 81 77 70 99 41 4 17 73 13 64 43 76 93 25 64 75 9 26 99 92 69 46 13 91 57 80 76 99 5 93 96 75 12 96 28 53 36 56 37 87 70 83 21 80 15 56 15 11 64 53 17 40 16 63 24 
30 63 95 39 71 25 43 57 22 60 23 24 70 26 44 32 88 19 15 7 58 90 83 39 25 69 94 68 98 70 8 23 42 38 21 78 52 73 58 33 18 47 49 89 39 38 57 22 36 82 63 8 74 37 13 69 40 72 18 98 24 96 91 76 
100 25 54 96 89 95 17 9 46 92 30 83 49 72 54 85 44 86 48 28 8 52 23 23 50 23 66 61 43 56 19 65 78 1 88 64 4 96 94 54 45 86 65 90 87 83 5 44 13 61 37 9 37 88 62 6 96 23 25 90 58 33 70 57 
27 42 22 28 68 91 24 83 20 21 44 12 91 62 1 76 87 20 11 96 3 79 85 68 68 97 77 57 21 16 88 71 74 50 54 68 2 33 68 19 56 21 72 28 17 52 29 19 56 25 32 79 65 10 72 58 11 72 40 20 13 91 93 12 
5 17 38 94 65 92 81 59 19 43 12 60 89 54 94 67 64 57 26 14 69 11 30 20 40 19 94 80 50 22 6 70 59 17 44 40 65 28 48 4 87 39 21 60 32 31 52 76 6 35 96 46 100 22 13 84 91 54 43 49 7 45 14 69 
21 37 69 18 1 47 59 49 17 48 70 78 70 95 8 19 34 17 72 30 99 14 31 22 66 49 18 7 33 30 94 24 72 38 64 93 54 41 16 62 63 59 96 84 22 58 13 93 21 58 31 68 26 18 8 84 30 70 56 98 66 34 60 87 
7 5 81 78 79 94 6 53 6 39 8 24 1 100 31 78 51 95 86 46 5 39 20 73 14 86 15 44 85 13 82 32 60 79 58 55 11 12 33 89 8 56 89 4 90 12 76 33 14 24 87 36 12 29 89 33 39 43 91 91 26 75 11 43 
40 71 19 6 46 5 63 62 16 75 34 30 6 91 99 50 64 37 74 48 97 42 50 19 37 47 35 95 25 45 65 24 51 24 83 24 99 27 93 51 42 48 72 8 55 16 23 27 48 29 17 24 60 6 6 42 94 32 54 55 56 51 41 65 
21 43 47 25 72 40 67 48 54 13 68 85 76 57 89 92 78 32 53 22 63 62 76 21 68 96 83 70 16 5 12 89 48 41 59 7 48 62 43 42 98 37 25 41 86 40 22 90 84 92 76 47 83 84 74 73 66 80 78 35 68 79 19 16 
64 63 39 30 46 25 16 8 31 19 20 83 11 40 50 19 64 14 47 91 81 65 47 56 76 55 19 3 80 94 63 47 59 65 20 48 85 76 68 55 75 76 52 84 5 80 50 33 85 70 11 79 33 66 13 66 67 90 4 7 34 89 13 92 
95 86 35 45 66 22 90 58 40 81 22 59 1 100 14 55 17 89 3 62 59 15 20 57 29 63 21 69 11 6 16 93 89 36 99 78 10 12 48 28 40 79 14 79 48 45 92 43 85 30 84 60 97 63 49 13 82 45 48 66 38 56 25 2 
39 71 56 4 26 38 40 73 69 53 78 1 14 80 54 79 75 55 64 77 6 85 21 45 9 79 14 93 41 90 33 10 36 31 49 50 68 82 75 43 61 59 11 19 6 41 29 85 81 45 45 72 9 45 36 88 22 41 1 61 47 62 49 54 
13 43 1 73 90 25 49 48 48 89 66 19 76 20 5 28 4 44 44 69 61 3 100 63 74 3 37 79 68 81 63 61 50 68 26 64 9 15 100 4 73 76 99 99 28 81 97 51 26 94 39 37 42 20 85 83 28 6 10 99 82 22 31 71 
96 52 54 58 69 20 6 81 9 28 85 86 56 58 35 10 87 81 86 35 79 93 2 87 53 23 78 45 10 65 100 60 31 76 64 95 40 85 69 41 64 84 70 21 11 42 90 47 27 27 92 64 84 79 8 79 84 100 52 64 55 14 5 10 
58 46 60 42 17 38 98 51 83 87 98 18 46 85 40 92 63 43 54 55 40 7 11 32 28 36 54 50 40 38 86 2 72 37 11 15 80 7 94 76 40 48 42 16 15 73 52 63 76 62 52 35 73 93 6 100 23 19 29 7 61 5 37 27 
68 100 54 8 68 62 88 13 63 41 56 7 17 52 36 96 36 16 22 16 28 70 58 75 13 54 50 13 73 70 16 80 7 50 95 10 1 12 63 4 60 77 53 98 71 1 70 68 63 5 89 9 5 94 23 57 10 82 74 26 26 40 63 81 
80 72 96 17 13 81 44 95 20 69 3 80 70 34 3 90 43 84 93 92 98 48 53 89 99 48 70 44 43 62 69 58 91 99 61 74 36 80 48 68 63 69 4 75 86 79 70 75 74 81 80 51 15 85 35 16 47 98 27 38 88 59 92 88 
60 35 61 45 85 12 34 84 64 6 10 11 85 62 5 39 5 70 22 33 19 57 83 2 80 32 73 49 46 41 20 82 42 53 38 47 33 56 64 33 6 55 81 24 75 97 12 17 65 38 66 28 90 26 53 37 95 39 54 94 1 27 31 13 
26 82 96 33 21 25 24 71 38 47 83 44 92 32 33 46 94 37 36 57 16 64 13 96 65 86 99 61 31 89 19 79 14 60 13 23 100 64 52 50 38 54 61 80 73 7 56 21 52 37 96 57 71 70 13 99 26 81 26 61 56 31 67 98 
40 4 93 71 43 48 23 62 7 85 64 100 87 7 8 90 25 36 9 7 8 50 71 57 55 89 97 48 51 18 65 89 84 58 56 94 52 50 90 80 53 72 87 98 60 27 95 26 35 14 19 80 40 42 91 70 49 5 38 51 91 93 45 33 
38 7 28 99 89 57 19 92 85 65 33 61 21 50 36 72 100 4 74 6 90 41 57 47 27 17 53 29 16 54 92 1 44 93 63 13 80 87 9 26 23 99 58 63 83 98 15 37 28 87 39 20 3 70 85 57 18 94 20 17 22 48 67 90 
1 100 78 9 9 16 19 31 18 59 14 46 55 63 74 39 94 69 46 10 37 37 18 56 77 91 90 86 65 16 42 59 28 32 36 93 38 20 10 22 41 56 9 33 72 61 82 83 48 91 71 40 32 53 59 73 15 86 67 69 35 70 29 87 
51 66 38 57 67 62 48 9 1 70 81 54 62 62 49 72 83 10 55 89 26 78 55 41 72 9 10 75 21 83 48 45 52 75 86 26 39 100 17 95 37 51 70 74 34 68 87 29 74 86 84 70 52 47 22 32 63 28 19 64 82 95 76 34 
52 1 71 73 23 87 38 98 69 78 60 13 88 35 37 40 32 61 7 32 70 43 78 51 5 11 73 85 57 19 83 14 87 66 58 11 69 2 13 99 29 20 70 1 53 74 88 95 8 79 91 7 35 64 38 81 85 74 65 39 33 72 92 21 
81 11 52 81 31 80 38 5 65 72 45 91 38 56 26 12 79 15 17 38 59 29 24 35 23 14 85 83 77 13 75 49 28 42 83 42 20 70 43 99 17 22 84 42 93 9 46 28 52 26 86 52 90 78 57 7 33 52 33 38 79 71 28 78 
46 68 89 15 5 62 19 99 25 83 24 91 29 14 53 43 87 68 6 71 37 56 40 8 99 75 67 67 4 57 47 76 23 80 45 80 80 39 81 7 39 59 52 86 63 27 40 13 6 23 32 76 87 39 70 19 2 86 96 65 41 60 45 98 
49 14 65 20 6 90 65 25 32 86 60 13 84 40 44 96 47 54 37 18 38 55 83 62 53 81 91 97 14 83 61 33 42 51 76 61 34 34 88 57 31 22 94 63 95 19 39 79 26 18 48 13 19 67 38 4 34 31 11 40 20 36 86 79 
29 71 46 85 12 88 38 30 62 15 93 75 81 37 87 93 83 64 85 37 73 28 59 80 35 56 27 62 7 33 73 18 7 20 10 65 73 63 95 7 3 51 20 76 31 26 54 1 90 20 16 12 72 50 24 31 92 29 29 94 90 80 62 65 
83 13 84 11 45 68 79 47 92 81 62 82 62 99 44 76 34 90 27 12 36 61 23 23 37 17 72 60 58 65 63 33 96 100 100 67 67 84 56 43 99 3 29 75 64 87 86 80 81 57 41 50 100 91 40 64 6 51 38 68 93 16 96 76 
55 27 34 47 67 92 14 23 6 37 38 39 96 30 62 94 74 98 92 56 78 49 14 58 37 36 60 31 78 72 95 36 89 16 43 70 62 76 84 24 9 75 30 38 76 54 80 78 93 90 43 71 36 35 92 46 36 54 1 26 38 92 3 91 
81 37 79 40 92 24 33 92 55 82 10 71 22 71 24 36 11 98 83 4 21 100 45 94 11 2 18 52 28 4 40 17 55 96 37 60 18 73 11 52 16 20 86 90 96 47 29 86 95 3 84 93 100 29 24 21 79 67 31 96 99 47 71 80 
89 58 95 81 52 76 55 2 26 53 2 27 85 53 85 31 16 69 92 35 65 85 30 37 97 16 40 96 62 31 21 12 31 13 62 78 72 96 78 98 59 61 70 23 66 54 23 83 8 89 40 28 15 74 85 40 79 61 94 29 21 54 13 95 
43 15 62 33 91 89 50 7 21 45 98 57 35 47 66 23 43 92 32 32 58 7 84 56 87 78 98 10 14 39 6 96 89 89 48 11 45 90 4 40 61 73 50 26 26 46 40 43 19 42 74 55 95 17 82 94 98 38 78 36 89 35 16 48 
85 89 76 26 23 21 60 84 21 70 89 37 16 77 66 5 65 62 52 96 7 34 38 81 79 16 88 85 59 71 12 39 6 17 83 47 69 71 11 50 74 43 53 55 23 98 22 97 95 44 60 20 99 99 10 76 69 8 87 95 50 59 72 31 
12 64 87 82 76 78 94 15 53 5 94 78 96 80 10 63 54 1 20 36 5 42 55 67 10 27 61 82 13 15 71 97 44 44 20 3 37 13 8 93 1 81 16 93 44 27 89 56 17 80 75 50 48 34 59 3 48 48 55 73 44 2 52 1 
76 57 12 14 36 84 94 93 59 13 13 71 74 68 8 37 81 63 95 100 26 2 28 64 67 61 90 7 45 88 23 18 58 11 28 6 60 44 86 56 67 49 78 24 100 56 3 3 66 42 47 77 35 85 50 4 66 40 20 15 12 15 70 39 
65 78 9 75 44 100 58 85 98 20 89 35 97 84 83 61 16 18 96 77 81 66 10 12 2 43 77 64 93 97 34 38 95 26 42 73 63 67 21 38 49 43 83 20 58 70 96 31 74 43 74 16 30 67 74 64 98 60 4 29 63 50 29 50 
69 81 26 3 20 4 68 5 18 85 39 14 62 53 75 57 17 15 96 97 7 26 64 31 96 11 86 85 86 17 18 65 5 26 31 81 45 88 41 34 7 33 96 96 90 17 31 95 73 32 32 72 60 26 41 19 9 94 52 23 78 51 84 16 
86 53 83 76 48 19 31 17 89 90 3 89 82 28 29 2 10 9 72 15 85 96 43 79 59 45 8 53 41 60 31 36 53 59 31 61 19 28 84 1 43 94 16 7 56 60 47 34 23 75 35 33 61 47 17 69 58 37 49 7 60 14 14 28 
74 57 45 3 55 29 83 18 93 46 11 52 80 77 98 55 83 15 13 29 95 68 85 52 100 67 10 36 47 15 18 73 82 23 21 95 62 36 91 43 72 50 26 99 8 74 29 61 6 73 73 70 54 68 76 54 56 68 100 79 32 14 68 93 
9 14 11 45 37 95 38 13 26 74 1 41 12 81 91 20 87 32 90 33 35 50 63 98 9 3 76 18 33 99 14 54 1 75 4 97 82 30 83 36 96 42 74 62 1 81 36 55 77 49 86 50 64 46 81 84 15 26 38 6 72 76 82 97 
11 68 85 20 78 45 20 87 86 16 43 48 88 41 65 25 43 10 12 19 85 31 36 3 83 68 59 91 41 29 91 2 32 15 94 39 4 28 16 22 29 44 84 7 59 20 98 60 33 88 54 55 23 58 68 27 59 100 14 98 54 73 19 83 
87 53 47 27 82 98 68 79 91 34 17 31 4 19 38 75 99 18 21 76 42 45 4 16 3 99 19 89 72 62 35 18 57 45 49 63 47 91 35 50 24 68 20 86 71 40 11 84 95 27 27 78 73 99 56 62 45 11 61 28 87 68 75 78 
97 29 31 17 38 34 34 49 2 25 21 20 77 81 75 78 91 5 38 93 26 76 3 63 93 67 54 4 90 82 40 73 18 57 38 55 84 62 36 54 88 6 85 54 61 95 35 62 94 31 14 34 54 35 17 63 51 72 56 5 94 66 50 41 
37 91 78 15 32 5 52 26 77 58 80 99 47 60 72 76 41 51 20 82 30 32 85 6 81 14 48 67 30 37 77 78 3 100 2 12 39 26 32 76 2 89 40 88 34 71 87 68 73 1 47 22 16 30 9 77 23 84 86 99 35 77 13 97 
47 75 83 74 43 52 8 58 49 56 5 68 19 14 66 20 28 61 46 36 15 52 75 98 4 9 53 95 74 19 17 87 16 93 33 51 100 5 54 39 3 26 48 50 2 83 94 67 95 59 92 32 66 52 75 61 91 21 100 87 72 11 34 96 
192 92 31 70 122 143 132 36 118 123 62 65 98 91 123 91 170 145 126 75 122 146 45 66 67 163 131 181 66 98 152 154 63 79 143 39 68 69 111 164 69 110 57 56 119 149 118 63 126 73 110 109 6 170 115 108 135 102 130 181 46 69 99 112 
92 124 169 108 121 101 151 131 126 21 91 96 74 99 73 94 141 68 115 151 146 66 79 68 126 56 83 46 109 67 120 134 78 99 118 98 88 127 160 8 102 61 151 59 161 90 63 129 153 50 163 94 191 186 86 45 105 44 121 157 72 50 51 118 
31 169 174 116 124 65 64 45 100 103 107 44 184 176 135 85 51 74 115 125 133 51 139 148 36 143 154 146 146 62 106 154 107 111 117 130 78 70 116 70 116 129 104 89 169 103 87 164 91 162 107 43 32 85 136 162 127 96 115 107 118 172 116 68 
70 108 116 74 155 89 95 7 73 79 84 26 120 143 29 151 28 48 102 113 72 58 32 161 151 137 62 74 93 56 186 123 72 73 139 91 183 132 119 86 135 153 102 23 45 159 138 116 93 22 113 93 60 107 138 170 113 130 92 167 65 164 97 60 
122 121 124 155 82 113 162 146 120 106 132 64 20 180 176 48 30 61 86 109 167 70 107 118 104 68 195 70 38 156 131 137 171 143 87 117 40 151 162 152 83 69 104 133 98 100 96 41 123 163 101 136 107 154 160 109 180 144 129 128 133 137 98 98 
143 101 65 89 113 30 50 102 104 69 156 123 70 135 131 120 25 138 165 69 56 82 182 140 92 73 78 119 100 21 76 122 117 111 102 156 144 91 141 69 144 82 58 185 64 178 95 118 142 96 87 107 99 30 29 82 31 75 116 72 68 110 106 89 
132 151 64 95 162 50 126 176 167 42 70 139 23 114 106 87 130 119 35 94 72 98 85 118 135 78 81 70 97 87 114 96 99 30 54 72 108 148 27 121 75 13 7 109 62 76 77 59 142 68 64 19 115 78 63 139 127 51 133 102 68 30 148 53 
36 131 45 7 146 102 176 198 99 102 143 93 67 84 77 114 158 111 10 85 78 143 177 170 141 97 112 109 82 97 158 77 138 56 89 64 92 38 59 102 180 68 147 154 109 112 137 92 87 152 63 109 42 110 66 182 119 58 120 142 71 153 167 124 
118 126 100 73 120 104 167 99 78 155 20 135 102 138 22 106 77 99 154 89 64 165 152 177 101 87 40 54 40 123 89 96 128 58 89 56 154 110 141 129 44 127 61 135 27 103 132 131 92 118 67 126 130 146 104 124 127 113 45 148 82 93 115 150 
123 21 103 79 106 69 42 102 155 90 105 101 99 51 74 76 142 87 92 191 90 126 92 133 158 115 44 171 163 108 86 158 70 128 84 83 86 188 136 173 47 29 145 121 113 112 70 74 140 89 132 127 81 153 67 97 121 114 79 94 134 126 171 135 
62 91 107 84 132 156 70 143 20 105 8 27 84 79 87 154 92 134 67 134 148 109 133 75 106 98 71 102 106 59 35 23 124 129 131 146 108 136 120 61 92 115 96 118 82 52 118 78 132 61 135 122 131 157 100 84 114 33 113 140 29 89 143 169 
65 96 44 26 64 123 139 93 135 101 27 200 131 112 106 44 84 88 93 136 144 163 155 93 31 130 68 109 145 106 53 42 110 77 155 153 80 66 86 165 41 77 5 91 152 56 128 83 48 168 83 57 70 87 124 139 67 21 142 73 60 67 177 106 
98 74 184 120 20 70 23 67 102 99 84 131 16 112 26 11 132 32 103 125 172 118 106 136 113 98 124 144 170 69 39 84 75 76 97 157 111 101 134 137 76 143 139 78 147 44 105 67 138 161 161 90 35 177 128 90 32 61 181 57 119 105 55 165 
91 99 176 143 180 135 114 84 138 51 79 112 112 198 37 107 80 51 61 6 54 144 39 125 137 110 194 18 139 115 123 114 106 29 129 126 146 57 84 83 126 89 116 139 48 149 146 44 142 146 109 153 149 119 172 149 105 145 32 76 58 31 142 163 
123 73 135 29 176 131 106 77 22 74 87 106 26 37 144 94 88 72 85 118 110 191 92 117 69 70 142 111 90 118 58 153 34 178 147 62 98 138 111 95 138 106 127 135 178 161 65 12 174 75 52 107 117 84 94 93 72 91 81 65 106 20 102 93 
91 94 85 151 48 120 87 114 106 76 154 44 11 107 94 8 78 89 130 124 91 93 117 131 112 153 41 21 118 69 129 48 158 84 36 118 97 148 183 115 45 103 100 107 106 83 36 104 142 133 57 44 155 121 65 107 58 89 102 65 63 39 154 75 
170 141 51 28 30 25 130 158 77 142 92 84 132 80 88 78 108 149 83 143 133 135 143 138 69 29 80 145 116 172 99 113 108 79 97 63 131 40 32 102 32 84 88 93 43 184 121 90 50 163 90 58 151 75 42 92 128 72 152 144 168 167 117 190 
145 68 74 48 61 138 119 111 99 87 134 88 32 51 72 89 149 68 69 195 62 60 64 44 140 56 174 13 167 114 103 72 118 119 105 36 11 146 147 117 167 72 96 89 163 54 31 97 98 62 109 136 119 105 76 59 68 114 25 99 124 105 61 109 
126 115 115 102 86 165 35 10 154 92 67 93 103 61 85 130 83 69 10 31 101 88 88 75 153 136 97 146 120 109 63 168 106 102 72 129 95 93 93 103 113 65 101 154 81 118 101 40 150 164 85 63 90 134 139 98 108 136 146 61 32 90 78 124 
75 151 125 113 109 69 94 85 89 191 134 136 125 6 118 124 143 195 31 80 41 102 99 133 77 42 148 143 138 169 142 116 41 145 145 94 56 44 81 86 127 120 96 109 145 121 97 113 83 110 76 171 147 77 171 53 79 94 132 148 63 16 40 64 
122 146 133 72 167 56 72 78 64 90 148 144 172 54 110 91 133 62 101 41 120 20 134 49 129 138 108 148 109 108 169 32 103 25 49 140 54 112 147 36 111 99 154 114 124 133 130 41 136 41 115 121 70 66 64 192 143 102 111 114 145 86 85 123 
146 66 51 58 70 82 98 143 165 126 109 163 118 144 191 93 135 60 88 102 20 124 92 125 64 123 82 62 32 74 123 96 120 117 70 105 166 132 68 119 100 176 63 153 57 51 85 112 105 178 60 92 123 79 103 160 138 41 77 142 47 166 102 76 
45 79 139 32 107 182 85 177 152 92 133 155 106 39 92 117 143 64 88 99 134 92 64 88 117 90 109 57 11 181 165 98 99 134 71 158 83 103 185 72 38 85 130 45 98 66 35 51 99 123 121 182 162 15 85 54 63 139 165 26 77 101 104 182 
66 68 148 161 118 140 118 170 177 133 75 93 136 125 117 131 138 44 75 133 49 125 88 44 147 97 48 80 146 132 122 104 82 106 49 100 98 68 104 97 95 33 97 121 65 168 159 130 131 121 167 70 144 99 132 90 125 132 60 84 109 97 181 39 
67 126 36 151 104 92 135 141 101 158 106 31 113 137 69 112 69 140 153 77 129 64 117 147 114 104 112 177 135 83 146 90 65 128 14 66 134 68 81 72 50 153 71 40 60 132 108 162 100 99 49 96 120 78 50 91 119 92 126 161 69 138 11 81 
163 56 143 137 68 73 78 97 87 115 98 130 98 110 70 153 29 56 136 42 138 123 90 97 104 140 140 58 55 128 139 127 135 149 85 64 99 147 114 55 160 188 131 153 78 58 102 16 144 46 30 46 61 67 46 110 124 144 101 92 61 98 96 123 
131 83 154 62 195 78 81 112 40 44 71 68 124 194 142 41 80 174 97 148 108 82 109 48 112 140 106 105 111 101 26 76 119 99 142 146 66 87 117 104 171 82 88 89 57 112 143 97 66 83 144 71 94 144 86 89 104 108 107 134 134 127 98 95 
181 46 146 74 70 119 70 109 54 171 102 109 144 18 111 21 145 13 146 143 148 62 57 80 177 58 105 56 102 182 156 77 118 82 113 97 49 86 57 117 166 95 95 188 73 79 80 132 81 45 37 84 96 121 110 60 123 19 113 105 52 150 71 65 
66 109 146 93 38 100 97 82 40 163 106 145 170 139 90 118 116 167 120 138 109 32 11 146 135 55 111 102 152 133 32 116 110 84 148 81 166 92 87 178 146 172 144 141 97 99 159 115 158 94 77 123 72 61 36 56 132 12 175 29 120 131 78 14 
98 67 62 56 156 21 87 97 123 108 59 106 69 115 118 69 172 114 109 169 108 74 181 132 83 128 101 182 133 190 158 157 154 147 83 104 45 105 88 128 88 178 156 145 126 12 128 66 61 59 86 134 94 28 124 58 76 28 48 176 155 126 117 59 
152 120 106 186 131 76 114 158 89 86 35 53 39 123 58 129 99 103 63 142 169 123 165 122 146 139 26 156 32 158 106 43 97 155 188 154 171 89 78 72 27 125 96 71 86 141 52 85 74 170 169 119 119 130 44 58 92 37 54 19 198 114 135 59 
154 134 154 123 137 122 96 77 96 158 23 42 84 114 153 48 113 72 168 116 32 96 98 104 90 127 76 77 116 157 43 38 42 77 115 52 77 149 144 137 102 48 121 106 162 163 106 66 120 89 112 62 133 112 56 114 157 109 80 104 129 45 47 34 
63 78 107 72 171 117 99 138 128 70 124 110 75 106 34 158 108 118 106 41 103 120 99 82 65 135 119 118 110 154 97 42 44 82 49 87 143 161 66 103 31 109 14 124 115 143 82 40 158 54 79 185 125 42 42 91 138 135 171 65 101 93 148 139 
79 99 111 73 143 111 30 56 58 128 129 77 76 29 178 84 79 119 102 145 25 117 134 106 128 149 99 82 84 147 155 77 82 112 44 139 105 85 61 105 161 184 143 45 176 26 115 71 32 61 141 8 129 73 157 63 99 76 111 84 182 138 91 94 
143 118 117 139 87 102 54 89 89 84 131 155 97 129 147 36 97 105 72 145 49 70 71 49 14 85 142 113 148 83 188 115 49 44 18 130 64 133 188 101 167 12 88 143 101 104 136 75 66 121 112 119 56 192 89 73 154 149 117 47 114 71 156 150 
39 98 130 91 117 156 72 64 56 83 146 153 157 126 62 118 63 36 129 94 140 105 158 100 66 64 146 97 81 104 154 52 87 139 130 68 26 146 57 115 57 34 118 110 98 147 98 131 60 100 67 47 68 37 142 105 112 137 148 55 161 120 58 43 
68 88 78 183 40 144 108 92 154 86 108 80 111 146 98 97 131 11 95 56 54 166 83 98 134 99 66 49 166 45 171 77 143 105 64 26 48 158 99 88 49 154 79 149 129 117 18 80 33 58 72 149 9 155 105 137 96 131 161 177 157 119 43 85 
69 127 70 132 151 91 148 38 110 188 136 66 101 57 138 148 40 146 93 44 112 132 103 68 68 147 87 86 92 105 89 149 161 85 133 146 158 136 160 126 171 150 72 40 122 23 126 111 27 117 87 91 56 47 141 134 107 31 83 99 127 163 121 175 
111 160 116 119 162 141 27 59 141 136 120 86 134 84 111 183 32 147 93 81 147 68 185 104 81 114 117 57 87 88 78 144 66 61 188 57 99 160 4 29 86 107 110 171 140 81 122 59 44 108 135 87 170 64 61 154 49 158 157 128 113 82 83 122 
164 8 70 86 152 69 121 102 129 173 61 165 137 83 95 115 102 117 103 86 36 119 72 97 72 55 104 117 178 128 72 137 103 105 101 115 88 126 29 162 134 94 178 114 71 109 135 86 53 115 154 139 103 85 62 140 68 72 76 114 146 105 62 133 
69 102 116 135 83 144 75 180 44 47 92 41 76 126 138 45 32 167 113 127 111 100 38 95 50 160 171 166 146 88 27 102 31 161 167 57 49 171 86 134 80 104 133 71 122 118 62 62 105 133 67 164 95 61 58 72 152 125 55 97 93 127 140 115 
110 61 129 153 69 82 13 68 127 29 115 77 143 89 106 103 84 72 65 120 99 176 85 33 153 188 82 95 172 178 125 48 109 184 12 34 154 150 107 94 104 130 49 109 97 142 107 97 85 136 101 147 27 73 108 137 92 74 54 117 99 102 143 60 
57 151 104 102 104 58 7 147 61 145 96 5 139 116 127 100 88 96 101 96 154 63 130 97 71 131 88 95 144 156 96 121 14 143 88 118 79 72 110 178 133 49 132 123 106 59 138 90 88 56 135 124 97 193 80 80 128 77 149 97 44 49 160 56 
56 59 89 23 133 185 109 154 135 121 118 91 78 139 135 107 93 89 154 109 114 153 45 121 40 153 89 188 141 145 71 106 124 45 143 110 149 40 171 114 71 109 123 164 112 115 53 65 104 104 121 81 40 122 147 47 95 178 61 103 38 64 52 161 
119 161 169 45 98 64 62 109 27 113 82 152 147 48 178 106 43 163 81 145 124 57 98 65 60 78 57 73 97 126 86 162 115 176 101 98 129 122 140 71 122 97 106 112 14 144 164 161 73 128 72 109 67 114 87 97 77 177 187 178 164 142 116 102 
149 90 103 159 100 178 76 112 103 112 52 56 44 149 161 83 184 54 118 121 133 51 66 168 132 58 112 79 99 12 141 163 143 26 104 147 117 23 81 109 118 142 59 115 144 12 107 140 85 84 37 116 45 170 148 126 193 96 69 89 105 132 176 121 
118 63 87 138 96 95 77 137 132 70 118 128 105 146 65 36 121 31 101 97 130 85 35 159 108 102 143 80 159 128 52 106 82 115 136 98 18 126 122 135 62 107 138 53 164 107 120 133 174 143 138 166 24 97 143 69 74 149 70 128 53 41 111 109 
63 129 164 116 41 118 59 92 131 74 78 83 67 44 12 104 90 97 40 113 41 112 51 130 162 16 97 132 115 66 85 66 40 71 75 131 80 111 59 86 62 97 90 65 161 140 133 192 116 167 108 93 137 93 60 97 117 129 38 36 40 188 47 86 
126 153 91 93 123 142 142 87 92 140 132 48 138 142 174 142 50 98 150 83 136 105 99 131 100 144 66 81 158 61 74 120 158 32 66 60 33 27 44 53 105 85 88 104 73 85 174 116 154 66 25 38 156 164 128 104 12 20 86 96 104 158 145 138 
73 50 162 22 163 96 68 152 118 89 61 168 161 146 75 133 163 62 164 110 41 178 123 121 99 46 83 45 94 59 170 89 54 61 121 100 58 117 108 115 133 136 56 104 128 84 143 167 66 162 13 55 58 114 82 93 123 86 58 106 119 68 60 70 
110 163 107 113 101 87 64 63 67 132 135 83 161 109 52 57 90 109 85 76 115 60 121 167 49 30 144 37 77 86 169 112 79 141 112 67 72 87 135 154 67 101 135 121 72 37 138 108 25 13 20 109 69 86 53 123 22 84 125 75 158 93 104 91 
109 94 43 93 136 107 19 109 126 127 122 57 90 153 107 44 58 136 63 171 121 92 182 70 96 46 71 84 123 134 119 62 185 8 119 47 149 91 87 139 164 147 124 81 109 116 166 93 38 55 109 114 84 99 111 68 96 124 103 132 88 54 108 68 
6 191 32 60 107 99 115 42 130 81 131 70 35 149 117 155 151 119 90 147 70 123 162 144 120 61 94 96 72 94 119 133 125 129 56 68 9 56 170 103 95 27 97 40 67 45 24 137 156 58 69 84 190 83 75 131 124 69 106 84 74 150 43 59 
170 186 85 107 154 30 78 110 146 153 157 87 177 119 84 121 75 105 134 77 66 79 15 99 78 67 144 121 61 28 130 112 42 73 192 37 155 47 64 85 61 73 193 122 114 170 97 93 164 114 86 99 83 162 73 134 80 58 89 119 119 151 53 100 
115 86 136 138 160 29 63 66 104 67 100 124 128 172 94 65 42 76 139 171 64 103 85 132 50 46 86 110 36 124 44 56 42 157 89 142 105 141 61 62 58 108 80 147 87 148 143 60 128 82 53 111 75 73 118 108 113 17 126 94 90 107 96 108 
108 45 162 170 109 82 139 182 124 97 84 139 90 149 93 107 92 59 98 53 192 160 54 90 91 110 89 60 56 58 58 114 91 63 73 105 137 134 154 140 72 137 80 47 97 126 69 97 104 93 123 68 131 134 108 114 156 41 30 79 48 92 164 116 
135 105 127 113 180 31 127 119 127 121 114 67 32 105 72 58 128 68 108 79 143 138 63 125 119 124 104 123 132 76 92 157 138 99 154 112 96 107 49 68 152 92 128 95 77 193 74 117 12 123 22 96 124 80 113 156 116 115 139 140 33 151 108 103 
102 44 96 130 144 75 51 58 113 114 33 21 61 145 91 89 72 114 136 94 102 41 139 132 92 144 108 19 12 28 37 109 135 76 149 137 131 31 158 72 125 74 77 178 177 96 149 129 20 86 84 124 69 58 17 41 115 168 71 148 99 152 68 116 
130 121 115 92 129 116 133 120 45 79 113 142 181 32 81 102 152 25 146 132 111 77 165 60 126 101 107 113 175 48 54 80 171 111 117 148 161 83 157 76 55 54 149 61 187 69 70 38 86 58 125 103 106 89 126 30 139 71 182 55 112 106 56 69 
181 157 107 167 128 72 102 142 148 94 140 73 57 76 65 65 144 99 61 148 114 142 26 84 161 92 134 105 29 176 19 104 65 84 47 55 177 99 128 114 97 117 97 103 178 89 128 36 96 106 75 132 84 119 94 79 140 148 55 80 147 119 58 134 
46 72 118 65 133 68 68 71 82 134 29 60 119 58 106 63 168 124 32 63 145 47 77 109 69 61 134 52 120 155 198 129 101 182 114 161 157 127 113 146 93 99 44 38 164 105 53 40 104 119 158 88 74 119 90 48 33 99 112 147 36 49 64 157 
69 50 172 164 137 110 30 153 93 126 89 67 105 31 20 39 167 105 90 16 86 166 101 97 138 98 127 150 131 126 114 45 93 138 71 120 119 163 82 105 127 102 49 64 142 132 41 188 158 68 93 54 150 151 107 92 151 152 106 119 49 194 167 116 
99 51 116 97 98 106 148 167 115 171 143 177 55 142 102 154 117 61 78 40 85 102 104 181 11 96 98 71 78 117 135 47 148 91 156 58 43 121 83 62 140 143 160 52 116 176 111 47 145 60 104 108 43 53 96 164 108 68 56 58 64 167 112 101 
112 118 68 60 98 89 53 124 150 135 169 106 165 163 93 75 190 109 124 64 123 76 182 39 81 123 95 65 14 59 59 34 139 94 150 43 85 175 122 133 115 60 56 161 102 121 109 86 138 70 91 68 59 100 108 116 103 116 69 134 157 116 101 146 