32
25 31 69 12 26 4 74 91 35 32 19 61 37 76 23 31 8 42 39 1 78 9 17 75 2 46 94 43 78 45 52 30 
15 66 25 12 75 94 39 67 6 8 6 88 91 8 30 30 65 39 8 91 1 9 66 20 36 39 90 48 85 59 10 58 
6 90 72 100 9 32 80 64 99 37 20 17 20 99 65 3 14 51 81 67 78 6 98 46 77 46 46 28 82 19 64 12 
77 9 99 83 17 77 74 74 93 87 73 84 20 82 75 70 78 88 60 47 1 97 61 6 30 20 43 57 88 21 11 86 
15 25 59 26 15 41 13 2 10 18 53 80 20 86 87 28 84 52 54 90 10 86 73 66 43 63 36 8 35 75 80 14 
99 90 23 13 87 70 26 88 99 43 87 2 31 75 55 100 61 41 49 20 87 88 83 76 8 43 72 23 75 6 40 91 
31 17 94 36 90 60 54 22 57 86 38 85 56 30 53 91 88 60 41 19 23 3 6 71 40 6 96 64 68 50 69 8 
49 38 76 2 29 100 67 11 67 17 74 72 85 83 27 14 52 88 2 88 82 19 50 44 34 84 75 39 78 82 66 58 
69 97 65 29 88 49 7 76 74 34 27 63 17 24 65 24 28 97 66 30 29 3 1 65 60 69 5 27 75 17 90 51 
34 92 44 92 41 31 33 52 84 49 35 74 41 32 59 74 49 82 63 7 58 8 70 23 21 97 39 37 52 52 27 41 
58 93 62 73 71 21 19 47 99 63 44 98 56 77 35 16 93 84 5 91 54 49 77 12 23 38 19 25 46 30 61 97 
81 39 81 99 63 56 40 77 38 18 5 71 44 95 28 34 82 6 63 47 61 99 96 48 75 3 69 75 57 42 28 59 
27 53 39 70 37 4 63 78 92 91 3 99 95 37 58 77 33 41 22 6 2 7 32 38 93 23 20 60 55 23 91 67 
12 99 17 21 57 1 82 60 93 99 30 21 24 60 17 74 6 28 7 22 30 75 86 34 34 74 100 51 18 1 53 48 
44 6 83 65 47 20 15 54 43 90 25 49 66 35 41 83 68 21 45 72 38 94 23 59 65 86 13 91 97 88 84 26 
35 27 30 6 50 83 60 70 50 28 80 22 45 29 77 82 7 75 66 35 12 94 86 100 55 66 97 87 11 72 38 38 
69 81 75 20 95 35 56 57 96 25 80 5 69 62 29 51 3 85 92 38 43 1 46 62 9 5 8 44 67 1 21 17 
53 16 72 34 82 57 16 55 90 64 55 61 49 13 42 42 28 79 80 20 69 88 85 91 19 45 64 84 16 41 1 40 
96 26 91 36 40 71 12 36 48 80 22 18 40 18 46 53 25 40 15 31 63 78 67 96 36 16 55 49 8 6 45 66 
15 79 52 5 3 47 45 5 97 94 91 60 79 79 3 73 44 63 69 61 92 81 73 7 8 87 4 5 40 21 28 95 
38 1 28 55 62 18 79 37 26 30 78 35 80 88 38 33 23 67 8 67 87 69 41 41 60 8 13 15 94 78 32 53 
94 33 56 1 6 37 82 92 43 78 14 97 82 65 9 97 93 66 9 59 89 9 85 94 100 13 85 58 23 53 79 90 
13 6 64 59 33 34 20 22 41 97 35 74 49 29 30 98 61 46 38 81 13 97 53 55 73 51 69 17 53 43 66 37 
4 7 38 94 66 42 78 74 100 34 22 94 50 71 13 88 42 100 58 49 97 97 20 38 43 10 94 32 50 23 9 98 
96 37 9 14 3 69 2 94 46 67 69 94 26 6 14 26 38 46 57 23 15 11 18 49 38 99 14 93 69 7 15 88 
32 34 5 49 72 43 79 20 98 98 59 77 94 34 27 69 20 34 85 18 93 74 62 81 42 58 25 57 40 7 62 73 
54 23 65 33 44 44 76 75 27 89 39 72 96 98 100 51 95 62 3 36 91 24 13 86 8 47 54 4 100 1 15 83 
19 64 35 11 46 82 29 96 91 45 41 91 18 72 54 93 1 75 66 82 86 82 78 59 77 80 58 80 84 14 92 84 
92 100 72 42 96 18 43 90 27 19 19 59 42 8 40 62 30 94 48 45 69 41 18 35 61 96 45 57 83 17 45 7 
16 48 32 3 22 22 82 87 34 93 98 19 21 67 12 40 93 54 10 7 52 39 59 79 53 85 47 85 55 25 50 23 
22 85 50 88 39 23 54 73 50 14 6 4 51 25 19 13 31 68 99 1 33 48 32 20 41 71 65 100 91 65 17 54 
48 70 27 64 56 9 53 2 3 40 89 94 11 53 67 79 4 72 78 49 26 89 66 88 7 38 32 31 8 57 9 5 
92 50 191 109 51 38 103 87 134 97 79 123 85 114 118 96 165 115 18 130 97 41 121 90 48 87 97 196 74 98 100 37 
50 136 72 164 135 105 97 74 130 116 133 93 100 166 62 43 87 53 121 147 92 126 162 12 110 55 118 148 44 81 174 119 
191 72 132 107 104 52 133 71 81 61 116 58 92 173 90 182 159 116 114 102 51 148 30 132 107 168 137 160 145 113 119 115 
109 164 107 160 84 33 88 120 43 70 66 70 144 74 87 26 120 75 102 41 91 139 162 147 93 87 71 130 69 167 75 85 
51 135 104 84 172 127 141 108 66 156 73 70 166 109 73 50 53 93 96 110 94 91 70 112 127 84 97 106 64 73 60 139 
38 105 52 33 127 152 169 52 80 126 100 74 130 71 54 111 144 109 126 167 65 134 96 130 118 106 94 90 90 85 119 155 
103 97 133 88 141 169 138 12 138 110 74 135 173 55 64 100 124 145 122 73 76 86 81 59 28 126 173 116 138 123 48 106 
87 74 71 120 108 52 12 144 82 101 72 130 89 144 126 54 135 26 114 101 111 123 176 94 121 122 21 134 108 100 85 188 
134 130 81 43 66 80 138 82 164 89 126 37 110 109 80 54 84 75 98 93 179 105 167 142 56 90 48 83 147 56 114 59 
97 116 61 70 156 126 110 101 89 184 49 134 70 108 19 119 118 35 123 83 139 136 119 67 48 190 128 117 158 53 96 194 
79 133 116 66 73 100 74 72 126 49 26 114 191 31 67 162 79 39 138 70 121 146 91 160 99 82 46 156 128 49 42 128 
123 93 58 70 70 74 135 130 37 134 114 42 143 170 128 62 82 123 35 137 100 84 85 85 98 26 131 104 99 76 55 40 
85 100 92 144 166 130 173 89 110 70 191 143 160 146 121 181 150 141 101 194 143 113 164 137 153 88 134 70 69 143 144 86 
114 166 173 74 109 71 55 144 109 108 31 170 146 154 32 79 175 146 115 144 72 110 56 93 134 94 81 93 141 143 52 34 
118 62 90 87 73 54 64 126 80 19 67 128 121 32 16 108 138 67 142 92 97 148 72 98 100 71 89 74 129 94 101 100 
96 43 182 26 50 111 100 54 54 119 162 62 181 79 108 96 31 106 172 163 121 142 139 48 57 81 29 95 80 145 150 105 
165 87 159 120 53 144 124 135 84 118 79 82 150 175 138 31 154 69 123 137 160 90 82 40 134 110 88 95 35 154 31 54 
115 53 116 75 93 109 145 26 75 35 39 123 141 146 67 106 69 102 129 106 29 148 103 116 87 148 94 49 172 29 118 116 
18 121 114 102 96 126 122 114 98 123 138 35 101 115 142 172 123 129 122 10 117 98 141 66 49 98 151 161 74 98 68 104 
130 147 102 41 110 167 73 101 93 83 70 137 194 144 92 163 137 106 10 26 109 125 126 142 114 87 49 63 46 132 131 72 
97 92 51 91 94 65 76 111 179 139 121 100 143 72 97 121 160 29 117 109 164 94 164 104 67 147 63 51 127 149 64 163 
41 126 148 139 91 134 86 123 105 136 146 84 113 110 148 142 90 148 98 125 94 54 61 62 40 159 50 80 77 107 142 171 
121 162 30 162 70 96 81 176 167 119 91 85 164 56 72 139 82 103 141 126 164 61 16 137 163 85 167 107 110 132 122 141 
90 12 132 147 112 130 59 94 142 67 160 85 137 93 98 48 40 116 66 142 104 62 137 14 101 124 26 150 119 49 110 107 
48 110 107 93 127 118 28 121 56 48 99 98 153 134 100 57 134 87 49 114 67 40 163 101 152 7 106 84 85 183 27 57 
87 55 168 87 84 106 126 122 90 190 82 26 88 94 71 81 110 148 98 87 147 159 85 124 7 38 123 83 150 189 50 89 
97 118 137 71 97 94 173 21 48 128 46 131 134 81 89 29 88 94 151 49 63 50 167 26 106 123 160 106 89 199 151 69 
196 148 160 130 106 90 116 134 83 117 156 104 70 93 74 95 95 49 161 63 51 80 107 150 84 83 106 186 147 61 128 96 
74 44 145 69 64 90 138 108 147 158 128 99 69 141 129 80 35 172 74 46 127 77 110 119 85 150 89 147 194 22 100 39 
98 81 113 167 73 85 123 100 56 53 49 76 143 143 94 145 154 29 98 132 149 107 132 49 183 189 199 61 22 36 37 165 
100 174 119 75 60 119 48 85 114 96 42 55 144 52 101 150 31 118 68 131 64 142 122 110 27 50 151 128 100 37 20 100 
37 119 115 85 139 155 106 188 59 194 128 40 86 34 100 105 54 116 104 72 163 171 141 107 57 89 69 96 39 165 100 30 