64
75 5 50 71 72 72 36 92 18 72 91 80 26 70 96 6 25 12 77 64 95 54 28 60 54 28 40 49 56 64 65 28 98 18 70 4 93 74 19 93 12 36 84 89 76 15 29 55 61 99 41 89 3 46 36 77 16 70 47 51 94 95 95 53 
71 93 5 58 35 49 92 68 24 37 14 47 11 49 64 52 53 6 19 69 5 19 69 46 28 14 96 68 14 40 38 10 74 44 95 32 99 30 92 9 85 34 23 50 37 21 99 95 53 7 93 4 92 39 87 50 8 67 3 87 27 57 21 32 
28 76 34 40 77 77 23 84 96 35 1 42 86 86 44 90 50 35 90 36 46 60 47 17 99 65 71 4 47 62 15 65 9 80 54 59 13 44 50 45 58 17 37 75 85 79 77 12 35 48 67 81 67 91 8 89 61 85 97 87 82 86 75 66 
35 27 26 59 40 99 51 52 9 57 17 2 21 27 32 8 81 72 5 45 6 5 98 79 51 84 12 75 18 98 59 81 78 1 71 24 50 2 20 13 52 77 6 95 1 70 11 32 2 98 75 48 20 39 71 97 9 61 79 52 73 64 43 11 
61 52 81 78 6 52 57 15 71 5 76 2 49 13 62 56 79 41 79 50 96 97 95 61 84 64 7 100 92 17 44 11 15 8 10 82 14 37 100 23 57 21 17 60 83 45 100 1 9 51 40 50 35 88 12 68 27 29 40 38 43 86 82 87 
2 49 52 99 87 48 4 20 55 5 78 65 17 63 45 58 25 55 5 55 35 6 40 38 24 10 40 56 9 93 59 64 34 81 39 44 38 2 11 2 82 29 55 66 43 51 50 88 58 35 13 61 96 49 28 100 68 43 44 25 55 93 82 61 
55 78 41 41 60 53 73 29 16 85 54 91 54 60 93 24 55 36 93 86 38 92 92 45 76 37 13 19 6 48 1 62 2 39 53 8 89 58 91 50 7 42 92 40 70 13 18 64 78 2 89 16 8 82 15 57 83 11 82 17 2 4 16 88 
86 40 69 50 9 50 69 38 77 91 53 66 61 93 4 39 3 74 75 30 44 31 57 87 84 87 55 55 55 27 33 26 6 92 32 93 16 92 26 59 57 72 30 67 54 50 14 100 97 47 92 74 91 70 32 63 67 98 87 48 53 28 68 2 
52 15 49 56 81 21 97 88 22 54 15 20 87 67 34 62 41 59 99 53 65 33 44 35 76 40 25 29 6 63 5 22 37 9 57 88 52 91 64 45 93 76 9 37 11 85 31 26 47 32 78 16 92 34 43 17 92 41 44 91 36 46 45 94 
14 24 31 86 89 63 64 70 76 33 65 60 42 86 49 85 71 27 45 45 96 71 77 33 79 21 63 62 63 22 21 74 88 37 56 8 56 74 77 83 82 61 99 20 12 3 61 28 33 19 36 87 51 7 8 55 7 27 47 89 56 91 65 95 
60 88 20 29 91 61 93 70 4 5 13 98 45 20 86 100 44 34 18 46 38 29 28 57 66 88 10 86 13 19 52 57 30 59 41 79 97 24 92 57 97 61 65 95 97 40 84 81 55 15 86 83 6 37 55 56 17 17 30 23 4 4 90 5 
82 32 90 5 86 71 22 61 32 78 80 70 3 57 73 41 10 3 24 2 51 6 94 43 86 77 18 72 70 61 44 91 91 57 48 21 72 71 20 82 25 87 95 9 24 6 9 94 75 81 67 25 96 20 6 30 89 84 40 65 51 52 36 31 
22 82 44 68 52 11 20 75 76 46 53 77 7 34 51 40 91 17 70 50 82 98 31 82 73 49 88 47 18 41 2 74 36 15 60 15 79 35 19 34 7 23 66 77 63 100 12 85 43 86 64 34 73 87 35 98 29 74 2 86 17 63 65 19 
69 64 95 1 25 56 30 71 31 87 24 100 70 84 47 41 64 42 78 49 14 94 91 18 56 34 10 29 19 63 61 76 49 3 17 63 7 21 26 93 72 27 40 82 81 56 63 58 39 100 48 55 90 14 81 37 97 53 34 71 5 38 4 75 
49 97 7 87 46 24 70 8 45 85 89 3 25 53 55 67 51 36 11 53 15 41 6 58 37 55 19 39 23 94 25 36 62 29 18 44 37 90 70 66 72 48 2 29 58 34 83 85 17 68 26 14 54 38 9 17 22 19 24 15 28 79 7 59 
39 46 14 71 71 76 99 92 71 52 28 76 32 69 65 93 66 96 95 41 71 60 46 54 53 12 87 94 71 69 15 63 87 73 92 67 43 8 46 60 97 73 66 39 19 90 89 80 39 36 62 67 91 17 41 77 58 70 22 27 20 89 22 63 
39 23 18 73 29 21 78 83 26 40 66 93 9 82 13 57 62 84 46 47 42 38 95 91 72 86 77 30 23 36 28 6 20 46 29 68 30 31 4 33 74 23 16 65 28 12 32 95 90 86 90 90 17 52 49 2 86 88 20 65 98 6 78 81 
100 10 40 92 46 53 70 36 73 68 65 41 25 26 46 52 14 63 89 41 47 41 57 60 9 31 26 65 62 83 89 75 53 48 48 47 47 97 19 86 22 84 71 45 51 44 27 54 57 91 77 83 95 63 99 45 22 55 46 12 87 40 97 35 
57 21 73 75 10 65 90 19 10 88 2 26 27 78 82 78 24 30 89 73 96 84 49 79 85 99 24 52 4 61 2 83 66 95 40 94 36 56 16 2 31 93 40 16 87 52 30 51 88 85 78 52 9 91 43 6 9 57 23 98 78 3 81 92 
49 33 72 58 35 20 32 9 26 6 13 14 61 65 42 14 47 59 54 85 70 30 35 59 96 22 57 88 60 59 7 44 1 36 13 85 63 81 50 47 36 95 74 29 69 60 18 61 1 41 96 6 74 90 69 47 35 43 33 78 45 97 20 48 
59 25 23 100 82 70 67 48 97 15 65 59 44 65 4 6 3 2 78 71 78 93 14 80 34 72 40 59 2 94 38 32 18 6 97 32 55 30 66 4 30 40 43 27 86 28 55 11 74 58 16 48 98 47 17 18 12 73 73 22 72 77 54 75 
18 44 84 9 96 96 46 47 15 17 50 2 33 63 2 67 63 59 39 99 10 31 67 100 92 4 1 68 98 57 99 40 39 30 95 44 43 30 86 54 4 66 63 30 35 7 21 93 35 67 17 81 43 40 26 97 34 8 75 65 35 38 79 46 
88 54 80 21 3 30 77 87 3 11 23 33 31 3 77 73 20 77 74 8 73 74 35 26 69 90 67 63 37 2 94 61 74 48 95 64 19 10 54 36 17 79 77 49 44 97 67 83 65 78 85 52 51 13 12 20 25 18 60 49 44 62 17 11 
59 12 29 93 87 15 28 94 38 25 10 66 15 49 95 46 38 91 48 73 47 67 31 15 8 39 17 83 1 41 50 58 47 52 85 92 62 44 85 97 10 17 7 88 14 6 85 27 60 93 97 89 7 89 63 24 87 93 30 64 62 87 60 20 
33 47 78 95 17 7 70 78 31 41 12 49 23 92 74 38 25 90 85 56 78 3 14 46 34 38 63 86 88 13 83 36 87 35 87 48 83 64 22 30 52 32 51 7 73 100 69 68 79 86 65 1 20 17 78 50 49 71 96 4 17 89 88 75 
13 83 60 27 46 6 66 53 4 63 27 96 77 52 76 88 86 15 3 43 9 47 81 38 98 30 98 100 42 29 95 87 40 95 34 98 51 18 83 34 11 97 48 30 54 45 89 49 43 70 49 35 2 63 40 58 9 32 65 4 1 32 58 67 
47 85 45 72 19 98 40 49 32 13 95 63 30 39 33 94 40 92 96 86 9 13 26 97 97 40 74 75 27 96 98 69 97 73 63 78 12 56 66 18 72 6 100 46 29 97 56 65 68 98 48 12 48 19 96 100 99 94 69 19 57 91 12 61 
38 8 37 8 12 33 65 70 3 59 76 43 61 8 88 73 54 7 13 26 29 15 27 71 36 72 40 9 96 75 59 37 74 15 22 3 33 93 34 76 73 83 24 18 87 58 11 56 52 26 41 88 74 4 33 9 67 52 67 67 62 6 51 86 
63 84 48 91 94 87 84 1 1 46 26 4 83 61 73 53 6 26 72 32 56 46 60 67 51 4 59 72 30 70 36 14 6 88 94 30 19 82 3 62 23 34 95 97 27 50 11 18 60 88 82 4 40 1 62 59 36 79 61 46 25 39 18 50 
76 4 66 69 72 81 26 53 41 75 90 27 54 68 42 59 76 86 14 27 72 44 67 57 47 13 26 66 78 77 98 17 60 30 66 21 26 82 18 34 27 68 60 46 9 47 76 52 16 96 97 4 5 27 21 5 98 83 66 14 65 2 44 87 
84 81 89 33 98 13 39 75 6 55 75 57 87 35 78 15 12 13 28 99 90 71 25 72 49 22 72 64 34 23 18 89 13 36 97 24 22 70 85 95 56 75 40 60 29 17 88 37 56 43 19 38 74 53 44 3 11 28 32 99 65 1 68 90 
49 13 12 61 73 61 32 63 60 55 7 78 4 83 64 82 37 96 79 27 94 4 81 72 31 85 7 80 9 95 21 36 10 39 44 65 8 63 5 72 16 91 2 28 15 77 49 74 60 35 9 24 23 75 87 32 33 90 90 88 84 21 34 20 
1 69 89 8 61 25 44 55 15 37 67 47 76 53 90 44 82 55 14 60 36 55 90 78 74 76 36 63 16 24 59 72 54 7 34 32 42 92 64 54 90 95 68 10 15 57 69 46 53 54 92 82 34 74 49 60 23 14 2 2 79 75 31 13 
21 27 93 50 46 59 47 47 97 79 97 81 84 94 17 71 8 79 59 8 79 43 54 86 48 24 25 5 91 45 23 72 36 38 59 95 52 76 63 99 74 53 10 77 15 86 53 69 38 20 73 62 20 88 28 71 85 68 47 17 85 65 23 38 
32 69 30 12 93 40 96 33 11 91 85 49 72 7 53 36 89 20 13 58 64 31 3 57 20 78 70 76 94 88 21 81 5 6 86 95 36 87 52 46 53 58 41 61 60 98 79 69 87 72 57 62 96 21 30 84 11 50 82 60 65 4 68 28 
71 10 79 19 50 10 15 79 38 49 33 17 46 20 66 79 23 20 1 85 24 94 37 68 54 62 90 46 93 9 80 67 30 83 38 21 77 53 84 72 91 16 66 58 35 42 91 46 15 35 24 99 74 14 90 7 17 40 86 67 21 99 10 61 
98 85 33 28 65 11 56 72 70 56 11 18 3 96 33 29 54 69 64 64 25 12 51 73 8 86 93 16 40 63 69 60 47 85 2 13 73 25 87 69 53 40 96 75 6 53 61 99 13 45 25 100 65 90 71 39 59 5 65 75 17 75 27 74 
53 39 8 16 55 54 4 25 17 93 87 88 93 62 68 61 41 78 89 8 23 18 42 95 2 70 38 26 61 86 35 67 7 32 45 33 67 28 37 41 24 43 19 73 79 86 45 52 6 49 10 6 62 20 10 17 1 58 36 9 73 74 95 53 
19 19 11 72 24 85 96 3 7 98 78 14 6 88 62 21 23 27 18 84 10 31 49 12 6 83 29 83 89 85 38 100 37 60 62 90 18 43 36 3 39 4 37 21 17 40 33 25 55 66 4 38 93 49 77 87 20 54 7 80 2 2 33 22 
69 23 54 51 43 21 62 18 3 87 16 68 35 6 57 87 74 79 67 59 2 8 17 58 25 46 70 79 98 82 28 22 37 96 38 40 42 33 9 42 92 19 12 36 46 1 23 18 93 94 57 94 18 76 71 5 7 88 9 92 14 71 24 45 
36 100 64 22 15 14 25 95 43 68 36 70 35 11 7 42 17 22 84 28 6 87 20 93 59 13 7 97 87 82 4 51 84 16 37 63 68 11 4 81 65 63 35 93 67 4 99 57 87 91 41 47 45 3 52 32 82 92 31 24 83 1 57 16 
5 90 83 98 85 66 69 86 61 1 17 87 5 97 2 50 24 30 14 32 71 76 11 20 44 95 97 85 48 80 48 74 57 68 77 68 40 94 78 91 53 23 19 55 31 60 94 67 90 64 4 27 77 33 54 35 75 84 69 9 45 44 54 48 
57 98 37 95 36 70 11 90 22 93 25 70 66 89 11 78 80 35 72 19 91 37 89 81 65 71 70 29 64 4 48 97 42 61 15 8 92 45 55 31 25 13 99 43 5 21 12 79 71 72 37 2 68 27 11 66 10 1 57 90 9 16 6 37 
50 36 33 93 44 22 39 40 71 37 64 2 49 85 69 18 16 79 55 2 67 29 63 76 13 15 10 17 18 82 15 85 72 82 21 55 86 86 89 6 80 77 65 60 78 23 44 6 28 63 92 96 86 12 28 22 77 60 46 59 85 36 99 70 
84 94 70 82 46 13 42 94 24 31 99 4 71 88 40 2 64 83 99 56 1 91 92 12 90 39 52 71 86 86 68 72 87 56 88 17 74 60 84 28 86 88 75 41 96 89 65 67 47 56 72 74 2 41 37 99 70 34 46 8 91 83 3 20 
34 59 65 59 67 56 1 97 9 30 27 60 44 20 35 6 43 10 11 64 73 49 38 52 71 43 58 68 62 40 21 57 68 61 90 4 55 66 53 51 1 4 81 63 71 80 1 21 13 12 86 68 71 74 26 78 62 73 48 96 80 22 23 76 
74 63 54 41 78 99 72 19 60 70 97 87 26 5 91 72 59 87 25 9 65 89 30 16 83 70 80 80 51 37 61 90 10 58 87 26 20 41 92 4 94 55 51 49 81 3 52 57 8 51 97 7 60 56 33 20 79 3 25 86 36 94 66 90 
31 28 50 50 86 38 16 6 82 92 49 61 99 13 56 10 26 2 24 71 5 39 83 58 86 94 3 17 78 74 90 5 47 66 72 13 29 97 14 32 69 27 28 42 34 86 8 26 56 84 77 98 89 40 28 76 54 19 48 37 28 4 91 30 
71 61 36 62 66 30 100 56 56 93 1 32 17 17 64 7 45 33 82 34 39 62 83 84 82 61 35 91 15 91 88 83 21 10 73 93 58 7 56 29 92 11 6 1 1 35 19 83 56 56 84 56 26 72 29 51 65 37 18 84 32 56 26 92 
85 76 45 80 79 23 96 77 31 55 29 93 20 82 80 26 16 86 74 55 19 54 43 62 4 85 66 56 62 85 2 4 66 7 82 50 86 15 28 99 25 74 45 95 22 66 3 52 57 30 26 17 94 97 36 70 66 63 28 48 45 24 34 41 
10 80 88 57 10 81 9 22 53 49 73 45 10 98 12 55 57 71 62 34 44 16 67 59 9 98 36 10 19 52 88 20 48 96 86 27 78 62 52 88 65 43 85 35 7 29 48 12 28 5 12 25 56 51 9 97 44 19 18 65 86 93 77 45 
40 86 60 79 74 17 28 87 33 2 51 44 87 48 78 18 17 10 94 44 74 51 99 43 62 56 11 97 26 34 45 53 68 65 36 41 99 33 60 65 81 15 77 82 74 67 64 8 62 49 84 47 51 53 59 98 79 14 41 89 59 45 94 37 
49 15 92 57 26 48 40 14 38 44 64 28 82 8 52 5 90 49 87 17 16 3 94 8 55 20 43 53 86 61 50 69 92 42 34 64 88 92 13 49 46 21 5 9 54 85 12 38 64 47 90 53 67 60 13 12 44 49 26 94 47 29 28 88 
1 29 36 69 39 40 80 57 60 27 85 55 96 24 69 13 2 50 1 22 81 44 63 31 72 37 95 26 87 94 49 27 61 65 68 100 21 84 73 99 90 69 42 20 43 31 57 73 2 93 96 11 83 40 55 57 50 51 32 20 57 48 81 46 
26 62 18 56 13 33 22 38 14 13 30 74 93 97 51 10 34 60 87 91 76 35 97 54 60 9 29 18 37 29 92 29 15 38 94 72 41 99 33 21 56 84 55 50 34 52 11 91 22 87 50 30 5 100 64 53 41 8 38 90 94 35 23 87 
31 50 39 82 94 95 43 13 97 95 81 9 47 73 21 98 58 1 70 27 75 89 35 55 36 20 82 60 25 10 7 33 57 96 70 88 48 86 41 82 23 68 23 54 75 70 90 79 73 48 69 85 63 90 75 83 8 39 62 32 21 77 99 84 
21 50 37 30 14 42 52 12 18 34 74 61 97 27 5 93 60 44 30 34 46 92 11 29 17 55 13 87 22 31 96 40 52 70 20 20 84 75 94 44 87 80 14 31 27 39 59 47 55 34 52 17 20 94 69 82 68 14 63 18 69 66 28 59 
11 32 35 38 98 1 78 73 93 40 55 41 54 36 59 99 87 93 82 60 77 12 60 3 83 74 77 46 89 38 84 83 36 60 4 2 81 21 82 71 74 19 67 91 98 70 18 70 63 86 55 81 61 66 3 82 9 97 80 95 58 1 62 49 
65 92 60 4 94 24 60 1 30 20 77 36 29 11 42 66 78 6 4 22 6 55 75 46 13 20 31 77 5 12 33 74 70 4 34 8 98 52 42 85 67 54 7 76 100 38 54 86 98 38 30 37 94 93 48 9 80 38 84 63 19 84 40 17 
67 1 54 37 14 86 93 75 40 52 40 48 16 78 72 61 60 41 68 99 74 10 56 31 84 57 27 71 78 31 32 50 49 90 33 84 23 61 26 59 47 59 65 57 37 17 41 43 25 80 14 100 15 19 23 90 97 30 17 70 76 35 100 12 
5 15 6 23 79 26 99 89 57 40 56 24 100 5 98 42 73 92 74 50 16 61 58 20 39 26 45 3 90 77 38 92 75 44 53 97 65 1 45 86 47 85 89 17 72 74 53 4 68 3 20 26 72 5 47 12 45 58 38 75 5 95 17 38 
74 21 82 22 60 52 25 11 11 31 41 78 54 59 84 65 86 39 46 73 6 48 29 31 71 78 32 46 73 75 64 27 69 37 47 84 62 6 50 91 13 30 2 11 6 34 13 76 18 10 57 54 23 38 41 14 35 5 89 5 97 10 14 91 
15 23 7 20 58 30 13 10 74 12 20 72 80 73 41 90 67 38 88 90 60 50 22 67 82 88 29 6 69 44 55 22 64 82 71 78 4 11 42 19 57 5 79 50 68 96 37 41 3 60 69 93 18 50 99 21 6 10 47 77 19 73 5 51 
42 21 8 25 64 56 4 4 99 36 80 49 17 47 39 45 37 46 48 80 67 68 69 92 27 72 14 78 21 24 50 46 59 99 96 69 8 93 45 88 95 43 8 93 86 98 86 66 49 1 83 4 66 20 5 58 76 34 37 89 29 78 98 98 
76 70 80 148 110 96 96 116 129 110 164 147 73 99 101 60 189 62 40 155 94 69 104 138 86 60 9 145 140 107 133 112 125 161 103 172 88 85 193 99 52 138 68 54 14 143 29 107 93 85 107 154 104 137 108 95 167 83 136 26 105 124 128 45 
70 28 56 90 85 70 97 129 78 59 170 131 158 53 78 111 83 115 103 146 90 111 199 128 76 141 45 89 56 22 70 37 81 96 48 107 14 82 13 96 123 112 155 40 128 51 121 104 103 98 81 33 114 100 139 144 105 82 118 65 120 16 92 112 
80 56 174 55 99 107 124 94 84 108 166 104 37 170 89 106 132 86 130 158 78 99 150 158 152 113 57 87 106 112 22 98 33 116 112 93 89 87 79 103 145 97 33 105 12 157 82 5 79 101 51 139 111 90 170 137 104 87 155 166 125 55 119 88 
148 90 55 50 177 134 47 90 135 123 99 73 183 50 91 126 29 129 118 87 56 100 77 119 128 97 47 148 64 106 94 106 109 153 105 68 125 155 117 119 43 76 100 122 146 77 49 90 58 66 60 89 158 78 87 68 150 57 173 132 166 172 76 139 
110 85 99 177 6 78 143 44 74 50 166 129 44 106 40 101 121 119 82 53 87 102 112 114 181 119 66 58 94 50 78 108 164 26 122 172 134 115 104 76 35 40 91 26 115 142 106 115 98 75 28 123 149 142 122 72 106 27 112 129 107 131 64 117 
96 70 107 134 78 178 79 146 52 72 148 166 173 105 25 113 65 53 118 63 128 70 117 135 169 157 65 130 126 140 93 153 86 127 87 59 174 116 159 50 166 100 118 84 106 114 148 83 95 29 148 104 76 76 15 57 91 76 97 106 46 76 121 108 
96 97 124 47 143 79 118 147 123 133 71 104 13 96 103 103 88 187 40 120 94 82 182 143 109 119 157 119 46 66 135 27 65 134 78 115 97 122 43 122 81 53 54 113 75 53 134 34 130 185 115 106 113 110 124 79 116 58 94 78 108 103 122 145 
116 129 94 90 44 146 147 100 144 122 79 146 37 70 74 36 42 147 97 54 87 107 77 126 147 92 108 122 106 148 100 114 105 71 81 100 50 100 17 161 110 24 44 54 139 70 86 153 106 180 149 99 134 106 109 160 94 126 166 53 122 115 40 161 
129 78 84 135 74 52 123 144 148 162 123 121 101 81 65 159 78 103 91 151 187 175 88 79 96 70 130 46 104 65 80 41 95 179 161 92 96 183 136 132 98 25 144 112 116 29 35 25 132 131 80 136 24 111 75 26 129 41 32 145 34 192 36 84 
110 59 108 123 50 72 133 122 162 186 120 112 94 128 43 132 129 119 140 60 56 76 89 70 83 81 121 17 81 108 71 117 154 98 98 128 95 51 107 134 87 150 68 63 59 113 78 72 65 25 149 144 65 101 59 82 108 133 121 64 101 128 173 142 
164 170 166 99 166 148 71 79 123 120 12 97 11 38 165 63 99 113 139 44 111 106 139 147 65 110 134 138 83 143 89 53 87 122 96 82 95 167 72 42 22 149 42 68 49 124 115 187 116 50 132 136 176 89 136 81 175 183 83 123 94 123 137 105 
147 131 104 73 129 166 104 146 121 112 97 114 100 122 75 140 15 47 181 114 140 13 34 143 88 59 115 144 59 101 53 170 150 138 132 149 108 171 84 111 149 167 139 191 194 96 181 71 146 93 167 104 95 85 72 194 125 178 152 149 162 88 82 56 
73 158 37 183 44 173 13 37 101 94 11 100 4 111 82 111 43 79 149 88 98 87 148 81 104 101 119 56 159 51 108 131 166 115 49 102 73 69 125 98 114 106 115 90 131 81 135 145 104 90 60 75 54 73 97 103 108 83 157 123 128 122 141 158 
99 53 170 50 106 105 96 70 81 128 38 122 111 38 135 118 57 109 84 74 114 137 103 126 95 118 123 95 37 98 32 176 117 101 129 101 88 132 64 75 77 142 129 54 107 113 161 127 111 74 64 88 46 157 121 28 34 99 88 164 136 161 128 107 
101 78 89 91 40 25 103 74 65 43 165 75 82 135 62 86 82 88 151 68 60 100 110 131 115 143 120 125 125 93 33 74 78 131 118 92 97 66 116 149 128 76 83 81 93 35 72 182 129 136 80 104 96 131 110 124 152 70 169 100 163 182 32 58 
60 111 106 126 101 113 103 36 159 132 63 140 111 118 86 118 69 88 53 156 96 98 79 107 23 63 84 41 123 125 171 113 97 82 99 73 173 92 166 84 157 51 123 52 120 110 175 93 106 118 38 95 125 121 167 45 152 127 18 64 51 67 163 111 
189 83 132 29 121 65 88 42 78 129 99 15 43 57 82 69 8 115 174 91 69 180 69 102 97 88 194 140 81 86 185 189 156 103 72 45 84 49 84 82 158 113 33 115 53 166 34 118 138 89 61 26 111 58 39 62 112 49 125 94 164 99 77 84 
62 115 86 129 119 53 187 147 103 119 113 47 79 109 88 88 115 74 147 84 36 193 171 142 95 160 130 99 116 129 76 24 49 159 59 118 48 62 62 103 119 119 95 112 134 60 93 67 28 100 125 80 64 128 85 61 91 116 41 84 95 170 148 155 
40 103 130 118 82 118 40 97 91 140 139 181 149 84 151 53 174 147 188 119 117 164 112 111 123 115 178 63 38 50 90 24 137 92 127 16 163 88 75 94 71 147 67 45 105 55 111 70 94 117 122 81 167 181 61 94 142 116 88 113 32 83 134 133 
155 146 158 87 53 63 120 54 151 60 44 114 88 74 68 156 91 84 119 92 130 55 132 68 142 194 64 84 97 56 52 152 79 127 32 75 59 85 86 82 140 76 121 105 32 142 137 5 197 140 95 146 79 106 123 107 49 105 20 101 166 126 121 113 
94 90 78 56 87 128 94 87 187 56 111 140 98 114 60 96 69 36 117 130 164 131 93 61 174 137 82 99 145 53 76 137 122 146 96 116 59 160 68 96 144 129 8 145 146 116 117 83 91 67 41 98 59 129 113 97 65 110 150 60 100 168 109 54 
69 111 99 100 102 70 82 107 175 76 106 13 87 137 100 98 180 193 164 55 131 20 144 159 155 115 59 54 77 99 36 71 111 112 127 155 99 131 100 95 75 154 25 138 90 140 86 124 22 196 87 108 28 95 186 104 73 118 187 138 50 104 103 175 
104 199 150 77 112 117 182 77 88 89 139 34 148 103 110 79 69 171 112 132 93 144 38 112 67 97 70 66 166 35 76 92 177 102 180 96 132 155 96 135 110 72 73 113 190 99 100 69 116 101 143 47 66 96 178 125 114 109 118 94 111 88 110 51 
138 128 158 119 114 135 143 126 79 70 147 143 81 126 131 107 102 142 111 68 61 159 112 94 172 89 121 104 171 112 151 178 104 155 36 64 57 72 166 136 124 63 93 132 130 159 96 144 166 77 114 109 22 89 129 161 164 89 147 47 111 101 83 57 
86 76 152 128 181 169 109 147 96 83 65 88 104 95 115 23 97 95 123 142 174 155 67 172 52 103 125 132 140 48 69 52 52 131 123 141 89 146 178 22 175 117 164 49 108 94 114 124 105 46 118 26 39 108 157 127 106 149 70 33 51 86 145 96 
60 141 113 97 119 157 119 92 70 81 110 59 101 118 143 63 88 160 115 194 137 115 97 89 103 132 176 102 133 123 40 135 34 154 23 86 84 90 99 190 142 153 153 123 104 35 87 67 108 167 62 50 38 51 136 82 112 85 134 53 162 144 77 136 
9 45 57 47 66 65 157 108 130 121 134 115 119 123 120 84 194 130 178 64 82 59 70 121 125 176 108 93 171 99 99 94 84 104 94 79 54 153 51 176 89 67 4 41 97 78 86 152 145 58 34 104 28 171 50 98 51 15 162 58 21 77 46 130 
145 89 87 148 58 130 119 122 46 17 138 144 56 95 125 41 140 99 63 84 99 54 66 104 132 102 93 176 132 96 58 123 50 80 162 128 130 126 168 79 72 193 53 41 92 93 70 70 35 122 95 22 140 160 93 124 138 165 97 135 105 25 106 80 
140 56 106 64 94 126 46 106 104 81 83 59 159 37 125 123 81 116 38 97 145 77 166 171 140 133 171 132 16 72 184 85 173 79 92 172 133 65 109 152 83 141 105 174 58 106 182 167 37 144 114 62 111 110 119 72 65 131 83 167 109 114 39 35 
107 22 112 106 50 140 66 148 65 108 143 101 51 98 93 125 86 129 50 56 53 99 35 112 48 123 99 96 72 50 109 94 88 77 118 115 96 139 17 10 156 193 32 143 173 89 74 20 122 138 143 87 169 63 117 113 83 128 59 172 58 120 104 76 
133 70 22 94 78 93 135 100 80 71 89 53 108 32 33 171 185 76 90 52 76 36 76 151 69 40 99 58 184 109 164 47 98 109 28 120 79 133 72 17 146 55 148 151 162 17 55 41 105 72 86 159 180 43 108 81 119 132 17 68 133 130 88 63 
112 37 98 106 108 153 27 114 41 117 53 170 131 176 74 113 189 24 24 152 137 71 92 178 52 135 94 123 85 94 47 178 19 137 105 122 130 62 116 101 118 108 152 83 42 72 83 34 149 135 99 89 148 187 139 125 27 94 27 84 149 79 168 20 
125 81 33 109 164 86 65 105 95 154 87 150 166 117 78 97 156 49 137 79 122 111 177 104 52 34 84 50 173 88 98 19 126 133 86 72 74 106 114 67 50 171 152 121 108 125 27 91 65 46 162 75 131 98 134 79 148 49 136 18 70 125 72 109 
161 96 116 153 26 127 134 71 179 98 122 138 115 101 131 82 103 159 92 127 146 112 102 155 131 154 104 80 79 77 109 137 133 132 111 84 154 94 154 30 118 55 111 157 101 75 111 113 80 123 92 39 96 119 180 88 104 48 162 68 123 159 130 65 
103 48 112 105 122 87 78 81 161 98 96 132 49 129 118 99 72 59 127 32 96 127 180 36 123 23 94 162 92 118 28 105 86 111 160 67 137 42 70 98 144 77 34 98 80 31 72 140 136 91 94 119 140 96 129 74 58 94 130 163 57 114 71 112 
172 107 93 68 172 59 115 100 92 128 82 149 102 101 92 73 45 118 16 75 116 155 96 64 141 86 79 128 172 115 120 122 72 84 67 110 100 52 165 158 101 67 52 142 55 102 114 150 132 152 128 105 90 105 23 169 111 47 47 120 146 77 114 81 
88 14 89 125 134 174 97 50 96 95 95 108 73 88 97 173 84 48 163 59 59 99 132 57 89 84 54 130 133 96 79 130 74 154 137 100 56 32 80 95 86 104 163 68 64 150 145 113 122 183 101 98 116 99 169 45 91 75 48 85 32 10 102 91 
85 82 87 155 115 116 122 100 183 51 167 171 69 132 66 92 49 62 88 85 160 131 155 72 146 90 153 126 65 139 133 62 106 94 42 52 32 116 130 162 58 117 91 173 56 130 83 43 66 35 127 112 104 118 97 48 35 95 132 125 106 83 147 67 
193 13 79 117 104 159 43 17 136 107 72 84 125 64 116 166 84 62 75 86 68 100 96 166 178 99 51 168 109 17 72 116 114 154 70 165 80 130 178 88 94 99 18 89 145 108 140 103 59 104 141 10 102 143 118 123 149 152 85 102 137 22 120 150 
99 96 103 119 76 50 122 161 132 134 42 111 98 75 149 84 82 103 94 82 96 95 135 136 22 190 176 79 152 10 17 101 67 30 98 158 95 162 88 126 119 115 103 42 86 75 102 117 112 179 177 109 67 135 68 110 139 75 183 92 137 31 104 25 
52 123 145 43 35 166 81 110 98 87 22 149 114 77 128 157 158 119 71 140 144 75 110 124 175 142 89 72 83 156 146 118 50 118 144 101 86 58 94 119 126 70 161 123 106 114 77 122 93 48 38 74 120 164 108 164 91 59 62 126 117 82 124 66 
138 112 97 76 40 100 53 24 25 150 149 167 106 142 76 51 113 119 147 76 129 154 72 63 117 153 67 193 141 193 55 108 171 55 77 67 104 117 99 115 70 60 116 107 141 75 123 112 108 175 156 112 121 109 50 38 127 108 48 112 106 182 191 102 
68 155 33 100 91 118 54 44 144 68 42 139 115 129 83 123 33 95 67 121 8 25 73 93 164 153 4 53 105 32 148 152 152 111 34 52 163 91 18 103 161 116 174 145 132 109 38 136 163 162 83 36 151 54 162 82 69 72 161 163 60 79 81 136 
54 40 105 122 26 84 113 54 112 63 68 191 90 54 81 52 115 112 45 105 145 138 113 132 49 123 41 41 174 143 151 83 121 157 98 142 68 173 89 42 123 107 145 50 151 86 92 29 148 114 132 100 56 146 81 79 27 41 104 70 55 108 53 151 
14 128 12 146 115 106 75 139 116 59 49 194 131 107 93 120 53 134 105 32 146 90 190 130 108 104 97 92 58 173 162 42 108 101 80 55 64 56 145 86 106 141 132 151 156 110 150 149 154 124 123 78 152 60 143 98 35 76 130 162 86 188 50 116 
143 51 157 77 142 114 53 70 29 113 124 96 81 113 35 110 166 60 55 142 116 140 99 159 94 35 78 93 106 89 17 72 125 75 31 102 150 130 108 75 114 75 109 86 110 78 113 77 109 53 87 166 72 64 134 107 79 47 17 64 115 100 89 41 
29 121 82 49 106 148 134 86 35 78 115 181 135 161 72 175 34 93 111 137 117 86 100 96 114 87 86 70 182 74 55 83 27 111 72 114 145 83 140 102 77 123 38 92 150 113 190 184 120 81 167 77 179 124 117 142 52 81 69 119 81 122 143 142 
107 104 5 90 115 83 34 153 25 72 187 71 145 127 182 93 118 67 70 5 83 124 69 144 124 67 152 70 167 20 41 34 91 113 140 150 113 43 103 117 122 112 136 29 149 77 184 62 99 129 101 140 103 88 155 178 110 30 173 93 94 35 102 130 
93 103 79 58 98 95 130 106 132 65 116 146 104 111 129 106 138 28 94 197 91 22 116 166 105 108 145 35 37 122 105 149 65 80 136 132 122 66 59 112 93 108 163 148 154 109 120 99 68 93 167 37 85 67 55 71 143 140 129 94 137 91 103 121 
85 98 101 66 75 29 185 180 131 25 50 93 90 74 136 118 89 100 117 140 67 196 101 77 46 167 58 122 144 138 72 135 46 123 91 152 183 35 104 179 48 175 162 114 124 53 81 129 93 16 141 142 115 149 56 120 52 72 157 136 94 93 46 84 
107 81 51 60 28 148 115 149 80 149 132 167 60 64 80 38 61 125 122 95 41 87 143 114 118 62 34 95 114 143 86 99 162 92 94 128 101 127 141 177 38 156 83 132 123 87 167 101 167 141 48 31 98 148 43 94 127 144 149 40 103 58 50 89 
154 33 139 89 123 104 106 99 136 144 136 104 75 88 104 95 26 80 81 146 98 108 47 109 26 50 104 22 62 87 159 89 75 39 119 105 98 112 10 109 74 112 36 100 78 166 77 140 37 142 31 80 81 150 123 135 105 140 98 66 96 154 46 63 
104 114 111 158 149 76 113 134 24 65 176 95 54 46 96 125 111 64 167 79 59 28 66 22 39 38 28 140 111 169 180 148 131 96 140 90 116 104 102 67 120 121 151 56 152 72 179 103 85 115 98 81 134 94 82 154 110 148 61 83 122 122 164 116 
137 100 90 78 142 76 110 106 111 101 89 85 73 157 131 121 58 128 181 106 129 95 96 89 108 51 171 160 110 63 43 187 98 119 96 105 99 118 143 135 164 109 54 146 60 64 124 88 67 149 148 150 94 84 90 83 120 113 146 117 129 108 67 129 
108 139 170 87 122 15 124 109 75 59 136 72 97 121 110 167 39 85 61 123 113 186 178 129 157 136 50 93 119 117 108 139 134 180 129 23 169 97 118 68 108 50 162 81 143 134 117 155 55 56 43 123 82 90 10 121 113 40 128 173 51 156 114 173 
95 144 137 68 72 57 79 160 26 82 81 194 103 28 124 45 62 61 94 107 97 104 125 161 127 82 98 124 72 113 81 125 79 88 74 169 45 48 123 110 164 38 82 79 98 107 142 178 71 120 94 135 154 83 121 80 88 27 24 98 129 157 101 123 
167 105 104 150 106 91 116 94 129 108 175 125 108 34 152 152 112 91 142 49 65 73 114 164 106 112 51 138 65 83 119 27 148 104 58 111 91 35 149 139 91 127 69 27 35 79 52 110 143 52 127 105 110 120 113 88 170 70 48 40 21 72 144 135 
83 82 87 57 27 76 58 126 41 133 183 178 83 99 70 127 49 116 116 105 110 118 109 89 149 85 15 165 131 128 132 94 49 48 94 47 75 95 152 75 59 108 72 41 76 47 81 30 140 72 144 140 148 113 40 27 70 168 32 93 88 66 162 85 
136 118 155 173 112 97 94 166 32 121 83 152 157 88 169 18 125 41 88 20 150 187 118 147 70 134 162 97 83 59 17 27 136 162 130 47 48 132 85 183 62 48 161 104 130 17 69 173 129 157 149 98 61 146 128 24 48 32 16 93 145 162 119 51 
26 65 166 132 129 106 78 53 145 64 123 149 123 164 100 64 94 84 113 101 60 138 94 47 33 53 58 135 167 172 68 84 18 68 163 120 85 125 102 92 126 112 163 70 162 64 119 93 94 136 40 66 83 117 173 98 40 93 93 62 104 160 55 36 
105 120 125 166 107 46 108 122 34 101 94 162 128 136 163 51 164 95 32 166 100 50 111 111 51 162 21 105 109 58 133 149 70 123 57 146 32 106 137 137 117 106 60 55 86 115 81 94 137 94 103 96 122 129 51 129 21 88 145 104 112 119 30 83 
124 16 55 172 131 76 103 115 192 128 123 88 122 161 182 67 99 170 83 126 168 104 88 101 86 144 77 25 114 120 130 79 125 159 114 77 10 83 22 31 82 182 79 108 188 100 122 35 91 93 58 154 122 108 156 157 72 66 162 160 119 96 95 102 
128 92 119 76 64 121 122 40 36 173 137 82 141 128 32 163 77 148 134 121 109 103 110 83 145 77 46 106 39 104 88 168 72 130 71 114 102 147 120 104 124 191 81 53 50 89 143 102 103 46 50 46 164 67 114 101 144 162 119 55 30 95 130 91 
45 112 88 139 117 108 145 161 84 142 105 56 158 107 58 111 84 155 133 113 54 175 51 57 96 136 130 80 35 76 63 20 109 65 112 81 91 67 150 25 66 102 136 151 116 41 142 130 121 84 89 63 116 129 173 123 135 85 51 36 83 102 91 24 