16
68 49 5 3 18 63 87 35 28 17 25 94 8 82 59 5 
15 100 99 56 93 10 20 30 39 3 61 66 6 27 97 38 
12 51 23 24 47 46 99 19 22 74 29 32 98 74 61 76 
61 80 8 1 44 15 12 45 60 38 52 9 23 52 60 27 
67 45 28 20 97 71 14 51 17 42 40 23 69 68 63 23 
52 1 32 8 25 24 18 81 9 3 70 81 52 42 87 76 
16 66 58 65 42 76 66 53 88 59 2 28 93 15 89 20 
84 41 85 30 1 82 21 37 85 95 86 56 3 75 52 48 
50 48 32 76 99 72 59 38 1 87 19 54 97 33 53 94 
80 85 67 83 99 93 88 5 67 10 2 31 91 67 91 86 
90 59 71 93 15 71 94 96 76 60 65 67 56 17 25 29 
70 1 31 22 88 81 41 39 14 40 97 50 23 92 2 27 
100 56 1 6 50 37 69 27 65 85 65 77 85 76 38 19 
57 36 61 90 64 79 11 39 61 1 33 84 57 97 41 29 
47 38 77 46 61 90 1 43 66 96 4 12 48 4 89 91 
15 80 77 13 53 70 93 95 96 37 49 86 20 42 49 14 
-1 1 -1 1 1 -1 -1 -1 1 -1 1 -1 -1 -1 -1 1 
1 1 -1 -1 -1 -1 1 1 1 1 -1 -1 1 1 1 -1 
-1 -1 1 -1 1 1 -1 1 -1 1 -1 -1 1 1 -1 1 
1 -1 -1 -1 -1 -1 -1 1 -1 1 -1 -1 1 -1 1 1 
1 -1 1 -1 1 -1 1 -1 -1 -1 -1 -1 1 -1 -1 1 
-1 -1 1 -1 -1 -1 -1 1 1 1 1 -1 1 -1 1 1 
-1 1 -1 -1 1 -1 1 1 -1 1 1 -1 -1 1 1 -1 
-1 1 1 1 -1 1 1 -1 -1 -1 -1 1 1 1 1 1 
1 1 -1 -1 -1 1 -1 -1 1 -1 1 -1 1 -1 1 1 
-1 1 1 1 -1 1 1 -1 -1 1 1 -1 1 1 -1 -1 
1 -1 -1 -1 -1 1 1 -1 1 1 -1 -1 -1 -1 1 -1 
-1 -1 -1 -1 -1 -1 -1 1 -1 -1 -1 -1 -1 1 -1 -1 
-1 1 1 1 1 1 -1 1 1 1 -1 -1 -1 1 1 1 
-1 1 1 -1 -1 -1 1 1 -1 1 -1 1 1 1 -1 1 
-1 1 -1 1 -1 1 1 1 1 -1 1 -1 1 -1 -1 -1 
1 -1 1 1 1 1 -1 1 1 -1 -1 -1 1 1 -1 -1 