16
55 81 29 71 2 58 42 98 16 84 47 57 15 35 65 97 
37 85 34 38 43 30 77 61 32 21 49 88 50 26 28 77 
57 91 83 63 75 99 51 79 75 22 17 2 83 93 95 6 
56 34 60 100 100 42 91 27 60 18 83 8 3 28 63 93 
6 46 3 16 81 5 80 19 5 77 90 42 85 39 3 40 
7 28 58 64 71 28 75 14 25 4 93 61 6 56 100 66 
89 76 22 31 37 29 89 49 32 60 47 33 100 4 42 93 
21 98 86 84 17 28 86 60 3 82 86 39 92 37 98 19 
49 1 62 15 100 38 96 90 68 87 17 74 71 66 100 44 
37 12 5 84 93 40 33 50 88 4 50 9 4 20 72 7 
10 85 27 75 96 4 4 73 85 47 3 1 95 100 10 49 
72 82 7 58 6 14 5 7 96 91 12 79 70 56 74 63 
37 10 95 27 21 53 44 45 32 98 16 26 13 57 22 50 
72 69 19 45 36 70 88 55 26 90 80 59 27 61 84 58 
14 12 42 24 23 79 76 36 57 76 89 29 30 62 38 38 
14 84 41 89 38 11 61 81 45 10 71 38 76 71 67 79 
1 1 -1 1 -1 -1 1 1 -1 1 1 1 1 1 1 1 
1 1 1 1 1 1 -1 -1 1 1 -1 -1 -1 1 -1 -1 
-1 1 -1 1 1 -1 1 1 -1 -1 1 -1 -1 -1 1 1 
1 1 1 1 1 -1 -1 -1 -1 -1 -1 -1 -1 -1 1 -1 
-1 1 1 1 1 -1 1 1 1 1 1 1 -1 -1 -1 1 
-1 1 -1 -1 -1 1 1 1 1 -1 1 -1 1 1 -1 1 
1 -1 1 -1 1 1 1 -1 1 1 1 1 -1 1 1 1 
1 -1 1 -1 1 1 -1 -1 -1 -1 -1 -1 1 1 -1 1 
-1 1 -1 -1 1 1 1 -1 -1 -1 1 1 -1 1 1 -1 
1 1 -1 -1 1 -1 1 -1 -1 1 -1 1 -1 1 1 -1 
1 -1 1 -1 1 1 1 -1 1 -1 -1 -1 1 -1 1 1 
1 -1 -1 -1 1 -1 1 -1 1 1 -1 1 1 1 1 -1 
1 -1 -1 -1 -1 1 -1 1 -1 -1 1 1 1 -1 1 -1 
1 1 -1 -1 -1 1 1 1 1 1 -1 1 -1 -1 1 1 
1 -1 1 1 -1 -1 1 -1 1 1 1 1 1 1 1 1 
1 -1 1 -1 1 1 1 1 -1 -1 1 -1 -1 1 1 -1 