64
36 37 81 67 89 94 35 24 91 16 52 95 58 7 15 10 22 24 37 48 91 55 97 69 59 78 50 75 94 18 25 45 84 64 25 94 53 68 39 81 76 29 1 53 30 40 72 94 77 67 96 32 59 19 83 3 19 70 93 5 75 89 51 36 
51 46 15 83 1 44 45 52 67 74 65 10 25 24 71 36 80 68 77 71 45 39 64 77 28 39 51 84 58 66 17 18 26 90 74 18 53 24 57 40 24 96 56 80 48 59 67 41 58 21 21 76 61 19 10 69 100 38 43 21 59 59 24 56 
52 27 1 22 35 97 80 16 64 31 22 72 49 61 49 20 83 70 18 35 16 75 72 13 63 63 85 76 16 49 13 81 59 49 70 100 58 63 65 66 93 25 27 95 4 49 13 33 1 33 85 7 72 62 90 11 21 53 23 98 21 41 26 62 
44 89 93 49 14 89 25 92 75 94 89 41 63 9 100 99 1 41 29 99 82 79 57 30 43 25 72 87 70 52 33 54 35 68 7 39 5 56 82 95 59 29 41 31 97 44 18 45 99 50 23 48 83 82 46 84 1 27 38 15 71 29 91 95 
28 82 12 44 62 66 18 19 45 56 98 29 58 12 36 14 53 99 80 99 72 19 31 23 89 30 61 54 72 88 62 52 55 40 26 67 73 89 72 86 66 9 61 96 88 59 74 50 1 33 91 57 66 16 68 36 55 84 9 70 19 28 11 35 
71 83 13 99 92 46 26 55 50 40 42 13 67 4 2 90 39 24 18 17 15 20 77 4 85 65 76 83 21 72 6 35 18 27 13 48 1 23 42 16 39 84 97 26 46 21 64 64 96 96 97 28 31 77 24 83 16 59 85 35 12 91 73 63 
35 10 64 16 50 28 1 21 79 28 83 1 85 3 33 76 29 46 46 42 49 92 41 10 70 23 80 18 94 58 14 1 35 87 14 88 31 69 83 86 43 13 78 37 38 26 5 68 11 37 77 14 42 19 68 52 92 36 39 65 28 84 86 56 
66 5 35 48 24 90 55 94 11 55 32 31 95 59 3 85 2 11 11 80 72 98 97 61 30 58 66 7 41 49 2 95 82 40 45 2 95 3 41 33 30 96 98 76 9 38 77 21 28 22 28 47 87 71 73 4 77 34 34 90 80 49 15 47 
98 39 25 64 17 78 81 5 82 84 98 79 95 40 91 14 84 90 6 5 54 27 100 82 47 24 35 92 6 93 27 66 65 24 63 19 48 15 78 89 48 23 73 6 14 88 87 26 83 53 32 72 53 50 10 63 33 56 16 4 97 100 30 53 
13 26 54 48 44 24 18 42 51 37 16 55 62 54 57 82 53 97 38 79 26 90 58 62 93 10 69 62 37 30 92 24 58 27 22 99 75 13 24 55 67 35 73 83 56 94 36 9 21 53 47 30 23 33 67 42 12 8 72 78 71 31 77 18 
92 67 9 86 8 8 75 40 37 34 60 16 70 9 3 18 58 8 77 94 86 19 49 57 20 67 32 43 53 38 52 77 40 5 4 66 44 2 96 59 68 88 46 6 58 46 88 83 56 63 42 10 78 99 84 19 54 17 74 10 76 93 79 46 
29 99 27 58 28 20 79 67 79 67 6 77 13 81 73 37 42 58 42 75 88 36 4 61 39 85 69 17 66 73 41 53 32 94 14 38 89 72 83 91 65 3 70 47 24 13 92 93 13 99 9 27 81 9 56 12 73 100 97 84 50 76 44 21 
81 20 22 89 31 2 76 77 68 48 16 22 3 60 41 34 22 15 19 38 44 37 67 3 50 56 16 37 81 20 97 64 66 50 72 20 93 95 64 19 78 43 4 29 45 48 56 58 66 22 67 65 16 54 79 5 84 2 13 41 75 41 2 56 
98 17 26 85 89 6 16 39 91 24 48 98 63 29 46 37 40 79 72 3 18 97 60 52 26 30 47 27 65 29 94 33 100 10 33 81 73 98 60 29 92 94 41 17 28 31 59 70 10 72 28 45 60 2 99 90 34 21 61 50 77 65 66 23 
87 3 69 98 25 87 51 87 69 72 33 4 84 67 81 50 29 23 50 61 82 62 91 37 45 80 99 55 42 70 59 10 64 34 93 4 49 51 89 81 75 39 78 47 47 45 26 29 84 26 97 19 9 15 94 74 32 6 39 48 98 70 48 58 
71 73 11 77 75 4 71 59 19 5 73 77 74 87 63 80 71 42 9 48 51 76 73 47 36 92 89 27 57 86 54 11 58 10 15 22 42 43 7 2 54 4 60 11 37 72 80 71 84 20 40 17 58 4 11 54 65 33 85 8 94 92 55 99 
23 77 57 35 18 80 88 8 87 88 1 89 85 47 32 50 25 18 99 66 58 80 98 29 34 45 46 98 94 80 94 43 57 25 25 4 33 58 80 91 10 45 40 66 75 52 77 61 47 77 75 99 3 7 19 23 39 55 2 43 17 59 89 69 
9 40 74 31 59 60 14 59 84 55 56 1 100 17 13 20 77 24 1 30 26 24 48 88 63 3 17 48 69 15 93 94 65 7 63 87 48 54 93 11 60 87 22 64 48 57 81 51 89 42 48 33 12 50 19 74 2 43 100 24 91 83 32 63 
64 21 60 84 34 44 98 71 56 48 29 64 79 22 40 73 41 66 16 77 79 100 89 4 77 44 86 4 61 45 93 37 50 89 95 99 14 33 99 62 22 45 7 57 69 38 83 31 25 13 89 77 21 81 56 9 63 20 100 11 43 52 54 53 
69 30 14 49 64 91 32 90 75 34 71 24 52 48 60 14 78 100 49 67 64 86 68 40 22 29 71 83 5 53 60 4 73 35 16 40 61 31 24 2 31 89 62 64 73 35 22 37 78 88 20 80 77 1 29 77 18 10 82 100 65 26 78 100 
70 57 13 67 93 49 56 73 76 32 59 71 19 63 56 65 54 92 36 25 15 91 43 78 82 60 73 48 1 67 65 1 83 89 73 96 81 16 25 31 14 22 35 28 25 49 27 49 34 23 83 75 35 90 32 50 81 64 28 74 72 99 91 16 
25 86 83 57 71 54 43 31 20 28 13 47 43 60 2 37 73 53 46 23 21 71 31 93 69 96 37 98 27 86 3 36 81 83 43 68 12 6 3 18 98 48 35 92 81 99 13 74 99 61 22 39 65 98 68 38 24 93 73 44 43 8 9 71 
89 57 84 30 100 85 9 49 73 55 13 5 76 24 30 8 100 92 85 89 9 65 68 5 92 71 46 87 73 20 97 67 82 96 35 9 43 58 11 78 6 71 18 93 36 27 23 98 73 29 10 35 32 100 81 62 26 73 33 44 67 67 25 46 
89 83 79 89 60 5 39 25 59 65 76 92 42 80 9 17 93 54 57 87 66 62 70 95 13 59 84 40 16 25 75 45 95 13 25 22 62 8 55 97 16 13 13 58 64 40 85 54 91 83 92 85 43 1 21 68 25 31 9 46 42 27 31 67 
58 94 36 21 69 96 73 31 71 5 28 53 30 66 99 73 61 43 17 42 15 33 76 38 27 80 16 37 55 51 75 76 45 22 88 52 86 97 76 44 8 10 45 94 100 31 20 25 44 44 54 13 35 93 57 50 30 77 84 75 23 100 86 41 
86 44 98 99 100 50 64 53 74 59 31 99 5 18 59 35 86 40 35 41 62 35 87 93 29 78 23 20 4 56 85 40 80 38 100 36 56 70 3 28 5 28 72 15 34 56 80 26 59 7 29 75 75 10 37 39 80 28 97 29 39 75 5 69 
52 11 5 73 27 59 87 77 10 80 98 58 2 7 40 84 30 20 98 89 6 15 20 94 34 82 66 73 55 53 98 32 41 62 88 4 27 56 63 32 93 30 62 3 94 46 99 13 86 30 63 7 99 23 57 61 6 30 7 62 68 3 12 57 
76 52 94 81 6 96 49 28 28 11 76 86 96 42 49 32 89 96 81 64 9 32 87 81 79 53 39 6 29 45 98 3 69 10 82 64 29 9 70 84 13 92 29 82 36 79 46 54 6 80 57 3 4 69 23 88 46 34 41 45 63 90 4 68 
92 69 30 56 76 27 53 57 22 73 7 30 2 96 23 84 84 45 78 14 98 90 83 49 77 94 68 83 3 38 21 100 76 95 43 48 13 97 46 88 19 41 67 47 2 54 7 78 27 12 69 61 24 53 7 84 48 26 91 24 93 69 3 64 
28 18 34 2 21 36 8 12 50 33 4 60 44 23 3 84 14 14 47 40 95 93 43 71 70 48 8 73 97 98 18 6 30 49 24 72 92 97 15 32 42 50 94 77 13 75 9 36 91 20 45 54 26 69 9 54 77 98 76 22 2 70 84 32 
91 54 71 14 31 23 56 6 50 96 61 22 82 66 54 79 35 99 3 67 57 78 63 10 33 72 100 41 87 26 9 50 42 41 23 21 46 86 61 43 96 43 66 78 27 3 34 48 33 28 97 85 78 65 56 30 3 13 41 68 88 86 72 44 
19 69 88 57 19 48 67 67 85 28 63 87 8 97 82 38 27 61 74 27 24 80 58 14 73 10 100 44 58 71 54 29 86 15 3 10 32 78 98 45 34 11 73 37 33 4 78 87 75 61 81 34 52 32 60 97 40 95 32 58 21 74 35 43 
3 86 58 42 52 86 71 5 84 14 86 36 84 99 48 39 16 41 60 43 55 47 48 19 62 9 23 63 74 47 68 53 82 95 22 62 57 62 85 18 13 78 40 34 28 44 92 64 38 21 68 78 75 17 28 81 42 69 66 46 7 88 46 77 
28 64 31 83 31 10 1 38 13 5 35 37 11 67 37 19 3 99 12 39 17 19 40 52 44 58 6 71 33 94 57 83 87 64 35 31 47 53 12 68 41 4 47 74 84 17 53 16 59 48 89 74 54 68 19 49 92 68 23 53 30 65 47 71 
54 63 37 48 49 55 92 3 53 86 71 81 95 72 75 94 75 49 20 68 12 55 59 71 28 58 98 50 17 85 53 15 85 11 51 94 33 97 8 44 92 95 11 34 20 33 33 68 4 95 74 89 2 42 20 35 61 20 11 2 42 100 19 53 
76 82 58 100 29 33 8 100 40 100 62 40 44 19 66 6 73 15 82 12 48 89 10 100 11 53 23 81 6 47 42 95 59 96 27 99 58 56 81 51 80 78 68 41 23 94 21 38 53 24 17 70 61 11 63 98 49 12 59 84 54 26 87 39 
54 18 57 40 23 6 32 93 81 39 94 9 48 66 57 2 33 21 41 98 50 37 85 49 9 78 68 52 96 58 36 36 89 65 13 100 52 60 14 69 56 16 88 60 99 1 60 78 91 57 94 79 36 71 13 53 45 2 13 94 78 1 88 89 
54 81 33 28 42 2 95 17 45 54 24 6 54 91 73 81 19 96 53 49 19 59 28 28 23 44 55 23 25 5 54 14 100 49 59 98 72 47 7 53 99 8 57 100 88 77 19 45 26 73 57 39 98 67 64 82 56 35 81 6 65 26 35 16 
13 69 83 27 78 24 56 66 100 89 80 90 73 25 86 4 83 92 74 18 86 88 39 96 71 35 50 10 95 38 87 99 98 88 61 10 13 10 25 65 53 8 84 2 9 17 50 79 90 41 5 33 28 11 5 13 11 76 56 24 77 9 38 42 
92 1 51 13 21 10 23 34 83 5 90 36 69 21 39 84 16 75 90 39 100 46 40 46 2 64 43 8 66 27 67 79 64 25 16 63 89 75 32 14 14 79 26 9 41 68 34 100 61 21 73 95 23 92 58 78 71 7 29 94 45 94 74 44 
57 43 22 79 70 25 13 23 62 57 67 49 81 48 100 20 13 80 32 100 48 94 70 61 44 3 20 80 38 28 92 1 3 72 82 41 78 21 10 58 99 29 12 93 92 49 61 40 89 58 77 31 6 88 10 21 48 9 70 62 72 17 28 91 
100 30 60 13 10 63 12 17 77 12 39 80 44 6 92 64 30 22 94 77 93 42 96 46 96 86 35 94 46 1 70 36 62 48 27 85 94 69 42 2 26 4 59 73 98 39 37 70 89 93 59 49 31 67 25 10 53 23 18 39 4 85 63 6 
42 82 22 30 52 50 84 41 99 54 14 8 63 3 68 2 47 24 97 37 21 66 9 59 15 20 76 38 72 71 86 95 95 73 14 79 25 11 88 92 92 38 14 83 84 9 40 72 64 50 81 30 70 62 42 94 98 13 3 5 96 98 41 41 
83 63 29 6 9 98 3 65 91 50 87 8 100 47 43 67 13 24 72 78 55 10 14 61 55 28 14 19 27 41 67 95 10 28 58 93 19 97 76 100 33 61 48 84 79 72 6 27 59 18 72 94 17 25 7 60 5 35 79 2 83 89 39 84 
47 95 78 93 86 84 47 12 11 67 98 44 68 96 77 84 57 67 67 57 81 10 89 23 71 28 21 47 66 58 69 98 45 94 37 41 40 55 1 28 78 71 82 27 31 30 67 89 27 11 98 83 27 76 91 47 61 74 54 97 56 27 94 2 
3 75 33 44 27 48 57 65 16 96 51 76 59 19 79 37 79 59 100 79 5 29 42 77 41 44 30 26 42 65 84 10 29 33 83 31 95 85 88 58 88 92 36 78 63 8 72 35 87 87 55 18 89 22 61 88 58 33 41 82 72 69 45 19 
64 48 76 14 37 64 38 43 100 71 21 82 2 82 67 44 28 65 12 61 5 7 38 46 54 71 94 40 52 62 65 32 28 10 5 72 77 47 70 5 8 80 60 54 85 14 42 57 22 98 59 81 20 59 10 55 95 50 11 25 37 23 28 97 
95 80 65 100 80 12 8 26 25 21 54 46 35 79 96 98 18 44 66 7 71 6 23 91 80 54 88 53 88 10 7 10 78 43 100 61 36 100 53 42 49 2 63 24 73 33 29 68 39 68 5 18 44 65 53 50 88 10 9 43 13 78 3 37 
5 66 2 18 88 9 62 84 57 48 80 11 13 97 40 24 52 20 88 17 17 79 6 67 86 21 21 86 60 91 25 9 78 17 14 3 94 37 98 77 3 43 35 44 21 31 94 2 81 36 91 36 46 57 6 29 72 45 11 100 100 46 87 1 
13 95 43 76 100 63 27 75 58 97 1 24 21 92 31 20 8 63 5 83 60 19 85 25 55 50 58 68 2 23 29 56 90 42 69 82 96 88 15 8 18 26 83 75 41 47 39 99 7 80 67 61 55 31 27 69 99 30 3 3 42 14 17 88 
73 59 15 81 39 65 86 95 28 56 95 46 85 12 26 55 28 20 11 53 37 42 34 89 76 64 29 95 6 6 64 70 3 76 29 48 14 95 51 96 26 5 91 76 84 36 84 67 31 19 20 76 48 33 90 14 48 74 89 73 35 50 36 84 
93 50 93 95 6 78 24 7 39 28 42 29 78 100 85 78 83 98 18 79 88 66 82 94 71 10 58 22 53 95 98 88 78 41 66 35 86 42 65 93 39 80 19 67 19 94 80 14 78 80 42 51 88 97 85 63 69 45 99 60 78 94 43 10 
5 66 60 67 72 30 79 61 48 87 91 96 96 6 42 58 12 88 60 1 17 6 35 40 47 82 29 12 86 12 74 10 98 21 33 18 81 6 69 41 89 68 67 49 84 62 99 47 74 20 99 14 75 60 57 3 85 44 21 84 14 86 97 63 
61 47 55 10 17 61 29 39 1 86 38 85 89 50 22 39 34 71 13 59 87 26 54 21 63 3 47 14 15 22 79 75 75 59 67 33 31 61 11 10 38 3 98 77 19 89 2 45 8 93 89 32 78 6 21 56 17 2 41 77 55 32 100 81 
97 56 80 37 35 79 76 22 5 18 69 55 84 91 87 62 18 40 8 71 63 55 28 34 19 90 57 5 92 99 14 38 54 33 12 47 90 45 93 67 61 45 86 8 27 56 100 97 64 19 11 85 96 83 78 80 25 67 14 88 28 15 4 70 
45 27 7 89 65 90 68 72 98 32 36 85 52 15 60 28 97 59 5 57 73 18 25 63 86 39 49 61 78 77 97 85 64 74 100 71 88 22 50 11 95 68 55 18 54 70 72 78 18 23 65 67 66 35 56 83 98 18 7 17 13 54 97 15 
28 89 78 88 66 54 3 86 54 31 35 100 80 87 81 75 38 24 29 63 95 38 64 38 25 37 86 63 55 41 58 53 91 78 54 38 31 45 41 4 52 34 40 42 91 85 98 31 83 95 11 64 11 77 4 69 47 35 92 20 31 39 4 38 
71 83 87 67 61 10 57 76 14 33 38 6 40 60 78 26 79 47 36 93 89 12 46 21 14 95 24 32 90 16 27 76 96 74 22 35 18 83 57 23 65 11 52 62 48 40 9 1 40 50 31 79 70 27 41 6 98 72 27 50 33 55 89 3 
63 43 49 78 43 84 50 3 12 74 6 84 13 75 45 32 56 51 16 50 40 35 73 82 52 30 23 43 81 93 81 65 8 61 79 29 33 42 14 97 44 81 81 85 12 100 16 22 4 95 73 8 38 15 11 55 41 88 71 97 48 74 56 75 
38 58 7 55 7 76 100 46 29 88 61 20 99 89 96 10 44 51 98 37 86 69 22 55 66 1 82 35 42 11 8 8 9 74 95 72 59 54 18 64 40 62 46 97 29 65 42 66 41 46 49 85 55 95 71 87 58 25 89 25 30 47 33 42 
40 94 13 82 51 21 38 98 15 57 42 73 24 85 31 20 14 53 57 87 62 81 81 67 36 21 91 27 87 46 57 67 79 45 86 40 38 65 66 38 18 8 27 76 66 85 31 14 33 14 55 100 39 44 68 86 50 97 38 94 46 38 9 94 
59 87 6 35 38 13 33 60 18 21 49 51 2 66 4 35 76 52 5 52 69 44 21 96 47 61 40 6 75 87 71 84 58 8 66 88 38 43 65 56 75 55 9 59 24 59 22 32 32 22 64 34 55 18 84 40 44 29 35 83 70 73 42 11 
65 55 4 90 84 99 17 100 35 85 95 97 72 41 46 33 92 38 62 79 24 3 15 42 38 94 41 9 61 79 80 15 28 5 100 27 38 7 94 67 10 32 69 70 55 64 11 82 29 15 99 40 18 73 46 45 61 20 56 27 96 10 25 7 
77 10 71 80 26 38 94 91 59 93 98 82 28 8 24 95 94 71 84 69 62 41 13 86 21 94 74 19 89 97 39 38 87 88 17 21 48 84 62 94 19 100 85 68 100 86 32 74 5 58 42 2 4 73 89 38 66 26 98 15 76 4 49 62 
-1 -1 1 -1 1 -1 -1 -1 1 1 -1 -1 1 -1 1 -1 -1 1 1 -1 -1 -1 -1 -1 1 -1 -1 -1 -1 -1 1 -1 -1 1 1 -1 -1 1 -1 -1 1 -1 1 1 1 -1 1 1 -1 1 -1 -1 -1 -1 -1 -1 1 1 1 -1 1 1 1 1 
-1 1 -1 -1 1 1 -1 1 1 -1 1 1 -1 1 -1 1 1 1 -1 1 1 -1 1 -1 1 1 -1 1 1 -1 1 -1 -1 -1 1 -1 1 -1 1 1 1 1 -1 -1 1 1 -1 1 1 -1 1 1 1 -1 -1 -1 1 -1 1 -1 -1 -1 -1 1 
1 -1 -1 1 -1 -1 -1 1 1 1 1 1 -1 1 1 -1 1 -1 1 -1 -1 1 -1 -1 1 1 -1 1 1 -1 -1 -1 1 1 -1 1 -1 1 1 1 1 -1 1 -1 -1 -1 1 1 1 1 -1 -1 1 1 -1 -1 1 1 -1 -1 1 1 1 1 
-1 -1 1 -1 1 1 1 1 1 -1 -1 -1 -1 -1 -1 1 1 -1 1 -1 1 1 1 -1 -1 -1 1 1 -1 -1 -1 1 1 -1 1 1 1 1 -1 1 -1 -1 -1 1 1 1 -1 -1 1 -1 -1 -1 -1 -1 -1 1 -1 -1 -1 -1 1 1 1 1 
1 1 -1 1 1 1 -1 -1 -1 -1 1 1 1 -1 -1 -1 -1 -1 -1 -1 1 1 -1 1 -1 1 -1 1 -1 1 -1 1 -1 -1 -1 1 -1 1 1 1 1 -1 -1 -1 1 -1 1 -1 -1 1 -1 1 -1 -1 -1 -1 -1 -1 -1 -1 -1 1 1 -1 
-1 1 -1 1 1 1 -1 -1 1 -1 -1 1 1 1 1 1 -1 1 -1 -1 -1 -1 1 -1 1 1 -1 -1 -1 -1 -1 1 1 1 1 1 1 1 -1 1 -1 -1 -1 -1 -1 -1 -1 -1 1 1 -1 1 1 -1 1 -1 1 -1 1 -1 1 -1 1 1 
-1 -1 -1 1 -1 -1 -1 -1 -1 1 -1 -1 -1 -1 1 1 -1 -1 1 -1 -1 -1 1 1 1 1 -1 1 -1 -1 1 -1 -1 1 -1 -1 -1 -1 -1 -1 -1 -1 -1 1 1 -1 1 1 1 1 -1 -1 1 -1 1 -1 1 1 -1 -1 1 1 -1 1 
-1 1 1 1 -1 -1 -1 -1 -1 -1 1 1 1 1 -1 -1 -1 1 -1 -1 -1 1 1 1 -1 -1 -1 -1 1 1 1 1 1 1 1 -1 -1 1 -1 -1 -1 -1 -1 1 1 1 1 -1 1 1 1 1 1 1 1 1 1 -1 1 -1 1 -1 -1 -1 
1 1 1 1 -1 1 -1 -1 1 1 -1 -1 -1 -1 1 1 -1 -1 -1 -1 -1 -1 1 1 1 -1 -1 -1 -1 -1 1 -1 -1 -1 -1 1 -1 1 -1 -1 1 1 1 -1 1 -1 -1 -1 1 -1 -1 1 1 1 -1 -1 -1 -1 -1 1 1 -1 1 -1 
1 -1 1 -1 -1 -1 1 -1 1 -1 -1 -1 -1 -1 1 -1 1 -1 -1 -1 -1 -1 1 1 1 -1 -1 1 -1 -1 1 1 1 1 -1 1 -1 -1 1 -1 1 -1 1 -1 -1 -1 1 -1 1 -1 1 1 -1 -1 -1 -1 -1 -1 1 1 1 -1 -1 -1 
-1 1 1 -1 1 -1 -1 1 -1 -1 1 -1 1 1 1 1 -1 -1 -1 1 1 -1 -1 1 1 -1 -1 1 1 1 -1 -1 -1 1 -1 1 1 -1 1 -1 -1 1 1 -1 1 -1 -1 1 1 -1 1 -1 -1 -1 1 -1 -1 -1 -1 1 1 1 -1 -1 
-1 1 1 -1 1 1 -1 1 -1 -1 -1 1 -1 1 -1 1 1 -1 -1 -1 1 -1 -1 1 1 -1 -1 -1 -1 -1 1 -1 -1 1 1 -1 -1 -1 1 1 -1 -1 -1 1 1 -1 -1 1 -1 1 1 1 1 -1 1 -1 1 1 1 -1 1 1 -1 1 
1 -1 -1 -1 1 1 -1 1 -1 -1 1 -1 -1 1 -1 -1 -1 1 1 -1 -1 1 1 -1 1 -1 1 -1 -1 1 1 1 -1 -1 1 -1 1 -1 -1 -1 -1 -1 -1 -1 -1 1 1 -1 -1 1 1 -1 -1 1 1 -1 -1 -1 1 1 1 1 1 1 
-1 1 1 -1 -1 1 -1 1 -1 -1 1 1 1 1 -1 -1 1 1 1 1 -1 -1 -1 1 1 -1 -1 -1 -1 1 1 1 1 -1 -1 1 -1 -1 1 1 -1 -1 1 -1 1 -1 -1 -1 -1 -1 1 -1 1 1 -1 1 1 -1 1 -1 -1 -1 -1 1 
1 -1 1 -1 -1 1 1 -1 1 1 1 -1 -1 -1 1 1 -1 -1 -1 -1 -1 1 1 1 1 1 -1 1 -1 1 -1 1 1 -1 -1 -1 1 1 -1 1 -1 1 -1 1 1 1 1 -1 -1 1 -1 1 -1 -1 -1 -1 1 1 -1 -1 -1 -1 1 1 
-1 1 -1 1 -1 1 1 -1 1 -1 1 1 -1 -1 1 1 1 -1 -1 1 1 1 1 1 1 1 -1 1 1 1 -1 1 -1 1 -1 1 1 -1 1 -1 1 -1 -1 1 1 -1 -1 -1 -1 1 1 -1 -1 -1 1 1 -1 -1 1 -1 -1 1 1 1 
-1 1 1 1 -1 -1 -1 -1 -1 1 -1 1 -1 1 -1 1 -1 -1 1 -1 1 1 -1 1 1 1 -1 -1 -1 -1 -1 -1 -1 1 -1 -1 -1 1 1 -1 1 1 -1 -1 -1 -1 -1 -1 1 1 1 1 -1 -1 -1 -1 -1 -1 -1 -1 1 1 -1 1 
1 1 -1 -1 -1 1 -1 1 -1 -1 -1 -1 1 1 -1 -1 -1 1 1 -1 -1 1 1 1 1 1 -1 -1 -1 1 -1 -1 1 1 -1 1 1 1 -1 1 1 -1 1 1 1 1 1 -1 1 1 -1 -1 -1 1 -1 -1 -1 1 1 1 1 -1 1 -1 
1 -1 1 1 -1 -1 1 -1 -1 -1 -1 -1 1 1 -1 -1 1 1 -1 1 -1 -1 1 1 1 -1 -1 1 1 1 -1 -1 -1 1 1 1 -1 -1 1 -1 1 -1 1 1 -1 -1 -1 -1 1 -1 -1 1 -1 -1 1 1 -1 1 -1 1 -1 1 1 1 
-1 1 -1 -1 -1 -1 -1 -1 -1 -1 1 -1 -1 1 -1 1 -1 -1 1 1 1 1 1 -1 1 1 1 -1 1 1 -1 -1 1 -1 1 1 -1 -1 1 -1 1 -1 -1 -1 -1 -1 1 -1 -1 -1 -1 1 1 -1 1 1 -1 -1 -1 -1 -1 1 -1 -1 
-1 1 -1 1 1 -1 -1 -1 -1 -1 1 1 -1 -1 -1 1 1 -1 -1 1 -1 -1 1 1 -1 1 1 -1 -1 1 1 -1 -1 1 -1 -1 1 -1 -1 1 -1 -1 -1 -1 -1 1 -1 1 -1 -1 1 -1 -1 1 -1 -1 -1 -1 -1 -1 -1 1 1 1 
-1 -1 1 1 1 -1 -1 1 -1 -1 -1 -1 1 -1 1 1 1 1 -1 1 -1 -1 1 1 -1 -1 -1 -1 -1 -1 -1 1 1 -1 -1 1 -1 1 1 -1 -1 -1 -1 1 1 -1 -1 1 1 1 -1 -1 1 -1 -1 1 -1 1 -1 -1 1 -1 -1 1 
-1 1 -1 1 -1 1 1 1 1 1 -1 -1 1 -1 1 1 -1 1 1 1 1 1 -1 -1 1 -1 -1 1 -1 -1 1 1 -1 -1 1 1 1 -1 -1 1 1 1 -1 1 1 -1 -1 1 1 1 -1 1 -1 1 -1 1 -1 -1 1 1 -1 -1 -1 1 
-1 -1 -1 -1 1 -1 1 1 1 1 1 1 -1 1 1 1 1 1 1 -1 1 1 -1 -1 -1 -1 -1 1 1 1 1 1 1 -1 -1 1 1 1 -1 -1 -1 1 1 -1 1 1 1 -1 -1 1 1 -1 1 1 -1 -1 -1 1 -1 1 -1 1 1 1 
1 1 1 -1 -1 1 1 -1 1 1 1 1 1 1 1 1 1 1 1 1 -1 -1 1 -1 1 1 -1 -1 1 -1 -1 -1 -1 -1 -1 1 1 -1 -1 -1 1 1 -1 1 -1 1 1 -1 1 1 -1 1 1 -1 -1 1 -1 -1 1 1 1 -1 -1 -1 
-1 1 1 -1 1 1 1 -1 -1 -1 -1 -1 -1 -1 1 1 1 1 -1 1 1 -1 -1 -1 1 1 -1 -1 -1 1 -1 -1 1 -1 1 1 1 1 -1 -1 -1 1 -1 -1 1 1 -1 1 -1 1 1 -1 -1 1 -1 -1 -1 -1 -1 1 -1 -1 -1 -1 
-1 -1 -1 1 -1 -1 -1 -1 -1 -1 -1 -1 1 -1 -1 -1 -1 -1 -1 1 1 -1 -1 -1 -1 -1 -1 -1 -1 -1 1 1 -1 -1 -1 1 1 -1 1 1 -1 -1 -1 -1 -1 1 1 1 1 1 -1 1 1 -1 1 1 -1 1 -1 1 1 1 -1 -1 
-1 1 1 1 1 -1 1 -1 -1 1 1 -1 -1 -1 1 1 -1 -1 1 -1 -1 -1 1 1 -1 -1 -1 1 -1 -1 1 -1 -1 -1 -1 -1 -1 -1 1 -1 -1 -1 -1 -1 -1 1 -1 -1 -1 1 1 1 1 -1 -1 1 -1 -1 -1 1 1 -1 1 1 
-1 1 1 -1 -1 -1 -1 1 -1 -1 1 -1 -1 -1 -1 1 -1 -1 1 1 -1 -1 -1 1 1 -1 -1 -1 1 1 1 1 -1 -1 1 1 -1 1 -1 -1 -1 -1 -1 -1 -1 -1 1 1 -1 -1 1 -1 -1 1 1 1 -1 -1 1 1 1 1 -1 -1 
-1 -1 -1 -1 1 -1 -1 1 -1 -1 1 -1 1 1 1 1 -1 1 1 1 1 -1 -1 1 -1 1 -1 -1 1 -1 -1 1 -1 -1 1 1 -1 -1 1 -1 -1 1 -1 -1 -1 -1 -1 -1 -1 -1 -1 -1 -1 1 -1 1 -1 1 -1 -1 -1 1 -1 1 
1 1 -1 -1 -1 -1 1 1 1 1 -1 1 1 1 -1 -1 -1 -1 -1 -1 1 -1 1 1 -1 -1 1 1 1 -1 1 -1 -1 1 1 1 -1 1 -1 -1 -1 -1 1 -1 1 -1 -1 -1 1 -1 1 1 1 -1 1 1 -1 1 1 -1 1 1 -1 -1 
-1 -1 -1 1 1 1 -1 1 -1 1 -1 -1 1 1 1 1 -1 -1 -1 -1 -1 1 1 1 -1 -1 1 -1 1 1 -1 1 1 1 -1 1 -1 1 1 1 1 -1 -1 1 -1 1 1 1 1 1 1 1 1 1 -1 1 -1 1 -1 -1 1 -1 -1 -1 
-1 -1 1 1 -1 1 -1 1 -1 1 -1 -1 -1 1 1 -1 -1 1 -1 1 -1 1 -1 1 -1 1 -1 -1 -1 -1 -1 1 -1 -1 1 1 -1 1 1 -1 -1 1 1 -1 -1 1 1 -1 1 1 -1 -1 1 -1 -1 1 -1 -1 1 1 -1 -1 -1 -1 
1 -1 1 -1 -1 1 1 1 -1 1 1 1 -1 -1 -1 1 1 1 1 -1 1 -1 -1 -1 -1 -1 -1 -1 -1 -1 1 1 -1 1 1 -1 -1 1 1 -1 1 -1 -1 1 1 1 -1 -1 -1 1 1 1 -1 -1 -1 -1 -1 1 -1 -1 1 -1 1 -1 
1 1 -1 1 -1 1 -1 1 -1 -1 -1 1 1 -1 -1 -1 -1 -1 1 1 -1 -1 1 -1 -1 1 -1 -1 1 1 1 -1 1 1 1 1 -1 1 -1 -1 -1 -1 -1 -1 1 -1 -1 1 -1 1 1 1 -1 -1 1 1 -1 -1 -1 -1 1 1 1 1 
-1 -1 1 1 1 1 -1 -1 1 1 1 -1 -1 1 -1 1 -1 1 1 1 -1 1 1 1 1 1 1 -1 1 1 1 1 1 -1 1 -1 1 -1 -1 -1 -1 1 1 1 -1 1 -1 -1 -1 -1 -1 1 1 1 1 1 -1 1 -1 1 -1 -1 -1 -1 
-1 1 -1 1 -1 1 -1 -1 -1 -1 1 -1 1 -1 1 1 -1 1 -1 -1 1 -1 1 1 1 1 1 -1 -1 -1 -1 -1 -1 -1 -1 1 1 1 1 1 1 -1 1 1 1 1 1 -1 1 -1 1 1 1 -1 1 1 1 -1 1 -1 -1 1 -1 1 
1 -1 1 1 1 1 -1 1 1 -1 -1 -1 -1 -1 1 -1 1 1 -1 -1 -1 1 -1 1 -1 1 -1 -1 1 -1 1 1 1 1 1 -1 1 -1 -1 -1 -1 -1 -1 1 -1 1 -1 1 1 1 -1 1 1 1 1 1 -1 -1 -1 -1 1 1 1 1 
-1 1 1 -1 1 -1 -1 -1 -1 1 1 1 -1 1 -1 1 1 -1 1 1 -1 1 -1 -1 -1 -1 1 1 -1 1 -1 1 1 1 -1 -1 1 -1 -1 -1 -1 -1 -1 -1 -1 1 1 -1 -1 -1 -1 1 1 -1 1 1 -1 -1 -1 1 1 -1 -1 -1 
-1 1 1 1 1 1 -1 -1 -1 -1 -1 1 -1 1 1 -1 -1 1 -1 -1 1 -1 1 -1 -1 -1 1 -1 -1 -1 -1 1 -1 -1 -1 -1 1 -1 -1 1 1 -1 -1 -1 1 1 -1 1 -1 1 1 1 -1 1 1 -1 -1 -1 1 -1 1 -1 1 1 
1 1 1 -1 1 -1 -1 -1 1 1 -1 -1 -1 -1 -1 1 1 1 1 1 -1 -1 1 -1 1 -1 -1 -1 -1 -1 -1 1 -1 1 -1 -1 1 -1 -1 1 -1 -1 -1 1 -1 1 1 -1 -1 -1 1 -1 -1 1 1 1 1 -1 1 1 1 1 -1 1 
-1 1 -1 -1 -1 -1 -1 -1 1 -1 1 -1 -1 -1 1 -1 1 -1 -1 -1 -1 -1 1 1 1 1 -1 -1 -1 1 -1 -1 1 -1 -1 1 -1 -1 -1 -1 -1 -1 -1 1 1 1 -1 -1 -1 -1 1 1 -1 1 1 1 -1 1 1 1 1 1 -1 -1 
1 -1 1 -1 -1 -1 -1 -1 1 1 1 -1 -1 1 -1 -1 -1 1 1 -1 -1 -1 -1 1 -1 -1 -1 -1 -1 -1 1 -1 1 -1 -1 1 1 -1 -1 -1 -1 -1 -1 1 1 1 1 -1 1 -1 1 -1 -1 -1 -1 -1 -1 -1 -1 -1 -1 -1 -1 -1 
1 -1 -1 1 -1 -1 1 1 -1 -1 -1 1 -1 -1 1 1 -1 1 1 -1 -1 1 1 -1 1 -1 -1 -1 -1 -1 -1 1 -1 1 -1 1 1 1 -1 -1 1 1 1 1 1 1 1 1 -1 1 -1 1 -1 -1 -1 1 1 -1 1 1 1 -1 -1 -1 
1 1 -1 1 1 -1 1 1 1 -1 1 1 -1 1 1 1 -1 1 -1 -1 -1 1 1 1 -1 1 -1 -1 -1 -1 1 -1 -1 1 1 -1 1 -1 -1 1 -1 1 1 1 -1 -1 -1 -1 1 -1 -1 -1 -1 -1 -1 -1 1 -1 1 -1 1 1 -1 1 
-1 1 -1 1 -1 -1 -1 1 -1 -1 -1 -1 1 -1 1 -1 -1 1 -1 -1 1 -1 -1 1 1 1 1 1 -1 -1 -1 1 1 1 -1 1 1 1 1 1 1 1 1 1 -1 1 1 1 -1 1 1 -1 1 -1 -1 -1 -1 -1 1 1 -1 -1 1 1 
1 -1 1 -1 1 -1 1 1 -1 1 -1 -1 1 -1 1 -1 -1 1 -1 1 -1 -1 -1 1 1 -1 1 -1 1 -1 -1 1 1 -1 -1 -1 1 -1 1 -1 1 -1 1 1 -1 1 -1 -1 -1 1 -1 -1 1 1 -1 1 1 1 1 -1 -1 1 1 1 
1 1 1 -1 -1 -1 1 -1 -1 -1 1 1 -1 -1 -1 -1 -1 -1 -1 -1 1 1 1 -1 -1 1 1 -1 1 -1 -1 1 -1 -1 1 -1 -1 1 -1 1 -1 -1 -1 1 -1 1 -1 -1 -1 1 -1 1 -1 1 1 -1 -1 1 -1 1 -1 -1 -1 1 
-1 1 1 1 -1 1 1 1 1 1 1 -1 -1 -1 -1 -1 1 1 1 -1 -1 1 1 -1 1 -1 1 -1 -1 -1 1 1 1 -1 -1 -1 1 1 -1 -1 -1 -1 1 -1 1 -1 -1 -1 -1 -1 1 -1 1 1 1 1 -1 -1 1 1 -1 1 1 1 
1 -1 1 -1 1 1 1 1 -1 -1 -1 1 1 -1 1 1 1 1 -1 -1 -1 1 1 1 1 1 1 1 -1 -1 -1 1 1 1 1 -1 -1 1 -1 1 -1 -1 -1 1 -1 1 1 1 -1 1 1 -1 -1 -1 1 -1 -1 1 -1 -1 -1 -1 1 1 
-1 1 -1 -1 -1 -1 -1 1 -1 1 1 1 1 1 -1 1 1 -1 -1 -1 1 -1 -1 1 -1 1 -1 1 1 -1 1 1 -1 1 1 -1 1 -1 -1 1 1 1 1 -1 -1 1 -1 -1 1 1 -1 -1 -1 1 -1 -1 1 1 -1 1 1 -1 -1 1 
-1 1 -1 -1 1 1 -1 1 1 1 -1 1 -1 -1 1 -1 1 -1 1 1 -1 -1 1 -1 1 -1 1 1 -1 -1 1 1 -1 1 1 1 1 1 1 1 -1 1 -1 1 -1 -1 -1 1 -1 -1 -1 -1 -1 -1 1 -1 1 -1 -1 -1 -1 -1 -1 -1 
-1 1 1 -1 -1 1 1 1 1 -1 -1 1 -1 1 -1 -1 -1 -1 -1 1 -1 1 -1 1 1 -1 1 1 -1 -1 1 1 1 -1 -1 1 1 1 1 -1 -1 -1 -1 -1 -1 1 1 -1 1 -1 -1 -1 -1 1 -1 1 -1 -1 1 1 -1 1 -1 1 
-1 -1 1 -1 -1 -1 -1 1 1 -1 -1 -1 1 1 -1 -1 -1 1 -1 -1 1 -1 1 1 -1 1 -1 -1 1 1 -1 1 -1 -1 -1 1 -1 1 -1 1 1 1 -1 -1 -1 -1 1 1 1 -1 1 -1 1 1 1 -1 1 -1 -1 -1 -1 -1 -1 -1 
-1 -1 -1 -1 -1 1 1 1 -1 -1 1 1 1 -1 -1 1 -1 -1 1 1 -1 -1 -1 -1 -1 -1 1 -1 1 -1 1 -1 -1 -1 1 1 1 1 1 1 1 1 -1 -1 -1 -1 -1 1 1 1 -1 1 -1 1 1 -1 1 -1 -1 -1 -1 -1 1 1 
-1 -1 -1 1 -1 -1 -1 1 -1 -1 -1 -1 -1 1 -1 1 -1 -1 1 1 -1 1 1 -1 1 -1 1 1 1 1 1 1 1 -1 1 1 1 1 1 -1 1 1 -1 1 -1 -1 1 -1 1 -1 -1 -1 1 -1 -1 -1 1 1 -1 -1 -1 -1 -1 -1 
1 1 1 -1 -1 1 1 1 -1 -1 -1 1 -1 1 1 -1 -1 -1 -1 -1 -1 -1 -1 -1 -1 -1 -1 -1 -1 -1 -1 -1 -1 -1 -1 -1 1 -1 -1 -1 1 -1 -1 1 1 -1 1 -1 -1 -1 1 1 -1 1 1 1 -1 -1 1 1 1 -1 1 1 
1 -1 1 -1 -1 -1 1 -1 -1 -1 -1 1 -1 -1 1 -1 -1 1 1 -1 -1 1 -1 1 -1 -1 1 -1 -1 1 1 1 -1 1 -1 1 -1 -1 -1 -1 -1 1 -1 -1 -1 -1 1 1 -1 1 1 -1 -1 -1 -1 1 -1 1 -1 -1 1 -1 -1 -1 
1 1 -1 -1 -1 1 -1 1 -1 1 -1 1 1 1 -1 1 -1 1 -1 -1 -1 -1 1 -1 1 -1 -1 -1 1 -1 1 -1 1 -1 -1 -1 1 -1 -1 1 1 1 -1 1 1 1 1 -1 1 -1 -1 -1 1 -1 -1 -1 1 -1 -1 -1 -1 1 -1 1 
-1 -1 -1 -1 -1 -1 -1 -1 1 1 1 -1 1 -1 -1 -1 -1 1 1 -1 -1 -1 1 1 1 1 1 1 1 -1 -1 -1 1 -1 -1 1 -1 -1 1 -1 1 1 -1 1 -1 1 -1 1 1 -1 1 -1 1 -1 -1 -1 1 -1 -1 -1 -1 1 1 -1 
1 -1 1 1 -1 1 1 1 1 1 1 1 1 -1 -1 -1 1 1 -1 -1 -1 1 -1 -1 1 -1 1 1 1 -1 1 1 -1 1 1 -1 -1 1 1 1 1 1 -1 1 1 -1 -1 -1 -1 -1 1 -1 -1 -1 -1 -1 1 1 -1 -1 -1 -1 -1 -1 
1 -1 1 1 1 -1 1 -1 -1 -1 1 1 1 -1 -1 1 1 -1 1 1 1 -1 -1 1 -1 -1 1 -1 1 1 1 -1 -1 -1 1 -1 1 1 -1 -1 1 1 -1 -1 1 -1 1 -1 1 -1 -1 -1 1 -1 -1 -1 -1 -1 1 1 -1 -1 -1 -1 
1 -1 1 1 1 1 -1 -1 1 -1 -1 -1 1 -1 1 1 -1 1 1 -1 1 -1 -1 1 -1 -1 -1 1 -1 -1 -1 -1 -1 1 1 -1 -1 1 -1 1 -1 -1 -1 -1 -1 1 1 -1 1 1 -1 -1 -1 -1 1 -1 1 -1 -1 1 -1 -1 -1 1 
1 1 1 1 -1 1 1 -1 -1 -1 -1 1 1 1 1 1 1 -1 1 -1 1 1 1 1 -1 -1 -1 1 -1 1 -1 -1 -1 -1 1 -1 1 1 -1 1 1 -1 -1 -1 1 1 1 1 1 1 1 -1 1 -1 1 -1 1 -1 1 -1 -1 -1 1 -1 