128
57 75 51 34 14 54 30 43 14 8 47 73 32 93 31 65 3 52 66 12 65 78 9 56 76 37 94 70 54 58 96 10 1 42 31 64 85 9 80 34 45 58 68 75 64 56 82 100 62 66 47 34 9 69 12 13 68 51 25 94 88 49 69 41 30 80 86 11 66 31 94 72 84 78 13 95 89 64 61 94 17 30 58 11 19 34 70 7 37 69 88 79 68 64 3 54 18 24 14 52 35 8 63 51 37 48 3 1 28 37 55 53 50 45 62 42 37 43 37 70 36 79 73 1 27 26 3 32 
61 79 11 45 79 10 63 69 10 9 4 88 91 88 85 21 65 17 55 17 66 52 7 97 66 93 12 19 39 37 46 33 43 22 7 95 93 60 85 13 5 58 78 4 99 26 78 56 16 16 7 96 51 57 3 21 29 38 8 95 32 33 70 70 48 29 17 85 4 77 32 56 67 71 57 31 60 94 8 49 34 44 21 78 42 98 74 15 5 74 55 37 53 41 57 72 93 69 92 56 46 11 20 26 25 6 14 23 50 76 12 70 63 26 49 67 31 34 45 36 15 48 37 7 54 10 79 29 
73 40 14 40 87 38 79 12 46 81 85 56 13 39 72 10 3 46 14 28 82 74 87 45 97 6 31 50 33 74 37 37 35 21 63 31 71 10 18 61 19 46 12 26 9 3 67 72 15 20 3 51 29 3 94 55 98 67 99 98 83 98 14 73 7 57 84 36 79 35 65 23 74 84 67 46 30 70 38 61 54 2 15 100 85 44 47 74 29 27 39 65 75 80 86 77 41 77 6 63 28 66 42 54 53 15 19 87 90 18 14 4 18 68 2 1 2 83 2 36 11 16 23 38 56 73 43 35 
39 45 60 16 60 97 88 84 53 99 22 24 81 68 63 62 47 30 2 14 88 6 54 77 94 55 18 50 10 1 2 51 92 36 8 79 72 56 16 8 28 70 27 78 4 85 5 34 64 31 44 83 1 65 75 90 77 43 39 35 20 26 21 48 55 88 13 1 27 14 75 64 20 93 13 13 20 79 83 95 13 6 12 38 28 54 64 36 16 19 75 34 85 17 54 94 1 59 4 25 20 62 66 48 74 30 15 12 25 85 47 99 90 38 38 95 80 73 83 78 37 29 7 30 29 53 59 74 
68 67 66 92 96 5 45 61 2 90 93 78 75 58 83 23 3 76 90 87 65 38 5 14 58 86 23 38 47 64 16 42 5 3 77 97 80 88 15 91 27 31 23 25 44 28 10 14 82 86 31 61 52 78 35 97 73 37 91 16 71 63 47 6 46 50 96 64 48 69 52 5 14 78 68 15 49 77 27 31 34 96 20 62 10 77 23 57 97 71 33 12 26 61 78 82 27 32 84 21 44 53 16 70 66 75 18 70 38 12 14 48 19 15 75 30 87 68 58 72 24 19 60 53 28 27 84 26 
57 98 37 90 18 31 4 50 70 73 77 43 61 93 53 35 7 29 83 54 7 26 24 15 99 28 51 63 40 77 23 56 46 78 8 14 46 20 16 80 67 37 7 79 67 27 95 67 68 93 70 45 36 63 98 32 67 99 29 47 25 97 60 4 40 55 15 39 62 68 82 54 55 42 84 30 70 71 73 42 15 65 94 39 75 51 89 94 78 80 33 10 87 75 48 37 27 93 62 36 43 76 36 82 82 60 42 36 73 85 30 97 28 69 15 44 21 38 31 34 98 45 82 41 45 73 8 21 
4 99 46 1 59 50 3 3 6 29 84 97 7 10 66 87 84 75 79 79 89 66 73 38 83 72 66 42 13 81 70 35 61 51 39 95 66 63 9 37 49 71 4 26 61 55 81 10 97 70 16 88 23 14 55 3 88 61 41 70 10 27 20 89 79 17 83 19 1 12 89 25 100 98 35 39 44 4 39 2 41 35 48 13 73 80 42 89 98 91 83 44 61 59 5 47 46 79 92 44 97 42 26 4 40 27 31 23 96 74 77 47 9 46 20 92 90 6 16 20 7 93 49 41 85 55 43 86 
26 21 81 49 8 32 23 71 1 33 92 42 9 34 26 5 33 89 53 86 78 73 68 48 48 27 25 53 76 9 10 21 29 17 80 96 63 32 28 77 27 88 29 36 1 27 84 13 66 76 30 78 50 77 28 100 20 50 86 100 53 4 75 88 25 17 94 3 45 7 68 100 6 58 73 93 41 23 60 18 7 83 81 2 88 17 42 34 88 45 40 68 20 67 97 66 37 41 4 93 15 42 78 95 99 58 93 15 34 64 22 15 69 34 68 54 97 5 58 11 98 18 68 40 67 68 31 85 
52 64 97 79 62 26 93 51 71 44 95 80 59 7 76 58 9 8 10 10 94 52 27 83 62 6 93 25 86 56 40 72 43 74 70 97 27 13 8 70 70 71 71 44 26 95 38 8 92 77 21 51 42 45 58 37 37 17 62 30 97 57 76 12 50 50 60 23 37 59 9 54 23 49 44 23 80 34 72 38 39 76 79 58 77 57 16 41 26 37 43 11 98 83 19 12 43 36 26 24 46 81 13 15 46 83 7 50 48 96 57 28 14 21 73 98 51 42 96 16 50 71 39 91 29 53 29 100 
87 38 41 96 92 89 9 22 83 17 96 53 7 36 3 99 30 29 6 62 100 70 60 8 54 56 64 85 40 18 21 28 75 44 59 93 86 39 21 98 54 23 27 30 42 94 76 40 82 61 69 69 32 65 64 52 84 24 60 55 97 68 23 2 6 56 77 26 63 94 62 63 85 21 94 70 93 25 18 21 97 21 63 40 8 16 93 71 62 13 89 3 68 6 71 70 12 72 24 13 99 23 17 16 13 44 19 49 27 10 88 14 1 47 14 65 45 23 5 2 83 72 11 91 49 63 53 98 
92 96 66 73 74 82 82 26 15 11 58 22 40 91 3 44 30 34 99 80 54 62 63 94 62 1 65 6 79 64 56 54 83 22 38 77 91 89 24 99 47 43 55 17 45 56 5 17 78 55 58 6 16 11 89 30 15 66 78 56 86 61 50 4 89 28 83 14 53 57 94 61 8 22 57 74 54 31 33 28 36 56 38 70 33 13 56 59 85 14 30 3 36 75 64 67 48 85 48 18 61 24 96 83 95 87 78 41 36 52 48 61 46 21 39 9 56 83 32 76 8 87 95 23 74 39 11 96 
43 44 4 35 35 13 57 39 37 11 3 87 96 24 72 79 26 21 91 24 60 74 53 49 25 30 87 71 15 52 32 33 32 51 34 25 10 15 88 32 18 11 51 92 28 54 63 59 56 98 56 60 52 69 62 16 79 38 51 36 81 19 11 43 37 83 29 12 76 45 34 62 5 6 50 89 24 74 25 69 51 18 68 88 81 38 79 48 76 86 5 99 36 91 11 85 3 90 71 32 65 92 46 56 9 69 4 96 33 64 37 52 61 8 31 52 59 37 44 71 9 57 98 25 68 42 95 20 
40 74 15 20 15 8 11 15 99 16 79 61 16 62 59 23 72 91 89 22 32 27 47 27 51 23 43 89 22 49 30 91 72 23 68 54 28 43 39 93 48 43 71 96 75 42 98 72 5 74 49 76 91 61 75 43 90 41 15 9 71 54 21 49 1 78 7 99 78 16 38 16 78 78 3 96 5 97 25 36 34 50 74 77 73 57 36 41 31 13 97 74 38 35 96 54 38 19 59 39 40 48 41 87 90 36 62 19 90 39 58 73 42 95 83 88 22 83 77 78 64 16 75 71 64 96 14 87 
99 88 53 97 51 32 84 77 9 99 52 40 83 13 41 94 66 35 4 2 93 20 49 17 95 95 76 59 26 44 32 89 27 28 69 45 38 20 62 88 21 63 92 61 8 70 49 74 17 75 45 21 62 94 77 92 69 34 87 74 100 3 89 26 92 12 95 6 88 10 78 99 15 58 6 46 70 86 1 41 2 9 51 56 64 27 22 61 36 91 64 65 3 78 72 34 44 48 82 43 94 87 15 20 39 59 4 62 5 49 28 17 94 16 67 78 90 100 96 1 57 57 56 7 56 30 29 3 
3 38 54 49 7 41 90 60 69 2 22 1 42 81 76 19 25 72 94 59 58 44 14 52 75 15 88 51 7 42 71 100 94 48 70 3 81 88 91 7 49 75 88 27 89 79 40 10 56 57 69 36 7 40 14 100 15 22 28 58 69 98 27 9 32 14 44 55 21 64 21 18 36 28 38 67 96 68 78 25 87 36 2 1 58 19 81 77 3 44 65 63 78 98 38 72 33 60 8 4 49 33 92 71 68 6 63 41 27 48 38 6 33 95 76 91 84 97 35 15 7 40 94 71 80 37 6 6 
77 87 69 50 5 75 84 65 74 45 39 39 31 92 12 6 20 5 45 38 67 49 50 23 89 65 24 38 32 7 19 66 17 33 26 61 23 72 7 54 90 3 32 56 65 55 88 23 17 60 99 19 51 56 35 45 82 3 60 86 9 57 19 14 66 91 56 53 34 50 33 68 14 42 33 78 84 48 78 14 99 11 61 61 26 13 75 45 72 4 20 79 35 11 8 94 42 29 92 56 15 64 14 89 14 66 48 44 35 98 29 36 50 12 63 96 13 60 66 45 17 41 67 65 31 65 97 68 
83 16 40 32 10 54 89 82 29 3 94 41 5 16 80 85 66 77 71 28 22 7 51 38 46 100 2 63 93 19 64 46 89 30 26 62 89 13 99 78 82 78 20 95 71 15 77 91 22 81 59 21 93 42 62 13 43 63 95 53 89 5 49 26 34 42 41 42 33 19 87 99 41 31 43 55 9 32 72 75 46 90 39 45 88 28 12 11 9 31 80 87 91 80 37 9 55 29 5 11 18 80 57 85 55 5 41 6 71 85 96 62 62 91 99 29 64 64 81 61 62 39 60 1 56 52 17 17 
81 76 93 42 56 64 89 76 2 56 16 12 17 25 88 94 63 25 100 26 51 35 20 54 1 83 90 68 13 24 24 28 46 47 52 48 94 3 38 69 40 62 26 66 42 92 59 53 36 53 14 4 44 58 50 31 22 71 71 52 16 30 62 22 80 10 93 73 63 100 59 92 79 38 63 12 13 87 6 13 53 69 23 30 91 67 21 87 64 16 35 3 91 39 69 11 89 56 27 59 69 76 9 96 78 43 7 41 94 2 56 52 8 48 44 30 87 50 46 12 79 55 66 67 87 89 28 65 
38 39 37 71 27 31 83 97 59 73 76 61 31 50 83 41 28 40 20 89 56 2 13 30 9 60 13 81 56 18 61 84 56 69 46 44 69 91 62 4 63 52 83 28 24 73 54 59 14 2 73 23 98 53 22 69 3 75 2 92 49 53 95 74 33 44 30 84 6 3 8 98 21 72 39 71 9 50 81 36 43 80 24 99 76 42 22 67 1 37 72 2 3 88 53 56 43 59 81 12 37 80 82 65 78 88 6 60 66 31 3 9 12 12 38 71 25 69 14 51 93 70 43 70 84 43 62 28 
21 81 10 75 45 40 3 90 54 29 55 59 45 59 27 39 71 13 43 29 82 92 49 71 12 31 55 100 66 64 42 91 76 98 87 67 100 30 22 21 98 2 17 74 89 11 29 31 95 45 25 94 91 21 98 90 62 70 6 84 92 91 14 75 77 63 31 79 3 1 94 33 100 32 64 31 86 43 81 62 69 93 67 88 78 41 55 26 42 53 16 73 70 51 63 61 14 83 10 59 34 90 76 17 2 11 58 3 69 41 30 91 19 95 40 5 38 93 37 35 37 4 60 15 81 17 51 21 
51 54 80 51 38 70 69 42 83 56 46 13 57 90 1 72 56 80 10 40 94 67 21 44 49 30 79 76 86 60 14 19 95 60 56 51 53 9 5 51 87 52 88 48 24 93 8 98 58 84 85 14 29 14 65 55 76 66 81 17 37 37 57 66 39 55 16 81 54 45 2 46 84 42 58 76 91 66 18 45 27 26 82 36 25 100 2 98 39 97 92 31 54 1 2 13 88 53 25 99 26 85 80 42 50 41 45 17 37 87 12 97 89 61 57 48 67 80 75 80 18 58 39 99 13 26 54 84 
70 70 52 20 51 6 37 88 64 19 90 22 82 52 74 4 43 6 41 65 10 2 62 81 6 50 93 95 43 38 5 82 32 8 26 98 81 92 86 25 42 12 87 26 96 71 65 57 41 100 41 14 78 79 97 81 30 81 29 37 3 48 36 35 92 94 54 1 20 12 75 73 82 50 77 63 98 86 5 37 51 76 74 62 34 24 64 16 76 13 93 79 29 17 95 30 18 37 34 14 44 2 21 72 94 31 28 4 45 34 89 51 16 93 44 97 82 28 1 86 5 21 15 53 69 17 65 95 
74 6 4 89 37 87 83 86 5 7 18 7 30 62 6 10 11 32 96 59 16 58 2 12 70 44 72 51 3 71 13 77 52 56 75 69 20 29 4 35 91 26 5 83 83 30 85 14 56 76 48 98 45 80 6 96 87 72 87 5 51 98 9 6 93 73 5 59 3 66 46 54 27 74 16 32 75 60 64 73 91 66 72 26 19 62 19 5 10 68 23 75 54 88 51 32 12 31 76 9 98 59 8 6 3 18 18 9 35 67 38 47 65 53 24 38 12 74 61 66 23 43 24 65 32 37 35 68 
21 80 48 76 3 8 17 21 9 21 5 72 68 8 74 63 95 56 81 83 54 73 2 52 17 25 9 59 31 83 17 15 96 19 81 64 51 99 10 50 37 30 80 32 16 36 37 53 78 50 69 15 99 81 18 13 97 52 9 38 80 16 36 28 90 35 82 21 80 83 46 56 83 62 51 50 50 69 83 62 51 33 63 10 27 74 67 67 45 34 96 95 27 83 92 8 9 60 9 5 58 72 1 20 49 25 90 4 39 39 70 46 22 30 57 83 51 92 13 82 81 53 1 52 68 21 32 26 
74 75 97 95 54 67 100 30 94 16 15 20 7 57 27 75 80 94 93 55 33 88 49 33 65 90 97 17 15 50 84 97 52 32 94 49 99 65 79 62 35 2 76 46 96 25 69 89 41 14 38 24 87 64 70 21 86 27 92 5 66 58 13 31 91 97 69 93 78 94 75 34 100 89 77 13 88 71 49 62 42 93 89 68 9 71 22 30 85 78 90 89 78 7 79 56 64 89 45 89 98 92 76 9 49 47 78 97 71 23 38 88 39 57 28 77 97 71 67 60 53 6 27 42 3 69 65 38 
57 74 89 22 11 49 42 76 41 59 54 21 95 96 52 79 43 70 7 64 25 3 1 76 63 26 36 81 35 47 40 54 68 48 28 11 70 29 18 37 21 12 29 77 15 28 57 40 62 66 50 82 64 5 14 54 23 96 11 39 92 68 25 13 15 88 71 45 68 22 54 95 20 55 7 45 39 100 16 44 37 42 53 45 44 31 19 35 76 78 33 32 69 25 51 57 12 30 84 12 6 39 75 88 38 98 33 34 3 57 79 17 36 26 2 25 76 78 76 95 91 29 41 55 68 99 36 32 
13 21 76 52 80 33 99 54 12 38 1 12 19 98 84 71 79 96 49 75 46 85 78 58 29 35 82 98 49 84 95 53 94 28 11 30 60 76 64 32 72 85 52 1 57 16 63 4 58 75 7 81 69 11 59 70 84 54 64 12 90 56 30 64 32 24 100 11 54 60 82 3 12 62 99 84 56 45 60 42 40 34 27 27 44 12 86 9 1 65 13 9 76 13 51 74 18 10 76 27 50 79 65 40 50 55 17 41 50 84 33 65 92 44 79 47 68 98 28 56 60 27 83 89 89 51 66 47 
92 33 86 14 34 24 11 66 78 40 41 71 94 90 43 49 87 35 36 16 32 81 13 85 30 3 87 55 64 81 37 54 63 73 24 3 68 95 78 36 41 12 38 77 45 40 72 2 84 6 18 41 26 49 40 41 69 59 60 1 62 13 78 92 78 14 20 91 50 21 20 29 18 6 99 24 66 34 4 76 1 52 53 69 8 7 79 13 4 42 79 61 63 94 88 72 32 38 52 9 52 20 92 52 21 90 32 36 71 82 8 9 83 68 86 23 15 61 78 24 33 73 57 71 42 18 70 53 
30 14 9 48 13 87 6 91 21 3 94 27 24 35 99 46 95 40 96 72 38 59 98 51 82 98 35 41 61 62 98 25 7 77 74 3 78 86 84 50 73 45 68 98 73 73 15 100 42 85 29 66 45 26 3 69 85 97 17 68 26 32 39 41 31 96 43 56 93 31 9 48 38 59 36 57 1 84 42 100 9 91 66 99 38 8 86 25 29 34 65 92 98 52 86 23 90 80 81 4 62 8 3 3 38 81 15 72 97 45 35 62 53 87 54 19 3 53 87 26 27 10 43 45 70 99 41 31 
41 83 63 98 22 8 23 76 67 69 42 16 66 27 100 28 31 90 77 72 33 39 75 5 61 9 58 65 10 32 13 48 36 35 83 9 5 49 61 74 65 2 22 5 29 83 35 46 88 80 13 100 41 85 27 14 10 98 7 84 12 82 2 86 57 28 39 84 53 24 67 49 19 82 69 33 11 98 51 56 87 67 99 73 41 100 58 22 10 70 62 43 83 100 15 100 60 83 59 97 11 82 29 32 87 16 83 33 99 94 19 4 49 28 23 5 95 99 9 43 3 66 17 45 81 6 40 6 
9 76 51 96 90 18 12 28 24 39 27 65 89 31 83 90 31 95 22 39 99 91 76 37 49 10 76 45 28 26 1 34 15 41 29 12 65 86 40 95 58 81 9 94 95 55 83 88 23 95 3 68 49 16 81 6 8 43 30 2 3 17 27 99 6 51 24 94 5 79 85 12 70 98 52 63 16 28 40 3 66 31 56 45 12 24 12 93 47 8 22 11 4 10 29 29 60 26 58 25 12 9 99 76 7 77 85 85 4 13 21 7 41 32 55 43 18 14 58 27 93 76 70 7 94 15 90 55 
12 70 2 22 16 61 9 82 3 57 43 39 44 60 37 23 16 37 51 96 61 63 37 4 96 15 26 84 52 25 20 12 46 72 52 27 60 98 16 16 36 38 88 59 39 25 69 16 30 19 51 41 45 43 33 76 3 33 81 33 32 91 41 88 1 81 67 52 16 18 100 60 84 70 16 64 65 69 54 26 90 27 13 82 3 78 81 94 45 90 56 10 71 73 16 53 6 66 12 13 34 5 37 28 88 15 33 28 58 97 22 96 68 43 38 46 35 64 21 83 79 76 68 85 82 57 12 92 
15 2 14 24 1 41 55 89 82 43 95 62 16 16 14 95 61 3 34 96 64 46 40 87 99 71 55 43 84 94 51 89 48 22 13 83 44 40 80 78 92 47 96 27 87 8 43 10 47 59 50 96 76 55 3 56 44 98 35 91 17 73 6 39 57 2 92 26 1 29 23 5 71 63 61 89 10 39 35 62 92 7 47 22 17 78 55 86 65 8 43 98 63 31 40 73 66 44 83 34 49 50 34 76 6 14 32 1 87 3 11 30 45 34 50 12 98 83 66 22 79 60 82 26 57 65 77 3 
31 59 95 32 94 58 5 16 97 61 45 90 23 59 54 58 68 76 35 66 61 41 27 8 75 49 50 79 19 35 55 73 26 78 73 43 1 76 76 76 43 5 74 81 84 74 54 60 68 84 97 83 13 94 98 54 100 69 92 100 12 98 89 8 97 5 67 28 70 45 55 39 55 84 53 32 37 80 49 75 39 80 51 57 45 42 4 4 26 86 72 42 81 44 93 91 22 19 13 70 2 83 54 40 94 66 87 25 30 42 51 45 51 14 31 1 11 61 90 67 4 73 1 47 74 10 81 2 
84 22 21 54 52 15 30 8 4 84 74 4 13 66 23 10 70 6 60 5 54 40 92 93 41 8 50 70 87 69 63 17 57 99 40 37 26 98 56 52 70 43 60 44 5 32 21 1 8 72 70 91 54 42 71 7 19 82 64 64 76 7 16 43 93 51 80 54 100 56 49 15 16 39 4 66 56 31 36 47 55 26 100 21 17 14 59 96 87 57 8 18 76 31 90 49 63 84 74 25 30 59 86 67 88 82 58 76 21 89 60 72 94 68 79 38 79 28 43 15 24 33 33 14 45 64 72 40 
20 70 93 29 5 92 75 25 48 3 19 78 6 85 61 8 50 11 66 15 79 30 93 67 57 97 61 88 24 91 55 16 67 36 70 69 66 62 20 66 6 86 7 22 93 75 3 89 54 2 51 19 92 76 49 70 38 44 56 26 32 30 14 97 22 44 96 98 67 20 17 47 64 71 44 74 69 50 2 72 52 86 15 17 40 79 47 47 54 30 86 88 21 95 54 12 92 77 19 1 89 89 71 36 68 5 38 82 65 72 89 25 75 86 94 71 59 75 98 6 72 52 98 67 82 70 15 91 
17 24 50 33 90 10 47 7 38 42 18 63 39 82 45 79 1 7 74 54 44 62 42 99 57 39 45 100 83 54 72 86 88 72 67 79 69 55 98 9 12 4 46 92 22 23 94 5 22 91 18 20 79 58 93 55 15 27 86 93 65 29 54 28 11 62 61 2 82 43 100 5 28 45 45 22 81 23 1 17 44 69 45 54 22 27 55 61 35 64 34 76 18 38 43 92 92 97 75 55 33 67 100 72 17 51 37 83 32 21 70 59 5 86 61 83 46 94 98 52 85 23 5 65 54 78 39 68 
9 53 76 59 35 52 83 39 10 90 52 83 44 51 44 62 46 33 25 48 18 52 46 33 30 96 37 7 67 61 83 72 89 65 32 97 53 35 99 56 3 12 53 84 20 6 16 43 23 76 23 64 47 74 38 57 53 40 41 34 64 100 21 47 79 18 75 23 48 66 55 47 34 96 46 68 22 100 32 16 5 66 89 25 92 65 82 79 98 32 37 96 45 48 75 36 60 75 89 93 6 70 31 10 42 49 29 49 14 90 51 51 19 12 72 20 2 2 56 9 93 10 28 76 46 20 51 47 
23 60 54 59 24 59 73 90 80 41 14 42 6 97 44 62 32 48 29 12 96 29 1 67 65 64 75 9 98 8 25 64 95 17 64 75 8 87 69 97 47 93 71 14 20 72 91 93 79 23 10 38 83 62 62 83 55 83 97 55 40 28 87 45 13 79 67 86 94 49 77 3 84 35 20 86 99 94 3 63 24 40 66 94 88 14 3 28 53 25 92 42 43 15 52 30 49 13 52 31 95 12 32 54 86 77 35 24 75 35 86 26 85 34 94 50 73 46 36 57 65 59 20 4 71 94 85 60 
17 92 84 18 80 99 80 4 35 45 99 6 86 71 50 100 16 28 72 31 19 63 12 10 57 76 99 95 8 27 31 63 16 47 5 18 17 22 10 100 67 85 100 17 18 22 48 14 58 84 93 65 78 70 40 62 86 32 45 31 49 47 66 88 75 71 59 30 55 73 42 69 84 76 100 73 52 85 33 2 44 30 65 99 3 31 24 98 84 20 45 29 36 62 2 26 64 24 34 89 4 81 59 81 77 46 7 40 57 16 5 13 80 88 76 19 72 4 78 6 73 94 56 61 23 3 16 23 
68 95 94 92 9 94 2 47 20 62 15 45 60 11 85 71 80 19 1 89 1 62 80 32 17 35 45 77 39 92 12 17 13 55 25 18 28 2 65 67 74 18 22 39 51 96 89 61 16 52 8 97 64 6 92 35 85 43 89 12 59 85 37 8 59 10 28 69 21 79 77 55 77 4 36 93 24 89 29 65 60 4 73 32 41 99 39 7 6 24 27 50 31 33 45 92 52 44 82 37 88 26 32 90 13 98 61 90 53 52 36 7 64 47 96 83 71 5 99 42 31 42 35 35 37 73 97 10 
18 13 45 66 90 33 12 43 21 46 48 46 9 91 96 17 63 62 99 77 38 40 33 6 79 96 53 8 45 21 94 73 30 63 44 14 11 40 42 45 82 50 74 52 81 71 67 54 27 4 52 12 1 17 49 21 39 76 97 39 67 30 4 28 2 25 88 71 93 31 29 21 68 64 36 83 48 88 6 6 21 65 85 68 97 65 95 7 64 73 94 28 32 96 68 41 79 71 55 50 54 58 89 3 52 94 6 28 68 75 6 82 86 55 96 91 14 50 5 20 45 100 20 71 72 17 98 39 
83 19 23 92 68 69 49 94 87 88 81 76 86 44 76 21 16 84 58 76 89 26 75 33 73 9 27 98 83 100 2 11 49 55 63 32 64 6 40 10 79 66 84 5 29 85 27 98 64 38 18 61 99 2 29 93 64 19 16 99 83 75 46 77 22 59 27 3 12 6 3 38 68 94 15 70 53 82 37 40 67 88 52 63 91 45 52 84 81 24 29 39 46 93 12 78 71 57 70 63 77 50 32 96 35 60 71 76 92 98 49 46 1 44 94 26 55 24 1 8 40 31 96 30 79 24 26 11 
45 23 33 12 48 30 30 52 82 79 55 16 58 12 54 68 1 27 81 68 83 13 53 93 99 71 2 43 95 42 80 75 98 60 20 17 15 8 73 27 63 18 39 7 65 93 70 100 67 1 69 40 80 21 69 55 100 79 64 12 32 12 77 40 14 75 97 43 37 64 96 61 68 87 18 24 57 9 12 46 74 69 58 29 53 71 10 24 3 93 77 36 63 23 66 97 6 79 83 53 15 51 83 63 56 62 61 64 54 23 20 83 64 60 42 16 38 78 13 61 22 1 93 87 44 18 72 7 
78 61 66 100 7 47 67 49 60 18 25 5 4 17 13 61 34 39 52 46 10 95 91 19 75 62 91 38 5 100 27 42 17 43 65 6 20 72 70 1 42 25 36 77 40 12 78 34 48 18 60 50 88 93 4 21 91 4 90 65 94 5 55 80 72 96 56 29 16 63 24 91 100 82 14 44 11 66 21 23 72 33 47 70 95 44 76 91 2 6 54 43 13 86 44 16 42 12 92 12 12 4 72 75 70 96 33 25 4 75 95 20 5 16 24 26 22 41 54 52 26 34 97 73 8 25 90 89 
70 71 73 88 35 60 7 53 6 96 4 10 57 75 2 86 74 79 36 90 50 34 96 22 58 73 67 94 30 37 11 53 38 9 78 29 44 98 32 54 33 1 91 40 77 32 12 98 49 13 99 78 1 28 96 16 68 70 42 20 21 95 20 16 18 24 88 56 52 51 5 57 85 26 32 20 64 94 19 9 82 90 82 98 7 51 69 36 81 95 83 41 93 57 34 63 3 65 60 42 81 4 88 12 13 17 18 21 75 52 11 74 44 6 84 32 26 35 67 11 97 27 82 88 39 46 6 86 
54 79 80 63 59 10 71 30 65 27 71 45 28 99 58 26 40 25 83 37 42 42 41 21 79 89 44 95 84 100 86 8 58 12 84 69 30 32 53 2 19 4 21 48 6 36 14 77 73 86 70 77 17 31 84 40 27 28 1 7 98 72 90 38 56 91 87 89 75 94 23 73 42 60 38 35 55 55 31 89 63 56 97 62 9 26 66 78 55 91 3 15 42 74 79 53 87 60 68 85 98 29 40 93 81 13 24 32 39 35 76 1 54 37 40 90 41 20 69 63 15 69 39 50 94 67 83 60 
80 3 54 51 24 80 59 49 65 69 86 84 93 19 5 42 15 14 80 97 34 10 18 53 27 56 45 87 71 1 25 34 95 95 28 58 84 17 99 63 46 11 15 80 60 99 73 90 42 59 6 40 9 69 34 82 8 58 31 75 86 59 70 68 88 31 35 75 89 11 17 14 6 34 29 32 98 35 55 14 53 34 43 9 2 87 88 78 6 36 67 28 39 17 47 71 69 34 63 87 99 89 98 7 94 72 17 38 6 10 62 43 81 3 41 73 66 47 72 47 11 21 94 46 4 25 92 71 
67 62 44 67 29 26 41 3 58 69 32 72 8 67 8 45 41 97 59 49 4 42 46 77 92 24 77 23 76 93 82 68 54 70 34 87 61 35 57 88 12 31 27 96 71 54 49 54 46 77 72 68 15 50 53 40 14 57 55 58 29 33 7 12 33 51 66 15 47 39 14 53 2 5 24 30 28 67 84 24 61 36 23 43 28 55 52 13 73 3 80 37 51 75 29 49 30 95 33 70 22 29 22 53 44 27 30 32 48 68 20 38 51 54 96 54 18 65 96 15 30 59 5 57 46 93 6 40 
63 34 54 75 89 100 1 9 23 98 22 47 10 59 33 87 5 55 92 47 31 100 16 69 90 50 9 50 48 49 11 32 48 40 97 34 90 57 76 63 68 17 100 23 81 75 60 59 82 26 30 3 13 67 42 11 60 12 7 41 24 80 94 67 11 34 53 98 5 6 57 83 17 46 51 23 12 42 65 99 13 56 14 54 100 82 41 13 45 98 78 28 97 61 62 1 43 65 96 13 35 85 3 42 16 2 61 20 90 10 79 77 100 16 15 18 70 82 70 82 28 15 85 32 76 79 98 26 
13 56 20 38 15 12 44 48 74 33 40 3 97 31 19 74 12 39 84 44 66 49 60 78 5 13 35 87 12 76 99 45 9 62 9 28 7 97 51 69 63 92 95 24 71 58 23 99 15 3 4 54 17 25 86 97 32 62 60 86 83 99 29 11 51 53 93 95 82 59 58 49 84 13 72 24 20 19 18 83 77 55 82 90 60 18 70 68 65 60 41 71 87 67 35 25 20 59 10 41 30 45 65 60 17 22 26 18 32 76 79 85 57 73 33 63 9 9 59 18 47 86 18 17 14 34 7 62 
40 84 99 80 17 89 13 97 90 98 66 7 87 70 77 81 45 97 57 72 45 97 91 85 63 36 41 52 1 65 82 86 30 71 9 6 66 40 86 97 49 49 86 51 92 96 47 48 64 71 11 54 47 65 76 58 51 24 74 27 67 5 94 14 58 100 88 61 9 90 40 34 3 10 84 81 68 32 15 72 31 11 71 36 94 19 35 81 29 54 73 55 32 95 19 44 86 89 80 48 27 49 53 26 76 40 49 88 74 92 85 79 31 81 61 70 39 97 46 22 91 7 61 49 21 57 20 16 
80 35 2 71 17 99 16 85 100 85 4 8 27 22 67 99 22 4 43 25 91 34 68 81 28 45 4 39 10 92 39 100 10 76 43 18 32 24 4 15 91 83 3 55 49 79 79 69 1 81 2 83 96 38 45 33 70 65 70 10 36 5 44 28 91 70 74 34 66 52 50 25 72 41 61 77 12 79 61 81 30 37 53 5 66 68 92 59 100 23 82 71 94 66 6 22 41 93 80 53 36 18 7 79 91 52 67 18 61 88 91 35 62 69 100 23 98 1 47 69 25 25 27 14 86 71 43 90 
3 95 50 4 78 17 1 36 2 55 31 92 4 47 26 4 39 57 85 11 73 29 22 22 78 89 57 49 38 5 4 40 24 24 31 43 90 46 8 9 82 47 60 44 18 10 8 26 16 97 43 46 98 47 83 12 21 48 80 7 8 5 85 19 89 52 69 29 81 28 46 100 86 69 12 50 72 4 59 16 47 56 10 40 65 11 95 26 52 24 57 56 89 97 42 63 12 34 51 36 6 69 85 56 41 2 34 84 100 35 35 11 36 13 25 7 49 53 26 31 30 62 61 84 27 31 67 93 
62 24 15 52 98 47 80 7 39 87 96 94 1 29 10 5 43 8 65 93 44 66 40 39 19 8 99 14 22 56 84 89 21 38 25 94 9 80 25 9 96 59 33 51 58 27 34 69 76 13 62 61 82 39 77 18 93 84 47 32 7 38 16 27 79 59 1 60 100 17 80 83 28 25 14 32 87 2 96 39 21 93 18 96 87 60 83 54 93 98 90 16 67 87 48 54 49 16 49 84 33 11 46 39 97 34 62 52 93 30 34 30 95 47 45 38 84 71 39 40 51 15 5 2 51 44 99 4 
65 92 18 34 70 46 85 16 39 83 92 40 33 78 73 63 44 7 72 51 36 55 53 18 65 71 56 51 94 89 43 45 52 71 50 23 19 66 75 64 17 91 59 23 45 81 52 84 7 38 42 89 84 88 88 75 43 28 87 80 27 92 45 59 7 41 31 83 80 99 62 48 67 94 70 72 52 9 12 71 84 20 41 59 24 24 49 32 54 84 16 10 70 42 39 6 47 93 37 13 56 53 36 68 66 46 86 13 99 38 83 83 99 89 98 71 74 11 85 96 16 64 38 51 89 23 28 77 
83 20 40 19 60 52 32 95 21 18 57 43 13 44 5 82 17 76 40 28 72 17 66 55 73 48 92 45 75 41 52 38 90 54 68 94 42 18 70 31 24 99 10 58 41 43 66 13 92 87 72 54 26 66 45 8 68 10 34 68 53 72 14 59 49 16 73 14 27 11 32 38 4 91 22 65 7 12 6 28 90 56 56 42 99 57 61 64 5 28 55 71 84 43 79 33 8 12 67 78 53 37 71 26 82 92 14 95 73 21 36 72 49 28 93 4 5 16 68 37 60 80 78 56 94 16 66 65 
52 14 85 32 1 62 38 44 14 73 25 14 59 69 75 92 86 79 64 95 63 14 70 32 83 16 34 62 90 85 48 38 88 26 15 35 56 75 17 30 92 40 48 20 43 91 26 71 80 9 76 39 93 60 26 23 64 8 41 21 98 86 11 68 53 28 68 19 61 47 12 78 31 60 92 98 66 43 57 32 99 71 64 86 77 2 21 38 35 97 90 81 39 4 41 38 90 57 61 94 73 39 24 47 78 91 76 43 48 2 94 36 42 28 3 57 98 53 97 3 39 70 67 18 10 65 55 22 
60 95 82 52 72 43 93 39 59 88 25 11 56 31 8 27 37 96 60 58 11 73 69 26 73 46 91 61 6 40 36 54 65 82 65 9 13 75 63 81 3 52 52 6 92 15 96 93 65 22 56 99 55 5 45 10 13 55 62 53 29 64 8 17 86 11 61 50 6 60 57 100 35 5 86 8 18 1 73 35 36 5 45 96 4 84 64 74 53 94 17 47 14 15 25 49 45 86 37 72 97 79 33 75 31 25 43 33 36 87 74 76 27 55 78 15 4 76 94 96 84 24 6 27 98 17 94 90 
31 56 92 75 10 94 2 61 5 76 99 89 83 31 93 23 37 68 45 94 61 93 68 48 11 16 16 84 92 71 2 69 5 29 87 52 87 96 41 39 4 76 71 68 93 75 87 2 22 3 73 79 13 25 8 29 56 37 65 96 73 6 73 98 30 31 40 39 50 42 90 37 73 82 23 26 36 9 23 66 21 44 47 87 69 67 59 94 9 82 39 20 37 13 18 60 80 56 7 88 86 98 10 52 78 92 66 93 63 68 69 77 27 11 44 88 23 75 6 77 56 73 14 79 8 93 11 70 
74 58 68 52 5 24 100 79 98 1 54 30 18 65 50 87 43 62 47 77 61 77 39 69 24 43 22 23 50 98 63 58 80 56 69 44 35 81 1 53 81 83 18 10 93 56 46 32 12 29 88 48 65 82 58 49 75 11 100 59 73 94 12 66 24 52 100 85 39 84 4 49 40 83 100 78 98 65 41 68 59 5 38 46 96 73 48 89 48 31 43 63 9 48 93 44 66 28 40 89 19 15 58 93 56 41 35 87 16 54 90 76 34 53 69 55 82 65 95 65 27 30 83 70 90 63 49 75 
81 41 57 30 4 56 60 86 46 96 72 25 3 20 35 65 56 38 33 65 68 42 18 45 62 20 34 100 98 60 61 47 37 19 14 19 92 20 58 54 55 34 25 91 67 90 64 53 21 63 95 25 81 22 84 35 88 100 10 58 40 46 85 7 16 3 84 9 65 26 90 68 74 50 18 16 99 42 60 37 37 93 16 11 30 95 7 87 22 92 82 34 65 67 68 95 84 35 31 30 77 62 63 92 54 58 85 96 5 95 4 94 23 64 39 83 76 15 67 36 25 77 99 89 1 79 4 42 
88 75 98 71 48 32 96 78 2 93 47 78 74 100 88 100 83 28 100 6 97 29 81 18 37 73 90 74 57 84 96 97 27 82 12 20 66 17 9 25 92 78 5 89 99 12 11 62 55 31 24 40 84 21 61 100 14 62 85 80 36 83 54 74 92 90 26 25 90 66 94 65 69 18 78 6 72 41 78 23 36 78 7 65 33 93 81 82 53 33 11 14 76 94 9 75 22 32 55 50 42 47 96 93 2 96 89 3 10 30 38 39 36 74 29 7 17 58 57 28 22 91 24 60 99 47 78 36 
28 1 71 19 43 3 64 60 97 65 13 32 97 63 23 90 68 8 75 12 94 19 9 100 28 67 44 81 21 81 47 36 58 86 15 87 8 35 7 67 10 9 30 38 51 70 84 40 18 48 100 100 32 91 79 31 32 62 82 2 59 21 61 83 29 52 45 67 35 4 20 20 59 32 18 7 47 26 89 13 69 78 7 38 3 28 93 93 64 96 12 70 36 66 40 22 24 47 86 5 46 43 61 28 18 84 41 11 26 88 68 33 96 46 85 89 11 50 64 55 31 23 62 17 71 81 78 40 
18 71 94 63 91 84 56 3 29 47 6 47 24 91 37 44 11 37 25 72 84 43 40 86 57 25 85 32 95 12 78 29 81 11 26 56 99 7 87 12 84 2 60 73 99 75 86 52 47 52 94 1 78 55 80 72 29 51 25 98 43 11 38 71 42 95 88 46 41 89 12 49 19 8 67 75 100 51 86 89 16 28 93 40 57 47 81 89 86 65 100 96 70 4 74 92 68 58 40 61 34 100 62 17 63 64 81 83 70 79 33 12 89 83 40 61 29 61 21 88 28 25 13 79 40 91 62 85 
3 26 80 71 10 59 54 1 2 86 48 56 29 36 22 87 9 84 10 36 22 4 41 85 31 93 71 62 71 14 41 69 13 80 67 79 57 22 44 93 82 43 24 63 17 1 58 16 20 33 23 43 6 60 15 82 17 37 76 62 36 42 80 5 4 88 72 73 76 33 66 48 44 31 20 60 34 60 81 12 46 64 100 39 34 85 96 60 96 8 96 91 4 22 57 83 28 41 86 100 58 64 12 56 23 34 72 70 44 28 15 26 57 46 4 93 22 14 6 31 59 12 66 89 82 5 29 78 
65 2 16 64 69 100 14 89 22 23 70 54 17 52 6 9 40 17 28 13 41 64 20 22 48 97 87 43 61 2 94 17 92 61 28 72 61 74 63 48 46 68 20 46 68 38 58 10 8 3 2 83 51 93 22 76 34 83 28 51 42 77 43 69 9 78 87 55 2 29 5 53 57 16 7 37 77 79 95 60 86 74 40 56 35 62 35 3 36 31 7 91 51 81 43 10 97 64 97 72 86 77 63 74 48 25 62 51 30 21 46 25 70 16 54 87 87 69 7 2 86 86 93 8 63 85 62 41 
81 10 57 61 45 22 90 49 32 21 48 2 19 66 12 97 39 17 69 67 79 71 63 40 95 81 81 26 39 88 35 73 93 61 45 36 32 37 20 71 24 30 94 87 35 95 47 24 39 27 11 98 74 39 50 1 24 89 81 3 50 73 98 98 68 44 88 47 25 93 31 6 1 66 54 60 50 51 69 18 82 28 43 41 70 93 91 70 32 61 82 88 43 87 12 20 73 66 27 37 88 27 56 41 12 2 86 70 91 36 44 79 69 6 14 90 93 32 21 88 50 14 29 60 47 91 37 80 
9 64 62 88 23 55 18 36 18 66 27 98 89 46 91 96 99 27 92 85 88 78 99 24 66 26 45 86 44 77 68 37 40 11 69 59 85 87 62 66 24 51 79 89 52 69 2 91 85 91 56 98 29 63 10 93 21 12 59 6 83 67 6 35 72 86 89 88 53 63 60 56 26 4 81 92 24 27 72 50 49 65 67 43 41 40 43 87 18 40 63 76 23 37 6 68 59 58 62 32 24 44 1 45 99 80 58 34 53 78 58 62 81 32 84 41 72 57 23 8 29 98 41 88 9 3 17 19 
71 28 54 87 41 24 76 23 45 6 48 96 10 40 82 23 8 82 87 16 21 95 28 52 55 35 48 95 89 46 13 49 49 8 24 4 6 49 46 4 78 89 32 10 33 53 69 48 8 71 88 38 75 13 40 41 93 59 22 59 28 34 40 99 72 40 3 78 36 22 86 92 81 29 2 67 100 29 58 18 4 95 66 43 70 25 27 99 42 52 54 85 30 19 74 49 58 49 57 27 51 98 52 60 86 11 24 59 46 75 13 73 79 28 23 92 5 48 92 91 65 32 51 31 45 46 14 76 
29 87 35 69 26 1 91 49 65 51 59 77 12 93 47 86 67 38 25 13 47 91 30 97 88 58 15 75 47 12 86 8 27 94 72 48 10 61 66 96 25 57 91 85 64 100 42 37 47 13 42 57 2 36 100 37 27 57 63 69 48 15 8 18 2 78 38 77 9 80 23 84 11 2 66 19 83 6 60 42 78 7 47 32 98 24 41 87 88 23 89 38 69 70 51 26 86 19 91 26 78 78 34 44 35 66 51 89 18 3 36 16 40 53 46 6 73 84 59 4 39 57 73 13 69 97 53 62 
92 9 64 77 70 41 8 13 35 79 74 25 49 69 86 19 18 28 44 18 2 92 42 43 19 94 32 6 42 39 93 34 50 8 51 29 63 6 55 11 98 24 53 90 22 91 57 43 77 23 99 18 93 12 25 66 97 78 11 60 11 58 29 41 11 71 79 6 71 7 90 52 68 8 16 41 57 79 55 69 19 25 41 97 46 64 28 80 76 17 27 9 73 89 66 6 3 95 99 39 19 32 1 40 61 12 73 57 52 8 50 40 83 86 40 36 100 6 18 39 74 18 7 30 99 20 53 7 
51 37 18 20 37 44 70 53 25 19 66 44 75 80 88 34 66 82 44 49 95 90 85 29 65 47 55 91 61 18 61 60 91 38 25 83 39 66 38 70 56 28 55 24 13 80 76 2 84 54 35 75 66 1 88 98 76 69 78 46 41 98 60 77 1 49 91 1 42 32 88 35 97 60 47 45 45 17 67 80 46 77 46 9 51 19 22 83 4 48 98 55 80 78 38 74 50 32 66 64 12 88 75 41 39 98 93 97 25 54 75 65 12 62 24 26 99 62 42 40 6 16 54 3 97 29 5 57 
17 49 40 73 66 77 72 52 43 58 41 68 100 69 39 11 47 84 65 36 39 34 17 67 8 51 42 63 22 19 22 60 44 56 75 82 44 79 37 71 1 84 81 91 16 36 41 95 68 22 96 36 49 61 82 16 2 40 62 81 73 41 95 10 2 65 71 83 11 67 11 51 67 5 91 31 58 61 15 72 20 70 7 77 61 31 77 66 29 3 82 97 9 30 13 73 17 74 41 24 39 26 7 38 61 31 99 90 35 2 48 98 56 7 49 64 61 18 79 33 66 76 62 86 26 84 56 67 
30 40 32 46 93 98 14 11 30 30 60 40 81 80 22 92 30 76 54 30 96 92 75 49 95 97 24 98 28 43 93 37 77 65 19 56 1 37 36 23 69 8 48 98 30 44 23 70 5 86 10 16 24 16 97 43 6 99 73 51 96 48 8 15 43 23 52 91 71 37 24 93 59 4 87 46 56 6 26 4 17 91 82 30 31 83 30 49 66 52 81 58 2 20 85 8 83 48 8 13 78 86 80 42 3 65 26 78 98 46 12 82 6 20 44 53 99 55 12 69 74 62 85 41 34 8 48 56 
7 54 64 77 27 71 72 13 95 100 17 61 71 97 93 51 32 27 98 26 7 86 13 69 26 21 23 6 55 5 97 73 68 15 80 52 75 58 85 87 98 12 62 83 93 48 48 39 86 88 17 11 59 77 51 27 85 3 55 31 79 98 85 35 86 37 98 93 26 60 43 53 72 73 44 99 69 69 75 65 10 62 21 46 8 94 8 5 27 22 51 78 93 10 77 67 68 40 59 73 82 76 77 76 39 6 9 23 78 93 1 43 44 11 21 47 77 19 30 55 29 34 66 72 83 91 80 56 
8 9 73 99 68 2 17 47 92 65 100 43 20 10 45 28 41 83 37 72 49 53 93 86 97 42 20 15 6 53 61 36 75 25 29 60 38 13 1 81 87 11 69 29 86 60 4 30 40 11 64 90 8 16 22 39 1 75 94 8 15 70 59 11 28 67 18 9 69 82 50 20 59 34 86 97 94 29 29 12 34 68 69 14 4 95 35 67 94 9 19 95 97 43 81 86 12 20 22 2 12 99 97 24 8 27 36 94 48 49 32 34 98 77 57 27 3 17 97 40 54 11 25 14 52 66 50 55 
93 5 29 38 27 78 81 74 85 48 34 76 45 74 49 27 45 93 30 8 67 27 6 48 28 75 81 51 14 15 32 19 77 52 29 20 43 17 45 40 50 3 97 91 34 50 98 62 90 13 100 23 24 23 41 45 64 37 62 98 40 23 33 93 8 81 18 95 9 37 88 87 31 25 29 72 48 75 5 78 100 96 13 64 92 89 80 69 67 63 90 20 31 39 82 83 23 52 67 11 44 74 27 38 62 99 2 95 49 96 51 65 7 33 78 78 39 62 45 8 61 63 73 28 66 32 37 40 
88 93 73 51 73 63 86 28 71 55 17 85 92 11 35 44 40 74 58 33 39 74 64 7 70 9 77 20 89 58 26 42 8 81 36 30 94 25 13 47 51 15 9 5 66 98 51 98 86 91 1 98 95 80 6 2 41 19 100 97 27 54 13 29 8 91 86 41 70 25 65 48 50 74 83 30 89 22 74 18 43 43 96 64 33 46 17 46 66 7 89 83 53 16 57 48 13 81 88 29 42 97 65 25 78 58 78 93 88 51 46 26 46 54 51 44 32 3 9 34 45 3 66 24 52 1 63 4 
2 68 40 40 15 63 13 32 42 83 1 8 55 86 2 36 30 26 46 50 63 71 82 10 100 36 68 17 84 5 80 1 66 9 85 60 18 26 84 9 20 85 28 46 36 23 62 39 74 100 9 82 48 67 85 9 60 61 14 47 93 1 41 90 52 1 3 34 34 10 68 71 28 78 59 33 80 91 22 79 30 8 8 95 30 93 83 51 75 46 91 82 9 78 83 22 71 96 45 3 20 55 100 41 77 32 30 80 27 14 78 42 32 17 54 87 11 18 75 24 10 69 75 14 28 34 42 34 
69 54 63 33 70 3 38 79 51 32 2 81 35 12 100 68 85 58 88 77 65 67 90 97 51 69 62 71 33 6 39 6 87 60 87 27 97 51 91 30 61 100 50 21 72 69 85 21 84 64 49 43 81 24 41 3 52 87 95 14 1 59 92 75 72 24 28 53 53 82 7 81 90 86 38 21 60 43 50 33 77 10 57 70 45 96 17 64 41 38 58 50 17 60 66 81 35 13 1 34 48 26 72 52 58 37 60 54 26 28 48 99 100 89 90 81 38 61 42 17 19 14 56 9 51 94 60 74 
23 40 69 18 6 32 90 57 63 13 52 53 79 91 78 60 6 2 27 50 25 49 78 88 73 37 20 24 93 3 75 93 64 15 87 34 3 88 6 50 76 81 33 12 22 1 16 10 15 69 95 59 60 19 51 44 79 15 37 16 7 90 1 32 63 49 30 11 72 95 18 52 28 95 54 23 53 46 90 90 43 47 7 6 46 40 88 13 80 36 22 21 48 94 46 97 34 13 47 24 93 95 28 9 28 99 70 67 72 32 70 46 47 64 33 46 59 28 35 53 7 84 5 69 44 47 95 8 
45 70 61 87 40 16 45 38 52 59 9 86 48 49 62 1 81 35 43 39 40 83 68 81 57 84 94 94 31 2 7 12 88 89 55 86 51 28 75 67 71 2 70 71 32 32 88 25 38 26 37 47 71 75 66 70 4 19 84 90 100 33 16 84 87 46 55 30 10 4 70 15 2 96 97 22 86 65 80 7 28 18 44 49 35 44 1 1 97 51 43 86 97 28 13 3 43 23 74 60 48 3 100 49 59 54 41 55 24 66 91 22 37 20 70 30 17 41 89 17 30 90 66 85 33 96 95 31 
76 41 19 3 45 76 9 65 19 73 3 84 30 83 46 46 8 77 49 9 11 17 82 46 16 73 32 47 49 30 79 90 91 65 10 98 49 33 28 37 38 5 6 26 47 90 64 28 76 45 34 35 39 100 26 8 81 68 88 90 30 45 84 59 5 19 62 38 33 44 73 37 12 76 72 44 35 5 46 96 23 23 91 53 86 15 21 50 43 47 82 36 99 89 8 13 27 48 26 49 91 45 92 79 1 44 86 4 49 19 87 86 71 3 89 57 52 69 44 96 32 3 90 57 89 66 76 27 
18 3 91 45 5 55 71 10 9 28 45 83 74 83 94 6 52 37 28 92 100 37 88 95 70 76 81 86 57 2 44 68 47 21 47 77 58 45 22 67 28 80 49 63 66 35 68 38 91 3 9 71 41 39 84 85 15 80 30 40 39 20 37 88 78 41 21 8 71 30 65 30 72 67 76 77 66 15 3 30 67 63 96 36 53 20 67 38 63 84 71 2 78 54 42 53 23 97 69 94 60 15 96 38 9 1 36 90 60 88 74 97 29 39 70 69 2 52 80 53 79 95 99 82 61 13 8 63 
14 96 70 65 38 41 38 33 2 73 21 83 48 21 84 13 92 14 82 28 40 28 2 88 22 92 84 51 8 15 96 78 44 4 38 93 85 11 5 87 43 65 26 73 90 22 93 30 84 13 63 32 82 56 48 57 51 17 34 35 79 25 15 45 43 35 53 10 13 47 21 38 50 78 71 46 2 77 14 62 53 91 23 91 9 71 63 100 56 27 52 41 84 71 9 14 88 71 84 56 47 90 37 34 21 31 38 11 79 32 90 64 71 77 23 89 19 78 34 78 21 24 55 84 39 94 56 41 
76 94 52 96 21 92 37 22 73 44 41 81 31 21 42 79 47 86 71 66 99 55 19 72 48 81 68 80 70 38 18 40 20 23 66 52 7 63 32 90 4 91 100 29 58 28 20 82 29 90 90 84 73 7 23 84 72 85 4 33 17 69 21 50 73 34 32 44 93 42 97 77 3 43 45 9 38 30 97 15 40 46 62 59 1 48 37 56 95 8 98 21 38 10 95 75 55 74 3 49 20 73 19 97 87 62 65 81 95 4 2 58 69 69 51 57 82 91 48 70 46 10 4 41 13 86 79 60 
43 61 34 49 27 75 60 22 36 17 82 36 57 70 94 13 51 94 43 65 8 97 52 86 19 31 98 10 82 7 64 32 85 51 80 82 58 100 69 57 55 66 54 95 73 96 92 95 46 30 86 14 43 66 40 97 6 25 64 26 36 14 69 77 26 38 75 25 1 7 26 31 53 7 23 46 79 73 58 85 37 71 4 45 67 68 51 27 49 46 87 100 65 72 82 52 1 37 33 39 28 99 26 13 90 54 42 5 76 93 26 81 67 48 15 63 89 3 31 30 68 76 13 49 83 100 39 93 
93 87 28 16 46 1 22 53 26 3 38 85 57 40 11 86 50 15 97 54 35 70 83 6 19 100 54 53 93 65 92 65 6 57 76 49 76 81 45 79 36 90 86 96 35 46 82 86 17 40 86 50 17 71 70 98 3 52 95 66 75 11 85 93 24 42 89 3 45 94 83 89 25 65 20 78 46 40 85 50 100 34 70 14 90 100 77 84 73 35 82 76 36 78 56 3 36 78 71 99 69 28 52 4 52 74 10 92 36 23 3 1 3 24 25 56 51 86 14 72 92 47 99 7 58 58 94 91 
42 35 35 39 22 52 66 3 36 15 19 24 58 17 17 25 54 23 45 96 96 44 55 35 57 36 25 33 60 37 19 8 84 51 12 25 94 97 61 16 50 57 28 85 50 34 97 6 45 80 98 53 21 41 39 49 45 28 38 64 43 70 47 7 86 74 76 22 21 66 19 25 56 57 6 88 35 90 13 50 19 17 99 45 81 58 23 37 2 91 59 76 18 62 39 5 26 100 77 63 14 47 48 34 9 24 85 62 76 37 75 39 78 11 19 49 59 43 89 10 49 11 50 46 77 54 97 5 
33 10 1 70 27 79 23 25 94 50 94 45 11 45 69 24 88 46 97 91 78 41 53 34 32 21 6 46 86 80 59 19 89 20 80 85 10 96 17 66 27 85 50 59 37 55 83 68 61 10 33 2 99 91 56 58 26 97 18 79 34 23 1 30 86 29 35 57 62 50 21 67 70 84 18 51 77 50 26 83 42 65 21 85 30 14 81 66 64 19 36 79 95 31 72 68 66 31 9 8 2 12 32 36 67 72 55 52 49 63 80 32 75 2 69 12 61 42 93 7 27 16 33 75 34 87 70 99 
34 13 94 91 41 7 2 44 30 69 22 77 58 98 93 64 9 40 34 87 52 64 7 32 50 5 76 81 28 6 58 60 56 28 41 68 19 77 90 23 35 71 9 12 46 48 59 90 70 54 81 53 52 96 70 82 71 41 18 41 94 78 72 92 87 82 27 33 87 41 32 31 73 28 33 83 87 63 54 77 59 3 45 46 58 32 28 12 61 30 23 45 26 30 21 42 35 59 51 41 90 23 33 99 15 4 18 14 58 59 77 47 73 85 45 46 48 23 9 80 95 97 44 77 82 10 98 22 
24 67 93 82 82 15 11 86 27 87 31 11 25 20 20 51 53 38 85 13 53 34 98 76 93 71 13 84 91 65 68 8 57 43 95 12 33 70 15 100 96 45 86 8 71 45 38 38 93 50 24 95 24 94 66 89 12 47 13 5 61 70 10 97 52 31 46 87 65 64 24 50 100 34 54 37 41 52 41 99 91 56 4 3 20 2 69 32 1 95 90 79 79 20 32 37 92 86 66 9 26 17 44 48 99 34 18 1 38 90 8 10 97 17 67 82 49 100 34 75 11 8 20 60 36 54 20 38 
28 30 12 39 39 88 75 25 21 95 23 69 72 91 88 68 3 78 88 88 22 96 23 6 100 52 97 53 62 67 32 35 12 14 73 8 25 42 23 45 55 44 39 61 17 86 8 91 70 25 83 79 16 41 66 92 96 45 5 38 88 65 69 7 13 39 55 78 88 2 43 23 97 49 82 11 7 19 1 35 97 11 77 54 30 91 23 48 38 23 72 81 82 90 4 71 15 5 94 75 64 2 65 70 62 95 80 27 9 52 50 76 49 50 66 44 11 49 5 67 33 43 71 85 45 35 74 62 
99 56 97 14 5 10 38 44 42 35 47 34 69 67 81 41 39 84 32 30 34 18 88 2 66 47 59 87 8 98 73 71 5 71 43 21 12 17 18 69 8 68 56 63 95 17 56 56 92 50 15 56 83 88 70 58 3 50 36 95 97 33 39 22 35 1 88 5 41 34 13 78 17 61 62 59 87 30 45 61 11 46 82 42 45 62 35 11 89 27 89 40 3 79 30 68 33 83 43 53 46 96 56 92 11 76 42 76 39 66 62 77 28 94 48 6 92 64 45 66 66 37 16 60 61 9 41 17 
17 44 39 65 16 89 6 94 65 58 47 3 98 88 33 18 46 98 32 65 84 97 100 28 94 50 12 53 29 32 30 59 27 6 91 100 99 35 40 9 39 91 90 67 81 79 30 81 33 96 88 95 22 26 95 72 80 98 32 94 12 32 50 51 81 91 100 61 18 30 60 85 56 49 90 8 94 72 39 84 16 41 38 16 27 92 39 5 65 22 13 42 49 1 3 96 57 20 73 46 46 86 90 67 67 71 65 38 82 84 54 12 43 65 96 36 97 47 67 29 26 72 22 13 22 78 92 48 
71 93 20 10 4 97 78 3 63 5 95 17 88 79 10 97 70 51 62 70 17 7 94 25 28 35 64 53 31 3 44 78 95 40 6 99 79 12 1 40 64 84 17 57 11 98 6 28 17 7 98 21 54 7 10 7 66 74 63 64 61 77 23 65 77 68 50 22 75 50 8 47 46 96 24 64 17 1 88 6 79 78 23 37 21 7 76 79 65 96 53 74 37 56 93 24 15 81 60 49 66 5 87 39 21 27 60 58 62 24 3 50 62 32 36 90 88 6 5 83 40 84 51 77 78 98 74 82 
54 32 88 57 24 82 93 5 50 22 68 35 78 23 66 6 7 28 59 98 86 87 94 81 70 46 50 91 34 57 97 2 4 81 82 53 18 59 63 74 98 8 99 11 76 32 12 99 55 16 69 5 43 11 86 84 31 47 62 61 90 19 87 22 27 96 64 32 98 65 78 73 100 53 79 100 58 9 29 94 93 16 40 27 39 49 44 92 76 11 78 29 82 21 29 74 60 17 51 8 53 36 38 31 70 61 60 24 98 40 32 90 20 38 15 78 7 29 14 58 93 60 59 3 43 86 15 57 
51 17 10 13 58 26 90 28 19 36 14 42 33 2 4 85 39 26 44 89 88 17 8 98 65 82 63 88 26 32 18 86 92 28 89 21 28 55 86 28 44 83 2 44 93 17 96 73 35 36 6 56 21 55 91 66 5 92 98 44 61 10 58 44 81 20 49 34 28 14 88 16 15 12 13 35 50 75 23 58 26 61 46 85 84 99 7 89 14 75 63 50 85 98 6 58 37 35 15 51 33 67 22 9 75 47 55 10 64 19 75 95 97 85 6 64 4 58 95 40 95 30 76 25 30 88 87 39 
63 47 77 7 58 74 5 53 37 37 66 87 17 2 41 91 37 20 49 14 41 53 1 83 9 48 98 88 6 82 91 74 33 99 39 46 57 58 24 55 58 59 93 78 53 36 51 94 73 3 76 37 8 84 41 49 72 27 43 43 63 23 12 48 83 20 4 86 22 28 88 4 35 43 36 14 68 59 78 30 85 83 48 2 67 15 16 24 18 22 43 97 51 60 44 5 46 59 56 13 74 91 78 62 54 96 73 46 91 64 31 18 67 67 84 8 40 80 25 62 12 20 88 29 14 88 70 86 
81 9 45 47 92 94 74 17 80 14 9 25 91 26 63 12 30 48 84 97 1 66 29 7 70 17 74 41 19 72 80 35 28 83 13 75 55 35 72 34 79 47 73 16 7 11 56 50 20 66 44 90 86 79 41 60 37 23 19 60 67 62 71 52 33 19 19 33 70 81 6 100 100 33 6 87 84 99 16 82 36 34 39 42 41 52 3 70 17 90 51 24 64 78 80 83 47 3 36 50 82 97 53 72 98 84 24 45 4 45 73 72 51 36 35 57 45 61 95 87 21 26 79 74 37 41 6 38 
9 33 95 88 20 58 17 73 78 94 60 76 54 62 98 18 29 67 69 94 72 32 35 56 84 67 78 57 12 92 4 23 75 45 32 66 84 42 87 16 30 41 72 66 41 97 33 45 90 32 96 70 80 83 34 68 36 51 50 44 42 8 8 74 36 48 91 3 49 77 2 14 28 10 40 2 72 51 16 49 94 11 16 81 8 9 34 69 27 16 65 94 59 20 64 58 48 55 85 53 70 69 3 18 91 69 38 2 85 83 75 3 78 45 59 64 52 86 26 90 13 16 15 9 22 62 22 9 
61 57 88 12 40 15 79 8 25 69 23 66 67 3 53 41 23 90 24 77 95 40 73 73 94 56 89 87 88 22 35 79 47 59 12 24 39 91 70 36 100 30 85 70 72 7 4 60 20 44 66 77 66 21 7 24 73 46 1 54 83 34 30 28 24 37 20 83 15 62 49 50 95 23 46 45 73 9 85 56 35 29 58 55 29 47 5 39 81 83 94 40 67 10 61 48 69 99 33 94 8 24 67 33 49 93 31 75 44 20 71 53 25 53 45 33 57 96 62 80 88 96 77 81 8 82 25 92 
33 34 59 90 27 8 6 30 5 52 31 97 76 98 1 43 80 28 62 88 52 16 13 8 50 26 27 37 58 88 92 93 6 41 88 51 70 90 68 89 49 49 93 29 77 41 68 49 23 8 63 19 55 71 15 8 5 99 22 61 36 90 4 7 62 82 32 63 84 97 10 18 61 80 12 73 62 76 66 77 64 74 47 3 29 76 12 36 42 31 82 94 42 57 22 25 5 11 31 44 26 7 31 72 71 73 7 20 77 14 8 73 14 18 100 98 25 23 69 65 98 87 22 16 13 72 88 93 
49 85 73 20 56 74 74 24 14 66 3 35 13 39 55 4 97 64 87 9 41 97 75 24 40 79 90 4 62 72 95 12 16 78 94 64 59 52 44 1 52 1 20 98 46 58 52 92 42 28 39 78 95 57 94 79 56 2 45 23 53 83 45 12 62 5 61 82 20 52 43 42 45 72 60 48 2 39 20 75 80 92 93 61 30 59 49 93 93 96 42 89 54 11 100 40 32 73 13 33 13 22 57 57 12 37 36 85 82 35 75 81 19 74 50 20 100 88 45 39 22 11 38 33 95 21 97 92 
24 63 52 20 91 50 65 85 30 41 71 2 2 94 36 34 12 68 35 22 74 67 7 53 80 10 90 83 43 24 6 38 39 8 65 97 43 78 59 44 77 1 13 31 1 10 91 2 75 35 96 39 11 36 47 59 94 83 32 6 38 26 42 79 64 43 35 93 84 19 83 33 49 81 60 16 51 23 30 35 6 20 70 28 4 8 87 99 47 46 93 41 79 88 67 30 81 35 52 59 17 57 70 92 76 20 72 25 99 13 60 49 31 37 51 100 19 78 90 93 44 96 49 80 71 69 37 87 
58 5 76 80 65 88 7 33 77 62 41 26 63 20 93 89 86 23 87 51 24 89 36 81 59 8 21 27 44 75 50 84 64 63 94 98 43 60 89 84 7 93 63 100 38 25 27 28 55 88 72 7 35 55 39 25 76 49 46 73 80 5 26 36 96 10 65 97 98 7 81 80 56 36 43 24 49 81 4 100 43 78 65 16 85 49 10 8 62 35 1 27 48 60 47 46 81 87 93 75 57 32 40 72 26 6 80 53 13 94 41 80 56 55 17 9 40 77 51 99 54 86 55 74 1 67 43 32 
73 96 44 46 82 25 53 83 81 13 74 27 14 49 89 62 16 54 14 90 59 46 53 92 45 12 60 19 49 64 12 84 96 71 67 52 71 8 79 7 30 98 48 18 60 21 34 41 27 60 56 87 78 43 33 41 73 63 80 15 77 74 39 42 11 84 72 69 14 68 29 15 20 44 60 7 52 45 27 41 46 95 80 69 54 84 47 36 40 56 23 30 86 71 59 87 80 55 62 46 52 45 24 71 63 76 82 72 13 21 19 37 60 50 16 89 35 52 67 32 39 29 35 71 48 95 31 34 
14 59 59 21 9 21 77 22 80 48 47 13 34 46 2 8 18 63 72 50 55 4 30 53 49 49 27 46 68 87 49 50 9 29 99 87 47 5 85 31 25 44 35 7 39 29 42 40 26 4 9 12 74 33 72 65 53 36 25 93 82 85 22 38 14 31 63 21 87 98 25 83 4 95 76 46 92 70 66 84 60 95 30 91 18 9 27 65 78 47 38 65 74 96 29 10 73 46 51 22 97 5 54 13 32 50 74 93 90 40 80 9 98 99 6 45 94 57 2 67 34 37 51 40 12 77 19 57 
46 89 18 71 29 91 9 69 85 78 24 33 33 60 51 23 88 95 62 30 91 22 16 64 2 44 73 12 40 60 15 88 62 2 1 98 78 86 92 38 78 80 84 28 81 61 35 99 48 11 91 50 46 64 21 91 20 32 26 9 11 72 55 30 69 52 11 43 52 85 39 20 60 75 79 72 63 69 55 19 3 72 8 49 26 61 62 58 61 52 83 49 33 93 90 38 12 9 78 49 34 2 77 97 86 35 27 39 5 77 28 40 37 47 33 97 21 34 69 89 13 65 40 74 24 68 19 46 
3 31 14 99 79 71 17 28 37 98 34 63 2 52 3 64 81 78 29 62 57 35 1 92 61 38 58 51 81 59 99 81 34 8 17 75 14 28 73 85 37 32 83 39 72 55 93 34 20 63 56 25 72 24 67 6 89 34 56 4 47 7 22 42 27 79 23 18 28 43 53 50 6 68 50 97 54 87 73 90 52 8 29 77 65 14 13 80 33 61 97 46 71 12 70 7 90 5 89 56 22 63 73 21 4 74 3 50 20 93 1 60 24 61 8 64 56 3 5 26 13 97 90 10 86 27 82 55 
15 86 99 38 71 1 80 57 41 63 99 79 99 5 5 30 88 8 45 56 92 51 81 87 79 28 35 72 55 18 50 98 35 67 68 31 65 30 38 93 19 18 37 99 32 24 58 19 2 5 16 78 96 88 61 9 44 47 67 67 8 95 42 77 36 2 27 72 91 35 36 64 8 26 42 50 66 52 4 5 41 97 72 63 62 99 88 20 48 30 86 27 62 33 19 12 23 6 1 21 13 85 94 44 70 6 93 38 73 30 28 84 51 73 43 99 34 100 18 29 90 38 6 60 100 58 7 90 
93 90 40 99 42 85 31 99 65 18 58 91 57 52 69 43 39 23 63 52 60 39 97 45 60 90 39 11 30 23 63 27 58 97 33 99 71 67 30 59 92 23 69 41 100 98 12 30 83 5 47 7 23 53 53 78 19 2 26 21 33 88 87 27 22 91 96 37 75 47 54 23 83 83 74 84 12 4 40 76 60 42 10 35 46 44 68 58 27 50 50 97 2 81 2 69 49 39 68 13 98 82 48 83 97 61 14 31 4 89 37 85 93 31 1 22 98 51 56 27 44 66 10 80 43 59 57 22 
27 42 5 70 52 21 60 76 51 15 73 49 24 70 52 19 28 9 57 43 46 6 23 73 25 82 24 34 47 57 75 25 69 9 82 60 99 33 1 54 42 86 15 18 65 51 87 53 6 85 7 19 48 45 28 80 77 24 14 9 29 57 85 47 43 56 71 47 40 23 2 65 7 94 74 53 29 64 7 51 9 87 25 22 44 63 44 2 100 50 25 56 38 74 55 81 34 11 93 45 4 66 88 64 50 16 29 68 7 73 58 91 69 68 78 35 70 32 61 21 3 61 89 52 9 96 54 53 
36 14 25 29 54 47 55 51 16 22 78 65 21 86 93 71 44 87 31 64 78 26 44 32 20 69 89 40 61 29 61 83 69 35 72 34 67 7 84 63 50 71 48 46 83 55 33 73 43 14 24 2 39 75 57 9 14 9 73 92 23 44 37 25 79 94 18 93 71 95 50 54 20 31 18 5 6 77 3 40 3 38 80 82 35 61 5 73 16 82 47 60 77 55 23 53 74 43 21 32 96 72 85 14 53 52 26 41 16 38 79 50 69 99 5 99 16 80 14 60 46 21 5 48 23 83 91 8 
84 38 20 24 70 50 4 55 26 27 78 50 25 83 84 67 35 64 88 51 52 70 50 87 78 34 73 43 3 54 61 70 36 53 37 16 7 99 78 38 72 27 4 77 41 75 53 6 19 95 14 85 34 33 5 78 37 33 91 73 57 1 60 81 98 49 46 37 30 41 97 78 70 7 90 62 34 62 16 79 25 9 88 87 25 24 15 73 2 25 5 64 85 65 15 53 82 97 77 56 11 55 91 18 26 95 51 88 81 26 86 100 65 58 66 62 99 8 24 63 75 37 87 50 90 66 39 41 
84 64 19 81 31 3 42 68 80 65 80 22 94 67 91 40 59 95 23 11 10 25 35 15 73 59 10 84 9 19 84 76 94 72 82 25 93 16 18 52 41 52 89 21 34 59 51 82 76 81 81 17 45 4 75 6 89 2 76 30 34 36 42 2 46 18 52 36 32 38 96 28 3 99 66 35 2 5 77 6 91 64 99 85 71 75 5 26 8 48 55 95 80 35 80 50 67 45 31 64 4 49 13 19 34 30 67 55 29 92 26 76 61 54 40 79 77 89 79 37 94 15 12 98 38 36 100 18 
100 75 58 6 80 30 71 90 86 71 50 5 94 53 10 93 55 21 86 87 8 76 43 4 80 38 70 89 4 92 98 73 19 34 37 55 96 71 39 54 14 12 45 3 85 60 95 80 89 58 38 63 11 52 53 1 40 92 72 99 92 83 55 93 11 4 41 46 17 50 61 54 16 62 43 23 35 65 18 72 33 64 67 51 9 3 25 21 99 97 2 25 27 86 83 11 12 25 2 56 70 23 92 45 9 21 71 71 68 16 11 54 67 2 14 37 10 43 86 30 8 28 3 49 19 93 85 48 
71 16 52 8 39 88 99 18 98 69 11 48 14 33 99 60 52 16 81 74 13 28 31 83 31 16 96 90 6 8 2 44 97 62 16 96 88 76 68 45 83 13 11 80 10 39 96 28 7 89 82 33 96 9 20 95 58 32 36 42 41 10 56 85 14 15 51 64 70 51 10 95 48 59 23 22 46 44 97 98 17 35 5 85 31 35 94 6 26 98 86 24 58 30 56 74 22 33 44 60 72 7 3 47 87 45 23 100 21 40 30 70 25 18 96 65 59 64 84 13 28 15 77 6 16 45 49 3 
18 24 75 74 26 29 17 32 81 92 99 91 70 31 96 59 6 7 13 31 29 70 32 13 21 57 86 77 43 24 45 66 8 45 84 14 35 64 21 56 8 45 60 4 38 94 2 87 20 90 37 59 93 97 23 93 52 42 77 63 56 19 17 30 83 66 98 25 7 31 78 31 73 10 71 1 66 83 23 16 46 55 79 58 58 53 14 72 87 81 9 43 24 100 66 11 85 6 16 86 67 7 14 3 50 3 8 14 61 21 30 31 4 94 55 8 62 47 98 41 95 13 97 47 70 94 14 42 
90 98 49 33 44 27 51 28 92 24 56 30 26 37 86 5 55 7 19 80 3 17 10 61 21 15 78 80 25 80 6 62 40 3 99 8 64 48 44 78 98 69 96 25 26 94 58 97 50 100 12 63 47 8 67 93 68 19 43 26 40 39 9 39 69 65 40 89 88 92 27 52 68 65 16 48 95 26 4 5 87 77 3 32 13 49 23 65 42 82 86 86 75 96 94 38 31 76 74 94 39 59 88 1 13 57 57 55 31 76 36 89 100 20 85 74 17 62 58 81 56 10 53 91 42 24 85 55 
48 89 63 81 15 5 32 34 25 47 48 3 39 17 89 87 19 15 17 15 28 96 65 99 75 65 33 55 58 80 18 11 40 20 89 22 74 92 51 80 2 1 21 64 69 99 9 18 45 33 72 31 86 93 100 92 9 99 73 2 12 39 78 73 47 82 51 53 21 96 52 94 38 25 82 39 63 42 60 93 64 96 41 31 22 76 65 33 36 14 74 62 22 38 71 40 46 52 83 61 49 22 78 38 24 73 23 92 27 40 47 44 70 67 8 45 40 54 99 8 83 36 24 37 76 31 59 6 
27 64 50 89 10 66 38 89 96 39 65 89 19 80 2 5 45 33 67 70 78 18 15 1 5 14 25 22 45 44 25 88 60 11 8 50 58 45 89 58 49 8 65 76 67 69 65 79 79 46 55 47 42 77 52 72 2 46 46 23 38 79 92 54 37 89 37 31 95 21 100 14 99 48 5 6 17 52 79 56 62 36 78 7 80 20 19 64 1 80 29 47 3 80 39 91 49 25 79 28 86 48 93 68 28 87 28 43 73 79 64 88 15 58 72 34 72 87 65 64 75 93 2 49 28 44 16 13 
18 4 21 81 60 12 99 30 34 56 29 66 24 49 54 79 86 26 17 58 45 15 70 94 96 82 27 90 83 23 17 33 62 78 6 92 78 40 70 65 38 51 51 55 84 85 18 41 100 31 56 33 52 62 14 10 62 54 3 23 4 48 3 48 80 49 28 90 29 18 30 23 17 20 28 6 53 77 31 100 35 19 9 79 47 47 55 80 10 19 14 10 14 30 40 4 68 22 14 74 4 22 54 5 38 32 12 24 35 70 100 32 95 13 23 55 39 22 13 93 61 27 75 30 13 87 4 99 
88 2 93 93 96 96 29 90 78 81 27 59 75 46 29 7 5 25 58 86 29 45 49 12 39 41 29 68 89 27 78 12 57 14 90 42 27 4 5 34 53 65 16 93 60 49 11 57 83 30 6 66 23 98 70 49 99 39 36 95 62 69 79 88 66 97 55 36 16 35 57 71 69 68 79 76 74 31 25 80 32 32 68 2 85 57 39 27 87 63 53 18 68 45 14 94 100 32 91 25 19 44 55 96 17 42 31 10 34 66 95 64 22 80 88 65 94 4 15 25 60 35 69 77 20 95 4 69 
81 42 90 58 68 61 90 42 68 58 87 17 94 61 100 80 69 95 76 100 24 58 80 29 5 27 73 56 56 13 53 30 29 27 12 100 19 77 52 31 37 7 89 78 5 62 7 33 51 39 3 69 17 44 64 28 16 18 74 27 54 39 57 15 93 73 20 88 44 1 75 20 80 52 5 78 68 40 20 29 91 75 70 26 30 80 79 67 79 1 84 55 69 84 63 44 70 46 64 1 11 70 98 27 11 78 87 9 95 53 57 55 38 58 4 95 46 29 70 89 85 96 45 15 68 18 60 41 
61 72 43 51 55 99 62 23 13 67 36 5 16 22 97 86 80 68 4 58 99 14 40 57 4 38 70 65 86 69 31 23 62 86 40 62 15 92 91 80 12 25 17 26 19 80 100 25 22 36 53 28 91 41 88 81 99 71 87 4 38 85 12 79 74 6 79 69 4 93 2 27 26 42 56 12 82 57 68 24 82 94 2 30 9 16 20 23 67 84 88 11 100 24 34 70 90 7 58 69 21 83 98 80 79 23 3 83 37 82 35 99 92 56 23 14 16 82 50 4 100 22 49 67 54 42 80 63 
86 76 23 51 76 21 90 47 7 63 68 97 70 32 96 45 89 52 17 35 76 89 20 91 20 44 66 36 88 50 47 80 13 96 54 96 71 69 13 97 95 6 2 53 46 81 92 87 41 27 97 52 37 66 8 21 12 17 24 47 2 76 38 50 14 14 15 82 59 9 14 30 21 94 29 67 69 90 71 29 21 76 78 87 66 96 82 97 25 21 81 13 27 34 37 8 83 76 43 10 59 96 81 28 20 89 27 31 47 92 50 100 50 50 41 83 38 5 87 40 62 98 10 22 26 19 45 100 
1 -1 1 1 -1 1 1 1 1 -1 -1 1 -1 -1 1 -1 -1 -1 1 -1 -1 1 1 1 -1 1 -1 1 -1 -1 1 1 -1 1 -1 -1 -1 -1 1 -1 -1 -1 -1 1 -1 -1 -1 -1 -1 1 1 1 1 -1 1 -1 1 -1 1 -1 -1 1 1 1 -1 1 -1 1 -1 -1 1 -1 -1 1 1 -1 -1 1 1 -1 -1 1 -1 1 -1 1 1 -1 -1 -1 1 1 -1 1 1 -1 1 -1 1 1 1 1 1 -1 -1 -1 -1 1 1 -1 -1 1 1 1 1 -1 -1 1 -1 1 1 -1 1 1 -1 -1 1 1 
-1 -1 1 -1 -1 -1 -1 1 -1 -1 1 -1 -1 1 1 1 1 1 -1 -1 1 1 1 1 -1 -1 1 -1 1 1 -1 -1 -1 -1 1 1 -1 1 -1 -1 -1 -1 -1 -1 1 1 1 1 -1 1 -1 1 -1 -1 -1 1 1 -1 1 1 1 1 1 1 1 1 -1 -1 -1 -1 -1 1 -1 1 1 1 -1 1 1 1 -1 1 1 1 -1 -1 -1 -1 1 1 -1 1 -1 1 1 1 -1 -1 1 -1 1 -1 1 1 -1 1 -1 1 1 -1 -1 -1 1 1 1 -1 -1 1 1 -1 1 1 -1 1 -1 -1 -1 -1 
1 1 -1 1 1 1 -1 -1 1 -1 -1 1 1 -1 1 1 1 -1 1 -1 -1 1 1 -1 1 -1 1 -1 -1 -1 -1 -1 1 -1 -1 1 -1 -1 -1 -1 1 -1 1 -1 1 -1 1 -1 -1 1 1 1 1 1 1 1 -1 1 1 -1 1 -1 -1 1 1 1 -1 1 1 1 -1 1 -1 -1 -1 -1 1 -1 1 -1 -1 1 1 1 -1 -1 1 -1 1 1 -1 -1 1 -1 1 -1 -1 -1 1 -1 1 1 1 -1 -1 1 1 -1 -1 1 1 -1 -1 -1 -1 1 1 1 1 -1 1 1 -1 -1 -1 1 1 1 
1 -1 1 -1 -1 1 1 -1 1 1 1 1 1 1 1 1 1 -1 -1 -1 1 1 1 -1 1 -1 1 1 1 1 1 1 -1 -1 1 -1 -1 -1 1 1 1 -1 1 -1 -1 1 1 -1 -1 1 -1 1 -1 -1 1 -1 1 1 1 -1 -1 -1 1 1 1 1 -1 1 1 -1 -1 1 -1 -1 1 1 -1 1 1 1 1 -1 -1 -1 -1 -1 1 1 -1 -1 -1 -1 -1 1 -1 1 1 1 1 -1 1 -1 1 1 -1 -1 1 -1 -1 1 -1 -1 -1 -1 -1 -1 1 -1 1 1 1 1 1 1 1 1 1 -1 
-1 -1 1 -1 1 1 1 -1 -1 -1 -1 1 1 -1 1 1 -1 -1 -1 -1 -1 -1 1 1 -1 1 1 1 1 1 1 -1 1 -1 -1 1 -1 -1 1 1 1 1 1 1 -1 1 1 1 1 -1 1 1 -1 1 -1 -1 1 -1 -1 1 -1 1 -1 1 -1 1 1 1 1 -1 1 -1 1 -1 -1 -1 -1 1 1 1 -1 -1 -1 -1 1 1 1 -1 -1 1 1 1 -1 -1 1 -1 -1 -1 -1 -1 1 1 -1 -1 1 1 1 1 -1 -1 1 1 1 1 -1 1 -1 1 1 -1 1 1 1 1 -1 -1 -1 -1 
1 -1 1 1 1 1 1 -1 1 -1 -1 1 1 -1 -1 1 -1 1 -1 -1 1 -1 -1 -1 -1 1 -1 1 -1 -1 -1 -1 -1 1 -1 1 1 1 1 1 1 1 -1 1 -1 1 1 -1 -1 -1 -1 -1 1 -1 1 -1 -1 1 1 -1 1 -1 -1 -1 1 -1 1 1 1 -1 1 1 1 -1 -1 1 1 -1 -1 1 -1 1 1 -1 -1 -1 1 1 1 1 -1 -1 1 -1 1 -1 -1 1 -1 1 -1 -1 1 -1 -1 1 -1 -1 1 1 1 -1 -1 -1 1 -1 1 -1 1 -1 -1 1 -1 1 1 -1 -1 -1 
1 -1 -1 1 1 1 1 1 1 1 1 -1 -1 1 -1 -1 1 1 -1 1 1 1 -1 1 -1 1 -1 -1 1 -1 -1 1 -1 1 1 1 1 1 1 -1 1 1 1 -1 -1 1 1 -1 -1 1 1 1 -1 1 1 1 1 1 1 1 -1 1 -1 1 -1 -1 -1 -1 -1 1 -1 -1 -1 -1 -1 1 -1 -1 1 -1 1 1 -1 1 1 -1 -1 -1 1 -1 -1 1 -1 -1 -1 -1 -1 -1 1 1 -1 -1 -1 -1 -1 -1 1 -1 -1 -1 1 -1 1 1 1 1 -1 1 -1 1 1 -1 1 1 -1 1 -1 -1 
1 1 -1 -1 -1 -1 1 -1 -1 -1 1 -1 1 1 -1 -1 -1 -1 1 -1 -1 1 1 1 1 -1 -1 -1 1 -1 -1 -1 -1 -1 -1 -1 1 -1 -1 -1 1 1 1 -1 1 -1 -1 -1 1 -1 1 1 1 1 1 -1 -1 1 -1 -1 -1 -1 -1 -1 -1 -1 1 1 1 1 1 1 -1 1 1 1 -1 -1 1 1 -1 -1 -1 1 1 -1 -1 1 1 1 1 1 1 -1 1 1 -1 -1 1 1 -1 -1 -1 1 -1 -1 1 1 1 -1 -1 -1 1 1 -1 -1 1 1 1 -1 1 -1 1 1 -1 -1 -1 1 
1 -1 1 1 -1 1 1 -1 1 1 -1 -1 1 1 1 1 1 -1 -1 1 1 -1 1 1 1 1 1 -1 1 -1 1 1 1 1 1 -1 1 1 -1 -1 -1 1 1 1 -1 -1 1 1 1 1 -1 -1 1 1 1 1 1 -1 -1 -1 1 -1 1 -1 1 1 -1 -1 1 1 1 -1 -1 1 -1 -1 1 -1 -1 -1 -1 -1 -1 -1 -1 1 1 1 1 1 -1 1 -1 1 1 -1 1 -1 1 -1 -1 1 1 -1 -1 1 -1 1 1 1 -1 1 -1 1 1 1 1 1 -1 -1 -1 -1 1 1 1 -1 -1 -1 
-1 -1 -1 1 -1 -1 1 -1 1 -1 1 1 1 1 -1 -1 -1 -1 -1 -1 -1 1 -1 -1 -1 1 1 1 1 1 1 -1 -1 -1 -1 1 1 -1 -1 1 1 1 1 -1 1 -1 -1 -1 1 -1 1 -1 1 1 -1 1 -1 1 -1 -1 -1 1 1 -1 1 1 -1 1 -1 -1 1 -1 1 -1 1 -1 -1 -1 -1 1 1 -1 1 1 -1 1 -1 1 1 -1 1 1 -1 -1 -1 1 -1 1 1 1 1 1 -1 -1 -1 -1 1 1 1 -1 -1 -1 1 -1 -1 -1 -1 1 1 1 -1 -1 1 -1 -1 1 -1 1 
-1 1 -1 1 -1 -1 1 1 -1 1 -1 1 -1 1 1 -1 -1 -1 -1 1 -1 1 1 1 -1 -1 -1 -1 -1 1 1 -1 -1 1 -1 -1 1 -1 1 -1 1 1 -1 -1 1 1 -1 -1 1 1 1 -1 1 -1 1 -1 -1 1 1 1 -1 -1 1 1 -1 -1 -1 1 -1 -1 -1 1 1 1 1 -1 -1 1 -1 -1 -1 1 1 1 1 -1 1 1 -1 1 -1 1 1 1 -1 -1 -1 -1 1 1 -1 1 1 -1 -1 1 -1 -1 1 1 -1 1 -1 -1 1 -1 1 1 -1 1 1 1 1 -1 -1 1 -1 1 
1 -1 1 1 1 1 -1 -1 -1 1 1 -1 1 -1 1 1 -1 1 -1 1 -1 -1 1 1 1 -1 1 1 1 1 1 1 1 -1 1 -1 -1 -1 -1 -1 1 1 -1 -1 1 1 -1 1 1 -1 -1 1 1 1 -1 -1 1 -1 1 1 1 1 1 1 1 1 -1 1 1 -1 -1 -1 -1 1 -1 1 1 1 1 1 -1 1 1 -1 1 -1 1 1 1 1 1 1 1 1 1 1 1 1 1 1 1 -1 1 -1 -1 1 -1 1 -1 1 -1 -1 -1 1 -1 1 -1 -1 1 1 -1 -1 -1 1 1 -1 1 1 
-1 -1 1 1 1 1 -1 1 1 1 -1 1 -1 -1 1 1 -1 1 -1 -1 1 -1 -1 -1 1 1 -1 -1 -1 -1 1 -1 -1 -1 -1 1 -1 1 -1 1 1 -1 1 -1 1 1 -1 -1 -1 1 1 1 -1 -1 1 1 1 -1 1 1 1 1 -1 1 1 1 1 -1 1 -1 -1 1 1 -1 1 -1 1 -1 1 1 -1 1 -1 -1 -1 -1 1 -1 1 1 1 -1 1 1 1 1 -1 1 -1 1 -1 -1 1 1 1 -1 -1 -1 1 1 1 -1 -1 1 1 1 1 1 -1 -1 -1 1 1 -1 1 -1 -1 1 
-1 1 -1 1 -1 -1 1 1 1 1 1 -1 -1 -1 1 1 -1 1 1 -1 -1 -1 -1 -1 -1 1 1 1 -1 1 -1 1 -1 1 1 -1 -1 1 1 1 1 -1 -1 1 -1 1 1 -1 1 1 1 -1 1 -1 1 -1 -1 1 -1 1 1 -1 -1 -1 1 -1 1 1 1 -1 1 -1 -1 1 1 1 -1 1 1 -1 1 -1 -1 -1 -1 -1 1 -1 -1 -1 1 -1 -1 -1 -1 -1 1 1 -1 -1 1 -1 1 -1 -1 -1 1 1 -1 -1 1 -1 -1 1 -1 1 1 1 1 -1 1 -1 -1 -1 -1 -1 -1 1 
1 1 1 1 1 -1 -1 -1 1 -1 1 1 1 1 1 1 -1 1 -1 -1 -1 1 1 -1 1 -1 1 -1 -1 -1 -1 1 -1 1 -1 -1 1 -1 1 -1 1 -1 -1 1 1 -1 -1 -1 1 -1 1 -1 -1 -1 -1 -1 1 1 1 1 -1 1 -1 -1 -1 -1 -1 1 1 -1 1 -1 1 -1 -1 1 -1 1 -1 -1 1 -1 -1 1 1 -1 -1 1 -1 1 -1 1 1 1 -1 1 1 -1 -1 -1 1 1 1 -1 -1 1 -1 -1 -1 -1 1 -1 1 1 1 -1 1 -1 1 -1 -1 -1 1 -1 -1 -1 -1 1 
-1 1 1 1 1 1 -1 -1 1 -1 -1 1 1 1 1 -1 1 1 -1 1 1 -1 1 -1 1 -1 -1 -1 -1 -1 1 1 -1 -1 -1 1 -1 1 -1 1 1 1 1 -1 -1 -1 1 -1 1 1 1 -1 1 1 -1 -1 -1 1 -1 1 -1 -1 1 -1 1 1 1 1 -1 -1 -1 1 1 -1 1 1 -1 -1 -1 1 1 1 -1 -1 1 -1 -1 1 -1 -1 1 -1 -1 1 -1 -1 -1 1 -1 1 1 1 1 1 -1 -1 -1 1 1 -1 1 1 1 1 1 1 -1 -1 -1 -1 1 -1 1 1 1 -1 1 -1 
-1 1 1 1 -1 -1 1 -1 1 -1 -1 -1 -1 -1 -1 1 -1 1 1 -1 -1 1 1 -1 1 -1 -1 -1 1 -1 1 -1 -1 -1 -1 1 -1 -1 1 -1 -1 -1 1 1 -1 -1 -1 -1 -1 -1 -1 1 1 1 -1 1 -1 1 1 1 -1 1 -1 -1 -1 1 -1 -1 1 1 -1 -1 -1 -1 -1 -1 -1 -1 1 1 -1 1 -1 1 1 -1 -1 -1 1 -1 1 1 1 1 1 -1 1 1 -1 -1 -1 1 -1 1 -1 -1 -1 1 -1 -1 -1 1 1 -1 1 1 1 -1 -1 -1 -1 -1 1 1 -1 -1 1 -1 
-1 1 -1 -1 -1 1 1 -1 -1 -1 -1 1 1 1 1 1 1 -1 -1 -1 1 1 -1 -1 1 1 -1 -1 -1 -1 1 -1 1 1 1 -1 1 -1 -1 1 -1 1 1 -1 1 1 -1 -1 -1 -1 -1 1 1 1 -1 1 1 -1 1 1 -1 -1 1 1 1 -1 -1 -1 1 -1 1 1 -1 -1 1 1 1 -1 1 1 1 -1 1 -1 1 1 -1 1 1 1 -1 -1 -1 -1 1 1 -1 -1 -1 1 1 1 1 -1 -1 1 1 -1 -1 -1 1 -1 -1 1 1 -1 1 1 -1 -1 1 1 1 -1 -1 1 1 1 
1 -1 1 -1 -1 -1 -1 1 -1 -1 -1 -1 -1 1 -1 -1 1 -1 1 -1 1 -1 -1 1 -1 1 1 -1 -1 1 -1 -1 1 1 -1 1 1 -1 -1 -1 1 1 -1 -1 1 1 1 1 -1 -1 1 -1 -1 -1 -1 -1 -1 -1 -1 -1 1 1 -1 -1 -1 1 1 -1 1 1 -1 -1 1 -1 1 -1 1 1 -1 -1 -1 -1 1 1 -1 -1 1 1 1 1 -1 1 1 -1 -1 -1 -1 1 1 1 1 1 1 1 1 1 -1 -1 1 1 -1 1 -1 -1 -1 -1 1 1 1 -1 1 1 -1 -1 -1 1 -1 1 
-1 -1 -1 -1 -1 -1 1 -1 1 -1 1 1 -1 -1 -1 1 -1 -1 -1 -1 1 -1 -1 1 -1 -1 -1 -1 -1 1 1 1 -1 -1 -1 1 -1 1 -1 -1 1 -1 1 -1 -1 1 1 -1 1 -1 -1 -1 1 1 1 -1 1 1 -1 1 -1 1 -1 -1 -1 -1 -1 1 -1 1 1 1 1 -1 1 -1 1 1 -1 1 1 1 1 -1 1 1 -1 1 -1 1 1 1 -1 1 1 -1 1 -1 1 1 -1 1 -1 -1 -1 1 1 -1 1 -1 -1 1 1 -1 -1 1 -1 1 1 1 1 -1 -1 -1 1 1 1 1 
-1 1 -1 1 -1 1 1 -1 1 -1 -1 -1 1 -1 -1 1 -1 1 1 1 1 1 -1 1 -1 1 -1 -1 -1 1 1 1 1 1 1 1 -1 1 1 1 -1 1 -1 -1 -1 -1 -1 1 -1 -1 -1 -1 1 1 1 1 -1 1 -1 1 -1 -1 -1 1 1 1 1 1 -1 1 -1 -1 1 -1 -1 -1 -1 1 1 1 -1 -1 -1 1 1 1 1 1 -1 1 -1 1 -1 1 1 -1 1 -1 1 -1 1 -1 1 1 -1 -1 -1 1 -1 1 1 -1 1 -1 1 -1 1 -1 -1 -1 -1 -1 -1 -1 1 -1 -1 -1 
1 1 1 1 -1 -1 1 1 -1 1 1 -1 -1 -1 1 -1 1 1 -1 -1 1 1 -1 1 -1 -1 -1 -1 1 1 -1 -1 -1 1 -1 -1 1 1 1 1 -1 1 -1 1 -1 1 1 -1 1 1 1 1 -1 -1 -1 -1 -1 1 -1 -1 -1 -1 -1 -1 -1 -1 -1 -1 1 -1 1 -1 1 -1 -1 1 1 1 -1 -1 -1 -1 -1 1 1 -1 -1 -1 -1 1 -1 -1 -1 1 -1 1 1 1 -1 1 -1 1 1 -1 1 -1 1 -1 1 1 -1 -1 1 -1 -1 -1 -1 1 -1 1 1 -1 1 1 -1 1 1 1 
1 1 1 1 1 -1 -1 1 1 -1 1 1 -1 -1 1 1 1 -1 -1 -1 -1 -1 -1 -1 -1 -1 -1 -1 1 1 1 -1 -1 1 1 1 -1 -1 -1 1 -1 1 -1 1 -1 -1 1 1 1 1 1 -1 -1 1 -1 1 1 1 -1 -1 -1 1 -1 -1 1 1 1 -1 1 -1 1 -1 1 1 1 -1 1 1 -1 1 1 1 -1 1 -1 -1 -1 -1 1 -1 -1 1 1 -1 -1 -1 -1 -1 -1 -1 1 1 1 -1 1 -1 1 -1 1 -1 -1 1 1 -1 -1 -1 -1 1 1 -1 -1 1 -1 -1 1 -1 1 -1 
1 1 -1 -1 1 -1 1 1 1 -1 1 1 -1 -1 -1 -1 -1 -1 1 1 1 1 -1 1 -1 1 1 -1 -1 -1 -1 -1 -1 -1 1 1 1 -1 1 -1 1 1 1 1 1 1 1 1 1 1 -1 -1 1 1 -1 1 -1 1 -1 -1 -1 -1 1 1 -1 -1 -1 1 -1 1 -1 -1 1 -1 1 -1 1 -1 -1 1 1 -1 1 -1 1 -1 -1 1 1 1 1 -1 -1 1 1 1 1 -1 1 -1 1 1 1 -1 1 -1 1 1 1 1 1 -1 -1 1 -1 1 1 -1 -1 1 -1 1 -1 1 1 -1 1 1 
-1 -1 1 1 -1 -1 -1 1 1 -1 -1 1 1 -1 1 1 1 1 -1 -1 -1 -1 -1 -1 1 -1 -1 -1 -1 -1 1 1 -1 -1 1 1 -1 -1 1 -1 -1 -1 -1 1 1 -1 -1 1 -1 1 -1 1 -1 -1 1 -1 1 1 1 1 1 -1 1 -1 1 -1 1 1 1 1 1 -1 -1 -1 -1 -1 -1 -1 -1 -1 -1 -1 -1 1 -1 1 1 1 -1 -1 1 -1 -1 -1 1 -1 -1 1 -1 1 1 1 1 -1 1 1 1 -1 1 1 -1 1 1 -1 -1 -1 1 -1 1 1 -1 -1 1 1 1 1 -1 1 
1 -1 -1 -1 1 1 1 -1 1 1 -1 -1 1 1 -1 -1 -1 1 1 -1 1 -1 -1 1 -1 1 -1 1 -1 -1 1 -1 1 1 -1 -1 1 -1 -1 1 1 -1 1 1 1 1 1 -1 1 1 -1 -1 -1 1 1 1 1 -1 1 1 -1 1 1 1 1 1 1 -1 -1 -1 -1 -1 -1 -1 1 -1 1 1 -1 -1 -1 1 -1 -1 -1 -1 -1 -1 1 1 -1 -1 1 1 1 1 1 -1 1 -1 -1 1 1 -1 -1 -1 -1 -1 -1 -1 -1 1 -1 1 -1 -1 -1 1 -1 -1 1 -1 -1 1 -1 1 -1 -1 
-1 1 1 1 1 -1 -1 -1 1 1 -1 1 -1 1 1 -1 -1 -1 1 -1 -1 -1 -1 1 -1 -1 1 1 1 -1 1 1 -1 -1 -1 -1 -1 -1 1 1 1 -1 -1 1 -1 -1 1 1 -1 -1 -1 -1 -1 -1 -1 -1 1 -1 1 -1 -1 -1 -1 1 -1 1 -1 1 -1 -1 1 -1 -1 1 1 1 1 -1 1 -1 1 -1 -1 1 1 -1 1 -1 1 1 -1 -1 -1 1 -1 -1 -1 -1 -1 1 1 1 -1 1 1 -1 -1 -1 1 -1 -1 1 -1 -1 1 -1 1 -1 -1 1 -1 1 -1 1 1 -1 1 1 
1 -1 -1 1 1 1 -1 -1 -1 1 -1 1 -1 1 -1 -1 -1 -1 -1 -1 -1 -1 -1 -1 -1 1 1 1 1 1 1 -1 1 1 -1 -1 1 1 1 -1 -1 -1 1 -1 1 1 1 -1 1 1 1 -1 1 1 -1 -1 -1 -1 -1 -1 -1 1 -1 1 1 -1 1 1 1 1 -1 -1 -1 1 -1 -1 -1 1 -1 -1 -1 -1 -1 -1 1 1 -1 1 1 1 1 -1 -1 -1 1 1 1 1 1 -1 -1 -1 -1 1 -1 -1 1 -1 -1 -1 -1 -1 1 1 -1 1 1 -1 -1 -1 -1 -1 -1 1 -1 -1 1 -1 
-1 1 -1 1 1 -1 1 1 1 1 -1 1 -1 -1 -1 -1 1 -1 -1 -1 -1 1 1 -1 -1 -1 1 1 -1 1 -1 1 -1 -1 1 -1 1 1 1 1 1 -1 -1 1 1 1 -1 1 1 -1 -1 1 1 1 -1 -1 1 1 1 1 -1 -1 1 -1 1 -1 -1 1 -1 1 -1 1 -1 1 1 1 1 1 -1 -1 -1 -1 -1 1 1 -1 1 -1 -1 1 -1 1 1 -1 -1 -1 -1 1 1 -1 -1 1 1 -1 1 1 -1 -1 1 -1 -1 -1 1 1 -1 -1 -1 1 1 1 -1 -1 1 1 -1 -1 1 1 
-1 1 -1 1 1 -1 -1 -1 -1 1 1 1 -1 1 -1 -1 -1 -1 1 1 1 1 1 -1 -1 -1 -1 1 1 1 -1 -1 1 1 1 1 -1 -1 -1 -1 -1 1 -1 1 1 -1 -1 1 1 1 1 1 1 1 -1 1 -1 1 1 -1 -1 1 1 1 1 1 -1 -1 -1 1 1 -1 1 -1 -1 -1 -1 1 1 -1 -1 -1 -1 -1 -1 -1 -1 1 1 -1 -1 -1 1 1 1 1 -1 -1 -1 -1 1 -1 -1 1 1 1 -1 -1 -1 1 1 -1 -1 1 1 1 1 -1 1 -1 1 -1 1 1 -1 1 1 -1 
1 -1 -1 1 1 -1 -1 -1 1 1 1 1 1 -1 -1 1 1 1 -1 1 1 -1 1 -1 1 1 1 1 -1 -1 1 -1 -1 1 -1 1 1 -1 1 1 1 1 -1 1 -1 -1 1 -1 1 -1 1 -1 -1 1 1 -1 -1 -1 1 1 1 1 -1 -1 1 -1 1 -1 1 1 1 -1 -1 -1 -1 1 -1 1 -1 1 1 -1 -1 -1 -1 -1 -1 -1 1 -1 1 -1 -1 -1 1 -1 1 -1 -1 -1 -1 -1 -1 -1 1 -1 1 1 -1 1 -1 1 1 1 -1 1 1 -1 1 1 1 1 1 1 1 1 -1 -1 
1 -1 -1 1 -1 -1 1 -1 1 -1 -1 1 -1 1 1 1 -1 -1 -1 1 1 -1 -1 -1 1 -1 1 -1 1 -1 -1 -1 1 1 1 1 1 1 1 -1 1 -1 -1 1 1 -1 -1 1 1 -1 -1 1 -1 -1 -1 -1 1 -1 -1 1 -1 1 1 1 1 1 -1 -1 -1 1 1 1 -1 1 1 -1 1 -1 -1 1 -1 1 1 1 -1 -1 1 1 -1 1 1 -1 -1 1 1 -1 -1 1 1 -1 -1 1 1 -1 1 1 -1 1 -1 -1 1 1 1 -1 -1 1 -1 1 -1 -1 -1 -1 -1 1 1 1 -1 -1 
-1 -1 1 -1 1 -1 -1 -1 1 -1 -1 1 -1 -1 -1 -1 -1 1 1 -1 1 -1 -1 -1 -1 1 -1 1 -1 1 -1 1 -1 -1 1 1 -1 1 -1 1 1 1 -1 1 -1 -1 -1 -1 -1 -1 -1 1 1 1 -1 1 1 1 -1 -1 1 1 -1 -1 1 1 -1 -1 -1 -1 -1 1 1 1 -1 1 1 -1 1 1 1 1 -1 -1 -1 -1 1 -1 -1 1 1 1 1 1 -1 1 1 1 -1 1 -1 -1 -1 1 -1 -1 -1 1 1 -1 1 -1 -1 1 -1 -1 1 1 1 1 -1 1 -1 -1 -1 -1 -1 1 
1 -1 -1 -1 -1 1 1 -1 1 -1 1 -1 -1 1 1 -1 -1 1 1 -1 1 1 1 -1 -1 1 -1 1 -1 1 1 1 -1 -1 -1 -1 1 -1 1 -1 1 -1 1 1 1 1 -1 -1 1 -1 1 -1 1 -1 1 1 -1 -1 1 1 -1 -1 1 1 1 1 1 1 -1 1 -1 -1 1 1 1 -1 1 1 -1 1 -1 1 1 -1 -1 -1 1 1 -1 1 -1 1 -1 -1 -1 -1 -1 1 -1 -1 -1 1 -1 -1 1 -1 1 -1 -1 1 1 -1 1 -1 1 1 -1 -1 1 -1 -1 1 -1 -1 1 -1 1 1 
-1 1 -1 1 -1 -1 1 -1 1 -1 -1 1 -1 1 -1 -1 -1 1 -1 -1 1 -1 1 1 1 -1 -1 -1 1 1 -1 1 1 -1 -1 -1 1 1 -1 -1 -1 1 -1 1 1 1 -1 -1 -1 -1 -1 -1 -1 1 -1 1 1 -1 1 -1 -1 -1 -1 1 -1 1 -1 -1 1 -1 -1 -1 -1 1 -1 1 -1 -1 -1 1 1 1 -1 -1 -1 -1 1 -1 -1 1 -1 -1 -1 -1 1 -1 -1 -1 -1 1 1 -1 1 -1 1 -1 1 -1 1 1 -1 -1 1 1 1 -1 1 1 1 -1 -1 -1 1 1 1 1 1 -1 
-1 1 1 -1 1 1 1 -1 -1 1 -1 -1 1 -1 -1 1 1 -1 1 1 1 -1 1 1 1 -1 -1 -1 -1 1 1 1 1 -1 -1 1 -1 1 -1 -1 -1 1 1 -1 -1 -1 1 -1 1 -1 -1 -1 -1 1 -1 1 -1 -1 1 1 -1 1 1 -1 1 1 -1 1 1 1 1 -1 1 1 -1 1 -1 1 -1 1 1 1 -1 -1 1 -1 1 1 1 -1 -1 -1 -1 -1 -1 1 -1 1 1 -1 1 1 1 1 -1 -1 1 1 -1 -1 -1 -1 -1 -1 1 1 1 1 1 -1 -1 -1 1 -1 -1 1 1 -1 
-1 -1 -1 -1 -1 1 1 1 1 1 1 -1 -1 -1 1 -1 -1 1 1 -1 -1 1 -1 1 -1 1 -1 1 1 -1 1 1 -1 1 1 -1 -1 -1 1 -1 -1 1 1 1 -1 -1 1 -1 -1 1 1 1 -1 -1 1 -1 -1 1 1 -1 1 1 1 -1 -1 1 -1 -1 1 -1 -1 1 1 -1 -1 1 1 1 -1 -1 1 1 1 1 1 -1 1 1 -1 1 1 1 1 -1 1 -1 -1 1 1 1 -1 1 -1 -1 -1 -1 -1 -1 -1 1 1 1 -1 -1 -1 -1 -1 -1 1 1 -1 1 -1 1 -1 -1 1 -1 
-1 1 -1 -1 -1 1 1 -1 1 -1 -1 -1 1 1 -1 1 -1 -1 -1 1 1 1 -1 -1 -1 -1 -1 1 1 -1 -1 1 1 -1 1 1 -1 1 -1 -1 1 -1 1 -1 1 -1 -1 1 -1 -1 1 -1 -1 1 -1 -1 -1 -1 1 1 1 1 -1 1 1 1 1 1 1 -1 1 1 1 1 -1 1 1 -1 1 1 1 -1 1 -1 1 1 1 1 1 -1 1 -1 -1 1 1 1 -1 -1 1 -1 -1 1 1 -1 -1 1 -1 -1 1 -1 -1 -1 -1 1 -1 1 1 -1 -1 -1 -1 1 1 -1 1 -1 1 1 
1 -1 -1 1 1 1 1 -1 -1 -1 1 -1 -1 1 1 -1 1 -1 -1 -1 1 1 -1 1 1 -1 1 1 1 -1 1 1 -1 1 -1 -1 1 -1 1 -1 1 1 1 1 -1 -1 1 1 -1 1 -1 1 1 1 -1 -1 1 1 -1 1 1 1 1 1 1 -1 1 1 -1 -1 -1 -1 1 1 1 -1 1 1 -1 1 -1 1 1 1 -1 -1 -1 1 1 -1 -1 -1 -1 -1 1 1 1 1 -1 -1 1 1 1 -1 1 1 -1 1 1 1 1 -1 -1 -1 -1 -1 -1 -1 1 1 -1 1 -1 -1 -1 1 -1 1 
-1 -1 -1 1 1 1 -1 -1 -1 1 -1 -1 1 1 -1 1 -1 1 -1 -1 1 1 1 -1 -1 1 1 -1 1 -1 1 -1 1 -1 -1 -1 -1 -1 -1 1 -1 1 -1 -1 -1 -1 1 -1 1 -1 -1 -1 1 1 -1 -1 -1 -1 1 -1 1 1 1 -1 1 -1 1 -1 -1 1 -1 1 1 -1 -1 1 -1 1 1 -1 1 1 -1 1 1 -1 -1 1 1 1 1 -1 -1 1 1 1 1 -1 -1 1 -1 -1 -1 -1 -1 -1 -1 -1 -1 1 1 1 1 1 1 1 1 -1 1 1 1 1 1 -1 -1 -1 1 1 
-1 -1 1 1 1 1 1 1 -1 1 1 1 1 1 1 1 -1 -1 1 1 -1 -1 -1 1 -1 1 1 -1 1 -1 1 1 1 1 -1 -1 -1 1 1 -1 1 1 -1 1 -1 -1 1 -1 1 -1 -1 -1 -1 1 -1 -1 -1 -1 -1 1 -1 -1 1 1 -1 -1 1 1 -1 -1 1 1 1 -1 -1 1 1 -1 -1 -1 -1 1 1 -1 1 -1 -1 -1 1 1 -1 1 1 1 -1 1 -1 1 1 -1 -1 1 -1 -1 1 -1 1 -1 1 1 -1 -1 -1 -1 -1 1 -1 -1 -1 -1 -1 1 1 1 -1 -1 -1 -1 
-1 -1 -1 -1 1 1 1 1 1 1 1 1 -1 -1 -1 1 -1 1 1 -1 1 1 1 1 -1 -1 -1 -1 -1 1 1 -1 1 -1 1 1 1 -1 1 1 1 1 -1 1 1 -1 -1 -1 1 1 1 -1 -1 -1 1 -1 1 1 -1 1 1 -1 -1 -1 1 1 1 1 1 -1 1 1 1 1 -1 1 1 -1 -1 1 -1 1 1 1 1 -1 1 1 1 1 1 -1 -1 1 1 -1 -1 1 -1 1 -1 1 1 -1 -1 -1 1 -1 -1 1 1 1 -1 -1 -1 -1 -1 -1 1 -1 1 1 -1 -1 -1 1 -1 -1 
-1 -1 1 1 1 -1 1 1 1 1 -1 -1 1 -1 -1 1 1 1 -1 1 -1 -1 -1 1 -1 1 -1 1 -1 -1 -1 -1 -1 1 -1 1 1 1 1 -1 -1 -1 -1 -1 -1 -1 -1 -1 -1 -1 1 -1 -1 -1 1 -1 -1 1 -1 1 -1 -1 1 1 -1 -1 -1 1 -1 1 -1 1 -1 -1 1 1 1 1 1 1 1 -1 1 -1 1 1 1 -1 1 -1 -1 1 1 -1 -1 -1 -1 1 -1 1 1 1 -1 -1 1 1 -1 -1 -1 1 1 1 1 1 1 1 1 -1 1 -1 1 -1 1 -1 -1 1 -1 1 
1 -1 -1 -1 1 1 -1 -1 1 -1 -1 -1 -1 1 1 -1 1 -1 -1 -1 -1 1 1 1 1 1 1 -1 1 1 1 1 1 1 1 -1 1 -1 1 -1 1 1 -1 -1 -1 1 1 -1 1 1 1 1 1 -1 1 -1 1 -1 -1 1 1 -1 1 1 1 1 -1 1 -1 1 -1 -1 -1 1 -1 -1 -1 -1 1 1 1 -1 1 1 1 1 1 -1 1 -1 -1 1 -1 1 1 1 -1 -1 1 1 1 -1 1 1 1 1 1 1 1 1 1 -1 -1 -1 1 1 -1 1 -1 1 -1 -1 1 -1 1 1 -1 -1 
-1 1 1 -1 -1 -1 -1 1 -1 1 1 1 1 -1 1 -1 -1 1 1 -1 -1 -1 -1 1 1 1 -1 1 1 1 -1 1 -1 1 1 -1 -1 1 -1 -1 -1 1 -1 -1 1 1 -1 1 1 -1 1 1 1 1 -1 -1 1 -1 -1 -1 1 1 1 1 -1 -1 -1 1 1 1 -1 -1 1 -1 -1 -1 -1 -1 1 -1 -1 -1 -1 1 1 1 -1 1 1 -1 -1 1 -1 -1 -1 -1 -1 -1 -1 -1 1 1 1 -1 1 -1 -1 1 -1 -1 -1 1 -1 1 1 1 1 1 1 -1 1 -1 1 1 -1 -1 1 -1 
-1 1 -1 1 1 1 1 -1 -1 -1 1 1 1 1 -1 -1 -1 1 1 1 -1 1 -1 1 -1 1 -1 1 1 -1 -1 -1 -1 1 1 -1 -1 -1 -1 -1 -1 -1 -1 1 1 -1 1 -1 -1 1 -1 -1 -1 1 1 -1 1 -1 1 1 -1 -1 1 -1 1 1 1 -1 1 1 -1 1 -1 1 1 1 -1 1 -1 -1 1 -1 1 -1 -1 1 1 1 1 -1 -1 -1 1 1 1 -1 1 -1 1 -1 -1 -1 -1 -1 -1 -1 1 -1 -1 1 -1 1 1 -1 1 -1 -1 1 1 1 1 -1 1 -1 -1 1 1 1 
-1 1 1 1 1 1 1 -1 1 -1 -1 -1 -1 1 -1 1 -1 -1 1 1 -1 1 1 1 -1 1 1 1 -1 -1 1 -1 -1 -1 -1 1 1 -1 1 1 1 -1 -1 1 -1 1 -1 1 -1 1 1 1 1 -1 -1 1 1 1 1 1 -1 1 1 -1 1 1 -1 -1 -1 -1 1 1 1 -1 -1 -1 -1 1 -1 -1 1 1 -1 1 1 -1 1 1 -1 1 -1 -1 -1 1 1 1 -1 1 -1 -1 -1 -1 1 1 -1 -1 -1 -1 -1 1 -1 1 1 1 1 1 -1 1 -1 1 1 1 1 -1 -1 -1 1 -1 
-1 1 -1 -1 1 -1 -1 -1 1 -1 -1 1 -1 -1 -1 -1 -1 -1 1 -1 1 -1 1 1 1 -1 1 -1 1 1 -1 1 -1 -1 -1 -1 -1 1 1 -1 -1 -1 -1 -1 1 -1 1 -1 -1 -1 1 1 -1 -1 1 1 -1 -1 1 1 -1 1 -1 -1 1 1 1 -1 1 1 1 1 -1 1 -1 1 -1 -1 -1 -1 1 1 -1 -1 -1 1 -1 1 1 -1 1 1 1 1 1 -1 1 1 -1 1 -1 1 -1 -1 1 1 1 1 -1 -1 -1 -1 1 1 -1 1 1 -1 1 1 1 1 -1 -1 -1 1 1 1 
-1 -1 -1 -1 1 -1 -1 1 1 1 1 1 -1 1 1 1 -1 -1 -1 1 -1 1 1 1 -1 1 -1 1 1 1 1 1 -1 1 -1 1 -1 -1 -1 1 1 1 -1 1 1 -1 -1 -1 -1 1 1 -1 -1 -1 1 -1 -1 1 -1 -1 1 1 -1 1 -1 1 -1 1 1 -1 -1 -1 1 -1 1 1 -1 1 1 1 -1 -1 -1 1 1 -1 1 1 -1 -1 -1 -1 -1 -1 -1 1 -1 -1 -1 -1 1 1 -1 1 -1 -1 -1 1 1 1 -1 -1 -1 -1 -1 -1 -1 1 1 1 -1 -1 -1 -1 -1 -1 -1 -1 
1 1 1 1 -1 -1 1 -1 1 -1 1 -1 1 1 -1 1 -1 -1 -1 -1 -1 1 1 1 1 1 -1 1 -1 1 -1 -1 -1 -1 -1 -1 1 -1 1 -1 -1 1 -1 1 -1 1 1 -1 1 1 1 1 -1 -1 -1 1 -1 -1 -1 -1 1 1 1 1 1 1 1 -1 1 -1 -1 -1 -1 -1 1 1 -1 1 -1 -1 1 1 1 1 -1 -1 1 -1 1 -1 1 1 1 -1 1 1 1 1 1 -1 1 -1 -1 1 1 -1 1 1 -1 1 -1 -1 1 1 -1 1 1 1 -1 1 -1 1 -1 -1 -1 1 1 -1 
1 -1 1 -1 1 -1 1 1 -1 1 1 -1 1 1 1 1 -1 -1 1 -1 -1 1 1 -1 -1 -1 -1 1 -1 1 1 -1 -1 1 -1 -1 1 1 -1 -1 -1 1 1 1 1 -1 1 1 1 1 1 1 1 -1 1 1 1 -1 -1 -1 1 -1 -1 1 -1 1 -1 1 1 1 1 1 1 1 1 -1 -1 -1 -1 -1 -1 1 1 1 1 1 -1 1 1 -1 1 1 1 1 -1 -1 -1 1 1 1 -1 1 1 1 1 -1 1 -1 -1 -1 -1 -1 -1 1 -1 -1 -1 -1 -1 -1 -1 1 1 -1 1 1 -1 -1 
1 1 1 1 1 -1 1 1 -1 -1 -1 1 1 -1 -1 -1 1 1 -1 -1 -1 1 -1 -1 1 -1 -1 -1 1 1 -1 1 1 -1 -1 -1 1 -1 1 -1 -1 -1 -1 1 1 -1 1 1 -1 1 1 -1 1 1 -1 -1 1 1 1 -1 1 -1 -1 -1 -1 -1 -1 -1 1 1 1 -1 1 -1 1 -1 -1 -1 -1 1 1 -1 -1 1 1 -1 1 -1 -1 -1 1 -1 1 1 1 -1 1 1 -1 1 1 -1 -1 -1 -1 1 -1 -1 -1 1 1 -1 -1 1 -1 -1 1 -1 1 -1 -1 -1 -1 1 -1 -1 -1 1 
1 -1 1 -1 -1 1 -1 1 1 1 1 1 -1 1 -1 1 1 1 -1 1 1 -1 -1 1 -1 -1 -1 1 1 1 -1 -1 1 1 -1 -1 -1 -1 1 1 -1 -1 -1 1 1 -1 1 -1 -1 -1 1 1 -1 -1 -1 -1 -1 -1 -1 1 1 1 1 1 1 1 1 1 -1 1 -1 1 -1 -1 -1 -1 -1 1 -1 -1 1 -1 -1 1 -1 1 -1 1 1 1 1 -1 1 1 -1 1 -1 -1 -1 -1 -1 1 -1 1 -1 -1 1 1 -1 1 -1 -1 1 1 1 -1 -1 1 -1 -1 -1 1 -1 1 -1 1 -1 -1 
-1 -1 1 -1 1 -1 1 1 1 1 -1 1 -1 -1 -1 1 1 1 -1 1 1 -1 1 1 -1 1 -1 1 1 1 1 -1 1 -1 1 1 -1 1 1 1 1 -1 -1 -1 1 1 -1 -1 -1 -1 -1 1 -1 1 1 1 1 1 1 1 -1 -1 1 -1 -1 1 -1 -1 1 1 1 -1 -1 1 -1 1 -1 -1 -1 1 1 -1 -1 -1 1 1 1 1 1 -1 -1 -1 1 1 -1 -1 -1 1 1 -1 1 1 1 1 1 1 -1 -1 1 -1 1 -1 1 1 1 -1 -1 1 1 1 -1 1 -1 -1 1 1 1 1 
1 -1 1 1 -1 1 1 1 1 -1 1 -1 1 1 -1 -1 -1 -1 -1 1 1 -1 -1 -1 1 1 -1 -1 -1 -1 1 -1 -1 1 -1 -1 1 -1 -1 -1 -1 1 1 1 -1 1 -1 1 1 -1 1 -1 -1 1 -1 1 1 1 1 -1 1 -1 1 -1 1 1 1 1 -1 1 1 -1 -1 1 -1 -1 -1 -1 -1 1 -1 -1 -1 1 -1 1 1 1 1 -1 1 -1 -1 -1 1 -1 -1 1 -1 -1 1 -1 -1 -1 1 1 1 -1 -1 1 -1 1 1 -1 1 1 1 -1 -1 -1 1 1 1 1 -1 1 -1 1 
-1 1 1 -1 -1 -1 1 -1 1 1 -1 -1 1 -1 -1 -1 1 1 -1 -1 1 -1 1 1 -1 1 -1 -1 -1 1 -1 -1 1 1 1 1 -1 -1 -1 -1 -1 -1 -1 -1 -1 -1 1 1 -1 1 1 -1 -1 1 1 1 -1 1 1 -1 1 1 -1 1 -1 1 1 -1 1 -1 1 -1 -1 -1 1 -1 -1 1 1 -1 1 -1 1 1 1 -1 -1 1 1 -1 1 1 1 -1 -1 1 1 1 1 1 -1 -1 -1 1 -1 1 -1 -1 1 -1 -1 1 -1 -1 -1 -1 1 -1 -1 1 1 1 -1 -1 1 1 -1 -1 
1 1 -1 1 1 -1 1 -1 1 -1 -1 1 1 -1 1 -1 -1 1 -1 1 -1 -1 1 -1 1 1 1 -1 1 -1 -1 1 1 -1 1 -1 -1 -1 1 -1 -1 1 -1 1 1 1 1 -1 -1 -1 1 1 -1 1 1 -1 1 -1 1 1 1 1 -1 1 -1 1 1 1 -1 1 1 -1 1 -1 -1 -1 1 1 -1 -1 1 1 -1 1 1 1 1 -1 1 1 -1 -1 -1 -1 1 -1 1 -1 1 -1 -1 -1 1 1 -1 -1 1 1 -1 1 -1 1 -1 1 1 1 -1 -1 1 1 1 1 -1 -1 -1 1 1 -1 
-1 -1 1 1 -1 1 1 1 -1 1 1 -1 -1 1 1 1 1 -1 -1 1 1 1 1 1 1 -1 -1 -1 1 1 -1 -1 1 -1 -1 -1 1 -1 1 -1 -1 1 1 -1 -1 -1 1 -1 1 -1 -1 1 -1 1 1 1 -1 1 -1 1 1 -1 -1 1 1 1 -1 1 1 -1 1 -1 -1 1 1 -1 -1 1 1 1 -1 1 1 1 -1 1 -1 1 1 1 -1 -1 1 1 -1 1 -1 -1 1 -1 1 1 -1 -1 1 1 -1 -1 1 -1 -1 -1 1 -1 1 1 -1 -1 -1 -1 -1 1 -1 1 -1 -1 -1 -1 
1 1 1 1 -1 1 1 -1 -1 -1 1 1 1 -1 1 -1 1 1 -1 -1 -1 -1 -1 -1 1 1 1 -1 1 1 1 -1 -1 1 1 1 1 1 -1 1 -1 -1 -1 -1 -1 1 1 1 -1 -1 -1 1 -1 1 1 1 1 -1 1 -1 -1 -1 -1 1 -1 -1 -1 1 -1 1 1 -1 1 -1 1 1 1 -1 1 -1 -1 1 -1 -1 1 1 -1 1 1 1 1 -1 -1 1 1 -1 1 -1 -1 1 -1 1 -1 -1 -1 -1 1 1 1 -1 -1 -1 1 1 -1 -1 -1 -1 -1 1 1 -1 -1 -1 1 -1 1 1 
-1 1 -1 -1 1 -1 1 -1 -1 -1 1 1 1 1 1 1 1 1 -1 1 1 -1 -1 -1 1 1 -1 -1 1 -1 1 1 -1 1 -1 1 -1 1 1 -1 1 1 1 1 -1 1 1 1 -1 -1 -1 -1 1 1 -1 -1 1 1 -1 -1 -1 1 -1 1 1 1 -1 1 1 -1 1 -1 1 -1 -1 1 -1 1 -1 1 1 -1 -1 1 -1 -1 -1 1 1 1 -1 -1 -1 1 1 -1 -1 -1 1 1 1 1 -1 1 -1 -1 1 1 1 -1 -1 1 1 -1 1 1 1 1 -1 -1 -1 1 1 1 1 1 -1 1 
-1 1 1 -1 -1 1 -1 -1 1 -1 -1 1 1 1 -1 -1 -1 -1 1 -1 -1 -1 -1 -1 1 -1 -1 -1 -1 -1 1 -1 1 -1 -1 -1 1 1 1 1 -1 1 -1 1 1 -1 -1 -1 1 1 1 1 1 -1 1 1 1 1 -1 -1 -1 -1 -1 1 -1 -1 1 -1 1 1 1 1 1 1 1 -1 -1 -1 -1 -1 1 -1 -1 -1 1 -1 -1 -1 1 1 -1 -1 -1 1 1 1 1 -1 -1 -1 -1 1 1 -1 1 1 -1 1 -1 -1 1 1 1 -1 -1 -1 1 1 1 -1 -1 -1 1 1 1 -1 1 1 
1 1 -1 -1 1 -1 1 -1 -1 1 -1 1 1 -1 1 -1 1 -1 1 1 -1 -1 1 -1 -1 1 -1 1 -1 1 1 1 1 -1 -1 1 1 1 1 1 -1 -1 -1 -1 1 -1 1 1 1 1 -1 -1 1 -1 -1 1 1 -1 -1 1 -1 -1 -1 -1 1 1 -1 -1 1 1 -1 -1 -1 -1 1 -1 -1 1 1 1 -1 -1 -1 -1 1 -1 -1 -1 1 -1 -1 1 -1 -1 1 -1 -1 1 -1 1 -1 1 1 1 1 1 1 1 -1 -1 -1 -1 1 1 1 1 -1 -1 -1 1 1 -1 -1 -1 1 -1 1 -1 
1 1 -1 1 -1 -1 -1 -1 1 1 1 1 -1 -1 -1 1 -1 1 -1 -1 -1 -1 -1 1 1 1 -1 -1 1 1 -1 1 -1 1 -1 1 1 -1 1 1 1 -1 1 1 1 1 1 -1 -1 1 -1 -1 1 1 1 -1 -1 -1 -1 -1 -1 -1 -1 -1 1 1 1 1 1 1 1 -1 1 1 1 -1 -1 -1 1 1 -1 -1 -1 1 -1 -1 -1 -1 1 -1 -1 -1 1 -1 -1 -1 1 1 1 -1 -1 -1 1 -1 1 1 -1 -1 1 1 1 1 -1 -1 -1 -1 1 -1 -1 1 -1 -1 -1 1 1 -1 1 1 
1 1 1 1 1 -1 1 -1 -1 -1 1 1 1 -1 -1 -1 -1 1 -1 -1 1 -1 -1 1 -1 1 1 1 -1 1 -1 1 -1 1 1 -1 -1 1 1 -1 1 -1 1 1 1 -1 -1 -1 1 1 1 -1 1 -1 -1 1 1 1 1 1 1 -1 -1 -1 -1 1 1 -1 -1 1 -1 1 1 -1 1 1 1 -1 1 1 -1 -1 1 1 -1 -1 1 1 -1 -1 1 1 -1 1 -1 1 -1 -1 1 -1 1 -1 1 1 -1 -1 -1 1 -1 -1 1 -1 1 1 -1 -1 1 -1 -1 -1 -1 -1 -1 -1 1 -1 -1 1 
-1 1 1 1 -1 1 -1 -1 1 1 -1 1 1 1 -1 1 -1 1 -1 -1 1 -1 1 -1 1 1 -1 1 1 1 1 1 1 1 -1 1 -1 1 1 1 -1 1 -1 1 -1 1 1 1 -1 1 -1 -1 1 -1 1 -1 -1 1 -1 1 -1 1 1 -1 -1 -1 -1 -1 -1 1 1 1 1 -1 1 -1 1 -1 -1 -1 1 -1 -1 -1 1 1 -1 -1 1 1 -1 1 -1 -1 1 -1 -1 1 1 1 -1 -1 -1 -1 1 1 -1 1 -1 1 -1 -1 -1 -1 1 1 -1 -1 1 1 -1 1 -1 1 -1 1 -1 1 
1 1 1 1 1 -1 -1 -1 1 1 -1 1 1 -1 -1 1 1 -1 1 -1 1 -1 1 -1 -1 1 1 -1 -1 1 -1 1 1 1 1 1 1 1 -1 -1 -1 1 -1 1 -1 1 1 1 1 1 1 -1 1 1 1 1 1 1 -1 1 -1 1 1 1 -1 1 1 1 1 1 1 1 1 -1 -1 1 -1 -1 1 1 -1 1 -1 1 -1 -1 -1 -1 1 -1 1 1 1 -1 -1 1 -1 -1 -1 -1 1 -1 1 -1 1 1 1 1 1 -1 1 1 -1 1 -1 -1 -1 1 -1 1 1 1 -1 1 -1 1 1 -1 
-1 -1 -1 -1 1 1 -1 1 -1 -1 -1 -1 1 1 -1 1 -1 -1 1 -1 1 -1 1 -1 1 1 -1 1 -1 -1 1 -1 -1 1 -1 -1 -1 1 1 1 1 1 -1 -1 -1 1 -1 1 -1 1 -1 -1 1 -1 1 1 1 -1 -1 -1 1 -1 1 1 -1 1 -1 1 -1 1 1 1 -1 1 -1 1 1 -1 -1 -1 1 1 1 1 -1 -1 -1 1 1 1 -1 1 -1 -1 1 1 -1 1 -1 -1 1 -1 1 -1 1 -1 -1 -1 -1 1 -1 1 1 1 1 1 -1 -1 -1 1 -1 -1 1 1 -1 1 1 1 
1 -1 1 1 1 1 -1 1 -1 1 1 1 -1 1 1 1 -1 -1 -1 1 1 -1 -1 1 1 -1 1 1 1 -1 -1 -1 -1 1 -1 1 -1 1 1 -1 1 1 1 1 1 -1 -1 -1 1 -1 1 -1 1 -1 1 -1 1 1 1 1 -1 -1 1 -1 -1 1 1 1 1 1 -1 -1 -1 1 -1 -1 -1 -1 1 -1 -1 1 1 1 -1 1 1 1 -1 1 1 -1 1 -1 1 1 1 1 -1 -1 1 -1 -1 1 1 1 1 1 1 1 1 -1 -1 1 -1 -1 1 -1 -1 1 1 1 -1 1 -1 1 -1 1 
-1 -1 1 1 1 1 -1 1 1 -1 -1 1 1 1 1 -1 1 1 1 -1 -1 1 1 -1 1 -1 -1 1 -1 -1 1 -1 -1 -1 1 1 1 1 -1 -1 -1 1 -1 -1 1 1 -1 1 1 1 1 1 -1 1 -1 1 -1 1 -1 1 1 1 1 -1 -1 1 -1 1 -1 -1 1 -1 -1 -1 -1 1 1 1 -1 1 -1 1 1 -1 1 -1 -1 1 1 1 -1 -1 1 1 -1 -1 1 1 1 -1 1 -1 -1 1 1 -1 -1 1 1 -1 -1 1 1 1 -1 -1 1 -1 1 -1 -1 1 1 1 1 -1 1 -1 
-1 -1 1 -1 -1 -1 1 1 1 -1 -1 -1 -1 -1 -1 -1 1 -1 1 1 1 -1 -1 1 1 -1 -1 1 1 1 1 1 -1 1 -1 1 -1 -1 -1 1 -1 -1 1 1 1 1 -1 1 -1 -1 1 1 1 1 1 -1 1 -1 1 -1 1 1 1 1 1 1 1 1 -1 -1 1 -1 -1 1 1 1 1 1 -1 -1 1 1 -1 1 -1 -1 1 -1 -1 1 -1 -1 1 -1 1 1 -1 1 -1 1 -1 -1 1 1 -1 -1 -1 -1 1 -1 1 -1 1 1 1 1 1 -1 -1 1 -1 -1 -1 1 -1 1 1 -1 
1 -1 -1 -1 1 1 -1 1 1 1 -1 -1 -1 1 1 -1 -1 1 -1 1 -1 1 1 -1 1 -1 1 -1 -1 1 1 1 -1 -1 -1 1 -1 1 -1 -1 1 1 -1 -1 -1 -1 1 1 -1 -1 1 1 -1 1 1 1 1 1 1 1 1 -1 1 -1 1 1 1 -1 1 1 -1 -1 1 1 -1 -1 1 -1 -1 -1 1 -1 1 1 1 -1 -1 1 1 1 1 1 1 -1 1 1 1 1 1 -1 1 1 -1 1 -1 1 -1 -1 1 1 1 1 1 1 1 1 -1 -1 1 1 1 -1 1 1 -1 -1 1 -1 
-1 1 1 1 -1 1 -1 1 -1 -1 1 -1 1 -1 -1 1 -1 1 -1 1 -1 -1 -1 -1 -1 -1 -1 -1 1 -1 -1 1 1 -1 -1 -1 1 1 -1 1 1 1 1 -1 -1 1 1 1 -1 -1 1 -1 1 -1 -1 -1 -1 -1 -1 -1 1 -1 -1 1 1 1 1 -1 -1 -1 -1 1 1 -1 -1 1 1 1 -1 1 1 1 1 1 -1 -1 1 -1 -1 -1 1 1 -1 1 -1 1 -1 1 -1 1 1 1 1 1 1 -1 -1 -1 -1 -1 -1 1 1 -1 1 1 -1 1 -1 -1 -1 -1 -1 1 -1 1 1 1 
-1 -1 -1 -1 1 1 -1 -1 -1 1 1 -1 1 -1 1 1 -1 -1 1 1 1 1 1 1 -1 -1 -1 -1 -1 1 -1 -1 1 1 -1 1 1 1 1 1 1 1 -1 -1 1 -1 1 -1 1 -1 1 1 -1 -1 -1 -1 1 -1 1 1 1 -1 1 1 1 1 -1 -1 -1 -1 1 1 -1 -1 1 -1 1 -1 -1 1 -1 -1 -1 1 -1 -1 1 1 1 1 -1 1 -1 -1 -1 1 1 -1 1 1 -1 -1 1 1 -1 1 1 -1 1 1 1 -1 -1 1 1 -1 1 -1 1 1 1 -1 1 1 -1 1 -1 -1 
1 1 -1 -1 -1 -1 -1 1 1 -1 1 1 -1 1 -1 -1 -1 -1 -1 -1 -1 -1 1 -1 -1 -1 1 1 1 -1 -1 1 1 1 1 1 -1 1 1 -1 -1 1 -1 1 -1 1 -1 1 -1 -1 1 -1 -1 1 1 -1 -1 1 -1 -1 1 -1 1 -1 -1 -1 1 1 -1 1 1 -1 -1 1 -1 -1 1 -1 -1 1 -1 1 1 1 1 1 1 -1 -1 -1 1 1 -1 -1 -1 1 1 -1 1 1 1 1 -1 -1 1 1 -1 -1 1 -1 1 -1 1 1 -1 1 -1 -1 -1 -1 -1 1 1 -1 -1 -1 -1 1 
1 1 -1 1 -1 -1 -1 1 -1 1 1 -1 1 1 -1 1 -1 1 1 1 -1 -1 1 1 -1 1 1 -1 1 -1 -1 1 -1 1 -1 -1 -1 -1 1 -1 -1 -1 1 -1 -1 1 -1 -1 1 1 1 1 -1 -1 -1 1 -1 1 1 -1 1 1 1 1 1 -1 -1 -1 -1 1 -1 -1 1 -1 -1 1 1 1 1 1 -1 1 1 -1 -1 1 -1 1 1 1 1 1 -1 -1 -1 1 1 -1 -1 -1 -1 -1 1 1 1 1 1 1 1 -1 -1 1 -1 -1 1 1 1 1 -1 1 1 -1 1 -1 -1 1 -1 1 
-1 1 -1 1 -1 1 1 1 -1 -1 -1 1 -1 1 1 1 -1 1 -1 -1 -1 1 -1 -1 -1 -1 1 -1 1 -1 1 -1 1 -1 1 1 1 1 -1 1 1 1 1 -1 -1 1 -1 1 1 1 -1 -1 -1 1 -1 -1 -1 -1 1 1 -1 -1 -1 1 -1 1 1 -1 1 1 -1 1 -1 -1 1 -1 1 1 1 -1 1 -1 1 1 1 -1 -1 -1 1 1 -1 -1 1 -1 -1 -1 1 -1 1 1 1 -1 1 -1 1 -1 1 1 1 -1 1 1 -1 -1 1 1 -1 -1 -1 -1 -1 1 -1 1 1 -1 -1 1 
-1 -1 1 -1 -1 1 -1 -1 1 -1 -1 1 1 -1 -1 -1 -1 1 1 1 -1 1 1 1 -1 1 1 -1 1 -1 -1 1 1 1 -1 -1 1 1 1 -1 1 1 1 -1 -1 -1 -1 -1 -1 -1 -1 -1 -1 -1 -1 -1 1 -1 1 -1 -1 -1 -1 1 1 -1 1 -1 1 1 1 1 1 1 1 1 1 1 -1 -1 1 -1 -1 -1 -1 -1 1 -1 -1 -1 -1 -1 -1 -1 1 -1 1 1 -1 1 1 -1 1 -1 -1 1 -1 1 -1 -1 -1 -1 -1 -1 -1 1 -1 -1 -1 -1 1 1 1 1 -1 -1 -1 -1 
1 1 -1 1 1 -1 -1 -1 -1 -1 1 1 -1 1 1 -1 -1 -1 1 1 1 1 1 -1 -1 1 -1 1 1 1 1 -1 -1 1 -1 1 1 -1 1 1 -1 -1 1 -1 -1 1 1 -1 1 1 -1 -1 1 -1 -1 1 1 1 -1 1 -1 1 -1 -1 -1 -1 -1 -1 1 1 -1 1 -1 -1 1 1 1 1 1 1 -1 1 -1 1 1 -1 -1 1 -1 -1 1 1 1 -1 1 1 -1 -1 1 -1 1 -1 1 -1 1 -1 -1 -1 1 1 1 -1 -1 -1 1 -1 -1 -1 1 -1 1 -1 1 -1 -1 -1 -1 -1 
1 1 1 1 1 -1 1 1 -1 -1 -1 1 1 1 -1 -1 1 1 -1 -1 1 -1 -1 -1 -1 -1 1 -1 -1 1 -1 -1 1 -1 -1 -1 -1 1 -1 1 -1 -1 1 1 1 -1 -1 -1 1 -1 -1 -1 -1 -1 -1 1 -1 1 1 -1 -1 1 1 1 -1 1 -1 1 -1 -1 -1 -1 -1 -1 1 1 -1 1 1 -1 -1 -1 1 -1 1 -1 -1 -1 -1 1 1 1 1 -1 1 1 -1 -1 1 1 1 -1 1 -1 -1 1 1 -1 1 -1 1 1 -1 -1 -1 -1 1 1 -1 1 -1 1 1 -1 -1 -1 1 1 
-1 1 -1 1 1 1 -1 1 -1 1 -1 1 1 -1 -1 1 1 1 -1 1 1 -1 1 1 -1 -1 -1 -1 -1 -1 1 1 1 1 1 1 -1 1 1 -1 -1 1 1 1 -1 -1 -1 -1 1 -1 -1 1 -1 1 1 -1 -1 1 -1 1 -1 1 1 1 -1 1 -1 -1 1 -1 -1 1 1 1 1 -1 -1 1 -1 1 1 -1 -1 1 1 -1 1 -1 1 -1 1 1 1 -1 -1 -1 -1 1 -1 1 1 -1 -1 -1 -1 -1 1 1 1 1 1 1 -1 1 -1 1 1 1 1 -1 1 1 1 -1 1 -1 -1 -1 
-1 -1 -1 1 -1 -1 1 -1 -1 1 -1 -1 -1 1 1 1 -1 1 -1 1 -1 -1 1 1 -1 -1 1 -1 -1 -1 1 -1 1 -1 1 1 1 1 -1 1 -1 -1 1 1 -1 1 1 1 -1 1 -1 1 1 1 -1 1 1 -1 -1 1 1 -1 -1 -1 1 -1 1 -1 -1 1 1 1 -1 -1 -1 1 1 -1 -1 1 -1 -1 1 -1 1 1 1 -1 1 -1 -1 -1 1 1 -1 -1 1 1 1 -1 -1 1 1 1 1 1 1 1 -1 -1 -1 1 1 1 -1 1 1 -1 1 -1 -1 1 1 -1 1 -1 -1 1 
1 1 1 -1 -1 1 1 -1 -1 -1 1 1 1 -1 -1 1 1 -1 -1 1 -1 -1 1 -1 -1 1 -1 -1 -1 -1 -1 1 1 1 1 1 1 -1 1 1 1 1 -1 -1 -1 -1 1 1 -1 1 1 -1 -1 -1 -1 -1 1 1 1 -1 -1 -1 -1 -1 -1 1 1 1 1 1 -1 1 -1 1 1 -1 -1 1 -1 -1 -1 1 -1 1 -1 -1 1 -1 -1 1 -1 -1 -1 -1 -1 -1 -1 -1 -1 1 -1 1 1 -1 1 1 1 -1 -1 1 -1 1 -1 -1 -1 1 1 -1 1 1 1 1 -1 1 1 1 -1 1 
-1 1 1 -1 -1 1 -1 -1 -1 1 1 1 -1 -1 -1 -1 -1 1 1 1 -1 -1 -1 1 -1 -1 -1 -1 -1 -1 -1 1 -1 1 -1 -1 1 1 1 -1 1 1 1 1 -1 1 -1 -1 -1 1 1 -1 -1 -1 -1 1 -1 1 -1 -1 -1 -1 -1 1 -1 -1 1 1 1 -1 1 1 -1 1 1 1 -1 -1 1 -1 1 -1 1 -1 1 -1 1 1 1 -1 1 -1 -1 -1 -1 1 -1 1 -1 1 -1 1 -1 1 1 -1 1 1 -1 1 1 -1 -1 -1 1 1 -1 -1 -1 -1 1 1 1 -1 -1 1 -1 1 
1 1 1 -1 -1 -1 1 1 -1 1 1 -1 -1 -1 1 -1 1 -1 1 -1 1 1 1 -1 1 -1 1 -1 1 -1 -1 1 -1 -1 -1 -1 1 -1 1 1 -1 1 -1 1 1 -1 1 -1 1 1 1 1 1 -1 1 1 1 1 -1 1 -1 -1 1 1 -1 1 1 1 -1 1 1 1 1 1 -1 1 -1 1 -1 1 -1 1 -1 1 1 -1 1 1 -1 1 1 -1 -1 -1 1 -1 1 -1 -1 1 1 -1 -1 -1 -1 -1 1 1 1 1 1 -1 -1 -1 1 -1 1 1 1 -1 -1 1 -1 -1 -1 1 1 1 
-1 -1 -1 -1 1 -1 1 1 -1 -1 1 1 -1 -1 1 1 1 1 -1 1 1 1 -1 1 -1 -1 1 1 1 -1 -1 -1 -1 -1 -1 1 1 1 -1 1 1 1 1 1 1 -1 1 -1 1 -1 1 1 -1 1 -1 1 1 -1 1 -1 1 1 -1 -1 1 -1 -1 -1 1 -1 1 -1 -1 1 -1 1 -1 1 1 1 1 -1 1 1 -1 -1 -1 -1 1 1 -1 1 -1 -1 1 -1 1 1 1 1 1 -1 1 -1 1 1 1 1 1 1 -1 -1 1 1 1 -1 -1 -1 1 1 -1 -1 1 1 1 -1 1 1 
1 -1 -1 -1 1 -1 -1 -1 1 1 -1 -1 -1 -1 -1 -1 -1 1 -1 1 1 -1 -1 -1 1 -1 -1 1 -1 -1 -1 -1 -1 -1 -1 -1 -1 1 -1 -1 -1 -1 1 1 1 1 -1 1 -1 -1 1 -1 1 1 1 -1 1 1 1 -1 -1 -1 -1 -1 1 -1 -1 1 -1 -1 -1 -1 -1 1 1 -1 -1 -1 -1 -1 1 -1 -1 -1 -1 -1 1 -1 1 -1 -1 -1 1 1 1 1 1 1 -1 -1 1 -1 -1 1 1 -1 1 1 -1 -1 -1 1 1 -1 -1 1 -1 1 -1 -1 -1 1 -1 1 1 -1 -1 1 
1 -1 1 1 1 1 -1 -1 1 -1 1 1 1 1 -1 -1 -1 -1 1 -1 1 -1 -1 -1 1 -1 1 -1 1 -1 -1 1 1 1 1 1 1 1 -1 -1 -1 1 1 1 -1 1 1 -1 1 1 -1 1 -1 1 1 -1 1 -1 -1 -1 -1 -1 -1 1 -1 -1 -1 1 -1 1 -1 1 1 1 -1 -1 1 -1 -1 1 1 1 1 1 -1 1 1 1 1 1 1 1 -1 1 -1 -1 -1 -1 -1 1 -1 -1 1 -1 -1 1 -1 1 -1 1 -1 1 1 -1 -1 1 -1 1 -1 -1 1 1 -1 1 1 1 -1 -1 
-1 -1 -1 1 -1 1 -1 1 1 1 1 1 -1 -1 1 1 -1 1 1 1 1 -1 -1 1 1 -1 -1 1 -1 1 -1 1 -1 1 -1 1 1 1 1 1 -1 1 -1 -1 1 1 1 1 1 -1 1 -1 1 1 1 1 -1 1 1 1 -1 -1 -1 1 -1 -1 1 1 1 -1 1 -1 1 -1 1 -1 -1 1 -1 -1 -1 -1 1 1 -1 -1 1 1 -1 -1 1 -1 1 -1 -1 1 1 -1 -1 -1 -1 1 1 -1 1 1 1 1 1 -1 1 -1 1 -1 1 -1 -1 -1 -1 -1 -1 1 1 1 -1 1 -1 1 
-1 1 1 -1 -1 1 1 1 1 1 -1 1 1 -1 -1 -1 1 1 1 -1 -1 -1 1 1 -1 1 1 1 -1 1 1 -1 -1 -1 -1 1 -1 1 1 1 1 1 1 1 1 1 -1 1 -1 1 1 -1 1 1 1 1 1 1 1 1 1 1 1 -1 1 1 1 -1 1 -1 1 -1 1 -1 1 1 -1 -1 -1 1 1 -1 1 -1 1 1 1 -1 1 1 1 1 1 1 1 1 1 1 1 -1 -1 1 1 -1 -1 -1 1 1 -1 -1 -1 1 -1 1 1 1 -1 -1 1 1 1 -1 -1 1 1 -1 -1 1 
-1 1 1 -1 1 1 -1 1 1 -1 1 1 1 -1 1 -1 -1 1 1 1 1 1 -1 1 -1 1 1 1 1 -1 -1 1 1 1 1 -1 1 -1 -1 1 1 1 -1 -1 -1 -1 1 -1 -1 -1 -1 -1 1 -1 -1 -1 1 1 1 1 1 -1 -1 -1 1 -1 1 1 1 1 1 -1 1 -1 1 1 -1 -1 1 -1 -1 1 -1 1 1 -1 1 -1 1 1 -1 1 -1 -1 -1 -1 1 1 -1 1 1 -1 -1 -1 1 1 -1 -1 1 1 1 1 -1 1 1 1 -1 -1 1 1 -1 1 1 1 -1 1 -1 -1 
1 -1 -1 -1 1 -1 -1 1 -1 1 -1 1 1 1 -1 1 1 -1 -1 1 -1 -1 -1 1 1 -1 -1 1 -1 -1 1 1 1 -1 -1 -1 1 1 -1 1 -1 1 -1 -1 -1 -1 -1 1 -1 1 1 1 1 -1 1 1 -1 -1 1 -1 -1 -1 -1 1 -1 1 -1 1 -1 -1 1 1 -1 1 1 -1 -1 1 1 1 -1 -1 1 1 -1 -1 1 1 1 -1 1 1 -1 -1 1 1 1 -1 1 -1 1 1 1 1 1 -1 1 1 1 1 -1 -1 1 -1 1 -1 1 -1 -1 1 1 1 1 -1 -1 -1 1 -1 
1 1 -1 -1 1 -1 1 1 1 1 1 1 -1 -1 1 -1 1 -1 1 1 1 -1 1 -1 -1 -1 -1 -1 1 -1 -1 -1 1 1 -1 -1 1 -1 -1 -1 1 -1 1 1 1 -1 -1 1 -1 1 1 -1 -1 -1 -1 1 -1 -1 -1 -1 -1 1 -1 1 1 1 1 -1 -1 -1 1 1 1 1 1 -1 -1 1 1 1 -1 -1 -1 -1 1 -1 1 -1 1 1 1 1 -1 -1 -1 1 -1 -1 1 1 1 1 1 -1 -1 1 1 -1 -1 -1 1 1 1 -1 -1 -1 1 1 -1 -1 -1 1 1 -1 1 1 1 1 
-1 -1 1 -1 -1 1 -1 1 -1 -1 1 1 1 -1 1 -1 1 -1 1 -1 -1 -1 1 -1 -1 1 -1 -1 1 1 -1 -1 1 -1 -1 -1 1 -1 -1 -1 1 -1 1 -1 -1 1 -1 1 -1 1 1 1 1 1 -1 1 -1 1 -1 -1 -1 -1 1 -1 -1 1 -1 1 1 1 1 -1 -1 -1 -1 1 -1 1 1 1 1 -1 -1 -1 -1 1 -1 1 1 -1 -1 -1 1 1 1 1 1 1 -1 1 -1 -1 1 -1 1 -1 -1 -1 -1 -1 1 1 -1 1 -1 1 -1 -1 -1 1 1 1 1 -1 -1 1 -1 -1 
1 1 -1 1 -1 -1 -1 -1 1 -1 1 1 1 -1 1 1 1 -1 -1 1 1 1 -1 1 -1 1 1 -1 -1 1 -1 1 1 -1 -1 -1 -1 1 -1 1 1 1 -1 1 -1 1 1 1 -1 -1 1 1 1 1 -1 -1 -1 1 1 1 1 -1 -1 1 -1 -1 -1 -1 1 -1 -1 1 -1 -1 -1 -1 -1 -1 -1 -1 1 -1 -1 -1 -1 1 1 -1 1 -1 -1 -1 1 -1 -1 1 1 -1 -1 -1 1 1 1 1 -1 -1 1 1 1 -1 1 1 1 -1 -1 -1 1 1 1 1 1 1 -1 -1 -1 1 1 -1 
1 1 1 -1 1 1 -1 1 1 -1 -1 1 1 -1 -1 -1 1 1 -1 1 1 -1 -1 1 1 1 -1 1 -1 1 1 1 -1 -1 1 -1 1 1 1 1 -1 1 -1 1 -1 1 1 1 -1 1 -1 1 -1 -1 1 -1 1 -1 1 1 1 1 -1 -1 1 -1 1 1 -1 1 1 -1 -1 -1 -1 -1 1 1 1 -1 -1 -1 -1 1 1 1 -1 -1 1 -1 1 -1 1 -1 1 1 1 1 -1 -1 -1 1 -1 -1 -1 -1 1 -1 1 1 1 1 -1 1 -1 -1 -1 -1 -1 1 -1 1 -1 1 -1 -1 -1 -1 
-1 1 -1 1 -1 -1 -1 1 -1 1 -1 1 1 -1 1 -1 -1 1 -1 -1 -1 1 -1 1 -1 1 -1 1 -1 1 -1 -1 1 -1 -1 1 -1 1 1 1 1 -1 -1 1 -1 -1 1 -1 1 1 -1 -1 1 -1 -1 1 -1 1 -1 -1 1 -1 -1 1 -1 1 1 1 -1 1 1 1 1 1 1 -1 -1 1 1 -1 -1 -1 1 -1 -1 1 -1 1 1 -1 1 1 1 1 1 -1 -1 1 -1 -1 -1 -1 1 -1 1 1 1 1 -1 1 -1 -1 -1 1 1 1 -1 -1 -1 -1 -1 1 -1 1 1 -1 -1 1 
1 -1 -1 1 -1 -1 -1 -1 1 -1 -1 1 -1 1 1 -1 1 -1 -1 1 1 1 -1 1 -1 1 -1 1 -1 -1 1 -1 1 -1 -1 -1 -1 -1 1 1 -1 -1 -1 -1 -1 1 -1 1 -1 1 -1 1 -1 -1 -1 1 1 -1 1 -1 1 -1 1 -1 -1 -1 -1 1 1 -1 1 -1 1 1 1 1 1 -1 -1 -1 1 -1 -1 1 1 1 -1 1 1 1 1 -1 1 1 1 -1 -1 -1 -1 -1 -1 1 1 1 -1 1 -1 -1 -1 -1 1 1 1 -1 1 1 -1 1 1 -1 1 -1 -1 -1 -1 1 1 -1 
-1 -1 -1 1 -1 1 -1 -1 -1 1 -1 1 1 1 -1 1 1 -1 1 -1 -1 1 -1 -1 1 -1 -1 1 1 -1 -1 1 1 1 -1 1 1 -1 1 -1 1 1 1 -1 -1 -1 1 1 -1 1 1 1 -1 1 1 1 -1 -1 -1 -1 -1 1 1 -1 1 -1 1 1 1 1 1 1 -1 -1 -1 -1 1 -1 -1 1 1 -1 1 -1 1 1 -1 -1 1 1 -1 -1 1 -1 1 1 -1 1 1 -1 -1 -1 1 1 -1 -1 1 1 1 -1 1 1 -1 1 1 -1 1 -1 -1 -1 -1 1 1 -1 -1 -1 1 -1 
1 1 1 1 -1 -1 1 1 1 1 1 1 -1 -1 -1 -1 -1 -1 1 1 1 -1 -1 1 -1 1 -1 1 1 -1 -1 1 -1 -1 -1 1 1 1 -1 -1 1 -1 -1 1 -1 1 -1 -1 -1 1 1 -1 -1 1 -1 1 1 1 -1 1 -1 -1 1 1 1 -1 -1 -1 1 -1 1 -1 1 1 -1 1 -1 1 1 -1 1 -1 -1 -1 1 -1 -1 -1 1 -1 1 1 -1 -1 -1 -1 -1 1 -1 1 -1 -1 1 -1 1 1 -1 -1 1 -1 1 1 -1 -1 1 -1 -1 1 1 -1 -1 1 -1 1 -1 -1 1 -1 
1 -1 -1 -1 -1 1 1 1 -1 1 1 1 1 -1 -1 1 -1 1 1 1 -1 1 -1 -1 1 -1 1 -1 -1 -1 -1 -1 1 -1 1 -1 1 -1 -1 1 -1 1 1 1 -1 -1 -1 1 -1 -1 1 1 -1 -1 -1 1 -1 -1 1 1 -1 1 -1 -1 1 -1 -1 -1 -1 1 -1 1 1 1 -1 1 1 -1 1 1 -1 1 1 1 1 -1 1 -1 -1 1 -1 1 1 -1 -1 -1 -1 -1 1 1 -1 1 -1 1 -1 1 1 1 -1 1 1 -1 1 1 -1 1 -1 -1 -1 1 -1 1 1 -1 1 1 -1 1 
1 1 1 1 1 -1 -1 -1 -1 1 -1 1 -1 1 1 1 -1 1 1 -1 1 -1 1 1 1 -1 1 -1 -1 1 -1 -1 -1 -1 1 1 -1 -1 1 -1 -1 -1 1 1 1 -1 -1 -1 1 1 -1 1 -1 1 1 -1 -1 1 -1 1 -1 -1 -1 1 -1 1 1 1 1 -1 1 1 -1 1 -1 1 1 1 1 1 -1 -1 -1 1 1 1 -1 -1 -1 1 1 1 -1 1 -1 -1 -1 -1 -1 -1 -1 -1 1 1 1 -1 1 -1 -1 1 1 -1 -1 -1 -1 1 1 1 -1 -1 1 1 1 -1 1 -1 -1 -1 
1 -1 1 -1 1 -1 -1 -1 1 1 1 -1 -1 -1 1 1 1 1 1 1 -1 1 1 1 1 1 1 -1 1 -1 -1 1 -1 1 -1 1 1 1 1 -1 1 1 1 -1 1 -1 -1 1 1 -1 1 -1 1 1 -1 -1 -1 1 1 1 1 1 -1 -1 -1 -1 -1 -1 -1 -1 1 1 -1 1 -1 -1 -1 -1 -1 -1 1 1 1 -1 -1 -1 -1 1 1 -1 1 1 -1 1 1 -1 1 -1 -1 1 -1 -1 -1 -1 -1 1 -1 1 1 1 1 -1 1 1 -1 1 -1 -1 1 1 1 1 1 1 1 -1 -1 -1 
1 1 1 1 -1 1 -1 -1 1 -1 1 1 1 1 1 1 -1 1 1 -1 1 1 1 1 1 1 -1 -1 1 -1 -1 1 -1 -1 1 1 -1 1 1 -1 -1 1 -1 1 1 -1 1 -1 -1 -1 1 -1 -1 1 -1 -1 1 -1 -1 -1 1 1 1 1 -1 1 1 -1 -1 1 -1 1 1 -1 1 1 1 1 1 -1 1 1 -1 -1 1 -1 1 1 1 -1 1 1 1 1 -1 1 1 1 1 -1 1 -1 -1 1 1 1 -1 1 1 1 1 -1 -1 -1 -1 -1 1 -1 1 -1 1 -1 1 -1 -1 -1 -1 -1 
-1 1 -1 1 -1 -1 -1 1 -1 -1 -1 -1 1 -1 -1 1 1 -1 1 -1 1 -1 -1 -1 -1 -1 1 1 -1 1 -1 -1 1 -1 -1 1 -1 -1 -1 -1 -1 -1 -1 1 -1 -1 1 -1 1 1 1 -1 1 1 -1 1 1 -1 -1 1 -1 1 -1 1 -1 -1 -1 1 1 1 1 1 1 -1 1 -1 -1 -1 -1 -1 1 -1 1 -1 -1 1 -1 -1 -1 -1 1 -1 -1 1 -1 -1 1 1 -1 1 1 -1 1 -1 1 1 -1 -1 1 -1 -1 1 -1 1 -1 1 -1 1 1 -1 1 1 1 -1 -1 -1 -1 -1 
-1 -1 -1 -1 1 -1 -1 -1 -1 -1 -1 -1 1 -1 -1 -1 -1 -1 1 -1 -1 1 1 1 1 -1 1 -1 1 1 1 1 -1 1 1 -1 -1 -1 1 -1 1 -1 1 1 1 -1 -1 1 -1 1 1 -1 -1 1 1 -1 -1 1 -1 -1 1 1 1 -1 1 1 1 1 1 -1 -1 1 -1 1 1 1 -1 1 -1 -1 1 1 1 -1 1 1 -1 1 -1 1 1 -1 1 -1 -1 1 -1 -1 1 -1 1 -1 1 1 -1 1 1 -1 1 1 -1 1 -1 -1 1 -1 1 1 -1 1 1 -1 -1 -1 -1 1 -1 1 
-1 1 1 -1 1 1 -1 -1 1 -1 1 1 -1 -1 1 -1 -1 1 1 1 -1 -1 -1 -1 1 -1 -1 -1 1 1 -1 1 -1 -1 -1 -1 -1 1 1 -1 -1 -1 1 1 -1 -1 -1 1 -1 -1 -1 1 -1 1 1 1 -1 1 -1 -1 1 1 1 -1 1 1 -1 1 -1 -1 1 -1 1 1 1 -1 1 -1 1 -1 1 1 -1 -1 1 -1 1 1 -1 1 -1 1 -1 -1 -1 1 1 -1 1 1 -1 1 1 1 1 1 -1 1 -1 1 1 1 1 -1 1 -1 1 -1 1 -1 1 1 -1 -1 -1 -1 -1 1 
-1 -1 1 1 1 -1 1 1 -1 1 -1 -1 -1 1 -1 -1 -1 1 -1 1 -1 1 1 1 1 -1 -1 1 -1 -1 1 -1 -1 1 1 1 -1 -1 -1 -1 1 1 -1 1 -1 1 -1 1 -1 1 1 -1 1 -1 1 -1 1 -1 1 1 -1 1 -1 -1 -1 1 -1 1 -1 -1 -1 -1 1 -1 1 1 -1 -1 1 1 1 1 1 1 1 1 -1 1 1 -1 1 1 -1 1 1 1 -1 1 -1 1 1 -1 -1 -1 1 -1 -1 -1 1 -1 -1 1 1 1 1 -1 1 1 1 -1 1 -1 -1 -1 1 -1 1 1 
1 1 -1 -1 1 -1 -1 1 1 1 -1 1 -1 1 -1 1 1 -1 -1 -1 1 -1 -1 1 -1 -1 -1 -1 -1 -1 1 1 1 -1 -1 1 -1 -1 1 -1 -1 -1 -1 1 1 -1 -1 1 1 1 -1 -1 1 -1 -1 -1 1 -1 1 1 1 1 -1 1 1 1 -1 1 1 -1 -1 -1 -1 -1 1 1 1 -1 -1 1 1 -1 1 1 1 1 1 1 1 -1 1 -1 -1 1 -1 1 -1 1 -1 1 -1 1 1 -1 -1 1 -1 1 1 -1 1 1 -1 -1 -1 -1 -1 1 -1 1 1 -1 -1 1 1 1 1 1 
1 1 -1 -1 -1 1 -1 1 1 1 1 -1 1 -1 -1 1 -1 -1 1 1 -1 1 1 1 1 -1 1 -1 1 -1 -1 -1 1 -1 1 -1 -1 1 1 -1 1 -1 -1 1 -1 -1 -1 -1 1 -1 -1 -1 -1 1 -1 1 -1 1 1 1 -1 -1 1 -1 -1 1 -1 1 1 1 1 -1 1 1 1 1 -1 1 1 1 -1 -1 -1 1 1 -1 -1 1 -1 1 1 -1 -1 1 1 -1 -1 1 1 -1 -1 1 1 1 1 -1 1 1 1 -1 1 -1 -1 1 -1 1 -1 1 -1 -1 -1 1 -1 1 1 -1 -1 -1 
-1 -1 1 1 -1 1 -1 -1 1 -1 1 1 1 -1 -1 -1 -1 -1 1 -1 1 1 -1 1 1 -1 -1 -1 -1 1 1 -1 -1 1 1 -1 1 -1 1 1 1 1 1 1 -1 1 1 -1 1 1 -1 1 1 -1 1 -1 1 -1 -1 -1 -1 -1 1 -1 1 -1 1 1 -1 -1 1 -1 1 -1 -1 -1 -1 1 -1 1 -1 1 1 1 1 -1 1 -1 -1 1 1 -1 -1 -1 1 1 -1 -1 -1 1 1 1 1 -1 1 1 -1 -1 -1 -1 1 -1 -1 -1 -1 -1 -1 1 -1 -1 -1 -1 1 -1 -1 -1 -1 -1 
-1 -1 1 -1 1 1 1 -1 -1 -1 -1 -1 1 1 1 1 -1 1 -1 -1 1 -1 -1 1 -1 -1 -1 -1 -1 1 -1 1 1 1 -1 -1 1 -1 1 1 -1 1 1 1 -1 -1 -1 -1 -1 -1 -1 1 -1 1 -1 -1 -1 -1 -1 -1 1 -1 1 1 -1 1 -1 1 -1 1 1 -1 1 1 -1 1 -1 1 1 1 -1 -1 1 1 -1 -1 -1 1 -1 1 -1 1 1 1 1 -1 1 1 1 1 1 1 1 -1 -1 1 -1 1 1 1 1 -1 -1 -1 -1 -1 1 -1 1 -1 -1 -1 -1 1 1 -1 1 -1 
1 -1 -1 -1 1 -1 -1 -1 1 -1 1 -1 -1 -1 -1 1 1 -1 1 1 -1 -1 1 -1 1 1 1 -1 -1 -1 1 1 -1 -1 -1 -1 1 -1 -1 1 -1 1 1 -1 1 1 1 -1 -1 -1 -1 -1 -1 -1 1 1 1 -1 -1 1 1 -1 1 -1 -1 1 1 -1 1 -1 1 1 -1 -1 1 1 -1 -1 1 1 1 1 -1 -1 -1 1 1 -1 1 1 -1 1 1 1 1 -1 1 1 1 -1 -1 -1 -1 1 1 1 1 1 -1 -1 -1 -1 1 -1 -1 1 1 -1 1 -1 1 1 -1 -1 1 -1 1 -1 
1 1 -1 -1 1 -1 1 1 -1 1 -1 -1 -1 -1 1 1 1 -1 -1 1 1 1 1 -1 1 -1 -1 1 1 -1 1 1 -1 1 1 -1 -1 -1 -1 1 -1 -1 1 -1 -1 1 1 1 -1 1 -1 -1 1 1 1 -1 -1 1 1 1 1 1 -1 1 -1 -1 1 -1 1 1 1 1 -1 1 -1 -1 -1 -1 -1 -1 1 -1 -1 -1 1 1 1 1 -1 -1 1 1 -1 1 -1 -1 1 -1 -1 1 -1 1 -1 -1 -1 1 1 -1 -1 -1 -1 1 1 -1 -1 1 1 -1 -1 -1 -1 1 1 1 -1 1 1 1 
1 1 -1 -1 1 -1 1 1 1 -1 -1 1 1 1 1 1 -1 1 -1 -1 -1 -1 -1 1 -1 1 -1 1 1 1 1 -1 1 -1 1 -1 -1 1 -1 1 -1 -1 1 -1 1 -1 1 1 -1 1 1 1 1 1 -1 -1 1 -1 1 -1 -1 1 -1 1 -1 1 1 1 1 1 1 -1 1 1 -1 -1 -1 -1 -1 1 1 -1 -1 -1 1 -1 -1 -1 1 1 -1 -1 1 -1 1 1 -1 1 -1 1 -1 1 -1 1 -1 -1 1 -1 1 -1 -1 -1 -1 1 -1 -1 1 1 1 1 -1 -1 1 1 -1 -1 1 -1 
1 1 -1 -1 -1 1 1 -1 1 -1 1 -1 1 -1 1 1 1 1 -1 -1 1 -1 -1 -1 -1 -1 1 -1 -1 1 -1 -1 -1 1 1 1 -1 -1 -1 1 -1 -1 1 1 1 1 1 -1 -1 -1 -1 -1 1 1 1 -1 1 1 -1 1 -1 1 -1 -1 1 -1 1 -1 -1 1 1 1 1 -1 1 1 -1 1 -1 -1 -1 -1 1 1 1 -1 -1 1 1 1 1 -1 -1 -1 -1 1 1 1 1 -1 -1 -1 -1 -1 1 1 1 -1 -1 -1 -1 -1 -1 -1 1 -1 -1 -1 -1 -1 -1 -1 1 -1 1 1 1 -1 
-1 -1 1 -1 1 -1 1 -1 1 -1 -1 1 1 1 -1 1 1 -1 -1 1 -1 -1 -1 1 -1 -1 -1 1 -1 1 1 1 -1 1 -1 1 -1 1 -1 1 1 -1 1 1 1 -1 1 1 -1 1 -1 -1 -1 -1 1 -1 1 1 -1 1 -1 1 -1 -1 1 -1 1 -1 -1 1 1 1 -1 1 1 1 1 -1 -1 1 1 1 1 -1 -1 1 1 -1 1 1 -1 -1 1 -1 -1 1 1 -1 -1 1 1 1 -1 1 -1 -1 -1 -1 1 -1 -1 1 1 -1 -1 1 -1 -1 -1 1 1 -1 -1 -1 1 -1 1 -1 
-1 -1 1 1 -1 1 -1 1 1 -1 1 -1 1 1 1 -1 1 1 1 -1 1 -1 -1 1 1 -1 1 1 -1 1 1 -1 1 -1 1 1 -1 1 -1 1 -1 -1 1 -1 1 -1 -1 1 -1 1 -1 1 -1 -1 1 1 -1 -1 -1 1 1 -1 1 1 -1 -1 -1 1 1 1 -1 -1 1 -1 1 -1 -1 -1 1 1 1 1 -1 1 -1 -1 -1 -1 -1 -1 1 1 -1 1 -1 -1 -1 1 -1 -1 1 -1 1 -1 1 1 1 -1 -1 -1 1 1 1 1 -1 -1 1 1 1 -1 1 -1 -1 1 -1 1 -1 -1 
1 1 1 -1 1 -1 1 1 1 1 1 -1 1 1 -1 -1 -1 1 1 1 -1 1 1 -1 -1 1 -1 -1 1 -1 -1 1 1 -1 1 1 -1 -1 -1 -1 -1 -1 -1 1 1 1 1 -1 1 1 -1 -1 1 1 -1 -1 -1 -1 -1 1 1 -1 -1 -1 -1 1 -1 -1 -1 -1 -1 1 -1 -1 1 -1 -1 -1 1 1 -1 -1 -1 1 -1 1 1 -1 -1 -1 -1 1 -1 1 -1 -1 1 -1 1 -1 1 -1 -1 1 1 -1 1 1 1 1 -1 -1 -1 1 -1 -1 1 1 -1 -1 -1 -1 1 -1 1 -1 -1 1 
-1 1 1 1 1 1 -1 1 -1 1 -1 1 -1 1 1 -1 -1 -1 1 1 -1 -1 1 -1 1 -1 -1 -1 1 1 1 -1 1 1 1 1 1 -1 1 1 -1 1 1 -1 1 1 -1 1 1 -1 -1 1 -1 1 -1 -1 1 -1 -1 -1 1 -1 -1 -1 1 -1 -1 -1 1 -1 1 -1 1 -1 -1 -1 -1 1 -1 1 1 1 -1 1 1 -1 -1 -1 1 1 -1 -1 -1 1 -1 -1 1 -1 1 -1 -1 1 1 1 -1 1 1 -1 -1 -1 1 1 -1 1 -1 -1 1 -1 1 -1 1 -1 -1 1 -1 1 1 1 
1 -1 -1 1 -1 -1 1 -1 -1 1 1 1 -1 -1 -1 -1 -1 -1 -1 1 -1 1 -1 1 1 -1 1 -1 1 -1 1 -1 1 -1 -1 -1 1 -1 1 1 -1 -1 -1 1 -1 1 1 1 1 1 -1 -1 -1 1 -1 1 1 -1 1 -1 -1 1 1 -1 1 1 1 1 -1 1 1 -1 1 -1 1 -1 -1 -1 1 -1 -1 1 -1 -1 1 -1 -1 -1 1 1 1 -1 1 1 1 -1 -1 -1 -1 1 -1 1 -1 -1 1 -1 -1 1 -1 -1 -1 -1 -1 1 -1 1 -1 -1 -1 1 -1 1 -1 -1 1 1 -1 -1 
1 1 1 1 1 -1 1 1 -1 -1 1 -1 -1 1 -1 1 -1 1 1 1 -1 1 -1 -1 -1 1 -1 -1 -1 1 1 -1 -1 -1 -1 -1 -1 -1 -1 1 -1 1 1 -1 1 1 1 1 -1 -1 -1 -1 -1 -1 1 1 1 -1 1 -1 -1 1 -1 -1 -1 1 -1 1 -1 -1 1 -1 1 -1 1 -1 1 1 -1 1 -1 1 1 -1 -1 -1 1 -1 1 -1 1 -1 1 1 -1 -1 1 -1 -1 -1 1 1 1 1 1 1 1 1 -1 -1 -1 1 -1 -1 -1 1 1 -1 1 -1 1 -1 -1 1 -1 1 1 1 
-1 1 1 1 1 1 -1 -1 -1 -1 1 -1 1 -1 -1 -1 -1 1 1 -1 -1 -1 1 1 -1 -1 1 -1 -1 -1 1 -1 1 1 -1 -1 1 1 1 1 1 1 -1 -1 -1 -1 1 1 -1 1 1 -1 1 1 1 1 1 1 -1 1 -1 -1 -1 -1 1 1 -1 1 1 -1 -1 -1 -1 1 -1 1 1 -1 1 1 1 1 1 1 -1 1 1 1 -1 1 1 1 1 1 1 1 -1 1 1 1 1 1 -1 1 -1 1 -1 -1 1 -1 -1 1 1 -1 -1 -1 -1 -1 -1 1 -1 -1 1 1 -1 -1 -1 -1 
1 -1 -1 1 1 -1 1 1 1 1 1 -1 1 -1 1 1 1 1 -1 -1 -1 1 -1 -1 1 -1 -1 -1 1 1 1 -1 -1 -1 1 1 -1 1 -1 1 1 -1 1 1 1 1 1 -1 -1 -1 1 -1 -1 -1 1 -1 -1 -1 -1 1 1 -1 -1 -1 -1 -1 1 -1 1 -1 1 -1 1 1 1 -1 1 1 1 1 1 -1 1 -1 1 -1 -1 1 -1 1 1 1 1 -1 -1 -1 -1 1 -1 1 1 1 1 1 -1 -1 -1 -1 -1 1 -1 -1 1 1 1 -1 -1 1 -1 -1 -1 1 -1 1 -1 1 1 -1 
1 1 -1 1 1 1 1 1 1 -1 -1 1 -1 -1 -1 1 1 -1 -1 -1 -1 1 -1 1 1 1 1 1 1 1 1 1 -1 -1 1 -1 1 -1 -1 -1 1 -1 -1 -1 1 -1 -1 -1 -1 -1 -1 1 1 -1 1 -1 -1 1 -1 1 1 -1 1 -1 1 1 1 1 1 1 1 1 1 -1 -1 1 1 -1 -1 -1 -1 1 -1 -1 1 1 1 1 1 1 -1 -1 -1 -1 1 1 -1 -1 1 -1 -1 1 -1 -1 -1 -1 -1 1 1 -1 1 -1 1 1 -1 -1 1 -1 1 -1 1 1 1 1 -1 -1 -1 -1 
-1 -1 -1 1 -1 1 -1 -1 1 -1 -1 1 1 -1 -1 1 -1 -1 -1 1 1 -1 1 1 1 -1 1 -1 -1 -1 1 1 -1 1 1 -1 -1 1 -1 -1 -1 -1 -1 1 -1 -1 -1 -1 -1 -1 1 -1 -1 1 -1 1 -1 -1 1 1 1 1 1 1 -1 -1 -1 -1 1 -1 -1 -1 -1 -1 -1 1 -1 -1 -1 1 1 1 -1 -1 1 1 1 -1 1 -1 -1 1 -1 -1 -1 1 -1 -1 -1 1 1 1 -1 -1 -1 -1 1 1 1 -1 1 1 -1 -1 1 1 -1 1 -1 1 -1 -1 -1 -1 -1 1 1 1 
-1 -1 1 1 -1 -1 1 -1 -1 1 1 -1 -1 -1 -1 -1 -1 1 1 1 -1 1 -1 -1 1 1 -1 -1 -1 1 1 1 -1 -1 1 1 -1 -1 1 -1 -1 1 1 1 -1 1 -1 1 -1 1 1 -1 1 1 1 1 1 -1 -1 1 -1 -1 -1 -1 1 1 1 1 -1 1 -1 1 1 -1 1 -1 -1 -1 -1 -1 -1 1 1 1 -1 -1 1 1 -1 1 -1 1 1 1 -1 -1 1 -1 -1 1 -1 -1 -1 -1 1 -1 -1 1 -1 -1 -1 -1 1 -1 1 -1 1 -1 1 1 1 -1 1 -1 1 1 1 -1 
1 -1 1 1 -1 -1 -1 -1 -1 -1 -1 1 -1 -1 -1 1 1 1 -1 1 -1 1 1 1 -1 -1 1 1 1 1 -1 -1 -1 1 1 1 1 1 -1 1 -1 -1 -1 -1 1 1 1 1 -1 1 -1 -1 -1 1 -1 -1 1 -1 1 -1 1 1 1 -1 -1 1 1 -1 1 1 1 1 -1 -1 -1 -1 -1 -1 1 -1 -1 -1 -1 1 1 -1 -1 -1 -1 -1 1 1 -1 1 -1 -1 1 1 1 -1 -1 -1 -1 -1 -1 -1 1 1 -1 -1 1 1 1 1 1 1 -1 -1 1 -1 1 -1 1 -1 1 1 -1 1 
1 -1 1 -1 -1 -1 -1 1 -1 1 1 1 1 1 1 -1 -1 1 1 1 -1 1 -1 1 1 -1 1 -1 1 -1 -1 -1 1 1 -1 -1 -1 1 1 1 -1 -1 1 -1 -1 1 -1 1 -1 -1 -1 1 -1 1 1 -1 -1 -1 1 1 1 -1 1 1 1 -1 1 1 -1 -1 -1 1 -1 1 1 1 -1 -1 1 -1 1 1 1 1 1 1 -1 1 1 -1 -1 1 -1 -1 -1 1 -1 -1 -1 1 -1 -1 -1 -1 1 1 1 1 -1 -1 -1 -1 1 -1 -1 -1 -1 1 1 -1 1 -1 -1 -1 1 -1 1 -1 