64
2 21 74 66 5 61 43 18 88 18 15 44 43 99 35 52 17 44 1 38 98 42 31 69 27 32 58 6 89 15 78 64 78 100 44 99 55 30 84 64 35 82 87 29 39 56 22 51 87 26 90 65 54 5 19 45 89 86 18 39 92 52 44 74 
26 39 25 85 94 34 29 76 77 11 41 73 33 87 73 91 37 60 66 52 30 65 52 26 76 46 68 79 19 85 24 13 7 46 29 55 5 63 24 28 85 63 85 84 59 8 49 79 36 19 58 3 5 82 91 25 13 56 27 54 87 4 98 75 
89 92 14 62 96 75 8 71 30 77 78 47 36 43 94 52 44 76 18 15 32 34 59 56 45 71 29 55 48 58 47 42 66 13 30 24 85 96 44 67 40 16 74 59 4 53 30 69 39 78 29 44 34 54 43 69 24 48 47 83 79 22 53 3 
59 55 60 75 58 40 2 37 21 61 66 16 56 52 8 76 51 54 86 62 81 87 18 10 73 90 80 67 56 14 45 77 94 36 79 90 37 97 36 35 14 8 43 64 57 61 72 32 29 74 28 28 83 99 3 76 24 70 71 69 3 53 90 78 
86 61 20 93 79 97 58 28 68 7 81 65 58 77 46 3 1 33 16 54 98 3 22 82 75 73 92 65 98 84 69 86 11 82 36 52 4 1 36 16 44 89 35 38 83 93 49 72 49 87 25 29 33 91 94 28 97 43 32 64 90 30 88 53 
39 81 46 85 7 15 95 24 42 19 45 51 7 51 14 95 77 17 76 43 33 21 40 31 9 7 89 95 40 42 90 85 42 67 76 18 81 61 31 14 63 74 41 66 63 68 95 83 21 8 88 81 81 17 39 61 66 47 8 85 28 8 78 54 
95 84 80 6 45 33 31 26 6 82 34 40 3 30 7 53 53 61 72 63 85 87 42 15 27 12 15 22 68 5 29 9 96 87 74 65 54 72 78 41 16 34 59 59 14 37 31 5 54 74 20 73 40 32 92 99 62 63 59 65 33 40 9 2 
59 17 54 63 72 61 24 73 98 62 87 17 67 30 4 38 60 95 6 3 78 4 53 85 29 58 40 55 97 88 78 99 61 37 9 25 60 13 16 1 94 77 77 83 36 25 81 78 82 69 79 57 2 44 66 54 8 83 81 71 36 43 80 83 
31 21 90 88 60 49 74 10 67 80 43 22 77 70 49 59 20 13 53 86 64 92 39 41 32 2 1 75 21 48 90 60 9 96 13 90 48 67 7 28 79 26 29 71 2 74 30 78 13 72 98 12 45 82 40 21 31 29 98 88 47 57 52 10 
17 48 32 56 81 47 18 62 19 1 52 54 86 16 86 40 16 16 80 84 42 37 56 26 95 87 38 90 60 38 77 80 76 59 81 80 16 94 18 18 80 90 25 6 75 73 21 24 51 89 31 71 24 20 17 31 77 42 18 87 97 68 92 97 
63 13 6 10 55 42 39 69 10 51 22 35 53 35 22 26 97 1 46 33 35 35 13 55 11 24 16 94 100 68 89 70 10 37 94 43 57 27 67 81 72 100 91 68 47 65 16 49 33 37 84 72 16 51 97 46 21 98 32 30 91 16 90 99 
30 32 68 43 99 20 69 46 88 16 75 54 5 48 30 3 61 10 62 72 39 35 62 22 75 55 74 39 65 83 70 44 43 85 5 60 18 99 25 2 25 2 69 59 86 94 21 3 40 70 73 27 25 56 11 62 4 55 76 65 68 71 35 11 
26 5 32 84 53 37 19 5 41 49 93 3 46 79 4 31 49 46 94 34 80 9 66 52 91 93 3 60 5 7 53 6 78 53 28 95 78 54 17 4 30 71 14 23 55 5 64 27 56 38 52 66 18 61 11 59 77 36 19 50 94 42 37 10 
16 77 80 71 15 41 2 24 46 24 58 97 3 75 45 34 62 34 16 23 51 11 44 21 15 11 15 4 15 25 55 56 35 61 88 31 1 92 67 69 46 31 48 82 71 100 13 45 6 97 65 74 26 77 8 64 44 10 75 73 69 21 33 35 
48 62 58 11 94 94 53 10 3 73 80 21 78 29 31 7 60 81 48 14 40 54 27 80 83 26 68 79 67 93 39 89 67 42 28 16 53 44 5 9 27 5 30 57 22 33 100 1 42 59 17 2 28 5 69 98 27 17 58 42 22 26 40 73 
66 7 49 83 81 11 70 85 63 100 74 89 3 84 61 37 48 34 93 81 14 74 73 67 56 29 84 32 4 2 84 10 40 88 68 55 20 23 4 78 52 28 84 90 81 93 51 68 25 80 14 66 75 93 83 37 40 60 90 75 25 38 41 91 
57 6 24 10 60 49 38 87 26 55 81 36 12 93 16 90 99 16 36 64 89 92 7 81 84 47 50 100 9 2 9 61 45 99 64 56 93 74 42 61 66 68 50 1 60 98 89 50 56 38 52 56 90 92 6 23 71 53 3 53 70 30 65 98 
15 3 86 14 86 41 9 64 25 62 58 87 1 40 30 90 82 11 97 85 27 26 59 40 88 45 32 30 20 85 53 41 11 19 57 80 56 19 18 62 33 93 73 33 8 64 8 49 98 55 14 97 85 21 92 13 86 19 9 66 62 75 26 34 
60 12 31 29 10 28 100 59 85 41 61 51 12 92 79 17 2 63 66 54 55 65 67 41 84 7 50 88 43 85 99 87 43 45 61 96 74 10 90 91 27 70 59 80 1 57 89 90 32 52 38 61 27 16 40 87 42 72 13 82 45 19 11 29 
43 24 12 100 21 45 60 34 27 39 47 8 89 40 67 4 94 91 72 64 11 86 37 33 74 82 68 67 80 35 3 66 23 37 97 68 94 47 65 15 34 23 18 77 42 68 11 30 80 30 92 57 24 14 100 36 26 93 81 38 31 75 1 23 
76 40 92 47 39 43 55 50 78 20 72 83 44 60 98 18 2 39 89 23 58 31 90 1 2 10 74 13 79 40 64 97 39 25 92 57 76 27 51 30 31 31 24 83 64 35 13 54 87 51 57 6 49 22 49 73 74 39 42 71 65 19 3 85 
39 93 21 60 60 88 55 14 60 10 73 76 19 6 38 53 53 71 29 61 99 24 80 96 42 91 40 47 6 99 67 27 35 64 53 91 6 99 97 34 96 31 60 82 72 3 27 13 52 70 67 24 54 15 35 95 86 56 94 20 42 94 48 13 
26 93 14 9 26 9 88 30 54 23 11 11 94 59 69 37 95 97 31 50 86 16 57 85 77 74 49 91 51 62 44 45 31 62 40 19 63 79 41 79 19 96 9 39 84 87 47 63 100 86 75 60 86 44 7 99 78 25 45 18 75 60 42 20 
97 97 1 80 47 78 96 61 96 73 29 69 47 40 48 74 82 13 90 81 97 50 65 15 64 48 80 11 85 43 19 82 59 97 79 15 11 72 41 17 88 34 26 51 74 1 7 27 89 10 68 36 14 60 37 54 86 34 6 63 68 8 13 96 
26 64 36 95 22 73 62 93 91 56 26 76 81 37 67 90 64 22 92 59 63 69 100 50 33 9 93 16 97 30 61 23 66 81 32 58 86 8 47 94 48 89 66 68 13 35 65 23 60 2 8 40 67 62 50 8 47 68 23 26 35 50 63 21 
26 90 76 1 32 87 67 33 15 86 34 81 2 20 4 91 20 28 100 94 52 72 59 81 82 57 45 74 3 26 10 41 84 12 16 9 57 14 35 18 36 69 95 20 27 94 90 47 31 10 14 78 89 53 65 77 1 25 63 88 95 5 42 50 
90 56 22 91 71 35 91 89 81 80 61 1 70 86 52 92 61 41 39 55 29 99 66 72 74 89 38 17 3 23 98 92 55 37 45 82 80 53 64 97 27 95 2 65 90 28 99 95 40 80 60 39 66 26 86 87 8 54 57 80 77 78 23 58 
75 59 42 37 56 94 87 24 62 50 22 31 73 59 69 10 18 92 43 88 4 82 48 61 88 16 19 68 89 59 63 36 12 77 48 26 16 81 84 48 85 62 56 73 66 56 72 16 29 44 24 64 84 3 25 4 41 58 53 94 62 23 83 50 
47 7 86 95 94 78 45 87 92 39 28 19 72 72 30 10 32 29 54 3 62 41 43 37 95 64 80 94 78 35 79 51 19 56 97 60 55 69 8 60 5 91 30 11 45 98 62 69 26 11 84 99 19 86 56 19 19 2 2 8 52 25 22 68 
100 60 71 92 27 53 6 20 42 99 48 53 81 1 17 34 78 3 37 57 66 34 81 1 59 71 64 35 83 71 100 67 24 86 55 33 86 97 97 65 3 14 42 78 67 85 83 72 48 93 8 59 31 60 46 4 92 69 8 77 66 99 55 4 
71 54 12 3 15 35 84 51 94 89 49 8 76 48 73 18 11 32 56 64 45 1 77 58 22 17 73 8 28 73 87 59 28 2 66 73 26 31 69 96 71 29 18 99 2 40 2 65 32 13 38 75 77 70 18 90 10 59 5 20 76 87 91 68 
81 53 50 32 51 79 90 4 88 2 20 60 72 90 53 70 92 17 64 19 40 30 86 77 54 57 93 76 11 71 34 8 66 34 4 3 82 33 64 50 29 45 59 60 44 55 84 26 19 75 41 42 94 55 51 50 38 65 80 95 6 50 26 98 
74 13 67 19 35 4 95 73 87 2 95 52 89 32 82 34 66 54 89 30 61 59 84 69 41 20 79 56 24 84 92 10 5 93 47 7 87 66 10 89 1 69 25 74 55 43 94 37 72 19 96 52 88 24 80 24 56 25 53 66 48 13 18 15 
2 100 59 6 39 5 49 79 96 36 36 14 3 97 47 42 100 91 28 82 45 19 35 48 87 35 76 94 32 21 34 55 36 9 46 10 16 79 29 7 97 45 2 81 10 92 60 70 50 52 11 16 18 52 84 1 96 75 42 39 83 64 17 95 
84 90 44 96 34 42 24 53 18 33 36 73 23 28 19 16 19 35 99 14 100 70 6 10 50 39 46 14 39 63 66 42 33 68 80 26 23 61 85 81 64 17 8 8 2 78 80 35 77 21 91 77 31 81 46 13 12 82 8 5 48 98 14 9 
7 9 37 34 86 22 35 17 4 68 93 97 68 85 45 65 24 7 46 99 8 43 8 44 52 72 63 61 53 17 8 71 74 67 48 8 62 29 26 28 81 23 44 72 55 57 21 76 7 8 11 63 9 95 44 75 97 40 83 29 79 8 6 98 
90 40 8 74 79 59 72 43 59 30 24 68 6 96 85 97 91 69 72 14 5 49 26 13 21 89 73 80 98 81 88 72 10 73 20 5 44 42 37 39 20 100 82 61 37 61 98 37 96 75 98 11 34 72 37 14 58 100 17 3 8 91 19 57 
44 49 17 20 88 59 92 3 50 4 93 19 47 77 35 16 45 51 43 22 99 31 70 95 47 82 51 97 13 20 53 28 95 81 62 27 95 10 11 40 74 43 5 52 49 11 53 66 75 96 13 19 92 65 94 59 15 20 42 24 22 15 8 83 
97 55 95 42 94 55 91 41 74 26 59 73 94 38 51 32 85 16 69 89 17 1 19 64 77 51 3 8 100 78 74 31 73 1 52 32 95 91 74 56 71 34 91 81 95 43 94 47 32 44 93 77 85 71 15 43 78 81 23 9 93 20 54 11 
42 17 5 30 18 28 22 52 14 100 19 75 99 43 48 18 27 71 23 66 98 90 19 7 25 15 8 83 47 40 35 25 90 40 14 23 28 77 67 81 41 61 62 99 100 93 75 84 73 55 9 15 20 84 83 40 3 33 57 70 1 61 32 22 
25 32 48 1 93 51 37 89 56 14 91 59 63 30 84 33 52 17 78 79 80 36 62 69 8 58 17 51 32 75 21 1 23 24 21 17 88 25 16 93 78 53 82 76 98 96 27 46 48 83 49 39 91 11 48 67 81 39 8 23 10 64 80 33 
58 30 60 80 36 2 46 83 67 99 53 84 41 80 80 71 37 17 87 39 81 39 27 57 18 15 39 67 36 77 84 88 83 6 58 53 67 53 61 75 67 20 82 66 56 28 21 8 67 69 75 76 4 99 98 38 87 33 79 89 70 65 80 64 
96 37 26 54 9 76 62 33 53 24 50 38 94 14 6 99 97 61 66 50 37 83 12 37 76 18 42 96 53 55 61 30 61 21 86 93 86 87 52 66 11 61 62 17 95 94 47 44 75 29 10 26 94 55 73 15 14 28 14 15 13 83 17 62 
93 3 66 98 89 99 12 65 82 46 6 41 90 53 14 34 65 85 52 78 35 53 70 44 37 58 65 92 78 62 85 16 70 65 21 82 38 9 16 36 46 45 20 37 81 28 98 94 43 5 13 85 49 80 61 9 14 59 85 9 67 95 27 80 
22 34 78 95 89 68 78 73 83 94 20 49 82 23 100 94 46 73 45 1 12 41 31 10 86 50 1 6 3 24 33 91 67 84 80 68 47 86 38 91 59 45 75 48 92 19 73 15 22 26 83 88 71 56 59 33 54 90 29 57 8 63 5 90 
64 89 20 17 93 14 20 93 24 34 9 20 10 35 68 92 85 68 71 88 53 33 17 44 1 61 74 94 95 75 97 77 89 69 40 20 45 59 96 18 24 40 37 66 53 43 72 58 84 47 95 13 23 78 18 59 75 91 32 44 59 80 75 77 
87 77 1 42 99 100 88 68 79 71 54 76 33 12 31 34 13 54 43 47 69 45 11 97 47 32 23 15 12 3 48 20 57 47 75 49 75 81 23 54 31 42 8 78 90 12 84 3 86 27 14 43 35 27 1 95 42 19 91 83 89 88 82 32 
5 41 5 25 71 54 88 13 45 89 68 23 58 35 50 24 27 46 7 11 13 5 50 12 44 27 83 76 5 47 67 23 8 14 66 55 46 82 31 85 87 91 71 2 51 34 32 53 60 56 71 54 81 56 4 13 31 78 45 3 56 77 24 40 
89 30 86 4 3 99 21 10 67 76 14 29 99 96 8 82 28 82 81 74 91 43 55 6 98 17 83 35 45 96 46 84 57 55 37 46 98 21 54 100 31 80 14 69 90 69 70 32 20 17 94 49 29 28 21 79 59 83 27 79 39 75 15 18 
28 70 49 49 8 16 16 50 30 74 6 63 80 72 69 32 68 89 87 54 11 64 7 99 95 68 14 2 39 58 29 88 71 26 68 56 91 54 99 94 2 14 1 89 8 85 76 34 29 33 35 98 62 65 43 36 3 92 40 69 87 94 50 61 
43 99 36 11 18 30 27 60 71 42 72 40 79 14 11 28 48 25 67 80 96 57 43 28 54 51 28 68 21 36 34 97 52 78 2 12 96 19 42 55 14 16 60 92 82 43 69 75 27 29 98 88 65 10 48 29 12 23 81 92 26 92 50 10 
42 43 97 37 15 64 18 99 80 3 1 28 47 18 23 53 18 85 49 47 40 56 60 79 84 55 16 90 13 76 100 14 89 15 74 81 56 30 55 45 75 79 57 58 48 12 38 18 17 19 30 24 4 73 94 82 4 76 78 65 37 81 38 27 
91 87 32 48 62 89 39 76 94 70 40 36 4 10 11 91 7 98 10 37 11 71 90 59 71 7 7 80 79 1 31 66 4 47 11 83 51 44 80 81 60 10 98 94 12 87 78 58 46 6 16 51 71 65 73 35 62 47 33 46 15 46 84 95 
9 47 54 20 88 56 96 29 8 60 5 64 87 99 68 7 22 16 22 33 79 20 98 22 54 56 29 79 64 39 81 11 68 20 74 88 82 43 56 63 28 21 100 62 99 72 63 50 35 96 65 10 79 3 31 43 53 80 91 4 31 17 74 74 
69 86 92 46 66 9 86 35 20 52 76 29 100 98 21 87 20 6 86 18 13 74 75 5 35 66 5 45 82 14 24 66 54 44 68 47 2 65 20 36 65 41 79 36 56 75 73 57 41 37 51 94 5 94 15 89 68 8 77 81 90 93 17 27 
14 74 82 60 83 6 80 96 96 77 70 62 80 56 60 43 96 50 81 99 70 61 30 82 23 60 99 22 51 97 99 95 84 7 66 26 67 78 89 44 67 64 7 67 9 23 33 92 81 73 77 64 78 45 9 9 37 71 65 28 66 1 73 46 
2 5 8 89 50 2 76 25 29 96 5 68 56 80 51 92 86 71 57 44 80 40 35 4 95 36 72 77 19 41 2 76 83 94 19 88 53 16 96 96 43 55 81 1 55 16 31 71 11 70 73 64 48 57 99 46 94 89 33 56 52 93 58 80 
39 91 92 70 40 70 48 58 49 23 39 57 68 90 69 57 94 59 62 47 11 62 96 45 61 17 53 49 22 23 50 61 2 62 86 46 87 46 42 63 51 74 90 15 94 98 14 11 66 58 90 100 27 61 41 46 28 26 26 66 35 26 96 42 
48 41 26 75 26 72 49 50 45 43 29 73 14 33 55 96 57 61 88 75 72 25 20 91 48 81 48 83 51 71 8 59 45 33 23 95 74 35 72 60 55 50 98 16 100 35 21 98 20 35 79 6 18 88 3 31 51 29 64 97 80 1 33 38 
71 17 38 45 4 78 65 7 96 38 49 34 73 13 19 82 26 18 14 8 67 62 70 18 81 1 51 99 100 49 25 57 77 91 1 40 8 40 98 99 5 99 90 68 55 45 18 12 31 99 13 66 78 59 37 94 90 16 76 41 4 74 49 80 
67 44 91 21 1 22 99 26 36 43 81 29 4 74 85 44 15 52 81 72 30 40 37 17 99 29 63 24 93 32 54 62 8 17 71 16 80 88 88 35 21 35 53 24 68 44 57 89 13 6 60 28 6 57 59 41 11 68 44 86 15 39 100 61 
99 78 25 14 3 95 67 28 69 33 28 88 3 99 79 35 78 84 76 64 41 21 43 41 98 25 7 70 76 70 52 54 5 42 15 68 5 77 41 15 86 38 1 19 23 95 2 65 76 74 71 19 74 66 52 58 37 71 1 15 86 1 98 90 
90 16 77 18 86 100 94 100 98 44 58 28 89 57 42 89 87 97 5 40 42 31 32 35 70 10 86 71 11 48 96 97 1 43 29 61 71 79 98 85 37 3 40 39 47 3 36 25 66 93 33 60 29 33 2 19 84 35 26 92 86 83 99 13 
1 63 66 38 98 1 84 49 86 22 3 79 76 68 75 66 85 93 87 22 23 52 5 87 93 14 72 94 68 37 33 80 43 18 10 68 35 23 58 48 92 10 40 59 77 66 97 49 49 14 5 72 72 37 32 33 4 36 66 48 20 51 1 26 
-1 1 1 -1 1 1 1 1 -1 -1 -1 1 -1 1 1 -1 -1 1 -1 -1 1 -1 -1 1 -1 -1 1 1 1 1 -1 -1 -1 1 1 1 -1 1 1 1 1 -1 -1 -1 -1 1 1 1 -1 -1 -1 1 -1 -1 -1 1 1 -1 1 1 1 1 -1 1 
1 1 -1 1 1 -1 -1 -1 1 1 -1 1 -1 1 1 -1 1 1 -1 -1 1 1 -1 1 1 1 -1 -1 1 1 1 1 -1 -1 1 -1 1 -1 1 1 1 -1 -1 -1 1 1 1 1 1 -1 -1 -1 -1 1 -1 1 1 -1 -1 1 1 1 -1 -1 
1 -1 1 -1 -1 1 1 1 -1 1 -1 -1 1 1 -1 1 -1 -1 1 -1 -1 -1 -1 1 1 1 1 -1 -1 -1 -1 -1 1 -1 -1 1 -1 -1 1 -1 -1 1 -1 -1 -1 -1 -1 -1 -1 1 -1 -1 1 -1 -1 1 1 -1 1 1 -1 -1 1 1 
-1 1 -1 1 1 -1 -1 -1 1 -1 1 -1 -1 1 -1 -1 1 1 -1 -1 -1 -1 -1 -1 1 1 -1 1 -1 -1 -1 -1 -1 1 1 1 1 1 -1 1 -1 -1 -1 1 -1 1 1 1 1 -1 -1 -1 1 1 1 -1 1 -1 -1 1 -1 1 -1 1 
1 1 -1 1 1 1 1 1 -1 1 -1 -1 -1 -1 -1 1 -1 1 1 1 1 -1 -1 -1 -1 -1 -1 1 -1 -1 1 -1 -1 -1 1 1 -1 1 -1 1 -1 -1 -1 1 -1 -1 1 -1 -1 1 -1 1 -1 1 -1 -1 1 1 -1 1 1 -1 -1 1 
1 -1 1 -1 1 1 1 -1 -1 -1 1 -1 1 1 1 1 1 1 -1 -1 -1 1 1 -1 1 1 1 -1 -1 1 1 1 1 1 -1 -1 1 -1 1 1 -1 -1 -1 -1 1 -1 -1 -1 -1 1 -1 -1 1 -1 1 -1 -1 1 -1 -1 1 1 -1 -1 
1 -1 1 -1 1 1 -1 1 1 1 -1 -1 -1 1 1 -1 -1 -1 1 -1 -1 1 -1 1 1 -1 1 -1 -1 -1 1 -1 1 -1 -1 1 -1 -1 1 -1 -1 1 -1 -1 1 1 -1 1 1 -1 -1 -1 1 1 -1 1 -1 1 1 1 1 -1 -1 1 
1 -1 1 -1 1 -1 1 1 1 1 -1 1 -1 -1 1 1 1 -1 -1 -1 1 1 -1 -1 1 1 1 -1 -1 1 1 1 1 1 -1 -1 -1 -1 1 1 1 1 1 -1 1 -1 -1 1 1 -1 1 -1 1 1 -1 1 1 -1 -1 -1 1 1 1 -1 
-1 1 -1 1 -1 -1 1 1 1 1 -1 -1 -1 1 1 1 1 1 -1 1 1 1 1 -1 -1 1 1 -1 -1 -1 -1 -1 -1 -1 1 -1 1 -1 1 -1 -1 -1 1 -1 -1 -1 -1 -1 1 1 1 1 1 -1 1 -1 1 -1 -1 -1 1 1 -1 -1 
-1 1 1 -1 1 -1 1 1 1 1 -1 -1 1 1 -1 1 -1 -1 -1 -1 -1 -1 -1 1 -1 1 -1 1 1 1 -1 1 -1 -1 -1 1 -1 1 1 1 1 -1 -1 -1 1 1 1 1 1 -1 -1 -1 1 -1 -1 -1 1 -1 1 1 -1 1 1 -1 
-1 -1 -1 1 -1 1 -1 -1 -1 -1 -1 1 -1 -1 -1 -1 1 -1 -1 -1 -1 -1 -1 1 1 -1 1 1 1 -1 -1 1 1 -1 1 -1 -1 1 1 1 -1 1 1 -1 -1 1 1 1 -1 1 -1 1 1 1 -1 -1 1 1 1 1 -1 1 1 -1 
1 1 -1 -1 -1 -1 -1 1 -1 -1 1 1 -1 1 -1 -1 1 1 1 1 -1 -1 -1 -1 1 -1 1 -1 1 1 -1 -1 1 -1 1 -1 1 -1 1 1 1 -1 -1 1 1 1 1 1 1 1 1 1 1 1 -1 1 -1 1 -1 -1 -1 1 1 -1 
-1 -1 1 -1 -1 1 -1 -1 -1 1 -1 -1 -1 -1 -1 1 1 1 1 1 -1 -1 -1 1 1 1 1 1 -1 -1 -1 1 -1 1 -1 1 1 -1 -1 1 1 1 -1 1 1 1 -1 1 -1 1 1 1 1 1 1 -1 -1 1 -1 1 -1 -1 1 1 
1 1 1 1 -1 1 1 -1 1 1 -1 1 -1 1 1 -1 -1 -1 1 -1 -1 -1 1 1 1 -1 -1 -1 1 1 1 1 1 1 -1 -1 -1 1 1 1 1 -1 -1 1 1 -1 -1 -1 -1 -1 -1 -1 -1 -1 -1 -1 1 1 -1 -1 1 1 1 -1 
1 1 -1 -1 -1 1 1 1 1 -1 -1 -1 -1 1 1 1 1 -1 1 1 1 1 -1 1 -1 1 1 -1 1 -1 1 1 1 1 1 1 1 -1 -1 -1 -1 1 1 1 -1 1 -1 -1 -1 -1 1 1 1 -1 1 1 -1 -1 -1 -1 -1 -1 1 1 
-1 -1 1 -1 1 1 -1 1 1 1 -1 -1 1 -1 1 -1 1 -1 -1 1 1 1 -1 -1 -1 -1 1 1 1 -1 1 -1 1 1 -1 1 -1 -1 1 1 1 -1 -1 1 -1 1 -1 1 -1 1 -1 -1 -1 -1 -1 -1 1 -1 -1 -1 1 1 -1 1 
-1 1 -1 1 -1 1 -1 1 1 -1 1 1 1 -1 1 1 -1 1 -1 -1 1 1 1 -1 -1 -1 1 1 -1 -1 -1 1 1 -1 -1 -1 -1 -1 1 -1 1 -1 1 1 -1 -1 -1 1 -1 -1 -1 -1 -1 -1 -1 -1 -1 1 1 -1 -1 -1 -1 1 
1 1 -1 1 1 1 -1 -1 1 -1 -1 1 1 -1 -1 -1 1 -1 -1 1 1 -1 -1 -1 1 1 -1 -1 -1 -1 1 -1 1 -1 -1 -1 1 1 -1 -1 1 -1 -1 -1 1 1 1 -1 -1 1 1 1 1 1 1 1 -1 1 1 1 1 1 1 1 
-1 -1 1 -1 1 -1 1 -1 -1 -1 -1 1 1 1 1 -1 -1 -1 1 -1 1 1 1 -1 1 1 1 1 1 1 -1 1 1 -1 1 -1 -1 1 -1 -1 -1 1 1 -1 -1 1 1 -1 1 1 -1 -1 1 1 -1 1 1 -1 1 1 -1 -1 1 -1 
-1 -1 -1 -1 1 -1 -1 -1 1 -1 -1 1 1 -1 1 1 -1 1 -1 -1 -1 1 1 -1 -1 1 -1 -1 1 1 -1 1 -1 1 -1 -1 -1 1 -1 1 1 -1 -1 1 -1 1 1 1 1 1 -1 -1 -1 1 -1 -1 -1 1 -1 -1 1 1 -1 1 
1 1 -1 -1 1 -1 -1 1 1 -1 -1 -1 -1 -1 1 1 1 1 1 -1 1 1 -1 -1 -1 -1 1 -1 -1 -1 1 -1 1 -1 -1 1 1 -1 -1 1 1 -1 1 -1 1 1 -1 -1 1 1 1 -1 1 -1 -1 1 -1 -1 -1 1 1 1 1 1 
-1 1 -1 -1 -1 1 1 1 1 -1 -1 -1 -1 -1 1 1 1 -1 1 1 1 -1 1 1 1 1 1 -1 1 1 1 1 -1 -1 -1 -1 1 1 -1 1 1 -1 -1 -1 1 1 1 -1 -1 1 1 -1 -1 1 1 -1 -1 1 -1 1 -1 1 1 -1 
-1 -1 -1 -1 -1 1 -1 -1 1 -1 -1 -1 -1 1 -1 -1 1 -1 1 1 -1 1 1 -1 1 1 -1 -1 -1 1 1 1 -1 1 -1 -1 1 -1 -1 1 -1 1 1 -1 -1 -1 1 1 -1 -1 1 1 -1 -1 -1 1 1 -1 1 -1 1 -1 -1 1 
1 1 1 -1 -1 -1 1 -1 -1 1 1 -1 1 1 1 -1 -1 -1 -1 -1 -1 1 -1 1 -1 -1 1 1 -1 1 -1 1 -1 -1 1 -1 -1 1 1 1 -1 1 -1 -1 1 -1 -1 -1 -1 1 -1 -1 -1 1 -1 -1 1 1 -1 -1 1 -1 1 -1 
-1 1 1 1 -1 1 1 1 -1 -1 1 1 1 1 -1 -1 -1 1 1 -1 -1 1 1 -1 1 -1 1 1 1 1 1 1 -1 -1 -1 -1 1 -1 1 -1 -1 -1 1 1 1 -1 1 1 1 1 1 -1 1 -1 1 -1 1 1 -1 1 1 -1 -1 1 
-1 1 1 1 -1 1 -1 1 1 1 -1 -1 1 -1 1 -1 -1 1 1 1 -1 1 1 -1 -1 -1 -1 -1 -1 -1 -1 1 -1 1 -1 1 -1 1 1 1 -1 -1 -1 -1 1 1 -1 1 1 1 -1 -1 1 -1 -1 -1 1 1 -1 1 -1 -1 1 -1 
1 -1 1 -1 -1 1 1 1 1 -1 1 1 1 -1 1 1 1 -1 1 -1 1 1 -1 1 1 -1 -1 1 -1 -1 1 1 1 -1 -1 1 1 -1 1 1 1 1 -1 -1 -1 1 -1 -1 -1 1 -1 1 1 1 -1 -1 1 1 -1 -1 1 -1 -1 -1 
1 -1 -1 1 1 -1 -1 -1 -1 1 1 -1 1 -1 -1 1 1 -1 1 -1 -1 -1 -1 1 1 -1 1 1 1 1 1 -1 1 1 1 1 1 1 1 1 1 1 1 -1 -1 -1 1 1 1 1 -1 1 -1 -1 -1 1 1 -1 1 -1 -1 1 -1 1 
1 1 -1 -1 -1 -1 -1 -1 -1 1 1 1 -1 1 1 1 -1 -1 1 1 -1 1 -1 -1 1 -1 -1 1 1 -1 -1 1 1 1 -1 1 1 1 1 -1 1 -1 1 -1 -1 -1 -1 -1 1 1 1 -1 1 -1 1 -1 1 -1 1 -1 -1 -1 -1 -1 
1 1 -1 -1 -1 1 -1 1 -1 1 -1 1 -1 1 -1 -1 -1 -1 1 1 -1 1 1 1 1 -1 -1 1 -1 1 1 -1 -1 1 1 1 -1 -1 -1 -1 1 1 1 -1 -1 1 -1 -1 -1 -1 -1 1 1 1 -1 -1 -1 -1 -1 1 1 1 1 -1 
-1 1 -1 -1 1 1 1 1 -1 -1 -1 -1 -1 1 1 1 -1 1 -1 -1 1 1 1 -1 1 -1 1 1 -1 1 1 -1 -1 -1 -1 -1 1 -1 -1 1 -1 1 1 -1 -1 -1 1 -1 -1 -1 1 1 -1 1 1 1 -1 1 -1 1 1 1 -1 -1 
-1 1 -1 -1 -1 1 -1 1 -1 1 1 -1 1 1 1 -1 1 -1 1 1 -1 1 1 1 1 1 1 -1 1 -1 -1 -1 -1 1 -1 1 1 -1 1 -1 1 -1 1 -1 1 -1 1 1 1 1 -1 -1 -1 1 -1 -1 1 -1 -1 1 -1 -1 1 1 
-1 -1 1 -1 -1 1 1 1 -1 -1 1 1 -1 1 1 1 1 1 1 -1 1 -1 -1 -1 -1 -1 1 1 1 -1 -1 -1 1 1 -1 1 -1 -1 1 1 1 -1 1 -1 1 1 1 1 -1 1 1 1 -1 1 -1 -1 -1 -1 -1 -1 1 -1 1 -1 
1 -1 -1 1 -1 1 -1 1 -1 -1 -1 -1 1 1 1 1 -1 -1 -1 1 -1 -1 1 -1 -1 1 -1 1 1 1 -1 1 1 1 1 -1 1 -1 1 1 1 1 -1 1 1 -1 1 1 -1 1 1 1 -1 -1 1 -1 1 1 -1 1 -1 1 1 -1 
1 1 -1 1 1 -1 -1 -1 1 -1 1 1 -1 -1 1 -1 -1 -1 1 -1 -1 -1 -1 1 -1 -1 -1 1 -1 1 -1 -1 -1 1 -1 1 -1 -1 1 1 1 -1 1 -1 -1 -1 1 -1 1 -1 -1 1 -1 -1 1 1 1 1 -1 1 1 1 -1 -1 
1 -1 1 1 1 -1 1 -1 -1 1 -1 -1 1 -1 1 1 -1 -1 -1 -1 1 -1 -1 -1 -1 1 1 1 1 1 -1 1 1 -1 1 -1 1 1 1 -1 1 1 -1 1 1 -1 1 1 -1 -1 1 1 -1 -1 1 1 1 1 1 1 1 1 1 -1 
-1 1 -1 1 -1 1 -1 -1 1 -1 -1 1 1 -1 1 -1 -1 1 -1 -1 1 1 1 -1 1 -1 1 1 1 -1 1 1 -1 1 -1 1 1 1 1 -1 -1 1 -1 1 1 -1 -1 -1 1 -1 1 -1 1 1 1 -1 1 -1 1 1 -1 1 1 1 
1 -1 -1 1 1 -1 -1 -1 -1 1 1 -1 -1 1 -1 -1 -1 1 1 1 -1 1 -1 1 -1 1 -1 1 1 -1 -1 -1 -1 -1 -1 1 1 -1 1 -1 1 -1 -1 -1 1 1 -1 -1 1 1 1 -1 1 -1 1 -1 -1 1 1 1 1 1 -1 1 
1 1 1 -1 -1 1 1 1 1 1 1 1 -1 1 -1 1 1 -1 -1 -1 -1 -1 -1 1 1 1 1 1 1 -1 -1 1 1 1 1 1 1 1 -1 1 1 -1 -1 1 1 -1 -1 1 -1 -1 -1 -1 1 -1 -1 1 1 1 -1 -1 -1 1 1 -1 
1 1 -1 1 1 1 -1 1 -1 1 1 1 1 1 -1 1 -1 -1 -1 1 1 1 1 1 -1 1 1 1 -1 -1 1 -1 1 1 1 -1 -1 -1 1 -1 -1 -1 -1 -1 -1 -1 -1 1 -1 1 -1 -1 1 1 1 1 -1 1 -1 1 -1 -1 -1 1 
1 1 -1 -1 -1 -1 -1 1 -1 1 -1 1 1 1 -1 1 1 1 -1 1 1 1 -1 -1 -1 -1 1 1 1 1 -1 1 1 1 1 1 -1 1 1 -1 -1 -1 -1 1 -1 1 1 -1 -1 1 1 1 -1 1 1 -1 1 1 1 1 -1 1 -1 1 
-1 -1 1 -1 -1 -1 1 1 -1 -1 1 -1 1 -1 1 -1 -1 -1 1 -1 -1 -1 1 1 -1 -1 1 1 -1 1 1 -1 -1 1 -1 1 1 -1 -1 -1 -1 1 -1 -1 1 -1 1 -1 -1 -1 -1 -1 1 -1 -1 1 1 1 -1 -1 -1 1 1 -1 
-1 -1 -1 -1 -1 -1 -1 1 1 -1 1 -1 -1 -1 1 -1 1 -1 1 -1 1 -1 1 -1 1 -1 -1 1 1 1 1 1 1 -1 1 -1 -1 -1 -1 -1 -1 -1 1 -1 1 1 1 1 -1 1 -1 1 1 1 -1 -1 -1 1 -1 1 1 -1 -1 -1 
-1 -1 -1 1 1 -1 -1 -1 -1 -1 -1 1 1 1 1 1 1 -1 -1 1 -1 -1 -1 -1 1 -1 -1 -1 -1 -1 -1 -1 -1 1 -1 1 1 -1 1 -1 1 -1 -1 -1 1 -1 -1 -1 1 -1 -1 1 -1 -1 1 -1 -1 1 -1 -1 1 -1 -1 -1 
-1 1 -1 -1 -1 1 1 1 -1 1 -1 1 1 1 -1 -1 -1 1 -1 -1 1 1 -1 1 1 1 -1 -1 -1 -1 -1 1 1 1 -1 1 1 1 1 -1 -1 1 1 1 -1 -1 1 -1 1 1 1 1 -1 -1 1 -1 1 -1 -1 -1 1 1 -1 1 
1 1 -1 1 -1 -1 1 -1 -1 1 1 1 1 -1 1 1 -1 1 1 1 1 1 -1 -1 -1 1 1 -1 -1 1 -1 -1 1 -1 -1 -1 -1 1 -1 -1 1 -1 1 -1 -1 -1 -1 1 1 -1 1 -1 -1 -1 -1 1 -1 -1 -1 1 -1 1 1 1 
1 1 -1 1 1 -1 -1 -1 -1 1 1 1 -1 -1 -1 -1 -1 1 1 1 -1 1 1 -1 1 -1 -1 1 -1 -1 1 1 1 1 1 1 -1 -1 -1 -1 1 1 1 -1 1 -1 1 -1 1 1 1 1 1 -1 -1 1 -1 1 -1 1 1 -1 1 -1 
1 1 -1 1 -1 -1 1 1 -1 1 1 1 1 -1 -1 1 1 -1 -1 1 -1 -1 1 -1 1 1 -1 1 -1 -1 -1 1 1 1 -1 1 -1 -1 1 1 -1 -1 1 -1 -1 1 -1 -1 -1 1 -1 1 1 1 -1 -1 1 -1 1 1 -1 -1 1 -1 
-1 1 -1 1 -1 -1 1 1 1 1 -1 1 -1 -1 -1 -1 -1 -1 1 1 1 -1 -1 -1 1 1 -1 1 1 -1 -1 1 -1 -1 1 -1 1 1 -1 -1 -1 -1 -1 1 1 1 1 -1 -1 -1 -1 1 1 1 1 1 -1 -1 1 1 1 -1 1 -1 
-1 -1 1 -1 1 1 -1 -1 1 -1 1 1 1 -1 -1 1 -1 1 1 1 1 1 -1 1 1 1 1 1 1 -1 -1 1 1 1 -1 -1 -1 1 -1 1 1 -1 1 -1 1 -1 1 1 -1 -1 -1 1 1 -1 1 -1 1 1 1 1 -1 1 -1 1 
-1 -1 -1 -1 -1 -1 -1 1 1 -1 -1 1 1 -1 1 -1 -1 1 -1 -1 1 1 1 -1 1 -1 -1 -1 1 -1 1 -1 1 1 -1 1 1 1 -1 -1 1 -1 -1 -1 1 1 1 -1 -1 -1 -1 1 -1 1 -1 1 1 1 1 1 1 1 -1 1 
1 -1 -1 -1 1 -1 -1 -1 1 -1 1 1 1 -1 1 -1 -1 1 -1 -1 -1 -1 1 -1 -1 -1 1 1 -1 1 1 -1 1 1 1 1 -1 -1 -1 -1 1 -1 1 1 1 -1 1 1 1 1 1 -1 -1 1 -1 1 1 -1 1 -1 1 1 1 -1 
-1 -1 1 1 -1 1 1 1 1 1 1 1 1 -1 1 -1 -1 1 1 -1 1 -1 -1 -1 1 1 1 -1 1 1 -1 -1 -1 -1 -1 -1 1 1 1 1 -1 1 1 -1 -1 -1 1 1 1 1 -1 -1 1 1 -1 -1 1 -1 -1 -1 1 1 1 1 
-1 1 -1 1 1 -1 1 1 -1 -1 1 1 1 -1 -1 -1 -1 1 1 1 -1 1 -1 1 -1 -1 1 -1 -1 1 1 1 1 -1 -1 -1 1 -1 -1 1 1 -1 1 -1 -1 -1 -1 1 1 -1 1 1 1 -1 1 -1 1 1 -1 1 -1 -1 -1 1 
-1 -1 -1 1 -1 1 -1 -1 1 -1 -1 -1 1 -1 1 -1 -1 1 -1 -1 -1 1 -1 -1 1 -1 -1 -1 1 -1 1 -1 -1 1 1 1 1 1 -1 1 1 -1 -1 1 1 -1 -1 -1 1 1 -1 -1 -1 1 1 1 -1 -1 1 -1 1 -1 -1 -1 
1 1 1 -1 -1 -1 1 1 -1 -1 -1 1 -1 -1 1 -1 -1 1 1 -1 1 -1 1 -1 -1 -1 -1 1 -1 -1 1 -1 -1 -1 1 1 -1 -1 1 1 -1 1 -1 -1 -1 1 1 -1 1 -1 1 1 -1 -1 1 -1 1 1 -1 1 -1 1 -1 1 
1 1 1 1 1 -1 -1 1 1 1 1 -1 -1 1 -1 1 -1 -1 1 -1 -1 -1 1 1 1 1 1 1 1 -1 -1 1 -1 1 1 1 1 -1 1 -1 1 1 -1 -1 1 -1 -1 1 -1 1 1 1 1 1 -1 1 -1 -1 -1 -1 -1 -1 -1 -1 
-1 -1 -1 -1 1 1 1 -1 -1 -1 1 1 1 1 -1 -1 1 1 -1 1 -1 1 -1 1 1 1 1 -1 -1 -1 1 -1 -1 1 1 1 -1 1 1 1 1 1 1 1 -1 -1 1 -1 -1 1 1 -1 -1 1 -1 1 -1 1 -1 1 -1 -1 1 1 
1 -1 1 -1 -1 -1 1 -1 -1 1 1 -1 -1 -1 -1 -1 1 1 1 -1 -1 -1 1 -1 -1 -1 -1 1 1 -1 -1 -1 -1 -1 -1 1 1 1 -1 -1 1 -1 -1 -1 -1 -1 -1 1 1 1 1 1 -1 -1 1 -1 -1 -1 1 1 -1 1 1 1 
1 1 1 1 1 -1 1 -1 -1 1 1 -1 1 -1 -1 -1 -1 1 1 -1 1 1 -1 -1 1 1 -1 -1 -1 1 1 1 -1 1 1 1 1 1 -1 1 1 -1 1 -1 -1 1 1 1 1 1 1 -1 -1 1 -1 1 -1 1 1 1 -1 -1 -1 1 
1 1 -1 -1 1 1 1 1 1 -1 -1 -1 -1 1 -1 1 -1 1 -1 1 1 -1 1 1 1 -1 1 -1 -1 1 1 -1 1 -1 1 1 -1 1 -1 -1 -1 -1 1 1 1 -1 1 -1 1 -1 1 1 1 -1 1 -1 -1 -1 -1 -1 1 -1 -1 1 
1 1 -1 1 -1 1 -1 1 1 1 1 1 -1 1 -1 1 -1 1 -1 1 1 1 -1 -1 -1 -1 -1 1 -1 1 1 -1 -1 1 1 1 1 1 1 -1 1 1 -1 -1 1 1 -1 -1 -1 1 1 1 1 -1 -1 1 -1 -1 1 -1 -1 1 -1 -1 
-1 -1 1 -1 -1 -1 -1 1 -1 1 1 1 1 1 1 -1 -1 1 1 -1 1 1 -1 1 -1 1 -1 -1 -1 1 -1 1 1 1 -1 1 1 -1 1 -1 -1 1 -1 -1 -1 1 1 1 1 -1 -1 1 1 -1 -1 -1 -1 1 1 -1 -1 -1 1 1 
1 -1 1 1 1 -1 1 -1 -1 -1 -1 -1 1 -1 1 1 1 1 -1 1 1 -1 1 -1 1 -1 -1 1 -1 -1 -1 1 -1 -1 -1 -1 1 1 -1 1 1 -1 -1 -1 1 1 -1 -1 -1 1 1 -1 1 1 -1 1 -1 1 1 1 1 -1 1 -1 