128
52 56 90 51 6 44 25 79 45 70 58 46 7 79 61 12 56 66 28 99 64 21 17 38 23 17 38 1 58 45 65 52 50 32 1 23 53 66 53 50 33 24 29 11 37 93 38 8 47 51 88 96 81 70 41 79 90 2 19 1 13 19 83 74 91 85 19 31 44 59 89 9 54 91 94 5 52 80 92 62 48 98 58 89 87 70 30 52 53 76 83 8 70 50 72 14 10 67 62 88 85 40 72 70 26 3 64 9 98 96 35 36 15 85 22 85 22 11 15 79 90 61 72 36 62 21 48 6 
90 82 71 16 74 6 47 2 68 13 82 84 59 41 48 33 12 53 57 44 89 66 2 18 14 24 98 69 68 69 61 97 60 55 3 92 31 77 7 4 45 83 59 54 20 17 72 95 14 20 99 81 9 18 52 84 29 24 15 23 89 87 69 57 48 69 78 15 81 39 49 94 57 21 5 13 6 2 84 80 32 13 33 86 21 5 91 95 3 38 8 80 3 95 97 36 84 7 43 70 51 16 99 29 77 89 49 68 64 14 38 92 64 74 33 90 82 51 46 91 90 99 92 91 20 16 89 70 
49 16 6 59 53 28 72 54 68 40 75 93 56 17 91 88 90 51 52 39 33 46 83 49 19 3 11 65 61 73 59 78 97 16 84 15 46 34 3 82 52 54 30 17 8 24 6 24 87 58 15 13 27 15 86 74 76 25 13 25 90 85 87 38 66 65 31 37 59 76 62 41 6 40 74 66 24 18 56 37 31 3 7 84 1 46 84 60 75 50 74 13 83 88 21 73 4 56 24 55 47 1 19 77 92 53 48 10 18 53 88 33 31 12 60 83 33 5 59 18 80 96 82 24 94 10 32 11 
79 51 80 22 5 3 3 79 18 15 6 63 52 4 16 40 98 8 48 16 93 4 21 97 48 23 39 49 97 4 15 23 40 26 90 75 55 10 77 71 69 14 76 49 30 75 59 6 92 98 16 35 28 21 6 98 2 34 24 50 14 76 74 69 78 37 72 47 4 6 85 93 94 56 86 86 81 34 19 91 28 44 74 7 65 43 9 83 78 70 38 86 25 90 99 4 78 33 46 39 90 89 43 26 45 49 44 11 33 80 45 9 72 6 84 53 84 91 40 17 19 56 32 4 50 23 86 94 
88 80 22 91 30 97 88 44 66 85 16 27 72 58 17 81 60 5 12 5 56 61 73 72 34 50 82 45 41 11 26 46 42 62 63 78 5 87 99 42 70 65 22 55 54 80 36 11 14 33 93 41 11 92 69 46 88 89 86 31 40 59 29 11 56 37 13 55 95 56 64 81 52 84 16 1 98 21 38 87 13 97 10 49 15 17 42 10 3 60 89 84 59 47 91 89 60 7 91 85 51 39 35 92 85 22 67 19 17 96 45 67 81 98 100 94 47 56 62 11 74 5 60 70 80 65 17 27 
96 74 60 50 70 24 67 48 64 64 93 86 48 77 43 83 99 62 64 2 65 8 10 17 99 30 25 77 14 27 24 12 7 88 31 6 74 51 73 26 87 82 86 85 48 72 78 25 46 37 34 3 7 23 85 71 63 11 18 86 41 84 57 19 71 49 91 23 95 66 79 92 83 91 97 7 84 24 52 61 21 70 88 6 81 96 10 34 74 98 19 81 86 30 11 70 90 53 9 26 14 28 48 11 3 85 18 83 52 25 70 8 77 22 45 1 7 5 58 5 40 65 19 75 35 55 64 71 
52 97 75 61 75 25 50 19 19 54 22 53 24 85 40 30 12 73 70 12 92 39 64 15 31 98 75 26 50 21 6 25 40 69 49 43 22 27 15 24 22 39 62 66 49 87 31 39 69 42 83 10 42 17 54 45 9 93 62 45 21 15 43 52 86 4 55 94 49 64 60 25 63 5 99 58 75 25 66 47 52 100 9 86 64 59 60 65 96 54 4 67 40 2 8 63 33 15 65 32 35 21 72 29 30 30 18 57 82 32 7 19 86 64 15 76 38 44 43 34 82 90 37 25 64 76 54 61 
32 8 65 28 2 8 14 61 94 59 71 34 71 38 74 47 95 62 61 81 34 70 26 10 62 71 44 6 81 94 49 81 63 38 16 1 79 35 73 42 45 1 31 39 28 100 22 79 80 88 37 22 78 37 67 19 69 70 82 23 73 5 100 6 36 99 7 7 69 91 43 14 61 58 43 67 38 71 46 45 10 2 7 58 6 58 84 50 32 42 5 30 9 19 31 92 74 68 67 82 7 90 94 64 38 3 86 77 45 95 72 4 4 21 92 54 31 34 45 88 41 68 77 16 38 78 39 75 
92 40 10 55 18 51 28 64 47 7 84 40 79 91 54 44 43 19 35 46 68 90 58 70 16 85 11 27 34 51 26 6 47 8 50 8 41 45 87 12 85 41 38 98 82 68 12 33 17 64 17 71 25 9 62 70 31 98 3 16 69 96 66 62 48 8 91 95 11 87 53 56 93 26 52 10 59 61 8 89 14 6 33 51 53 61 6 48 98 81 5 30 23 6 32 66 99 71 45 96 40 48 19 26 44 99 8 84 41 21 47 66 48 75 62 43 40 57 44 4 48 30 51 74 23 58 96 52 
8 2 5 27 6 92 47 62 88 15 42 42 71 26 13 18 63 18 24 53 5 18 86 3 1 96 32 45 31 90 72 65 36 19 94 18 96 48 82 81 22 60 3 87 43 8 1 77 73 75 25 92 87 27 14 76 23 47 33 72 79 23 14 67 84 40 89 90 60 29 50 1 72 90 100 38 95 91 84 31 51 93 71 37 99 79 54 1 89 62 33 30 66 13 97 73 38 39 12 83 87 63 19 90 38 44 50 28 51 67 94 68 82 76 91 39 87 58 69 1 17 64 32 82 14 99 65 15 
85 57 20 2 53 68 56 22 25 78 34 34 84 15 49 71 86 30 55 47 1 50 6 77 73 27 74 31 36 39 9 30 33 74 74 38 89 75 25 65 96 2 78 4 46 9 95 42 2 44 1 18 94 76 24 96 41 31 53 75 34 61 32 14 91 22 73 71 47 92 68 46 4 77 74 10 35 66 71 54 29 29 85 8 16 45 65 91 71 3 29 34 66 66 6 74 39 15 51 38 60 48 66 81 58 43 57 36 94 84 40 98 35 10 41 21 65 3 29 25 61 22 53 4 46 26 30 75 
100 7 80 28 100 48 79 64 37 86 25 72 50 88 41 45 94 39 94 2 55 58 75 23 41 68 71 10 10 42 99 79 99 72 2 38 9 94 93 93 68 2 59 16 26 91 99 60 70 9 7 23 87 71 35 47 38 67 97 94 16 57 57 46 22 72 64 79 67 93 27 29 71 73 24 23 13 99 4 72 79 7 30 38 94 65 84 16 89 16 93 11 7 6 96 62 7 77 18 37 95 57 13 61 41 10 63 9 54 21 60 9 24 1 80 99 45 44 23 86 51 69 88 89 36 53 69 49 
54 50 39 28 16 56 26 6 79 31 16 29 95 66 99 34 79 39 90 95 52 66 51 6 62 3 96 37 2 7 28 42 72 53 87 20 81 37 73 70 80 1 61 2 77 45 55 81 19 32 92 45 5 51 68 17 23 44 68 70 81 62 39 36 41 71 55 53 58 49 66 6 21 96 58 96 81 48 18 88 44 16 54 26 33 83 80 43 87 46 95 68 46 45 75 53 63 66 76 9 40 63 31 19 53 99 82 26 10 82 59 6 47 93 24 31 37 55 7 85 25 3 76 38 55 39 5 24 
3 9 32 51 79 28 92 54 3 17 91 85 77 6 17 67 39 9 31 46 37 54 49 36 50 65 29 7 88 26 82 100 66 92 68 89 59 42 59 12 26 14 18 8 63 97 40 88 91 31 98 27 65 83 89 97 79 15 12 40 99 81 68 36 39 25 17 96 3 24 91 97 40 8 82 6 17 46 82 21 20 49 83 23 35 79 95 98 65 83 41 14 56 37 86 57 29 71 32 7 2 48 29 80 49 60 88 90 51 79 61 10 77 69 77 49 34 43 86 7 95 51 1 31 25 52 34 65 
69 17 54 8 89 31 1 60 75 72 23 62 27 15 71 29 39 10 90 39 81 28 62 14 71 83 14 86 96 32 70 20 59 6 24 61 52 76 34 66 79 31 47 2 81 86 31 38 62 69 53 97 96 83 84 26 36 70 4 46 20 15 87 31 30 48 51 35 34 57 78 87 31 5 2 23 90 23 41 8 90 38 95 97 4 10 86 70 86 8 8 93 74 88 78 33 13 69 87 61 82 72 47 75 72 21 32 31 13 48 47 38 55 53 81 27 68 100 76 83 36 38 96 88 71 69 85 78 
3 53 60 25 85 62 38 65 8 9 85 62 52 57 48 71 38 93 51 20 83 38 21 5 100 29 36 94 23 25 88 40 42 93 59 41 25 78 70 10 100 78 17 84 82 67 27 63 63 87 94 54 58 22 31 50 15 21 53 60 13 24 32 76 78 71 99 82 49 87 49 80 24 90 10 30 43 8 57 51 76 52 55 82 74 86 90 50 8 92 12 38 53 88 40 52 62 11 23 32 49 86 90 87 37 72 14 31 66 58 2 64 84 3 91 28 36 58 41 49 66 17 6 74 16 66 22 15 
62 87 23 32 62 77 42 41 97 95 9 44 80 16 73 34 55 56 51 96 82 81 89 23 28 67 79 65 70 56 8 19 28 45 71 41 3 53 92 70 84 1 47 97 6 25 96 16 83 74 51 26 58 74 99 77 77 30 33 87 77 55 33 64 78 82 46 73 33 55 7 22 4 22 70 15 92 64 23 34 63 87 82 63 43 92 9 96 74 77 67 44 10 24 41 36 100 33 95 56 20 98 97 96 18 95 30 53 88 35 11 12 18 1 97 4 18 85 93 40 50 14 12 73 51 58 62 80 
1 24 44 6 17 38 87 41 50 34 58 36 12 71 65 85 41 56 82 37 74 64 60 87 76 64 57 97 68 25 46 36 79 49 56 17 48 56 48 14 16 81 7 19 60 1 35 53 85 26 24 97 51 7 46 94 73 41 70 79 34 28 67 44 67 74 22 86 35 78 46 74 48 1 89 56 99 82 92 33 19 3 66 100 34 78 50 55 61 39 19 71 40 58 57 37 78 97 46 73 23 14 54 63 18 82 18 82 95 29 85 100 56 1 36 3 55 3 87 9 60 90 67 2 15 2 92 9 
27 46 82 14 62 68 46 11 27 85 100 58 100 13 40 82 22 66 2 68 95 18 98 1 58 25 7 42 48 38 91 93 25 19 98 78 77 45 85 93 77 33 39 83 58 7 38 6 80 8 9 12 5 89 88 57 67 60 63 14 65 86 27 34 28 71 45 7 15 52 28 32 2 30 17 33 95 81 79 80 46 50 66 85 9 48 6 67 93 17 21 50 19 80 4 69 87 3 26 10 41 11 84 52 38 47 63 76 14 57 76 25 87 98 1 26 29 85 1 50 15 11 73 76 40 62 58 21 
50 9 84 95 48 55 5 32 73 66 79 11 74 97 74 69 23 12 84 51 75 93 94 31 88 59 58 86 67 51 1 1 25 57 38 18 44 55 56 23 50 28 28 43 48 76 67 82 78 93 87 18 78 81 5 22 68 69 36 49 87 53 73 66 44 99 87 26 20 39 96 66 44 15 68 44 80 66 6 69 96 49 93 54 11 20 97 83 81 90 5 81 72 39 36 72 70 23 97 32 23 77 7 3 94 36 97 93 97 5 67 9 44 77 51 57 70 15 73 53 29 5 43 15 94 29 88 66 
17 24 59 67 43 39 47 44 79 88 58 67 79 53 98 31 87 32 94 8 52 73 2 49 25 79 25 35 55 5 22 82 44 79 93 77 11 10 98 56 21 23 3 49 2 84 7 27 74 28 93 60 72 95 5 57 22 18 25 35 24 57 58 17 63 50 85 91 51 7 22 64 12 72 49 62 63 96 60 45 1 9 92 63 43 81 65 37 80 85 71 50 78 36 34 43 52 26 89 97 42 34 39 3 79 77 32 54 69 41 55 40 32 74 93 24 83 49 53 21 68 73 66 45 4 48 45 37 
65 51 43 22 25 82 64 68 73 36 93 77 46 99 9 76 49 73 90 43 82 1 34 90 85 43 17 85 30 19 11 60 99 96 29 90 33 96 19 79 76 62 91 60 84 2 18 62 90 10 45 45 70 67 72 78 16 15 35 7 84 76 34 63 78 69 76 32 99 33 81 100 70 82 92 81 99 33 34 8 71 85 46 17 99 63 33 43 22 93 43 78 74 36 33 48 67 7 69 45 42 93 34 93 99 55 73 16 58 82 9 80 55 48 2 95 86 23 94 51 64 16 55 42 69 61 30 39 
43 73 10 23 53 39 16 61 1 24 65 100 51 58 46 95 96 43 1 60 25 52 10 18 85 92 61 30 8 55 49 86 92 92 35 85 92 84 69 47 10 45 76 30 89 93 85 31 52 20 50 45 14 33 36 19 68 36 46 12 9 18 87 74 80 97 83 75 47 30 62 77 80 31 62 94 59 24 38 32 12 16 73 43 99 22 32 72 13 22 87 33 10 8 86 77 24 63 90 61 97 60 60 67 58 39 24 11 64 9 22 5 18 35 5 80 11 43 94 29 13 20 83 53 37 96 52 90 
27 46 56 14 30 89 23 50 3 79 78 9 61 49 61 99 88 67 60 29 28 62 89 99 54 54 32 75 26 71 11 15 51 89 42 58 34 45 26 24 17 1 3 22 6 16 88 31 4 6 83 92 74 11 75 18 7 48 50 64 42 5 4 80 7 85 49 42 100 52 87 22 94 38 100 21 49 21 23 71 40 65 11 78 8 81 51 83 39 95 4 67 78 50 60 100 13 56 31 95 11 52 19 3 69 42 66 98 2 5 47 69 100 58 30 54 10 73 84 80 83 28 40 5 59 95 8 15 
85 61 80 51 52 41 75 34 20 73 95 59 3 77 62 54 4 94 95 100 68 80 49 35 56 36 50 32 43 6 76 75 8 43 99 24 24 56 39 45 87 53 18 2 88 28 38 9 60 93 26 72 9 10 34 54 82 24 21 90 35 100 9 23 97 89 22 43 38 36 20 32 37 16 82 28 66 43 62 61 73 3 77 27 26 50 82 51 7 77 24 8 77 6 16 17 7 56 48 7 26 84 50 73 52 24 78 98 7 77 81 67 57 30 33 37 77 55 60 49 20 100 16 48 44 56 47 31 
44 20 26 51 68 51 87 31 28 44 79 20 29 68 31 16 35 52 26 67 64 10 87 34 38 25 55 21 49 56 4 59 79 31 51 44 84 29 20 7 54 32 75 91 31 5 92 93 88 2 90 4 7 64 34 60 3 79 7 57 67 39 88 70 28 23 25 42 57 37 30 34 6 89 29 88 98 19 31 87 1 42 38 16 62 36 35 70 87 100 19 80 61 83 10 2 74 59 54 61 59 62 94 7 92 51 6 70 15 97 24 61 91 85 61 37 13 8 83 49 8 55 35 67 13 35 41 71 
71 21 36 19 58 70 10 50 88 48 35 72 94 25 65 94 45 40 98 46 8 67 60 71 42 26 29 56 28 91 57 84 32 17 6 93 63 95 12 35 83 27 82 35 38 44 69 70 75 47 99 50 14 37 64 53 59 26 63 39 44 22 64 54 77 38 39 50 18 76 10 94 3 94 40 79 36 75 31 47 45 30 80 45 7 11 56 18 47 26 47 65 59 83 73 58 28 63 20 18 7 61 88 7 14 87 100 72 48 53 68 49 83 59 41 46 46 31 81 5 37 99 93 62 53 47 45 90 
74 64 47 46 56 77 73 87 29 10 83 39 97 73 88 27 38 59 32 15 69 59 50 58 30 52 64 15 1 6 81 1 48 55 2 100 64 23 89 62 8 77 72 73 74 23 49 33 1 28 65 92 42 8 82 52 19 76 10 81 97 94 28 30 8 39 18 38 47 64 32 86 82 64 21 65 40 68 15 28 27 27 87 47 34 29 66 21 98 94 44 26 45 23 15 98 55 4 28 68 34 16 34 60 49 76 80 92 66 68 51 42 6 10 17 25 49 93 30 16 59 8 38 24 34 33 39 78 
60 19 96 12 61 33 38 16 87 68 55 19 16 34 14 94 28 50 99 68 33 74 2 63 94 56 65 52 61 65 79 82 47 67 95 50 99 58 48 77 83 42 21 6 85 64 99 36 17 20 36 65 95 82 97 17 63 32 49 49 13 97 71 6 77 59 62 79 85 1 87 84 56 73 25 13 52 1 33 26 86 95 85 7 46 54 77 87 87 87 29 9 60 28 16 9 53 97 58 95 72 82 78 67 73 44 16 17 1 14 71 35 44 53 96 19 36 51 76 15 85 90 31 11 94 74 60 78 
74 8 28 29 37 6 89 92 13 47 46 89 13 77 25 53 58 16 23 69 33 18 29 38 81 58 91 66 34 78 98 67 88 22 31 72 80 98 44 28 75 76 34 95 78 64 43 82 8 43 35 31 100 23 64 69 97 49 88 92 48 7 43 98 44 72 93 18 16 60 54 25 99 8 90 41 26 88 31 61 14 22 16 62 36 44 5 23 56 32 3 76 22 88 16 72 39 86 27 93 96 4 88 30 3 27 6 75 35 77 15 84 89 9 54 55 12 90 59 55 34 12 42 93 12 16 48 42 
7 24 2 35 74 22 10 84 36 4 4 2 1 2 12 75 81 28 7 24 59 43 32 28 29 18 99 41 99 58 90 50 87 30 48 47 16 39 63 55 25 61 73 18 78 31 1 94 99 32 62 33 71 86 43 41 33 56 95 51 57 73 18 72 19 91 17 27 70 16 85 67 23 24 48 35 84 85 49 15 83 53 62 2 7 17 87 89 6 11 97 73 8 84 6 69 14 18 48 70 91 13 74 36 1 48 20 74 14 75 37 26 39 3 8 22 71 67 74 90 49 68 81 94 12 14 20 57 
73 9 31 37 8 34 29 69 15 92 46 12 93 1 19 61 84 92 51 3 27 100 99 42 56 81 42 93 95 51 39 66 12 69 87 53 11 49 13 48 52 89 64 24 25 46 82 87 86 81 34 73 13 99 87 8 73 27 24 33 72 18 34 37 68 69 91 9 12 52 38 38 37 24 50 67 38 67 63 8 21 4 41 71 77 97 44 68 5 82 50 28 26 73 13 87 32 7 18 58 75 10 37 86 67 43 24 16 14 15 41 44 51 8 3 43 74 96 29 82 59 82 12 61 51 11 6 27 
89 2 8 62 94 88 56 2 50 42 41 29 77 86 27 12 68 12 28 84 64 32 15 29 13 81 85 59 4 34 83 79 35 52 76 100 3 73 55 14 30 73 83 81 46 26 23 41 71 57 68 78 100 54 56 36 62 75 57 82 1 91 61 11 46 7 85 81 70 25 92 41 1 95 64 19 90 89 38 90 90 74 70 75 17 43 67 42 21 30 98 44 84 31 22 91 53 69 53 85 78 57 93 2 55 73 74 97 70 80 3 36 21 26 82 56 25 28 54 52 57 57 69 97 7 76 63 23 
24 13 1 6 88 83 47 65 39 6 28 61 37 45 9 99 13 40 3 100 93 87 4 15 83 97 42 83 28 19 44 82 25 13 32 70 56 84 50 36 18 83 88 65 16 61 47 27 5 49 70 26 33 43 63 52 22 28 96 86 11 18 47 90 64 17 16 21 4 43 14 9 58 17 15 12 73 82 75 13 57 22 5 85 67 8 46 78 10 12 78 44 18 59 80 83 86 77 88 60 56 15 2 91 82 25 65 21 21 40 89 9 33 90 16 19 57 57 76 66 69 55 26 19 69 92 89 74 
58 80 63 83 73 49 92 33 34 53 41 39 24 27 71 50 92 7 37 56 30 84 27 14 19 8 3 89 37 33 38 56 64 20 32 74 88 42 9 88 29 27 51 52 72 74 23 31 10 9 87 84 90 54 4 12 17 94 46 35 70 40 5 92 23 53 28 33 59 86 34 79 76 60 71 76 93 51 36 50 1 6 87 62 49 81 53 79 100 5 100 5 30 54 56 22 21 94 81 15 82 53 10 46 62 94 51 90 88 91 38 51 21 8 64 22 82 77 9 86 59 82 73 87 52 88 37 100 
78 68 81 11 46 18 33 68 66 12 75 36 45 32 36 19 34 35 32 17 61 44 100 59 83 96 11 65 10 66 50 65 92 64 78 97 77 69 81 73 100 40 55 15 89 78 89 76 71 56 18 1 28 84 39 69 69 38 73 53 48 50 4 30 69 17 64 23 53 44 78 76 87 97 82 81 73 68 40 81 8 95 9 87 31 56 4 51 96 2 60 29 76 77 24 45 98 12 79 63 82 59 7 44 96 59 19 79 73 75 37 61 73 30 66 62 40 47 14 7 16 64 92 84 97 48 81 98 
27 19 60 73 29 98 13 4 60 50 41 17 43 28 58 3 30 78 88 20 5 34 100 76 2 98 13 54 17 10 64 62 61 98 69 40 12 46 54 99 24 50 34 83 85 70 66 57 99 64 7 72 23 44 11 10 61 71 61 59 7 5 65 93 14 66 20 97 67 6 16 77 36 66 54 67 36 82 15 28 47 94 22 47 46 77 52 72 65 44 88 72 84 45 75 85 89 65 81 96 6 9 5 32 83 71 79 58 45 66 29 50 47 77 31 63 46 16 69 14 1 34 83 97 50 69 88 9 
64 24 94 13 83 96 99 48 87 48 29 3 78 34 1 32 91 88 66 74 58 54 89 55 44 21 97 50 56 60 14 47 33 94 46 57 70 57 90 49 24 23 94 14 50 69 69 71 48 60 3 46 76 41 63 96 92 18 26 69 64 55 58 67 94 53 67 84 90 19 54 51 80 43 25 36 5 69 56 46 43 80 48 18 46 87 98 19 9 29 18 81 5 62 27 99 87 5 31 84 71 46 93 57 57 64 81 82 40 31 19 80 26 94 11 72 98 41 56 29 95 91 99 24 73 18 33 93 
78 51 16 59 35 5 19 99 75 82 22 52 19 63 68 11 82 34 88 8 47 67 49 57 4 60 83 57 44 96 88 77 15 42 87 99 96 45 25 35 33 89 61 87 54 21 78 11 75 62 54 77 63 45 90 33 56 80 96 12 72 56 58 7 56 48 6 3 73 84 49 41 20 85 92 36 7 48 26 100 5 41 17 6 34 13 83 68 5 55 4 11 88 78 7 55 55 75 74 12 57 59 50 77 72 58 99 82 94 23 93 65 32 17 85 6 37 2 19 35 67 30 75 66 34 35 40 35 
53 50 64 88 67 54 26 35 99 70 12 15 13 15 39 70 24 55 57 29 71 85 87 93 47 3 79 89 53 91 89 70 13 53 76 66 4 82 73 78 17 20 39 53 72 51 81 36 20 98 40 1 91 96 57 34 76 31 65 100 33 90 77 78 9 91 56 84 43 10 90 64 81 81 8 12 80 54 31 82 52 86 79 88 72 59 43 49 31 50 97 60 62 34 2 99 70 44 65 26 48 78 56 56 54 39 13 17 53 57 74 91 49 1 34 20 58 50 21 76 99 4 87 40 48 50 39 12 
64 79 17 83 77 69 60 74 62 12 83 7 17 45 50 36 7 40 89 50 68 89 71 97 51 88 52 34 84 21 27 28 84 32 58 74 25 86 12 100 7 8 86 21 4 37 65 44 66 48 5 5 15 65 46 60 58 69 24 36 14 100 59 25 7 91 47 3 26 55 80 15 85 99 67 32 30 33 54 55 54 40 57 27 84 12 36 89 59 43 20 43 25 24 99 85 89 4 79 38 36 3 74 65 4 66 19 93 99 42 44 50 20 47 63 47 21 98 33 66 73 40 60 45 95 43 46 90 
19 76 95 90 82 2 85 55 48 50 69 28 10 90 39 60 61 74 17 25 61 99 66 17 82 24 67 56 19 28 23 97 95 98 33 40 91 78 68 57 15 41 34 22 74 31 14 90 76 21 25 77 67 26 14 11 72 73 5 36 45 54 27 90 21 98 89 15 66 53 58 31 27 8 10 36 55 18 81 23 85 58 96 87 73 17 82 54 38 12 85 61 29 94 25 24 26 89 65 35 90 20 26 58 17 94 16 9 1 93 25 20 73 24 3 62 49 76 28 36 84 13 45 22 100 65 31 4 
40 6 85 4 79 44 43 80 75 68 57 37 51 32 64 57 56 43 33 96 58 58 34 5 97 6 67 54 27 40 10 90 32 37 30 94 52 83 43 49 72 83 39 97 83 63 77 12 57 44 20 25 70 70 78 5 9 86 91 70 90 44 11 39 31 41 36 28 34 1 92 64 38 8 8 85 88 89 62 85 46 71 37 42 3 60 33 73 65 47 60 34 29 40 2 42 50 49 66 8 95 34 12 22 47 24 34 26 27 86 96 15 5 32 58 38 32 76 72 86 16 48 79 68 50 11 13 67 
92 28 24 35 59 5 89 60 75 2 72 53 58 85 43 83 63 11 91 62 55 40 92 69 58 55 25 28 35 15 90 55 37 52 97 6 17 87 69 26 58 82 22 66 84 46 93 43 69 53 63 7 46 70 6 59 93 74 73 54 58 24 67 37 7 21 34 69 50 27 45 59 27 95 39 96 78 25 36 79 79 67 28 35 52 27 40 59 46 60 16 98 26 33 39 64 28 61 48 43 30 10 87 87 47 95 41 51 62 29 24 28 26 67 87 37 87 98 21 61 89 25 62 90 29 8 69 72 
47 68 3 42 4 14 14 76 74 27 63 90 31 16 31 2 11 32 75 51 51 63 67 26 73 31 9 57 77 5 99 57 66 74 53 14 79 17 46 31 30 32 4 48 82 45 75 68 24 32 96 96 100 17 23 99 73 20 43 70 77 19 68 95 18 87 18 74 74 28 93 5 97 26 83 46 97 6 67 6 70 54 100 86 4 79 45 11 27 80 7 6 51 42 82 58 5 43 6 48 56 34 39 93 51 60 17 8 82 82 59 59 63 91 24 12 72 80 55 83 95 90 35 10 94 58 83 36 
45 78 33 41 39 40 3 48 98 79 3 86 67 37 42 25 34 55 9 83 3 36 82 58 22 50 89 53 4 22 87 44 91 9 91 44 18 7 19 51 43 84 84 40 69 70 92 82 55 86 27 57 3 33 56 31 2 58 72 52 4 71 27 85 88 52 76 1 70 68 80 34 20 54 17 12 54 80 1 100 47 22 46 32 61 47 16 20 53 16 43 61 64 6 30 49 37 65 65 94 74 63 9 30 23 4 22 51 14 88 85 36 19 52 41 60 54 73 97 11 10 79 19 20 86 90 46 8 
32 5 76 48 74 86 71 7 2 51 14 8 82 48 4 64 90 55 4 26 69 84 15 59 8 31 28 60 42 82 68 30 67 45 41 58 1 79 54 9 6 40 6 85 70 22 62 80 87 19 6 89 21 50 68 12 12 100 54 17 30 62 68 44 27 78 20 37 29 15 75 49 2 89 92 42 93 20 53 16 18 42 47 60 47 70 56 36 32 3 76 98 48 2 96 94 18 70 84 78 53 58 73 12 28 73 49 21 88 43 100 97 91 30 28 26 17 69 71 28 3 92 90 12 58 56 100 35 
73 81 46 75 32 66 96 5 70 49 33 96 6 73 88 62 76 42 36 90 29 68 49 63 40 88 49 99 36 100 58 10 46 57 6 76 15 67 31 77 30 8 86 2 22 68 59 98 13 57 47 5 51 30 48 30 99 45 21 64 51 25 54 69 32 98 86 8 72 80 27 24 92 64 59 85 9 66 46 55 5 58 62 18 52 90 23 46 13 81 40 48 35 21 24 97 62 11 9 25 46 13 34 35 64 8 35 42 63 42 45 92 40 40 50 97 66 51 76 32 44 70 15 10 59 46 24 12 
57 84 69 49 84 4 11 18 71 68 62 11 78 69 7 26 58 72 64 53 56 23 5 48 5 35 2 40 81 48 9 65 11 5 75 18 49 34 59 62 66 88 79 93 80 95 78 26 45 85 54 79 7 1 76 95 55 63 91 84 32 31 37 95 99 49 21 75 76 99 13 81 52 14 61 22 12 41 51 97 6 40 74 49 96 27 15 94 56 74 64 54 34 82 89 85 76 100 34 6 44 33 60 41 78 55 9 65 13 71 60 34 29 18 69 51 25 75 43 1 68 79 19 64 90 76 89 34 
4 56 30 26 83 76 90 76 52 33 86 24 81 6 49 39 86 32 24 59 28 48 60 32 39 85 80 34 60 61 94 22 75 27 37 81 87 97 91 70 6 14 6 100 59 42 32 31 5 31 17 22 18 58 92 19 34 37 70 85 12 39 44 35 45 41 20 67 4 63 62 74 58 40 78 73 97 83 77 25 100 92 73 53 76 72 38 46 32 55 76 68 40 7 10 52 37 40 47 64 95 39 52 43 63 16 56 86 91 44 37 19 47 82 79 23 60 86 21 80 80 77 51 33 49 98 52 47 
37 80 35 4 49 74 85 56 76 85 43 44 52 1 37 49 62 85 74 51 93 20 88 54 70 46 63 74 39 76 51 24 9 19 46 41 91 12 12 60 91 7 10 83 84 49 16 89 30 17 89 69 41 24 76 37 45 86 63 33 96 36 66 40 45 33 18 4 15 27 18 61 2 46 65 51 98 37 69 22 83 52 17 3 21 39 3 76 58 99 77 95 76 81 56 59 69 70 44 53 77 87 100 4 69 87 42 26 95 96 61 35 81 22 29 74 90 9 8 80 59 25 22 29 93 97 1 62 
71 14 47 61 73 76 19 25 63 47 48 7 61 19 18 17 85 31 77 48 5 89 57 68 7 12 22 97 48 80 43 55 98 36 57 88 23 62 83 42 20 30 50 85 14 87 51 68 34 76 85 83 68 40 78 40 88 88 36 6 90 11 78 3 26 86 13 56 74 7 11 9 48 68 36 67 24 31 90 44 83 14 59 45 36 28 74 72 1 51 38 97 41 20 46 20 44 43 65 41 25 33 10 8 11 45 74 16 94 98 14 31 19 52 2 20 11 15 43 63 37 49 49 8 86 51 85 93 
88 59 50 27 99 85 60 50 58 46 6 82 68 10 51 65 76 51 57 60 75 40 60 60 86 6 36 14 77 62 19 63 56 19 51 53 52 21 84 10 30 46 57 8 2 94 1 75 40 1 71 7 81 73 94 45 24 82 51 24 56 65 76 44 40 14 25 64 63 60 67 96 10 48 89 57 12 55 34 41 16 82 34 42 85 65 67 92 43 18 52 20 37 12 98 98 50 62 82 45 49 91 52 64 40 45 38 89 60 66 66 19 82 27 60 10 90 48 98 86 87 44 44 78 74 18 98 36 
60 12 1 84 43 57 70 80 55 82 74 28 74 30 25 92 80 17 88 7 80 24 19 97 75 27 34 31 50 38 5 33 88 76 9 11 30 33 37 78 40 90 37 65 42 48 25 30 48 40 54 71 73 6 82 19 51 46 34 32 84 68 15 84 98 34 34 87 52 73 70 5 4 73 54 87 95 76 77 60 7 57 74 16 99 73 95 63 49 88 32 13 36 10 16 43 69 7 88 94 74 19 8 15 80 41 49 73 29 81 62 40 73 27 66 99 88 67 43 71 30 84 59 16 12 37 31 44 
79 98 89 47 44 80 47 62 83 46 85 81 25 79 86 75 97 34 80 64 58 83 17 15 42 92 57 88 43 74 14 67 1 83 94 68 30 16 96 4 33 40 9 4 21 7 100 25 93 66 41 94 8 55 29 61 76 80 77 16 37 41 83 92 16 49 89 16 60 56 15 72 17 66 89 65 42 31 27 57 8 61 76 57 88 56 62 51 78 51 60 35 76 47 42 5 11 35 4 66 94 94 79 44 19 9 60 43 72 4 47 37 65 54 60 74 89 71 73 96 62 89 43 16 69 68 63 61 
31 100 1 14 43 29 86 61 99 12 43 24 17 67 57 52 80 50 22 64 55 32 65 86 22 58 54 83 94 93 84 25 29 79 84 11 63 72 92 81 73 64 77 33 22 52 35 33 35 12 53 51 31 17 32 14 69 78 66 63 9 88 91 10 89 98 62 35 47 32 95 19 84 96 2 79 68 43 72 33 74 17 5 45 39 8 8 52 55 37 18 41 10 42 83 35 34 43 64 89 42 87 51 89 84 14 25 55 19 90 72 61 7 81 85 100 58 51 90 39 44 22 89 92 31 79 97 78 
10 91 90 80 66 76 99 15 30 76 67 23 6 74 48 72 33 47 71 12 54 77 27 60 76 31 59 4 28 2 38 69 47 28 29 82 23 88 45 71 56 48 37 93 28 64 56 83 52 98 42 36 40 53 45 9 10 33 71 10 67 24 65 13 74 60 23 7 61 98 41 91 18 37 24 20 100 53 92 65 97 81 89 49 54 25 33 13 61 65 18 12 10 94 27 92 32 60 79 81 12 2 36 70 43 3 98 72 29 65 27 10 59 90 92 83 19 85 40 73 44 5 8 21 84 41 50 47 
46 75 46 34 39 33 50 64 77 52 53 32 54 37 38 76 81 19 49 32 13 67 88 66 42 88 19 76 17 67 73 25 6 19 32 96 21 55 1 71 47 27 12 75 35 75 88 50 57 24 41 45 97 45 68 45 25 79 76 90 48 45 65 77 5 2 70 95 17 11 47 37 71 1 86 44 23 70 15 80 45 42 23 57 71 33 17 7 32 26 83 73 38 16 18 93 30 99 99 18 41 83 67 100 24 11 30 9 53 27 99 95 2 80 53 50 69 35 81 33 97 90 67 12 22 68 66 93 
61 24 88 76 91 47 26 25 71 71 78 40 59 42 48 94 47 48 43 2 44 48 6 71 53 21 94 88 64 92 26 12 87 10 80 69 24 53 21 41 87 60 89 36 4 78 32 9 86 39 41 37 52 61 14 8 100 64 81 87 76 53 86 41 67 72 3 64 5 60 63 16 81 49 11 4 10 83 97 88 87 81 93 55 96 72 85 90 28 96 3 36 66 21 85 71 72 100 4 44 11 47 67 75 59 74 25 9 18 16 48 4 58 54 11 9 70 82 100 15 47 73 43 50 86 11 25 41 
12 88 15 90 53 40 70 31 96 28 14 64 52 77 97 65 13 88 61 2 60 41 90 81 92 20 95 52 49 20 88 7 2 60 7 89 8 64 37 6 60 71 91 70 35 24 46 22 100 35 78 54 98 41 66 24 38 13 14 19 7 25 7 67 22 58 44 96 50 31 78 93 7 64 18 79 11 91 72 94 22 50 72 70 45 64 65 56 8 34 55 40 57 57 18 61 78 23 43 49 19 84 10 68 94 21 27 94 33 85 81 41 45 78 34 39 73 57 12 40 61 38 32 18 2 11 79 50 
58 80 66 77 72 88 19 33 4 69 16 73 13 56 84 35 42 51 40 93 10 78 25 73 44 64 27 59 84 54 84 44 96 35 24 21 79 44 72 23 30 51 37 86 29 48 83 34 42 93 27 75 30 99 22 46 21 88 75 97 33 36 42 90 9 58 28 3 51 2 45 64 37 58 48 39 66 31 82 32 95 61 82 61 16 37 77 72 61 47 41 75 49 59 100 67 76 19 42 91 49 69 73 46 24 25 35 100 29 71 95 79 12 75 46 67 68 8 89 68 23 61 34 67 93 76 19 46 
67 39 11 76 41 27 9 21 21 97 70 71 22 81 94 30 93 93 69 37 30 52 97 20 55 48 27 5 39 73 37 80 92 91 20 45 9 55 94 73 40 43 34 92 63 37 27 36 9 13 88 30 1 98 30 19 41 81 87 10 57 20 28 10 8 3 95 20 49 84 41 29 76 2 76 7 89 51 72 16 17 67 22 10 80 78 14 93 74 25 75 64 74 91 31 3 68 31 94 54 9 74 69 19 96 87 39 80 99 85 85 75 5 97 94 37 95 7 50 8 67 63 69 9 21 30 89 72 
33 98 9 32 3 89 31 27 27 40 21 89 57 21 26 98 58 60 1 48 86 48 53 38 34 2 51 29 83 38 85 50 75 83 57 92 45 38 46 59 79 75 71 46 19 90 25 65 6 90 28 55 81 28 60 75 91 99 65 20 68 90 67 72 12 85 37 47 96 64 10 45 75 40 62 53 14 91 95 87 62 48 93 2 67 76 20 95 5 43 42 90 51 79 70 27 29 12 6 35 81 83 40 34 64 13 97 83 85 28 45 78 70 18 47 3 67 1 7 35 6 31 77 51 32 15 84 16 
90 90 91 33 76 39 13 30 10 11 1 38 1 42 34 15 89 24 80 40 22 46 33 97 7 89 42 51 67 94 39 5 4 16 12 65 79 21 49 98 20 86 27 32 63 61 58 54 4 36 26 2 82 91 47 72 85 74 4 52 20 73 31 45 68 67 90 64 74 77 5 81 43 20 67 94 61 33 79 80 57 74 7 39 61 13 97 15 51 97 76 4 38 53 78 46 10 71 8 79 36 71 39 62 51 27 72 32 10 31 63 68 5 55 94 35 68 95 65 88 74 29 50 72 35 4 7 76 
32 28 64 48 66 8 67 82 53 36 52 68 91 28 83 25 7 56 100 22 9 12 3 70 65 73 76 76 49 22 29 44 2 66 40 41 44 74 43 15 96 38 22 34 8 55 13 89 27 73 48 15 61 31 28 59 35 69 4 71 1 60 35 73 52 5 55 56 54 22 30 20 18 3 99 22 33 40 22 53 10 78 65 75 27 95 40 33 46 100 8 58 35 29 100 42 81 56 76 45 20 9 60 68 80 4 34 51 68 40 47 46 33 13 77 79 68 47 80 17 20 99 76 13 51 8 49 36 
48 56 21 83 72 63 48 84 59 20 2 51 90 63 34 42 95 50 87 33 5 58 93 51 82 46 17 64 99 18 6 48 60 22 18 16 98 55 77 12 64 34 45 97 88 56 69 58 55 67 67 88 96 57 51 10 25 98 31 54 41 93 65 37 85 61 42 82 38 52 42 82 28 100 11 89 70 81 22 32 89 79 98 97 25 28 60 53 46 44 51 8 2 55 16 99 11 99 80 58 54 18 85 8 31 80 14 93 62 15 14 60 58 31 50 2 4 34 4 76 88 29 13 34 100 84 40 68 
46 97 8 33 5 56 96 55 46 1 98 10 14 90 46 80 15 47 85 93 51 87 77 26 85 60 95 58 6 80 82 42 63 38 77 84 23 29 17 24 20 21 81 35 89 25 77 21 20 47 63 63 94 80 32 3 61 72 3 23 16 33 76 96 61 32 93 22 16 7 59 33 81 35 46 17 32 73 52 81 97 9 34 8 15 61 12 44 63 33 68 100 17 20 44 7 74 58 83 88 73 41 72 82 8 97 1 20 92 68 65 92 81 33 57 99 59 94 32 77 99 51 29 42 68 58 11 80 
53 85 84 39 82 74 50 66 48 8 63 17 86 98 97 100 59 14 26 52 81 10 90 45 95 87 69 6 16 59 45 9 65 54 53 15 2 45 44 57 31 22 54 86 11 69 41 91 46 10 73 99 27 3 75 52 100 19 23 76 4 33 19 35 10 18 40 49 28 15 81 60 44 90 8 66 39 52 1 88 38 8 49 42 100 98 32 16 50 26 12 39 9 8 68 96 52 80 11 31 100 1 61 77 77 76 44 62 44 35 27 68 10 55 15 91 4 68 54 42 90 15 78 94 29 37 97 49 
73 20 24 92 12 21 17 53 42 69 67 91 33 63 88 27 63 4 36 70 10 46 78 4 10 49 98 81 39 72 42 12 12 24 4 100 2 76 50 30 45 95 84 36 45 44 13 70 73 85 94 81 39 30 58 39 60 27 72 28 82 83 64 95 39 86 42 60 65 96 36 12 88 85 5 18 62 47 28 27 19 68 2 62 55 1 4 51 89 70 48 1 71 85 73 98 70 34 42 42 68 44 10 18 94 68 75 90 40 93 9 62 35 22 77 80 71 41 60 94 70 3 48 80 83 23 55 27 
77 16 52 17 89 84 18 97 70 7 84 20 85 37 66 4 99 41 100 54 75 81 3 99 47 6 74 5 35 50 9 96 82 57 21 84 65 14 46 20 62 86 77 47 34 19 85 32 35 66 15 24 89 73 38 46 94 92 6 84 9 12 38 64 84 92 55 100 71 27 23 6 40 77 60 24 78 63 62 44 55 88 42 71 78 7 82 80 24 56 49 10 88 65 29 53 94 71 93 81 13 5 72 66 21 15 35 13 88 18 90 3 55 28 25 81 64 26 57 51 52 79 35 28 33 96 40 68 
59 40 38 91 96 8 50 92 56 90 25 20 8 36 64 16 20 78 7 96 87 100 83 76 38 99 90 51 85 98 42 89 29 50 8 97 52 86 72 55 91 45 4 3 25 60 60 65 42 47 68 45 8 89 70 73 31 84 97 60 82 14 32 49 86 100 85 20 2 56 29 39 4 93 61 42 11 100 90 45 47 83 47 90 15 65 23 16 27 97 1 55 96 55 42 22 76 65 48 42 60 90 14 17 4 24 23 37 57 81 65 50 2 52 97 66 58 78 28 69 17 4 21 71 81 13 53 40 
53 51 2 13 16 62 84 96 73 38 11 53 83 79 28 75 25 42 89 20 9 34 62 80 26 92 71 59 79 74 93 81 39 1 82 83 44 3 64 64 78 10 41 89 100 34 71 82 87 30 88 20 40 36 12 18 82 29 16 15 46 32 44 11 93 87 42 35 24 50 2 34 77 77 86 16 7 45 63 67 3 85 9 8 88 58 53 46 32 40 8 68 37 49 78 27 47 24 91 2 76 5 56 93 78 90 21 19 70 93 94 90 46 64 25 87 14 45 28 28 29 92 27 14 31 18 90 50 
46 50 45 35 9 11 95 69 8 72 5 25 36 32 71 63 72 61 85 37 36 1 1 96 8 84 13 18 65 69 16 42 57 77 12 69 1 42 37 3 23 39 72 72 52 17 37 87 43 50 48 18 84 14 37 35 87 91 21 91 76 64 55 84 94 3 77 75 100 47 58 48 99 79 15 46 6 93 11 74 16 43 44 3 13 2 21 72 82 51 14 20 93 76 72 71 16 93 82 7 43 61 71 70 85 62 66 62 4 50 98 61 56 39 88 84 26 39 34 32 78 65 7 41 28 6 93 42 
75 19 98 60 32 92 42 77 41 26 54 87 83 11 17 34 37 90 37 18 56 27 10 64 93 15 4 31 87 61 95 48 13 73 25 61 39 92 89 19 49 93 7 90 42 48 23 42 36 19 43 73 67 26 7 60 91 45 56 2 14 69 69 46 87 38 10 80 96 33 51 1 85 24 23 59 88 16 11 45 21 40 72 67 69 58 75 10 78 27 35 83 52 71 91 57 48 29 56 86 10 34 92 10 89 83 94 85 83 74 54 65 64 52 91 13 54 31 13 65 93 75 82 41 26 88 94 15 
50 80 18 16 45 69 86 59 21 76 32 32 8 56 22 95 55 24 79 33 65 2 51 20 21 97 41 10 47 38 80 68 48 50 85 39 93 41 80 34 82 67 31 9 30 4 84 44 13 73 61 9 99 72 29 69 19 56 32 96 10 41 98 4 77 23 84 70 38 18 63 32 6 59 34 3 79 76 24 4 100 50 57 1 40 61 58 26 9 47 35 53 40 77 64 51 59 86 16 73 11 37 68 12 22 77 64 56 48 58 69 65 18 80 74 35 71 1 38 65 1 68 51 39 63 50 76 29 
25 79 10 74 75 60 10 24 51 94 42 88 93 50 95 13 71 83 23 96 78 79 36 7 57 52 31 82 57 95 38 96 26 22 37 4 16 50 89 78 56 39 27 6 74 95 39 20 89 21 48 39 87 69 76 85 74 49 34 100 21 47 48 34 94 38 92 13 1 97 13 20 45 62 86 20 20 95 41 81 42 80 88 99 81 32 17 38 87 27 67 55 47 32 80 70 43 49 18 51 88 38 25 21 90 39 8 90 100 81 88 93 86 79 25 79 5 84 25 48 85 15 11 32 91 37 5 66 
88 55 9 91 39 39 64 94 32 26 80 41 5 83 34 48 40 83 71 15 63 6 10 53 28 47 56 55 98 65 44 29 31 34 95 41 90 88 98 78 42 31 87 48 93 81 23 50 63 75 53 12 76 13 81 46 10 99 20 38 51 46 22 66 43 38 30 22 80 41 78 73 26 74 73 91 52 96 46 62 5 9 6 5 11 44 13 93 62 51 63 75 29 88 100 73 30 20 93 40 9 95 38 38 11 14 32 52 45 100 75 99 12 77 63 35 23 89 43 21 70 90 45 30 68 26 12 90 
56 87 20 12 68 76 43 77 74 15 58 74 4 10 62 95 11 39 57 85 89 37 74 5 12 99 2 38 12 30 23 91 74 42 97 16 69 16 59 41 78 98 96 75 1 25 6 1 9 18 93 69 2 29 46 69 40 63 61 90 83 27 70 37 1 63 10 89 41 91 34 22 65 5 75 1 33 23 57 67 60 76 37 87 42 99 18 35 49 59 78 66 11 81 38 57 68 9 56 87 57 1 13 65 72 81 69 81 17 22 40 40 30 43 9 66 60 95 51 42 36 9 22 12 94 98 77 91 
22 83 1 59 31 54 62 9 60 47 15 1 12 5 25 3 58 16 30 47 1 31 28 7 16 28 6 70 21 69 52 52 50 39 51 11 65 33 87 84 74 87 84 39 74 94 55 74 61 45 69 82 12 36 41 56 6 87 30 44 90 49 23 60 82 97 22 4 15 52 5 100 26 19 53 34 15 18 66 15 95 96 85 19 22 37 62 61 95 74 35 5 94 97 57 98 77 45 45 69 57 62 42 14 63 55 83 56 82 81 53 21 10 92 32 73 35 99 40 100 80 2 57 6 4 50 61 97 
38 94 15 51 63 76 87 24 50 14 38 63 9 100 3 30 9 100 97 29 11 75 86 63 29 17 81 78 15 60 3 14 15 42 34 81 37 79 62 39 47 31 61 63 46 91 37 39 16 15 57 30 17 74 92 10 73 45 28 50 100 95 9 14 44 63 63 41 3 1 52 80 10 2 9 34 92 45 65 64 28 25 100 64 62 82 17 62 59 100 76 89 24 44 21 85 12 59 54 83 47 39 99 53 43 32 59 41 13 63 19 64 8 47 67 67 93 64 14 18 71 94 87 96 62 22 10 71 
28 19 65 65 70 61 56 92 74 93 37 1 69 37 41 66 64 90 52 95 9 33 9 84 30 73 67 63 1 18 78 84 87 27 48 40 14 78 2 74 95 88 100 34 78 50 40 7 75 13 8 11 34 64 68 19 59 67 98 29 23 75 67 90 52 7 13 88 76 36 10 55 1 72 10 38 53 27 54 14 11 55 23 17 18 57 20 24 56 92 77 10 49 71 91 61 39 81 4 64 40 73 80 60 99 58 78 21 10 36 91 56 85 82 35 71 30 50 28 21 13 69 45 49 3 83 5 65 
67 66 53 37 57 59 52 49 79 86 58 51 1 30 91 48 31 85 80 73 9 78 4 24 76 16 43 90 13 27 76 98 78 26 44 64 94 82 2 5 3 54 6 93 74 73 79 27 15 62 5 64 59 6 22 95 43 61 91 12 100 44 46 59 57 10 88 41 100 90 81 61 67 56 96 74 70 69 43 44 51 37 64 96 80 98 30 86 50 79 34 45 44 35 20 19 90 66 52 18 74 66 70 85 98 62 82 90 15 61 87 59 35 72 37 76 46 24 30 58 19 56 51 6 16 47 14 40 
18 71 28 88 87 6 51 47 30 72 82 29 30 81 40 32 63 55 55 15 78 91 74 64 41 49 60 14 54 54 52 51 53 79 58 64 5 85 8 7 93 40 87 97 52 16 67 4 14 7 44 56 68 16 55 11 93 80 92 21 95 40 34 65 90 19 98 68 31 80 36 34 74 99 38 54 74 23 40 43 68 34 2 33 4 5 29 82 37 23 85 55 96 50 18 20 26 57 3 92 10 47 51 32 54 12 64 23 65 6 22 93 24 25 79 21 7 33 18 47 37 23 19 36 53 7 51 91 
63 41 23 48 41 76 96 88 37 85 61 71 72 78 10 98 50 78 81 46 11 9 68 37 100 37 86 66 85 86 29 86 37 60 3 19 34 6 19 65 44 71 28 72 49 63 68 86 45 43 49 67 5 23 9 100 89 46 20 87 55 49 75 1 48 89 33 52 12 72 13 68 76 19 98 13 62 58 20 97 97 100 3 18 24 98 13 76 42 32 62 82 31 74 41 95 96 15 73 85 42 90 47 88 76 35 1 43 93 24 22 24 69 32 61 28 3 92 3 54 46 36 23 5 68 11 14 73 
27 84 24 36 28 56 64 3 67 12 4 99 10 53 85 42 73 80 74 64 98 86 55 23 28 15 43 18 56 90 59 71 16 68 98 34 60 73 4 52 24 69 79 10 51 9 32 29 65 95 72 24 95 49 50 75 48 38 73 58 4 30 83 94 94 35 32 72 16 59 65 29 40 68 50 66 24 40 63 34 38 14 40 61 35 40 24 34 19 99 58 25 33 12 28 56 52 30 7 10 53 37 95 17 60 7 64 62 36 71 93 79 57 40 38 54 64 41 87 17 48 74 48 45 31 13 86 92 
32 68 31 42 41 20 86 15 50 59 71 59 90 33 51 28 92 53 70 24 53 58 2 19 64 7 94 96 43 26 91 92 29 1 86 43 1 46 82 98 82 93 88 29 53 13 89 47 48 53 1 14 45 89 29 29 60 65 87 56 85 65 40 30 56 89 66 91 60 1 1 49 14 61 77 52 94 97 51 10 20 8 64 93 99 3 15 3 90 59 22 40 47 78 14 93 5 79 69 57 100 21 98 39 35 37 89 16 91 88 54 17 40 8 43 74 79 86 42 3 74 65 68 95 48 57 17 28 
21 15 9 12 99 7 58 52 49 35 31 56 65 59 23 93 35 64 71 98 18 86 67 10 9 46 81 26 78 8 26 47 98 5 27 38 14 24 65 97 54 6 28 23 72 97 33 51 19 7 14 21 51 13 50 32 43 93 59 100 22 20 87 76 85 38 2 9 84 47 19 59 64 75 84 69 32 71 63 71 54 37 55 100 34 47 45 2 91 20 72 90 4 81 87 30 81 2 59 20 72 83 14 6 35 53 50 26 32 47 59 47 3 53 96 45 34 24 71 29 63 19 53 25 48 37 18 30 
32 82 15 38 34 9 36 63 24 66 73 9 53 56 15 3 4 21 59 48 58 72 18 25 17 77 21 10 89 25 95 17 65 60 76 42 15 50 56 79 76 83 63 33 59 89 55 4 98 50 82 30 2 44 12 22 30 50 11 49 89 52 97 74 47 100 58 94 84 77 3 40 57 68 47 4 80 83 20 36 23 92 78 90 70 60 64 25 78 34 22 88 30 46 60 65 90 78 12 60 42 59 31 17 37 26 7 44 74 68 82 42 26 70 94 1 97 74 86 12 76 27 23 42 17 91 4 65 
79 68 91 65 85 73 7 4 96 71 15 50 95 73 98 60 54 33 34 39 85 55 37 89 59 14 3 98 80 4 13 91 49 55 16 26 48 28 4 67 72 69 34 38 44 63 32 32 97 63 29 86 52 89 93 39 99 66 78 73 83 82 91 67 55 71 82 84 22 87 68 36 65 1 89 22 64 74 9 33 51 49 59 98 48 71 77 75 13 53 36 73 16 61 64 42 86 7 29 60 70 6 73 73 58 77 44 51 39 35 25 7 3 42 44 16 97 42 49 83 64 29 4 29 38 51 98 63 
61 75 28 77 70 36 20 40 19 34 58 41 38 93 9 22 4 45 28 74 1 64 97 46 34 44 20 78 7 30 70 47 16 72 87 16 21 32 8 41 68 62 23 86 1 27 44 9 46 26 3 74 32 55 12 23 33 39 87 55 56 31 41 19 2 1 61 82 6 48 10 62 84 98 46 75 37 16 89 41 96 24 90 20 47 7 46 5 39 73 18 78 33 31 66 23 44 91 62 24 71 82 68 95 94 92 43 59 39 36 69 46 91 57 97 77 26 7 96 82 59 53 27 42 71 29 73 94 
88 47 25 62 6 81 43 73 97 36 92 99 94 13 65 73 33 98 72 1 38 59 82 50 63 42 56 72 68 51 79 53 82 67 43 98 40 44 43 12 10 92 96 11 73 89 6 16 99 71 4 98 10 90 2 76 91 32 92 53 60 43 50 43 28 85 48 98 43 49 55 2 90 8 62 67 93 15 36 68 28 64 35 60 21 51 31 36 35 2 35 92 57 85 70 59 14 13 77 45 93 80 35 61 23 35 91 56 76 15 5 30 56 64 25 12 26 1 8 44 51 83 73 10 50 58 67 24 
47 39 73 16 52 64 65 65 88 58 97 27 51 65 92 61 79 92 68 73 18 28 37 19 93 53 56 61 96 33 79 14 48 73 40 9 14 69 46 36 56 86 87 20 8 23 35 96 29 48 47 29 37 91 38 29 100 32 43 49 73 39 28 28 80 48 61 54 13 95 30 12 14 98 41 20 23 21 51 45 68 8 85 23 21 36 52 58 18 47 84 9 77 14 38 89 45 74 57 45 70 88 93 34 66 94 21 20 92 39 13 58 96 16 37 92 83 52 48 17 42 15 91 1 63 85 77 10 
58 64 11 27 7 17 85 1 62 96 81 7 88 93 74 7 76 62 16 99 86 57 54 59 86 58 81 71 55 63 58 26 58 71 48 22 69 58 62 52 5 33 52 10 37 82 42 53 47 99 69 16 78 43 46 55 60 57 62 57 14 76 75 88 56 86 95 83 95 27 69 60 76 18 67 14 84 90 30 48 24 25 58 35 59 5 29 34 20 31 79 14 62 9 65 22 46 31 48 21 98 39 33 39 29 55 26 31 66 100 74 46 40 51 19 34 100 81 82 47 77 95 1 75 30 46 12 87 
72 58 72 47 26 50 64 3 93 46 93 79 59 11 35 35 96 91 52 34 34 88 52 77 44 43 25 4 75 64 37 81 50 26 52 50 80 40 51 91 7 2 97 56 8 83 89 87 56 87 92 12 42 26 27 10 28 2 65 21 45 27 71 79 31 45 75 82 43 3 19 8 29 39 31 46 53 42 30 77 71 24 7 82 44 13 37 44 92 16 87 55 11 29 8 78 92 63 28 80 39 49 78 84 17 57 21 66 47 20 40 84 78 72 2 21 70 48 14 87 9 44 35 87 2 30 65 50 
5 49 6 10 74 28 89 83 1 32 41 60 9 23 50 17 66 24 29 100 39 68 72 87 36 99 48 18 41 1 42 99 1 5 2 56 33 94 19 27 37 98 57 59 11 28 94 97 43 63 9 7 31 68 48 21 80 28 5 35 11 40 68 93 72 96 81 71 8 73 57 93 27 63 10 58 30 23 63 95 89 92 75 53 67 22 37 78 6 92 20 13 4 68 20 18 37 13 44 5 8 2 62 91 75 36 50 56 60 30 54 87 81 30 51 87 85 8 9 68 17 19 45 6 9 53 3 93 
86 55 26 36 24 62 49 30 62 58 78 97 6 24 3 67 90 39 28 22 42 83 99 12 57 98 82 50 13 44 73 32 66 34 32 71 59 71 6 3 40 20 92 19 26 10 80 91 91 99 82 34 99 98 18 91 66 32 62 11 23 53 78 73 6 21 48 9 22 91 60 80 34 72 95 63 79 94 36 93 33 30 8 73 4 60 94 48 83 25 55 30 56 41 90 81 44 77 20 92 81 86 40 34 85 82 82 78 88 8 84 12 68 96 16 37 99 38 20 41 54 30 38 19 67 21 86 55 
37 88 23 19 72 72 87 44 17 22 85 17 88 57 39 56 98 97 69 42 41 46 68 20 88 77 63 84 85 21 80 49 92 7 64 10 44 47 70 26 31 56 88 13 56 96 30 83 95 65 25 27 60 97 13 47 77 25 6 65 93 36 90 95 99 61 92 60 3 89 33 36 63 41 83 3 79 93 5 72 2 33 81 9 36 12 10 2 1 59 30 59 54 9 32 88 44 57 36 94 60 70 76 29 56 26 49 52 17 12 48 20 93 58 80 92 46 42 14 88 67 99 80 75 14 32 6 9 
1 83 10 54 53 32 7 87 58 81 51 88 35 67 50 21 70 34 77 53 54 13 36 31 57 76 79 36 47 22 69 25 69 72 39 91 62 7 37 83 36 50 49 79 39 16 74 83 100 41 95 80 61 26 75 70 6 64 3 48 79 43 68 88 40 52 92 16 31 74 60 68 48 22 90 74 36 71 51 73 31 98 2 64 45 36 47 83 84 2 37 51 72 48 65 43 54 99 2 60 67 70 28 27 57 38 67 4 92 78 27 85 23 7 29 69 74 39 42 33 76 16 52 91 98 85 100 34 
77 18 20 76 29 87 51 24 95 4 63 54 80 24 96 60 87 61 87 57 71 42 88 35 30 96 46 51 75 24 82 45 11 79 25 23 64 29 75 98 63 61 87 67 95 46 37 29 76 78 46 72 95 82 49 98 2 37 72 8 46 59 65 87 92 41 57 58 93 75 20 46 12 38 35 66 16 14 10 54 80 11 41 55 1 21 91 87 44 99 46 76 57 8 78 68 61 79 34 85 38 23 26 62 93 59 12 82 64 84 69 69 48 40 81 71 7 36 55 11 40 92 81 14 27 53 51 98 
68 4 55 23 44 82 34 20 4 10 27 97 96 73 62 73 71 67 9 69 57 11 14 21 14 15 14 99 84 77 46 58 64 5 67 8 65 98 83 93 65 83 75 6 89 3 23 61 53 66 49 93 91 15 84 1 4 95 3 77 41 100 23 94 92 10 63 95 31 85 16 30 93 20 89 62 79 11 33 60 22 29 68 38 84 39 66 95 93 48 78 83 41 38 49 25 37 66 10 16 59 70 53 81 68 61 36 86 75 41 54 17 34 39 53 4 42 28 6 83 26 96 80 59 52 11 68 11 
5 57 44 19 36 84 32 22 26 25 58 89 71 51 72 10 1 25 87 25 78 36 95 81 91 15 5 77 40 70 81 74 17 23 16 95 98 10 63 87 23 38 43 46 69 68 50 51 64 71 73 86 72 12 77 57 93 29 38 71 91 95 51 46 25 97 71 72 29 39 93 38 71 93 77 60 1 33 79 13 55 87 14 88 34 17 64 93 73 78 37 24 39 51 24 91 33 77 89 20 41 27 24 75 8 87 27 16 27 84 45 96 81 44 75 49 29 26 73 17 97 30 22 5 45 79 36 15 
13 23 96 82 54 34 22 68 16 3 90 46 73 3 51 3 84 72 41 69 61 66 92 75 14 70 30 58 67 48 54 78 4 78 47 90 66 80 83 54 6 6 42 2 64 5 92 54 86 67 46 54 60 37 100 64 29 13 84 67 59 24 38 94 95 16 50 41 65 22 29 40 92 45 83 32 12 96 40 83 67 27 5 81 13 13 20 63 14 45 38 89 57 88 86 94 38 7 96 27 9 33 72 33 48 7 81 61 12 91 35 40 13 90 22 41 98 21 36 72 30 15 96 57 38 94 48 41 
11 28 19 79 2 45 4 40 46 85 56 17 44 43 76 72 47 11 8 94 92 100 14 35 100 58 32 1 80 70 57 40 11 93 29 95 8 14 61 25 44 63 35 4 43 84 52 77 21 62 28 99 29 53 100 57 92 59 41 74 100 7 60 96 45 79 75 3 49 38 12 96 19 37 74 59 1 11 61 29 44 8 74 73 56 43 60 38 61 36 88 58 2 54 10 56 49 14 25 38 43 29 83 73 22 44 88 88 11 92 7 24 41 42 51 3 94 55 13 93 72 73 45 45 26 41 86 42 
81 57 10 93 29 92 10 60 85 62 85 69 96 50 97 9 91 30 46 25 2 66 12 63 82 46 58 55 83 41 79 80 77 89 78 83 32 79 11 29 95 16 95 16 94 97 95 95 38 16 82 50 56 17 9 59 5 5 38 7 35 23 37 19 34 7 79 72 47 45 84 11 3 53 64 38 16 70 33 33 93 39 79 29 84 66 59 80 45 80 20 74 83 69 76 45 91 59 56 7 53 99 85 96 67 40 72 12 32 6 41 7 71 93 65 8 87 60 56 3 37 23 25 56 96 96 87 26 
26 22 3 68 31 14 32 76 4 64 27 59 71 51 27 55 2 89 36 86 31 76 53 86 80 63 76 57 53 8 79 29 5 2 36 41 42 40 55 15 63 85 72 53 18 44 48 34 55 64 7 32 32 65 39 64 58 21 53 15 15 99 87 6 5 98 73 87 65 31 8 54 79 83 69 92 53 26 42 77 35 62 21 23 11 8 54 97 53 92 34 37 8 17 95 88 31 9 76 37 9 27 79 86 69 18 45 88 97 74 3 74 90 70 18 25 51 93 26 99 91 40 58 50 85 77 25 70 
50 16 40 6 45 76 17 16 53 88 34 32 92 96 74 46 99 37 46 94 56 28 19 43 56 5 83 49 70 85 37 95 31 48 59 79 49 35 17 6 68 49 40 66 32 16 81 39 27 98 62 1 48 34 52 51 68 15 15 38 9 82 56 82 51 94 74 95 18 36 28 39 39 45 16 85 85 30 33 100 56 34 25 55 9 73 66 42 26 25 56 83 58 34 23 79 89 97 18 77 44 18 49 92 80 17 67 31 54 58 78 47 91 13 60 49 59 49 61 99 32 62 89 44 67 59 84 40 
98 42 79 31 61 74 45 79 17 16 7 4 26 70 3 16 70 77 6 76 99 58 94 82 74 53 71 94 26 30 49 64 33 78 81 96 45 76 54 2 42 29 29 50 44 39 49 57 22 73 62 53 47 80 13 9 58 45 47 64 45 8 56 3 44 22 12 94 21 73 12 23 77 55 9 89 50 2 49 86 67 13 24 99 30 39 28 57 52 84 11 32 14 78 64 45 54 59 7 12 41 90 79 84 29 16 45 3 64 28 88 59 37 82 4 10 16 24 64 24 7 17 25 80 10 73 29 25 
26 61 88 63 82 74 1 58 32 47 43 77 41 69 99 41 50 61 95 66 62 44 24 82 57 88 12 99 59 12 3 57 41 90 63 31 19 8 81 50 62 10 58 84 31 77 28 44 1 4 85 13 95 7 93 56 52 10 83 68 9 17 91 57 56 70 35 36 100 2 61 57 77 42 11 47 75 81 51 16 77 25 75 97 7 83 24 53 40 72 49 8 43 14 53 80 61 82 92 44 34 2 17 9 78 90 44 82 16 85 28 88 13 21 29 26 66 41 95 25 18 37 85 62 5 4 58 51 
54 68 15 37 80 82 90 20 21 10 26 31 65 1 81 44 2 33 84 51 79 37 4 28 87 9 94 40 53 24 54 47 32 34 20 51 59 13 59 3 54 4 69 88 67 23 74 89 91 86 1 42 83 21 74 51 33 18 38 17 62 24 93 39 27 5 33 93 22 30 30 67 4 32 49 65 75 37 8 70 90 70 58 39 73 13 70 100 39 41 13 91 81 36 82 15 27 56 6 54 25 51 11 100 55 44 26 44 57 55 5 22 36 63 28 22 49 63 75 73 10 26 14 92 15 78 71 55 
63 33 3 75 4 26 92 72 67 89 66 89 29 74 82 19 94 82 25 34 54 83 63 15 100 77 31 50 83 48 93 37 43 75 69 36 27 48 15 64 33 16 70 35 56 88 44 99 56 90 28 6 5 40 57 41 91 96 36 76 11 73 51 31 1 13 91 49 71 92 36 7 42 10 52 30 87 48 38 89 1 31 41 83 31 32 90 55 6 17 73 94 52 30 88 14 16 7 78 17 57 34 89 88 39 11 64 95 11 6 25 31 93 61 36 50 43 54 15 16 3 63 77 78 85 11 44 8 
49 56 93 78 92 11 31 92 66 30 27 52 99 6 28 72 79 41 72 48 12 72 67 10 49 73 30 77 90 94 20 95 40 92 44 83 77 37 24 73 91 25 42 49 27 23 71 87 30 100 5 56 49 98 98 69 44 46 62 12 39 79 77 15 58 55 16 9 87 20 2 50 9 6 21 97 49 11 28 20 25 6 60 74 48 53 81 81 12 19 100 49 96 45 53 3 77 65 100 82 94 34 66 16 19 15 21 46 51 51 38 17 21 11 92 76 98 52 17 67 40 36 90 83 70 10 86 66 
47 13 40 35 97 22 22 27 96 71 79 81 89 71 98 85 32 83 13 83 92 99 98 58 66 53 79 100 20 56 64 63 50 20 73 48 61 50 58 72 100 44 9 80 20 56 92 83 17 97 66 39 10 48 48 64 56 51 50 12 82 34 82 41 68 6 6 97 79 9 4 83 53 1 63 96 13 69 62 89 9 15 39 85 81 2 43 72 18 21 51 84 69 40 86 99 97 26 83 10 60 28 12 56 85 58 89 63 83 74 44 69 92 64 78 85 72 2 42 31 48 70 38 26 16 23 36 52 
31 42 76 48 60 60 92 64 96 5 8 26 22 12 88 67 88 29 47 46 89 66 64 34 16 78 72 41 43 96 34 24 27 5 97 93 43 31 58 31 51 95 70 99 49 59 22 35 66 53 37 53 80 43 25 65 42 19 49 69 33 38 16 76 26 42 11 39 62 84 23 93 34 3 79 82 59 33 13 26 14 91 55 41 92 18 43 24 75 45 52 50 50 18 62 45 24 81 41 57 82 26 53 48 87 95 28 80 24 86 53 95 29 78 26 18 17 79 6 100 31 23 80 9 99 10 54 96 
82 100 80 60 54 36 48 64 8 6 43 50 4 41 21 37 69 3 73 61 90 44 13 37 28 95 46 76 16 82 99 1 38 47 60 7 70 88 5 38 61 63 53 88 37 60 35 40 85 29 44 53 11 90 74 64 44 21 73 48 89 94 98 82 72 27 6 39 87 54 36 26 11 7 31 11 88 91 21 41 49 57 21 26 80 51 94 78 40 35 65 34 71 16 91 15 3 83 16 66 85 24 55 62 1 53 26 78 44 89 1 17 65 12 68 20 50 70 73 7 7 89 86 64 27 64 89 74 
24 77 35 42 81 86 57 35 52 19 87 98 43 51 33 29 58 68 32 73 81 36 9 62 12 32 28 55 78 29 43 31 47 15 16 35 37 7 98 66 51 32 93 3 39 14 29 50 3 42 70 62 22 43 13 1 70 45 41 66 74 87 29 20 92 19 64 23 15 18 75 81 9 51 18 35 1 84 59 48 93 23 64 66 82 48 99 55 70 30 79 38 54 36 66 35 2 35 91 15 38 13 33 73 60 39 43 70 99 6 34 72 43 45 73 81 11 92 64 94 41 37 36 33 78 76 82 11 
73 95 71 57 16 16 25 81 73 2 42 40 58 20 86 88 49 31 7 38 60 88 61 30 73 93 68 78 60 91 3 11 30 86 25 83 68 16 11 80 14 58 26 96 39 16 42 62 31 63 9 43 20 64 97 16 93 22 56 18 26 42 9 16 58 63 61 60 8 7 38 69 56 50 74 80 75 57 27 34 85 68 17 65 41 51 64 13 73 40 19 77 30 92 2 43 45 25 71 74 34 92 84 98 48 8 34 46 74 75 91 76 57 30 15 66 78 96 94 100 32 52 43 37 54 55 74 99 
87 69 57 20 14 27 76 79 28 1 14 29 100 63 12 11 72 4 36 80 55 67 29 8 70 88 19 22 46 83 74 92 22 6 76 65 64 76 55 17 7 4 40 14 51 83 40 70 36 46 70 73 29 63 68 33 32 100 75 86 26 42 86 9 44 12 77 16 68 37 91 84 2 57 48 10 61 94 30 66 82 83 45 44 97 28 86 2 96 35 48 47 99 15 15 42 87 84 77 4 7 90 72 94 32 43 12 100 77 61 21 74 64 71 82 29 11 71 10 100 89 3 57 19 89 76 73 18 
27 55 67 55 5 47 79 43 22 24 60 11 47 8 61 26 40 68 33 57 65 7 84 31 30 4 60 70 21 37 19 55 21 22 58 79 19 14 60 80 23 57 63 57 35 100 23 31 89 29 87 16 31 93 45 62 12 55 5 25 31 36 73 84 56 85 69 5 6 28 71 18 76 55 28 27 81 50 66 76 56 51 75 29 84 36 70 49 82 19 38 46 91 49 26 61 37 19 2 98 40 89 73 37 49 99 33 2 30 42 43 2 71 30 66 89 95 91 24 13 49 76 93 26 40 40 11 50 
26 57 16 35 46 91 95 96 26 83 14 49 97 52 56 33 37 83 17 5 85 94 89 6 95 7 6 87 65 45 84 4 90 37 32 3 94 96 30 79 61 42 60 93 16 20 73 77 66 70 58 65 27 70 73 79 72 91 23 55 48 66 49 20 97 97 40 82 90 69 37 50 34 16 36 42 62 30 44 38 80 94 2 42 16 16 98 80 77 54 89 98 3 23 99 82 7 87 9 40 19 92 88 37 36 88 68 39 23 69 77 65 17 22 69 61 76 30 61 100 82 97 95 53 44 24 13 97 
92 35 86 36 41 29 43 73 68 43 69 98 44 15 9 46 50 38 92 96 93 54 86 48 77 41 95 35 73 31 31 100 69 25 53 96 23 70 72 68 6 7 16 93 38 76 86 46 38 92 81 10 61 8 1 91 41 74 17 60 70 80 21 11 100 36 37 3 74 23 3 70 39 90 61 83 77 71 54 28 17 70 32 42 98 2 42 74 94 36 99 58 90 54 24 67 41 50 94 15 6 62 62 33 29 78 41 58 67 77 58 35 72 14 16 77 98 43 94 72 74 61 71 91 40 85 68 59 
32 95 15 42 43 87 3 94 43 96 18 82 20 46 29 8 59 88 52 14 40 31 59 100 4 56 15 61 38 97 62 54 18 56 47 4 92 34 61 49 54 47 90 1 41 32 7 31 21 66 60 27 3 12 90 17 81 51 20 5 77 90 32 78 55 92 22 53 32 99 42 25 29 27 97 26 64 90 93 47 51 49 52 36 79 71 66 40 89 35 93 38 59 87 62 35 63 84 100 54 81 54 30 100 12 10 22 15 70 83 62 97 25 1 4 45 52 44 93 61 19 65 63 66 23 66 99 69 
14 28 65 74 25 56 21 49 51 54 11 6 39 52 13 2 56 49 85 3 59 19 25 60 35 78 74 50 70 85 81 67 54 34 45 87 14 75 26 13 14 11 68 23 85 17 30 5 13 99 45 35 20 9 36 25 59 77 58 16 53 47 54 82 95 37 92 98 18 22 86 66 61 45 17 55 76 84 1 48 55 17 62 8 4 43 72 60 80 41 73 29 32 29 47 26 38 66 57 87 53 23 51 99 100 10 59 85 66 85 11 18 29 46 7 95 77 30 46 2 16 25 31 9 67 80 70 99 
27 90 55 50 43 89 29 38 5 41 41 64 54 69 96 5 28 47 48 42 18 3 54 47 47 51 53 41 22 8 84 50 12 24 94 97 31 72 27 22 41 24 38 65 82 2 19 65 17 14 84 36 68 7 84 19 93 74 74 81 9 34 12 48 28 59 14 23 42 5 26 86 5 70 95 71 47 79 32 64 71 88 54 3 24 56 30 68 61 50 26 61 76 76 99 5 65 100 83 4 44 60 42 9 25 74 57 38 43 53 63 71 95 92 1 21 63 65 12 14 68 5 96 70 73 76 9 80 
15 13 50 59 94 41 21 2 63 53 70 68 21 33 11 42 35 52 90 24 11 41 57 82 37 83 35 59 19 58 6 24 41 46 74 5 86 1 61 20 27 59 31 61 62 96 52 10 53 34 63 40 79 13 100 40 64 21 44 41 26 87 53 39 49 66 65 60 69 94 58 80 97 55 62 58 4 21 26 17 70 90 57 70 46 32 40 86 76 61 92 10 93 58 21 83 53 86 75 43 52 3 55 54 29 2 89 94 65 13 95 89 82 76 2 44 35 17 63 43 38 60 43 22 40 3 19 67 
75 44 88 1 78 85 45 5 5 6 4 90 43 86 95 73 43 73 95 25 64 67 76 64 62 96 85 26 92 63 76 24 65 84 13 88 86 71 72 87 40 29 59 60 6 82 19 98 17 12 47 19 65 96 100 86 12 55 45 75 34 63 47 55 56 56 76 96 80 12 18 57 69 19 33 62 51 13 65 27 36 51 64 42 64 71 89 83 94 81 49 98 58 36 89 55 96 4 32 31 73 12 73 53 88 100 54 65 78 2 35 40 88 41 36 21 9 85 62 57 22 67 50 47 58 2 100 37 
47 78 30 28 89 23 61 94 57 21 95 75 3 51 65 20 36 43 55 57 82 11 7 63 63 28 23 33 20 57 45 1 89 71 47 10 77 94 87 80 17 35 11 91 44 45 73 6 57 7 93 63 32 34 78 18 14 20 39 9 38 48 67 92 8 87 3 85 53 3 100 73 49 15 85 39 86 45 41 98 21 34 41 17 23 52 38 70 32 34 20 12 18 20 26 26 51 29 51 28 77 3 36 94 49 51 13 3 45 9 40 99 2 34 90 16 39 67 89 31 30 64 97 48 61 94 23 62 
80 83 51 50 88 9 31 43 79 51 9 35 16 18 79 43 82 83 67 18 60 86 16 53 38 72 10 78 2 25 21 71 45 29 54 35 56 96 88 35 67 7 57 47 50 35 31 80 52 60 29 25 61 65 13 75 67 80 90 26 22 21 68 54 80 26 14 75 93 44 33 33 59 30 24 26 93 9 17 82 22 93 95 100 58 63 24 68 61 40 46 74 36 42 89 100 77 22 1 80 91 41 61 55 90 89 46 70 3 39 32 19 37 50 42 25 6 81 75 1 67 19 93 91 81 80 35 71 
82 83 40 5 19 41 39 14 22 72 53 35 72 60 89 95 28 57 47 22 84 96 29 73 17 81 58 72 43 34 88 78 76 34 42 52 87 68 81 32 36 9 58 84 21 46 93 19 64 86 17 70 25 32 80 42 27 22 63 91 86 69 77 94 62 12 27 3 6 77 12 11 5 37 36 75 82 43 39 29 92 84 50 57 11 3 42 27 53 49 19 74 95 58 24 10 99 3 56 80 61 98 84 8 98 4 25 25 45 15 98 6 51 68 29 93 2 53 80 59 27 78 1 72 38 66 9 48 
1 -1 1 -1 -1 -1 1 1 1 -1 1 -1 -1 -1 -1 1 -1 1 1 1 1 -1 -1 1 1 1 -1 -1 1 1 1 1 -1 -1 -1 1 -1 -1 1 1 -1 -1 1 1 1 -1 -1 -1 1 1 -1 -1 1 1 1 1 1 -1 -1 1 -1 1 1 -1 -1 1 -1 1 -1 1 -1 1 -1 1 1 -1 1 -1 1 1 1 -1 1 1 1 1 -1 -1 -1 1 1 -1 1 1 1 1 -1 -1 -1 -1 1 -1 -1 -1 1 -1 1 -1 -1 -1 -1 -1 1 1 1 -1 -1 -1 1 1 -1 1 1 -1 -1 -1 1 1 
-1 -1 1 1 -1 1 -1 -1 1 -1 -1 -1 -1 1 -1 1 1 -1 -1 -1 -1 1 -1 -1 -1 1 -1 -1 -1 1 -1 1 1 -1 -1 -1 -1 -1 -1 1 1 1 1 1 -1 1 1 1 -1 -1 1 1 -1 1 -1 1 1 1 1 1 1 -1 -1 1 1 1 1 -1 -1 1 -1 -1 1 1 -1 -1 1 1 1 1 -1 1 1 -1 -1 1 -1 1 1 1 -1 -1 -1 1 1 -1 1 1 1 1 1 -1 1 1 -1 1 -1 1 -1 1 1 1 1 -1 -1 1 1 -1 1 1 -1 1 1 -1 -1 -1 1 -1 
1 1 1 1 -1 1 1 1 -1 1 1 1 -1 -1 1 1 -1 1 -1 1 1 -1 -1 1 1 1 1 1 1 -1 1 -1 1 1 1 -1 1 -1 1 -1 1 -1 1 -1 1 -1 1 -1 1 -1 1 -1 1 1 1 -1 -1 -1 -1 1 1 1 -1 -1 -1 -1 -1 -1 1 1 1 -1 -1 1 1 -1 -1 1 -1 1 1 -1 1 1 -1 1 1 1 1 1 1 -1 -1 1 1 1 -1 1 1 -1 -1 -1 1 1 1 -1 1 -1 -1 1 1 1 -1 1 1 -1 -1 1 1 1 -1 -1 -1 -1 -1 1 1 -1 
-1 1 1 -1 1 -1 -1 -1 1 1 1 1 -1 -1 1 -1 1 1 -1 1 1 -1 -1 1 -1 -1 1 1 1 1 1 1 -1 -1 1 1 -1 -1 -1 1 1 1 1 1 1 1 -1 -1 1 1 -1 -1 1 1 1 1 -1 1 1 1 1 1 1 1 1 1 -1 -1 1 1 1 -1 -1 -1 -1 1 1 1 1 1 -1 1 -1 -1 -1 -1 -1 -1 1 1 -1 1 1 1 -1 -1 -1 -1 -1 -1 1 1 -1 1 1 -1 -1 -1 -1 -1 -1 -1 -1 1 -1 -1 -1 -1 1 -1 -1 1 -1 1 -1 -1 -1 -1 
-1 -1 -1 1 -1 1 -1 -1 -1 1 -1 -1 -1 1 1 1 1 1 -1 -1 1 -1 1 -1 -1 -1 -1 1 1 -1 -1 1 1 -1 -1 -1 1 1 1 -1 -1 1 1 -1 -1 1 1 1 1 1 -1 1 -1 -1 -1 1 1 1 -1 1 -1 -1 -1 1 -1 -1 1 -1 -1 -1 1 -1 -1 -1 1 -1 -1 1 1 -1 -1 1 1 1 1 -1 -1 -1 -1 1 -1 -1 1 -1 1 -1 1 1 -1 1 -1 -1 -1 -1 1 -1 -1 1 -1 1 -1 -1 1 -1 -1 -1 1 1 1 1 1 1 -1 -1 -1 -1 1 1 
-1 1 1 -1 1 -1 1 1 -1 1 -1 -1 -1 -1 -1 -1 1 -1 -1 1 1 -1 -1 1 1 1 1 1 1 1 1 -1 1 1 -1 -1 1 1 -1 1 -1 1 -1 1 1 -1 -1 1 -1 -1 -1 -1 -1 1 1 -1 -1 -1 -1 -1 1 1 -1 1 -1 -1 1 -1 1 -1 1 -1 -1 1 -1 1 1 -1 1 1 -1 1 1 1 1 1 1 1 -1 -1 1 -1 -1 -1 1 -1 1 1 -1 -1 1 -1 -1 1 -1 -1 -1 -1 1 -1 1 -1 -1 -1 1 -1 -1 -1 1 -1 -1 1 -1 -1 1 -1 -1 -1 
1 -1 1 -1 -1 1 -1 -1 -1 -1 -1 1 -1 -1 1 1 1 1 -1 -1 -1 1 -1 1 1 -1 -1 1 -1 -1 1 -1 -1 -1 -1 -1 -1 1 -1 -1 -1 1 1 -1 1 1 1 1 -1 1 -1 -1 -1 -1 -1 1 -1 1 1 -1 -1 -1 -1 -1 1 -1 -1 -1 1 1 1 -1 1 1 1 1 1 -1 1 1 -1 1 1 1 1 1 1 1 1 1 1 1 -1 -1 1 1 -1 1 -1 -1 1 -1 1 -1 -1 1 1 1 1 -1 1 1 1 1 1 -1 1 -1 1 -1 -1 -1 1 1 1 1 1 -1 
1 -1 1 -1 -1 1 -1 1 -1 -1 1 1 1 1 -1 -1 1 1 -1 -1 1 1 -1 1 -1 1 -1 1 -1 -1 1 1 -1 -1 1 1 -1 -1 -1 -1 1 1 1 -1 1 1 1 -1 -1 1 1 -1 -1 -1 -1 -1 1 -1 -1 1 -1 -1 1 1 -1 -1 -1 1 -1 1 -1 -1 -1 -1 1 -1 -1 1 -1 1 -1 1 1 1 1 -1 1 -1 1 -1 -1 1 1 -1 1 1 -1 -1 -1 1 -1 -1 -1 1 1 1 -1 -1 1 -1 1 -1 1 1 -1 -1 1 -1 -1 1 1 1 1 -1 1 1 1 1 
1 1 -1 1 -1 -1 -1 -1 1 -1 -1 1 -1 1 1 1 -1 1 1 1 -1 -1 -1 -1 1 -1 -1 -1 1 -1 -1 1 -1 1 -1 -1 -1 1 -1 1 -1 -1 1 1 1 1 -1 1 -1 -1 -1 -1 -1 -1 1 -1 1 -1 -1 -1 1 -1 1 1 -1 -1 1 1 1 -1 -1 1 1 -1 1 -1 -1 -1 1 1 -1 1 -1 -1 1 1 1 1 1 -1 -1 -1 -1 1 -1 1 1 1 -1 1 -1 1 -1 -1 1 1 -1 1 1 1 -1 1 -1 -1 -1 -1 1 -1 1 1 1 1 -1 1 1 -1 -1 1 
-1 -1 1 1 1 1 -1 -1 -1 -1 1 -1 -1 -1 1 -1 1 -1 -1 1 -1 1 1 -1 1 -1 1 -1 -1 -1 -1 -1 -1 1 1 1 -1 1 1 -1 1 1 -1 1 -1 1 -1 1 1 -1 -1 -1 -1 1 1 -1 -1 -1 1 -1 1 -1 1 1 1 1 1 -1 1 -1 -1 1 -1 -1 1 1 -1 1 1 -1 1 -1 1 1 1 -1 1 -1 -1 -1 -1 1 1 1 -1 1 -1 1 -1 1 -1 1 1 1 1 -1 -1 -1 1 1 1 -1 -1 1 1 1 1 1 -1 -1 1 -1 1 1 -1 -1 1 1 
1 -1 1 1 -1 -1 -1 1 -1 1 -1 -1 -1 1 -1 -1 1 1 1 -1 1 -1 1 -1 -1 -1 1 1 -1 1 1 1 1 1 -1 1 1 -1 -1 1 -1 -1 1 -1 -1 -1 -1 1 -1 1 1 1 -1 1 -1 1 -1 -1 1 1 -1 -1 -1 -1 -1 1 -1 -1 1 -1 -1 -1 -1 -1 1 1 1 -1 -1 -1 -1 1 -1 1 -1 -1 1 1 -1 -1 1 1 1 -1 -1 -1 -1 -1 -1 -1 -1 1 1 -1 -1 1 1 -1 -1 1 -1 1 -1 -1 -1 1 1 -1 1 -1 1 -1 -1 1 -1 1 -1 -1 
-1 -1 1 1 -1 -1 1 1 1 -1 -1 1 -1 -1 1 -1 -1 1 1 -1 1 -1 1 1 -1 -1 1 -1 -1 1 -1 1 1 1 -1 -1 -1 1 -1 -1 1 1 -1 -1 -1 1 -1 -1 -1 -1 1 1 -1 1 1 1 -1 1 -1 -1 -1 -1 -1 1 -1 1 1 1 -1 -1 1 1 1 1 1 -1 1 -1 1 1 1 -1 -1 -1 1 -1 -1 1 -1 1 1 -1 1 -1 1 1 1 1 1 -1 1 -1 1 1 -1 -1 -1 1 -1 -1 -1 -1 -1 1 -1 -1 -1 -1 -1 -1 -1 1 -1 1 -1 -1 -1 1 
-1 -1 -1 -1 -1 -1 -1 1 -1 -1 -1 -1 -1 1 -1 -1 -1 -1 1 -1 1 1 -1 1 1 -1 1 -1 -1 1 -1 -1 -1 -1 -1 -1 -1 1 -1 -1 -1 1 -1 1 -1 -1 -1 1 -1 1 1 1 1 1 -1 1 -1 -1 1 1 1 1 1 -1 1 1 1 1 1 -1 -1 1 1 1 1 1 1 -1 -1 1 1 1 -1 -1 1 -1 -1 1 -1 -1 -1 -1 -1 -1 -1 -1 1 1 -1 -1 1 1 -1 -1 1 1 -1 -1 1 1 1 1 -1 -1 -1 1 1 1 -1 1 -1 -1 1 1 1 -1 1 1 
-1 1 -1 -1 1 -1 -1 1 1 -1 1 -1 1 1 -1 1 1 -1 -1 1 -1 -1 -1 -1 1 -1 -1 1 -1 1 1 1 1 1 1 -1 1 -1 1 1 1 -1 -1 -1 1 -1 1 -1 1 1 1 -1 1 -1 -1 1 1 1 1 -1 1 1 -1 1 1 1 1 -1 -1 1 -1 1 1 -1 -1 1 1 1 1 1 -1 1 -1 -1 1 1 -1 -1 -1 -1 1 1 -1 1 1 1 -1 -1 -1 -1 -1 1 1 1 1 1 1 -1 -1 -1 1 -1 -1 -1 -1 -1 -1 1 1 1 -1 1 1 1 1 1 -1 1 
-1 -1 1 1 1 -1 1 -1 1 1 -1 1 -1 -1 1 -1 1 1 -1 1 -1 1 1 -1 -1 1 1 1 -1 -1 -1 1 -1 1 1 -1 -1 -1 -1 -1 1 -1 -1 -1 -1 1 -1 -1 -1 1 1 -1 1 -1 -1 1 1 1 -1 -1 1 1 1 -1 -1 -1 1 -1 1 -1 -1 -1 1 1 -1 -1 -1 -1 -1 1 -1 -1 1 1 1 -1 1 -1 -1 -1 1 1 1 -1 -1 1 -1 -1 1 1 1 1 -1 1 -1 -1 1 1 -1 -1 1 1 -1 -1 1 -1 1 1 1 1 -1 1 1 1 1 -1 1 1 
1 1 1 -1 1 -1 1 -1 1 -1 -1 -1 -1 1 -1 1 -1 -1 1 1 -1 1 -1 1 -1 -1 1 -1 -1 -1 -1 1 1 1 1 1 1 -1 -1 -1 1 1 -1 -1 1 -1 -1 -1 1 1 1 1 1 1 1 -1 -1 -1 1 1 -1 1 1 1 -1 1 1 -1 1 -1 1 -1 1 -1 -1 1 1 -1 -1 -1 1 1 1 -1 -1 1 -1 1 -1 1 1 -1 -1 -1 -1 1 1 1 -1 -1 -1 1 -1 -1 1 1 -1 1 -1 1 1 1 1 1 -1 -1 -1 1 -1 1 1 -1 -1 1 -1 1 -1 1 
-1 1 -1 1 1 1 1 1 -1 1 1 -1 -1 1 1 -1 -1 1 1 -1 -1 -1 -1 1 1 -1 -1 1 1 1 -1 1 -1 -1 1 -1 1 1 -1 1 1 -1 1 -1 1 -1 1 1 1 -1 1 -1 1 -1 -1 1 1 1 -1 -1 1 -1 1 1 -1 -1 -1 1 -1 1 1 -1 -1 -1 -1 -1 1 -1 1 1 -1 -1 1 -1 1 -1 -1 -1 1 1 -1 1 1 1 -1 -1 -1 1 1 1 1 1 1 -1 1 1 -1 1 -1 1 1 1 -1 1 -1 -1 1 -1 -1 -1 -1 -1 1 -1 1 1 1 -1 
1 -1 1 1 1 -1 1 1 1 -1 1 1 -1 -1 1 -1 1 1 -1 1 -1 1 -1 1 -1 1 -1 -1 -1 1 1 -1 -1 1 1 1 1 1 1 1 1 -1 1 1 -1 -1 1 1 -1 1 1 1 1 1 1 -1 -1 -1 -1 -1 -1 1 -1 1 -1 1 1 -1 -1 -1 -1 -1 1 -1 -1 1 -1 1 -1 1 1 -1 1 1 -1 -1 1 1 -1 -1 1 1 1 -1 1 1 -1 1 -1 1 1 -1 -1 -1 1 1 -1 -1 -1 -1 -1 1 -1 -1 1 -1 -1 -1 1 1 1 -1 1 -1 -1 1 -1 1 
1 -1 -1 -1 -1 -1 -1 -1 1 -1 1 1 1 -1 -1 1 1 -1 1 -1 1 -1 1 -1 -1 -1 -1 1 1 1 -1 -1 -1 -1 -1 -1 -1 1 1 -1 -1 -1 1 -1 -1 -1 1 -1 -1 1 -1 -1 1 1 1 -1 1 -1 1 1 -1 1 -1 1 -1 1 -1 1 1 1 1 -1 1 -1 -1 1 -1 1 -1 -1 -1 -1 1 -1 -1 1 -1 1 -1 1 -1 -1 1 1 -1 -1 1 -1 1 -1 -1 -1 -1 -1 1 1 1 -1 1 -1 -1 -1 1 1 -1 1 1 1 1 -1 -1 -1 1 1 -1 1 -1 1 
1 -1 1 1 -1 1 -1 -1 1 1 -1 -1 -1 1 1 1 -1 1 -1 1 -1 -1 1 1 -1 -1 -1 1 -1 1 1 -1 -1 1 1 1 1 1 -1 1 -1 -1 1 1 -1 1 1 -1 1 1 1 1 1 -1 1 1 1 -1 -1 1 1 1 1 1 1 1 -1 1 -1 1 1 -1 1 -1 -1 -1 -1 -1 1 -1 -1 1 1 1 -1 1 -1 1 1 -1 1 -1 1 1 -1 1 -1 1 -1 1 1 -1 -1 -1 1 -1 1 1 -1 1 -1 1 1 -1 1 1 -1 1 -1 1 -1 1 1 1 -1 -1 -1 -1 
1 -1 1 1 1 1 -1 1 -1 -1 1 1 1 -1 -1 -1 -1 -1 1 -1 1 -1 1 -1 -1 1 1 1 1 -1 -1 1 1 1 -1 -1 -1 1 1 1 1 1 1 1 -1 1 1 1 -1 1 1 1 1 -1 1 1 -1 1 1 1 1 1 -1 -1 1 1 -1 -1 1 1 -1 1 -1 -1 -1 1 -1 -1 -1 -1 1 -1 1 1 1 1 -1 -1 -1 1 -1 1 1 -1 -1 1 1 1 -1 -1 -1 -1 1 1 -1 1 1 -1 1 -1 -1 -1 -1 -1 -1 -1 -1 -1 -1 -1 1 -1 1 -1 1 1 -1 1 
-1 1 -1 -1 -1 -1 1 1 -1 1 -1 -1 1 -1 1 1 -1 1 -1 -1 -1 -1 -1 -1 -1 -1 1 -1 -1 1 1 1 -1 1 -1 -1 1 1 -1 1 -1 -1 1 -1 1 -1 -1 -1 1 -1 1 1 1 -1 -1 -1 1 -1 -1 -1 1 1 -1 1 -1 -1 -1 1 -1 -1 -1 1 -1 1 1 1 -1 1 1 1 1 -1 -1 1 1 -1 1 -1 1 -1 -1 1 -1 -1 1 1 -1 -1 -1 -1 1 -1 1 1 -1 1 1 1 1 1 -1 -1 -1 -1 -1 1 -1 -1 -1 -1 -1 1 1 1 -1 -1 1 1 
-1 -1 -1 -1 1 -1 -1 -1 -1 1 1 1 -1 -1 1 -1 -1 -1 1 1 1 -1 1 1 1 1 1 1 1 -1 -1 1 1 1 -1 -1 -1 -1 1 -1 1 -1 -1 1 -1 -1 -1 -1 -1 -1 -1 -1 -1 -1 1 1 1 1 1 1 -1 1 -1 -1 -1 1 -1 -1 -1 1 1 1 -1 -1 1 -1 -1 -1 1 -1 -1 1 1 -1 -1 1 1 -1 -1 -1 1 -1 -1 -1 1 -1 -1 1 1 -1 -1 -1 1 -1 -1 1 1 -1 1 -1 -1 -1 1 1 1 -1 -1 1 1 -1 1 -1 1 1 1 1 -1 1 
1 -1 1 1 -1 1 1 1 -1 -1 -1 1 1 -1 -1 1 1 1 -1 1 -1 -1 1 -1 -1 1 -1 -1 -1 -1 1 1 1 1 -1 -1 -1 -1 -1 -1 1 1 1 1 1 -1 1 -1 -1 -1 1 1 1 1 -1 1 1 1 -1 -1 -1 -1 -1 1 1 -1 -1 -1 -1 -1 -1 1 1 -1 1 -1 1 -1 1 -1 -1 1 -1 -1 -1 1 -1 -1 1 -1 1 1 1 -1 -1 1 1 1 1 1 -1 -1 -1 1 -1 -1 1 1 -1 1 1 -1 1 -1 -1 -1 -1 1 -1 1 -1 1 1 -1 1 1 -1 1 
1 -1 1 -1 -1 1 1 -1 1 1 -1 -1 1 1 -1 -1 1 -1 -1 -1 -1 -1 1 -1 1 -1 1 1 1 -1 -1 1 -1 -1 -1 -1 -1 1 1 1 1 -1 1 -1 -1 1 1 1 1 -1 1 -1 -1 -1 -1 -1 -1 1 1 1 1 1 -1 1 -1 -1 1 -1 -1 -1 -1 1 1 1 1 1 1 -1 1 1 -1 -1 1 1 -1 1 1 -1 -1 1 -1 -1 1 1 -1 -1 1 -1 1 1 -1 -1 -1 1 1 -1 1 -1 1 1 1 -1 1 1 -1 1 -1 1 1 1 1 -1 1 -1 -1 1 1 1 
1 1 1 -1 -1 1 -1 1 -1 -1 -1 -1 -1 -1 1 -1 -1 1 -1 -1 1 -1 1 1 -1 -1 1 1 1 -1 1 -1 -1 1 -1 -1 -1 1 -1 1 -1 -1 -1 -1 -1 -1 1 1 -1 -1 1 1 -1 -1 -1 1 -1 1 -1 -1 1 1 -1 -1 1 -1 1 -1 1 1 -1 1 1 1 -1 -1 -1 -1 -1 -1 -1 -1 1 -1 1 1 -1 -1 1 1 1 -1 -1 1 1 1 1 1 1 1 -1 1 1 -1 -1 1 1 1 -1 -1 1 1 1 -1 -1 -1 -1 -1 -1 1 1 1 1 1 -1 1 1 -1 
-1 -1 1 1 -1 1 -1 -1 -1 1 1 1 1 -1 1 1 -1 -1 -1 -1 1 1 1 -1 1 1 1 1 -1 -1 1 -1 1 -1 -1 -1 1 -1 -1 -1 -1 -1 -1 1 -1 -1 -1 -1 -1 1 -1 1 -1 1 1 1 1 -1 -1 1 -1 1 -1 1 1 1 -1 1 1 -1 -1 -1 1 -1 -1 -1 1 -1 1 -1 -1 -1 -1 1 -1 -1 1 -1 -1 -1 -1 1 1 1 1 -1 -1 1 1 -1 1 1 1 -1 1 1 1 1 1 -1 1 1 -1 1 -1 1 1 1 -1 1 1 1 -1 -1 -1 -1 -1 1 
-1 -1 1 1 1 1 1 1 -1 -1 1 -1 -1 1 1 -1 1 -1 1 1 1 -1 1 -1 1 1 1 -1 1 1 1 1 -1 1 -1 -1 -1 -1 -1 1 -1 1 1 1 1 -1 -1 1 1 -1 -1 1 1 1 1 -1 -1 -1 -1 -1 -1 -1 -1 -1 -1 1 -1 1 1 1 1 -1 1 -1 1 -1 -1 -1 1 -1 -1 1 1 1 1 -1 1 1 1 1 -1 1 -1 1 -1 -1 1 -1 1 -1 1 -1 1 -1 1 -1 -1 -1 -1 -1 1 1 1 -1 -1 -1 -1 1 -1 -1 -1 1 -1 -1 1 1 -1 -1 
1 -1 1 1 1 1 -1 -1 1 -1 -1 -1 -1 -1 -1 -1 1 -1 1 -1 1 -1 1 -1 1 1 -1 1 -1 1 -1 -1 -1 1 -1 -1 -1 -1 -1 -1 -1 1 1 1 -1 -1 1 1 1 -1 -1 1 1 -1 1 -1 -1 1 1 -1 1 -1 -1 -1 1 1 -1 1 1 -1 1 -1 -1 -1 1 -1 1 -1 1 -1 -1 1 1 -1 -1 -1 -1 -1 1 1 1 1 -1 -1 1 -1 -1 -1 -1 -1 1 1 -1 -1 1 -1 -1 -1 -1 -1 1 1 1 1 -1 -1 1 1 1 1 -1 1 1 1 1 1 -1 1 
1 1 -1 1 -1 1 -1 -1 -1 -1 1 1 1 1 -1 -1 1 1 1 1 -1 1 -1 -1 -1 -1 -1 1 1 -1 1 1 -1 1 -1 1 1 -1 1 -1 -1 -1 1 -1 -1 1 -1 -1 1 -1 -1 -1 -1 1 1 -1 -1 1 -1 -1 1 1 -1 1 -1 -1 1 1 -1 -1 1 1 -1 1 -1 1 -1 1 1 -1 -1 1 1 1 1 -1 1 1 1 1 -1 1 1 -1 1 1 1 -1 1 1 -1 -1 -1 1 -1 -1 1 -1 -1 1 1 -1 -1 -1 1 1 -1 -1 -1 -1 1 -1 1 -1 1 -1 1 -1 
1 -1 1 1 -1 1 1 1 -1 -1 1 -1 -1 1 -1 -1 -1 1 -1 1 -1 1 -1 1 -1 1 1 1 -1 1 1 1 -1 1 1 -1 -1 -1 -1 1 1 -1 -1 -1 1 1 1 1 -1 -1 1 -1 1 1 1 1 -1 1 -1 1 -1 -1 1 1 -1 1 -1 1 -1 -1 -1 1 1 1 1 -1 1 1 1 1 1 -1 -1 -1 -1 1 1 -1 1 -1 1 -1 1 -1 1 1 1 -1 1 1 -1 1 -1 -1 1 1 1 -1 -1 1 1 1 -1 -1 -1 -1 -1 1 -1 -1 1 -1 -1 -1 1 -1 1 -1 
1 1 -1 1 1 -1 -1 1 1 -1 1 1 -1 1 1 1 1 -1 -1 -1 1 1 1 1 1 -1 -1 1 -1 1 1 -1 -1 -1 1 -1 -1 -1 -1 1 -1 -1 -1 1 -1 1 1 -1 -1 -1 -1 1 1 1 1 -1 -1 -1 -1 1 -1 1 1 -1 1 1 -1 1 1 -1 -1 1 1 -1 -1 -1 -1 1 -1 1 1 1 -1 -1 1 -1 1 -1 -1 1 -1 1 -1 1 -1 1 1 1 1 1 1 -1 1 1 1 -1 1 1 -1 -1 -1 1 -1 1 -1 1 -1 -1 -1 -1 1 -1 1 -1 1 1 -1 -1 
-1 1 1 -1 1 1 -1 -1 -1 -1 1 1 -1 1 -1 1 -1 -1 -1 -1 1 -1 1 1 -1 -1 1 -1 -1 -1 -1 -1 1 -1 -1 1 -1 -1 1 -1 -1 -1 -1 -1 -1 -1 -1 1 1 1 -1 -1 1 -1 -1 -1 -1 -1 -1 1 1 1 1 -1 -1 -1 -1 1 -1 -1 1 -1 -1 -1 -1 1 -1 1 1 -1 1 -1 1 -1 -1 -1 1 1 1 -1 -1 1 1 1 -1 1 1 1 -1 -1 -1 1 -1 -1 -1 1 1 -1 1 -1 -1 -1 1 1 1 -1 -1 -1 -1 1 -1 -1 -1 -1 1 1 1 -1 
-1 -1 1 -1 -1 1 -1 -1 1 1 1 1 -1 1 1 1 -1 1 -1 1 1 1 1 1 -1 1 -1 1 1 1 1 -1 -1 1 1 1 -1 -1 -1 1 1 -1 -1 1 -1 1 -1 -1 -1 1 1 -1 -1 1 -1 1 -1 1 1 -1 1 -1 1 1 1 1 1 -1 1 -1 1 -1 1 -1 1 -1 1 1 -1 -1 -1 -1 -1 1 1 -1 -1 -1 1 -1 -1 1 -1 -1 1 -1 1 -1 1 -1 -1 -1 -1 1 1 -1 1 -1 -1 -1 1 -1 -1 -1 -1 1 1 -1 -1 1 1 -1 1 1 -1 1 -1 1 
-1 -1 1 1 -1 -1 -1 1 -1 1 -1 -1 -1 1 1 1 1 1 -1 1 -1 -1 -1 -1 -1 -1 -1 -1 -1 -1 1 1 -1 1 -1 -1 1 -1 -1 1 -1 1 1 -1 1 -1 1 -1 -1 -1 -1 1 -1 1 -1 -1 1 1 1 -1 -1 1 1 -1 1 1 -1 -1 -1 -1 1 -1 -1 1 -1 1 1 1 1 1 -1 -1 -1 1 -1 1 -1 1 -1 -1 1 -1 1 1 1 1 1 1 1 -1 -1 1 -1 -1 1 -1 1 -1 -1 -1 -1 1 1 1 1 1 1 1 -1 -1 1 -1 1 -1 -1 -1 1 1 
1 -1 -1 1 -1 -1 -1 1 -1 1 1 -1 -1 -1 -1 1 -1 1 -1 1 -1 -1 -1 -1 -1 -1 -1 -1 -1 1 -1 -1 1 1 -1 -1 1 -1 -1 1 -1 -1 1 -1 -1 -1 -1 -1 1 1 1 1 1 1 1 -1 -1 1 1 -1 -1 1 1 -1 -1 -1 1 -1 -1 -1 -1 1 1 -1 1 1 -1 -1 -1 1 -1 1 -1 -1 -1 1 1 1 1 -1 1 -1 1 -1 1 -1 -1 -1 1 -1 -1 1 1 1 -1 1 1 1 1 1 -1 1 -1 -1 1 1 -1 -1 1 1 1 -1 -1 1 1 1 1 1 
-1 -1 1 -1 1 1 -1 -1 -1 -1 1 -1 -1 1 -1 1 1 1 -1 1 -1 1 -1 -1 -1 -1 1 -1 -1 1 -1 -1 -1 -1 1 1 1 -1 1 1 1 1 1 1 1 1 1 1 -1 1 1 -1 -1 1 1 1 -1 -1 -1 1 -1 1 -1 -1 -1 -1 1 -1 1 1 -1 1 1 1 1 1 -1 1 1 -1 -1 -1 -1 1 -1 1 -1 -1 -1 1 1 1 -1 1 1 1 -1 -1 1 1 1 -1 -1 1 -1 1 -1 -1 1 -1 -1 -1 1 -1 1 1 1 1 1 -1 -1 1 -1 1 -1 1 -1 -1 
-1 -1 -1 -1 1 1 1 -1 1 1 -1 1 1 -1 -1 -1 1 1 1 1 1 1 -1 -1 1 1 -1 -1 -1 -1 -1 -1 -1 -1 -1 -1 -1 1 -1 -1 1 1 1 1 -1 1 1 1 -1 -1 -1 -1 1 -1 -1 1 1 1 -1 -1 1 -1 1 1 -1 1 -1 1 -1 -1 1 -1 -1 1 -1 -1 1 -1 1 -1 1 -1 -1 1 -1 -1 1 1 -1 1 -1 1 -1 1 1 -1 1 1 -1 -1 -1 -1 -1 -1 1 1 -1 1 1 -1 -1 -1 1 -1 1 -1 -1 -1 -1 -1 -1 -1 -1 1 -1 1 -1 1 
1 -1 1 -1 1 -1 -1 -1 -1 1 -1 -1 -1 1 -1 -1 -1 1 1 -1 1 -1 1 -1 1 -1 -1 -1 -1 1 -1 -1 1 -1 -1 -1 1 -1 1 -1 -1 -1 -1 1 -1 1 -1 -1 1 -1 -1 1 -1 -1 1 1 -1 1 1 1 -1 1 -1 -1 1 -1 1 -1 1 -1 -1 -1 1 1 1 -1 1 -1 1 -1 -1 1 1 1 1 1 -1 1 1 1 -1 1 -1 -1 -1 1 -1 -1 -1 -1 1 1 1 1 -1 1 1 1 1 1 -1 1 -1 1 1 1 -1 1 1 1 1 -1 1 1 -1 1 -1 -1 
1 1 -1 1 -1 1 -1 -1 1 -1 1 -1 -1 1 -1 -1 1 1 -1 1 1 1 -1 -1 1 1 -1 1 -1 -1 1 1 -1 1 1 1 1 -1 -1 1 -1 -1 1 1 1 -1 1 -1 1 1 -1 1 -1 -1 -1 -1 1 1 -1 -1 -1 -1 1 1 1 -1 -1 1 -1 1 1 -1 1 1 -1 -1 1 1 -1 -1 -1 -1 -1 1 -1 1 -1 1 -1 -1 1 1 1 -1 -1 -1 1 1 1 1 1 -1 1 -1 -1 1 -1 1 1 1 1 1 1 1 -1 -1 1 1 -1 1 -1 -1 -1 -1 1 1 1 1 
-1 1 1 1 -1 -1 -1 1 -1 1 -1 1 -1 1 1 1 1 1 -1 -1 1 -1 1 1 1 -1 -1 -1 -1 -1 1 -1 -1 1 -1 -1 1 1 -1 -1 1 -1 1 -1 1 1 1 1 -1 -1 -1 -1 1 1 -1 -1 -1 -1 -1 -1 1 1 1 -1 -1 1 1 -1 -1 -1 1 -1 -1 1 -1 -1 -1 1 -1 -1 -1 1 -1 1 -1 -1 1 1 -1 1 1 -1 -1 1 1 1 1 1 1 -1 1 -1 1 -1 -1 1 1 -1 1 -1 1 1 -1 1 1 1 -1 -1 1 1 1 1 -1 -1 1 -1 -1 -1 
-1 1 -1 1 1 1 1 1 -1 1 -1 1 1 -1 -1 1 -1 -1 -1 -1 1 -1 -1 1 -1 -1 -1 1 1 -1 -1 -1 -1 -1 1 -1 1 1 -1 -1 -1 1 1 1 1 1 -1 -1 1 -1 -1 1 -1 -1 1 -1 -1 1 -1 1 1 1 -1 -1 -1 1 -1 -1 1 1 1 1 -1 1 -1 1 1 -1 1 -1 1 -1 1 -1 -1 1 1 1 -1 -1 -1 1 -1 1 -1 -1 -1 1 1 -1 1 -1 1 -1 -1 -1 1 1 -1 1 1 1 -1 1 -1 1 -1 1 -1 1 -1 1 -1 -1 -1 1 1 -1 
1 1 1 1 1 -1 1 1 1 -1 1 -1 -1 -1 -1 -1 1 1 1 1 1 1 -1 1 1 -1 -1 1 1 1 -1 -1 -1 -1 1 1 1 1 -1 1 1 1 1 -1 1 1 -1 -1 1 1 -1 -1 -1 -1 1 1 1 -1 -1 1 1 1 1 1 -1 1 -1 -1 -1 -1 -1 -1 1 1 1 -1 -1 -1 1 1 1 -1 -1 -1 -1 1 -1 1 1 -1 1 -1 1 -1 -1 -1 -1 -1 -1 -1 -1 -1 1 1 1 -1 -1 -1 1 -1 1 -1 1 -1 -1 1 1 -1 1 1 1 1 1 1 -1 -1 1 1 
1 1 -1 1 -1 1 -1 -1 1 1 -1 -1 1 -1 -1 -1 -1 1 -1 1 1 -1 1 1 -1 -1 1 1 1 -1 -1 1 -1 1 -1 -1 1 1 1 1 -1 1 -1 -1 1 -1 -1 -1 -1 -1 1 -1 -1 1 1 -1 -1 -1 1 -1 -1 1 1 -1 -1 -1 1 -1 1 1 1 1 -1 -1 -1 -1 -1 -1 -1 -1 1 1 -1 1 1 1 -1 1 -1 1 1 -1 -1 -1 -1 -1 -1 1 1 -1 -1 -1 -1 -1 1 -1 1 1 1 1 1 1 1 -1 -1 -1 1 -1 1 -1 -1 1 1 -1 -1 -1 -1 1 
1 -1 1 1 -1 1 1 1 1 -1 -1 -1 -1 1 -1 1 1 -1 -1 -1 -1 1 -1 1 -1 -1 -1 1 -1 -1 1 -1 -1 -1 1 -1 1 -1 -1 1 1 1 1 1 -1 -1 1 1 -1 -1 -1 -1 1 1 -1 -1 -1 1 -1 1 1 -1 -1 1 1 1 1 -1 1 -1 -1 1 -1 1 -1 -1 1 1 -1 -1 -1 1 1 -1 1 -1 -1 1 1 -1 -1 -1 -1 1 -1 -1 -1 1 -1 -1 -1 1 -1 1 -1 -1 -1 -1 1 1 -1 -1 -1 -1 1 1 -1 1 -1 1 -1 -1 -1 -1 1 -1 1 1 
-1 1 -1 1 1 -1 1 1 1 1 -1 1 -1 -1 1 -1 -1 -1 -1 1 1 -1 -1 -1 1 -1 -1 -1 -1 1 1 1 -1 1 -1 -1 1 1 1 -1 1 1 1 -1 -1 -1 -1 -1 -1 1 -1 1 -1 -1 1 -1 -1 1 1 -1 -1 1 -1 -1 -1 1 -1 1 -1 -1 -1 -1 1 -1 1 1 -1 -1 -1 1 -1 1 1 -1 1 1 -1 1 1 -1 -1 -1 1 -1 1 -1 1 1 1 -1 1 -1 1 -1 1 -1 -1 -1 1 1 1 -1 1 -1 -1 -1 1 -1 1 1 -1 1 1 1 1 1 -1 -1 
-1 1 1 -1 1 -1 1 1 -1 -1 -1 -1 -1 1 -1 -1 1 1 1 1 1 -1 -1 1 1 1 -1 -1 1 -1 1 1 -1 -1 1 -1 1 1 -1 1 1 -1 -1 -1 1 -1 -1 -1 -1 -1 1 1 -1 1 1 1 -1 -1 1 -1 -1 1 1 1 1 1 1 -1 1 1 -1 1 -1 1 1 -1 1 -1 -1 -1 -1 1 1 -1 1 1 1 -1 -1 -1 -1 -1 1 -1 -1 -1 1 1 -1 1 1 -1 1 -1 -1 -1 -1 1 -1 -1 1 -1 1 1 -1 1 1 1 -1 -1 -1 -1 -1 -1 -1 -1 -1 1 
-1 1 -1 -1 1 1 1 -1 1 1 1 -1 1 -1 -1 -1 1 1 -1 -1 1 -1 -1 -1 1 1 -1 1 1 -1 1 -1 1 -1 -1 -1 1 1 -1 -1 1 -1 -1 -1 1 -1 -1 -1 1 -1 1 -1 1 1 -1 -1 -1 -1 1 1 -1 -1 1 -1 -1 1 -1 -1 -1 1 1 -1 -1 -1 1 -1 -1 -1 -1 1 1 1 -1 1 1 -1 1 -1 1 1 -1 -1 -1 -1 1 1 -1 1 -1 -1 1 -1 -1 1 -1 -1 -1 -1 -1 1 -1 -1 1 1 1 1 1 1 -1 1 1 1 1 1 1 1 1 1 
1 -1 1 1 1 -1 -1 -1 -1 1 -1 -1 -1 1 -1 1 1 -1 -1 1 -1 1 -1 -1 1 -1 -1 1 1 1 -1 -1 1 -1 -1 1 -1 -1 1 1 -1 1 1 -1 -1 -1 -1 1 -1 -1 1 -1 -1 1 -1 -1 1 1 -1 -1 -1 -1 1 1 -1 -1 -1 -1 1 1 -1 -1 1 -1 1 1 1 -1 1 1 1 1 -1 -1 1 1 -1 1 1 -1 1 -1 1 1 -1 1 -1 -1 -1 1 -1 1 1 -1 1 1 -1 1 1 -1 1 1 -1 1 1 -1 -1 1 -1 1 1 1 -1 1 1 -1 -1 1 
1 -1 -1 1 1 -1 1 1 -1 -1 1 -1 1 1 1 1 -1 1 1 1 1 -1 -1 -1 -1 -1 1 -1 -1 -1 -1 -1 1 1 -1 1 1 -1 -1 1 -1 -1 1 -1 -1 1 -1 -1 -1 1 1 1 -1 1 1 1 1 -1 -1 -1 1 1 1 1 -1 -1 1 1 1 1 1 -1 1 -1 1 -1 1 -1 1 1 1 1 -1 1 -1 -1 1 1 1 1 -1 -1 1 1 -1 1 1 -1 1 1 1 -1 1 -1 -1 1 -1 -1 1 1 -1 -1 1 -1 -1 1 1 1 -1 1 -1 -1 1 -1 -1 1 1 -1 
-1 1 1 -1 -1 -1 -1 1 -1 -1 1 1 1 1 1 1 1 1 -1 1 1 1 -1 1 1 1 -1 -1 -1 -1 1 -1 -1 1 -1 1 1 -1 -1 -1 -1 -1 -1 1 -1 -1 1 1 1 1 1 -1 -1 -1 -1 -1 -1 1 -1 -1 1 -1 -1 -1 1 1 1 1 1 -1 -1 -1 -1 -1 1 -1 1 1 1 -1 1 -1 1 1 1 -1 -1 -1 -1 1 1 1 -1 -1 1 -1 -1 -1 -1 1 1 -1 1 1 -1 1 1 1 -1 1 -1 1 -1 -1 -1 1 1 1 -1 1 1 1 -1 1 -1 -1 1 -1 
-1 1 -1 -1 1 -1 -1 -1 -1 -1 1 1 1 -1 -1 1 -1 1 -1 1 1 1 -1 1 -1 1 1 1 1 -1 -1 1 -1 -1 1 1 -1 -1 1 1 -1 1 -1 -1 -1 1 1 -1 -1 1 -1 1 1 1 -1 1 -1 -1 -1 1 1 -1 1 1 -1 1 -1 -1 1 -1 1 -1 1 -1 1 -1 1 1 1 1 -1 -1 1 -1 -1 1 1 -1 -1 1 1 -1 -1 1 -1 1 1 1 1 1 -1 1 1 1 1 1 1 -1 1 -1 1 -1 1 -1 -1 1 1 -1 -1 -1 -1 -1 -1 -1 -1 1 -1 1 
1 -1 1 1 -1 -1 -1 -1 -1 -1 -1 -1 1 1 1 1 1 1 1 1 1 1 -1 1 -1 -1 -1 1 1 -1 1 1 1 -1 -1 1 -1 1 -1 -1 1 -1 -1 -1 1 -1 -1 1 -1 -1 -1 1 -1 1 -1 -1 1 -1 1 1 -1 -1 1 1 -1 1 -1 1 -1 -1 1 1 -1 -1 1 1 1 -1 -1 1 1 1 -1 1 1 1 1 1 1 -1 1 -1 1 1 1 -1 -1 1 1 1 -1 -1 -1 -1 -1 1 1 1 1 -1 -1 1 -1 1 -1 1 -1 -1 1 1 1 1 1 -1 -1 -1 -1 -1 
1 1 1 1 -1 1 -1 -1 -1 1 1 1 1 -1 -1 1 -1 1 1 -1 -1 -1 -1 1 -1 -1 1 1 -1 1 1 1 -1 1 1 1 1 -1 -1 -1 1 -1 -1 1 1 -1 1 1 1 1 -1 1 1 -1 1 -1 -1 1 1 -1 1 -1 1 -1 1 1 1 -1 1 1 1 1 1 -1 -1 1 1 1 1 -1 -1 1 1 -1 1 1 -1 -1 -1 -1 -1 -1 -1 -1 -1 1 -1 -1 -1 1 1 1 1 1 1 -1 -1 -1 -1 -1 -1 -1 -1 -1 1 -1 1 1 -1 -1 -1 1 -1 -1 -1 -1 1 1 
1 -1 1 1 -1 1 -1 -1 1 1 -1 1 -1 -1 -1 1 -1 1 1 1 1 -1 1 -1 -1 -1 1 1 1 1 1 1 -1 -1 -1 1 1 -1 1 -1 -1 1 1 1 -1 1 1 -1 -1 1 -1 -1 -1 1 1 1 -1 1 -1 1 1 -1 1 -1 1 1 1 1 -1 -1 1 1 -1 1 -1 -1 -1 -1 -1 1 -1 1 -1 1 -1 1 1 1 -1 -1 1 1 1 -1 1 -1 -1 -1 -1 -1 -1 1 -1 -1 1 -1 1 1 1 -1 -1 -1 -1 -1 1 -1 -1 -1 1 -1 1 -1 -1 1 1 1 -1 1 
1 1 -1 1 1 -1 1 -1 -1 -1 1 1 1 1 1 -1 1 -1 -1 1 1 -1 1 1 -1 1 1 -1 -1 -1 1 -1 -1 1 -1 -1 1 1 1 -1 -1 -1 1 -1 -1 -1 1 -1 -1 1 -1 1 -1 -1 1 -1 1 1 -1 -1 -1 1 1 -1 1 1 -1 -1 -1 1 1 -1 1 1 1 -1 -1 -1 -1 -1 1 -1 1 -1 -1 1 -1 1 1 1 1 -1 1 1 1 1 1 -1 -1 1 -1 -1 1 1 -1 -1 -1 1 1 -1 1 -1 1 1 1 1 -1 1 -1 -1 -1 1 -1 1 -1 -1 -1 1 
1 1 -1 -1 1 -1 -1 1 1 -1 -1 -1 -1 1 1 -1 1 -1 1 1 -1 1 1 1 -1 -1 1 -1 -1 -1 -1 -1 -1 -1 1 -1 -1 1 -1 1 -1 -1 1 -1 -1 -1 -1 -1 1 1 -1 -1 1 -1 -1 1 1 1 -1 1 1 1 1 -1 1 1 -1 -1 -1 -1 -1 -1 -1 1 1 1 1 1 1 -1 1 -1 -1 -1 1 -1 -1 1 -1 1 -1 -1 1 1 1 -1 1 -1 -1 -1 1 1 -1 1 -1 1 1 -1 -1 -1 -1 -1 -1 -1 -1 -1 -1 -1 -1 1 1 1 -1 -1 1 1 -1 -1 
-1 1 -1 1 1 -1 1 -1 -1 -1 -1 1 -1 1 1 -1 1 -1 -1 -1 1 -1 1 1 1 1 -1 -1 1 1 1 -1 -1 1 1 1 -1 1 1 1 -1 1 -1 -1 1 1 -1 -1 1 -1 1 -1 -1 1 1 1 1 -1 -1 -1 -1 1 -1 -1 -1 1 -1 -1 -1 1 1 1 1 -1 -1 1 1 -1 1 -1 -1 1 1 1 1 -1 1 1 1 1 -1 1 1 -1 1 1 -1 -1 1 -1 1 1 -1 -1 1 -1 -1 1 -1 -1 1 -1 -1 -1 1 1 1 -1 -1 1 -1 1 1 1 -1 -1 -1 -1 
-1 1 -1 1 -1 -1 1 -1 -1 1 1 -1 1 1 -1 1 -1 -1 1 -1 1 -1 1 -1 1 -1 -1 -1 1 -1 -1 -1 -1 1 1 1 -1 -1 1 -1 -1 -1 -1 1 -1 1 1 1 -1 -1 -1 -1 1 1 -1 -1 -1 -1 -1 1 1 1 1 1 1 1 1 1 1 1 1 -1 1 1 -1 -1 1 -1 1 -1 -1 -1 -1 1 -1 1 1 -1 -1 1 -1 1 -1 -1 1 -1 1 1 -1 -1 1 1 1 -1 1 1 1 -1 1 1 -1 -1 -1 -1 -1 -1 -1 1 -1 -1 -1 1 -1 -1 -1 -1 -1 -1 
1 1 1 1 1 -1 -1 1 -1 -1 1 -1 1 -1 -1 1 -1 -1 1 1 1 -1 1 -1 1 -1 1 -1 -1 -1 1 1 1 -1 -1 -1 1 -1 1 -1 -1 1 1 -1 1 -1 -1 1 -1 -1 -1 1 1 -1 1 -1 1 -1 1 -1 1 1 -1 1 1 -1 -1 1 -1 1 1 -1 -1 1 -1 1 -1 1 1 -1 1 1 1 -1 1 1 1 -1 -1 1 -1 -1 -1 1 -1 -1 1 -1 -1 -1 1 -1 -1 -1 -1 1 -1 1 -1 -1 -1 1 1 -1 1 1 1 1 -1 -1 1 -1 -1 1 -1 -1 -1 1 
-1 1 1 1 -1 1 -1 -1 1 1 -1 -1 1 1 1 -1 1 -1 -1 1 1 1 -1 -1 1 1 -1 -1 1 1 -1 -1 1 1 -1 -1 -1 1 -1 -1 1 1 1 -1 1 -1 -1 -1 -1 1 1 1 -1 1 1 -1 1 -1 1 1 1 -1 -1 1 1 1 -1 1 1 1 -1 1 -1 1 1 1 1 -1 -1 1 -1 -1 -1 -1 -1 1 1 -1 -1 -1 -1 1 1 1 1 1 1 1 1 -1 1 1 1 1 -1 1 -1 -1 1 -1 1 -1 -1 -1 1 1 -1 -1 -1 -1 1 -1 -1 1 1 -1 -1 1 
1 -1 1 1 -1 1 -1 -1 -1 -1 -1 -1 1 1 1 1 -1 1 1 1 1 1 1 -1 1 1 1 -1 -1 1 -1 1 1 -1 1 1 1 -1 1 -1 1 1 1 1 -1 1 1 -1 -1 1 -1 -1 -1 -1 -1 1 1 1 1 1 -1 1 -1 -1 -1 -1 1 -1 -1 1 -1 -1 -1 -1 1 1 -1 -1 1 -1 1 -1 1 1 -1 1 -1 1 -1 1 -1 -1 1 1 -1 1 -1 -1 1 1 -1 -1 -1 -1 1 1 1 -1 1 1 1 -1 1 1 1 1 -1 -1 -1 -1 -1 -1 1 1 -1 -1 -1 1 
1 -1 -1 1 -1 -1 -1 1 1 1 -1 -1 1 -1 1 1 1 -1 -1 1 -1 -1 -1 -1 -1 -1 -1 -1 -1 -1 1 1 1 1 1 1 -1 1 -1 1 1 -1 1 1 -1 -1 1 1 1 1 -1 1 1 1 1 1 1 -1 1 -1 -1 -1 1 1 1 -1 1 1 1 -1 -1 1 -1 -1 1 1 1 1 -1 1 -1 -1 1 1 1 1 1 1 -1 -1 -1 -1 -1 -1 -1 -1 1 1 -1 -1 -1 1 1 -1 -1 1 -1 -1 -1 -1 1 1 1 1 1 -1 -1 1 -1 1 -1 1 -1 1 -1 -1 -1 -1 
-1 1 -1 1 1 1 -1 1 1 1 -1 1 -1 1 -1 1 1 1 1 1 -1 1 -1 1 1 -1 1 -1 -1 1 1 -1 -1 1 -1 -1 -1 1 -1 1 -1 -1 1 -1 1 -1 1 -1 1 1 -1 1 1 -1 -1 -1 -1 -1 1 1 1 -1 1 1 1 -1 1 -1 1 1 -1 1 -1 -1 1 -1 -1 -1 1 1 -1 -1 1 1 -1 1 -1 1 1 1 1 1 -1 1 1 1 1 1 1 1 -1 -1 1 -1 -1 1 1 1 -1 -1 1 1 -1 1 -1 -1 1 -1 -1 1 1 1 1 1 1 -1 1 1 
-1 1 -1 1 -1 -1 1 -1 -1 1 -1 -1 1 1 -1 -1 -1 -1 -1 1 1 -1 -1 1 -1 1 1 -1 1 -1 -1 1 -1 1 1 -1 -1 -1 1 1 -1 -1 -1 -1 1 -1 1 -1 -1 -1 1 -1 -1 1 1 1 1 -1 1 1 1 -1 1 1 -1 -1 1 -1 1 1 1 1 1 1 1 1 1 -1 1 -1 1 1 1 -1 -1 1 -1 -1 1 1 -1 1 -1 -1 1 1 -1 1 1 1 1 -1 1 -1 -1 -1 1 1 1 1 -1 -1 -1 -1 -1 1 1 1 1 1 1 1 1 1 -1 1 -1 1 
1 1 -1 1 -1 -1 -1 -1 -1 1 1 1 1 1 -1 1 -1 1 1 1 1 -1 1 -1 -1 -1 1 1 1 -1 1 1 -1 1 1 -1 -1 1 -1 -1 1 1 1 -1 1 1 1 1 -1 -1 1 1 1 1 1 1 1 1 1 -1 1 -1 -1 -1 -1 -1 1 -1 -1 -1 -1 1 1 -1 -1 -1 -1 -1 -1 1 -1 -1 -1 1 -1 1 -1 -1 1 1 1 -1 1 1 1 1 1 1 1 -1 1 -1 -1 1 -1 1 -1 -1 -1 -1 -1 1 -1 -1 1 -1 1 -1 -1 -1 1 1 -1 1 -1 -1 -1 1 
-1 1 -1 -1 1 1 -1 -1 1 1 -1 1 1 1 1 1 -1 1 -1 -1 -1 -1 -1 -1 1 1 -1 -1 -1 1 -1 -1 -1 1 -1 1 1 -1 1 -1 1 -1 -1 1 1 -1 1 -1 -1 1 1 -1 -1 1 1 -1 -1 -1 1 -1 -1 1 1 1 1 1 1 -1 -1 -1 -1 -1 1 1 -1 1 -1 -1 -1 -1 1 -1 1 -1 1 1 -1 1 1 1 1 -1 -1 -1 -1 1 1 -1 1 -1 1 1 -1 -1 -1 1 -1 -1 -1 1 1 1 1 -1 1 1 1 -1 1 -1 -1 -1 1 1 -1 -1 1 -1 
1 -1 -1 -1 -1 -1 -1 1 1 -1 -1 1 1 -1 -1 -1 1 -1 1 1 -1 1 -1 -1 -1 -1 1 1 1 1 1 1 1 -1 -1 -1 -1 1 -1 1 -1 -1 -1 -1 -1 1 -1 -1 -1 1 1 -1 1 -1 1 -1 -1 -1 1 1 1 -1 1 -1 -1 -1 -1 1 -1 1 -1 1 -1 1 1 1 -1 -1 -1 -1 -1 -1 -1 1 -1 -1 -1 -1 -1 -1 1 1 1 -1 1 1 1 1 -1 1 1 1 1 1 1 1 -1 1 1 1 1 1 -1 1 1 1 1 -1 1 -1 1 1 1 -1 -1 -1 1 1 
-1 -1 1 1 -1 1 1 -1 1 1 1 -1 1 -1 1 1 -1 -1 1 -1 1 -1 -1 -1 -1 1 1 1 1 -1 -1 1 -1 1 -1 -1 1 -1 1 -1 -1 1 -1 1 1 -1 1 -1 1 1 1 1 -1 1 -1 -1 -1 -1 1 -1 1 -1 1 1 1 -1 -1 -1 1 1 1 1 1 1 1 -1 1 1 1 1 1 1 1 1 -1 1 1 -1 1 1 -1 1 1 -1 1 1 -1 -1 -1 -1 1 -1 -1 1 1 -1 -1 -1 1 1 -1 1 -1 1 1 -1 1 -1 -1 1 -1 1 1 1 -1 1 1 1 
1 1 1 1 -1 -1 1 1 -1 -1 -1 -1 -1 1 -1 -1 1 -1 1 1 1 -1 1 -1 -1 1 -1 1 -1 -1 -1 -1 -1 -1 -1 -1 1 -1 -1 1 -1 1 -1 1 -1 -1 1 1 1 1 -1 -1 -1 1 -1 1 -1 1 1 1 1 1 -1 1 1 -1 -1 1 1 1 1 -1 1 1 -1 -1 1 -1 -1 -1 -1 -1 1 -1 -1 -1 -1 -1 1 -1 -1 1 1 1 -1 1 1 -1 -1 -1 1 -1 -1 1 -1 1 -1 1 1 1 -1 1 1 -1 1 1 1 1 -1 -1 -1 -1 -1 1 1 1 -1 1 
-1 -1 1 1 1 1 1 -1 -1 -1 -1 1 -1 -1 -1 1 1 -1 1 1 -1 -1 1 -1 -1 -1 -1 1 1 1 -1 -1 1 1 1 -1 -1 1 -1 1 1 1 -1 1 -1 -1 -1 1 -1 1 -1 1 1 1 1 1 -1 1 1 1 -1 -1 -1 -1 1 -1 -1 -1 1 1 1 1 1 1 -1 1 1 -1 -1 1 1 1 -1 -1 1 1 -1 1 -1 -1 -1 1 -1 1 1 1 -1 1 -1 1 -1 1 -1 1 1 -1 -1 1 1 1 -1 -1 1 -1 -1 -1 -1 1 -1 1 1 -1 -1 1 1 -1 -1 1 
1 -1 -1 -1 -1 -1 -1 -1 1 1 -1 1 1 1 -1 -1 -1 -1 -1 -1 1 1 1 1 1 1 -1 -1 -1 1 1 1 -1 -1 -1 1 1 -1 -1 -1 -1 1 -1 1 1 -1 1 -1 -1 -1 -1 -1 1 1 1 -1 -1 1 -1 -1 1 -1 1 1 1 1 -1 1 1 -1 1 -1 1 1 1 -1 1 -1 1 -1 1 -1 -1 -1 -1 1 -1 1 -1 1 1 1 -1 1 -1 1 -1 1 -1 -1 -1 1 1 -1 1 1 1 -1 1 1 -1 -1 -1 -1 1 1 1 1 1 -1 1 1 -1 -1 1 1 1 1 
-1 1 -1 -1 -1 -1 1 -1 1 -1 -1 1 1 1 1 1 -1 1 1 1 -1 -1 -1 1 1 1 1 1 -1 -1 1 1 -1 1 -1 1 1 -1 1 1 -1 -1 1 -1 -1 1 -1 -1 1 1 -1 1 -1 1 -1 1 -1 1 1 -1 -1 -1 -1 -1 1 1 1 -1 1 1 1 1 1 -1 -1 -1 -1 1 -1 1 1 -1 1 1 1 -1 -1 -1 -1 1 -1 -1 1 -1 1 1 1 1 1 -1 -1 1 1 -1 -1 1 1 -1 -1 1 -1 1 -1 1 -1 -1 -1 -1 -1 -1 1 1 1 1 -1 1 1 1 
1 1 1 -1 -1 1 1 -1 -1 -1 -1 1 1 -1 1 -1 -1 -1 -1 -1 -1 1 -1 -1 1 1 -1 -1 -1 1 1 -1 -1 -1 1 -1 1 1 1 1 1 1 1 -1 1 -1 1 -1 -1 -1 -1 -1 -1 -1 1 1 1 -1 1 1 1 -1 -1 -1 1 -1 1 1 1 1 1 1 -1 1 -1 1 1 1 -1 1 -1 -1 1 1 -1 -1 -1 1 1 -1 -1 -1 1 1 1 1 1 -1 -1 1 -1 1 -1 -1 1 -1 1 1 1 -1 1 1 1 1 -1 1 -1 -1 -1 1 1 1 -1 -1 1 1 -1 -1 
1 -1 1 -1 1 -1 1 1 1 1 1 1 1 -1 -1 -1 -1 -1 -1 -1 -1 1 1 1 1 -1 -1 1 1 -1 1 -1 -1 1 -1 1 1 -1 1 -1 -1 -1 1 -1 -1 1 1 1 1 1 1 1 1 -1 -1 1 1 -1 -1 -1 1 1 1 1 1 -1 -1 1 1 -1 -1 1 -1 -1 1 -1 1 -1 -1 1 -1 1 -1 -1 -1 1 -1 -1 -1 1 -1 -1 1 -1 -1 -1 -1 1 1 -1 -1 1 -1 1 -1 -1 1 -1 -1 -1 1 -1 -1 1 1 -1 -1 1 -1 1 -1 -1 1 1 1 -1 -1 1 
-1 -1 -1 1 -1 1 1 -1 -1 1 1 -1 1 1 -1 1 -1 1 1 -1 1 1 -1 -1 1 -1 -1 -1 -1 1 -1 -1 1 -1 1 1 1 -1 -1 -1 -1 1 -1 -1 -1 1 -1 -1 1 -1 -1 -1 1 1 -1 -1 1 1 -1 1 1 1 1 -1 1 -1 1 1 -1 -1 1 -1 -1 1 -1 -1 -1 -1 -1 1 1 -1 1 1 -1 -1 -1 -1 -1 -1 1 -1 -1 -1 -1 1 -1 -1 1 1 -1 -1 -1 1 -1 -1 -1 -1 1 -1 -1 -1 1 -1 -1 -1 -1 -1 1 1 -1 1 1 1 1 -1 -1 1 
1 1 -1 1 -1 1 1 -1 -1 -1 1 1 1 1 -1 1 1 -1 -1 -1 -1 -1 -1 1 1 -1 1 -1 1 -1 1 -1 -1 1 1 -1 -1 1 1 1 -1 1 -1 -1 1 -1 1 -1 1 1 1 1 1 1 -1 -1 1 1 1 -1 1 -1 1 -1 1 -1 -1 -1 1 1 1 1 -1 1 1 -1 1 -1 -1 1 -1 1 1 -1 -1 1 -1 -1 -1 -1 1 1 1 -1 1 1 -1 -1 -1 1 -1 1 1 -1 -1 -1 1 -1 1 -1 -1 -1 -1 1 1 -1 1 1 -1 -1 1 -1 -1 1 1 -1 -1 -1 
-1 1 1 1 1 -1 -1 1 -1 1 -1 -1 -1 1 -1 -1 -1 1 1 -1 -1 1 -1 -1 -1 -1 -1 -1 -1 1 1 1 1 1 1 -1 1 -1 -1 1 1 -1 -1 -1 1 -1 -1 -1 -1 -1 1 1 -1 1 -1 -1 1 -1 -1 1 -1 -1 1 -1 -1 -1 -1 -1 1 -1 -1 -1 1 1 -1 -1 -1 -1 1 1 1 -1 1 -1 -1 1 1 1 -1 1 1 -1 1 1 -1 -1 -1 -1 1 -1 1 -1 -1 -1 -1 1 -1 1 -1 1 -1 -1 -1 1 1 -1 -1 1 1 1 1 -1 -1 1 -1 1 -1 1 
1 1 -1 1 1 1 1 -1 1 1 -1 1 -1 1 -1 -1 1 -1 -1 1 -1 1 1 1 1 -1 1 1 1 1 1 -1 1 -1 1 -1 1 1 1 -1 -1 1 1 -1 -1 -1 -1 -1 1 1 1 1 -1 1 -1 -1 1 1 1 1 -1 1 -1 1 1 -1 -1 -1 1 -1 -1 1 -1 -1 -1 -1 -1 1 -1 1 -1 1 -1 1 1 -1 1 1 1 -1 1 1 -1 1 -1 1 -1 -1 1 1 1 -1 -1 -1 1 -1 1 -1 1 -1 -1 -1 -1 -1 -1 1 1 1 -1 -1 -1 -1 -1 -1 -1 -1 -1 1 
1 1 1 1 -1 1 1 1 1 -1 -1 1 1 1 1 -1 1 1 -1 -1 -1 1 -1 -1 1 -1 -1 -1 -1 -1 1 1 -1 -1 1 1 -1 -1 -1 -1 -1 -1 1 -1 -1 1 -1 1 1 1 -1 1 1 -1 1 -1 -1 -1 -1 -1 1 -1 1 1 -1 1 -1 -1 1 -1 1 -1 1 1 1 1 1 1 1 -1 -1 1 -1 -1 1 -1 -1 -1 -1 -1 1 -1 -1 1 -1 1 -1 1 1 -1 -1 -1 1 -1 -1 1 -1 -1 -1 -1 1 -1 -1 1 1 -1 1 1 -1 1 1 -1 1 -1 1 1 1 -1 
1 -1 1 -1 -1 -1 -1 -1 -1 1 -1 1 1 -1 -1 1 -1 1 -1 -1 1 1 -1 -1 -1 -1 -1 -1 -1 -1 1 1 1 -1 -1 -1 -1 1 -1 -1 -1 1 1 1 -1 -1 -1 1 1 1 1 -1 1 -1 -1 1 1 -1 -1 1 -1 1 -1 -1 1 -1 1 -1 1 -1 1 1 1 -1 -1 1 -1 1 -1 -1 1 1 1 1 1 -1 1 1 -1 -1 -1 1 1 -1 -1 -1 -1 1 1 -1 1 -1 -1 1 -1 -1 1 1 -1 -1 1 1 1 -1 -1 -1 -1 -1 1 1 -1 -1 -1 -1 -1 1 1 -1 
-1 1 -1 1 1 1 1 1 1 -1 1 -1 1 1 -1 1 -1 -1 -1 1 -1 -1 1 1 -1 -1 -1 1 1 1 -1 1 -1 -1 -1 1 -1 -1 1 -1 1 -1 -1 1 1 1 1 1 1 1 -1 -1 1 1 1 -1 -1 1 -1 1 -1 -1 -1 -1 1 -1 -1 -1 1 -1 1 -1 -1 -1 1 -1 1 -1 1 1 1 1 1 1 1 1 -1 -1 -1 1 1 1 -1 1 1 -1 1 -1 1 1 -1 -1 -1 -1 1 1 -1 1 -1 1 1 -1 -1 -1 1 -1 1 1 1 -1 1 1 1 1 -1 -1 -1 -1 
1 1 1 -1 1 1 1 1 -1 1 -1 -1 -1 -1 1 1 1 1 1 1 1 -1 1 -1 1 1 -1 1 1 1 -1 -1 1 -1 -1 -1 -1 -1 1 -1 -1 1 -1 -1 1 1 1 -1 -1 -1 1 1 -1 1 -1 1 -1 1 -1 1 -1 1 1 1 1 -1 1 -1 1 1 -1 -1 1 1 -1 1 1 1 -1 -1 1 1 1 -1 -1 -1 1 -1 1 -1 1 -1 1 1 -1 1 1 -1 -1 -1 -1 -1 1 1 -1 -1 1 -1 -1 -1 -1 -1 -1 1 1 1 1 -1 1 1 1 1 -1 -1 1 1 -1 -1 
1 -1 1 -1 1 1 1 1 -1 1 1 -1 -1 -1 1 -1 -1 1 -1 1 1 1 -1 -1 1 -1 1 1 -1 1 -1 -1 -1 1 1 -1 1 1 1 1 1 -1 -1 1 -1 -1 -1 1 -1 1 1 -1 1 -1 1 -1 -1 1 1 -1 -1 1 1 1 -1 1 -1 1 1 -1 -1 -1 1 1 -1 1 -1 -1 1 -1 1 1 -1 1 -1 -1 -1 -1 -1 -1 -1 -1 1 -1 -1 -1 1 1 -1 -1 1 1 1 1 -1 -1 1 -1 -1 1 1 1 -1 1 1 -1 1 -1 -1 1 -1 -1 -1 -1 -1 1 1 -1 
1 -1 -1 -1 1 1 1 1 1 1 -1 1 1 1 1 -1 1 -1 -1 -1 1 1 -1 -1 -1 1 -1 1 -1 1 -1 1 -1 1 -1 -1 -1 -1 1 -1 -1 -1 -1 1 1 1 1 1 1 -1 1 -1 1 1 -1 -1 1 1 -1 1 -1 -1 1 -1 -1 -1 1 -1 -1 -1 1 -1 1 -1 -1 -1 -1 -1 1 1 1 1 -1 -1 1 -1 1 1 -1 -1 1 -1 1 1 1 -1 1 -1 -1 -1 1 1 -1 -1 1 -1 -1 1 -1 -1 1 -1 -1 -1 -1 1 1 1 1 1 1 1 -1 1 -1 -1 1 1 
1 1 1 -1 -1 1 1 -1 1 -1 -1 -1 -1 1 -1 1 -1 -1 1 1 1 -1 1 1 1 1 -1 -1 -1 -1 1 -1 -1 -1 1 1 1 -1 1 1 -1 1 1 1 -1 1 1 -1 1 -1 -1 1 1 1 1 1 -1 -1 1 1 1 1 1 1 1 1 1 -1 1 -1 1 1 -1 -1 1 -1 1 1 -1 -1 -1 1 -1 -1 -1 -1 -1 1 -1 -1 1 -1 -1 1 -1 1 -1 1 -1 1 -1 -1 -1 -1 1 1 1 1 1 1 -1 1 1 1 -1 -1 1 -1 1 1 1 1 1 -1 1 1 1 -1 
-1 -1 1 -1 -1 1 1 1 1 1 1 -1 -1 -1 1 -1 -1 1 -1 -1 -1 1 1 -1 1 -1 1 1 -1 1 1 1 1 -1 -1 1 -1 1 -1 -1 1 1 -1 -1 -1 -1 1 1 -1 1 -1 1 1 -1 1 -1 -1 1 1 1 1 -1 1 -1 -1 -1 -1 -1 1 -1 -1 -1 -1 -1 -1 -1 -1 1 1 -1 1 -1 1 -1 1 -1 1 -1 1 -1 -1 1 -1 -1 -1 1 1 -1 -1 -1 -1 1 1 -1 -1 -1 -1 1 1 -1 1 1 -1 -1 -1 1 -1 -1 -1 -1 1 1 -1 -1 -1 1 1 -1 
-1 1 1 -1 -1 1 1 -1 1 -1 1 1 1 -1 -1 1 -1 1 1 1 -1 -1 -1 -1 -1 -1 -1 1 -1 1 -1 -1 1 -1 1 1 -1 1 1 1 1 1 1 1 1 1 -1 -1 1 1 -1 -1 1 -1 1 1 1 1 -1 -1 -1 1 1 1 -1 -1 1 -1 -1 -1 1 1 -1 1 -1 -1 -1 1 1 -1 1 -1 -1 -1 1 1 -1 -1 -1 1 1 1 -1 -1 1 1 1 -1 -1 -1 1 -1 1 1 1 -1 -1 1 -1 -1 -1 1 1 -1 -1 1 1 -1 1 -1 -1 -1 -1 -1 1 1 1 -1 
-1 1 1 1 -1 -1 1 1 1 -1 -1 -1 -1 -1 -1 -1 1 -1 -1 1 -1 1 -1 1 -1 1 -1 1 1 1 1 -1 1 1 -1 1 -1 -1 1 -1 -1 -1 1 -1 1 1 -1 1 1 1 -1 -1 1 -1 -1 1 -1 1 -1 -1 -1 -1 -1 1 1 1 1 -1 1 1 -1 -1 -1 1 -1 -1 -1 -1 1 -1 -1 -1 1 -1 -1 -1 1 -1 1 -1 -1 -1 -1 1 -1 1 1 -1 1 1 1 -1 1 -1 1 -1 -1 1 1 -1 -1 1 1 -1 -1 1 -1 1 -1 -1 1 -1 1 -1 -1 -1 1 -1 
1 1 1 1 1 -1 1 -1 -1 -1 -1 1 -1 -1 -1 1 1 -1 1 -1 1 -1 -1 -1 1 1 -1 1 1 1 -1 1 -1 -1 -1 -1 1 1 1 -1 1 -1 -1 1 -1 -1 -1 1 -1 1 1 1 -1 -1 -1 1 1 1 1 1 -1 1 -1 1 1 1 1 -1 1 -1 -1 1 1 -1 1 -1 -1 1 -1 -1 -1 1 -1 -1 -1 -1 -1 1 -1 1 1 -1 -1 -1 -1 -1 -1 -1 -1 1 -1 1 1 1 1 -1 -1 1 1 -1 1 -1 1 -1 1 1 1 1 -1 -1 1 1 -1 -1 1 1 -1 -1 
1 -1 1 -1 -1 1 1 -1 -1 -1 1 1 -1 1 1 1 -1 1 -1 1 -1 -1 1 1 -1 1 -1 -1 1 -1 1 -1 -1 -1 1 1 1 -1 -1 1 1 -1 1 1 -1 -1 -1 -1 1 -1 1 1 1 -1 1 1 -1 -1 -1 -1 -1 -1 -1 1 -1 1 1 1 -1 -1 -1 1 -1 -1 -1 1 1 1 1 1 -1 1 1 -1 1 1 -1 1 -1 1 1 -1 1 1 -1 1 -1 -1 -1 -1 1 -1 -1 -1 -1 1 -1 1 -1 -1 -1 1 -1 -1 -1 -1 1 -1 -1 -1 -1 1 -1 1 -1 -1 1 1 
-1 -1 -1 1 -1 -1 1 1 -1 1 1 -1 -1 1 1 -1 1 1 -1 -1 1 1 -1 1 -1 -1 1 1 1 1 -1 1 1 1 -1 -1 1 1 1 1 -1 1 -1 -1 -1 -1 -1 -1 -1 -1 1 -1 -1 -1 1 -1 -1 1 1 -1 1 -1 -1 1 1 -1 -1 1 1 1 1 1 -1 -1 -1 -1 1 -1 1 -1 1 1 -1 -1 -1 -1 1 1 -1 -1 -1 -1 -1 1 1 1 -1 1 1 -1 -1 -1 -1 -1 -1 1 -1 1 1 1 -1 -1 1 -1 -1 -1 -1 -1 1 -1 1 1 -1 -1 1 -1 -1 1 
1 -1 -1 1 1 -1 -1 1 -1 1 1 1 -1 -1 1 -1 1 1 1 1 1 -1 -1 1 1 -1 1 -1 -1 1 1 -1 1 -1 1 1 -1 -1 -1 1 -1 -1 1 -1 -1 1 1 -1 1 1 -1 -1 1 -1 1 1 1 1 -1 -1 1 1 -1 -1 -1 1 -1 1 1 1 -1 -1 1 1 1 -1 1 1 -1 -1 1 -1 1 1 1 -1 -1 -1 -1 -1 1 -1 -1 -1 1 1 1 -1 1 -1 1 -1 1 -1 -1 -1 -1 -1 -1 -1 1 1 1 1 1 -1 -1 1 -1 1 -1 -1 -1 -1 -1 -1 -1 -1 
1 1 1 1 -1 -1 -1 -1 1 1 -1 -1 -1 1 -1 -1 1 -1 1 1 -1 -1 -1 -1 1 1 1 1 -1 -1 -1 1 1 -1 1 -1 1 1 -1 -1 1 1 -1 -1 1 -1 -1 -1 1 1 -1 1 1 -1 -1 1 1 -1 -1 1 1 1 -1 1 -1 1 -1 -1 -1 1 1 1 -1 1 -1 -1 -1 1 1 1 -1 1 1 -1 1 1 -1 -1 1 -1 1 1 -1 -1 -1 1 -1 -1 1 1 -1 1 -1 -1 -1 -1 1 1 1 1 -1 -1 -1 -1 1 -1 -1 -1 -1 -1 -1 1 -1 1 -1 -1 -1 -1 
1 1 1 -1 1 1 1 1 -1 -1 -1 1 -1 1 -1 -1 -1 1 -1 -1 -1 1 1 -1 -1 1 1 -1 1 1 1 -1 -1 1 1 1 1 1 -1 -1 1 -1 -1 -1 -1 1 -1 1 -1 -1 1 -1 1 -1 1 1 1 1 1 -1 1 -1 -1 1 1 1 -1 1 1 -1 1 -1 1 1 -1 -1 1 -1 -1 -1 -1 1 -1 -1 1 -1 -1 1 -1 -1 -1 1 1 -1 -1 1 -1 -1 -1 1 1 -1 1 -1 1 -1 -1 1 -1 1 1 1 1 1 1 -1 -1 1 1 1 -1 -1 -1 1 1 -1 -1 -1 
1 -1 1 -1 -1 -1 1 1 1 1 -1 1 -1 1 1 1 -1 1 -1 1 1 1 -1 1 -1 1 -1 -1 -1 1 1 1 1 -1 1 -1 1 -1 1 -1 1 -1 -1 -1 -1 -1 -1 1 1 1 -1 1 -1 1 -1 1 -1 1 -1 -1 1 1 -1 1 1 1 1 1 1 1 1 1 1 1 -1 1 1 -1 1 1 -1 -1 1 -1 -1 1 1 1 1 -1 1 1 1 1 1 -1 1 1 -1 -1 1 -1 -1 -1 1 1 1 1 1 -1 -1 1 -1 -1 -1 -1 -1 -1 1 -1 1 -1 -1 -1 -1 1 -1 1 
-1 1 -1 -1 1 1 -1 -1 1 -1 -1 1 1 -1 -1 1 -1 -1 1 -1 1 -1 -1 1 1 1 -1 1 -1 1 1 1 1 1 1 -1 -1 1 -1 1 1 -1 -1 -1 -1 1 1 -1 -1 1 -1 1 -1 -1 -1 1 1 -1 1 1 1 -1 1 1 -1 1 1 1 -1 1 -1 -1 1 1 -1 -1 -1 -1 -1 -1 -1 1 1 1 1 -1 1 1 1 -1 -1 -1 1 -1 -1 1 1 1 1 -1 -1 -1 -1 -1 -1 -1 -1 -1 -1 -1 1 1 1 1 -1 -1 -1 -1 -1 -1 -1 1 1 -1 -1 -1 -1 1 
-1 1 1 -1 1 1 1 -1 1 1 -1 1 1 -1 -1 1 1 1 -1 1 1 -1 1 1 -1 1 1 -1 -1 -1 -1 1 1 -1 1 -1 -1 1 -1 1 1 1 -1 1 1 1 1 1 -1 -1 -1 1 1 -1 -1 -1 -1 -1 1 -1 1 -1 1 1 1 1 -1 1 -1 -1 1 1 1 -1 1 -1 -1 -1 -1 1 1 -1 -1 1 -1 1 -1 -1 -1 -1 -1 1 -1 -1 -1 1 1 -1 -1 -1 -1 1 1 1 1 1 -1 -1 -1 -1 -1 -1 -1 1 -1 1 -1 1 -1 -1 1 1 1 -1 1 -1 1 -1 
-1 1 1 -1 -1 -1 -1 -1 -1 -1 -1 1 -1 -1 1 -1 1 -1 1 -1 -1 -1 1 1 1 1 1 1 -1 1 1 1 -1 1 1 1 1 -1 -1 1 1 1 -1 1 -1 1 -1 -1 -1 1 -1 1 1 -1 -1 -1 -1 1 -1 -1 1 1 -1 1 1 1 1 -1 -1 -1 -1 -1 1 -1 1 1 -1 1 1 1 1 1 -1 -1 -1 -1 -1 -1 1 -1 -1 1 1 1 -1 -1 1 -1 1 1 -1 1 1 -1 1 -1 -1 1 -1 1 -1 1 -1 1 -1 -1 1 -1 -1 -1 -1 -1 -1 1 -1 -1 -1 -1 
-1 1 -1 -1 1 -1 -1 1 1 1 -1 -1 -1 -1 1 -1 1 1 -1 1 -1 -1 -1 1 1 1 -1 -1 -1 1 1 1 -1 -1 -1 -1 1 -1 -1 1 -1 -1 -1 -1 -1 -1 1 -1 1 1 1 1 1 1 -1 1 -1 -1 -1 -1 -1 1 -1 1 1 -1 -1 1 -1 -1 1 -1 -1 1 -1 1 1 -1 1 -1 -1 1 -1 -1 -1 1 -1 -1 1 1 -1 -1 -1 1 1 -1 -1 -1 1 -1 -1 1 -1 1 -1 -1 1 -1 -1 -1 1 -1 1 -1 -1 1 1 1 1 1 -1 1 -1 1 -1 1 1 1 
1 1 -1 1 -1 1 1 -1 -1 -1 -1 1 1 -1 1 -1 1 1 -1 1 -1 1 -1 -1 -1 -1 1 1 1 -1 -1 1 -1 -1 -1 -1 1 -1 1 1 1 1 -1 -1 -1 1 1 1 -1 1 1 -1 -1 1 -1 -1 1 1 1 1 1 -1 -1 -1 1 1 1 1 1 1 -1 -1 -1 -1 -1 -1 -1 1 1 -1 1 -1 -1 1 1 -1 -1 1 1 -1 1 -1 1 -1 1 1 -1 -1 -1 -1 -1 1 -1 -1 1 1 1 -1 1 1 1 -1 -1 -1 -1 -1 1 1 1 1 -1 -1 -1 1 -1 1 1 1 
-1 -1 -1 1 -1 -1 -1 -1 1 1 1 -1 1 1 1 1 1 -1 -1 -1 -1 -1 -1 -1 -1 1 1 -1 1 -1 1 -1 1 -1 1 1 -1 -1 1 -1 -1 -1 -1 -1 1 -1 -1 -1 1 -1 -1 1 -1 1 1 -1 1 1 1 -1 1 -1 1 -1 -1 -1 1 1 -1 -1 1 1 1 1 1 -1 1 -1 -1 -1 -1 -1 -1 1 1 -1 1 -1 -1 1 -1 -1 -1 1 -1 -1 -1 1 1 1 1 -1 -1 1 -1 1 1 -1 -1 1 1 1 -1 1 -1 1 1 1 1 1 -1 1 -1 1 -1 -1 -1 1 
-1 1 1 -1 -1 -1 1 -1 -1 1 1 1 -1 1 -1 -1 1 -1 -1 -1 1 1 1 -1 -1 1 1 1 -1 -1 -1 1 -1 -1 -1 1 -1 -1 1 1 1 1 1 -1 -1 1 1 -1 1 1 1 1 -1 1 -1 1 -1 -1 1 -1 1 -1 1 1 1 -1 -1 1 -1 -1 -1 1 1 -1 -1 -1 1 -1 -1 1 -1 -1 1 1 -1 -1 1 1 1 1 -1 -1 1 -1 1 -1 -1 1 1 -1 -1 -1 1 1 1 -1 -1 -1 -1 -1 1 -1 1 1 -1 1 -1 -1 -1 -1 -1 1 -1 1 -1 1 1 1 
-1 1 1 1 -1 1 -1 1 -1 1 -1 1 -1 1 1 -1 -1 -1 -1 -1 1 1 -1 1 1 -1 -1 -1 -1 1 -1 1 -1 1 -1 1 1 -1 1 -1 -1 -1 1 -1 1 -1 -1 1 -1 -1 1 1 -1 1 -1 1 1 -1 -1 -1 1 -1 -1 -1 -1 1 -1 1 1 1 1 -1 -1 -1 1 1 -1 -1 -1 -1 1 -1 1 1 -1 -1 -1 1 -1 1 -1 -1 -1 -1 -1 -1 -1 1 -1 1 -1 1 1 -1 1 1 1 1 -1 -1 -1 1 1 -1 -1 1 1 1 -1 -1 -1 1 1 1 -1 -1 1 1 
1 -1 1 1 1 -1 -1 1 1 1 -1 -1 1 1 -1 1 1 1 1 1 -1 -1 -1 -1 1 -1 1 1 1 -1 1 1 -1 1 1 -1 -1 1 -1 -1 -1 -1 1 1 -1 1 -1 -1 1 -1 -1 1 -1 1 1 -1 -1 1 1 -1 -1 1 -1 -1 -1 -1 -1 1 1 -1 1 1 -1 1 -1 -1 -1 -1 1 -1 -1 1 -1 -1 1 1 -1 1 1 1 -1 -1 -1 -1 1 1 -1 1 1 -1 1 -1 1 1 1 1 -1 -1 -1 1 1 1 -1 -1 1 1 1 1 1 1 1 1 1 1 1 -1 -1 -1 
-1 1 -1 -1 -1 -1 1 1 1 -1 1 -1 1 1 -1 1 1 1 1 -1 1 1 1 -1 -1 1 1 -1 -1 -1 1 -1 1 -1 -1 1 1 1 1 1 1 -1 -1 -1 -1 -1 -1 -1 1 1 1 1 1 -1 -1 -1 1 -1 1 1 1 1 1 1 -1 1 1 1 -1 1 -1 1 1 -1 -1 -1 -1 1 -1 1 -1 1 -1 -1 -1 1 -1 -1 -1 -1 1 1 -1 -1 -1 1 -1 1 -1 -1 1 1 -1 1 1 1 -1 -1 -1 -1 -1 1 1 1 1 -1 -1 -1 -1 -1 1 -1 -1 1 -1 -1 1 1 
1 -1 1 -1 -1 -1 1 -1 -1 -1 1 -1 -1 1 1 -1 -1 -1 1 1 1 1 1 1 1 1 1 -1 -1 1 1 1 1 1 1 1 -1 -1 1 -1 1 1 -1 1 -1 -1 -1 -1 -1 -1 1 1 1 -1 1 -1 1 -1 1 -1 -1 1 -1 1 1 -1 -1 -1 -1 -1 -1 1 1 1 1 -1 1 -1 1 -1 1 -1 1 1 -1 1 -1 -1 -1 -1 -1 -1 -1 1 -1 1 -1 -1 -1 1 1 1 -1 1 -1 -1 1 -1 1 -1 1 -1 -1 -1 -1 -1 -1 -1 1 -1 -1 -1 -1 -1 -1 1 -1 -1 
-1 1 -1 -1 1 -1 1 -1 1 -1 -1 1 -1 -1 1 1 1 -1 -1 1 -1 1 -1 1 -1 1 1 -1 -1 -1 -1 1 -1 -1 -1 1 -1 1 1 1 -1 1 -1 1 -1 -1 1 -1 1 -1 1 -1 1 -1 1 1 -1 1 -1 1 -1 -1 -1 1 1 -1 -1 1 -1 1 1 -1 -1 1 -1 -1 -1 1 -1 -1 1 1 -1 -1 1 1 1 1 1 1 1 1 -1 1 1 1 -1 -1 1 -1 -1 -1 -1 1 -1 -1 -1 1 -1 1 1 -1 1 -1 1 1 -1 1 1 -1 1 -1 -1 -1 1 -1 1 1 
-1 -1 -1 -1 -1 1 1 1 1 1 -1 -1 1 -1 -1 -1 -1 -1 1 -1 1 1 1 -1 1 -1 1 -1 -1 -1 -1 -1 1 -1 -1 1 1 1 1 1 1 -1 1 1 1 1 -1 -1 1 1 -1 1 1 -1 1 1 -1 -1 1 -1 1 1 -1 -1 1 -1 -1 1 1 1 1 1 -1 1 -1 1 1 -1 1 -1 -1 -1 -1 -1 -1 1 1 -1 1 1 -1 1 -1 1 -1 1 -1 -1 -1 -1 1 -1 -1 -1 -1 -1 1 -1 -1 1 -1 -1 1 1 -1 -1 -1 1 -1 1 1 1 -1 1 1 1 1 -1 
-1 1 1 -1 1 -1 -1 -1 1 1 1 -1 1 -1 -1 1 1 -1 -1 1 -1 1 -1 1 1 -1 -1 -1 -1 1 1 -1 -1 -1 -1 1 -1 -1 1 1 -1 1 -1 1 1 1 -1 1 -1 1 1 -1 -1 -1 -1 -1 -1 -1 1 -1 -1 1 -1 -1 1 -1 1 1 1 1 1 1 1 -1 -1 -1 -1 1 -1 -1 -1 1 -1 1 -1 1 -1 -1 -1 -1 -1 1 -1 1 1 -1 -1 -1 1 -1 1 1 -1 -1 1 -1 -1 1 1 -1 1 -1 -1 -1 -1 -1 -1 1 -1 -1 1 -1 1 -1 1 -1 -1 -1 
-1 1 1 -1 -1 1 1 1 -1 1 -1 -1 1 1 1 1 1 -1 -1 -1 -1 -1 -1 1 1 1 1 1 1 1 1 -1 -1 1 -1 -1 -1 -1 -1 1 1 1 1 1 -1 1 1 -1 1 -1 -1 1 -1 -1 -1 1 -1 1 -1 -1 1 1 1 1 -1 -1 1 1 -1 -1 -1 -1 -1 1 1 -1 -1 -1 -1 1 1 1 -1 1 1 -1 1 -1 -1 1 -1 -1 1 -1 1 -1 1 -1 -1 1 1 1 1 -1 1 -1 1 1 -1 1 -1 1 -1 -1 -1 -1 1 -1 -1 1 1 -1 -1 1 1 1 -1 -1 
-1 1 1 -1 -1 -1 1 -1 1 -1 1 -1 1 -1 1 1 1 1 -1 1 -1 -1 -1 -1 -1 1 1 1 1 -1 1 1 -1 -1 1 1 -1 -1 1 1 1 1 -1 1 -1 -1 -1 -1 1 -1 1 -1 1 -1 -1 -1 -1 -1 -1 1 -1 -1 1 1 -1 1 1 1 1 1 -1 -1 1 1 -1 -1 -1 -1 -1 -1 1 -1 -1 1 -1 1 1 1 1 -1 1 -1 1 -1 1 1 1 -1 1 -1 -1 1 -1 1 1 1 -1 -1 -1 -1 1 -1 1 1 -1 -1 1 -1 1 1 1 1 -1 -1 1 1 1 -1 
1 1 -1 -1 1 -1 1 1 -1 -1 -1 -1 -1 -1 -1 1 -1 -1 1 1 -1 -1 1 1 1 1 -1 1 1 -1 -1 -1 1 -1 1 -1 1 1 -1 1 -1 -1 1 1 -1 1 1 1 -1 1 -1 1 -1 -1 -1 1 -1 -1 -1 1 -1 1 1 -1 -1 -1 1 -1 -1 1 1 -1 -1 1 -1 1 -1 -1 -1 -1 1 -1 -1 -1 -1 1 -1 1 1 1 -1 1 1 -1 1 -1 1 -1 -1 1 -1 -1 1 1 -1 1 -1 1 1 -1 -1 1 1 1 -1 1 -1 1 -1 -1 -1 1 -1 1 1 1 -1 -1 
1 -1 1 1 -1 -1 1 1 -1 1 -1 1 -1 -1 -1 1 1 -1 1 -1 -1 -1 1 -1 1 -1 1 -1 1 -1 -1 1 1 -1 1 -1 -1 -1 1 1 1 1 -1 -1 -1 -1 1 1 1 -1 -1 -1 1 -1 -1 1 -1 -1 -1 -1 -1 1 1 1 -1 -1 -1 1 1 -1 -1 -1 1 1 1 -1 1 1 -1 1 -1 -1 1 1 -1 1 -1 -1 -1 -1 -1 -1 1 -1 1 -1 1 1 1 -1 -1 1 1 -1 -1 1 -1 -1 1 -1 -1 1 1 -1 -1 -1 -1 -1 -1 -1 -1 1 -1 -1 -1 -1 1 -1 
1 -1 1 -1 -1 1 1 -1 -1 1 -1 -1 -1 -1 1 -1 -1 1 -1 1 -1 -1 1 -1 -1 -1 -1 -1 -1 1 -1 -1 1 -1 1 1 1 1 1 -1 1 -1 -1 -1 1 -1 -1 1 1 -1 -1 -1 -1 1 1 1 -1 1 -1 1 1 1 1 -1 -1 1 1 1 1 1 -1 1 -1 -1 1 -1 1 1 -1 1 -1 1 1 1 -1 -1 -1 -1 -1 1 -1 -1 1 1 1 -1 -1 -1 -1 -1 -1 -1 -1 -1 1 1 -1 1 -1 -1 -1 -1 -1 -1 1 1 1 -1 1 -1 -1 1 -1 -1 1 1 -1 -1 
-1 1 -1 -1 -1 -1 -1 -1 -1 1 1 -1 1 -1 -1 -1 -1 -1 1 1 -1 1 -1 -1 1 -1 1 -1 -1 1 -1 1 -1 1 1 1 1 -1 1 -1 1 1 1 -1 1 -1 1 1 -1 1 1 1 1 -1 -1 1 -1 1 -1 1 1 1 -1 -1 1 -1 1 1 -1 1 -1 1 -1 1 -1 -1 -1 -1 1 -1 -1 -1 1 -1 1 -1 1 1 1 1 -1 -1 -1 -1 -1 -1 -1 1 -1 1 -1 1 1 1 1 -1 -1 1 -1 -1 -1 -1 1 -1 1 -1 -1 -1 -1 -1 -1 -1 1 1 -1 -1 1 -1 
-1 1 -1 -1 1 -1 1 1 1 1 1 -1 1 -1 1 -1 1 -1 1 -1 -1 -1 -1 -1 -1 -1 1 -1 1 -1 -1 -1 -1 1 1 -1 1 -1 -1 1 -1 -1 1 1 -1 1 1 1 -1 1 1 1 -1 1 -1 -1 -1 1 -1 1 -1 -1 -1 1 1 1 1 1 1 1 -1 1 -1 -1 -1 -1 1 -1 1 1 -1 1 1 1 1 1 -1 1 -1 1 1 -1 -1 -1 -1 -1 -1 -1 1 1 1 1 -1 1 1 -1 -1 -1 -1 -1 1 1 -1 -1 1 -1 1 -1 1 1 -1 1 1 -1 -1 1 1 1 
-1 -1 1 -1 1 -1 -1 -1 -1 1 -1 -1 1 1 1 1 -1 -1 1 1 -1 -1 1 1 1 -1 1 1 1 -1 1 -1 -1 -1 1 -1 1 -1 1 1 -1 1 -1 -1 1 -1 1 1 1 1 1 -1 -1 1 -1 1 -1 -1 1 1 -1 -1 1 -1 1 -1 -1 -1 -1 1 1 1 -1 -1 1 -1 1 1 1 1 -1 1 -1 -1 1 -1 -1 -1 1 1 -1 -1 1 -1 1 -1 -1 1 -1 1 1 1 -1 1 1 -1 -1 1 1 1 -1 -1 1 -1 -1 -1 -1 1 -1 1 -1 -1 1 -1 1 -1 1 -1 
1 1 1 1 1 1 1 -1 1 -1 1 -1 -1 1 1 -1 -1 1 1 -1 -1 -1 1 -1 1 -1 -1 -1 1 -1 -1 -1 -1 -1 -1 1 1 -1 1 -1 1 -1 1 1 -1 1 -1 -1 -1 -1 -1 -1 1 -1 1 -1 -1 -1 -1 -1 -1 -1 -1 -1 1 -1 1 1 -1 -1 -1 1 -1 -1 -1 1 -1 1 -1 -1 1 1 1 -1 1 1 -1 1 -1 -1 -1 1 -1 -1 1 1 -1 -1 -1 1 1 1 -1 -1 1 -1 1 1 -1 -1 -1 1 -1 -1 1 -1 1 -1 -1 -1 -1 1 -1 1 -1 1 1 -1 
1 1 1 -1 1 -1 -1 1 1 -1 -1 -1 1 1 1 1 -1 1 -1 1 -1 -1 -1 1 1 1 1 -1 1 -1 -1 -1 1 1 -1 1 -1 -1 1 1 1 1 1 -1 1 1 -1 1 1 1 1 -1 1 -1 -1 -1 1 1 -1 -1 -1 -1 1 1 1 -1 -1 -1 1 -1 1 -1 -1 1 1 1 -1 1 -1 1 1 -1 1 1 1 1 -1 -1 -1 -1 -1 -1 1 -1 1 -1 -1 -1 -1 1 1 1 -1 -1 1 -1 -1 -1 1 -1 1 1 -1 -1 -1 -1 1 1 -1 -1 1 -1 1 -1 1 -1 -1 1 
-1 -1 -1 -1 1 -1 -1 1 1 1 1 -1 -1 -1 -1 1 -1 1 -1 -1 1 -1 1 -1 1 1 1 -1 -1 1 1 1 -1 1 1 1 -1 -1 1 -1 1 -1 1 -1 -1 -1 -1 1 1 -1 1 -1 1 -1 1 -1 1 -1 -1 1 1 -1 -1 1 1 1 -1 1 -1 -1 1 1 1 1 -1 -1 1 1 -1 1 -1 1 1 -1 1 1 1 -1 1 1 -1 1 -1 -1 -1 1 -1 1 -1 -1 -1 -1 -1 -1 1 1 -1 1 1 1 1 1 -1 -1 -1 -1 -1 -1 -1 1 -1 -1 -1 1 1 1 1 1 
1 1 -1 1 1 1 -1 1 1 -1 -1 1 -1 1 1 -1 -1 -1 -1 1 -1 1 -1 1 -1 1 1 1 1 -1 -1 -1 -1 -1 -1 -1 1 -1 -1 -1 1 1 1 1 -1 1 -1 1 1 -1 1 -1 1 1 -1 1 1 1 1 -1 -1 -1 1 1 1 1 -1 1 1 -1 -1 1 1 1 -1 1 -1 -1 -1 -1 -1 1 1 -1 1 1 1 -1 -1 1 1 1 -1 1 -1 -1 1 1 -1 1 -1 1 1 1 1 -1 -1 -1 1 -1 -1 1 1 1 1 -1 1 -1 1 -1 -1 -1 1 -1 1 -1 -1 1 
1 1 -1 -1 -1 -1 1 1 -1 1 -1 -1 1 1 1 -1 1 1 1 1 1 1 1 1 1 1 -1 -1 1 1 -1 1 -1 1 1 -1 -1 -1 1 -1 -1 -1 1 1 -1 1 -1 1 -1 1 -1 -1 1 -1 -1 -1 -1 1 -1 -1 -1 1 -1 1 1 -1 1 1 1 -1 -1 -1 1 -1 1 1 -1 -1 -1 1 -1 1 -1 -1 -1 1 -1 -1 1 -1 -1 -1 -1 -1 -1 -1 1 1 -1 -1 -1 -1 -1 1 1 -1 -1 -1 -1 1 -1 -1 -1 -1 -1 1 1 1 -1 1 -1 1 1 1 1 -1 1 -1 
-1 -1 -1 1 -1 -1 1 -1 1 1 1 1 1 1 1 1 -1 -1 1 1 -1 1 1 -1 -1 1 -1 -1 1 -1 -1 -1 -1 1 -1 1 1 1 1 -1 -1 -1 1 -1 -1 1 -1 1 1 -1 1 -1 -1 -1 1 1 -1 1 -1 1 1 1 1 1 1 1 1 -1 1 1 1 -1 1 -1 1 1 1 1 -1 -1 -1 1 -1 -1 1 -1 -1 -1 -1 -1 1 -1 -1 1 1 -1 -1 -1 1 1 1 1 1 1 1 1 -1 -1 1 -1 1 -1 1 -1 -1 1 -1 -1 1 -1 1 -1 1 1 1 1 1 1 
-1 -1 -1 -1 -1 1 1 1 1 -1 -1 -1 1 1 1 -1 1 -1 -1 -1 1 -1 1 1 -1 -1 -1 1 1 1 1 1 1 -1 -1 1 -1 -1 -1 1 1 -1 -1 -1 1 1 -1 1 1 -1 -1 -1 -1 -1 1 -1 1 -1 -1 -1 1 -1 -1 1 -1 -1 -1 -1 -1 1 1 1 -1 1 1 1 1 -1 -1 1 -1 -1 1 -1 -1 1 -1 1 -1 1 -1 1 -1 -1 1 -1 -1 1 -1 -1 -1 -1 -1 -1 1 -1 -1 1 1 1 1 1 1 -1 1 -1 -1 1 -1 1 1 1 1 1 1 1 -1 1 
-1 -1 1 -1 -1 -1 1 1 -1 -1 1 -1 -1 1 -1 1 1 1 1 -1 1 -1 1 1 1 1 -1 1 1 -1 -1 1 1 1 -1 1 1 1 1 1 -1 1 -1 -1 -1 1 -1 1 -1 1 -1 1 -1 -1 1 -1 1 -1 -1 -1 -1 -1 -1 -1 1 -1 -1 -1 1 1 -1 1 1 1 -1 -1 -1 1 -1 1 1 -1 1 1 -1 1 1 1 -1 1 -1 -1 -1 -1 -1 1 -1 -1 -1 1 1 -1 1 -1 -1 -1 1 -1 1 -1 1 1 1 -1 1 -1 1 -1 1 -1 1 -1 -1 1 1 -1 1 1 
1 1 1 -1 1 -1 1 1 -1 1 -1 -1 1 -1 1 -1 1 -1 -1 -1 -1 1 -1 -1 1 1 -1 -1 -1 1 1 -1 1 -1 1 1 -1 -1 -1 1 -1 1 1 -1 1 -1 -1 1 -1 1 1 -1 -1 1 -1 -1 -1 -1 -1 -1 -1 -1 -1 1 -1 -1 1 1 1 -1 -1 1 1 -1 -1 -1 -1 -1 -1 1 1 -1 -1 1 1 1 1 1 1 -1 1 -1 -1 -1 -1 -1 -1 1 -1 1 1 -1 1 1 -1 1 -1 1 1 -1 -1 1 -1 1 -1 1 1 1 1 -1 1 -1 1 1 -1 1 1 1 
1 -1 -1 -1 1 -1 -1 1 1 1 -1 1 1 1 1 1 -1 1 1 -1 1 1 1 1 1 -1 1 -1 1 -1 -1 -1 -1 1 1 1 -1 1 -1 1 -1 -1 1 1 1 -1 1 1 1 -1 -1 1 -1 1 1 1 -1 -1 -1 1 1 1 -1 1 1 1 -1 1 1 1 1 1 1 -1 1 1 -1 1 1 -1 -1 -1 -1 -1 1 -1 -1 -1 -1 -1 1 1 -1 -1 -1 1 1 -1 -1 1 1 1 1 1 -1 1 -1 1 -1 -1 -1 -1 -1 -1 -1 -1 1 -1 -1 1 1 1 -1 1 1 1 1 -1 