128
95 9 17 66 85 1 43 6 95 6 69 5 69 73 89 45 97 45 87 20 36 100 50 55 92 91 14 39 46 3 56 66 94 4 45 42 7 54 1 40 90 49 98 61 65 97 74 21 19 13 27 73 53 34 57 100 70 61 65 59 32 88 87 25 50 90 2 6 14 90 81 20 11 82 76 29 1 95 54 74 22 18 52 17 34 22 52 98 100 92 100 58 77 20 1 66 72 51 97 51 6 63 76 84 11 33 18 18 65 84 45 98 98 88 13 60 50 20 68 68 41 90 69 97 95 21 79 26 
50 78 7 84 40 55 77 87 27 78 25 28 16 11 92 59 49 81 54 75 2 38 86 89 53 27 49 86 31 47 90 41 24 26 86 48 33 9 36 90 46 21 37 52 52 78 95 68 62 27 16 65 12 61 38 51 100 5 85 66 89 8 76 20 100 2 36 76 21 8 13 10 22 64 62 63 49 99 13 28 20 53 76 16 80 73 61 41 89 88 72 2 54 21 9 38 22 69 22 59 63 4 74 85 25 26 57 13 37 15 74 31 3 49 85 54 71 86 56 38 66 96 83 92 28 100 61 100 
83 99 28 78 79 25 100 12 90 52 60 83 28 45 100 49 33 37 54 34 70 81 89 81 37 98 30 1 5 13 66 42 53 87 92 9 78 33 14 76 53 80 48 50 8 2 57 52 5 91 100 55 65 12 81 72 21 10 82 28 56 27 15 92 13 77 59 88 27 23 87 39 95 31 100 63 62 84 9 61 11 69 32 11 11 7 54 95 52 51 100 82 80 42 63 90 63 76 30 98 97 56 46 22 66 81 46 80 51 8 53 38 92 94 4 81 31 59 2 91 25 90 44 42 2 84 58 34 
4 78 64 61 97 22 78 58 82 14 100 69 72 71 10 7 39 73 70 80 76 8 56 15 51 79 55 71 2 54 69 36 65 32 79 95 52 33 30 4 99 65 51 52 63 41 41 4 86 75 39 66 69 11 70 43 91 51 23 100 46 61 57 30 98 27 36 25 5 65 54 93 78 43 13 12 5 17 22 35 77 67 83 16 72 78 78 50 70 26 11 93 7 57 90 55 67 64 55 87 85 1 84 52 67 20 59 8 84 60 84 56 27 61 5 44 13 53 35 14 8 68 18 6 59 94 56 18 
6 63 46 70 32 21 70 49 96 56 42 6 7 80 44 48 74 30 54 2 1 65 18 8 68 72 27 38 5 65 51 9 58 34 81 37 88 69 62 28 46 74 76 8 11 97 71 42 67 2 73 70 38 57 95 7 39 81 78 89 53 80 52 66 55 1 17 71 1 46 34 89 15 22 69 79 5 9 17 59 8 15 54 41 95 70 37 76 14 68 96 62 37 27 74 48 3 68 29 98 11 49 57 79 22 46 53 96 41 6 91 85 99 92 76 90 90 5 76 62 49 40 77 68 40 92 98 15 
24 29 78 76 82 92 95 54 88 90 82 25 64 11 7 40 56 64 98 26 84 45 23 36 49 84 16 77 72 38 38 45 75 34 40 95 67 35 51 4 7 84 86 85 40 19 58 76 76 11 45 73 48 79 58 51 67 25 91 51 57 21 63 24 13 36 80 60 91 34 18 28 56 64 32 59 58 13 90 59 31 61 79 27 67 42 38 14 56 8 85 68 98 86 68 27 65 38 46 51 50 68 87 50 75 53 1 36 40 96 86 5 33 59 93 83 90 22 60 59 91 24 17 38 97 89 43 68 
76 62 58 85 7 68 66 37 77 99 60 28 95 20 56 30 10 14 23 27 27 23 28 28 93 42 56 65 83 86 38 82 44 44 35 94 47 33 47 86 22 96 11 23 66 81 43 28 78 60 11 76 10 20 79 37 12 10 97 81 88 94 26 15 68 99 33 58 96 62 9 54 6 49 99 38 40 13 3 6 73 65 3 97 90 82 47 19 41 89 61 46 92 48 31 99 7 30 2 15 10 14 77 4 54 59 76 73 22 52 15 93 25 92 56 55 95 49 94 40 29 62 28 26 37 53 52 22 
98 49 52 36 81 62 21 65 78 19 57 4 90 35 84 9 13 39 59 54 17 77 2 19 54 40 94 76 87 54 17 57 52 29 21 47 67 10 68 41 94 13 56 34 94 11 21 9 66 58 9 97 5 86 57 31 97 50 18 47 31 50 35 57 5 97 21 80 89 90 41 53 72 66 81 4 81 71 72 11 66 64 19 58 88 32 72 4 33 33 24 64 91 50 34 66 38 7 24 86 59 12 99 26 38 46 84 13 51 87 57 33 59 50 42 70 81 99 54 34 84 7 74 46 42 6 83 8 
51 84 4 19 96 58 22 60 53 49 46 1 88 72 37 86 32 71 48 91 76 60 39 91 31 88 27 3 76 60 57 86 45 18 81 52 52 16 8 2 42 92 3 13 61 55 33 38 57 55 81 36 96 43 68 45 1 20 73 47 55 48 79 17 57 41 34 3 80 36 66 40 8 87 8 75 58 45 51 40 41 70 54 66 29 23 78 100 39 59 96 44 70 93 86 30 27 16 77 83 84 51 64 79 73 88 21 73 51 61 90 38 39 31 32 70 58 33 22 48 72 43 54 7 42 57 86 48 
17 55 38 100 51 91 40 63 86 16 69 23 61 27 94 35 71 53 63 79 8 20 18 86 9 18 58 21 84 100 72 93 37 97 97 54 87 65 65 4 63 24 63 70 69 7 72 77 10 80 30 92 83 67 24 10 27 20 6 90 23 16 9 38 44 94 11 32 35 54 20 85 57 82 29 11 76 61 98 83 83 23 97 2 44 58 65 34 23 48 49 79 71 43 79 58 52 81 40 5 72 37 67 26 65 52 63 100 76 43 87 9 44 17 84 46 48 84 18 18 42 6 70 10 30 47 1 73 
14 24 49 74 34 69 76 90 6 52 27 43 96 51 36 95 56 16 94 2 89 24 20 57 6 82 91 13 45 2 29 90 9 50 19 60 39 24 56 46 87 22 17 45 46 23 59 66 21 85 57 65 5 7 82 92 35 78 53 79 17 100 26 53 97 99 60 65 95 91 48 42 34 88 27 62 16 25 25 96 16 99 42 80 2 33 97 2 78 66 27 70 100 9 46 42 76 2 45 87 90 77 3 15 33 5 41 25 77 18 10 75 4 94 18 18 8 53 38 13 13 1 55 49 7 98 15 93 
28 13 30 26 62 22 30 1 37 47 4 23 39 48 95 77 56 54 57 35 52 35 47 48 5 65 64 68 59 100 40 46 76 60 2 76 45 87 78 22 95 24 91 42 39 7 8 90 83 23 100 34 100 70 43 23 31 86 18 87 37 1 78 63 10 89 83 45 60 6 19 4 94 44 72 88 66 9 83 87 97 75 20 16 79 85 93 65 61 17 97 83 4 70 66 66 26 49 59 8 96 10 39 72 44 100 13 34 56 79 23 43 60 88 23 60 95 86 78 84 3 59 47 78 34 78 38 71 
93 24 57 19 81 39 23 83 41 69 51 65 92 21 41 87 17 77 99 6 58 68 80 44 15 45 32 9 28 82 11 21 39 60 38 36 30 86 28 95 24 96 25 36 70 40 77 53 82 11 2 75 59 82 18 21 26 5 17 73 37 30 36 48 92 24 49 4 63 63 96 72 85 48 57 81 75 45 62 56 68 67 21 68 5 10 51 55 72 94 34 90 34 73 36 26 2 62 5 32 57 73 62 13 36 48 89 1 24 45 21 17 58 72 81 22 22 34 58 23 48 10 20 18 93 32 90 42 
70 69 49 5 22 44 11 1 96 88 62 66 21 45 22 28 20 17 33 91 83 13 83 60 27 16 1 7 15 86 9 76 32 71 19 6 91 8 46 53 8 9 7 19 64 92 26 56 59 2 43 47 74 42 8 74 68 52 48 74 74 73 98 11 72 77 23 99 97 20 31 80 18 16 59 65 13 55 49 56 39 60 27 5 76 96 5 7 29 66 42 78 88 18 35 83 4 26 10 11 61 16 13 68 64 14 79 20 50 100 54 92 54 3 19 25 71 72 73 87 19 78 54 38 14 58 100 63 
4 63 19 94 12 84 54 65 76 16 78 49 62 69 84 83 45 63 90 58 30 84 66 100 65 35 10 74 47 75 60 71 97 94 52 13 71 43 77 73 97 92 7 72 72 53 82 3 75 56 44 99 59 2 50 23 60 39 44 20 77 14 36 31 61 8 68 99 14 23 30 70 96 89 90 72 4 43 82 52 42 12 62 5 75 75 34 13 44 86 8 74 77 93 10 50 52 65 83 28 69 89 59 38 56 46 48 70 73 47 55 89 62 56 1 22 61 66 95 61 81 2 29 46 91 15 24 95 
18 71 3 79 4 3 94 28 29 63 62 51 65 30 42 96 92 79 2 83 37 79 93 43 4 2 44 17 66 51 26 10 79 56 13 71 94 37 8 55 52 41 2 92 43 28 55 15 5 84 83 68 72 71 64 4 62 89 75 48 7 40 8 47 55 92 42 8 36 50 36 14 60 22 29 7 70 100 58 95 70 37 95 67 76 13 56 32 5 28 17 63 100 76 35 98 12 49 45 61 44 70 77 46 31 35 15 73 26 31 62 25 31 96 14 89 54 100 20 34 33 73 17 33 72 75 39 45 
73 48 63 62 95 33 36 27 66 54 65 34 32 41 90 22 50 71 45 30 16 99 41 43 28 38 25 61 83 85 57 57 3 43 67 97 1 90 53 63 96 10 76 3 1 43 36 60 89 68 1 63 77 53 33 31 11 77 50 60 75 67 62 13 26 36 54 41 14 95 44 49 78 29 25 66 93 52 84 66 75 69 42 79 81 89 3 30 47 82 56 48 15 50 50 90 49 30 58 88 75 80 10 76 25 69 12 22 100 42 46 34 16 30 44 100 100 72 12 98 92 74 27 36 62 27 1 44 
97 64 26 75 8 99 47 38 94 28 16 22 83 55 81 89 17 20 91 67 16 81 72 75 72 68 96 60 95 91 20 98 11 75 64 84 56 22 37 55 57 91 21 29 16 52 5 45 73 10 5 88 55 38 66 23 41 60 85 41 13 48 88 1 54 97 17 41 51 87 51 89 56 13 61 83 34 78 3 83 86 2 76 30 15 97 75 87 79 97 5 64 13 17 100 94 50 12 28 3 27 89 55 27 65 75 88 85 48 59 1 78 96 38 73 11 32 85 2 89 6 39 27 32 83 49 4 39 
21 100 15 61 37 98 63 13 81 70 54 43 53 91 38 10 36 55 52 59 54 80 9 64 49 61 4 59 15 1 12 17 57 26 52 37 20 100 29 98 40 58 40 86 49 82 55 3 61 54 56 92 36 88 84 35 66 55 4 85 47 13 92 46 21 10 73 59 53 85 40 89 15 45 76 50 19 26 76 28 67 13 80 76 36 16 48 10 29 43 65 97 95 58 28 31 48 50 98 15 65 3 24 67 36 19 42 100 86 61 16 69 31 10 11 30 25 57 39 90 63 78 9 14 4 18 86 51 
80 76 6 74 40 51 64 98 23 87 94 65 99 51 52 83 47 67 6 5 20 73 56 97 1 59 62 96 60 44 47 60 50 65 94 58 94 96 44 96 4 74 11 41 26 17 73 97 85 4 66 89 69 63 30 84 64 48 45 88 11 19 42 11 22 76 13 25 84 60 47 96 21 9 31 36 46 85 42 31 70 98 42 43 26 10 32 70 27 62 20 78 51 40 91 25 2 63 41 62 6 17 1 70 48 33 52 47 45 16 28 31 27 46 100 29 6 86 74 54 92 29 37 84 4 77 88 93 
42 14 84 21 77 40 73 9 76 79 68 97 28 37 37 80 39 67 81 32 80 11 38 89 79 11 3 97 92 13 61 54 58 32 37 45 46 50 29 38 53 95 96 68 70 94 63 90 16 56 5 76 65 48 98 56 81 35 38 54 28 85 52 28 84 24 74 54 98 4 63 14 39 30 75 16 74 68 78 94 90 6 25 92 62 92 78 34 79 14 18 35 54 57 97 100 60 4 38 31 17 56 29 8 84 9 10 100 27 3 29 26 30 36 37 87 75 78 38 84 24 85 13 51 73 8 33 94 
92 77 14 15 55 83 94 3 55 99 41 26 44 71 91 29 49 72 94 27 89 86 95 79 21 14 63 23 58 35 10 5 81 25 80 16 1 6 54 30 14 51 36 64 40 4 23 94 42 96 52 42 90 99 74 98 13 92 76 5 64 69 43 56 51 67 19 3 81 73 91 19 4 44 58 9 39 58 45 92 91 93 80 88 30 97 37 88 68 53 62 7 49 27 11 71 65 63 32 72 15 92 79 16 32 63 73 56 97 27 41 22 46 29 80 25 70 63 32 70 7 92 43 14 27 76 68 47 
90 17 60 33 77 100 42 84 31 44 23 97 42 13 29 46 72 21 6 18 98 47 38 79 79 43 96 72 60 73 48 33 2 56 41 97 6 28 99 5 13 59 39 98 25 58 17 90 56 37 67 64 40 30 77 89 24 21 40 22 9 61 99 21 17 45 42 36 92 85 29 93 11 23 97 27 49 100 50 15 82 76 17 91 39 68 74 14 68 22 100 29 94 64 78 1 89 45 88 59 68 2 49 82 69 97 70 51 19 66 80 83 50 52 76 4 55 26 92 23 75 26 33 16 84 4 79 88 
12 19 32 57 67 2 38 71 54 27 39 92 87 56 64 63 8 91 65 2 72 36 11 1 84 10 28 85 39 1 52 82 77 63 1 48 21 46 67 35 86 83 3 59 88 29 21 71 100 14 67 61 5 56 26 97 14 65 80 1 23 99 19 87 22 20 76 99 20 4 95 19 2 15 97 11 1 30 2 33 1 96 47 38 62 72 55 90 40 60 60 80 22 25 81 33 70 55 62 97 69 73 32 93 18 56 99 45 73 99 26 49 36 49 82 90 31 61 86 40 77 20 19 55 100 25 62 95 
10 72 89 70 43 25 74 59 7 100 6 24 25 33 70 18 80 11 61 9 1 51 21 91 94 69 88 34 86 91 12 94 99 46 81 45 39 85 22 22 83 80 40 89 6 28 60 57 79 73 91 55 17 42 78 41 52 86 3 32 24 66 6 33 52 11 92 80 33 4 58 69 41 10 64 22 80 53 32 84 61 76 71 39 25 58 6 87 17 2 80 12 15 68 91 63 23 78 86 96 93 2 45 55 43 9 97 57 43 76 30 73 62 78 98 24 49 98 31 74 14 30 37 5 50 19 12 78 
95 77 25 41 57 10 59 1 45 32 23 59 45 61 84 2 74 33 73 44 80 34 25 41 59 44 44 72 17 17 11 6 73 82 71 96 38 51 39 89 53 40 8 33 78 26 55 43 16 2 33 92 67 41 87 24 24 24 98 3 94 94 60 37 80 70 45 42 2 24 55 41 72 67 38 3 58 63 37 90 21 68 8 67 80 64 46 79 73 100 22 44 89 82 35 20 58 95 75 90 48 59 57 84 97 6 23 92 65 15 96 56 72 89 93 83 13 2 18 91 76 17 51 39 12 68 35 93 
80 15 46 19 44 17 22 91 92 95 55 86 33 75 14 33 71 78 14 61 56 89 67 61 62 81 6 19 72 66 14 94 100 87 8 39 58 93 86 14 26 18 7 3 7 60 8 100 73 55 3 22 57 41 34 42 46 6 29 64 55 10 10 66 82 49 32 73 9 51 95 47 100 67 66 31 51 53 50 71 44 62 24 60 7 53 66 94 19 20 75 44 33 5 3 84 5 28 12 50 93 22 62 78 34 82 8 90 62 28 48 13 71 63 35 58 70 34 84 81 56 21 93 93 23 67 25 58 
46 65 81 14 54 6 99 89 68 28 74 81 2 50 7 62 93 70 87 49 51 6 89 17 87 39 67 71 60 11 87 10 97 65 18 75 88 78 32 99 87 82 71 43 34 44 53 92 26 68 38 80 77 87 34 65 12 17 91 16 41 19 88 31 21 13 53 46 85 7 80 30 58 82 20 3 18 86 76 92 70 48 37 99 26 78 97 60 85 42 74 48 26 29 3 92 88 17 44 43 74 60 4 68 72 57 98 81 86 36 29 84 39 75 7 89 92 36 75 39 95 70 55 86 84 5 25 53 
78 95 91 80 66 79 86 60 80 26 4 94 22 62 65 3 73 47 70 89 9 97 79 74 58 71 34 21 59 79 5 82 80 20 29 33 46 81 69 65 16 50 58 25 70 64 28 7 63 11 88 22 91 5 62 79 29 35 58 74 72 33 98 54 22 18 20 75 87 36 99 84 34 85 94 41 64 97 21 100 73 11 40 77 18 1 37 94 67 66 33 10 87 46 36 44 79 72 85 15 55 7 15 57 10 2 35 27 13 89 98 23 81 85 19 19 68 84 2 78 76 72 77 96 63 3 62 69 
94 25 51 19 83 19 28 86 92 24 90 22 35 68 18 2 78 62 94 49 87 64 59 65 90 10 100 6 49 43 48 86 9 46 26 68 95 55 42 31 38 36 10 23 7 42 87 7 79 34 70 100 7 9 20 84 82 6 80 31 31 68 12 58 12 82 49 39 29 85 8 15 33 92 1 16 20 18 72 81 48 97 25 32 15 87 51 1 61 69 32 6 18 30 49 98 30 21 46 5 60 61 61 47 2 99 33 24 1 95 12 46 90 77 23 87 19 72 68 69 95 21 69 94 6 93 23 44 
64 72 50 38 22 13 26 51 52 61 23 3 34 22 30 18 44 14 51 69 69 16 18 70 7 45 77 30 55 55 7 30 49 56 4 42 31 88 85 21 34 46 44 3 72 74 15 74 27 98 20 70 88 80 24 61 69 5 64 40 3 34 52 71 38 38 63 18 96 97 74 47 17 100 73 76 56 42 5 29 86 23 19 87 38 49 68 10 47 90 32 97 96 4 11 71 87 69 64 2 34 87 52 75 91 8 86 21 9 4 84 23 57 69 80 27 68 27 81 78 99 14 32 36 54 28 91 33 
78 16 90 9 81 12 39 89 35 69 24 15 2 79 79 47 53 21 22 83 31 11 77 14 41 3 80 23 34 60 50 29 54 38 36 84 3 84 75 49 41 75 1 56 82 71 61 55 44 90 39 29 91 94 81 29 23 90 73 95 50 79 21 26 92 93 82 10 84 92 4 2 100 26 4 26 79 60 58 72 31 85 31 88 33 94 7 9 11 30 28 8 76 80 94 89 7 73 40 67 33 73 35 92 81 44 95 33 42 18 83 38 32 41 31 44 45 14 51 13 2 99 64 19 17 85 25 8 
55 74 86 84 9 54 53 67 97 7 9 64 41 10 88 29 32 66 54 3 89 15 44 36 44 45 40 38 40 24 89 86 40 93 55 72 19 94 75 19 43 35 82 96 79 17 18 2 16 99 48 72 59 6 64 100 32 23 84 8 12 83 23 44 97 23 99 24 9 88 6 90 73 25 41 69 80 83 7 24 44 94 31 70 84 22 89 41 96 64 36 16 89 82 96 94 45 97 18 8 17 46 87 92 55 14 5 50 19 99 17 93 51 23 95 81 18 27 69 14 55 99 15 81 26 56 72 26 
7 54 93 38 92 55 78 69 32 3 74 92 10 32 64 22 11 7 61 57 23 86 18 49 8 22 58 63 10 23 54 28 43 43 77 15 75 82 12 10 25 52 68 24 12 25 97 14 98 46 93 38 37 30 69 28 44 85 35 59 7 36 80 36 5 89 23 23 75 14 28 10 93 25 83 40 74 78 90 62 65 24 16 57 78 49 56 35 47 15 66 98 35 22 33 31 82 56 23 10 33 85 79 56 8 84 52 26 57 77 78 27 13 63 96 90 42 51 42 93 68 64 14 89 29 5 43 100 
55 16 62 71 52 49 94 70 7 29 52 57 6 33 92 72 85 9 70 31 37 23 79 72 75 45 2 17 77 27 94 4 92 90 54 23 7 49 49 59 8 42 83 45 49 64 21 21 41 44 8 1 51 1 41 36 28 11 77 22 65 40 39 92 20 47 78 57 3 77 48 35 95 19 90 36 54 27 83 34 8 10 37 8 92 3 81 82 52 79 19 1 56 18 55 37 78 32 88 23 8 77 90 17 96 26 7 21 68 38 33 65 44 8 16 40 81 61 12 62 86 24 27 18 64 21 74 88 
13 28 86 59 58 54 97 1 67 37 60 64 44 37 46 73 14 67 13 96 6 66 44 94 22 14 55 68 33 77 8 68 96 94 84 17 22 41 88 58 30 69 59 44 24 40 100 93 61 70 14 26 46 74 51 50 43 98 83 44 42 37 74 41 74 28 84 51 40 62 91 23 3 51 73 9 2 47 88 30 27 60 78 64 23 9 41 8 82 22 75 82 6 57 93 74 32 78 20 72 68 57 46 78 69 39 48 34 50 73 95 22 18 32 84 83 27 30 92 84 32 44 92 27 10 18 85 25 
47 35 14 62 81 37 85 69 36 58 1 26 30 81 68 25 41 38 8 3 68 86 98 13 98 83 33 63 90 54 56 69 19 13 18 67 76 59 87 3 72 25 9 40 61 23 32 88 41 24 41 97 2 44 47 67 62 36 71 48 17 14 70 26 89 20 1 95 50 29 50 28 68 64 82 62 3 1 47 63 60 53 15 85 38 45 66 2 87 95 87 64 65 78 27 97 79 79 35 77 17 90 58 64 86 70 99 10 9 68 82 47 29 93 85 55 71 27 8 38 35 100 42 28 70 52 27 12 
22 33 43 23 70 49 72 45 60 1 23 56 39 82 72 60 65 14 68 76 91 47 54 61 11 68 43 80 18 16 94 93 16 47 40 16 13 48 45 100 72 67 85 41 26 82 53 78 32 16 53 95 63 82 59 10 61 24 34 11 11 91 32 12 92 26 35 76 92 9 9 54 71 86 82 25 21 5 53 60 5 28 46 26 78 14 76 27 40 27 49 91 27 60 60 87 47 99 89 80 100 85 88 76 49 90 58 63 30 92 27 65 61 24 28 100 38 20 91 42 23 84 33 97 49 19 40 70 
63 59 51 99 65 63 21 27 66 81 2 74 21 57 93 11 4 60 23 54 14 56 27 15 89 29 26 99 84 80 16 99 29 27 1 36 43 56 24 20 13 27 16 9 43 81 48 30 59 80 62 53 69 5 20 23 52 86 27 24 57 52 53 95 28 73 7 10 35 84 73 95 24 50 11 4 91 82 71 16 52 9 62 79 53 49 12 45 45 7 61 81 17 58 57 87 47 55 13 35 58 19 49 33 66 4 30 50 96 57 1 19 84 75 83 88 6 54 83 85 91 94 39 87 93 40 42 58 
58 59 8 88 43 48 89 66 50 8 10 87 60 82 77 50 21 71 87 31 48 95 80 89 17 32 83 9 59 16 59 26 38 25 29 56 30 83 46 88 82 20 51 12 20 39 83 84 48 56 23 100 67 93 38 91 2 77 93 44 11 75 19 98 12 92 10 33 94 56 60 42 28 50 23 27 99 93 6 22 82 63 63 98 39 85 20 18 11 27 69 43 24 7 75 24 9 23 80 48 26 96 81 52 12 1 13 74 3 71 7 58 65 7 73 6 24 11 52 33 34 83 42 70 32 53 53 23 
57 94 20 71 84 78 53 8 17 46 8 99 35 5 37 69 66 75 74 98 66 4 29 57 36 39 30 48 65 24 73 96 67 86 17 58 9 54 47 15 36 62 74 59 62 5 53 58 69 35 65 48 48 62 79 55 74 99 60 99 99 38 47 31 7 34 39 97 21 73 23 58 70 81 70 51 56 26 27 57 23 53 45 38 13 25 73 96 11 76 20 76 40 83 24 86 99 22 23 42 37 36 97 100 36 30 25 73 52 66 22 100 1 97 64 71 100 68 63 85 17 45 58 68 84 56 58 87 
86 11 94 75 26 24 15 14 75 47 32 28 45 51 78 89 79 19 86 20 4 87 5 7 43 77 11 79 89 60 22 57 59 17 15 57 70 23 96 23 39 45 52 98 1 83 45 52 80 15 9 16 32 67 95 52 9 73 46 40 17 100 4 19 44 71 54 82 85 3 97 7 26 38 68 32 11 28 99 38 64 1 2 37 67 58 44 32 58 97 33 36 65 99 29 49 42 96 44 6 83 14 38 40 37 24 20 15 19 57 83 1 100 5 43 4 9 21 72 66 61 38 63 98 12 92 36 72 
58 38 17 97 24 94 91 44 1 4 64 66 79 41 87 84 11 45 55 84 13 58 26 1 31 10 78 58 94 14 34 64 68 45 42 99 69 56 63 52 31 60 20 87 15 47 46 17 51 81 34 65 98 24 100 30 34 32 87 35 14 8 28 58 7 40 82 31 19 73 35 90 44 31 12 20 6 34 33 14 75 69 86 39 29 7 31 84 43 6 69 33 55 11 76 6 89 85 61 93 1 53 37 52 97 25 57 16 67 15 48 26 6 40 71 30 34 80 63 12 88 98 21 67 21 67 21 30 
60 58 89 4 51 68 61 64 21 16 29 44 99 9 70 42 87 10 9 63 34 44 54 65 84 2 54 50 61 83 27 82 3 5 71 46 88 47 86 91 56 68 21 94 55 88 17 26 17 35 68 7 91 82 44 87 83 85 79 99 34 74 22 41 37 82 66 51 56 98 36 48 27 82 39 85 34 27 54 17 15 70 17 58 43 68 48 49 77 20 40 39 2 40 56 100 35 65 59 31 79 45 40 70 80 86 36 91 100 7 9 18 97 85 46 45 48 63 81 90 53 32 38 38 20 40 91 84 
37 94 100 25 51 1 73 53 74 18 38 60 25 24 9 43 97 10 43 98 28 23 39 2 84 88 45 100 32 28 53 81 76 56 1 65 8 95 21 29 88 10 22 56 2 63 21 88 37 58 45 89 63 67 15 23 40 22 79 71 80 36 67 29 22 75 38 59 21 45 95 39 12 90 33 66 72 95 37 83 67 46 29 65 28 39 99 6 54 92 3 11 20 45 6 73 28 74 18 35 97 84 8 60 21 22 15 62 69 91 54 56 69 55 41 63 85 67 14 19 99 24 37 82 49 67 23 11 
99 79 18 51 53 39 95 34 8 81 66 69 82 64 46 48 83 67 75 20 45 30 34 49 78 87 7 53 53 77 37 42 38 85 80 72 50 23 65 16 87 98 74 21 80 30 89 1 56 98 88 18 52 68 87 2 59 65 18 47 19 8 24 76 32 89 69 10 70 57 96 77 22 84 1 67 72 28 12 84 98 34 12 60 45 84 100 99 73 41 72 31 92 94 14 48 49 61 66 18 90 45 5 32 83 84 23 53 61 9 72 54 18 26 59 97 31 6 33 54 84 88 81 59 21 72 31 33 
7 9 100 5 22 50 49 79 88 74 75 91 5 92 70 69 1 49 22 47 9 92 67 37 99 19 71 23 28 81 50 30 52 15 5 12 38 96 63 17 8 96 86 44 59 96 44 20 1 17 23 52 78 75 1 36 51 47 53 99 68 3 21 31 30 46 83 33 33 16 46 40 75 15 70 61 82 91 12 3 39 99 8 37 48 92 33 56 96 65 34 61 51 48 30 57 4 49 85 7 92 18 38 56 38 37 47 43 71 71 70 29 76 49 42 50 22 61 34 14 28 42 11 84 8 83 93 69 
82 41 88 78 89 19 41 42 84 15 99 10 85 37 61 97 20 8 32 88 27 29 81 1 89 20 75 21 80 26 15 94 50 59 65 80 97 63 38 84 17 89 16 73 13 73 6 87 12 55 42 61 47 74 49 75 83 22 92 98 36 59 34 70 18 9 31 44 10 60 63 35 58 77 97 67 62 30 68 4 56 1 68 32 31 67 40 71 45 22 37 18 62 77 81 54 55 10 92 4 53 52 68 57 63 49 21 79 67 53 84 72 67 51 42 27 95 80 21 95 27 95 47 45 50 55 13 93 
40 71 97 50 36 91 62 37 51 78 31 63 69 55 50 26 61 42 96 74 21 75 35 88 15 74 64 82 40 79 7 13 27 21 53 40 43 66 44 23 20 27 25 35 76 18 91 20 97 6 67 9 87 14 54 4 33 1 84 54 90 5 17 43 83 39 70 52 66 32 2 82 87 22 86 67 100 38 14 59 70 25 2 64 39 65 60 36 49 86 7 30 86 14 59 63 93 31 56 56 82 67 9 81 61 82 80 33 88 41 99 50 64 58 80 59 46 26 76 72 86 29 87 20 72 87 61 54 
42 11 54 77 69 11 29 20 51 23 22 77 85 98 5 40 17 21 42 89 92 89 72 7 11 90 97 75 32 3 92 18 84 88 53 8 91 99 81 98 11 41 96 44 11 77 3 57 24 70 60 11 25 98 99 89 10 45 68 23 79 96 74 85 56 10 73 40 86 14 81 40 9 60 94 43 84 10 95 88 81 15 36 15 49 57 48 77 100 14 65 14 38 86 75 4 48 61 66 89 49 25 70 89 70 62 25 50 4 7 5 83 60 55 9 5 41 57 19 56 27 69 1 48 77 38 23 1 
90 3 75 20 26 9 32 86 83 96 13 31 66 36 57 77 69 94 7 64 44 82 95 14 98 3 43 17 11 43 17 32 4 46 82 38 58 7 38 87 82 46 32 79 36 89 34 34 61 20 72 73 26 12 5 64 37 80 84 18 47 85 76 16 94 15 55 52 28 83 30 70 40 73 63 6 96 23 98 34 39 53 60 16 79 20 19 48 77 57 29 46 91 22 11 21 2 39 82 96 72 76 84 51 48 2 84 54 7 47 77 77 90 83 10 89 98 78 62 56 62 58 42 14 36 43 11 79 
35 43 35 100 85 10 8 36 20 91 48 29 98 74 72 67 41 29 52 38 56 69 90 42 36 95 87 85 56 54 5 40 94 76 69 41 57 49 56 1 71 78 67 11 59 2 73 72 17 65 90 75 66 98 20 78 11 40 64 14 51 34 27 43 86 41 45 99 86 15 93 32 5 36 37 59 69 100 72 4 55 99 34 37 8 89 82 62 30 93 59 93 91 17 9 53 37 96 69 38 88 77 53 57 81 4 59 21 67 59 30 94 51 1 75 89 58 15 76 75 34 98 31 88 45 80 65 94 
14 25 92 33 90 22 51 46 91 97 75 56 54 28 78 26 15 10 85 19 48 16 18 24 20 79 6 95 5 50 47 72 74 77 96 79 80 98 41 90 13 4 85 13 43 99 63 25 73 83 19 97 57 38 66 2 18 31 83 90 50 86 57 28 75 47 90 26 29 58 87 78 30 31 65 59 82 5 61 61 84 86 57 9 97 26 20 60 50 91 22 97 76 69 40 55 4 17 94 10 28 1 46 61 9 63 84 42 39 71 52 74 51 49 20 77 66 59 72 52 19 63 59 53 46 37 41 63 
76 24 43 35 13 85 45 62 39 11 46 33 63 9 75 18 56 67 75 98 35 36 23 58 87 42 88 20 33 65 16 43 81 46 51 56 44 34 39 76 50 11 54 57 31 55 90 24 80 58 88 64 64 99 38 82 39 82 73 45 34 88 75 45 43 47 45 38 93 28 99 43 29 30 61 63 15 53 43 32 93 47 4 65 15 48 94 92 36 16 25 90 35 66 59 52 83 96 18 62 44 68 69 69 30 33 34 66 79 1 4 4 96 19 55 84 97 100 63 42 43 27 33 94 44 29 71 96 
81 10 41 36 97 78 72 100 10 39 13 38 94 85 42 23 55 28 56 68 64 84 31 52 1 33 79 96 32 77 63 64 53 89 85 60 58 35 64 86 89 66 52 76 17 31 93 37 71 8 80 56 2 24 14 71 57 68 47 41 50 42 16 94 89 34 68 74 28 10 42 34 67 40 35 15 98 72 51 90 16 42 55 48 46 31 28 66 84 31 79 60 25 9 96 66 16 10 11 8 71 67 22 96 86 68 75 73 10 67 86 36 96 22 94 16 62 86 55 40 70 64 34 64 24 36 41 25 
21 30 27 40 67 56 36 91 96 48 87 76 7 12 42 68 93 37 79 96 72 24 31 49 69 30 12 93 51 47 28 49 45 75 80 69 42 17 85 99 53 93 64 56 22 57 47 19 59 6 65 50 84 41 30 6 93 13 49 18 34 60 57 95 30 70 67 96 49 75 73 49 68 84 15 32 82 4 7 40 98 4 11 29 39 64 81 27 49 69 92 32 17 5 43 56 44 19 12 44 65 92 10 100 68 21 74 15 53 7 23 55 80 30 36 52 28 86 17 91 57 66 43 37 64 37 51 52 
82 1 72 71 72 75 47 100 12 49 93 20 47 86 30 13 84 85 28 33 11 85 7 73 35 66 12 4 92 35 12 62 47 66 18 70 68 53 6 3 93 49 19 14 12 36 60 49 51 9 9 24 26 7 78 48 78 65 84 27 20 67 6 96 23 34 29 20 100 53 39 75 14 74 82 8 95 75 43 53 39 97 85 45 8 77 88 57 78 24 36 44 99 33 15 69 84 58 35 87 12 68 84 22 60 6 60 25 58 99 40 20 100 33 97 8 55 58 85 62 36 58 64 14 20 17 20 50 
19 21 3 81 45 88 49 27 23 38 13 90 37 19 6 52 38 84 54 73 92 55 53 94 98 4 64 64 47 91 96 17 91 19 93 71 55 92 20 77 82 98 87 25 55 62 98 41 4 77 34 18 76 33 68 32 23 77 12 82 79 92 39 35 68 46 63 78 87 1 89 40 9 56 67 40 5 4 89 55 70 87 82 48 83 7 61 34 82 21 40 16 55 79 43 83 35 15 91 72 89 84 20 50 59 7 6 39 98 12 70 85 53 11 46 74 70 3 52 100 2 60 38 86 80 19 42 85 
52 90 53 57 47 77 69 91 93 100 18 52 25 20 94 8 49 27 98 63 83 21 70 45 34 7 98 83 85 71 21 65 11 74 37 14 61 85 5 33 39 78 58 6 87 7 93 41 76 40 36 90 31 76 69 52 87 75 47 86 94 59 11 34 65 4 58 47 19 40 41 8 55 42 50 86 36 90 97 72 21 69 79 68 48 17 64 5 18 94 5 14 7 94 86 50 76 21 31 41 29 95 46 96 48 65 30 35 97 25 66 4 6 9 99 70 75 5 78 15 26 85 67 80 42 3 91 69 
32 94 29 93 44 71 62 41 8 92 52 48 30 96 15 39 8 26 69 21 73 46 81 60 38 41 52 90 4 35 18 31 52 68 97 47 8 21 36 38 57 18 28 49 26 21 20 58 75 85 88 92 9 16 87 50 6 30 76 45 28 26 71 87 52 26 22 86 53 61 3 43 46 95 25 3 64 49 73 65 90 58 78 44 71 20 30 41 74 92 80 38 58 32 37 59 93 84 88 89 62 37 56 69 60 21 66 52 85 92 36 92 84 85 95 21 4 88 47 54 9 15 88 99 2 89 12 86 
1 54 66 23 97 24 38 28 60 73 9 95 91 88 28 70 39 94 27 27 45 89 40 54 54 81 4 40 35 20 19 47 53 38 58 55 39 17 86 17 21 85 46 61 80 44 97 94 67 62 18 6 32 19 59 62 61 17 89 19 30 82 57 90 65 39 79 99 99 60 70 22 80 71 4 60 14 38 25 67 15 68 63 35 14 26 85 14 68 40 59 98 39 48 81 97 74 28 19 11 37 10 45 11 26 35 91 49 90 9 16 24 8 48 83 93 92 56 3 39 3 96 46 84 50 32 92 7 
20 73 65 2 44 30 26 75 15 26 40 77 4 50 57 54 65 22 48 1 88 22 26 41 49 3 59 16 44 66 93 69 31 83 26 80 25 71 88 31 65 50 14 52 54 78 77 4 61 10 43 81 27 31 43 58 64 53 44 99 37 44 8 67 23 98 46 20 51 73 56 26 62 90 2 35 96 23 49 70 99 62 67 77 36 19 18 84 49 7 22 59 56 66 60 79 45 80 95 6 94 62 71 45 58 17 56 36 11 26 90 60 70 20 93 53 95 66 63 21 66 35 85 50 74 98 48 69 
23 25 67 73 45 55 93 9 49 93 21 9 93 42 49 100 9 43 34 34 52 63 78 10 17 51 30 6 44 38 71 32 34 68 39 65 13 77 32 42 62 78 50 15 68 83 20 21 18 85 49 98 17 9 84 89 77 84 48 11 96 10 70 7 3 91 45 16 48 75 19 53 69 28 72 53 46 14 9 37 69 73 38 54 55 62 68 66 16 11 92 14 7 76 7 34 17 87 84 54 82 64 20 14 1 8 43 10 43 68 81 62 49 97 6 96 72 79 82 44 98 94 22 86 94 39 13 81 
58 11 82 23 24 75 48 90 30 48 21 30 61 97 25 34 26 84 79 19 23 59 63 2 40 41 54 81 39 14 1 21 44 100 23 57 12 68 58 88 42 90 16 24 21 12 49 79 46 68 58 95 33 46 18 82 63 8 32 25 89 72 81 45 80 86 84 1 56 63 64 96 80 3 25 37 71 57 64 33 98 6 5 55 23 25 9 6 16 45 36 96 52 10 27 14 73 40 48 80 50 85 81 15 95 18 74 63 70 71 99 14 65 55 25 91 11 28 79 72 73 100 91 91 7 22 37 97 
9 10 16 19 3 10 42 5 69 28 93 63 71 18 89 11 35 20 78 33 19 4 54 55 23 98 60 76 38 86 4 49 50 79 59 21 73 16 12 32 32 5 22 38 6 30 47 73 29 24 10 56 90 81 10 6 34 20 65 55 24 49 58 24 71 76 77 48 39 50 16 49 64 54 24 73 70 37 13 91 98 21 98 50 52 76 98 88 28 45 66 74 38 18 62 59 94 90 35 29 83 80 5 71 98 74 83 22 17 2 28 55 80 47 93 67 90 96 18 34 81 3 93 83 87 70 97 25 
70 86 95 28 55 11 41 24 1 22 60 77 81 80 14 74 60 65 68 23 97 89 64 86 3 83 24 64 6 49 72 66 92 51 44 5 82 87 53 2 93 95 65 52 17 57 25 17 7 53 65 89 17 68 46 92 50 9 77 4 81 4 6 86 95 91 13 37 100 89 75 61 10 55 84 62 47 19 26 88 5 53 20 78 73 21 51 69 59 33 61 32 38 31 42 23 15 83 75 36 20 83 55 79 65 55 1 36 71 39 28 2 14 84 39 42 95 59 70 27 43 73 25 25 44 62 5 88 
43 24 99 38 70 91 43 27 64 67 8 52 29 70 97 22 37 94 21 35 47 18 49 60 15 33 7 46 58 68 16 31 63 46 58 72 29 23 85 30 76 19 88 50 25 1 48 79 9 12 61 49 34 23 82 35 40 5 72 79 61 48 1 87 11 73 40 48 90 54 97 62 10 90 12 55 84 34 36 78 58 89 25 100 73 41 18 80 27 61 75 74 30 44 67 88 17 99 1 84 73 17 40 94 10 82 26 99 100 67 42 38 19 61 77 40 20 25 26 78 39 92 65 11 86 65 24 90 
79 16 26 97 73 22 53 97 88 15 6 21 19 88 6 30 37 66 56 86 81 67 100 95 39 32 38 15 36 58 68 99 35 7 63 18 50 10 64 90 12 50 29 86 2 64 33 31 56 14 79 32 3 69 87 57 42 96 84 32 85 30 17 88 70 62 48 43 83 99 47 39 41 52 62 39 12 4 100 53 41 91 64 56 100 68 96 73 91 24 31 80 47 21 23 50 92 73 22 28 23 57 25 17 19 89 49 60 24 65 6 43 59 86 23 8 80 40 66 76 55 52 65 75 98 24 5 24 
73 49 57 51 20 43 14 50 97 22 71 72 85 4 63 85 83 51 96 95 65 69 9 78 20 53 81 80 42 7 98 51 53 69 29 17 96 97 74 23 70 74 5 20 34 15 11 10 33 61 36 69 16 66 79 37 80 7 86 2 93 31 26 59 36 10 13 72 78 86 68 99 53 73 50 81 1 85 88 59 96 89 84 17 67 79 99 76 46 93 52 100 96 100 12 48 68 23 29 8 51 16 8 19 93 93 68 21 84 27 32 43 27 33 43 21 11 7 52 44 7 45 37 10 45 36 44 37 
60 26 83 60 21 80 34 9 97 97 51 1 68 57 75 66 69 23 54 25 59 39 89 82 59 90 8 65 38 29 91 93 92 77 32 87 51 99 36 70 34 33 100 78 53 8 11 73 48 62 42 47 88 25 95 14 77 52 8 45 79 38 12 87 61 13 70 77 1 87 10 39 61 94 82 52 66 65 26 14 60 65 55 74 80 80 89 84 48 23 65 74 99 70 67 40 91 11 16 8 13 55 3 67 88 77 35 68 14 83 6 48 93 16 45 88 76 91 5 24 4 15 100 59 62 69 38 44 
6 92 36 95 64 33 35 40 2 98 33 24 10 43 6 25 5 54 95 49 22 71 6 14 59 70 14 65 19 64 21 7 51 60 26 9 81 72 56 78 61 11 5 88 15 69 97 76 7 86 49 32 49 69 78 39 53 28 21 22 20 63 37 90 9 70 74 93 39 90 54 80 42 43 34 28 37 38 43 97 100 70 65 62 97 46 84 48 50 77 18 6 41 45 63 91 18 46 87 61 9 41 47 80 66 7 14 46 12 9 76 74 5 68 7 99 14 89 39 21 37 48 82 51 17 64 31 75 
41 30 72 60 90 91 97 65 56 53 51 45 15 97 87 40 45 3 68 98 68 60 97 42 42 59 26 73 15 37 99 77 57 57 54 87 22 6 17 56 28 94 85 85 43 79 95 79 79 28 99 16 87 22 87 16 35 88 77 70 46 86 13 5 37 17 86 98 7 22 20 52 7 21 62 23 31 19 77 8 35 10 99 81 18 81 22 52 31 54 29 34 37 38 51 74 57 1 84 60 90 3 12 19 56 98 19 24 27 15 41 26 66 61 73 26 29 68 30 8 61 28 93 67 15 16 2 21 
82 100 87 50 41 56 31 39 22 93 88 41 83 52 50 22 15 56 31 42 83 66 31 73 11 64 33 49 72 84 79 75 69 4 4 19 66 18 85 46 40 25 70 34 27 93 79 22 67 49 70 7 20 79 81 62 46 3 80 85 87 84 24 5 18 11 95 23 29 15 38 77 7 38 68 38 61 74 56 4 58 89 8 89 82 95 20 55 68 73 86 42 11 81 15 10 25 89 81 78 1 7 73 95 94 87 19 55 89 40 44 31 76 43 85 33 32 73 8 60 48 40 36 60 69 93 32 32 
52 94 33 48 91 16 27 28 97 64 21 98 37 62 36 71 50 92 69 69 71 69 62 41 5 55 29 67 69 42 63 74 22 56 91 90 19 100 80 5 80 20 57 44 74 32 48 28 32 99 70 99 3 33 62 25 89 4 80 60 30 76 83 39 71 11 27 6 4 5 91 53 95 25 68 78 65 86 14 33 22 13 44 98 24 93 49 12 16 16 85 17 28 63 93 6 68 95 98 2 90 66 30 9 54 11 84 97 46 81 32 1 12 67 13 24 82 35 2 30 36 84 2 98 44 82 41 99 
39 38 91 71 3 59 94 80 12 81 36 46 17 14 13 66 5 8 10 21 82 52 68 52 27 78 46 82 96 62 43 50 6 51 90 40 69 33 20 70 37 2 33 61 80 83 16 10 73 5 94 59 98 35 92 98 51 53 78 15 61 38 1 70 65 74 54 79 80 28 29 75 61 12 39 5 37 56 62 85 34 86 93 93 25 97 57 23 74 82 30 26 49 63 83 72 14 36 79 67 57 71 51 35 82 92 10 20 22 67 10 70 1 59 79 78 51 20 20 98 32 41 70 79 89 67 9 77 
49 50 57 6 36 77 65 66 8 81 88 11 9 68 38 56 86 88 8 95 91 54 34 25 55 8 39 49 78 15 99 13 29 86 100 79 71 22 83 1 39 86 54 20 32 6 95 53 24 63 64 8 31 23 29 5 94 10 77 16 1 16 100 44 52 100 59 62 20 47 36 69 24 8 46 43 60 67 74 96 50 47 11 94 1 25 92 15 10 76 50 88 61 64 66 45 99 22 57 83 82 48 83 69 23 95 18 43 78 72 41 10 36 99 40 87 63 13 58 45 36 36 27 11 25 39 59 71 
33 20 76 75 99 23 89 92 42 29 84 34 24 4 48 54 32 69 12 71 82 85 30 15 87 27 27 92 81 57 81 4 70 12 28 31 82 26 32 98 42 35 10 69 53 99 97 26 92 71 94 66 68 75 45 9 69 57 37 88 72 7 24 87 29 31 100 36 15 6 65 82 75 45 59 11 54 81 94 57 80 15 11 34 31 30 89 76 84 72 38 42 81 61 39 8 16 31 25 12 84 25 22 92 76 94 39 13 62 82 10 51 20 25 6 17 7 40 44 67 97 91 96 61 78 36 75 9 
55 79 13 75 38 3 16 84 44 83 12 9 62 5 28 64 98 72 50 78 36 26 38 74 67 58 23 15 33 5 90 62 22 26 44 75 55 72 69 28 1 53 39 80 68 56 20 86 10 98 97 25 78 12 91 10 53 91 7 46 82 78 64 40 93 20 61 5 3 69 7 4 64 38 57 74 5 10 99 63 14 40 57 100 48 70 18 67 67 85 48 98 17 67 47 45 54 96 70 96 91 72 72 67 1 11 7 98 52 30 26 73 74 56 73 20 73 13 14 20 56 40 96 76 22 12 48 80 
6 43 1 98 29 59 87 26 57 3 82 68 83 52 90 37 74 84 66 80 20 23 12 48 50 11 51 37 2 57 97 55 48 97 99 23 27 16 33 5 33 10 98 73 75 47 62 75 42 16 25 88 14 52 91 90 68 21 96 51 94 94 38 93 43 7 74 73 1 25 59 72 90 40 25 36 46 61 77 87 5 75 76 13 49 79 81 62 89 78 82 24 91 63 89 73 87 97 15 26 12 24 47 42 48 88 27 39 13 60 41 14 29 64 14 35 48 27 51 100 56 34 5 64 10 9 74 83 
7 99 77 53 68 84 72 99 53 64 9 49 25 45 97 49 33 91 46 26 96 98 95 11 98 63 54 79 94 89 6 34 93 37 46 89 58 45 21 34 75 100 36 17 3 100 3 18 81 12 93 59 42 14 41 1 65 20 7 8 67 41 47 74 47 35 18 10 42 16 96 67 8 35 47 75 12 25 89 33 14 97 11 82 32 10 81 35 72 100 2 6 78 56 59 45 5 86 2 77 4 92 33 67 68 1 26 92 56 16 76 91 85 12 5 21 21 57 29 88 84 60 28 89 50 6 90 7 
94 24 55 29 92 44 61 73 35 91 19 18 52 99 32 19 29 85 54 100 73 17 3 77 54 26 62 6 16 73 78 60 79 4 62 80 75 63 67 48 11 29 26 39 6 27 84 10 96 7 59 97 67 4 52 19 100 3 42 33 95 20 72 15 82 29 6 26 21 56 55 43 82 100 43 44 35 55 52 76 2 90 17 45 10 65 21 15 5 25 10 76 67 61 55 42 65 78 80 94 90 39 17 31 61 18 12 80 53 85 22 75 32 93 53 29 93 79 31 84 18 5 67 79 77 4 75 90 
97 97 26 65 5 54 15 53 12 96 80 46 15 18 74 77 45 90 65 67 32 47 84 40 31 16 62 99 10 65 58 17 10 14 84 41 11 44 75 41 18 25 100 51 30 95 1 6 78 90 92 19 65 51 35 55 7 41 49 27 8 45 44 57 68 23 7 66 69 99 21 66 98 52 28 25 35 95 66 81 76 32 32 62 50 93 98 73 24 64 17 27 9 52 19 58 71 79 95 78 45 39 26 14 79 52 79 31 39 7 59 91 1 48 55 76 90 45 43 77 63 30 54 93 85 83 55 59 
41 4 40 50 64 75 2 10 100 59 42 53 33 53 7 65 65 69 90 55 37 30 2 86 65 55 57 50 44 25 23 40 64 50 73 41 78 57 81 83 19 41 42 56 7 54 9 71 68 14 37 25 62 96 18 89 25 93 7 35 19 96 15 91 28 64 49 35 90 85 23 56 2 47 18 74 28 51 76 29 15 30 17 11 34 5 67 60 16 38 63 15 46 46 68 22 4 60 56 61 95 42 95 38 52 36 57 87 63 92 5 7 44 37 10 61 31 87 97 80 12 76 83 46 46 41 63 44 
65 76 46 75 45 63 23 78 77 45 61 60 25 15 64 37 65 81 66 15 7 42 46 23 69 72 99 16 11 10 60 95 46 47 39 85 82 63 39 32 37 2 43 82 97 24 86 66 9 63 65 23 33 7 34 48 69 18 73 3 87 1 84 11 73 65 94 1 85 77 57 94 85 50 5 16 79 89 77 65 68 46 94 54 61 58 24 53 8 15 73 69 18 11 55 18 54 64 28 84 5 75 66 3 72 15 82 69 73 15 97 72 48 71 51 100 60 36 63 50 11 23 78 20 58 78 5 46 
10 29 32 68 96 99 51 83 41 80 90 28 8 45 49 50 43 95 46 53 30 91 89 38 95 97 80 87 59 98 81 61 63 93 30 66 71 90 72 91 1 52 51 54 23 69 32 14 95 29 58 20 36 87 29 25 19 23 22 79 78 61 7 91 43 78 71 33 92 2 12 14 10 40 2 1 83 90 86 73 44 55 59 83 63 24 40 89 77 15 73 53 55 88 21 22 7 40 18 85 53 47 48 35 41 92 58 54 34 36 67 81 59 87 21 93 78 50 68 11 62 26 68 70 91 9 85 83 
40 2 43 76 81 85 30 22 88 46 97 39 57 72 5 14 27 19 83 95 53 37 56 57 9 67 81 7 89 99 12 71 42 62 82 34 55 46 48 81 20 95 13 22 8 40 81 23 75 75 55 56 33 52 45 89 29 10 5 10 76 99 5 46 71 13 3 95 79 23 3 94 51 75 51 78 87 47 54 65 16 42 5 11 95 63 58 87 11 28 63 73 83 40 48 34 77 70 25 63 46 27 47 35 67 94 73 4 27 30 53 78 13 21 14 99 13 74 22 13 73 63 19 30 66 76 45 44 
55 63 97 47 29 88 52 62 33 12 59 20 91 6 10 43 100 93 99 62 2 92 70 63 92 88 53 34 11 33 42 54 62 7 72 91 76 13 29 61 75 52 12 80 80 6 76 19 22 37 66 37 56 9 93 51 70 57 20 82 58 95 7 95 40 10 36 67 34 25 95 52 47 48 83 31 94 41 83 74 78 62 84 56 20 87 75 56 6 71 13 35 99 65 14 18 36 57 100 64 87 9 89 10 69 85 29 10 21 94 38 36 50 6 88 33 20 81 17 50 63 23 89 66 12 77 38 23 
59 98 53 60 12 5 65 12 97 82 29 32 29 38 59 59 75 99 7 78 24 73 93 89 41 27 57 20 22 52 34 77 32 90 92 35 54 56 48 83 89 6 61 10 57 99 66 6 37 80 76 10 10 85 27 2 80 75 60 14 37 97 51 80 73 99 7 19 93 90 41 64 77 82 94 54 47 18 45 29 94 23 22 16 51 9 9 80 95 26 69 79 12 55 13 34 67 22 89 17 61 2 47 33 3 68 1 9 96 88 28 21 24 71 91 41 91 83 32 28 21 96 75 72 34 91 6 5 
33 72 19 51 36 6 31 95 43 94 55 45 87 59 18 63 10 100 80 92 48 22 88 85 26 83 47 55 29 4 73 79 24 52 44 18 16 51 16 8 26 40 7 62 68 37 15 16 54 5 55 7 18 56 8 34 77 18 7 77 75 96 76 95 65 29 44 87 51 74 67 76 29 18 30 21 8 26 76 67 38 51 94 45 48 45 49 93 67 61 8 9 10 34 46 12 19 59 32 72 49 19 26 56 10 44 29 92 46 73 58 94 90 11 83 51 95 48 44 22 71 23 35 89 88 85 86 22 
94 64 49 27 60 25 54 44 15 31 54 11 60 32 4 49 68 98 37 34 32 36 6 43 35 23 82 82 36 29 78 59 8 13 50 40 73 72 36 48 52 21 49 91 56 32 38 42 66 37 22 64 57 65 30 60 42 19 100 38 51 61 39 82 72 22 84 93 34 41 75 3 49 34 40 39 96 71 97 53 47 46 33 19 26 15 54 79 75 57 18 84 69 60 26 91 90 24 61 96 93 42 46 45 68 30 64 90 74 45 69 82 67 28 39 47 59 93 55 79 25 96 78 4 13 61 85 53 
86 54 90 78 29 42 77 22 12 51 81 48 41 38 36 13 1 89 43 84 16 6 56 94 71 43 79 32 35 60 45 47 35 34 45 72 48 10 3 44 44 76 3 32 26 70 40 60 37 83 81 56 97 81 79 33 60 16 47 88 99 5 26 43 93 43 32 44 55 6 17 33 87 9 91 38 88 7 40 4 73 38 95 6 12 14 42 50 32 79 52 26 8 60 93 57 80 95 80 75 74 78 93 21 65 35 88 71 34 43 74 11 91 13 40 40 35 23 12 26 63 32 37 43 36 82 12 2 
66 96 95 38 74 94 79 51 63 66 18 8 11 65 50 58 7 12 6 70 99 86 12 93 37 26 67 51 40 57 53 21 11 97 59 34 92 77 70 12 44 26 92 9 29 14 36 85 79 42 24 81 94 40 29 74 73 65 60 5 98 8 17 80 47 59 63 46 32 79 77 26 95 60 29 94 42 34 48 1 23 65 36 45 84 91 96 99 12 8 45 63 85 66 46 28 14 9 37 28 5 54 45 47 15 85 99 11 40 89 35 90 91 56 21 63 68 30 39 95 74 62 9 81 40 42 9 39 
32 21 55 96 52 71 19 16 81 98 30 33 30 43 53 26 4 87 8 78 5 95 20 94 75 38 30 8 56 60 63 17 100 60 46 86 35 93 57 1 92 93 59 100 73 23 50 28 79 11 65 66 19 28 30 71 80 62 1 59 57 30 46 95 84 28 69 31 43 72 76 81 25 39 19 30 37 84 4 41 2 7 72 15 94 59 52 97 70 40 53 92 66 33 93 85 5 5 15 34 12 61 52 19 23 79 90 2 34 84 74 22 39 70 76 64 2 41 74 81 50 67 21 38 34 53 10 22 
56 15 91 13 56 58 95 35 69 15 11 18 59 30 3 22 83 94 97 71 33 52 97 25 99 55 75 14 82 68 88 90 51 33 47 81 34 79 24 63 67 79 20 100 4 49 99 60 97 49 53 100 42 30 17 29 58 74 24 69 56 22 12 88 92 92 8 53 38 74 31 93 93 5 93 2 19 68 87 100 8 53 37 53 3 62 62 9 3 64 73 24 30 62 70 13 90 100 10 85 52 34 26 16 93 32 54 100 39 41 95 41 59 34 37 99 12 77 16 85 32 82 13 78 99 22 31 40 
92 87 31 91 6 16 93 17 24 30 68 8 4 87 4 33 36 33 99 6 17 17 9 29 88 68 69 66 36 33 65 50 54 53 52 60 20 20 46 59 72 22 19 94 16 70 43 78 74 81 38 20 99 52 53 20 35 39 36 17 71 77 61 68 43 81 38 79 95 85 76 64 56 43 54 57 34 32 79 52 36 82 63 19 50 60 23 83 94 46 82 63 38 86 65 43 54 33 5 65 69 60 27 6 59 46 31 67 25 74 56 77 10 87 31 99 10 91 27 49 30 48 10 6 73 76 62 56 
2 78 100 2 4 71 98 74 11 20 76 75 48 88 29 17 54 67 9 64 56 17 74 21 76 95 21 74 19 15 7 40 62 11 24 46 84 10 18 94 9 40 3 4 61 33 29 6 13 99 94 33 28 70 68 20 7 57 85 68 33 68 16 85 71 31 77 65 41 31 88 18 44 99 66 43 32 77 88 39 26 63 54 45 25 97 64 96 3 7 21 71 18 60 26 96 16 21 62 25 69 90 12 42 59 18 64 55 24 35 40 99 99 31 59 80 71 55 10 11 84 63 95 73 93 92 16 94 
84 16 21 17 67 51 19 6 52 13 91 7 43 17 83 10 54 15 46 69 91 91 72 78 43 24 100 7 91 100 92 8 2 92 41 35 10 80 42 12 31 69 10 38 5 72 16 13 58 20 7 66 63 23 63 64 31 71 75 100 64 8 21 64 16 86 48 37 9 27 45 12 59 66 14 39 72 8 11 50 70 2 42 7 76 82 70 70 75 70 50 52 74 7 39 29 5 43 56 39 14 53 23 5 39 91 88 10 47 4 74 5 33 45 50 60 55 100 70 41 69 29 84 79 7 56 17 63 
30 86 23 4 96 74 3 34 32 36 86 18 56 83 75 43 99 94 93 38 17 4 3 14 58 70 80 8 91 21 64 20 41 68 94 81 1 3 77 49 50 20 10 26 9 78 19 23 23 45 76 51 43 51 82 100 21 12 98 1 51 60 65 67 52 54 37 97 81 40 50 16 3 37 53 76 18 99 75 23 77 44 20 14 43 43 43 44 84 27 82 81 15 28 2 67 46 44 29 45 44 83 44 46 79 79 14 37 12 22 12 60 6 67 41 56 60 84 95 51 73 79 13 89 92 63 11 95 
69 45 2 76 38 24 27 90 14 29 91 65 75 74 22 45 90 53 79 51 27 49 68 1 82 26 74 24 10 52 64 42 84 69 44 40 42 74 38 32 24 22 59 6 93 60 84 99 5 80 64 71 6 31 24 37 34 7 27 57 9 78 10 11 20 62 48 7 16 34 40 13 17 91 18 93 10 55 13 2 58 44 42 35 84 47 55 49 5 38 9 64 73 79 36 92 17 25 18 6 32 50 97 72 63 92 20 15 81 7 95 89 100 1 35 11 18 11 74 33 9 80 96 69 85 48 7 32 
61 84 20 81 50 49 21 36 89 4 44 51 22 15 2 50 5 73 10 17 42 71 75 20 65 43 49 18 73 82 26 96 66 88 13 30 73 21 8 84 55 11 81 6 65 58 36 66 47 64 62 7 37 44 27 43 45 34 4 73 61 56 38 54 78 6 6 64 73 26 83 25 80 5 14 12 34 49 85 54 2 75 40 70 90 69 81 67 58 8 82 81 75 97 14 9 36 87 3 72 39 67 52 51 67 8 18 97 84 39 46 95 74 63 61 4 61 2 29 77 35 95 98 65 97 39 84 71 
37 95 44 76 9 40 88 9 75 81 14 93 41 21 91 89 13 95 100 63 21 32 58 19 26 97 89 39 27 51 44 25 36 46 85 30 10 40 58 75 54 53 30 3 66 72 45 30 23 84 19 82 93 63 46 70 88 84 90 41 99 100 10 77 15 4 33 39 16 58 59 71 38 22 7 21 13 53 14 11 69 90 33 87 86 75 38 10 95 10 21 44 10 80 79 83 91 27 66 39 45 68 32 21 25 99 50 52 34 10 2 87 30 66 69 19 60 70 68 31 68 59 43 27 82 80 22 8 
52 10 57 93 18 53 7 58 21 69 58 76 69 62 79 22 18 96 67 6 53 91 77 16 84 17 60 13 18 11 37 10 24 41 24 14 83 89 28 38 31 84 33 64 83 35 48 29 79 8 82 20 68 95 83 51 99 41 89 84 7 59 31 50 66 40 92 95 53 63 43 41 77 89 99 60 15 61 84 97 15 65 2 97 32 3 88 31 23 2 23 38 42 87 64 31 11 3 98 83 53 90 61 25 7 77 46 12 90 66 98 4 55 78 42 59 64 73 40 50 95 16 95 5 13 75 73 68 
45 69 81 27 59 42 55 10 16 35 94 42 62 60 33 98 27 64 98 7 52 19 29 54 18 77 17 2 17 32 68 82 100 78 56 79 14 22 19 55 95 72 57 54 42 79 17 37 72 42 35 17 66 95 40 89 92 41 61 80 8 32 39 23 94 32 43 57 93 4 32 4 85 96 61 54 91 81 60 66 33 76 91 67 2 59 96 6 35 42 26 90 13 42 71 8 18 86 70 90 13 46 7 57 46 48 44 90 17 88 13 41 40 25 13 53 33 1 72 56 19 74 63 34 43 58 38 33 
10 45 100 14 96 34 77 21 86 50 83 17 95 69 94 37 91 65 84 37 80 9 6 95 95 45 48 59 37 11 46 76 11 90 3 90 88 20 43 20 76 35 8 88 20 62 75 3 90 32 52 73 5 6 13 81 69 6 40 14 9 36 3 50 87 20 40 97 18 16 7 83 42 36 10 50 89 29 59 75 26 38 2 82 100 94 30 40 13 75 43 29 18 5 10 31 88 55 81 29 18 66 24 22 55 91 16 32 34 52 56 100 12 86 55 99 71 1 43 84 40 74 49 12 27 31 4 69 
32 8 37 71 86 95 13 29 71 20 35 76 8 12 83 63 12 41 75 97 71 95 26 27 55 91 88 81 78 64 24 73 72 10 63 33 51 20 54 87 40 82 72 10 38 46 27 99 47 45 87 14 99 31 37 19 76 65 39 91 12 57 47 63 51 18 93 19 43 34 52 69 19 38 75 85 83 55 73 62 65 26 88 18 30 47 18 14 81 82 22 74 16 98 41 43 64 47 38 18 12 97 85 14 96 11 95 42 13 88 53 3 12 73 84 38 87 5 82 58 38 20 70 1 64 54 72 77 
85 29 61 35 1 70 15 22 87 34 8 95 56 70 7 53 94 99 34 86 1 9 6 82 20 59 44 20 40 8 95 65 17 28 81 58 16 22 68 50 56 17 31 59 54 78 85 64 20 16 26 46 15 75 83 57 24 77 16 76 9 24 82 20 94 84 80 63 85 68 8 82 84 88 8 37 28 60 27 53 34 87 81 68 78 11 26 4 21 99 77 3 3 8 16 74 39 36 31 76 14 49 49 15 22 70 15 70 70 53 76 42 75 59 27 28 89 36 17 80 77 49 41 28 63 45 7 50 
87 42 69 80 66 40 73 15 50 90 55 11 39 39 38 1 84 31 93 12 80 93 69 61 52 49 34 43 43 20 4 20 78 55 93 95 80 81 29 57 58 91 21 24 46 79 34 97 47 41 3 74 80 49 53 78 14 71 70 47 22 76 38 92 35 26 53 72 80 27 98 14 38 70 34 3 87 90 58 16 77 22 54 66 71 62 27 74 69 35 22 7 59 97 39 14 19 59 65 96 89 4 47 89 83 42 21 95 22 19 32 99 50 98 56 68 22 78 90 33 5 21 40 20 90 10 90 49 
41 34 55 20 69 75 95 7 24 89 48 39 32 86 34 44 42 31 37 85 15 18 4 38 71 39 92 5 18 74 45 92 27 53 57 87 52 17 100 60 67 100 83 88 52 53 30 49 26 7 43 62 76 7 37 67 97 79 37 55 74 13 48 91 53 25 45 16 81 70 56 36 55 48 7 73 83 11 31 59 70 1 66 76 66 25 11 66 12 94 21 4 67 25 4 66 39 73 91 3 63 65 38 40 65 67 9 38 34 37 16 65 97 23 23 41 99 18 88 78 5 72 47 28 27 65 50 28 
17 9 1 30 68 4 74 27 60 20 36 13 35 55 10 18 90 12 27 55 99 67 67 75 38 9 46 68 88 11 32 93 61 55 38 6 48 23 71 78 96 80 78 78 13 79 68 6 40 88 16 66 30 30 74 49 13 11 50 88 34 89 59 3 39 81 17 100 22 96 99 52 77 60 21 2 64 64 57 21 27 54 32 17 96 14 85 42 69 91 11 75 96 1 100 23 40 19 87 90 54 9 51 25 59 27 48 68 3 97 67 90 32 64 74 21 30 85 47 72 42 69 87 76 74 88 98 92 
76 62 97 53 47 67 4 95 20 45 21 41 60 52 84 39 65 79 64 29 77 86 34 57 10 66 94 6 52 88 31 43 39 57 32 45 44 13 77 60 33 100 45 50 66 61 76 64 73 56 77 47 1 45 9 34 51 34 50 25 14 41 81 2 59 46 14 29 66 34 78 79 31 72 16 94 66 72 29 98 5 79 39 59 41 16 31 81 74 17 27 41 43 15 26 33 13 58 23 88 65 89 76 9 89 14 39 41 14 63 51 81 89 57 48 26 9 19 51 55 76 41 3 89 74 86 2 79 
75 62 67 88 2 67 37 98 23 99 55 97 4 8 34 66 82 60 51 91 82 49 61 6 93 4 20 44 74 50 10 52 23 62 46 22 57 68 100 80 10 91 14 38 99 55 12 66 17 46 38 85 75 33 85 82 90 42 26 37 12 52 24 92 24 12 52 28 89 84 81 33 54 95 26 43 93 62 2 67 8 17 94 74 70 82 52 63 51 54 69 84 32 92 8 50 8 60 18 33 28 32 87 30 63 20 91 91 97 3 53 7 41 89 79 64 41 20 48 97 35 69 80 41 17 14 59 67 
20 1 95 39 10 61 60 62 16 19 31 47 85 55 74 98 13 91 13 65 92 19 55 35 65 88 27 27 27 93 30 88 78 61 76 75 12 74 5 77 31 56 87 64 88 35 75 86 78 89 30 26 78 10 25 100 53 16 80 42 69 18 44 43 38 56 48 83 11 77 3 39 6 28 52 22 34 64 90 60 46 40 28 60 10 38 28 57 15 79 86 83 12 72 3 22 49 28 80 75 71 9 86 85 27 66 78 73 67 76 73 32 82 37 18 11 12 92 58 88 11 70 16 43 18 17 62 40 
48 88 4 57 86 16 98 73 60 68 11 61 6 2 58 85 98 26 51 75 66 86 12 50 16 30 7 92 64 23 82 34 51 79 91 55 65 15 77 100 67 38 48 69 66 61 30 85 87 43 48 16 46 27 9 30 77 2 86 51 65 64 94 10 31 100 76 72 82 31 65 60 39 45 43 34 75 61 20 70 79 21 10 29 91 45 5 89 6 45 48 6 87 21 35 68 79 78 68 13 35 40 92 84 51 45 27 83 60 98 88 16 99 22 9 17 27 12 52 18 22 66 54 24 96 29 75 65 
57 63 83 97 70 84 4 32 38 15 85 27 82 42 33 34 47 65 52 64 91 6 78 30 87 31 75 96 51 78 10 61 79 91 36 46 21 31 92 79 29 54 44 6 39 24 12 20 60 24 77 92 36 90 89 7 77 88 40 1 56 58 50 38 40 55 40 5 58 63 17 31 30 94 21 43 54 96 10 49 73 69 94 47 39 43 1 37 23 19 26 18 99 74 40 74 91 5 35 16 78 81 32 81 83 62 83 100 3 79 22 16 37 89 62 64 61 43 32 64 32 94 30 24 67 7 4 48 
6 4 70 78 31 90 26 89 27 59 91 16 94 100 1 92 49 47 26 47 99 18 82 78 94 58 2 88 83 31 29 9 35 63 2 40 50 38 33 97 97 22 8 20 73 89 70 99 39 76 95 37 31 62 67 28 57 81 85 65 55 50 62 76 15 86 23 79 11 90 54 58 98 24 50 18 9 52 31 76 63 21 4 47 72 42 65 14 68 95 71 27 45 83 27 22 50 60 31 16 23 3 6 91 23 69 98 71 9 54 78 54 7 76 91 59 48 98 69 50 35 48 52 27 82 5 79 48 
45 71 30 72 18 10 32 23 28 91 14 13 64 95 2 87 99 82 98 13 6 11 82 68 17 57 43 99 87 90 81 40 35 33 6 2 53 98 91 37 22 79 35 80 55 35 38 13 44 69 21 39 57 5 70 91 93 18 50 81 60 56 34 36 49 83 77 23 64 56 50 22 51 93 35 73 20 59 40 63 12 62 38 76 24 70 96 20 29 51 10 91 89 43 2 81 64 95 91 2 20 46 46 55 23 100 21 79 100 88 11 88 64 71 16 81 42 2 65 17 1 14 8 31 83 88 86 10 
17 44 73 11 55 86 56 38 36 62 69 37 90 96 98 63 98 61 25 90 91 73 88 52 27 40 49 14 66 81 80 17 23 91 1 20 78 79 14 80 21 37 69 36 74 78 85 6 32 64 2 73 9 82 91 80 22 3 70 70 100 53 51 7 1 27 71 86 10 74 94 94 84 58 73 83 66 66 31 24 65 26 87 96 83 92 43 55 23 9 77 41 75 22 19 54 98 55 78 66 45 91 63 23 93 38 56 48 52 79 48 12 46 54 55 76 95 58 1 56 53 89 75 23 44 95 87 67 
65 21 36 22 13 27 91 9 7 28 67 10 83 70 22 79 2 3 96 4 63 70 50 54 73 24 89 68 60 30 17 92 47 65 5 1 14 93 30 63 14 76 17 43 35 25 26 97 17 59 9 38 78 79 25 67 63 90 61 3 14 68 41 85 22 59 61 11 38 92 74 95 19 62 72 4 23 51 15 9 76 26 58 51 56 77 30 94 53 25 72 82 63 87 58 27 58 57 40 76 45 29 80 14 53 8 58 22 72 55 96 67 30 8 85 5 10 3 92 96 39 25 90 21 94 12 82 99 
27 14 55 92 32 52 88 47 31 99 39 46 89 63 8 88 76 64 91 38 16 47 85 21 49 42 56 51 1 28 88 93 53 37 76 100 31 40 64 59 74 80 22 5 64 41 83 88 95 93 68 72 75 60 83 54 4 23 75 91 61 67 42 14 96 33 29 9 49 97 90 73 17 40 94 52 54 30 64 14 66 86 47 67 58 29 63 31 37 33 40 53 78 20 11 3 66 20 72 43 46 92 88 9 29 9 76 55 11 33 9 27 53 88 14 22 19 37 18 79 99 67 74 12 23 32 78 13 
56 29 33 12 8 69 97 3 90 53 67 38 46 99 83 28 5 39 38 33 79 56 48 80 62 20 35 48 34 9 18 40 61 65 66 50 75 71 42 27 37 2 19 21 20 98 71 24 66 85 41 40 53 47 40 63 56 80 43 10 56 34 42 16 37 41 68 10 41 94 2 34 4 16 52 30 31 57 77 79 96 16 81 61 75 83 27 41 42 38 38 30 7 24 34 8 89 40 45 65 24 14 81 66 18 79 17 58 61 96 70 68 94 72 34 45 59 8 98 92 24 16 29 61 35 91 61 89 
24 78 73 10 70 22 62 8 60 11 16 24 79 23 58 96 27 80 11 60 92 41 5 15 86 13 48 68 19 87 12 72 19 44 53 42 17 49 8 31 29 42 78 36 4 77 64 5 14 9 58 45 89 49 74 2 32 17 36 67 58 30 64 39 1 7 53 29 37 92 76 41 60 73 34 45 99 69 6 31 42 72 86 26 58 79 48 86 98 57 9 73 53 80 12 96 45 23 58 11 61 37 49 52 31 50 22 43 64 17 19 40 67 36 31 58 83 23 58 42 8 57 34 80 30 98 46 15 
30 83 98 16 41 11 13 63 43 77 35 79 5 97 59 41 76 41 26 69 81 55 47 97 18 86 38 58 79 11 64 3 81 68 79 48 1 96 34 17 1 55 98 88 75 3 80 56 75 48 70 48 4 37 45 58 26 9 12 90 19 28 34 32 89 87 23 7 30 46 5 53 8 2 2 62 85 36 46 78 90 29 44 67 65 75 87 11 83 8 69 69 95 6 86 6 72 74 89 71 83 90 62 9 33 41 93 66 75 24 64 18 80 9 92 73 32 73 71 17 93 51 80 59 79 79 22 46 
4 32 50 59 77 32 56 13 11 22 61 8 11 57 79 72 70 49 50 36 1 71 1 57 83 41 59 52 48 18 69 4 75 41 81 69 10 70 79 50 42 64 35 6 57 33 58 34 20 92 67 32 42 14 88 62 41 35 49 70 11 44 70 6 82 98 94 30 49 96 3 59 4 60 2 9 52 81 18 64 77 90 64 43 42 27 49 75 45 97 43 69 99 12 65 41 6 39 87 95 45 56 5 41 52 98 21 18 96 56 68 21 12 78 2 5 19 69 92 79 72 28 76 78 70 65 2 86 
61 57 86 68 89 47 50 70 77 83 5 18 37 57 44 9 38 42 13 43 2 34 79 10 18 38 10 32 18 8 77 29 9 75 26 40 28 15 51 95 72 32 23 33 25 46 27 6 86 53 98 28 26 26 62 58 7 81 53 97 29 92 100 90 23 100 44 43 29 65 14 61 75 27 10 98 98 50 45 16 1 56 59 78 33 37 5 41 56 90 68 27 41 62 6 47 99 90 32 31 53 62 45 91 14 8 51 21 68 73 36 66 54 78 29 7 27 46 61 93 63 18 62 88 42 84 58 5 
78 76 45 29 61 13 45 17 71 56 50 17 1 59 26 20 68 30 7 22 11 91 88 63 44 5 50 83 41 43 58 50 96 41 73 37 89 80 9 87 72 53 7 31 72 7 71 80 3 19 33 69 54 49 29 44 62 37 9 42 53 75 45 9 63 24 22 46 1 5 49 76 38 10 72 97 8 43 98 72 90 38 34 84 59 44 87 96 31 27 67 96 92 65 19 23 87 51 24 74 85 78 7 56 83 28 38 15 4 92 97 26 59 91 38 9 22 72 82 79 84 52 91 75 6 1 63 68 
54 98 75 66 69 73 19 56 81 75 61 52 28 98 34 56 87 27 47 18 9 29 1 44 48 58 74 32 78 74 46 35 85 1 84 62 68 6 69 87 40 13 31 17 36 71 43 60 6 18 47 81 5 29 38 88 62 20 51 32 76 90 53 33 62 51 29 10 96 88 98 92 92 19 6 3 32 41 81 94 28 41 53 85 82 58 18 62 40 77 77 62 33 29 18 95 28 56 66 41 48 45 70 24 100 54 39 94 93 46 66 23 47 17 91 65 66 37 88 89 57 75 38 61 24 4 26 47 
59 63 61 79 6 100 16 73 94 6 87 70 41 83 41 72 38 14 41 61 86 67 1 84 34 43 37 59 56 72 45 9 14 68 33 35 74 66 48 19 92 89 9 37 99 12 67 23 90 36 92 29 69 3 33 27 46 94 34 40 46 27 55 94 57 94 29 89 40 88 60 45 32 30 34 1 75 50 67 25 13 25 2 28 76 83 43 84 79 28 74 98 87 67 32 56 31 60 35 16 75 63 81 52 56 35 31 33 8 65 99 89 35 9 20 66 4 92 13 78 29 48 43 69 25 17 99 27 
49 43 81 88 8 82 35 34 91 50 50 84 59 60 29 50 89 65 43 19 8 98 54 23 83 7 36 4 3 39 20 67 29 4 27 74 40 53 53 63 83 2 87 58 53 58 42 28 25 43 38 84 100 3 83 67 89 1 89 90 17 47 6 43 4 98 78 14 37 74 29 15 24 97 22 93 34 69 2 47 84 89 35 35 38 39 47 18 86 7 99 50 75 63 17 4 42 49 56 81 2 46 22 86 69 13 68 9 37 97 18 37 19 88 83 9 85 7 46 2 7 4 6 9 43 83 25 2 
-1 -1 -1 1 1 -1 -1 -1 1 1 1 1 -1 -1 -1 -1 -1 -1 1 1 1 1 1 -1 1 1 -1 -1 1 1 1 -1 -1 1 1 -1 -1 1 1 1 1 1 -1 -1 -1 -1 1 -1 -1 1 1 1 1 1 1 -1 1 1 -1 1 1 -1 -1 1 1 1 -1 -1 1 -1 1 1 1 1 -1 1 1 1 -1 -1 -1 -1 -1 -1 -1 -1 1 -1 1 -1 1 -1 -1 -1 -1 -1 1 1 -1 -1 -1 -1 1 -1 -1 -1 1 1 1 -1 1 -1 1 1 1 -1 1 -1 -1 -1 1 1 -1 1 -1 -1 -1 -1 
-1 1 -1 1 -1 1 1 1 -1 -1 -1 1 1 1 1 -1 1 -1 1 -1 -1 1 -1 -1 -1 -1 -1 1 1 1 -1 -1 -1 -1 -1 1 1 1 1 1 -1 -1 1 -1 -1 -1 1 -1 1 -1 -1 -1 -1 1 1 1 1 1 1 -1 -1 -1 -1 -1 1 -1 -1 -1 -1 1 -1 1 -1 -1 -1 1 -1 1 -1 -1 1 -1 1 1 1 1 1 1 1 1 1 -1 -1 -1 1 1 1 1 1 1 -1 -1 1 -1 -1 -1 1 -1 1 1 1 1 1 1 1 -1 1 1 1 1 -1 -1 1 1 -1 -1 1 -1 
-1 -1 -1 -1 -1 -1 1 -1 1 -1 1 -1 -1 -1 -1 1 -1 1 1 1 1 -1 -1 1 1 1 -1 -1 -1 1 -1 1 -1 1 -1 1 -1 1 1 1 1 1 1 1 -1 1 1 1 1 -1 -1 -1 -1 1 -1 1 1 1 -1 1 -1 1 1 1 -1 -1 1 1 -1 -1 -1 1 1 1 -1 -1 1 1 1 -1 1 -1 1 1 -1 -1 1 1 1 -1 -1 -1 -1 -1 -1 1 -1 -1 1 1 -1 1 -1 1 -1 1 1 1 1 -1 -1 1 -1 1 -1 1 1 -1 1 1 1 1 -1 1 -1 -1 1 1 
1 1 -1 1 -1 -1 1 -1 -1 -1 1 -1 -1 1 -1 -1 1 1 -1 -1 -1 -1 -1 -1 1 1 -1 1 -1 1 -1 -1 -1 1 1 1 1 1 -1 -1 1 1 1 1 1 1 1 -1 -1 1 1 1 1 -1 -1 1 -1 1 1 1 1 1 -1 1 -1 1 1 1 1 -1 1 1 1 -1 -1 -1 -1 -1 -1 1 1 -1 -1 -1 1 -1 -1 -1 1 1 -1 -1 -1 -1 -1 -1 -1 1 -1 1 1 -1 1 1 1 1 1 1 -1 1 -1 1 1 1 -1 1 -1 -1 -1 -1 -1 -1 -1 -1 -1 1 -1 -1 
1 -1 -1 -1 1 -1 1 -1 -1 -1 1 -1 -1 -1 1 -1 -1 1 -1 -1 -1 1 1 -1 -1 1 1 -1 1 -1 1 1 -1 1 1 1 1 -1 -1 1 1 1 -1 -1 -1 -1 1 -1 -1 1 -1 -1 1 1 -1 -1 -1 1 1 -1 1 -1 1 1 -1 1 -1 -1 1 -1 1 -1 1 1 1 -1 1 -1 -1 -1 1 -1 1 -1 1 1 1 1 -1 -1 -1 -1 -1 -1 1 -1 -1 -1 -1 1 -1 1 1 1 -1 -1 1 -1 1 1 -1 1 -1 1 -1 1 -1 1 -1 1 -1 -1 1 1 -1 1 1 -1 
-1 1 -1 -1 -1 1 1 1 -1 -1 1 1 -1 1 -1 -1 -1 1 1 1 -1 1 -1 1 1 1 1 1 -1 -1 1 1 1 -1 1 -1 -1 1 1 -1 1 -1 -1 1 1 -1 1 1 1 -1 -1 1 1 -1 1 1 1 1 1 -1 -1 -1 -1 -1 -1 -1 1 1 1 -1 -1 1 -1 1 1 -1 1 -1 1 1 -1 1 1 1 -1 -1 1 1 1 -1 -1 1 1 1 -1 1 1 -1 1 1 -1 1 1 -1 1 -1 -1 1 -1 1 -1 -1 -1 1 -1 1 1 1 1 -1 -1 1 1 -1 -1 1 1 -1 
-1 1 1 1 1 1 1 1 -1 1 1 1 -1 1 1 1 -1 -1 1 1 1 -1 -1 1 -1 1 -1 1 -1 -1 1 1 -1 1 1 -1 -1 1 -1 1 1 -1 -1 -1 -1 1 -1 1 -1 1 1 -1 -1 1 -1 -1 -1 -1 1 1 1 1 1 1 1 -1 1 -1 1 1 1 1 1 1 1 1 1 -1 1 -1 -1 1 1 1 -1 -1 1 -1 1 -1 -1 -1 1 1 -1 -1 -1 -1 -1 -1 1 1 1 -1 1 -1 1 -1 -1 -1 -1 -1 1 1 -1 1 1 -1 1 -1 1 1 -1 1 -1 -1 1 1 
-1 1 -1 -1 -1 1 1 1 -1 1 1 -1 -1 1 -1 1 1 -1 -1 -1 -1 -1 1 1 1 1 -1 -1 1 -1 -1 -1 -1 1 1 -1 1 -1 1 1 1 1 1 1 1 1 -1 -1 -1 1 1 -1 1 1 1 1 1 1 1 -1 -1 1 -1 -1 1 -1 1 -1 -1 1 -1 1 -1 -1 1 -1 -1 1 1 1 -1 1 1 1 1 1 -1 1 -1 -1 -1 -1 -1 1 -1 1 -1 1 -1 -1 -1 1 1 -1 -1 -1 1 -1 -1 -1 1 1 1 1 -1 1 1 -1 1 -1 1 -1 1 1 -1 -1 1 -1 
1 -1 1 -1 -1 -1 -1 -1 1 1 -1 1 1 1 1 -1 -1 -1 -1 -1 1 -1 -1 -1 -1 1 1 1 -1 1 1 -1 -1 1 1 -1 -1 -1 -1 1 -1 1 -1 1 1 1 1 1 -1 -1 -1 1 1 -1 1 1 1 -1 -1 -1 1 1 -1 1 1 -1 1 1 -1 -1 1 -1 -1 1 -1 1 -1 1 1 -1 1 -1 -1 -1 1 -1 -1 -1 -1 -1 1 -1 1 -1 -1 1 1 -1 -1 1 1 1 -1 -1 1 -1 1 -1 -1 1 -1 -1 -1 1 1 -1 -1 1 -1 1 1 1 1 -1 1 -1 1 -1 
1 -1 -1 -1 -1 -1 1 1 1 1 -1 -1 1 1 1 -1 -1 -1 -1 1 1 -1 1 1 1 -1 1 1 -1 1 1 -1 1 -1 1 -1 -1 -1 -1 1 1 -1 1 1 -1 -1 1 -1 -1 1 1 1 1 -1 -1 -1 -1 -1 -1 1 1 1 1 -1 1 1 1 -1 -1 1 1 1 -1 -1 1 1 1 -1 1 -1 -1 -1 -1 1 -1 -1 1 1 1 -1 -1 -1 -1 -1 -1 -1 -1 1 1 1 -1 -1 1 1 1 1 -1 1 -1 1 -1 1 -1 -1 -1 -1 1 1 -1 -1 -1 1 1 -1 -1 1 1 -1 
1 -1 1 1 1 1 1 1 -1 -1 1 1 1 -1 -1 -1 1 1 1 1 -1 -1 -1 -1 1 -1 1 1 -1 -1 1 -1 -1 1 1 -1 1 -1 -1 1 -1 1 1 -1 -1 -1 -1 -1 -1 -1 -1 1 1 -1 -1 -1 1 1 1 -1 -1 1 -1 1 -1 1 1 -1 -1 -1 1 1 -1 -1 -1 1 1 -1 -1 -1 -1 -1 1 1 1 -1 -1 1 -1 1 -1 -1 1 -1 -1 -1 -1 -1 -1 -1 1 1 1 -1 -1 -1 1 -1 1 -1 -1 1 -1 1 -1 1 -1 1 1 1 -1 1 -1 1 1 -1 1 1 
1 1 -1 -1 -1 1 1 -1 1 -1 1 1 -1 1 -1 1 -1 1 -1 1 -1 1 1 1 1 -1 1 -1 1 1 1 -1 -1 -1 1 1 1 -1 1 -1 1 -1 1 1 -1 -1 -1 1 -1 -1 -1 -1 -1 -1 -1 -1 1 -1 -1 1 1 -1 1 1 1 -1 1 -1 -1 -1 1 -1 -1 -1 1 1 1 1 1 -1 1 1 -1 -1 1 -1 -1 1 1 -1 -1 1 1 -1 1 1 1 1 1 -1 -1 1 -1 -1 1 1 -1 -1 -1 -1 -1 1 1 1 -1 1 -1 -1 1 1 -1 1 1 -1 -1 1 1 -1 
-1 1 -1 -1 -1 -1 -1 -1 1 1 1 -1 -1 1 -1 -1 1 1 -1 -1 -1 -1 -1 -1 -1 1 -1 1 1 1 1 -1 1 1 -1 1 1 1 -1 1 -1 1 1 1 -1 -1 1 1 -1 -1 -1 1 1 -1 1 -1 1 1 -1 -1 -1 -1 1 1 1 -1 1 1 -1 -1 -1 -1 1 1 -1 -1 1 -1 -1 1 -1 1 -1 1 1 1 -1 1 1 1 1 1 1 -1 -1 1 -1 -1 -1 1 -1 -1 1 1 -1 -1 -1 1 -1 -1 1 -1 -1 1 1 -1 1 1 -1 -1 1 -1 1 1 -1 -1 -1 -1 
-1 1 -1 1 -1 1 1 1 1 1 -1 1 1 -1 1 1 -1 1 -1 1 1 1 1 1 -1 1 1 -1 -1 1 -1 -1 1 -1 -1 -1 -1 1 -1 1 -1 -1 1 -1 -1 1 1 -1 1 1 1 1 1 -1 -1 -1 1 1 1 1 1 1 -1 -1 -1 1 1 1 -1 -1 -1 1 -1 -1 1 1 -1 1 1 1 1 1 -1 -1 -1 -1 1 -1 1 -1 1 -1 -1 1 -1 -1 1 -1 -1 -1 1 1 -1 -1 -1 1 -1 -1 1 -1 1 -1 -1 -1 1 -1 1 1 -1 -1 1 -1 -1 1 1 1 1 -1 
-1 1 -1 -1 1 -1 1 -1 1 1 -1 -1 -1 1 -1 -1 1 -1 -1 1 1 1 -1 -1 -1 1 1 -1 1 1 1 1 -1 -1 1 -1 1 1 -1 1 1 1 1 -1 1 1 1 -1 -1 -1 -1 -1 -1 -1 -1 -1 1 1 1 1 1 1 -1 -1 1 1 1 -1 -1 -1 -1 1 -1 1 1 1 1 -1 -1 1 1 1 1 -1 -1 1 -1 -1 1 1 1 -1 -1 -1 1 -1 1 -1 1 -1 1 -1 -1 1 -1 -1 1 1 1 -1 -1 -1 -1 1 1 -1 1 -1 -1 -1 -1 -1 1 1 1 -1 1 -1 
-1 -1 1 -1 -1 -1 1 1 -1 -1 -1 1 -1 1 -1 1 -1 1 1 -1 -1 -1 -1 1 1 1 -1 1 1 1 1 1 -1 1 -1 1 -1 1 1 1 -1 1 1 1 -1 1 -1 1 -1 1 -1 -1 1 1 -1 -1 1 -1 -1 -1 1 1 1 -1 1 -1 1 1 1 -1 1 1 1 -1 -1 1 1 -1 -1 -1 -1 1 -1 1 -1 -1 1 -1 1 1 1 -1 -1 1 1 1 1 1 1 1 1 1 1 1 -1 -1 1 1 -1 1 -1 1 -1 1 -1 -1 1 -1 1 1 1 1 -1 1 1 -1 -1 -1 
-1 1 -1 1 -1 -1 -1 1 -1 -1 1 -1 1 -1 1 -1 1 -1 -1 1 1 -1 1 -1 1 -1 1 1 1 1 1 1 -1 -1 -1 -1 -1 1 -1 -1 1 -1 -1 1 -1 -1 -1 1 1 1 -1 1 1 -1 1 1 -1 -1 1 1 -1 1 -1 1 -1 1 1 1 1 1 1 -1 1 1 1 1 -1 -1 1 1 -1 1 -1 1 -1 -1 1 -1 -1 -1 -1 -1 1 -1 1 -1 -1 -1 -1 1 -1 1 -1 1 -1 1 -1 1 -1 1 -1 -1 1 1 -1 -1 -1 1 -1 -1 -1 -1 -1 1 1 -1 -1 -1 
-1 -1 1 1 1 1 -1 -1 -1 -1 1 1 1 1 -1 1 -1 -1 -1 -1 -1 1 -1 -1 1 1 -1 -1 1 -1 1 -1 1 -1 1 1 -1 -1 1 1 1 1 1 -1 1 1 -1 -1 1 1 -1 1 -1 1 1 1 1 -1 -1 1 1 -1 -1 -1 -1 -1 1 -1 -1 -1 -1 1 1 1 1 1 1 -1 1 1 1 1 -1 1 -1 1 -1 1 1 -1 -1 -1 1 -1 1 -1 1 -1 -1 1 1 -1 1 -1 -1 1 -1 1 1 1 1 -1 -1 1 1 1 1 1 -1 1 1 1 -1 1 1 -1 -1 -1 
1 1 1 -1 -1 1 1 -1 -1 -1 1 -1 -1 -1 -1 1 -1 -1 1 -1 -1 -1 -1 1 -1 1 -1 -1 1 1 -1 1 -1 1 1 1 1 1 1 1 -1 -1 1 -1 1 1 1 1 -1 -1 1 1 1 1 1 -1 1 1 -1 1 -1 1 1 1 1 -1 -1 1 -1 1 1 1 -1 1 1 1 1 -1 -1 -1 -1 -1 -1 -1 1 -1 -1 1 1 1 -1 -1 1 1 1 -1 -1 1 1 1 1 -1 -1 -1 -1 -1 -1 1 1 -1 -1 -1 1 1 1 -1 1 -1 -1 1 1 1 1 1 -1 1 1 1 
1 -1 1 -1 -1 1 1 -1 -1 1 1 1 -1 1 1 -1 1 -1 -1 -1 -1 1 1 -1 -1 1 -1 -1 -1 -1 1 -1 1 -1 1 1 -1 -1 -1 1 -1 1 1 -1 1 1 1 1 -1 -1 -1 -1 -1 1 -1 1 -1 1 -1 1 -1 1 1 1 -1 1 -1 -1 -1 -1 -1 1 -1 -1 -1 1 1 1 1 1 1 1 1 1 -1 -1 1 -1 -1 -1 1 -1 -1 -1 -1 -1 1 1 -1 1 -1 1 1 -1 1 1 1 1 1 1 -1 -1 1 -1 -1 -1 -1 1 1 -1 1 1 -1 1 1 -1 1 1 
1 -1 1 -1 -1 -1 1 -1 1 1 -1 -1 -1 1 1 -1 1 -1 -1 -1 1 -1 1 1 1 1 -1 -1 -1 -1 1 -1 -1 1 1 1 -1 -1 1 1 -1 1 1 1 -1 -1 -1 1 -1 -1 1 -1 -1 -1 1 1 -1 -1 1 1 -1 -1 1 1 -1 1 1 1 -1 1 -1 -1 -1 1 1 -1 -1 -1 -1 1 1 -1 1 -1 -1 -1 1 1 1 1 1 1 -1 -1 1 1 1 1 1 1 1 -1 -1 1 1 1 1 1 -1 1 1 1 1 -1 -1 -1 1 -1 -1 -1 1 1 -1 -1 -1 1 -1 -1 
1 1 -1 -1 1 1 -1 -1 -1 -1 -1 1 -1 1 1 -1 -1 1 -1 1 -1 1 1 -1 -1 1 -1 -1 -1 1 -1 1 1 1 1 -1 -1 1 -1 -1 -1 -1 -1 1 -1 1 1 1 1 -1 -1 -1 -1 -1 -1 1 -1 1 1 1 -1 -1 -1 1 -1 1 1 1 1 -1 1 1 1 1 1 -1 1 1 1 -1 1 -1 -1 -1 -1 1 1 -1 1 1 1 1 -1 -1 -1 1 1 -1 1 -1 1 -1 -1 -1 -1 -1 -1 -1 1 1 1 1 1 -1 1 -1 -1 -1 -1 -1 1 -1 1 1 -1 1 1 -1 
1 -1 -1 -1 1 -1 -1 1 -1 1 -1 1 -1 1 -1 -1 1 -1 -1 1 1 1 -1 -1 -1 -1 1 -1 1 -1 -1 -1 -1 1 1 -1 -1 -1 -1 -1 -1 1 1 -1 1 -1 -1 -1 1 -1 1 -1 1 1 -1 -1 -1 1 1 1 -1 -1 1 -1 -1 -1 1 1 1 1 1 1 1 -1 1 1 -1 1 -1 -1 1 1 1 -1 1 -1 1 1 1 -1 1 -1 1 1 -1 1 1 -1 1 1 -1 -1 -1 1 1 1 1 1 1 1 1 1 -1 -1 -1 -1 1 1 1 1 1 -1 -1 -1 1 -1 -1 -1 
-1 -1 1 -1 -1 1 1 1 -1 1 -1 1 -1 1 -1 1 -1 -1 1 -1 1 -1 -1 1 -1 -1 1 -1 1 1 1 -1 -1 -1 1 1 -1 -1 1 -1 1 -1 -1 1 -1 -1 1 -1 1 -1 -1 1 1 -1 -1 1 1 -1 1 -1 -1 1 -1 1 1 1 -1 1 1 -1 -1 1 -1 1 1 -1 -1 1 -1 -1 -1 -1 1 1 1 1 -1 1 -1 1 1 1 -1 1 -1 -1 1 -1 1 -1 1 -1 -1 1 1 -1 -1 1 1 1 1 1 -1 1 -1 -1 1 1 -1 1 1 -1 -1 1 -1 1 1 1 
1 -1 1 1 -1 1 -1 1 -1 1 1 1 -1 -1 -1 1 1 1 -1 -1 1 -1 -1 -1 -1 1 1 1 1 -1 -1 1 -1 1 1 -1 -1 -1 1 1 1 1 1 -1 1 -1 1 -1 1 -1 -1 -1 1 -1 -1 -1 -1 -1 -1 1 1 -1 -1 1 1 1 -1 1 1 1 1 -1 -1 1 1 1 -1 -1 -1 1 1 1 1 1 1 -1 -1 -1 -1 1 1 1 1 -1 1 -1 -1 1 1 1 1 1 1 1 1 -1 1 -1 -1 -1 -1 -1 1 -1 1 1 -1 1 -1 -1 -1 -1 -1 -1 1 -1 1 -1 
1 -1 1 1 1 1 1 1 1 -1 -1 -1 1 1 1 1 -1 1 1 1 1 1 -1 -1 1 -1 -1 -1 1 1 1 1 1 1 1 -1 1 -1 -1 1 -1 -1 -1 1 1 1 -1 1 1 -1 -1 -1 1 1 1 1 -1 -1 -1 1 -1 1 1 1 -1 1 1 1 1 1 1 1 1 1 1 -1 -1 -1 1 -1 1 -1 1 1 1 -1 -1 1 1 1 -1 1 1 1 -1 -1 -1 -1 1 -1 1 -1 -1 -1 1 1 1 1 1 -1 1 1 1 -1 1 1 1 -1 -1 1 1 1 -1 1 1 -1 1 -1 
-1 -1 -1 -1 1 1 -1 -1 1 1 1 1 -1 1 1 -1 1 -1 -1 -1 -1 -1 1 1 1 -1 -1 -1 -1 1 1 -1 1 1 1 1 -1 1 -1 1 1 1 -1 -1 -1 1 -1 -1 -1 -1 -1 1 -1 1 -1 -1 1 -1 1 -1 -1 -1 -1 1 1 1 1 -1 1 1 1 1 -1 1 1 1 -1 -1 -1 -1 1 -1 1 1 1 -1 1 -1 1 -1 1 -1 1 -1 1 1 -1 1 -1 1 -1 -1 -1 1 1 -1 1 -1 -1 -1 1 -1 1 -1 -1 -1 1 1 1 1 1 1 -1 -1 1 1 -1 1 
-1 1 -1 1 -1 1 1 -1 1 1 1 -1 1 -1 -1 1 1 -1 -1 -1 -1 -1 -1 -1 1 -1 -1 1 -1 -1 -1 -1 1 1 -1 -1 1 -1 1 1 -1 -1 1 -1 1 1 1 1 1 -1 1 1 1 1 1 1 1 -1 -1 1 1 -1 1 1 -1 1 1 1 1 -1 -1 -1 1 -1 1 -1 -1 -1 -1 -1 -1 -1 1 1 -1 -1 -1 1 1 1 1 -1 -1 1 1 1 -1 -1 1 -1 1 -1 -1 1 -1 1 -1 1 -1 -1 1 -1 -1 1 1 -1 -1 1 -1 -1 1 1 -1 1 1 1 1 1 
1 1 -1 -1 1 -1 -1 1 -1 -1 -1 1 1 -1 1 1 1 1 1 -1 -1 -1 1 1 1 1 -1 -1 -1 1 -1 1 1 1 -1 1 -1 1 1 1 1 1 -1 1 1 1 -1 -1 -1 -1 1 1 -1 -1 1 1 1 -1 -1 -1 1 1 -1 -1 1 1 -1 -1 1 1 1 -1 -1 1 -1 -1 -1 1 -1 1 1 -1 -1 1 -1 -1 1 1 1 -1 1 -1 -1 -1 1 1 1 1 -1 1 -1 1 1 1 1 -1 -1 -1 1 1 1 1 1 -1 -1 -1 -1 1 1 -1 -1 -1 1 1 -1 1 1 1 
1 1 1 1 -1 -1 -1 -1 1 1 -1 1 1 1 1 1 1 -1 1 -1 -1 1 -1 1 -1 1 1 -1 1 1 1 1 1 1 -1 -1 1 1 -1 1 1 1 1 1 1 1 -1 -1 -1 1 1 -1 -1 -1 -1 -1 -1 -1 -1 -1 1 1 -1 -1 -1 1 1 -1 -1 -1 1 -1 -1 -1 1 1 -1 1 -1 -1 1 -1 1 -1 1 -1 -1 1 1 -1 1 1 1 1 1 1 1 -1 1 -1 1 -1 1 -1 1 1 -1 -1 1 1 -1 -1 -1 1 1 1 -1 -1 1 -1 -1 -1 1 -1 -1 -1 1 -1 
1 -1 -1 -1 1 1 1 -1 1 1 1 1 1 -1 1 1 1 1 -1 1 1 -1 -1 1 -1 1 1 -1 -1 1 -1 1 1 -1 1 -1 -1 1 -1 1 1 1 -1 1 1 1 1 -1 1 1 1 -1 1 -1 1 1 -1 1 -1 -1 1 -1 -1 1 1 1 1 -1 1 -1 1 -1 1 -1 1 1 1 1 1 -1 -1 1 1 1 -1 -1 -1 -1 1 1 -1 -1 1 1 1 1 1 -1 1 1 1 -1 1 1 1 1 1 -1 1 1 -1 1 -1 -1 -1 -1 1 -1 -1 1 -1 -1 -1 -1 1 1 -1 -1 
-1 -1 1 -1 1 1 1 -1 -1 -1 -1 -1 -1 -1 1 1 1 -1 1 -1 -1 1 -1 -1 1 1 -1 -1 1 1 1 1 1 -1 -1 -1 1 -1 -1 1 1 1 1 -1 -1 -1 1 -1 -1 1 -1 1 -1 -1 -1 1 1 -1 1 1 -1 1 -1 1 1 -1 1 -1 1 1 1 1 -1 1 -1 -1 1 1 -1 1 -1 1 -1 -1 -1 1 1 -1 -1 1 -1 -1 -1 1 1 1 -1 -1 -1 -1 1 -1 -1 1 -1 -1 -1 -1 1 -1 -1 1 1 1 -1 -1 -1 -1 -1 -1 1 1 1 -1 -1 -1 -1 1 
-1 -1 -1 -1 -1 1 -1 -1 -1 1 -1 -1 1 1 -1 -1 -1 1 -1 1 -1 1 -1 -1 -1 1 1 1 1 1 1 1 1 -1 -1 1 -1 1 1 1 -1 1 -1 1 1 1 -1 -1 -1 -1 -1 -1 1 -1 1 -1 1 -1 -1 -1 -1 -1 1 1 1 -1 1 1 -1 1 1 1 -1 1 1 -1 -1 1 -1 1 1 -1 1 -1 1 -1 1 -1 1 1 -1 -1 -1 1 -1 1 -1 1 1 -1 1 -1 1 -1 1 -1 -1 1 1 1 1 1 -1 1 1 -1 1 1 -1 1 1 1 1 -1 1 1 1 -1 
1 -1 1 1 1 -1 1 1 1 -1 1 -1 1 -1 -1 1 -1 -1 1 -1 1 1 1 -1 1 1 1 1 1 1 -1 -1 -1 -1 -1 1 -1 -1 -1 -1 -1 -1 -1 1 -1 1 1 -1 1 -1 1 1 -1 1 -1 1 -1 -1 -1 -1 1 1 -1 1 -1 -1 -1 -1 1 -1 1 -1 1 -1 1 1 -1 -1 1 -1 -1 1 1 -1 1 -1 1 1 1 1 1 1 1 1 -1 1 -1 1 -1 -1 1 -1 1 -1 -1 1 -1 -1 -1 1 1 1 1 1 -1 -1 1 1 1 -1 1 -1 1 -1 -1 -1 1 -1 
1 -1 -1 1 1 1 1 1 1 1 1 1 -1 -1 1 -1 -1 1 1 1 1 1 1 1 1 1 1 -1 -1 -1 1 -1 -1 -1 1 -1 -1 -1 -1 -1 -1 1 -1 1 1 -1 -1 -1 1 1 1 -1 1 -1 1 1 -1 -1 1 -1 -1 1 -1 1 1 1 1 -1 -1 1 -1 -1 -1 -1 -1 -1 -1 1 1 1 -1 -1 1 -1 1 -1 -1 -1 1 -1 1 1 1 1 -1 1 -1 1 1 -1 1 -1 1 1 -1 1 1 1 1 1 1 1 1 1 -1 -1 1 -1 -1 -1 1 -1 -1 1 -1 -1 1 1 
-1 1 1 1 1 -1 -1 -1 -1 -1 -1 1 1 -1 -1 1 -1 1 1 1 1 -1 -1 1 -1 -1 1 -1 1 -1 -1 -1 1 1 -1 -1 1 -1 1 1 1 1 1 1 -1 -1 1 -1 1 1 1 -1 -1 -1 1 1 -1 -1 1 -1 -1 1 1 1 -1 1 -1 -1 1 1 -1 1 1 1 -1 1 -1 1 -1 -1 1 1 -1 -1 1 1 -1 1 1 1 -1 -1 1 -1 1 -1 -1 1 -1 1 1 -1 1 -1 1 -1 1 1 1 -1 1 1 1 1 -1 -1 -1 1 -1 1 1 1 1 -1 -1 -1 -1 1 
-1 1 -1 1 1 -1 -1 1 -1 -1 1 1 1 -1 1 -1 -1 -1 1 -1 -1 -1 -1 -1 -1 1 -1 1 -1 1 -1 1 -1 -1 -1 1 -1 -1 -1 -1 1 -1 1 1 -1 1 -1 -1 -1 -1 1 -1 -1 1 -1 1 -1 -1 -1 -1 1 1 1 -1 -1 1 1 -1 -1 -1 -1 -1 1 1 -1 1 1 1 1 -1 1 1 -1 -1 1 -1 -1 1 1 1 1 1 1 1 1 1 -1 1 -1 1 1 1 1 -1 -1 -1 -1 1 -1 1 1 -1 1 1 1 -1 -1 -1 -1 -1 1 -1 -1 -1 1 1 -1 1 
1 1 1 1 -1 1 1 -1 -1 -1 -1 -1 1 1 1 1 1 -1 1 -1 -1 1 -1 -1 -1 -1 1 -1 1 1 1 -1 1 -1 -1 -1 -1 -1 -1 -1 -1 -1 -1 1 -1 1 1 -1 1 -1 -1 -1 -1 -1 1 -1 1 -1 1 -1 1 -1 -1 -1 1 -1 -1 1 1 1 -1 1 -1 -1 1 -1 1 -1 -1 -1 -1 -1 1 -1 1 -1 -1 -1 -1 1 1 -1 -1 -1 -1 -1 1 -1 1 1 1 1 -1 1 1 -1 1 1 -1 1 -1 -1 -1 -1 1 1 -1 1 1 1 -1 -1 1 -1 -1 -1 -1 -1 
1 1 1 -1 -1 1 -1 1 -1 -1 -1 1 -1 -1 -1 1 -1 1 1 -1 1 -1 -1 1 1 -1 -1 1 1 -1 -1 -1 1 -1 -1 1 -1 -1 -1 -1 1 -1 -1 -1 -1 1 1 1 1 1 1 1 -1 1 -1 1 -1 -1 1 -1 -1 -1 -1 -1 -1 1 -1 1 -1 -1 1 -1 1 1 1 -1 1 1 1 -1 1 -1 1 -1 1 -1 -1 -1 -1 -1 1 -1 1 -1 -1 1 1 1 1 1 1 -1 -1 -1 -1 1 1 1 -1 1 1 1 -1 -1 1 1 -1 -1 -1 1 -1 -1 1 -1 -1 1 1 1 
1 1 1 -1 1 -1 1 1 1 1 1 -1 1 1 1 1 -1 1 1 1 1 -1 -1 -1 1 1 1 1 1 1 1 1 1 -1 -1 1 -1 -1 -1 1 1 1 1 -1 1 -1 -1 1 -1 1 -1 1 1 -1 -1 1 1 1 -1 1 1 1 -1 1 1 -1 1 -1 -1 -1 -1 -1 1 -1 1 1 -1 1 -1 1 -1 -1 -1 -1 1 1 1 1 1 1 1 1 -1 1 1 1 1 1 1 1 -1 -1 -1 1 1 1 -1 -1 -1 1 1 -1 -1 1 1 -1 -1 1 1 1 -1 -1 1 1 1 1 -1 1 
1 -1 1 1 1 1 1 1 -1 1 -1 1 -1 -1 1 -1 1 1 -1 -1 -1 -1 -1 1 1 -1 1 -1 1 1 1 1 -1 -1 -1 1 1 -1 1 1 -1 1 1 1 1 -1 1 1 1 -1 -1 1 1 1 -1 1 1 -1 -1 -1 -1 -1 1 1 -1 1 1 1 1 -1 -1 -1 1 1 -1 -1 1 -1 -1 1 1 -1 -1 1 1 -1 1 1 1 1 1 1 -1 1 -1 1 1 -1 1 1 -1 1 1 1 1 1 1 1 -1 -1 -1 -1 -1 1 -1 -1 1 1 -1 -1 -1 -1 1 -1 -1 1 -1 -1 
1 -1 1 1 1 -1 -1 1 1 -1 1 -1 1 -1 1 1 -1 1 -1 1 1 -1 1 -1 1 -1 1 -1 1 1 1 1 1 -1 1 1 -1 -1 -1 1 1 -1 1 -1 -1 -1 -1 -1 1 -1 -1 1 -1 -1 1 1 1 -1 -1 -1 -1 1 1 -1 -1 -1 1 1 -1 -1 -1 -1 -1 1 1 1 -1 -1 1 1 1 1 1 1 1 1 -1 1 1 -1 1 1 -1 1 -1 1 -1 -1 -1 1 1 1 1 1 1 1 1 1 -1 1 -1 -1 -1 1 -1 -1 1 1 1 -1 -1 1 1 -1 1 1 -1 -1 
-1 1 1 1 -1 -1 -1 1 -1 1 1 1 1 1 1 1 -1 1 1 1 1 -1 1 -1 1 -1 -1 1 -1 1 -1 1 -1 -1 -1 1 1 -1 -1 1 1 1 -1 -1 -1 -1 1 -1 1 1 1 -1 -1 1 -1 -1 1 1 -1 1 1 1 -1 -1 1 -1 -1 1 -1 -1 -1 1 1 -1 1 1 -1 1 -1 1 -1 -1 -1 1 1 1 1 1 1 1 1 1 -1 1 -1 -1 1 1 -1 -1 -1 1 -1 1 -1 -1 1 1 1 1 -1 1 1 1 -1 1 1 1 1 1 -1 -1 1 -1 -1 -1 -1 1 
-1 -1 1 1 -1 1 -1 1 1 1 -1 1 1 -1 -1 1 1 -1 -1 -1 1 1 -1 1 -1 1 -1 -1 1 1 1 -1 1 1 1 1 1 1 -1 -1 1 -1 -1 1 1 -1 -1 1 -1 1 -1 -1 1 -1 1 -1 -1 1 1 -1 -1 1 1 1 -1 1 1 -1 -1 1 1 -1 -1 -1 1 -1 1 1 1 1 1 1 -1 -1 -1 1 -1 1 1 1 1 1 -1 1 1 -1 -1 1 1 1 1 1 -1 1 1 -1 -1 -1 -1 -1 1 1 1 1 1 1 1 -1 -1 -1 -1 1 -1 1 -1 1 -1 1 
-1 -1 -1 1 -1 1 -1 1 1 -1 -1 -1 -1 -1 1 -1 -1 1 1 1 -1 -1 1 -1 1 1 -1 1 1 1 1 -1 1 -1 1 -1 -1 -1 -1 1 1 -1 -1 1 -1 -1 -1 -1 1 1 -1 -1 -1 -1 -1 -1 -1 -1 -1 -1 1 -1 1 1 -1 -1 1 1 1 -1 1 1 1 -1 1 1 1 1 -1 1 1 1 -1 1 1 1 1 -1 1 -1 1 -1 -1 1 1 -1 1 1 -1 1 1 -1 -1 -1 1 -1 -1 -1 -1 -1 1 -1 -1 1 -1 -1 1 -1 -1 1 1 -1 -1 1 1 -1 -1 1 
-1 -1 1 1 -1 -1 1 1 1 -1 -1 -1 -1 1 1 1 -1 1 1 1 -1 1 -1 -1 -1 1 1 1 1 1 1 -1 1 1 -1 -1 1 1 1 -1 -1 -1 -1 -1 -1 -1 1 1 1 1 1 -1 1 -1 -1 1 -1 -1 -1 -1 1 1 1 1 -1 1 -1 -1 -1 1 1 -1 -1 -1 1 1 1 1 -1 -1 -1 -1 -1 -1 -1 -1 1 1 1 1 1 -1 1 1 1 1 -1 1 -1 -1 1 1 1 1 -1 -1 1 1 1 -1 -1 1 1 1 -1 -1 1 1 1 -1 -1 1 -1 -1 1 -1 -1 1 
1 1 1 1 1 1 -1 -1 1 1 -1 -1 1 1 1 -1 -1 -1 1 1 -1 1 -1 1 1 -1 -1 1 -1 -1 1 1 -1 1 -1 1 -1 1 1 -1 1 -1 1 -1 -1 1 1 -1 -1 1 -1 -1 1 -1 -1 -1 -1 -1 -1 -1 1 1 1 1 1 -1 1 -1 -1 1 1 -1 1 -1 -1 -1 -1 -1 1 1 1 1 1 -1 -1 -1 1 1 1 1 1 -1 -1 1 -1 1 -1 1 1 1 -1 1 -1 1 1 1 -1 -1 -1 -1 -1 -1 -1 -1 1 -1 -1 1 1 -1 1 -1 -1 1 1 -1 -1 1 
-1 -1 1 -1 -1 1 1 -1 1 -1 -1 1 1 -1 -1 1 1 -1 1 1 1 1 -1 -1 -1 1 -1 1 -1 -1 -1 -1 -1 -1 -1 -1 -1 -1 1 1 1 -1 -1 1 -1 1 -1 1 -1 1 1 -1 -1 1 -1 -1 -1 1 1 -1 1 -1 -1 -1 -1 1 1 -1 1 1 -1 1 -1 -1 -1 -1 1 1 -1 -1 -1 -1 1 1 1 -1 -1 1 -1 1 1 1 -1 -1 -1 1 -1 1 1 1 -1 -1 1 1 1 -1 1 -1 1 -1 -1 -1 1 -1 -1 1 1 -1 1 -1 -1 -1 -1 1 1 -1 1 1 
-1 1 1 -1 -1 1 -1 -1 -1 -1 -1 -1 -1 1 -1 -1 1 1 -1 -1 -1 1 1 1 1 1 -1 1 -1 -1 1 -1 -1 1 1 1 -1 1 1 -1 1 1 1 -1 1 1 -1 -1 -1 -1 1 1 -1 1 -1 1 1 -1 -1 -1 -1 -1 -1 1 1 -1 1 1 1 -1 1 -1 1 1 1 1 -1 -1 1 1 1 1 -1 1 -1 1 1 1 -1 1 1 -1 1 1 -1 -1 1 -1 -1 1 -1 1 -1 1 1 -1 1 1 1 -1 -1 1 -1 -1 -1 1 -1 -1 -1 -1 1 1 1 1 -1 1 1 1 
1 -1 -1 1 1 -1 1 1 -1 1 -1 -1 -1 1 -1 1 1 1 -1 -1 -1 -1 -1 -1 -1 -1 -1 -1 -1 1 1 1 -1 -1 1 1 -1 -1 1 1 -1 -1 1 1 1 1 1 1 -1 1 -1 -1 1 1 -1 1 1 1 1 -1 1 1 -1 1 1 -1 1 -1 -1 -1 -1 1 1 1 -1 -1 1 1 1 -1 -1 -1 1 -1 -1 -1 1 1 1 -1 1 -1 -1 -1 1 1 1 1 -1 1 1 1 1 -1 -1 -1 1 1 1 1 -1 1 1 -1 1 -1 -1 1 1 1 -1 1 -1 -1 -1 -1 -1 -1 
1 -1 -1 1 -1 -1 1 1 -1 1 -1 -1 -1 1 -1 -1 -1 -1 1 -1 1 -1 1 -1 -1 -1 -1 1 1 1 1 -1 -1 1 1 1 1 -1 1 -1 -1 -1 1 -1 -1 1 -1 1 1 -1 1 1 1 1 1 -1 1 -1 -1 1 -1 1 1 -1 -1 -1 -1 -1 1 -1 1 1 1 1 1 -1 1 1 1 1 -1 1 -1 1 1 1 1 -1 -1 1 -1 1 -1 1 1 1 -1 -1 1 -1 -1 1 1 1 -1 1 -1 1 1 1 -1 -1 1 -1 1 -1 -1 -1 1 1 1 1 -1 1 1 -1 -1 -1 
1 -1 -1 1 -1 1 -1 -1 1 1 1 -1 1 1 -1 -1 1 1 1 -1 -1 -1 -1 1 -1 -1 1 1 1 -1 -1 1 -1 1 -1 -1 -1 -1 1 1 1 1 -1 -1 -1 -1 -1 -1 1 -1 1 -1 -1 -1 1 1 1 1 1 1 -1 -1 1 -1 1 1 -1 -1 1 1 -1 1 1 -1 -1 1 1 -1 1 -1 1 -1 -1 -1 -1 -1 1 1 1 1 -1 -1 -1 -1 1 -1 -1 -1 1 -1 -1 -1 -1 -1 1 1 1 -1 1 1 -1 1 1 1 -1 1 1 -1 1 -1 1 -1 -1 1 1 -1 1 1 
1 -1 -1 1 1 1 -1 1 1 1 1 -1 1 1 -1 1 1 -1 1 -1 -1 -1 1 1 1 1 -1 1 -1 -1 1 -1 1 -1 1 -1 -1 -1 -1 1 1 -1 -1 1 -1 1 1 -1 -1 1 1 -1 -1 -1 1 1 1 1 -1 1 -1 1 -1 -1 1 1 1 1 1 1 1 -1 1 -1 1 -1 -1 1 1 1 1 1 1 1 -1 -1 -1 1 1 1 1 1 -1 1 -1 -1 1 1 -1 1 -1 1 1 -1 1 1 1 1 -1 -1 1 1 -1 -1 1 -1 -1 1 1 1 1 1 -1 1 1 1 1 -1 
1 1 1 -1 1 -1 1 1 -1 -1 -1 -1 -1 -1 -1 1 -1 1 1 1 -1 -1 1 -1 -1 1 1 1 -1 -1 -1 -1 -1 1 -1 -1 1 -1 1 -1 1 -1 1 -1 -1 -1 -1 1 1 1 1 -1 -1 -1 1 -1 -1 1 1 1 -1 1 -1 -1 -1 1 -1 1 -1 -1 1 -1 1 1 -1 -1 1 1 1 1 1 1 -1 1 1 -1 1 -1 -1 -1 -1 -1 -1 -1 1 -1 -1 -1 -1 -1 1 1 -1 -1 -1 -1 -1 -1 1 1 1 1 1 -1 1 -1 -1 -1 -1 -1 1 -1 -1 1 -1 1 -1 -1 
1 1 -1 -1 -1 1 -1 1 1 -1 -1 -1 1 -1 -1 -1 1 1 1 -1 1 -1 -1 -1 -1 1 -1 1 1 -1 1 -1 1 -1 1 1 -1 1 -1 -1 -1 1 -1 1 -1 -1 -1 -1 -1 -1 1 1 1 1 1 1 1 1 1 1 1 1 1 1 -1 -1 -1 -1 -1 1 -1 1 -1 -1 1 1 -1 1 -1 1 -1 1 1 -1 1 -1 1 1 -1 1 -1 -1 1 -1 -1 1 1 1 -1 -1 1 1 -1 -1 1 -1 1 1 1 -1 -1 1 1 -1 -1 -1 -1 -1 -1 1 -1 -1 -1 1 1 -1 -1 1 
-1 1 1 1 -1 1 -1 1 1 -1 -1 -1 -1 -1 -1 -1 1 1 -1 1 1 1 -1 1 -1 1 -1 1 1 -1 1 1 -1 1 1 1 1 -1 1 1 1 1 -1 -1 -1 1 -1 -1 1 1 -1 1 1 -1 1 -1 1 -1 -1 1 1 -1 -1 1 -1 1 1 1 -1 1 1 -1 -1 -1 -1 1 1 -1 1 -1 -1 1 1 -1 1 -1 -1 1 -1 -1 -1 1 -1 -1 -1 -1 1 -1 -1 -1 1 -1 1 1 1 -1 1 1 -1 -1 1 1 -1 1 -1 -1 -1 -1 -1 1 1 -1 1 1 1 1 -1 -1 
1 1 1 -1 -1 1 -1 1 1 -1 1 1 1 1 1 1 -1 1 1 -1 -1 -1 -1 1 -1 -1 1 1 1 -1 -1 1 1 -1 -1 -1 -1 1 -1 1 1 1 1 -1 -1 -1 -1 -1 1 1 1 1 1 -1 1 1 -1 1 1 1 1 1 1 -1 -1 1 1 1 1 -1 1 -1 -1 1 1 1 1 -1 -1 1 1 -1 1 -1 1 -1 -1 -1 1 1 -1 1 1 1 1 1 -1 -1 -1 -1 -1 -1 1 -1 -1 -1 -1 -1 1 -1 -1 1 1 1 -1 -1 -1 -1 1 -1 -1 1 -1 1 1 -1 -1 -1 
1 1 1 1 1 1 -1 1 -1 -1 1 -1 1 1 1 -1 -1 -1 1 1 -1 1 1 -1 -1 -1 -1 -1 -1 -1 1 -1 -1 -1 -1 -1 -1 -1 -1 1 -1 -1 1 1 -1 -1 -1 1 -1 1 -1 1 1 1 1 -1 1 -1 -1 1 -1 -1 -1 1 -1 -1 1 -1 -1 1 -1 -1 -1 1 -1 -1 1 1 -1 -1 -1 1 -1 -1 -1 -1 -1 1 -1 -1 -1 -1 1 1 -1 1 1 1 1 1 -1 -1 1 -1 -1 1 -1 -1 1 1 -1 1 1 1 1 -1 -1 -1 1 1 -1 1 1 1 -1 1 -1 1 
-1 1 -1 1 1 1 1 1 -1 -1 1 -1 -1 1 1 -1 1 -1 -1 -1 1 1 1 1 -1 -1 1 -1 -1 -1 -1 1 -1 -1 1 1 -1 1 1 -1 -1 -1 -1 1 -1 -1 -1 1 -1 1 -1 1 -1 1 1 -1 1 -1 -1 1 -1 1 1 -1 1 -1 1 -1 1 -1 -1 1 1 -1 1 1 1 -1 -1 -1 -1 1 1 1 1 -1 1 1 -1 -1 1 1 1 1 1 1 1 1 -1 1 -1 -1 -1 1 -1 1 1 1 -1 1 -1 -1 1 -1 1 -1 -1 -1 1 -1 -1 -1 1 -1 1 -1 1 -1 
1 -1 1 1 -1 -1 1 -1 -1 1 -1 1 -1 1 1 -1 1 1 1 1 1 1 1 -1 1 1 -1 1 -1 -1 -1 1 -1 -1 -1 -1 -1 -1 -1 1 -1 -1 1 -1 -1 -1 -1 -1 -1 -1 1 1 1 1 1 1 1 1 1 -1 1 1 -1 -1 -1 1 1 -1 -1 -1 1 -1 1 -1 1 -1 1 1 -1 -1 -1 -1 -1 -1 1 1 -1 1 -1 1 1 -1 -1 1 1 1 1 -1 -1 1 -1 1 -1 1 -1 -1 -1 -1 -1 1 1 -1 1 -1 1 -1 1 -1 1 1 -1 1 1 -1 -1 1 -1 1 
1 -1 -1 1 1 -1 1 -1 1 1 -1 1 -1 1 1 1 -1 1 -1 -1 -1 -1 -1 -1 1 -1 -1 1 1 1 1 -1 -1 1 -1 -1 1 1 -1 1 -1 -1 1 -1 1 1 1 1 -1 1 -1 -1 -1 -1 1 1 1 -1 -1 1 -1 1 1 -1 -1 1 -1 1 1 -1 1 -1 1 -1 -1 1 1 -1 -1 1 1 -1 -1 1 1 1 1 1 1 1 -1 1 1 -1 1 1 1 1 1 1 -1 -1 -1 -1 -1 -1 1 1 1 1 -1 -1 1 1 1 -1 1 1 -1 1 -1 -1 1 -1 1 1 -1 1 
-1 -1 1 1 -1 -1 1 1 1 1 1 -1 -1 1 1 1 1 -1 1 1 -1 -1 -1 1 -1 1 -1 -1 1 1 -1 1 -1 1 1 1 1 -1 -1 1 -1 1 1 1 -1 1 1 -1 -1 1 1 -1 1 1 1 -1 1 -1 1 1 1 1 -1 1 1 1 -1 1 1 -1 1 1 -1 -1 -1 -1 1 -1 -1 -1 -1 1 -1 -1 -1 -1 1 1 1 1 1 1 1 1 1 1 1 -1 1 1 -1 -1 -1 1 1 -1 -1 -1 1 1 -1 -1 -1 1 -1 1 1 -1 1 -1 -1 1 1 -1 1 -1 1 -1 
-1 -1 1 -1 1 -1 1 -1 -1 1 -1 1 1 -1 -1 1 -1 -1 1 1 1 -1 1 -1 -1 1 -1 1 -1 -1 -1 -1 1 -1 -1 1 1 -1 -1 -1 1 1 -1 1 1 1 1 -1 -1 -1 1 1 -1 -1 1 -1 1 -1 1 -1 1 -1 1 -1 -1 -1 -1 1 -1 -1 1 -1 1 -1 1 -1 -1 1 1 -1 1 1 -1 -1 1 1 -1 -1 1 -1 1 1 -1 1 1 -1 -1 -1 1 1 -1 1 1 1 -1 -1 -1 1 1 1 -1 1 -1 -1 -1 -1 -1 -1 1 1 -1 -1 -1 -1 -1 1 -1 1 
1 -1 1 1 1 -1 1 -1 1 -1 1 1 1 -1 -1 -1 1 -1 1 1 1 1 -1 1 1 1 1 1 -1 -1 1 1 1 1 1 1 -1 -1 -1 1 1 -1 -1 1 1 1 1 -1 1 1 -1 -1 -1 -1 1 1 -1 1 -1 -1 -1 1 -1 1 -1 -1 1 -1 -1 -1 1 -1 -1 1 -1 1 -1 1 -1 -1 -1 -1 1 1 1 -1 -1 1 -1 -1 -1 1 -1 -1 -1 -1 -1 1 -1 1 1 -1 1 -1 -1 1 1 1 -1 -1 -1 1 -1 -1 1 -1 1 1 1 -1 1 -1 1 -1 -1 1 1 -1 
1 1 -1 -1 -1 -1 1 1 1 1 -1 1 1 -1 1 1 -1 -1 1 -1 -1 -1 -1 1 1 -1 1 -1 1 -1 1 1 1 -1 1 -1 -1 1 -1 1 -1 -1 1 -1 -1 -1 1 -1 1 1 -1 1 1 -1 -1 -1 -1 -1 1 -1 -1 1 -1 -1 1 1 -1 -1 -1 1 1 -1 -1 1 -1 1 1 -1 1 -1 -1 1 1 1 -1 1 1 -1 -1 -1 -1 -1 1 -1 -1 1 -1 1 -1 -1 1 -1 -1 1 -1 1 -1 1 -1 1 1 -1 -1 -1 -1 -1 -1 -1 -1 -1 1 -1 1 -1 1 -1 -1 -1 
1 -1 -1 1 1 -1 -1 -1 -1 1 1 -1 -1 1 1 -1 1 -1 -1 1 1 1 -1 1 1 1 1 1 1 1 1 -1 -1 -1 1 1 1 -1 1 -1 1 -1 -1 1 -1 1 -1 1 -1 -1 -1 1 1 1 -1 1 1 -1 -1 1 1 1 -1 -1 1 1 -1 -1 1 1 1 -1 -1 -1 -1 -1 -1 1 1 -1 -1 -1 1 1 1 1 1 -1 -1 -1 -1 -1 -1 -1 -1 -1 -1 -1 -1 -1 -1 1 -1 1 1 -1 1 -1 -1 1 -1 -1 -1 -1 -1 1 -1 1 1 1 1 -1 1 -1 -1 1 1 -1 
-1 -1 1 1 -1 1 1 1 1 1 1 1 1 1 1 1 1 1 -1 -1 1 1 1 -1 -1 1 1 1 -1 1 1 1 1 -1 1 -1 1 -1 -1 1 1 1 -1 1 1 -1 1 1 1 1 -1 -1 1 -1 -1 1 1 1 1 1 -1 -1 -1 1 -1 -1 -1 -1 1 -1 1 1 1 -1 1 -1 -1 -1 1 1 1 -1 1 -1 -1 -1 -1 -1 -1 1 -1 -1 1 -1 1 -1 1 1 1 1 -1 1 1 1 1 -1 -1 1 1 1 1 -1 -1 1 1 1 -1 -1 1 -1 1 -1 -1 -1 1 -1 1 -1 
-1 -1 1 1 -1 1 -1 -1 1 -1 -1 -1 1 1 -1 1 1 -1 1 -1 1 1 1 1 1 1 -1 1 -1 -1 -1 -1 1 -1 -1 -1 -1 1 1 -1 1 1 1 -1 1 -1 -1 -1 1 -1 -1 -1 1 1 -1 1 1 -1 -1 -1 1 1 1 -1 -1 -1 -1 -1 -1 -1 -1 -1 -1 1 1 -1 1 1 1 1 1 1 -1 1 -1 -1 -1 1 1 1 -1 -1 -1 -1 -1 1 -1 1 -1 1 1 1 1 -1 -1 1 1 -1 1 -1 -1 -1 1 -1 -1 1 1 -1 1 1 1 -1 -1 1 -1 1 1 -1 
1 -1 -1 1 1 1 1 -1 -1 -1 -1 -1 -1 -1 -1 1 1 -1 -1 -1 -1 1 1 1 1 1 1 1 1 -1 1 1 -1 1 -1 1 -1 1 -1 -1 1 -1 -1 -1 1 -1 -1 1 1 -1 1 1 1 -1 -1 -1 1 -1 1 -1 1 1 -1 -1 -1 1 1 -1 1 1 -1 1 1 -1 -1 1 1 -1 -1 1 1 1 1 -1 1 -1 1 1 1 -1 1 -1 1 1 -1 -1 -1 -1 1 1 1 1 1 1 1 -1 -1 -1 -1 -1 -1 1 1 -1 1 1 1 -1 -1 1 -1 1 1 1 -1 1 -1 1 
-1 1 -1 -1 -1 -1 1 1 -1 1 -1 -1 -1 -1 -1 -1 1 -1 1 -1 1 -1 1 -1 1 1 1 -1 1 -1 -1 1 1 -1 1 1 -1 1 -1 -1 -1 -1 -1 1 -1 1 1 1 -1 -1 -1 1 1 -1 1 1 -1 1 -1 -1 -1 -1 -1 -1 1 1 -1 -1 1 1 -1 1 1 -1 -1 -1 -1 1 -1 1 -1 1 -1 -1 1 1 1 -1 1 -1 1 1 1 1 -1 1 1 1 -1 1 -1 -1 1 -1 1 1 1 1 -1 1 -1 -1 1 1 1 1 1 1 1 -1 -1 1 -1 1 -1 1 -1 1 
1 -1 -1 1 1 -1 1 -1 1 1 1 1 -1 -1 -1 1 1 -1 1 -1 -1 1 1 -1 1 1 1 -1 1 1 1 1 1 1 -1 -1 -1 -1 1 -1 -1 -1 -1 1 1 1 1 -1 1 -1 1 -1 1 1 -1 1 1 -1 -1 1 1 1 1 1 1 1 1 -1 -1 -1 -1 -1 -1 1 1 1 1 1 1 -1 -1 1 -1 1 1 1 1 1 1 1 1 1 1 1 -1 1 1 -1 1 1 -1 -1 -1 -1 1 -1 -1 -1 -1 1 -1 1 -1 1 1 1 1 -1 -1 -1 -1 -1 -1 1 -1 1 1 1 
1 1 1 1 -1 1 1 1 -1 1 1 -1 -1 1 1 1 -1 1 1 1 -1 1 1 1 -1 1 1 -1 -1 -1 -1 1 1 -1 -1 1 -1 1 -1 -1 -1 -1 1 -1 1 -1 -1 1 -1 1 1 1 -1 -1 1 -1 -1 -1 1 -1 -1 1 -1 -1 -1 -1 1 -1 1 1 -1 -1 -1 -1 -1 -1 -1 1 -1 -1 -1 -1 1 1 1 -1 -1 1 -1 -1 -1 -1 1 1 1 -1 -1 -1 1 -1 1 -1 1 1 -1 1 -1 -1 -1 1 -1 1 -1 -1 1 -1 -1 -1 -1 1 -1 -1 -1 -1 1 -1 1 -1 
1 -1 1 1 1 -1 1 -1 -1 -1 -1 -1 1 -1 -1 1 1 1 -1 -1 -1 1 1 -1 -1 1 -1 1 -1 -1 1 -1 -1 1 -1 1 1 -1 1 1 1 -1 1 -1 1 -1 1 -1 1 1 1 1 1 1 -1 -1 -1 -1 1 1 1 -1 1 -1 -1 -1 1 -1 1 1 -1 -1 1 1 1 1 -1 -1 1 -1 -1 -1 1 1 1 -1 1 -1 1 1 1 -1 1 -1 1 -1 1 -1 -1 1 -1 1 1 -1 -1 -1 -1 -1 1 -1 -1 -1 1 1 1 1 -1 1 -1 1 -1 1 1 -1 -1 1 -1 1 
1 -1 1 -1 1 1 1 -1 1 -1 -1 -1 1 -1 1 -1 1 1 1 -1 1 1 -1 1 1 1 1 -1 1 -1 -1 1 1 -1 -1 1 1 -1 1 -1 1 1 -1 -1 -1 -1 -1 -1 1 1 1 -1 -1 1 -1 -1 1 1 -1 -1 -1 -1 -1 1 1 -1 -1 1 -1 -1 1 -1 1 1 1 -1 1 1 1 1 -1 1 1 -1 1 1 -1 -1 -1 -1 -1 -1 -1 -1 1 -1 1 1 -1 1 1 -1 -1 1 -1 1 -1 -1 1 1 1 -1 1 -1 -1 1 1 -1 1 1 -1 1 -1 1 -1 -1 -1 -1 
-1 -1 -1 -1 1 1 1 1 -1 1 -1 1 -1 1 1 -1 1 1 1 -1 1 1 1 1 1 1 1 1 -1 1 1 -1 1 1 -1 -1 -1 1 1 1 -1 1 1 1 1 1 -1 -1 1 -1 1 -1 1 -1 1 -1 1 -1 1 1 -1 -1 1 -1 -1 -1 1 1 -1 -1 1 -1 1 1 -1 -1 -1 -1 1 -1 -1 1 -1 1 -1 1 1 -1 1 -1 1 -1 1 -1 -1 -1 1 -1 -1 1 1 1 1 -1 -1 -1 -1 -1 1 -1 1 1 1 -1 -1 -1 -1 1 -1 -1 1 -1 1 1 1 -1 -1 1 
1 1 -1 -1 -1 -1 1 -1 1 1 1 1 -1 1 1 1 1 1 1 1 -1 -1 1 -1 1 -1 1 -1 -1 1 1 -1 -1 1 -1 1 1 -1 -1 1 -1 1 1 -1 1 1 -1 -1 1 -1 -1 1 -1 -1 1 1 1 -1 1 -1 1 -1 -1 1 1 -1 -1 -1 1 -1 1 -1 1 -1 -1 1 -1 -1 1 1 1 1 1 1 1 -1 -1 1 -1 1 1 1 1 1 1 -1 1 -1 1 -1 1 -1 -1 -1 -1 -1 -1 1 1 -1 1 -1 -1 1 -1 -1 1 1 1 -1 -1 -1 1 -1 1 -1 -1 1 
1 -1 1 -1 1 1 1 -1 -1 1 1 1 1 -1 1 1 -1 1 1 1 -1 1 -1 -1 -1 -1 -1 -1 -1 -1 1 1 -1 -1 -1 -1 1 1 1 -1 1 -1 -1 1 1 1 -1 1 -1 1 1 1 -1 1 -1 1 1 1 1 1 1 1 -1 -1 1 -1 -1 1 1 -1 1 -1 -1 1 -1 -1 1 -1 -1 1 -1 -1 -1 1 1 -1 1 -1 -1 1 -1 -1 1 -1 1 -1 1 1 -1 -1 1 1 -1 -1 -1 -1 -1 1 -1 1 -1 -1 1 1 -1 1 1 -1 -1 1 1 -1 1 -1 -1 1 -1 -1 
1 1 1 -1 -1 -1 -1 1 1 -1 -1 1 -1 1 -1 -1 -1 -1 -1 1 -1 1 1 1 -1 -1 -1 -1 1 1 1 1 1 -1 1 1 1 -1 1 1 -1 -1 1 1 1 1 -1 1 -1 1 1 -1 1 1 1 -1 -1 1 -1 1 -1 -1 1 1 -1 1 -1 1 -1 1 1 1 -1 1 -1 -1 -1 -1 -1 1 1 -1 1 1 -1 1 1 1 -1 1 1 1 1 -1 1 1 1 -1 -1 -1 -1 1 -1 1 -1 -1 -1 -1 1 -1 1 1 -1 -1 -1 1 -1 1 -1 -1 1 -1 1 -1 1 -1 1 -1 
-1 -1 1 -1 -1 1 1 1 1 1 -1 1 -1 1 -1 -1 1 1 -1 1 -1 1 -1 -1 -1 1 -1 -1 -1 -1 1 -1 -1 1 1 -1 1 -1 1 -1 -1 1 -1 1 -1 -1 1 -1 1 1 1 1 1 1 -1 1 -1 -1 -1 -1 -1 -1 1 -1 1 1 1 1 -1 -1 1 -1 1 1 1 1 -1 -1 1 1 -1 -1 1 1 1 -1 1 -1 1 -1 1 -1 1 -1 1 1 1 1 -1 1 -1 -1 1 1 1 1 -1 -1 1 -1 -1 -1 -1 1 -1 -1 1 -1 -1 -1 1 1 -1 -1 1 1 1 1 
-1 -1 -1 1 -1 1 -1 1 -1 -1 -1 -1 1 1 1 -1 1 1 -1 1 1 -1 -1 -1 1 -1 -1 -1 1 -1 -1 1 1 -1 1 -1 -1 -1 -1 1 1 1 1 1 1 -1 1 -1 1 -1 1 -1 1 1 1 -1 1 -1 -1 -1 1 -1 -1 -1 -1 -1 1 1 1 1 -1 -1 -1 1 -1 1 1 1 1 1 1 1 1 -1 -1 -1 -1 1 -1 1 -1 1 1 -1 -1 -1 -1 -1 1 -1 1 1 1 -1 -1 1 -1 1 1 1 1 1 -1 -1 -1 -1 1 -1 -1 1 1 1 1 -1 -1 1 1 -1 
-1 1 1 1 1 -1 -1 -1 1 -1 -1 1 -1 1 1 -1 -1 1 -1 1 1 1 1 -1 1 1 1 -1 1 1 -1 -1 1 -1 -1 1 1 -1 1 -1 1 1 -1 1 1 -1 1 -1 1 -1 -1 1 1 1 -1 -1 1 -1 -1 -1 1 -1 1 -1 -1 -1 1 1 1 -1 -1 -1 -1 -1 -1 1 -1 1 -1 1 1 1 1 -1 1 -1 -1 1 -1 -1 -1 1 -1 1 1 1 1 -1 -1 -1 -1 1 -1 1 1 1 -1 1 -1 1 1 1 -1 -1 1 -1 1 1 -1 -1 1 -1 -1 -1 -1 -1 1 1 
-1 -1 -1 -1 -1 1 1 1 -1 -1 -1 1 1 1 1 1 1 1 -1 1 -1 -1 1 -1 1 -1 -1 -1 -1 -1 1 1 -1 1 -1 1 1 -1 -1 -1 -1 1 -1 1 1 -1 1 -1 1 -1 1 -1 1 1 1 1 -1 1 1 -1 -1 1 1 -1 1 -1 -1 1 1 1 1 -1 -1 1 1 1 -1 -1 -1 1 1 -1 1 -1 1 -1 1 1 1 1 -1 -1 -1 -1 1 -1 -1 1 -1 1 -1 -1 1 -1 -1 -1 1 1 1 1 1 1 1 -1 1 1 -1 1 -1 1 -1 1 1 1 -1 -1 -1 -1 
-1 1 1 -1 1 1 1 1 -1 -1 1 -1 -1 -1 1 -1 -1 -1 -1 1 1 -1 1 1 1 1 1 1 -1 1 1 -1 1 1 1 -1 -1 1 1 -1 -1 1 -1 -1 -1 -1 1 1 -1 1 -1 -1 1 -1 1 1 1 -1 1 -1 -1 -1 -1 1 1 1 1 -1 1 -1 -1 1 1 1 -1 1 -1 1 1 1 1 1 1 -1 1 -1 -1 1 1 1 1 -1 -1 -1 -1 1 -1 -1 1 -1 -1 -1 -1 1 -1 -1 1 1 1 1 -1 1 -1 -1 -1 -1 1 1 1 1 -1 1 1 1 -1 1 -1 1 
-1 1 1 -1 -1 1 1 1 -1 1 1 -1 1 -1 -1 1 1 1 -1 1 -1 -1 -1 1 1 1 1 1 1 -1 1 -1 -1 -1 -1 -1 -1 -1 -1 -1 1 1 1 -1 1 -1 -1 1 1 -1 1 -1 1 1 -1 -1 -1 -1 1 -1 1 -1 -1 1 1 1 -1 1 -1 -1 1 1 1 -1 1 1 1 1 1 -1 -1 -1 -1 1 -1 1 1 -1 -1 -1 1 -1 -1 1 1 -1 -1 1 1 -1 -1 1 -1 -1 -1 1 1 -1 -1 1 -1 1 -1 -1 1 -1 1 -1 1 1 -1 1 1 -1 -1 -1 1 1 
-1 1 -1 1 1 -1 -1 1 1 -1 1 1 1 -1 -1 -1 -1 -1 1 -1 -1 -1 1 1 1 1 1 -1 -1 1 -1 -1 1 1 1 1 1 1 1 1 1 1 1 -1 1 -1 -1 1 -1 -1 1 -1 -1 1 1 1 1 -1 1 1 1 -1 1 1 -1 1 -1 -1 1 1 1 1 1 1 -1 1 1 -1 1 -1 1 1 1 -1 1 -1 1 -1 1 1 1 -1 -1 1 1 -1 -1 -1 -1 1 -1 1 -1 1 1 1 1 1 -1 -1 -1 -1 -1 1 1 -1 1 1 1 1 -1 -1 1 1 -1 1 1 -1 
-1 1 -1 -1 1 -1 -1 1 -1 -1 -1 -1 1 -1 1 -1 -1 1 -1 -1 -1 1 -1 1 -1 -1 -1 -1 -1 -1 -1 1 -1 -1 -1 1 -1 -1 -1 1 -1 1 1 1 1 -1 -1 -1 1 -1 1 -1 -1 -1 -1 -1 -1 -1 -1 1 1 -1 1 -1 1 1 -1 -1 -1 1 1 -1 -1 1 1 -1 -1 1 -1 -1 -1 -1 -1 1 -1 1 1 1 -1 1 1 -1 -1 -1 1 1 -1 -1 1 1 1 -1 1 -1 1 1 1 -1 -1 -1 1 -1 -1 -1 -1 1 -1 1 -1 -1 1 1 -1 -1 1 -1 1 1 
1 1 1 -1 1 1 1 -1 -1 1 -1 -1 -1 1 -1 1 1 -1 -1 1 1 1 1 -1 -1 -1 1 -1 1 -1 -1 1 1 1 -1 -1 -1 -1 -1 1 1 -1 1 -1 1 1 1 -1 1 1 1 1 -1 1 1 -1 -1 -1 1 -1 1 1 -1 -1 1 1 -1 -1 1 1 1 -1 1 -1 1 -1 1 1 1 -1 -1 1 -1 1 1 1 -1 -1 1 1 -1 -1 1 -1 1 -1 -1 1 -1 -1 -1 1 -1 1 1 -1 -1 1 -1 1 -1 1 -1 1 1 -1 1 -1 1 1 -1 1 -1 -1 1 -1 -1 1 
-1 1 1 -1 1 1 -1 1 -1 1 1 1 1 -1 -1 -1 -1 1 1 -1 1 -1 1 1 -1 1 -1 1 1 1 -1 -1 -1 1 -1 1 1 -1 -1 1 1 1 1 1 -1 1 1 1 1 1 -1 1 1 -1 1 1 -1 1 1 1 1 1 -1 1 -1 -1 -1 1 1 -1 1 1 -1 -1 -1 1 -1 1 -1 1 1 1 1 -1 -1 1 -1 -1 1 -1 1 1 -1 1 -1 -1 -1 1 -1 -1 1 1 1 1 1 1 -1 -1 -1 -1 -1 1 -1 1 1 -1 -1 -1 1 -1 -1 1 -1 1 1 1 1 1 
1 1 1 1 -1 1 1 -1 -1 1 -1 1 1 1 1 1 -1 1 1 -1 1 1 1 -1 -1 1 1 1 1 1 1 -1 1 1 1 1 1 -1 -1 1 1 1 1 1 1 1 1 -1 -1 1 -1 1 1 -1 -1 -1 1 -1 -1 -1 1 1 1 -1 -1 -1 -1 1 1 1 1 -1 1 -1 1 -1 -1 -1 1 -1 -1 1 1 -1 1 -1 1 1 1 -1 1 1 -1 -1 1 -1 -1 1 -1 -1 -1 -1 -1 1 1 -1 1 1 -1 -1 1 1 1 1 -1 1 -1 -1 -1 -1 -1 -1 1 -1 1 1 1 -1 
-1 1 -1 1 -1 -1 -1 -1 -1 -1 1 -1 1 -1 1 1 -1 -1 1 -1 1 1 -1 1 1 1 -1 1 -1 -1 1 1 1 1 -1 1 1 1 -1 1 1 -1 1 1 -1 1 1 1 1 -1 1 1 1 -1 1 -1 1 -1 -1 1 1 1 -1 -1 -1 -1 1 1 -1 -1 1 -1 1 -1 -1 1 1 1 -1 1 -1 1 1 -1 1 1 1 -1 -1 -1 -1 -1 -1 1 -1 -1 1 1 -1 1 -1 -1 -1 -1 1 -1 1 -1 -1 1 -1 1 -1 1 -1 1 -1 1 -1 -1 -1 1 -1 -1 -1 1 1 1 
1 1 -1 -1 -1 -1 -1 -1 1 -1 -1 -1 1 1 1 1 -1 -1 -1 1 1 1 1 1 1 -1 1 1 1 1 -1 -1 -1 1 1 -1 1 1 1 1 1 1 1 1 1 1 1 1 1 1 -1 -1 1 -1 -1 -1 -1 -1 1 1 -1 1 1 -1 -1 -1 -1 -1 1 1 1 -1 1 -1 1 1 -1 1 1 -1 -1 -1 1 1 1 1 -1 1 1 -1 1 -1 -1 1 1 1 1 -1 -1 1 -1 -1 1 -1 1 -1 -1 1 -1 -1 -1 -1 1 -1 -1 1 1 -1 -1 -1 1 -1 1 -1 -1 -1 -1 -1 
-1 -1 -1 -1 -1 1 -1 -1 -1 -1 -1 1 1 -1 -1 -1 -1 -1 -1 -1 1 1 -1 1 1 1 -1 -1 -1 1 -1 -1 -1 1 1 -1 1 -1 -1 1 1 1 1 1 -1 -1 -1 1 -1 -1 1 -1 1 -1 -1 1 1 -1 1 -1 1 1 1 1 -1 -1 -1 -1 -1 1 1 -1 -1 -1 -1 1 -1 1 -1 1 1 -1 -1 -1 -1 -1 -1 1 1 -1 -1 1 1 -1 -1 1 1 -1 -1 1 -1 1 -1 1 1 1 1 -1 -1 -1 1 -1 1 1 -1 -1 1 -1 -1 -1 1 -1 1 -1 -1 1 -1 1 
-1 -1 -1 -1 -1 1 1 -1 1 -1 1 1 1 -1 -1 -1 1 1 1 -1 -1 -1 1 -1 1 1 1 -1 -1 1 1 -1 -1 1 1 1 1 -1 1 -1 -1 -1 -1 -1 -1 1 -1 -1 1 -1 -1 -1 -1 -1 1 -1 1 1 1 -1 1 1 -1 -1 1 -1 1 -1 1 1 1 1 1 -1 1 1 1 1 1 1 -1 -1 -1 -1 -1 -1 1 -1 -1 -1 -1 1 -1 -1 -1 -1 -1 1 -1 1 1 1 -1 1 1 1 1 -1 1 -1 1 -1 1 1 -1 -1 -1 1 1 1 -1 1 -1 1 1 -1 -1 1 
-1 -1 -1 -1 -1 1 1 1 -1 -1 -1 -1 -1 1 -1 1 -1 -1 1 -1 -1 -1 1 1 -1 1 -1 1 -1 1 1 1 1 1 1 -1 1 -1 -1 1 1 1 1 1 1 1 1 -1 1 -1 1 -1 1 -1 -1 -1 1 1 1 1 -1 1 1 -1 -1 -1 -1 -1 1 1 1 1 -1 -1 -1 1 -1 -1 -1 -1 1 -1 -1 1 1 -1 -1 1 -1 1 1 -1 -1 -1 -1 -1 1 1 -1 -1 -1 1 1 1 1 1 -1 1 1 1 -1 -1 1 -1 -1 -1 -1 1 -1 1 1 1 -1 -1 -1 -1 1 1 
-1 1 -1 -1 1 -1 -1 -1 -1 -1 -1 1 -1 -1 1 1 1 1 1 -1 1 -1 -1 -1 1 -1 1 1 1 1 1 1 -1 -1 -1 1 1 -1 -1 1 -1 -1 -1 1 1 1 -1 -1 -1 1 1 1 -1 1 -1 -1 1 -1 1 1 1 1 1 -1 -1 -1 1 -1 -1 -1 -1 1 1 1 -1 1 1 1 1 -1 1 1 -1 1 1 1 1 -1 1 -1 1 -1 -1 -1 1 1 -1 1 -1 -1 -1 -1 -1 1 1 -1 1 -1 1 1 -1 -1 -1 -1 -1 -1 1 1 -1 1 1 1 -1 -1 -1 -1 -1 -1 
-1 1 1 -1 -1 1 -1 1 1 -1 -1 1 1 -1 -1 1 -1 -1 -1 -1 1 1 1 -1 -1 -1 1 1 1 1 1 1 1 1 1 -1 1 -1 1 1 1 1 -1 -1 -1 1 1 1 -1 1 1 -1 -1 -1 1 -1 1 1 1 1 1 1 -1 -1 1 -1 -1 1 -1 1 1 -1 -1 -1 -1 -1 -1 1 1 -1 1 -1 1 -1 -1 1 -1 -1 -1 -1 1 1 -1 -1 1 -1 1 -1 -1 1 -1 -1 1 1 -1 -1 -1 1 -1 -1 -1 -1 -1 -1 1 -1 1 1 1 -1 -1 -1 1 -1 -1 1 1 -1 
1 1 -1 -1 -1 1 -1 -1 1 -1 -1 1 -1 1 1 1 -1 1 -1 1 1 1 1 1 -1 -1 -1 -1 1 1 1 -1 -1 -1 -1 -1 -1 1 1 1 1 -1 1 -1 1 -1 -1 -1 1 1 -1 -1 1 -1 1 1 -1 1 1 1 1 1 -1 -1 -1 -1 1 -1 -1 1 1 -1 1 1 1 1 1 1 1 -1 1 -1 -1 -1 -1 -1 -1 -1 -1 1 1 1 -1 1 -1 1 1 -1 1 -1 -1 1 -1 1 -1 -1 -1 1 -1 1 1 1 1 -1 -1 1 -1 -1 1 -1 1 1 1 1 -1 -1 -1 -1 
1 1 -1 1 -1 -1 -1 1 -1 1 -1 1 -1 -1 -1 1 -1 -1 1 1 1 -1 -1 -1 1 -1 1 -1 1 -1 -1 -1 1 1 1 1 1 -1 1 1 -1 -1 1 1 1 1 1 1 -1 1 -1 -1 1 -1 1 -1 -1 1 1 -1 1 -1 -1 1 1 -1 1 1 -1 1 -1 -1 -1 1 -1 -1 1 -1 1 -1 -1 1 -1 1 -1 -1 1 1 1 1 -1 -1 1 1 1 -1 -1 -1 -1 1 1 1 -1 -1 1 -1 1 1 1 -1 1 1 1 -1 -1 1 -1 -1 1 1 1 -1 -1 1 -1 1 1 -1 
-1 1 1 -1 -1 1 -1 -1 -1 1 -1 1 -1 -1 1 1 -1 -1 1 -1 1 1 1 1 1 1 -1 1 -1 1 1 -1 1 -1 1 -1 -1 1 1 1 1 -1 -1 1 -1 -1 1 1 -1 -1 1 1 -1 -1 -1 -1 -1 1 -1 -1 1 1 1 -1 -1 -1 1 -1 1 -1 1 1 -1 -1 -1 1 -1 -1 -1 1 -1 -1 1 1 -1 1 -1 -1 -1 -1 -1 -1 -1 -1 -1 -1 1 -1 -1 -1 -1 1 -1 1 -1 -1 1 1 1 1 -1 1 -1 -1 1 1 -1 -1 1 1 -1 -1 1 -1 -1 1 -1 1 
-1 1 1 1 1 1 -1 -1 1 1 -1 -1 1 -1 -1 1 1 1 1 1 1 -1 1 -1 1 -1 1 -1 1 -1 1 -1 -1 -1 -1 1 1 1 1 1 1 1 -1 1 1 -1 1 1 1 1 -1 -1 1 -1 -1 -1 -1 1 1 1 1 1 1 1 -1 -1 1 1 1 1 1 -1 1 1 1 -1 -1 -1 1 -1 -1 1 -1 -1 1 1 -1 -1 -1 1 1 1 1 -1 -1 1 -1 1 -1 -1 1 1 -1 1 1 -1 1 1 -1 1 1 1 -1 1 -1 -1 1 1 -1 1 1 1 -1 -1 -1 1 -1 1 
-1 -1 -1 1 -1 -1 1 -1 1 -1 1 -1 -1 1 1 1 -1 1 1 -1 1 1 -1 1 1 1 -1 1 -1 1 1 1 1 1 1 1 1 1 1 -1 -1 1 -1 1 1 1 -1 -1 -1 1 -1 -1 -1 1 1 1 -1 -1 -1 -1 -1 -1 -1 1 1 -1 -1 1 1 -1 -1 1 -1 1 1 1 1 -1 -1 1 -1 -1 -1 -1 -1 1 -1 1 -1 -1 -1 -1 1 -1 -1 -1 -1 1 -1 1 -1 1 1 1 -1 1 -1 -1 1 -1 -1 1 -1 1 1 1 1 -1 1 1 -1 1 -1 1 1 -1 -1 -1 
-1 -1 1 -1 1 1 1 1 1 -1 1 1 -1 1 -1 1 1 -1 -1 1 -1 -1 -1 -1 1 -1 -1 -1 1 -1 -1 -1 -1 -1 -1 -1 1 1 -1 -1 1 1 1 1 -1 1 1 -1 1 1 1 -1 1 1 1 -1 -1 -1 -1 1 -1 -1 1 -1 -1 1 1 1 1 -1 -1 -1 1 -1 1 -1 1 1 -1 1 1 -1 -1 1 1 -1 1 1 -1 -1 -1 1 1 1 -1 -1 1 1 1 1 1 -1 1 1 -1 -1 -1 1 1 -1 1 1 1 -1 1 1 1 -1 -1 -1 1 -1 -1 1 1 -1 -1 1 
1 1 -1 1 1 1 1 1 -1 1 1 -1 1 -1 -1 1 -1 1 -1 1 -1 -1 -1 -1 1 -1 -1 -1 1 1 1 -1 1 1 1 1 1 -1 -1 -1 1 1 -1 -1 -1 1 -1 1 -1 1 1 -1 1 -1 -1 1 1 1 -1 -1 -1 -1 1 1 -1 -1 1 1 1 1 -1 1 1 -1 1 -1 -1 -1 1 1 -1 1 -1 -1 -1 1 -1 1 -1 -1 1 -1 -1 1 -1 1 -1 -1 -1 -1 1 1 1 1 1 -1 -1 -1 -1 -1 -1 -1 -1 -1 1 -1 -1 1 -1 1 1 -1 -1 1 1 -1 1 1 
-1 -1 1 1 1 -1 -1 -1 -1 1 -1 -1 1 -1 1 1 1 -1 -1 -1 1 -1 1 1 1 -1 1 1 1 -1 1 1 -1 -1 1 -1 -1 1 -1 1 1 1 1 1 -1 1 1 1 1 -1 1 -1 -1 -1 -1 1 -1 -1 1 1 -1 1 1 -1 1 1 1 -1 1 -1 -1 1 -1 1 -1 -1 -1 1 1 -1 1 -1 1 -1 1 -1 1 1 1 -1 -1 1 1 1 1 1 1 -1 1 1 1 1 1 -1 -1 -1 1 -1 1 -1 -1 -1 1 1 1 -1 -1 1 1 1 -1 -1 -1 -1 1 1 1 1 
-1 -1 -1 1 -1 1 1 -1 1 1 -1 1 -1 -1 -1 -1 -1 -1 -1 1 1 -1 1 1 1 1 1 -1 1 1 1 -1 1 -1 -1 1 -1 1 -1 1 1 1 -1 1 1 -1 1 1 1 -1 -1 1 1 -1 1 1 -1 -1 -1 -1 -1 1 -1 -1 -1 1 1 -1 1 1 1 -1 -1 -1 -1 -1 -1 -1 1 -1 1 -1 -1 -1 1 1 1 1 1 1 1 1 1 1 1 -1 -1 1 -1 1 -1 -1 1 -1 -1 -1 -1 1 -1 1 1 1 1 1 1 1 1 1 -1 -1 1 1 1 -1 1 1 -1 -1 
-1 -1 1 1 -1 -1 -1 -1 -1 1 -1 1 -1 1 -1 -1 1 1 -1 1 1 -1 1 -1 -1 1 -1 1 -1 1 1 -1 -1 1 1 -1 -1 -1 1 1 1 1 -1 -1 -1 -1 1 -1 -1 -1 1 1 1 -1 -1 -1 -1 1 1 -1 -1 -1 -1 1 1 -1 -1 1 -1 1 -1 1 -1 1 -1 -1 -1 -1 1 1 1 -1 -1 1 1 1 -1 1 -1 -1 -1 1 1 1 -1 -1 -1 -1 -1 -1 1 -1 -1 -1 -1 1 -1 -1 -1 1 -1 -1 1 -1 1 -1 -1 -1 -1 1 1 1 1 -1 -1 -1 1 1 
1 1 1 1 1 -1 1 1 1 -1 1 -1 -1 -1 1 1 -1 -1 -1 1 1 -1 1 -1 1 1 1 -1 -1 -1 1 -1 -1 -1 1 1 -1 1 1 -1 1 1 1 -1 -1 1 -1 1 1 1 -1 1 1 -1 1 1 -1 -1 1 -1 1 -1 -1 1 -1 1 -1 1 -1 1 -1 -1 -1 -1 -1 -1 -1 -1 -1 -1 -1 1 1 1 1 1 -1 -1 1 1 -1 1 1 -1 1 -1 -1 1 1 1 -1 -1 -1 1 -1 -1 1 -1 1 1 -1 -1 1 1 -1 -1 -1 -1 -1 1 1 -1 -1 -1 -1 -1 1 -1 
1 -1 1 1 -1 1 -1 -1 -1 1 -1 -1 1 -1 1 1 1 1 1 1 1 -1 1 1 -1 1 -1 1 -1 -1 -1 -1 1 -1 1 1 1 1 1 -1 1 1 1 -1 -1 1 -1 -1 1 1 1 -1 1 -1 1 1 -1 -1 1 -1 1 -1 1 1 1 -1 1 -1 -1 1 -1 -1 -1 -1 -1 1 1 -1 -1 1 1 1 1 -1 1 -1 1 -1 1 -1 1 -1 -1 1 -1 1 1 1 1 1 -1 1 -1 -1 1 -1 -1 1 1 1 -1 1 1 -1 -1 1 1 1 1 -1 1 1 -1 1 1 1 -1 -1 
1 1 1 -1 1 -1 -1 -1 -1 -1 1 -1 -1 1 1 -1 -1 1 1 1 -1 1 1 1 -1 1 -1 -1 1 1 1 1 1 -1 1 1 -1 -1 -1 -1 -1 -1 1 -1 -1 1 -1 1 1 1 1 1 -1 1 1 -1 1 1 -1 -1 1 1 1 -1 -1 -1 1 1 -1 -1 -1 -1 1 1 1 1 -1 1 1 1 -1 1 1 -1 -1 -1 -1 -1 -1 -1 -1 -1 1 1 1 -1 -1 1 1 -1 1 1 -1 1 -1 -1 1 1 1 1 1 -1 1 1 -1 -1 1 -1 -1 -1 -1 1 -1 -1 -1 1 -1 -1 
-1 1 -1 1 1 1 -1 -1 1 1 -1 -1 -1 -1 -1 1 1 1 -1 1 1 1 1 1 -1 -1 -1 -1 1 1 1 -1 1 1 1 -1 1 1 1 1 -1 1 1 -1 -1 -1 -1 -1 -1 1 1 1 -1 1 -1 -1 -1 1 1 1 1 1 1 -1 1 1 1 -1 -1 1 1 1 -1 1 -1 -1 1 -1 -1 1 1 1 1 1 -1 -1 1 -1 -1 1 -1 -1 -1 1 1 -1 1 -1 1 1 -1 -1 -1 -1 1 1 1 1 1 1 -1 -1 1 1 -1 -1 1 1 1 -1 -1 -1 1 1 1 1 -1 1 
1 1 -1 -1 -1 -1 -1 1 -1 -1 -1 -1 1 1 -1 -1 -1 1 -1 -1 1 1 1 1 -1 1 1 1 1 -1 -1 -1 1 1 1 1 1 -1 1 1 -1 -1 -1 1 1 -1 -1 -1 -1 -1 -1 -1 1 1 -1 1 -1 -1 -1 1 -1 -1 -1 -1 1 -1 1 -1 -1 -1 -1 -1 -1 1 1 1 -1 1 -1 1 1 1 -1 -1 -1 1 -1 -1 1 -1 -1 1 1 -1 -1 -1 1 1 -1 1 -1 1 -1 -1 1 -1 -1 -1 1 -1 1 1 -1 1 1 1 1 -1 1 -1 1 1 1 1 1 1 -1 -1 
-1 1 1 1 1 -1 -1 1 -1 1 1 1 -1 -1 -1 1 -1 -1 -1 -1 1 1 1 1 -1 1 -1 -1 1 -1 1 1 1 1 1 1 -1 -1 1 -1 -1 -1 1 1 -1 1 -1 -1 1 1 -1 1 1 1 1 1 1 1 -1 -1 -1 -1 1 1 -1 -1 -1 -1 1 -1 1 1 -1 -1 1 -1 -1 1 -1 1 1 1 1 1 -1 -1 1 1 1 1 -1 -1 -1 -1 -1 -1 1 1 1 1 1 1 -1 -1 1 -1 -1 1 -1 -1 1 -1 1 -1 1 1 1 1 -1 -1 -1 1 -1 -1 -1 1 1 1 
1 1 -1 1 -1 -1 1 1 -1 -1 -1 1 -1 -1 -1 -1 1 -1 1 1 1 1 -1 -1 1 1 1 -1 1 -1 -1 1 -1 1 1 1 1 -1 -1 -1 -1 -1 1 1 -1 1 -1 1 -1 1 1 1 -1 1 1 -1 1 1 1 1 1 -1 -1 -1 -1 -1 -1 1 1 1 -1 -1 1 1 1 -1 1 -1 -1 -1 -1 1 -1 -1 -1 -1 -1 -1 1 -1 1 1 1 1 -1 -1 1 1 -1 -1 -1 1 -1 1 1 1 1 1 1 1 -1 1 -1 -1 -1 -1 1 1 -1 1 -1 -1 1 -1 -1 -1 -1 -1 
1 1 1 1 1 1 1 1 1 -1 1 1 1 -1 1 1 1 1 1 -1 -1 -1 -1 1 -1 -1 -1 1 -1 1 -1 1 1 1 1 1 1 -1 -1 1 1 1 1 1 1 1 -1 -1 -1 -1 -1 1 -1 -1 -1 1 1 1 -1 -1 1 1 -1 -1 -1 -1 1 -1 -1 1 1 -1 1 -1 -1 1 1 -1 1 -1 -1 -1 -1 -1 1 -1 1 1 1 1 -1 1 1 -1 -1 -1 -1 -1 -1 1 1 -1 -1 1 1 -1 1 -1 1 1 1 -1 -1 1 -1 1 1 1 -1 -1 1 -1 1 1 -1 -1 -1 1 
1 1 -1 -1 -1 -1 -1 -1 1 -1 -1 -1 1 1 1 -1 -1 1 1 -1 -1 1 -1 -1 1 1 -1 1 -1 1 -1 -1 1 -1 -1 -1 1 1 1 1 -1 -1 -1 1 -1 -1 1 -1 -1 1 1 -1 1 1 -1 -1 -1 1 1 1 1 -1 -1 1 -1 -1 1 -1 1 1 1 1 1 -1 -1 -1 -1 -1 -1 -1 1 1 -1 1 1 -1 1 1 -1 -1 -1 -1 -1 -1 -1 1 -1 -1 1 -1 1 1 1 1 1 1 -1 -1 -1 -1 1 1 -1 -1 -1 1 -1 -1 1 -1 -1 -1 1 1 1 1 -1 1 
-1 -1 1 1 1 1 1 1 -1 -1 1 1 -1 -1 -1 -1 -1 1 -1 -1 -1 -1 -1 -1 1 1 -1 -1 -1 1 -1 -1 -1 -1 -1 -1 -1 1 1 -1 -1 -1 1 1 -1 -1 -1 1 1 -1 -1 1 -1 -1 -1 -1 -1 -1 -1 -1 -1 1 -1 -1 -1 1 1 1 1 1 1 -1 1 1 -1 -1 1 1 -1 -1 -1 1 -1 -1 -1 1 -1 -1 1 1 1 -1 -1 -1 -1 -1 1 1 1 -1 1 1 -1 -1 1 -1 -1 1 -1 -1 1 1 -1 1 1 1 1 -1 1 1 -1 1 1 1 -1 1 1 1 
1 1 1 -1 -1 1 1 1 -1 1 -1 -1 1 1 1 1 -1 1 1 -1 1 -1 1 1 -1 1 1 -1 -1 -1 1 -1 1 1 1 -1 -1 -1 -1 -1 1 1 1 1 1 1 -1 1 -1 -1 -1 1 -1 -1 -1 -1 -1 -1 -1 1 1 1 -1 1 -1 -1 -1 1 1 1 1 -1 -1 1 -1 1 1 -1 1 1 1 -1 1 1 1 -1 1 -1 -1 -1 1 1 -1 -1 1 1 -1 -1 -1 1 1 1 -1 -1 1 -1 -1 1 1 1 1 1 1 1 -1 1 1 1 1 1 1 1 -1 -1 -1 1 -1 1 
-1 1 -1 -1 1 1 -1 -1 1 1 1 -1 1 1 -1 -1 1 1 -1 1 -1 -1 1 1 1 -1 1 1 1 -1 -1 -1 1 1 -1 1 -1 1 -1 1 1 1 1 -1 -1 1 1 -1 -1 1 -1 -1 1 -1 -1 -1 -1 -1 -1 -1 1 -1 -1 1 -1 1 -1 -1 -1 1 -1 -1 1 -1 1 1 -1 1 -1 -1 1 1 1 -1 1 1 -1 -1 -1 1 -1 -1 1 1 1 1 -1 -1 -1 1 -1 -1 1 1 1 -1 -1 1 -1 1 -1 1 1 1 -1 -1 1 -1 -1 -1 -1 -1 1 -1 -1 -1 -1 1 
-1 1 1 -1 -1 1 1 1 -1 -1 1 1 -1 -1 -1 1 -1 -1 -1 1 -1 -1 1 -1 -1 -1 1 -1 1 1 -1 -1 -1 1 -1 -1 -1 1 -1 1 -1 1 1 -1 -1 1 1 1 -1 1 1 1 1 -1 -1 -1 1 1 1 1 -1 1 1 1 -1 1 1 1 -1 1 -1 -1 -1 1 -1 1 -1 -1 -1 -1 -1 -1 1 1 1 -1 1 1 -1 -1 -1 -1 1 -1 -1 1 1 1 1 -1 1 -1 -1 1 -1 -1 -1 1 -1 1 1 -1 -1 -1 1 1 1 -1 1 1 1 1 1 1 1 -1 1 1 
-1 1 1 -1 1 -1 -1 -1 1 -1 1 1 -1 -1 -1 1 -1 1 1 -1 -1 -1 1 1 -1 1 1 -1 -1 -1 1 -1 1 -1 -1 1 -1 1 1 1 -1 -1 1 -1 1 -1 -1 -1 -1 1 1 -1 1 -1 1 1 -1 1 -1 1 1 -1 1 -1 -1 1 -1 1 1 -1 -1 1 1 1 -1 -1 1 -1 -1 1 -1 1 1 1 1 -1 1 -1 -1 -1 -1 -1 1 1 1 -1 -1 1 1 1 1 -1 1 1 -1 1 1 -1 -1 -1 -1 -1 1 -1 -1 1 1 -1 1 1 1 -1 1 -1 1 -1 -1 -1 
1 -1 1 -1 -1 -1 1 1 1 -1 -1 -1 1 1 -1 1 -1 1 1 1 1 1 1 1 -1 1 1 1 -1 -1 -1 1 1 1 1 1 1 -1 -1 -1 -1 -1 -1 -1 1 -1 1 -1 1 -1 1 1 1 1 -1 1 -1 -1 -1 -1 -1 -1 -1 1 1 1 1 1 -1 -1 -1 -1 -1 -1 1 -1 1 1 1 1 1 -1 -1 -1 -1 1 -1 -1 -1 -1 1 1 -1 1 1 -1 1 1 -1 1 -1 1 1 -1 1 1 1 1 -1 -1 1 -1 -1 1 -1 -1 1 -1 1 1 -1 -1 -1 -1 -1 -1 1 -1 
1 -1 1 -1 -1 1 1 -1 1 1 1 1 -1 -1 -1 1 -1 1 1 1 1 -1 -1 -1 -1 1 1 1 -1 -1 -1 1 1 -1 -1 1 -1 -1 -1 -1 -1 1 -1 1 -1 1 -1 -1 1 1 1 -1 1 -1 -1 -1 1 1 -1 1 -1 1 -1 -1 -1 -1 -1 -1 1 1 -1 -1 1 1 -1 -1 -1 -1 1 1 -1 1 1 1 -1 1 1 1 -1 1 -1 -1 1 1 1 -1 1 -1 -1 1 1 -1 -1 -1 1 1 -1 1 1 -1 1 1 -1 -1 -1 1 1 -1 1 -1 -1 1 1 -1 -1 1 -1 -1 
-1 1 -1 -1 1 1 -1 1 1 1 -1 1 1 -1 1 -1 -1 -1 1 -1 -1 1 -1 -1 -1 -1 -1 -1 1 1 -1 1 1 1 -1 1 -1 1 1 1 1 1 1 -1 -1 -1 -1 -1 1 -1 -1 -1 -1 -1 -1 1 -1 1 1 1 1 1 -1 1 1 1 -1 -1 1 -1 -1 -1 1 -1 1 1 1 1 -1 1 -1 1 1 1 1 -1 -1 -1 1 -1 1 1 -1 -1 -1 1 1 -1 1 -1 -1 -1 -1 -1 1 1 -1 -1 -1 1 1 -1 1 1 1 1 -1 1 1 1 -1 1 1 1 -1 -1 1 -1 
1 1 1 -1 1 -1 1 1 -1 -1 1 -1 1 1 1 1 1 1 1 1 -1 1 -1 1 -1 1 -1 1 1 -1 -1 -1 -1 -1 1 -1 -1 -1 -1 1 -1 -1 -1 1 1 -1 1 1 1 -1 1 1 1 1 1 1 1 1 -1 -1 -1 -1 -1 -1 -1 -1 -1 1 1 1 1 -1 -1 1 1 -1 -1 -1 -1 -1 -1 1 1 -1 1 -1 -1 1 -1 -1 -1 -1 1 -1 -1 -1 1 1 -1 -1 1 1 1 -1 -1 -1 -1 1 -1 1 1 -1 -1 1 1 1 -1 -1 1 -1 -1 -1 1 -1 1 1 1 1 
-1 -1 -1 -1 -1 -1 -1 -1 1 -1 1 -1 -1 1 1 1 1 1 -1 1 -1 -1 1 -1 1 1 1 1 -1 -1 1 -1 1 -1 -1 -1 1 -1 -1 1 -1 1 -1 -1 1 1 1 1 -1 -1 1 1 1 -1 1 1 1 -1 1 -1 1 1 -1 -1 1 -1 1 -1 -1 -1 -1 1 -1 -1 1 1 -1 1 1 -1 -1 -1 -1 -1 -1 1 1 1 1 -1 -1 -1 1 -1 -1 -1 -1 -1 -1 -1 1 1 1 1 1 -1 -1 1 -1 1 1 -1 -1 -1 1 -1 -1 -1 1 1 -1 -1 -1 1 1 -1 1 1 
-1 -1 -1 1 1 1 -1 -1 -1 1 -1 1 -1 1 -1 -1 -1 -1 1 -1 1 1 -1 1 -1 -1 1 1 1 -1 1 -1 1 -1 -1 -1 1 -1 1 1 1 1 -1 1 -1 -1 -1 -1 1 -1 -1 -1 1 1 -1 1 -1 1 -1 1 1 -1 1 1 -1 1 -1 1 1 1 1 -1 1 -1 -1 -1 1 -1 1 1 -1 -1 1 -1 1 -1 -1 1 1 1 -1 1 -1 -1 -1 1 -1 1 1 1 -1 -1 -1 1 1 -1 -1 1 1 1 1 1 -1 -1 1 1 1 -1 -1 -1 -1 1 -1 1 -1 -1 -1 -1 
-1 1 1 -1 1 1 1 1 1 1 1 1 -1 1 1 -1 -1 -1 1 1 -1 1 -1 1 1 1 -1 1 1 1 -1 -1 1 1 1 -1 -1 -1 1 -1 -1 -1 -1 -1 -1 -1 -1 1 1 -1 -1 1 1 -1 -1 -1 -1 -1 1 -1 -1 1 -1 1 -1 1 1 1 -1 -1 1 1 -1 -1 -1 -1 -1 1 1 1 1 -1 -1 1 1 1 -1 1 1 1 -1 -1 -1 1 -1 1 -1 1 -1 -1 -1 -1 1 1 -1 1 1 -1 -1 -1 -1 1 -1 -1 -1 1 -1 -1 1 -1 1 -1 1 1 1 -1 -1 -1 
-1 -1 1 -1 -1 -1 1 -1 -1 -1 1 -1 -1 -1 -1 -1 -1 -1 1 1 -1 -1 -1 1 -1 -1 1 1 1 -1 -1 1 -1 -1 1 1 1 -1 1 1 -1 -1 1 1 1 1 1 1 1 -1 -1 1 -1 -1 1 -1 -1 1 -1 1 1 -1 1 -1 -1 -1 -1 -1 1 1 1 -1 1 -1 1 1 -1 -1 1 -1 1 -1 1 1 -1 1 1 1 -1 1 -1 1 1 1 -1 -1 -1 -1 1 1 -1 1 1 1 -1 1 -1 -1 -1 1 -1 1 -1 1 1 1 1 1 1 -1 -1 -1 -1 1 1 -1 -1 1 