128
71 27 29 96 81 54 66 1 75 42 89 85 55 49 3 69 42 69 93 11 77 5 67 97 99 58 57 91 68 94 15 25 49 90 57 52 98 3 15 11 53 24 67 76 81 96 26 80 86 18 20 35 30 67 72 41 36 91 26 45 44 9 78 57 37 30 59 63 1 4 58 80 65 99 100 69 89 2 27 13 84 63 18 99 89 8 32 26 48 62 92 13 65 81 87 19 85 55 58 87 35 71 39 26 93 52 96 8 59 94 19 69 2 42 5 79 45 54 15 20 6 51 86 84 52 88 60 54 
64 18 91 15 22 74 35 37 29 2 65 40 91 82 30 90 23 21 69 14 16 19 17 9 47 42 83 39 1 73 78 55 17 60 73 65 29 83 15 89 68 94 18 16 95 50 61 9 46 79 13 74 95 20 24 5 43 85 18 9 40 9 54 17 17 35 18 31 95 85 48 57 15 14 13 47 73 4 6 100 66 21 51 81 89 19 40 31 59 34 10 34 51 63 2 19 76 63 60 71 53 96 32 19 63 35 72 19 8 8 28 6 97 3 54 10 43 7 38 25 91 5 36 88 81 9 89 37 
19 72 92 4 19 80 30 80 98 18 93 11 18 11 84 67 68 39 30 87 68 26 61 13 81 84 92 98 57 24 100 4 3 85 9 88 10 48 33 44 40 79 92 55 43 64 25 57 7 41 77 48 83 6 50 52 40 16 62 53 84 64 47 70 98 40 7 16 18 56 45 57 88 95 16 66 51 40 55 3 41 61 24 3 23 86 65 93 73 9 3 87 46 81 14 87 33 67 14 99 60 60 4 68 14 67 84 81 27 75 51 64 87 27 88 92 95 61 6 59 23 46 50 50 63 35 11 29 
53 37 12 82 26 59 47 37 20 20 62 94 61 60 5 44 71 85 23 24 63 74 38 90 92 75 75 40 2 39 56 69 39 66 16 91 82 51 39 22 39 15 96 14 56 59 39 43 32 29 99 37 4 30 60 72 79 48 19 16 57 8 30 21 64 15 68 28 84 83 17 74 51 75 50 56 58 33 46 36 100 39 100 80 53 43 28 58 77 27 29 59 73 91 77 29 15 98 70 55 84 91 91 17 12 19 12 7 83 30 88 52 27 54 38 63 8 100 56 77 71 45 69 81 67 67 98 50 
73 52 11 47 25 16 79 94 58 61 89 13 63 8 64 33 23 6 64 26 72 35 52 70 60 33 69 46 79 34 43 72 55 9 59 64 82 71 59 15 92 65 65 32 98 8 60 3 4 14 91 53 74 24 3 43 34 41 31 14 93 40 99 82 37 12 70 46 99 99 17 79 14 33 75 35 78 18 55 35 74 92 43 27 2 3 90 83 27 14 93 16 47 56 58 48 29 4 46 74 71 76 26 81 57 17 51 18 3 12 75 99 49 94 100 42 11 12 41 11 59 79 37 60 67 82 4 12 
28 64 20 16 10 25 85 78 24 88 63 25 65 88 70 63 81 43 51 94 46 12 48 89 78 98 13 10 35 24 63 11 36 37 9 43 16 48 97 90 58 88 81 58 75 40 52 3 28 11 4 41 99 6 13 18 67 44 52 8 76 52 5 99 78 7 92 1 75 84 61 25 4 87 8 44 21 88 65 29 71 52 2 94 71 5 89 49 22 69 83 36 57 69 68 43 10 89 63 15 17 42 64 3 2 55 90 45 54 90 88 58 24 72 48 7 84 1 92 18 64 4 31 91 23 31 5 51 
8 52 98 64 63 13 20 35 85 16 39 68 57 62 47 6 66 5 83 44 33 70 74 82 77 53 86 92 74 83 66 46 62 48 62 7 13 9 16 16 74 7 60 88 84 23 65 73 93 78 28 67 29 49 36 95 30 16 78 55 32 82 90 48 91 40 50 60 84 88 3 12 22 21 31 88 60 69 16 61 24 5 13 61 49 27 84 16 5 88 16 75 7 40 93 3 4 44 94 73 83 82 40 68 92 2 95 85 80 55 62 53 83 61 61 40 10 15 18 60 10 99 53 49 66 66 61 73 
39 23 84 63 87 11 72 74 82 40 18 46 25 54 58 80 89 3 83 21 96 38 35 3 5 1 28 24 15 12 90 10 32 9 28 84 29 17 68 6 77 92 75 35 81 44 69 78 42 38 29 53 97 99 75 48 13 76 41 15 22 24 93 94 1 50 20 89 42 64 73 89 28 37 26 57 96 45 19 96 25 31 24 87 95 55 2 50 33 32 27 7 32 3 51 27 94 100 60 25 60 24 66 57 73 47 96 50 2 8 83 6 7 42 14 44 72 37 22 33 62 8 34 35 66 8 18 65 
67 95 69 19 48 27 27 73 88 27 83 30 79 22 89 93 19 71 100 23 39 37 33 29 7 86 23 41 95 38 5 47 86 1 76 96 36 71 52 79 61 38 45 39 73 46 92 44 100 93 57 47 81 16 41 14 71 53 79 27 92 15 41 87 30 43 69 87 1 34 71 37 56 70 95 61 9 54 18 10 78 8 24 99 59 68 42 17 22 67 76 28 86 7 27 19 95 32 56 21 99 94 16 98 60 66 57 33 47 38 61 27 81 93 59 71 42 59 21 25 58 20 96 97 12 85 53 50 
10 57 85 91 5 72 51 35 9 18 38 97 44 35 14 82 92 55 59 41 86 68 46 61 92 82 34 46 79 83 74 62 89 44 15 18 87 6 50 42 61 16 21 54 21 94 82 37 44 8 41 4 35 20 78 16 77 5 41 87 13 59 78 21 37 18 69 49 86 56 42 19 90 14 88 80 68 69 53 52 16 72 47 66 18 26 44 43 80 61 59 42 74 89 96 99 8 80 66 82 2 54 98 22 17 71 3 43 65 39 81 95 87 18 66 88 58 14 42 2 37 1 75 26 83 33 15 49 
92 83 33 36 5 93 37 57 35 73 36 61 31 3 60 65 35 42 95 78 24 59 18 27 48 14 3 42 56 76 23 65 39 15 6 75 85 42 57 75 28 11 24 34 27 46 87 64 69 37 14 64 28 31 50 22 34 23 94 3 44 58 56 42 84 48 77 36 42 66 2 82 41 92 69 67 73 37 26 63 8 46 87 94 18 65 34 91 23 65 70 18 14 78 95 26 52 74 11 30 40 48 43 30 43 23 22 84 79 29 73 21 1 66 83 16 45 21 44 26 48 38 95 15 100 56 52 29 
3 83 29 48 7 19 9 61 8 39 72 19 57 3 26 89 74 58 12 16 71 85 21 18 33 87 18 32 98 52 80 77 47 50 63 83 69 16 40 4 77 65 78 80 66 21 22 73 29 19 94 20 7 21 55 10 61 83 21 65 40 47 83 42 94 70 84 23 44 12 73 29 49 5 63 36 57 59 70 13 27 57 21 46 29 59 37 73 91 84 8 26 80 1 92 59 93 17 46 79 95 99 79 82 91 34 32 60 43 32 65 65 29 29 48 79 20 91 99 89 35 87 75 45 37 47 7 49 
4 58 27 62 56 90 98 19 59 88 12 100 40 33 87 32 56 96 33 41 43 1 44 74 42 58 66 80 1 58 9 82 60 44 20 20 82 60 72 44 23 67 67 5 48 20 28 32 14 47 45 50 2 56 72 37 72 71 85 64 7 84 93 95 13 92 33 69 86 67 88 7 97 60 42 85 36 9 57 88 86 62 1 79 54 93 33 54 81 34 11 97 90 76 97 94 74 95 85 55 27 20 93 100 22 5 64 5 89 22 43 37 77 24 57 15 71 70 75 55 22 16 66 79 24 7 33 37 
6 57 12 95 69 81 13 87 6 94 28 6 99 37 92 94 43 49 83 33 81 65 86 99 42 34 15 63 69 79 11 56 70 94 43 99 4 96 7 64 35 62 25 26 92 17 26 43 65 70 37 78 70 29 19 52 66 13 35 6 42 28 53 27 42 56 28 8 87 6 57 80 18 79 33 51 17 50 2 9 30 70 71 73 43 65 85 83 22 20 12 13 82 83 4 35 12 32 28 13 47 76 45 21 97 93 53 22 6 67 94 24 42 51 73 75 35 77 89 79 69 75 3 15 89 59 49 22 
13 54 74 88 21 66 14 14 93 22 24 56 32 19 38 44 64 37 98 35 90 84 6 38 32 90 97 76 23 9 77 32 62 34 55 92 48 70 72 36 17 64 22 89 17 13 41 19 28 10 15 80 45 62 6 37 51 21 10 93 74 63 52 19 43 56 20 32 99 98 56 35 58 89 71 91 56 69 39 28 67 70 40 67 47 44 58 44 55 50 44 59 65 26 50 38 69 93 95 84 17 24 55 64 42 40 22 58 49 38 87 60 96 89 39 21 35 50 66 100 36 8 15 79 18 28 92 20 
62 28 31 9 87 89 79 84 3 80 67 77 11 83 32 62 55 3 61 95 24 3 32 78 61 47 80 13 27 24 40 77 88 40 21 60 99 76 62 23 47 95 39 32 56 93 29 82 4 35 96 87 2 95 94 47 3 66 20 8 90 69 72 62 43 52 59 59 37 33 33 51 57 88 29 74 44 45 91 98 42 31 44 61 12 46 29 34 59 66 8 59 63 16 46 67 50 67 5 57 1 36 8 38 97 61 92 59 66 14 78 66 38 99 8 10 43 38 1 38 60 45 79 8 71 67 27 24 
36 26 39 57 45 3 17 54 78 72 7 86 7 14 74 95 30 27 97 49 2 49 78 56 56 42 18 33 21 57 65 48 25 53 28 53 51 4 66 18 93 78 72 46 30 84 3 53 83 45 71 75 45 97 13 19 67 99 73 45 5 75 98 25 12 58 61 28 48 81 49 27 42 33 81 19 5 77 95 47 40 17 35 61 72 42 97 8 55 65 30 6 49 5 71 32 7 25 26 64 77 74 10 73 46 60 15 83 21 87 7 40 83 96 14 17 50 17 96 30 94 8 32 94 25 43 71 51 
96 14 81 39 96 66 38 51 43 18 63 79 83 5 89 45 3 45 100 96 70 94 55 22 59 11 91 46 77 12 65 13 66 72 81 46 100 72 46 32 3 75 81 41 74 54 7 33 81 17 10 60 17 67 83 86 91 23 89 5 94 75 61 84 86 36 46 69 4 15 93 23 100 23 87 70 29 62 48 14 60 77 29 45 95 71 26 63 21 31 82 90 82 88 23 1 2 1 2 74 41 74 52 93 34 54 41 87 97 66 91 73 38 91 46 22 67 69 79 41 96 78 9 75 77 69 62 59 
48 44 59 84 83 55 12 82 33 73 44 25 52 99 44 88 55 52 77 51 31 1 4 85 63 49 97 1 50 31 37 75 19 51 3 96 54 35 75 72 75 70 15 87 86 13 42 68 16 68 50 23 74 87 20 19 27 29 45 84 24 10 93 18 96 36 12 40 13 55 89 67 58 47 13 71 71 65 2 85 5 3 51 73 68 19 99 76 95 90 57 72 23 2 88 28 41 82 23 37 67 94 92 89 91 79 62 90 39 22 36 53 89 7 69 96 12 78 50 17 11 38 92 33 15 1 42 2 
35 19 74 60 85 7 19 38 84 53 24 38 42 87 73 40 94 85 83 97 3 70 74 83 73 1 70 78 81 71 3 70 45 36 12 35 79 70 55 23 19 12 19 57 78 40 51 49 37 12 6 70 53 42 70 51 87 30 39 26 9 48 58 13 19 36 41 95 13 70 81 14 70 51 20 97 69 28 22 34 84 87 52 2 36 45 13 4 29 43 31 30 99 39 62 26 38 72 10 67 11 28 83 32 37 93 59 9 35 82 59 43 83 37 43 1 23 24 56 100 1 92 77 11 58 85 63 40 
38 55 91 54 49 14 61 57 88 46 63 64 32 100 56 82 71 8 97 39 95 15 5 87 68 24 24 86 38 72 99 39 3 17 79 18 9 94 20 32 90 68 75 36 92 30 44 70 2 32 29 79 39 36 77 28 97 3 49 84 5 56 73 56 22 31 82 22 72 90 76 34 60 41 42 70 38 22 42 42 6 51 63 5 31 78 84 79 42 8 95 81 50 38 87 100 55 55 17 87 61 71 45 95 49 98 19 53 18 70 72 86 37 73 46 75 78 25 94 38 76 13 14 27 74 31 22 89 
26 33 85 51 40 32 91 52 35 62 78 98 92 83 29 48 42 62 3 21 81 42 70 18 36 81 70 96 59 89 17 77 84 42 25 93 72 49 95 1 13 39 97 40 91 22 49 13 19 2 7 46 18 99 63 8 94 97 55 20 17 26 40 59 37 18 12 94 89 76 17 30 40 34 63 6 20 84 13 74 15 100 100 77 79 85 22 11 6 7 91 67 53 1 88 24 90 23 64 66 26 32 64 57 28 41 9 61 80 97 57 90 26 15 75 27 100 24 33 94 50 41 55 66 98 11 11 77 
83 27 92 4 73 74 39 42 90 40 99 81 53 66 73 45 37 78 24 80 10 69 39 47 33 9 86 19 97 21 32 46 10 4 37 29 3 88 10 23 30 79 62 82 2 64 34 69 14 79 71 97 35 73 86 19 6 7 28 55 62 86 7 58 90 90 32 14 26 16 23 98 42 66 74 85 12 71 48 50 57 14 3 33 97 91 48 71 96 19 29 41 34 59 33 13 65 88 55 42 19 88 89 50 31 41 95 19 75 93 17 38 67 41 29 68 27 34 22 3 64 93 65 100 64 79 33 98 
9 67 67 43 93 75 71 16 6 13 15 81 35 35 85 29 36 72 65 77 86 16 38 76 98 29 65 29 90 90 18 62 46 53 57 38 6 68 93 29 15 94 77 92 44 71 88 40 43 63 76 13 33 45 84 5 51 67 11 92 75 16 24 93 36 93 79 93 18 4 92 81 79 20 8 61 38 52 10 17 20 29 43 7 24 6 27 31 63 45 68 81 16 51 21 21 55 13 12 20 42 38 70 16 15 19 87 64 67 33 98 90 86 67 91 71 8 61 90 72 68 52 79 24 88 87 30 48 
85 36 14 90 49 84 17 56 72 7 48 43 30 47 9 1 42 1 80 62 79 44 59 71 14 78 4 58 43 52 40 36 51 63 31 99 32 23 98 31 59 36 65 58 12 58 22 51 83 9 85 75 80 5 69 22 40 84 100 17 53 93 62 56 6 16 18 13 83 17 18 37 54 24 91 79 72 81 70 18 30 67 41 94 59 92 1 67 96 72 64 72 79 47 59 45 2 20 71 31 62 70 57 44 65 67 51 69 51 16 52 58 55 47 16 85 11 99 14 60 99 49 64 25 91 25 11 50 
51 39 30 49 68 17 84 68 33 14 12 77 64 1 16 26 82 100 40 16 15 98 64 83 49 11 32 43 66 56 97 8 39 60 84 99 24 31 92 11 61 98 98 85 39 60 19 27 32 8 41 33 93 91 4 11 25 92 31 64 37 42 24 94 77 26 88 1 22 85 70 100 33 13 89 22 43 85 9 80 8 53 94 60 75 5 6 82 97 17 31 16 44 91 42 42 42 90 24 36 28 1 5 25 82 64 39 69 30 62 91 28 94 97 89 29 70 25 51 11 86 41 24 63 70 90 93 43 
37 66 10 69 2 28 11 43 48 77 39 3 67 67 63 78 10 39 88 26 15 1 2 88 7 70 61 61 65 80 33 8 67 51 54 26 10 70 38 14 4 41 53 92 59 32 42 39 71 79 71 42 76 17 34 45 14 36 20 16 42 17 78 83 84 22 88 84 32 73 77 26 95 23 17 16 12 44 42 79 94 88 62 81 66 84 61 95 13 32 67 90 85 97 68 75 3 68 92 96 53 57 30 93 24 96 97 26 44 87 93 83 21 72 5 85 21 25 17 73 30 57 57 88 59 9 48 13 
64 92 50 47 60 76 3 2 12 50 48 86 76 88 89 50 64 6 65 28 16 1 84 22 87 52 57 71 45 54 16 49 58 62 18 9 14 10 44 86 5 10 22 8 72 14 51 81 68 67 81 57 82 21 28 100 31 25 62 25 14 86 70 15 2 89 61 33 41 98 25 87 62 26 51 93 33 83 1 24 67 76 57 23 5 18 91 6 4 76 55 27 40 51 86 79 9 7 46 27 17 22 51 37 1 43 2 55 92 49 67 75 57 64 25 100 51 77 48 23 63 75 46 70 35 91 85 63 
70 27 40 73 88 68 62 70 17 14 11 37 64 37 64 35 28 8 15 53 28 69 98 30 65 74 73 63 39 28 54 56 47 70 56 22 69 20 26 30 33 55 64 23 13 71 10 74 62 55 2 34 84 36 70 62 24 60 3 93 49 91 65 28 68 2 79 50 66 33 57 39 19 33 6 61 64 59 25 20 31 95 72 54 8 70 24 59 27 52 54 15 34 61 24 52 98 71 23 85 35 52 90 97 31 21 53 34 80 62 62 60 5 9 85 8 96 17 72 69 62 76 34 27 57 82 83 7 
2 70 7 19 45 68 67 98 85 96 11 15 89 1 47 92 10 34 34 76 8 37 23 4 21 83 20 43 53 4 79 10 72 81 30 42 8 78 95 50 85 34 93 3 70 46 48 24 23 79 5 100 3 78 96 49 81 35 90 12 24 10 34 55 4 86 91 59 88 4 77 42 65 40 50 40 45 5 56 46 75 14 95 21 33 83 1 86 41 84 65 93 35 21 28 57 65 94 45 24 68 80 5 31 8 10 99 40 23 28 97 64 27 26 42 55 12 67 90 67 18 33 53 60 34 98 56 83 
50 51 75 50 73 34 24 8 64 12 29 32 29 8 69 38 11 45 15 21 86 21 77 36 90 74 70 94 73 67 3 78 65 89 73 16 72 39 22 46 91 24 91 86 15 75 90 31 17 27 51 62 46 13 100 74 3 24 30 2 2 32 59 24 32 60 24 15 2 67 83 9 32 89 39 86 54 22 7 20 54 83 97 15 70 9 15 66 14 5 42 84 36 35 15 60 14 21 99 9 71 32 87 14 53 39 51 19 40 98 68 63 92 74 26 26 93 28 35 46 13 86 8 38 52 69 22 73 
29 68 16 13 96 48 33 29 16 25 22 61 81 44 67 13 5 87 45 28 87 97 8 48 26 29 13 32 85 55 77 54 98 38 99 56 45 60 98 88 41 86 15 65 70 90 15 23 2 11 51 97 95 96 36 33 31 94 4 62 38 54 77 87 3 40 98 27 4 71 85 64 77 64 27 96 82 60 13 72 5 28 17 13 49 94 70 60 28 90 84 45 60 55 76 8 97 12 50 94 19 70 33 12 99 72 63 22 62 44 82 87 83 17 94 35 99 8 71 54 85 52 39 92 36 85 45 15 
97 5 80 41 4 94 39 51 13 60 42 59 25 20 1 51 2 31 71 14 30 1 61 27 32 59 68 14 86 25 26 74 36 15 52 10 42 38 30 79 98 95 34 4 69 52 35 72 67 29 52 99 31 71 7 14 84 79 65 96 66 23 11 42 40 16 14 30 88 62 38 37 62 77 67 40 93 75 60 14 97 50 53 12 15 38 64 76 14 17 61 4 92 22 81 7 70 41 73 72 42 12 64 85 85 62 38 45 94 66 33 56 40 2 89 50 83 39 22 48 35 92 2 4 36 18 20 61 
65 59 62 69 21 89 72 100 38 5 27 89 14 23 6 18 63 49 43 94 45 39 99 86 7 6 63 46 92 40 50 26 64 71 38 8 6 59 66 39 36 55 36 48 93 24 55 23 71 15 20 11 35 48 53 98 93 79 10 33 68 7 40 58 71 50 82 53 50 76 9 47 89 68 13 42 23 94 86 97 16 62 99 89 61 6 58 64 67 31 93 58 36 17 38 81 24 80 35 45 78 56 72 92 24 55 83 46 25 94 21 71 51 36 17 27 91 36 86 23 44 2 79 50 21 53 98 19 
96 83 99 41 68 26 24 60 11 52 90 57 33 86 76 11 69 32 4 77 88 30 22 99 47 15 89 74 54 7 22 81 77 33 69 27 67 76 11 81 56 46 2 68 72 77 37 90 46 96 6 35 100 27 66 19 89 33 41 82 19 31 77 73 73 91 3 29 36 57 83 53 95 45 47 62 80 23 58 98 100 68 79 60 65 60 24 66 10 18 55 99 87 40 64 41 59 71 12 5 8 40 54 42 41 74 7 14 91 46 10 88 39 49 27 83 47 40 86 77 84 85 29 62 83 16 66 53 
68 59 68 55 65 75 75 37 21 61 65 21 46 46 34 3 74 44 70 54 64 73 26 96 56 96 14 36 69 47 16 63 13 77 56 35 25 12 96 58 74 70 85 94 37 64 53 34 16 87 30 36 80 46 47 16 6 98 46 20 56 8 49 9 39 86 77 23 24 82 70 15 55 54 67 52 84 97 24 50 98 53 56 62 44 19 26 96 80 92 13 33 38 69 92 75 51 73 32 98 84 75 48 10 14 27 64 17 22 91 69 30 84 29 73 87 98 56 87 68 20 71 90 88 69 96 32 56 
99 85 97 1 21 98 66 38 5 66 9 72 33 27 68 29 80 68 61 91 39 87 60 74 87 60 62 86 76 69 66 11 96 84 2 40 3 12 13 67 15 27 18 18 22 77 28 77 67 72 28 33 95 91 97 72 90 21 4 61 33 31 71 29 30 6 59 2 27 33 50 87 14 20 77 76 81 2 5 70 65 41 48 38 30 58 17 82 12 55 12 85 24 96 14 10 17 78 2 38 12 38 57 5 92 55 35 76 7 7 91 39 4 99 90 97 11 27 74 43 21 20 94 44 50 28 27 39 
81 15 72 22 54 40 27 97 79 14 82 67 50 20 83 84 60 74 63 22 65 75 36 99 32 19 100 31 56 50 14 47 37 80 25 35 39 26 55 33 45 25 8 66 53 94 56 54 14 84 2 44 100 51 39 36 2 57 94 28 69 78 48 52 43 79 66 96 1 2 56 89 18 59 48 86 48 79 79 43 16 5 81 59 2 13 25 30 78 66 30 75 42 66 25 53 18 87 61 11 13 31 90 57 48 69 28 77 3 98 33 91 96 47 55 100 29 79 85 11 56 75 88 33 69 28 12 81 
87 10 16 59 53 30 39 20 6 68 52 2 72 44 42 39 40 86 43 4 90 15 68 18 3 43 67 86 27 92 54 45 61 38 44 22 28 99 100 57 49 65 3 39 93 63 54 80 92 55 3 10 66 28 23 73 62 4 19 94 4 71 88 55 89 55 48 48 90 45 3 23 44 55 67 25 2 90 57 6 54 25 89 58 38 8 25 98 53 64 3 72 26 68 45 63 63 97 36 54 48 71 61 8 8 10 63 65 44 55 28 84 4 90 99 9 96 98 9 23 89 88 83 10 81 52 84 23 
77 60 17 2 98 97 51 45 93 66 16 66 92 44 7 48 40 16 83 68 68 47 3 6 9 96 53 17 26 4 42 43 15 53 85 41 18 69 34 40 37 13 12 16 31 13 51 63 15 21 7 66 56 67 18 33 35 82 65 10 82 27 33 13 53 86 72 46 34 30 85 87 8 89 59 20 92 60 9 40 65 89 12 45 77 31 39 98 3 27 98 96 86 82 63 13 96 29 4 7 46 15 44 22 55 33 55 100 26 55 47 90 28 80 59 98 19 47 51 25 69 75 38 52 88 63 67 73 
4 53 4 84 82 25 78 97 26 60 94 41 76 81 43 27 19 81 96 84 97 54 18 10 75 89 1 76 2 55 92 30 96 83 7 55 43 21 78 47 19 69 66 43 13 39 18 38 70 23 96 34 4 91 81 98 73 43 29 89 97 55 54 3 19 43 10 49 8 76 40 17 40 80 31 68 5 62 88 56 74 85 47 19 6 18 90 58 66 61 55 38 34 56 84 90 95 50 15 60 92 92 72 6 37 48 8 81 58 4 8 93 73 29 78 76 96 69 48 97 80 23 7 62 47 7 35 56 
93 78 54 74 7 74 19 44 65 23 21 52 25 99 75 86 69 49 75 91 33 40 78 55 10 71 47 48 47 61 65 72 8 7 3 31 20 84 94 42 80 76 70 34 21 59 39 75 14 73 33 52 33 58 2 8 9 98 21 44 60 62 13 91 62 61 19 20 36 8 35 63 38 8 89 85 75 24 70 96 78 85 17 32 25 30 42 77 36 11 45 77 67 53 45 94 5 29 97 61 73 2 56 72 18 82 56 8 1 21 8 27 30 30 32 86 90 99 57 49 89 57 65 83 98 80 71 83 
87 35 61 49 87 77 23 15 44 99 38 37 95 61 41 50 23 89 58 80 38 25 48 63 90 69 66 57 62 11 84 13 38 68 46 18 99 6 42 35 99 86 54 4 98 100 65 44 51 99 92 5 61 34 47 40 94 26 42 80 56 56 59 73 3 80 25 69 93 68 39 11 44 59 32 72 4 48 20 58 73 45 55 60 47 90 65 16 61 51 89 61 80 93 5 61 9 50 94 22 59 11 23 9 15 93 25 67 17 88 63 82 9 85 59 8 7 49 31 58 62 48 19 67 1 89 46 89 
34 89 33 35 49 12 10 8 91 98 42 68 43 29 66 11 20 84 28 21 42 1 93 69 36 46 13 59 58 25 73 48 13 69 7 29 57 47 49 80 90 30 12 81 27 77 93 61 88 27 81 99 37 52 68 3 82 17 61 97 71 27 2 14 85 26 58 23 41 91 40 52 69 31 100 64 24 86 99 18 52 13 73 86 99 97 31 54 79 77 71 13 74 4 99 23 34 78 24 72 30 15 77 67 75 44 22 44 37 33 91 97 28 34 12 31 30 1 96 93 79 6 81 30 85 31 83 32 
4 9 96 6 43 70 81 78 38 51 2 10 49 85 68 81 2 16 57 18 48 48 76 95 70 88 72 97 5 59 43 81 34 61 5 28 17 27 54 7 3 61 75 79 99 82 83 44 11 45 86 15 15 61 43 83 52 98 53 48 24 66 21 34 35 55 96 44 47 7 70 80 13 6 35 93 9 41 23 34 93 70 19 63 69 72 48 87 52 17 44 5 29 13 86 60 56 53 82 70 57 50 13 77 35 62 72 91 81 92 21 39 2 15 24 51 91 82 90 2 97 94 82 27 24 14 61 17 
13 11 15 41 49 97 3 59 48 100 44 59 46 71 23 86 3 61 26 29 21 65 79 56 60 99 62 58 100 55 5 79 93 67 27 65 79 65 56 50 26 62 66 97 70 97 6 87 50 66 13 6 45 1 59 34 75 19 66 81 66 94 20 73 92 35 31 55 77 89 46 16 54 15 10 28 91 48 26 97 87 29 23 32 21 68 80 91 98 70 60 26 46 65 95 75 76 93 84 71 49 57 83 74 33 98 51 96 37 53 35 62 75 49 73 96 38 60 87 57 70 83 88 9 82 95 49 61 
19 65 32 71 80 69 85 76 47 21 42 78 47 32 32 89 69 37 48 10 93 72 89 15 87 23 31 28 69 28 90 33 47 64 36 76 62 45 19 96 9 86 78 67 18 7 73 87 33 35 64 15 68 98 13 80 60 50 77 56 11 99 9 3 93 43 43 27 75 54 57 82 14 76 7 28 49 73 23 16 3 65 95 17 21 13 87 94 90 61 93 86 55 56 34 89 25 14 78 62 42 68 28 84 54 37 54 41 64 6 25 90 2 44 27 31 74 74 49 7 74 68 26 70 44 31 17 7 
14 9 57 94 29 11 43 60 41 11 49 43 59 12 62 81 24 49 81 79 47 28 48 2 32 9 89 39 57 18 33 96 100 54 96 42 4 73 61 86 21 44 73 4 27 87 38 71 46 77 37 40 67 71 67 87 77 43 19 17 100 40 39 42 62 46 69 85 88 24 60 42 92 25 7 70 82 1 35 13 47 48 86 62 76 85 77 21 90 67 84 53 71 25 92 56 58 57 66 7 26 14 13 74 100 67 94 78 49 31 2 89 11 51 92 46 26 49 91 88 93 22 30 32 78 72 13 53 
23 19 16 43 91 16 35 6 17 83 76 24 18 22 30 75 96 73 94 57 4 68 70 75 14 38 6 90 55 41 42 12 87 8 51 15 6 48 86 68 44 30 71 91 7 33 37 20 36 61 48 23 78 72 59 90 66 99 64 53 100 73 73 1 98 28 26 89 65 93 85 20 3 86 95 50 14 61 42 34 56 56 38 64 74 32 11 58 52 50 34 89 47 50 16 66 91 80 15 73 33 8 79 56 89 94 41 32 75 81 58 93 96 71 40 65 22 63 75 77 73 99 98 2 99 17 45 86 
6 45 2 76 79 50 56 11 36 33 73 27 75 64 93 30 11 34 96 86 43 94 16 29 47 26 86 30 30 53 91 49 86 59 45 7 5 45 97 47 67 80 44 11 42 43 92 1 17 45 66 81 38 36 83 8 76 68 2 34 68 89 14 46 66 35 98 43 65 57 6 75 81 30 53 9 88 41 3 8 57 99 35 71 54 13 1 39 70 72 78 80 75 72 87 97 91 6 34 57 61 56 30 58 58 13 45 27 40 23 84 17 91 75 40 62 73 21 66 67 41 22 55 72 29 94 13 82 
79 47 26 34 36 81 20 88 52 56 1 25 75 22 71 76 92 72 68 17 87 44 40 28 33 58 16 29 27 63 89 74 19 57 26 77 37 58 19 8 76 58 16 59 22 29 84 57 87 19 38 13 51 37 12 11 13 87 28 81 72 35 78 23 5 18 38 75 89 98 13 2 100 31 18 39 39 89 84 39 80 21 94 4 56 40 61 15 50 88 18 45 22 8 14 14 68 30 93 27 20 6 12 17 90 65 7 73 26 91 47 27 48 46 59 51 20 6 2 31 58 70 32 39 91 25 65 22 
76 11 99 49 58 37 51 25 12 60 25 89 12 3 36 69 40 99 86 56 83 53 5 29 80 93 60 11 90 84 76 98 82 49 71 41 74 56 72 63 45 26 74 15 71 40 57 34 20 59 90 16 98 54 79 35 45 38 47 53 15 41 24 65 68 53 48 10 20 40 81 44 75 14 45 90 71 33 35 81 17 52 12 5 3 28 68 39 7 62 85 81 50 64 67 63 40 34 67 13 47 35 34 35 95 74 41 92 87 25 40 36 67 60 52 17 33 58 88 13 30 93 20 23 91 69 4 74 
62 3 89 42 25 45 96 82 73 29 7 36 66 33 59 37 49 82 9 79 50 90 53 76 10 72 98 2 2 77 88 52 60 72 66 97 1 44 72 67 57 1 81 74 35 37 75 93 96 58 67 99 90 49 90 65 84 63 50 67 9 95 81 92 80 12 29 2 67 89 50 28 85 47 16 41 50 43 67 88 83 23 90 58 30 49 77 57 29 38 96 72 26 44 82 18 90 24 76 55 3 9 35 28 1 21 20 18 9 35 16 35 23 79 30 54 25 51 49 59 11 15 76 92 60 89 82 68 
7 75 36 32 51 24 3 55 96 42 95 55 90 48 68 22 53 72 41 30 65 52 88 9 51 4 7 69 5 79 100 13 91 23 87 86 4 12 66 24 85 99 32 42 100 87 68 11 26 24 9 49 92 62 78 55 82 2 41 43 14 16 86 28 21 92 15 73 38 71 33 10 93 80 30 20 77 67 44 1 25 69 91 62 39 9 54 76 69 83 79 85 49 14 60 87 2 91 40 96 30 85 55 61 49 89 16 71 19 58 67 70 78 42 45 41 47 7 77 26 93 8 20 58 46 44 2 37 
21 76 93 8 43 3 72 28 88 54 9 92 37 54 4 97 33 70 51 67 77 15 12 73 55 98 55 80 45 58 19 60 15 93 33 94 97 63 19 48 79 66 82 34 100 78 29 3 16 70 17 21 64 79 21 61 86 95 18 5 8 80 71 68 22 84 67 51 42 80 93 65 59 11 6 55 35 24 13 32 77 3 77 93 99 23 55 49 75 46 99 71 80 58 1 48 72 80 84 70 62 1 35 88 35 14 91 57 15 14 6 40 70 69 22 69 65 63 72 19 14 94 55 55 49 53 41 51 
3 38 54 83 50 9 83 88 27 28 82 14 58 99 19 28 7 60 18 98 15 90 100 71 92 38 45 27 60 43 83 13 42 85 14 11 13 51 98 93 36 93 65 100 69 80 10 39 86 21 50 64 91 59 39 6 87 24 61 66 30 76 43 56 1 25 57 70 60 92 1 90 22 96 39 72 64 30 43 21 4 40 10 69 10 82 75 19 60 63 38 67 36 37 17 93 28 12 97 46 92 43 18 24 67 41 40 57 79 24 47 48 69 78 33 10 76 90 49 22 8 37 16 73 63 55 53 52 
56 63 97 73 12 47 1 14 60 42 27 88 90 2 23 25 48 60 88 6 1 77 40 32 6 66 62 98 94 56 28 39 59 17 32 90 72 92 88 25 56 40 19 51 79 49 20 100 88 100 55 37 5 4 5 98 21 87 35 1 41 67 38 87 33 92 63 63 71 30 61 21 57 91 47 13 2 65 88 12 51 10 53 20 21 13 51 60 65 89 20 12 82 59 15 13 83 56 30 29 84 65 42 89 29 53 19 53 68 28 5 83 10 42 56 81 83 47 7 43 2 41 66 65 74 74 1 35 
27 69 23 12 37 32 48 1 92 10 47 8 9 34 95 13 99 81 2 76 70 60 39 96 20 91 57 11 70 49 54 8 68 84 100 87 47 9 46 98 14 81 15 31 14 50 88 44 63 53 70 18 78 30 23 58 2 69 1 77 93 30 100 54 20 27 11 98 5 79 1 77 97 79 5 66 83 32 63 49 51 96 36 1 77 56 49 34 40 45 32 27 42 11 79 93 13 28 59 41 12 30 34 32 92 69 68 79 85 28 47 36 41 100 33 10 71 71 12 6 5 80 68 90 70 17 99 75 
45 87 57 16 53 99 10 72 91 48 75 49 12 49 48 90 12 43 81 42 45 73 67 50 44 23 37 81 13 54 66 13 99 28 97 35 79 91 49 40 50 45 50 52 7 31 87 60 45 41 7 33 65 3 32 74 89 100 53 35 85 71 54 15 28 47 20 35 70 20 31 51 52 47 33 40 29 34 87 53 52 54 83 60 16 34 93 62 32 23 22 67 66 30 97 37 96 21 31 33 73 31 20 56 46 7 81 66 32 40 67 72 69 93 58 63 74 98 24 30 62 95 62 53 55 4 9 62 
44 97 97 88 88 50 33 71 97 8 64 27 68 12 49 53 64 30 84 18 63 23 9 68 60 75 87 85 5 100 77 7 55 27 40 73 70 50 49 63 91 38 57 4 99 69 35 84 56 41 60 15 85 82 96 17 25 33 73 55 51 52 30 29 21 78 79 11 84 71 39 53 83 38 35 6 69 43 59 25 47 64 42 27 81 1 32 64 53 74 61 13 58 97 58 81 93 9 25 72 31 86 69 89 84 13 2 23 84 46 6 85 65 98 1 100 41 31 21 62 47 56 94 21 50 97 73 95 
43 64 46 35 67 7 78 88 3 59 61 14 75 31 25 91 61 69 84 1 56 65 50 75 31 38 88 100 38 57 2 92 9 9 41 87 20 12 36 52 10 71 85 88 90 97 31 88 70 31 92 95 39 49 82 93 5 61 1 49 20 100 31 6 32 97 98 6 18 24 19 2 18 98 41 27 20 46 29 54 44 49 76 63 94 87 42 97 66 26 92 57 26 3 97 99 49 68 46 79 5 45 93 23 97 40 12 33 90 7 23 83 71 12 22 19 97 10 9 71 52 100 23 5 81 46 67 12 
74 16 41 81 19 58 14 12 76 56 55 61 26 62 39 59 31 61 88 92 93 95 51 95 29 72 31 70 39 78 32 15 28 65 21 77 7 69 25 70 36 56 53 63 64 56 99 36 31 21 15 46 31 13 93 68 81 32 61 39 44 36 92 72 26 50 65 41 76 44 28 73 34 4 96 27 46 63 62 76 3 86 38 82 22 64 4 87 76 95 2 38 28 67 41 88 92 78 68 52 1 86 32 87 100 74 56 91 56 41 67 96 30 53 22 86 99 60 47 16 87 71 77 87 52 40 58 42 
93 2 6 97 100 94 35 76 73 32 47 3 39 37 23 32 39 41 83 90 12 90 98 13 61 24 40 29 76 88 67 44 50 78 17 26 48 48 13 95 46 12 70 50 19 35 71 90 19 26 95 78 79 51 21 82 49 22 44 25 7 39 4 10 89 37 100 32 5 40 15 6 40 87 72 60 69 69 52 61 86 46 16 53 88 27 45 77 28 73 31 77 50 81 57 34 61 41 21 27 5 33 3 13 88 11 39 50 17 40 59 30 59 72 78 97 91 71 97 24 19 46 29 3 70 25 28 26 
56 71 84 61 88 91 37 31 28 52 27 63 77 24 11 97 61 85 56 31 66 74 79 75 11 16 56 96 14 6 47 2 29 26 96 71 79 7 86 9 6 89 2 84 55 98 87 70 70 4 86 96 33 79 86 1 4 64 3 73 85 13 40 3 79 27 76 34 60 89 85 8 44 36 22 77 26 68 17 12 29 97 20 62 45 18 18 25 64 67 65 62 49 69 62 4 21 29 26 34 41 88 52 78 50 10 77 73 57 80 84 69 5 5 69 92 35 95 8 1 86 96 5 56 36 11 8 28 
11 39 85 96 61 89 30 45 56 94 83 92 31 17 28 38 11 23 77 27 23 75 50 38 30 93 59 50 59 99 47 65 25 27 21 73 64 87 75 88 8 72 23 33 54 68 4 78 33 66 40 34 32 59 16 65 59 24 1 20 41 30 98 15 67 31 100 17 17 81 28 71 27 31 49 96 86 4 73 76 2 49 93 87 20 6 59 65 91 99 6 51 26 49 25 55 15 88 56 12 85 7 33 100 78 35 93 62 8 89 35 43 24 3 22 3 15 4 92 32 85 95 48 6 53 25 76 60 
58 30 68 11 56 56 63 42 91 67 30 42 12 93 59 33 35 96 86 16 44 13 74 92 34 24 11 50 68 94 94 16 22 94 70 8 53 22 33 78 39 98 91 42 20 67 37 58 94 30 64 77 65 23 32 44 40 19 32 12 44 22 56 46 1 17 16 47 75 13 5 71 74 44 57 41 99 94 18 77 52 48 15 100 77 43 27 77 80 97 22 79 12 58 22 76 18 74 7 18 93 24 21 31 83 7 8 8 7 49 82 32 83 80 70 92 63 70 92 87 78 97 32 3 65 34 12 93 
36 89 78 72 78 86 36 75 24 14 3 95 68 75 24 96 59 4 74 1 63 29 40 91 27 39 29 23 2 90 48 100 89 49 88 83 75 23 84 29 7 80 70 78 54 68 14 65 55 18 73 39 26 67 83 57 29 66 79 27 36 52 64 92 56 53 50 43 99 55 55 85 98 35 54 100 99 67 66 83 31 88 24 9 84 54 18 34 33 44 91 31 77 18 57 33 49 72 65 94 70 66 19 66 8 47 8 81 13 21 75 68 36 68 54 24 16 70 47 5 33 17 55 6 41 60 62 33 
46 95 44 26 87 76 38 35 3 47 5 91 64 58 61 73 16 89 17 69 48 61 76 57 49 4 66 76 39 72 61 19 42 68 83 4 93 82 37 46 60 83 27 6 3 72 37 15 80 21 51 32 46 57 67 65 74 32 55 86 7 38 90 36 77 34 58 13 30 28 84 47 99 93 11 12 58 77 76 42 12 93 19 19 84 10 28 10 89 25 89 98 43 90 20 90 75 69 65 45 30 31 39 98 73 20 19 79 96 82 21 9 21 57 64 57 27 29 65 81 6 100 80 50 61 81 57 61 
27 37 75 95 5 57 21 65 4 71 36 56 56 17 62 22 8 9 61 55 53 94 83 9 16 78 56 99 62 68 84 22 31 67 57 6 25 18 39 68 53 24 32 47 100 38 75 33 62 18 80 50 70 67 38 45 51 27 73 38 16 47 13 42 24 62 91 50 5 59 16 100 72 42 59 8 65 34 75 14 82 63 59 9 92 6 55 9 54 91 74 21 97 89 97 41 52 71 95 34 100 14 56 34 18 73 10 18 69 92 5 81 68 8 46 57 75 63 26 95 40 67 94 99 13 16 22 89 
91 79 85 57 62 13 14 43 93 56 27 76 76 74 85 25 77 4 49 79 34 78 35 49 37 32 50 4 75 77 90 74 81 3 56 45 89 93 5 47 73 70 43 61 100 9 18 66 25 7 9 51 8 40 93 92 11 13 62 40 50 75 31 69 89 96 68 18 35 5 7 71 24 22 59 61 63 47 14 1 88 23 20 66 91 18 52 16 85 60 69 80 35 35 95 42 86 92 51 4 74 63 51 2 100 33 40 37 78 11 15 68 91 2 65 6 10 64 70 45 9 83 80 72 57 24 64 87 
26 67 9 36 26 64 83 95 70 3 11 84 48 95 33 5 69 35 25 57 97 81 54 98 54 14 22 86 66 83 54 61 26 65 7 89 6 85 43 30 76 55 70 4 46 85 12 99 37 13 96 97 33 4 72 48 24 96 78 24 17 41 94 94 41 56 25 47 64 34 47 85 86 17 66 9 100 89 35 77 41 19 44 14 51 7 55 79 41 12 41 83 33 23 63 72 70 53 48 96 61 48 77 7 77 26 94 68 76 2 21 30 43 60 32 2 34 65 75 62 75 23 48 84 24 90 73 84 
20 54 4 84 67 13 71 57 3 23 8 78 73 7 72 29 73 46 85 47 41 90 39 60 33 56 82 3 83 9 52 76 69 29 11 90 27 80 95 19 73 15 30 8 46 17 57 16 73 6 94 60 88 42 98 43 63 94 29 86 63 32 49 49 44 43 56 100 86 48 15 12 20 25 89 94 8 67 15 55 63 48 43 1 90 1 30 94 11 51 66 18 97 100 69 93 59 98 73 33 82 93 19 38 32 99 11 27 75 81 61 33 82 100 15 60 2 78 9 23 58 98 51 39 49 5 38 51 
55 50 74 90 43 87 22 32 2 49 13 82 99 38 42 51 35 72 93 82 91 18 98 75 51 41 2 19 56 20 79 36 4 100 3 38 32 93 15 91 29 24 11 34 53 58 45 67 37 63 39 36 68 20 20 25 36 89 2 16 88 51 86 5 87 62 78 20 4 17 36 1 97 99 56 23 27 97 93 36 80 91 13 81 40 12 33 30 26 69 62 20 34 1 38 27 56 94 50 14 63 34 35 86 100 31 85 56 3 56 89 75 32 57 40 90 47 21 41 14 15 17 5 5 91 23 26 41 
70 5 31 67 90 64 76 20 61 65 32 74 59 71 89 48 53 58 66 59 88 80 14 34 59 37 30 17 47 79 19 43 69 2 89 32 73 19 5 48 88 26 8 59 62 65 54 51 17 46 25 19 74 73 80 44 87 64 89 89 59 46 95 34 48 6 17 38 80 85 40 63 82 18 70 32 48 26 57 25 41 35 71 100 39 16 52 97 37 85 71 55 25 28 41 37 51 53 5 73 20 31 87 30 31 35 44 9 1 40 99 54 57 45 2 36 13 92 49 49 70 29 16 38 69 14 91 63 
31 84 72 19 17 42 34 10 70 57 16 23 53 11 70 83 25 78 42 37 39 30 59 60 24 38 60 17 16 84 77 40 54 55 26 59 10 1 31 93 71 98 21 13 98 64 31 78 59 57 98 96 5 84 64 9 52 67 29 51 29 89 89 67 72 74 7 41 81 78 44 95 79 44 90 27 15 44 18 18 20 89 90 1 17 15 61 6 34 14 12 86 14 52 69 18 67 5 85 61 36 53 11 94 75 84 56 65 50 18 2 47 22 31 50 82 78 5 2 94 9 36 13 31 69 72 49 52 
5 1 3 58 59 18 76 55 88 45 67 51 34 49 94 62 99 24 11 64 23 2 19 15 63 32 27 68 79 66 62 29 14 62 87 72 55 58 60 13 80 27 56 66 17 6 85 14 96 32 75 99 26 43 48 16 63 9 66 97 27 57 65 16 86 81 21 95 86 4 13 64 73 74 51 67 14 76 32 35 6 40 57 91 99 11 82 85 4 24 17 52 96 48 77 18 97 22 7 73 77 71 81 17 80 44 38 6 53 10 8 90 85 75 92 39 59 19 24 97 85 59 1 30 77 28 10 33 
17 77 56 74 89 57 41 6 53 37 68 38 41 68 18 77 92 81 9 90 11 13 71 51 3 24 62 63 44 60 25 7 67 85 52 93 36 20 60 64 59 98 10 87 19 3 91 17 34 79 14 28 27 73 83 47 50 13 32 89 57 30 57 16 27 69 71 80 19 87 12 31 40 29 60 3 43 2 63 44 34 31 9 36 73 91 97 36 83 20 65 52 56 99 29 38 48 54 41 12 73 90 94 6 34 71 94 56 40 58 79 84 30 87 40 80 54 4 22 41 10 21 100 58 47 39 57 68 
1 85 59 81 64 19 81 48 27 46 7 37 25 94 23 100 66 85 85 3 80 3 48 28 26 66 69 51 16 35 56 61 23 49 38 44 9 50 10 30 42 63 6 6 84 99 46 97 22 58 55 79 57 27 81 58 95 12 78 93 100 58 87 59 81 80 25 10 49 65 86 79 58 60 44 17 78 66 53 26 55 60 97 62 9 74 21 22 81 87 63 1 28 35 16 85 73 3 42 87 55 83 8 18 57 90 93 64 75 89 24 7 1 76 56 37 96 33 38 4 85 7 65 86 48 66 58 10 
92 58 21 57 98 91 84 91 88 64 58 26 88 18 21 4 87 3 70 90 53 56 53 95 45 61 87 21 45 24 98 9 35 5 80 99 83 29 18 97 30 62 28 97 33 69 4 75 70 20 92 42 64 52 97 71 54 43 36 12 51 2 56 97 87 87 47 9 86 54 94 74 91 11 99 41 20 32 97 40 91 76 59 95 51 25 1 16 27 85 86 25 73 25 85 100 76 16 91 65 9 40 32 62 96 65 6 23 79 71 51 35 71 93 9 40 86 78 46 43 87 23 10 73 47 73 24 97 
46 88 85 18 24 69 43 22 48 59 75 65 50 5 98 50 23 68 93 82 51 10 50 74 91 20 61 58 15 71 64 17 80 79 48 71 33 38 40 98 31 76 23 36 80 61 65 81 75 34 12 98 55 11 24 2 80 51 26 93 51 68 99 60 84 95 29 48 58 94 95 37 11 65 61 78 53 68 74 21 40 40 68 5 73 70 31 31 80 88 41 24 9 68 33 12 39 12 37 51 96 11 58 63 50 66 73 5 93 62 24 26 2 81 1 2 14 100 59 51 17 8 82 48 42 3 97 45 
97 24 20 43 48 23 76 14 94 90 11 56 49 9 71 32 36 3 47 97 29 37 1 57 77 95 9 14 95 69 75 76 87 98 9 46 96 49 41 51 44 37 99 50 75 34 41 14 87 42 39 30 84 54 29 97 1 9 49 78 26 67 8 63 50 42 77 46 33 88 91 56 49 73 77 30 80 69 83 86 76 40 87 63 25 19 56 22 84 64 72 47 27 4 2 89 62 89 52 50 98 48 90 25 93 75 58 99 28 2 30 5 6 18 55 23 1 95 78 7 76 50 68 38 69 28 93 87 
59 84 17 25 41 44 52 8 86 60 46 59 1 17 90 66 26 50 46 42 95 91 15 50 35 31 93 68 94 11 6 46 80 35 89 17 23 93 97 64 97 81 70 90 51 83 74 56 78 89 75 41 60 91 60 87 35 52 95 83 77 17 17 54 81 54 35 45 64 26 72 63 52 79 63 43 34 95 46 45 82 23 47 23 8 79 11 20 37 46 57 8 3 7 97 28 81 74 32 72 52 65 87 7 22 7 71 42 94 39 8 29 99 44 66 32 42 49 59 60 31 52 44 97 68 25 41 86 
72 78 91 98 22 27 53 59 26 23 52 47 38 49 8 73 86 23 38 79 1 41 8 20 88 54 45 56 30 87 81 48 47 94 7 7 61 32 68 96 82 3 76 30 87 31 41 3 36 86 54 63 1 1 91 48 29 100 21 97 58 63 46 60 47 47 94 76 45 62 70 37 31 48 64 94 46 16 20 57 51 65 76 59 69 80 22 13 51 71 57 66 54 37 39 53 85 98 26 80 36 84 89 46 59 22 94 48 15 16 52 23 84 8 28 30 17 81 12 3 84 10 57 12 87 14 91 41 
17 93 36 82 45 26 23 41 75 52 77 81 13 100 97 85 61 82 87 25 30 9 100 35 55 6 51 81 36 39 41 86 36 78 49 39 39 58 47 37 94 70 46 52 65 61 75 51 15 32 3 80 4 89 48 26 71 23 46 72 14 71 55 98 43 2 38 96 76 92 32 37 14 72 54 72 74 63 50 36 99 8 95 19 55 81 80 40 10 11 82 55 32 18 84 68 17 62 18 60 43 83 56 17 73 56 85 55 82 54 8 89 5 98 48 54 56 75 80 62 10 40 39 64 83 34 26 63 
87 62 97 66 1 19 32 79 32 37 63 27 42 2 31 16 30 3 16 65 24 27 41 57 9 60 87 47 23 91 87 90 51 49 46 7 20 38 31 54 18 57 95 81 78 11 82 23 5 69 2 44 18 61 8 73 96 45 45 23 50 99 64 94 47 44 58 41 46 68 51 53 76 75 12 82 22 52 31 68 6 77 59 21 11 54 13 28 43 20 4 66 84 9 12 8 9 83 59 18 34 64 15 63 10 65 45 15 43 58 80 93 30 16 35 37 53 14 63 5 69 7 49 55 88 11 53 14 
11 78 61 27 85 84 15 66 52 83 81 3 51 82 48 19 52 89 5 26 55 33 79 35 79 6 84 98 43 41 74 2 8 88 100 89 18 65 58 95 55 93 80 2 20 14 69 37 73 50 46 40 39 100 52 60 89 34 24 1 12 56 61 84 99 18 66 97 97 74 2 8 97 64 86 49 85 1 12 68 81 100 86 59 52 97 23 94 71 61 77 20 66 68 65 80 78 23 32 73 32 6 3 42 30 64 55 72 33 97 75 24 69 14 67 11 82 65 44 24 30 12 36 25 6 28 92 37 
84 52 46 98 59 64 68 43 65 29 93 12 9 14 98 98 53 93 15 78 12 59 66 20 77 66 30 5 11 65 22 83 25 26 74 73 58 48 81 75 93 94 27 86 11 5 33 68 30 74 14 78 27 8 45 61 16 77 72 5 43 66 41 89 78 46 27 46 47 40 2 43 85 50 25 94 18 83 94 55 48 89 66 11 39 38 91 36 10 74 59 9 34 59 82 95 10 24 64 32 65 75 86 74 5 28 98 70 20 23 91 77 4 8 47 92 7 36 56 70 9 6 69 58 16 77 62 62 
80 84 28 86 33 1 12 58 64 40 56 67 53 36 11 7 83 91 31 10 17 35 62 8 60 29 4 52 7 55 50 24 56 98 76 31 4 70 13 16 48 76 5 48 84 71 92 24 19 80 9 89 14 59 68 23 58 38 71 68 51 55 19 59 15 99 47 100 58 57 2 3 47 20 4 8 5 73 70 53 69 61 95 96 92 84 40 9 4 64 78 25 99 34 72 32 38 69 24 22 51 53 39 41 8 38 30 74 82 60 66 17 2 86 4 40 92 71 19 63 91 23 83 7 44 6 39 44 
59 44 43 33 27 27 80 84 55 37 45 89 96 1 96 76 16 76 76 63 24 98 70 73 20 96 88 39 53 12 22 90 64 37 40 15 22 38 88 7 93 63 46 82 93 15 10 37 37 78 86 2 24 99 61 72 63 75 71 14 38 7 99 41 74 44 12 53 4 22 35 59 83 45 80 75 79 93 77 17 87 29 94 24 41 37 47 38 34 1 4 24 60 8 67 62 99 78 15 94 13 14 5 91 27 36 34 15 34 13 84 85 4 20 21 17 89 12 71 82 17 90 71 86 67 93 82 65 
30 21 58 49 85 73 95 70 93 59 92 12 47 46 1 56 5 36 83 56 31 54 17 30 34 43 74 34 24 56 44 6 42 50 26 49 98 39 79 84 69 14 48 6 32 81 37 41 57 46 38 76 90 73 41 52 8 3 65 80 45 41 33 59 31 97 54 21 99 27 9 54 65 26 45 60 72 90 65 26 26 32 17 82 59 75 96 45 98 32 62 65 85 61 89 7 96 41 82 4 8 40 97 65 79 84 91 45 61 97 58 25 41 23 66 45 89 83 15 56 9 44 53 53 90 38 87 40 
84 99 92 33 88 40 52 24 84 83 12 68 49 71 39 20 47 86 94 41 27 1 96 76 46 26 95 53 67 17 96 20 50 7 84 78 68 94 55 8 100 74 36 47 9 79 72 14 23 83 78 8 44 65 35 35 48 25 24 51 57 76 93 32 76 10 4 91 91 1 82 70 74 5 9 54 42 89 18 63 87 49 93 48 58 44 93 20 59 34 80 44 50 34 41 22 94 99 61 12 39 6 98 95 7 29 16 14 61 46 71 100 4 97 17 100 95 1 40 50 65 83 92 79 95 89 56 46 
66 88 34 55 69 60 12 91 34 28 62 55 42 56 90 47 42 4 100 26 38 4 89 41 13 12 44 85 75 56 4 32 35 29 11 2 88 67 60 43 88 94 14 67 2 63 34 66 23 42 45 63 75 73 66 45 34 7 92 53 3 58 35 36 9 5 67 37 62 13 45 10 35 31 58 42 66 27 14 96 29 23 4 36 9 82 67 49 97 25 77 86 27 53 41 65 65 80 68 50 1 3 79 48 2 49 55 37 6 55 30 12 63 43 47 94 17 53 18 34 15 86 7 7 63 81 53 38 
65 35 88 21 97 7 42 38 16 24 79 33 19 65 4 39 8 43 50 57 28 10 10 45 30 35 56 86 40 49 80 92 62 14 63 28 85 28 37 48 41 14 71 70 11 33 60 50 70 26 14 98 79 27 13 36 65 83 66 88 50 76 91 14 20 53 24 88 25 29 22 40 17 54 51 32 44 52 1 81 25 28 45 64 44 30 96 64 26 63 86 63 20 21 78 18 51 96 27 45 67 23 53 30 9 13 22 49 91 82 54 64 58 23 59 91 84 66 43 12 19 53 18 43 35 57 21 14 
40 40 93 9 35 82 75 80 74 82 17 72 70 85 97 60 27 37 20 40 8 65 20 66 69 48 100 35 67 51 7 32 51 86 35 75 26 27 26 49 25 35 20 91 35 40 51 2 16 89 74 21 2 17 61 28 10 58 50 46 57 89 63 90 35 13 67 68 46 28 64 37 67 42 52 91 15 3 89 22 6 78 30 2 99 93 50 4 89 8 28 42 36 98 51 83 75 32 92 34 20 48 70 15 27 27 16 46 47 7 50 80 8 87 13 29 45 2 63 65 1 60 3 61 93 88 84 79 
96 30 97 72 89 82 24 42 92 26 98 43 47 32 71 56 52 80 10 5 28 96 33 74 49 23 88 87 46 52 87 78 10 26 27 96 28 81 92 93 56 81 50 38 71 87 55 18 81 17 86 70 5 33 7 74 86 45 25 48 12 94 50 54 62 43 97 100 23 10 29 95 45 80 51 58 42 23 70 44 66 89 75 17 79 70 48 13 25 3 63 88 44 12 24 18 63 5 92 54 36 76 77 34 47 17 10 19 54 19 11 83 55 55 72 7 75 87 2 93 39 14 92 3 25 60 92 86 
64 40 65 82 10 59 19 43 54 5 94 78 39 94 25 80 40 28 100 85 27 9 46 26 32 6 24 38 84 61 40 56 50 42 49 62 24 97 55 70 80 55 95 78 82 26 8 13 98 64 51 89 27 31 28 97 58 9 90 12 24 61 46 79 58 3 28 4 58 74 86 29 98 39 4 68 66 10 73 63 47 77 22 22 39 34 61 20 61 57 73 41 14 82 71 82 27 20 94 32 12 60 53 60 98 18 79 68 54 72 10 64 22 49 91 99 24 93 11 43 11 87 4 9 85 26 49 22 
82 44 80 67 84 22 56 1 95 3 91 86 17 34 27 29 78 60 83 53 83 99 10 63 61 73 62 87 25 3 47 39 33 59 50 83 90 49 88 74 1 51 45 97 18 94 41 8 76 48 46 71 25 98 53 27 45 90 36 58 24 65 27 43 60 98 28 92 73 78 5 88 55 96 96 25 77 32 67 70 79 14 15 39 48 62 37 100 8 85 52 96 74 17 64 35 44 84 92 42 99 49 2 1 52 34 8 13 45 14 71 80 59 92 71 18 20 47 34 33 86 37 24 25 7 67 27 92 
12 8 64 42 24 67 19 70 60 13 4 18 91 14 43 87 80 65 2 69 26 17 85 24 95 77 20 27 83 68 50 45 78 13 92 89 100 83 76 67 87 39 50 47 10 92 66 2 14 31 1 55 60 2 33 69 15 99 8 37 98 60 48 62 70 23 47 46 93 75 89 28 13 94 20 47 84 56 98 23 47 38 44 37 38 57 45 11 9 82 33 7 70 45 75 34 68 62 49 42 5 5 38 6 28 44 98 13 92 56 8 22 37 42 49 25 28 99 75 31 52 78 68 94 82 31 52 45 
42 86 4 98 62 57 37 19 40 78 91 80 54 5 66 72 55 72 19 52 10 53 60 7 82 4 91 10 55 69 37 97 41 57 55 7 60 92 42 12 63 13 2 77 55 21 37 50 1 70 2 21 98 23 33 58 35 17 81 36 31 82 86 94 73 59 22 58 7 47 23 23 16 71 14 34 58 91 58 51 53 50 78 10 45 88 34 39 82 89 72 40 61 83 5 57 7 74 29 61 97 10 35 5 46 6 55 83 72 1 89 56 64 74 70 54 63 2 89 62 43 34 44 35 5 48 92 54 
7 19 7 47 48 19 55 46 84 21 83 46 61 40 30 90 52 90 56 40 5 22 39 17 18 58 67 85 3 40 42 24 57 69 28 52 48 67 59 45 20 89 60 88 65 76 64 46 74 36 56 4 17 24 56 67 53 89 54 74 49 65 92 70 46 39 67 11 99 82 15 58 13 99 68 71 98 63 5 21 19 74 49 31 68 84 72 10 73 15 96 37 93 69 3 31 99 32 76 45 35 63 94 73 95 40 10 82 1 4 52 25 27 49 2 23 91 58 90 11 26 16 81 46 22 66 57 4 
94 88 18 24 2 10 4 84 49 75 38 20 97 97 47 5 75 11 42 28 82 46 69 77 61 100 59 16 61 71 46 49 45 35 43 70 10 72 24 72 54 68 1 30 41 62 73 2 55 46 31 11 66 31 64 79 74 20 92 31 4 78 16 82 100 66 29 86 54 47 1 41 1 87 13 57 100 48 77 51 30 98 32 81 56 3 79 82 26 17 85 87 16 47 17 77 14 8 31 85 37 90 75 99 10 15 51 72 49 9 40 72 39 33 59 90 76 59 27 16 62 68 94 38 36 6 95 5 
98 24 36 48 87 20 28 63 38 49 12 46 32 70 68 68 26 24 57 9 75 16 38 2 60 33 75 34 52 79 53 9 56 67 9 91 15 65 52 43 22 70 49 25 67 16 65 32 8 97 41 91 20 26 38 82 68 12 33 42 66 7 6 10 48 32 58 32 19 94 52 55 60 88 94 38 22 96 19 92 5 12 53 14 83 37 6 36 47 25 55 49 95 90 43 77 30 15 95 80 19 75 54 35 39 55 13 97 33 83 12 63 41 43 54 13 98 89 1 60 57 50 71 16 81 19 55 38 
19 14 81 15 80 12 22 98 69 82 20 49 16 33 4 96 91 44 93 37 8 88 92 4 53 73 30 75 18 25 33 21 41 84 91 39 42 63 5 57 23 95 17 3 63 62 58 55 96 94 69 79 64 40 11 15 12 59 62 13 16 87 70 82 10 60 31 47 5 34 74 58 1 36 52 50 35 90 86 52 73 98 59 55 98 14 92 83 14 11 47 96 43 28 96 33 8 31 51 64 48 45 86 46 64 81 56 25 89 97 76 70 8 20 70 6 20 33 28 40 95 51 23 96 11 69 37 10 
26 57 95 98 75 50 23 18 61 13 15 22 2 37 51 31 70 6 9 28 43 4 3 40 34 11 68 44 10 64 49 89 11 12 22 79 5 25 4 31 72 24 93 81 62 74 25 27 64 95 45 90 66 100 90 8 64 83 47 69 8 5 82 33 12 65 46 42 43 59 79 30 68 4 63 90 30 35 10 39 67 5 33 74 51 24 50 51 14 89 10 19 29 77 17 49 27 79 1 100 95 95 35 46 48 16 14 100 61 24 96 27 50 5 97 7 64 12 75 68 21 23 96 54 28 63 77 12 
45 40 58 12 100 5 35 67 8 22 5 87 32 48 77 38 95 21 15 63 86 82 31 33 67 5 96 42 56 22 40 78 84 94 71 31 83 43 79 74 87 91 46 88 65 55 45 32 17 91 98 36 70 74 31 68 52 64 5 24 72 37 87 34 78 99 43 63 53 78 70 90 62 81 45 13 69 27 89 78 55 100 41 38 79 99 54 75 21 96 26 5 65 19 55 51 51 27 54 56 49 15 13 76 51 42 7 78 12 17 71 76 94 9 64 21 56 14 28 64 45 45 80 34 77 46 6 60 
11 42 65 47 51 30 95 49 92 52 68 73 62 43 70 80 12 15 38 25 40 11 61 98 46 67 99 80 57 80 96 38 95 30 72 81 61 21 22 97 55 52 12 50 70 10 100 80 42 79 14 37 76 77 40 64 96 81 8 50 84 61 13 28 47 42 20 59 87 4 27 70 79 39 98 39 41 37 62 98 89 18 18 99 100 81 79 25 29 54 12 43 84 71 45 54 4 12 6 16 6 14 1 45 5 17 71 42 12 73 82 45 73 5 59 72 56 70 75 100 98 49 84 92 54 8 36 46 
40 56 26 48 56 32 48 54 57 56 27 42 19 32 3 57 57 49 43 62 91 39 48 77 39 63 42 66 35 77 53 44 63 45 8 91 92 52 91 99 75 51 98 55 5 22 51 86 26 31 65 29 84 68 58 54 50 9 78 75 88 35 31 31 19 39 21 70 1 9 55 100 23 92 3 46 71 85 97 46 14 44 71 10 45 24 36 25 99 74 29 98 22 37 58 48 46 12 3 88 77 46 50 81 28 39 20 38 65 11 32 43 29 44 98 50 17 95 47 88 34 17 15 66 35 10 64 56 
30 3 68 83 90 6 69 20 76 91 17 88 78 98 26 36 89 16 1 5 10 12 90 46 10 69 87 63 21 11 44 52 96 4 34 53 79 36 86 62 6 21 72 99 14 47 39 64 25 11 5 38 13 94 54 93 96 70 51 50 64 9 91 42 72 35 36 99 92 64 21 59 32 77 54 48 40 11 16 30 4 67 12 25 27 23 36 31 46 60 71 69 32 38 33 24 94 76 85 97 80 27 19 2 29 14 43 50 40 89 100 65 63 13 64 23 83 20 32 28 31 92 95 9 38 42 1 13 
44 73 89 35 15 69 46 23 32 69 36 4 79 65 51 56 9 92 29 62 13 43 56 88 98 66 89 31 23 34 19 14 62 68 39 69 54 67 70 56 84 2 1 10 67 100 81 15 65 13 38 26 68 20 13 14 57 2 79 56 48 19 12 65 15 24 29 50 100 58 76 59 71 85 93 29 83 81 43 57 34 73 67 27 93 88 98 29 86 83 70 65 73 23 9 76 55 8 60 54 20 3 60 20 49 31 31 74 78 70 98 47 53 15 82 75 73 34 19 82 31 78 26 95 91 88 30 27 
2 94 32 38 84 9 45 17 29 100 6 39 72 49 21 26 49 89 17 67 50 40 90 68 96 93 2 16 89 85 95 58 30 38 47 68 52 60 94 23 61 48 46 34 73 2 4 28 36 87 97 69 56 24 11 55 77 88 56 37 29 65 44 23 64 64 15 19 75 58 97 34 32 98 93 18 4 9 22 30 6 6 40 25 51 55 21 3 8 46 56 64 7 49 11 57 77 48 1 61 90 69 2 84 36 84 63 78 19 94 32 64 2 60 54 66 18 65 84 29 85 75 12 83 16 34 54 71 
58 70 98 5 22 23 59 69 36 84 60 74 10 52 27 100 83 66 74 35 11 6 77 27 44 8 38 46 36 85 53 81 86 89 44 62 53 88 21 54 21 64 85 31 96 73 15 14 99 29 75 11 23 65 95 47 97 26 24 67 19 67 12 53 14 81 79 16 49 2 96 38 78 40 23 66 43 76 26 44 57 63 4 73 71 8 74 62 34 80 93 3 80 57 70 97 93 74 90 39 26 12 68 53 84 68 14 84 33 3 15 2 64 76 74 67 68 33 100 26 14 38 42 85 20 42 80 68 
76 25 82 17 39 33 20 37 97 91 76 97 77 27 41 86 1 8 48 85 40 79 71 14 10 40 26 97 82 26 77 3 83 80 55 75 25 96 83 2 74 100 67 26 99 62 13 64 87 23 73 33 60 69 86 32 78 63 37 56 89 38 30 25 47 17 57 40 92 50 52 42 72 82 55 82 18 37 3 29 17 9 23 11 61 82 24 31 77 63 87 33 87 88 9 74 62 41 53 10 12 15 91 30 99 88 39 29 80 95 42 18 86 50 88 92 14 24 80 28 47 46 67 45 29 93 20 9 
42 88 13 40 64 24 14 96 91 58 50 4 75 78 75 61 99 79 12 11 42 20 58 34 60 20 13 21 13 94 54 100 30 92 71 78 71 13 36 49 75 10 75 87 32 56 7 92 30 47 50 39 5 32 82 56 25 82 12 35 73 61 60 36 48 46 64 21 15 2 17 54 37 23 35 32 74 53 76 47 13 29 9 19 24 77 24 81 26 45 84 90 5 12 32 85 65 27 34 5 6 15 5 33 19 21 64 82 54 10 97 49 72 69 86 37 77 43 100 61 26 33 19 57 93 18 3 77 
34 11 49 74 59 15 17 19 25 34 82 94 39 5 52 83 81 22 83 19 87 19 43 31 47 84 35 65 59 33 97 68 79 48 5 71 94 46 20 90 97 52 14 12 84 76 59 84 69 17 31 19 59 34 29 44 44 18 85 54 62 12 34 53 6 49 83 87 95 83 8 9 2 65 74 72 16 88 81 12 37 66 18 13 77 51 14 23 64 73 2 17 11 52 85 87 2 88 98 87 83 25 88 93 13 12 24 45 92 28 52 25 59 46 35 35 69 72 43 56 83 2 34 88 17 29 26 98 
30 94 48 28 98 53 68 28 60 19 31 78 48 60 22 40 47 98 65 72 41 17 56 44 46 90 76 45 69 77 42 70 95 75 61 95 33 67 66 90 71 10 60 30 58 87 53 57 24 1 49 89 51 51 87 19 72 35 86 23 71 16 46 74 5 25 22 57 1 77 8 61 47 94 31 87 3 5 31 23 47 57 79 36 6 68 94 79 80 51 42 27 24 83 44 33 63 100 91 93 13 93 88 62 45 52 56 42 59 75 94 15 89 75 45 13 21 65 66 79 41 22 35 52 25 29 79 24 
39 72 58 11 79 3 98 98 13 87 90 34 9 87 87 68 11 50 69 70 9 1 67 78 70 68 43 89 90 85 40 57 53 78 22 29 24 76 52 78 80 98 57 38 43 59 45 63 4 80 11 35 80 49 67 8 97 17 90 99 26 71 12 66 62 59 99 72 42 24 14 79 67 18 64 52 93 53 52 91 71 85 44 17 17 21 73 24 44 45 40 68 39 24 45 13 4 63 47 86 20 1 39 100 63 80 66 24 52 72 14 67 31 59 74 77 82 11 76 8 61 85 49 73 23 79 58 58 
10 63 26 39 2 42 43 48 93 4 73 98 45 38 6 2 62 91 19 28 92 35 10 73 27 32 91 19 96 66 41 65 5 14 19 4 39 91 98 27 70 64 91 49 86 59 93 60 76 11 89 75 65 14 15 64 21 37 1 9 54 66 53 1 19 8 71 14 77 45 84 77 85 11 26 73 41 56 34 46 40 79 51 10 90 9 11 11 37 33 46 72 60 82 95 63 84 57 44 1 29 29 99 93 96 38 63 81 54 32 87 82 56 42 60 81 26 6 6 96 12 81 75 10 34 16 40 65 
91 18 35 67 11 25 27 92 24 95 92 70 14 12 21 65 82 74 73 64 67 47 68 36 61 75 87 90 65 71 67 86 90 22 36 3 51 71 91 63 52 59 63 95 46 4 48 38 38 34 73 67 46 55 60 35 27 64 98 11 43 83 96 99 21 37 65 45 83 84 59 98 32 38 83 45 38 91 88 17 8 21 60 17 3 93 21 67 73 33 32 30 3 28 84 89 1 58 81 16 91 6 87 84 57 91 76 72 78 4 14 52 59 23 58 2 44 43 71 66 22 39 29 90 73 61 88 96 
100 12 55 100 34 20 11 74 44 43 51 93 68 52 22 92 31 89 36 3 17 62 94 15 85 61 50 93 40 98 21 91 7 68 95 28 24 77 17 78 42 91 19 75 70 46 100 33 12 36 98 2 34 26 11 40 77 55 91 61 52 63 47 85 81 87 69 3 45 42 52 32 14 100 20 36 15 18 8 19 70 37 45 47 52 95 84 61 1 99 65 80 18 74 100 24 6 89 74 10 91 98 14 7 25 12 27 8 36 74 97 64 76 47 36 82 51 82 70 51 25 24 65 28 78 40 29 42 
36 35 90 10 50 5 19 85 72 24 81 62 32 72 78 4 61 63 84 46 84 52 64 42 32 27 86 33 85 45 73 19 88 59 21 61 3 90 98 66 54 20 19 62 48 18 51 32 27 3 84 69 90 21 71 47 26 26 57 7 80 67 27 61 49 91 97 46 34 74 66 53 69 91 4 84 22 93 97 37 27 19 30 87 90 53 69 38 58 67 97 66 91 54 34 41 2 25 87 64 65 23 21 50 100 31 50 82 94 35 18 67 36 38 56 21 9 41 100 31 61 93 53 91 72 9 92 69 
77 21 42 37 47 96 41 89 41 37 58 46 86 84 100 77 79 47 58 8 35 82 8 36 98 50 17 53 86 38 66 8 31 61 16 8 82 44 81 13 47 95 38 12 93 31 10 84 15 17 83 24 49 50 74 5 59 75 76 58 72 15 56 42 67 1 1 93 21 95 69 94 80 41 86 48 55 27 74 23 31 54 88 5 54 74 21 45 61 27 91 57 99 13 81 97 7 52 85 85 47 63 76 14 60 96 59 21 61 75 82 57 63 1 87 17 40 37 19 74 44 64 84 3 23 18 55 93 
67 97 77 6 65 35 45 15 2 30 64 3 22 11 84 80 52 71 85 6 96 51 16 19 53 53 83 38 1 94 14 28 37 19 7 31 35 2 74 82 18 36 57 9 13 67 57 42 10 35 51 20 12 1 11 71 47 77 72 74 81 41 19 81 5 57 19 35 30 96 99 76 30 92 56 73 28 70 31 5 53 61 73 97 29 44 86 47 4 15 88 15 3 32 99 8 98 17 70 72 90 50 76 77 27 7 71 51 82 42 52 3 78 36 17 30 80 100 1 92 56 17 14 39 72 57 48 50 
24 57 45 21 91 94 22 55 25 90 76 56 39 78 34 82 5 92 23 88 98 45 12 58 38 16 66 9 57 59 82 37 80 88 88 22 70 82 45 3 14 78 68 8 57 5 44 51 3 5 36 72 87 90 72 32 73 96 75 33 63 36 93 99 70 6 75 33 27 88 70 85 29 88 90 51 21 29 38 29 21 20 82 68 90 75 87 11 16 6 57 46 44 81 70 86 37 30 85 46 16 13 65 37 99 98 97 12 1 76 85 25 87 80 52 55 21 81 69 11 55 59 14 7 7 6 99 68 
2 95 50 56 89 97 2 4 41 58 39 68 48 33 15 48 53 52 22 75 55 41 27 71 24 42 17 3 89 80 49 15 85 100 50 28 59 31 59 40 20 98 95 49 19 49 75 75 26 35 2 74 14 9 37 13 89 75 6 84 94 93 70 18 61 68 58 52 16 56 58 93 48 90 7 16 80 11 5 63 46 39 18 30 38 15 66 85 33 47 14 12 70 73 41 87 86 100 38 44 16 59 9 41 10 13 16 24 3 87 19 11 43 83 85 53 58 8 98 57 6 69 42 79 38 85 87 30 
38 28 52 80 93 40 13 23 5 9 9 54 19 79 85 58 42 94 38 71 66 78 50 23 46 69 36 80 16 17 24 21 82 78 42 7 12 99 29 27 61 4 60 55 57 52 90 32 55 98 26 66 41 78 59 72 61 56 4 55 30 92 91 36 7 29 35 92 12 11 14 48 15 53 76 87 36 83 65 49 24 43 77 37 88 27 61 16 82 4 21 74 50 44 44 70 27 43 95 23 45 36 40 33 61 95 62 35 4 93 40 9 1 12 94 40 12 33 48 18 51 35 10 29 69 22 26 23 
49 4 75 67 79 100 84 15 39 98 74 16 58 44 7 62 28 100 40 41 56 76 43 12 60 8 48 87 50 90 75 33 95 97 50 25 33 73 52 28 66 16 98 78 19 4 17 85 42 11 77 50 45 95 82 57 54 15 28 81 64 18 68 55 70 28 47 81 78 21 15 65 33 85 81 13 26 6 88 22 61 89 61 52 13 29 8 33 23 68 64 18 13 49 28 92 23 94 81 65 50 40 69 84 81 8 83 27 27 35 61 68 64 91 14 9 25 93 86 41 69 5 87 45 86 58 65 10 
45 47 76 39 84 42 55 8 29 44 78 32 68 48 73 96 67 93 28 16 37 19 32 92 67 3 72 45 52 93 10 50 85 72 68 8 30 48 30 69 43 33 58 17 78 52 31 66 70 77 93 45 7 62 56 8 20 99 44 39 24 59 47 2 38 46 29 40 75 75 27 62 72 18 47 28 76 88 78 17 31 87 20 81 46 98 1 20 90 55 51 25 65 66 58 46 88 99 65 19 18 74 45 72 38 22 84 46 65 95 17 98 8 73 48 23 62 5 81 80 43 80 100 12 47 34 17 48 
41 13 26 75 54 71 91 82 86 46 24 14 83 97 90 3 80 5 60 73 78 32 10 27 30 68 78 99 88 13 55 30 26 63 68 68 36 36 4 16 85 58 43 79 43 34 35 26 75 42 2 13 75 34 76 85 6 44 82 3 26 19 22 80 79 47 97 48 91 26 4 26 81 26 18 23 68 88 58 86 98 27 27 2 15 49 56 22 89 16 88 58 43 88 34 18 18 58 89 79 89 94 68 55 70 46 76 11 53 97 71 18 99 69 17 19 29 5 14 69 32 19 52 7 75 33 70 62 
1 -1 1 -1 -1 -1 1 1 1 -1 -1 1 1 -1 1 -1 -1 1 -1 1 1 1 1 -1 -1 -1 -1 -1 1 1 1 1 1 -1 -1 1 -1 -1 1 -1 -1 -1 -1 1 1 -1 1 1 1 -1 -1 -1 1 -1 1 1 -1 1 -1 -1 1 1 -1 1 -1 1 1 -1 1 -1 -1 1 -1 1 1 1 -1 1 -1 -1 1 1 -1 -1 -1 -1 1 -1 -1 1 1 -1 1 -1 1 1 -1 1 1 1 1 1 -1 -1 1 1 1 -1 1 1 1 -1 -1 1 1 1 1 -1 1 -1 -1 -1 -1 1 1 -1 -1 -1 
-1 1 1 1 -1 -1 -1 -1 1 1 -1 1 1 1 1 1 -1 1 -1 1 1 -1 -1 -1 -1 1 -1 -1 -1 1 -1 -1 1 -1 1 -1 1 1 1 -1 1 1 1 -1 1 1 -1 1 -1 -1 -1 1 1 1 -1 1 -1 1 1 1 -1 -1 1 1 1 1 1 1 1 -1 -1 -1 1 -1 1 -1 -1 -1 1 -1 -1 1 -1 -1 -1 1 -1 1 1 1 1 1 -1 -1 -1 -1 1 1 -1 1 -1 -1 -1 1 -1 -1 -1 1 -1 1 1 1 -1 -1 -1 -1 -1 -1 -1 -1 -1 1 1 1 -1 1 1 -1 
1 1 1 1 -1 1 1 1 -1 -1 1 1 1 1 -1 -1 1 -1 -1 -1 1 1 -1 -1 1 1 1 -1 -1 -1 1 -1 -1 -1 1 -1 1 1 1 1 -1 1 -1 1 -1 -1 -1 1 1 -1 1 1 -1 1 1 -1 1 1 1 1 1 -1 1 1 1 -1 -1 -1 -1 -1 1 -1 -1 1 1 1 1 1 -1 -1 1 -1 1 -1 -1 1 1 1 -1 1 -1 -1 -1 -1 1 1 -1 -1 1 -1 -1 -1 -1 -1 -1 1 -1 1 1 -1 -1 1 1 -1 -1 1 -1 1 1 -1 -1 1 -1 -1 1 -1 1 -1 
-1 1 1 1 1 -1 1 -1 -1 -1 -1 -1 1 -1 -1 -1 1 -1 1 -1 1 1 1 1 -1 1 1 1 1 -1 1 -1 -1 1 -1 -1 -1 -1 -1 1 -1 1 -1 1 1 -1 -1 -1 -1 1 -1 1 1 1 -1 1 -1 1 1 1 1 1 -1 -1 -1 1 -1 -1 -1 1 -1 1 1 -1 -1 1 1 1 1 1 -1 1 1 1 -1 -1 -1 -1 -1 1 -1 1 1 -1 -1 1 1 1 1 1 -1 1 -1 1 1 -1 1 -1 1 -1 -1 -1 -1 1 1 -1 -1 1 -1 1 1 -1 1 1 -1 1 -1 -1 
-1 -1 -1 1 -1 1 -1 -1 -1 -1 -1 1 -1 1 1 -1 1 1 -1 1 -1 -1 -1 -1 -1 -1 -1 1 1 1 -1 -1 1 -1 -1 -1 -1 -1 -1 -1 -1 1 -1 1 -1 1 -1 1 1 1 1 1 -1 1 1 1 -1 -1 -1 -1 -1 1 -1 1 1 -1 -1 1 1 -1 -1 -1 -1 -1 -1 -1 1 -1 1 -1 1 1 1 1 1 -1 -1 -1 1 -1 1 1 1 -1 -1 1 1 1 -1 1 -1 1 -1 1 1 -1 -1 1 1 -1 -1 -1 -1 1 -1 -1 -1 -1 1 -1 1 1 1 -1 -1 -1 1 1 
-1 -1 1 -1 1 1 -1 1 -1 -1 -1 -1 -1 1 -1 1 1 1 -1 1 1 1 1 1 1 1 -1 1 -1 1 1 -1 1 -1 -1 -1 -1 -1 1 1 1 1 1 -1 -1 -1 -1 -1 1 1 -1 1 -1 -1 -1 -1 -1 -1 -1 1 -1 1 1 -1 -1 -1 -1 1 -1 -1 -1 -1 1 -1 -1 1 -1 -1 1 1 1 -1 -1 -1 1 1 -1 1 -1 -1 1 -1 1 1 -1 -1 -1 -1 1 -1 -1 1 -1 1 1 1 1 -1 -1 -1 -1 1 -1 -1 -1 1 1 1 1 1 1 1 1 1 -1 -1 1 -1 
1 -1 1 1 -1 -1 -1 1 -1 -1 1 1 1 1 -1 1 -1 1 -1 1 -1 1 1 1 -1 1 1 1 -1 -1 1 -1 -1 1 -1 1 -1 -1 -1 1 1 -1 1 1 1 -1 -1 1 -1 -1 -1 -1 -1 -1 1 1 1 1 1 -1 -1 -1 1 -1 1 1 -1 -1 1 -1 1 1 1 -1 1 1 1 1 -1 -1 -1 -1 -1 -1 1 1 -1 -1 -1 1 -1 -1 -1 -1 1 1 1 1 -1 -1 1 -1 1 -1 -1 -1 1 -1 -1 1 1 -1 1 -1 -1 -1 -1 -1 -1 -1 -1 1 -1 -1 -1 1 1 -1 
1 -1 1 -1 -1 1 1 -1 -1 1 1 1 1 -1 -1 1 -1 1 -1 1 -1 -1 -1 1 1 1 1 1 1 1 1 1 -1 1 1 -1 -1 -1 -1 1 1 1 -1 1 1 1 -1 1 1 1 -1 -1 1 1 -1 1 -1 -1 -1 1 1 -1 1 1 1 -1 -1 1 -1 1 -1 1 1 1 1 1 1 1 1 -1 1 -1 1 1 1 -1 -1 -1 -1 -1 -1 1 -1 -1 -1 -1 1 1 -1 1 -1 1 1 1 -1 -1 -1 1 1 1 1 -1 1 -1 1 1 -1 1 -1 -1 -1 -1 -1 -1 1 -1 1 -1 
1 1 -1 -1 -1 -1 -1 -1 1 1 -1 -1 -1 1 1 -1 1 1 -1 -1 1 -1 -1 1 1 1 -1 1 -1 -1 -1 -1 -1 -1 1 1 -1 1 1 -1 -1 1 -1 -1 -1 -1 -1 -1 -1 1 1 1 -1 -1 1 -1 -1 1 -1 1 -1 -1 -1 1 -1 1 -1 -1 -1 1 1 -1 -1 1 -1 -1 1 -1 -1 1 1 1 1 1 1 1 1 -1 -1 1 -1 -1 1 1 -1 -1 -1 1 -1 -1 -1 -1 -1 -1 1 1 1 1 1 1 -1 1 -1 1 -1 1 -1 -1 1 1 1 1 1 1 1 -1 -1 1 
-1 1 -1 -1 -1 -1 -1 1 1 -1 -1 1 -1 1 1 -1 -1 -1 1 -1 1 -1 -1 1 1 -1 1 1 1 -1 -1 -1 1 -1 1 -1 1 1 -1 1 1 -1 1 -1 1 -1 -1 -1 1 1 1 -1 1 -1 -1 -1 -1 1 1 1 1 1 -1 -1 1 1 -1 1 -1 1 -1 1 1 -1 1 1 -1 -1 -1 -1 -1 -1 -1 -1 -1 1 1 -1 -1 1 1 -1 -1 1 -1 1 -1 1 -1 -1 -1 -1 1 1 1 -1 1 1 1 1 1 -1 1 -1 1 1 1 1 -1 1 1 -1 -1 1 -1 1 -1 -1 
-1 -1 1 -1 -1 -1 1 1 -1 -1 1 -1 -1 -1 -1 1 1 1 -1 1 1 1 -1 1 1 1 -1 1 -1 -1 -1 -1 1 1 1 1 -1 -1 -1 -1 1 -1 1 -1 -1 1 1 -1 1 1 -1 -1 -1 1 1 1 -1 -1 1 -1 1 1 -1 -1 -1 -1 1 -1 1 1 1 -1 -1 -1 1 1 -1 -1 1 -1 -1 -1 1 -1 1 1 -1 -1 1 -1 -1 1 1 1 1 1 1 -1 -1 -1 -1 1 -1 -1 1 -1 1 -1 -1 -1 -1 1 1 1 1 -1 1 1 1 1 1 1 -1 1 -1 -1 1 1 
1 1 1 -1 1 -1 1 1 -1 1 -1 1 1 -1 1 1 1 -1 1 -1 1 1 1 -1 -1 1 1 -1 1 1 1 1 -1 -1 -1 -1 1 1 -1 -1 1 -1 1 1 -1 1 -1 -1 -1 1 1 1 1 -1 -1 1 -1 1 1 -1 -1 -1 1 1 -1 -1 1 1 -1 1 1 -1 -1 1 1 1 -1 1 1 1 1 1 -1 -1 1 1 1 1 -1 1 1 -1 1 -1 1 1 -1 1 -1 1 1 1 1 -1 1 1 1 -1 -1 1 1 -1 -1 1 -1 -1 1 -1 1 -1 -1 1 1 1 -1 -1 -1 -1 
1 1 1 1 -1 -1 1 1 -1 -1 -1 1 1 1 1 1 1 1 1 -1 -1 -1 -1 -1 1 -1 -1 -1 1 1 1 1 -1 -1 -1 -1 -1 1 1 -1 1 1 1 -1 -1 1 1 -1 -1 1 -1 1 1 1 -1 1 1 -1 1 1 -1 -1 1 1 1 -1 -1 1 1 -1 -1 -1 1 1 1 1 -1 -1 1 -1 -1 -1 -1 -1 1 -1 1 -1 1 -1 1 1 -1 1 -1 -1 -1 -1 1 1 1 1 1 1 -1 -1 -1 1 1 -1 1 1 -1 1 -1 1 1 -1 1 1 1 -1 1 -1 -1 1 1 -1 
-1 1 1 -1 1 1 1 -1 1 1 -1 -1 1 -1 -1 1 -1 -1 1 1 -1 -1 1 1 1 1 -1 1 -1 -1 -1 -1 -1 1 1 -1 1 -1 -1 1 1 1 -1 -1 -1 -1 1 1 1 -1 1 -1 1 1 1 1 -1 -1 -1 1 1 1 -1 -1 -1 -1 -1 -1 -1 1 -1 1 1 -1 -1 -1 -1 -1 -1 1 -1 1 1 -1 1 1 1 1 1 -1 1 -1 -1 -1 -1 -1 -1 -1 -1 -1 1 -1 -1 -1 -1 1 -1 1 -1 -1 -1 -1 -1 -1 -1 1 1 1 1 -1 1 1 1 1 1 -1 1 -1 
1 1 -1 -1 1 -1 -1 -1 1 1 -1 1 1 -1 1 -1 1 1 -1 -1 -1 1 1 1 -1 1 -1 1 -1 -1 -1 1 1 -1 1 -1 -1 -1 -1 1 -1 -1 1 1 1 -1 -1 -1 1 1 -1 1 1 -1 1 -1 -1 -1 1 1 1 -1 1 1 -1 -1 1 -1 -1 -1 1 -1 -1 -1 -1 1 -1 -1 1 -1 -1 1 1 -1 -1 1 -1 -1 1 -1 1 1 1 1 -1 -1 -1 -1 -1 1 1 -1 1 1 -1 1 1 1 1 -1 1 1 1 -1 1 -1 -1 1 1 -1 1 1 -1 1 1 -1 1 -1 
-1 1 -1 -1 -1 1 1 1 -1 -1 1 1 1 1 -1 1 1 -1 1 -1 -1 1 -1 1 -1 -1 -1 1 -1 -1 -1 1 -1 -1 1 -1 1 -1 -1 -1 1 -1 1 -1 1 -1 -1 1 1 1 -1 1 1 -1 -1 1 -1 -1 1 -1 -1 1 -1 1 -1 -1 -1 -1 1 1 -1 1 1 1 -1 1 1 -1 1 -1 1 -1 -1 -1 -1 -1 -1 1 -1 1 -1 -1 1 -1 -1 1 -1 -1 1 1 1 1 1 1 1 -1 -1 1 -1 -1 1 1 -1 -1 1 -1 1 -1 1 -1 1 -1 -1 -1 1 -1 -1 1 
-1 -1 1 1 1 1 -1 -1 1 -1 1 1 1 -1 1 1 1 -1 -1 -1 -1 -1 -1 1 1 1 -1 -1 1 1 1 1 1 -1 1 -1 1 1 1 1 -1 -1 1 -1 1 -1 -1 1 -1 -1 1 -1 -1 -1 1 1 -1 1 -1 1 -1 1 -1 1 1 1 1 1 -1 1 -1 -1 -1 -1 1 -1 1 1 1 1 -1 -1 1 -1 1 -1 1 -1 -1 1 -1 1 -1 -1 -1 1 1 -1 -1 -1 1 1 -1 1 1 1 -1 -1 -1 1 -1 1 -1 1 -1 -1 -1 -1 -1 -1 1 -1 1 1 -1 -1 -1 -1 
1 1 -1 -1 1 1 1 1 1 -1 1 -1 1 -1 1 -1 -1 -1 1 -1 1 -1 1 -1 -1 -1 -1 1 -1 1 1 1 -1 -1 -1 -1 1 1 -1 -1 -1 -1 -1 -1 1 -1 -1 -1 1 -1 1 1 1 -1 1 1 1 -1 1 1 -1 1 -1 -1 -1 -1 1 1 1 1 -1 -1 -1 -1 1 1 1 -1 -1 -1 -1 1 -1 -1 1 1 1 -1 1 -1 1 1 -1 -1 -1 1 1 1 1 1 -1 -1 -1 1 1 -1 1 -1 -1 1 -1 1 1 -1 -1 1 -1 -1 -1 -1 1 -1 -1 -1 1 1 1 -1 
-1 -1 -1 1 -1 -1 -1 -1 -1 1 -1 1 1 1 -1 1 -1 1 1 1 1 -1 -1 1 -1 1 1 -1 -1 1 -1 1 1 1 -1 -1 1 1 -1 -1 -1 1 -1 -1 1 -1 1 -1 1 1 -1 1 1 1 1 1 -1 1 1 1 -1 -1 -1 -1 -1 -1 1 -1 1 1 1 -1 -1 -1 -1 -1 -1 1 -1 -1 1 1 -1 -1 1 1 -1 -1 1 -1 -1 1 1 1 1 1 -1 -1 1 1 -1 1 1 -1 1 -1 -1 -1 1 -1 1 1 -1 1 -1 1 1 1 -1 -1 -1 1 -1 -1 1 -1 1 -1 
1 1 -1 -1 1 1 1 1 -1 -1 1 -1 -1 1 -1 -1 -1 -1 1 1 -1 1 1 1 1 -1 1 1 -1 -1 1 1 -1 1 -1 1 -1 1 1 1 1 1 -1 -1 -1 -1 1 1 1 1 1 -1 1 -1 1 1 -1 1 -1 1 -1 1 1 -1 -1 -1 1 1 1 1 1 -1 -1 -1 -1 1 1 -1 -1 -1 1 -1 -1 1 1 1 1 -1 1 -1 -1 -1 1 1 -1 1 -1 1 1 1 -1 -1 -1 1 1 -1 -1 -1 1 1 1 1 -1 -1 1 -1 -1 1 -1 -1 1 1 -1 1 -1 1 -1 1 
1 1 1 1 -1 1 -1 -1 1 1 1 1 -1 -1 -1 -1 -1 1 1 -1 -1 -1 -1 -1 1 1 1 1 1 -1 1 -1 1 1 1 1 -1 -1 -1 1 -1 -1 -1 -1 -1 1 -1 -1 1 1 -1 1 -1 -1 1 1 1 -1 -1 1 1 -1 1 -1 1 1 -1 -1 1 -1 -1 -1 -1 1 1 -1 1 1 -1 -1 1 1 -1 -1 -1 1 -1 -1 1 -1 -1 -1 -1 -1 -1 -1 1 1 -1 1 -1 1 1 -1 1 -1 1 -1 1 -1 -1 -1 -1 -1 1 -1 1 1 1 1 1 1 1 -1 1 1 1 -1 
1 -1 1 1 -1 1 1 -1 -1 -1 1 1 -1 -1 1 1 -1 -1 -1 1 -1 1 1 1 1 -1 1 -1 1 -1 1 1 1 1 1 1 -1 -1 -1 1 1 1 1 -1 1 -1 -1 1 -1 -1 -1 -1 -1 1 -1 1 -1 -1 1 1 1 -1 -1 -1 1 -1 -1 1 1 -1 -1 -1 -1 -1 1 1 1 -1 -1 -1 1 1 -1 1 -1 1 -1 1 -1 1 1 1 -1 -1 1 -1 -1 1 1 -1 -1 -1 -1 1 1 1 1 1 1 1 1 1 -1 -1 -1 -1 -1 1 1 -1 1 1 -1 1 1 1 -1 1 
1 -1 -1 1 -1 1 1 -1 -1 -1 -1 1 -1 1 1 -1 -1 1 -1 1 -1 1 1 -1 -1 1 1 1 1 1 -1 1 -1 -1 1 -1 -1 -1 1 -1 -1 -1 -1 -1 -1 1 -1 -1 -1 -1 -1 1 1 1 -1 1 -1 -1 1 -1 -1 -1 1 1 -1 -1 1 -1 -1 1 -1 -1 1 1 1 -1 -1 1 -1 -1 1 -1 1 -1 -1 1 1 1 -1 -1 1 1 -1 -1 -1 -1 -1 -1 1 1 -1 -1 -1 1 -1 -1 -1 1 -1 1 -1 -1 -1 -1 1 1 1 -1 -1 1 1 -1 -1 -1 -1 -1 1 1 
-1 -1 -1 1 -1 1 1 1 1 1 1 -1 -1 1 1 1 1 -1 1 1 -1 1 -1 1 1 1 1 -1 1 1 1 -1 1 -1 1 -1 1 1 1 -1 1 1 -1 -1 -1 1 1 1 1 1 1 1 -1 1 -1 1 -1 1 1 -1 -1 1 -1 1 1 1 -1 1 -1 -1 -1 -1 1 -1 1 -1 -1 1 -1 -1 1 1 1 -1 -1 -1 -1 -1 -1 1 -1 -1 1 -1 -1 1 -1 -1 -1 1 -1 1 1 1 1 -1 1 1 1 1 1 1 1 1 1 -1 1 1 -1 1 -1 1 -1 1 -1 1 1 -1 
-1 -1 1 -1 -1 1 -1 1 1 1 1 -1 1 1 -1 -1 1 -1 -1 1 1 1 -1 1 -1 -1 1 -1 -1 -1 1 -1 1 -1 1 -1 -1 -1 1 -1 1 1 1 -1 -1 1 -1 1 1 -1 -1 1 1 1 -1 1 -1 1 -1 1 1 1 -1 -1 -1 1 -1 -1 -1 -1 -1 -1 -1 1 -1 -1 1 -1 1 -1 -1 -1 1 -1 -1 -1 1 -1 -1 -1 1 -1 1 1 1 1 -1 -1 -1 1 -1 1 1 1 1 1 -1 -1 -1 1 -1 1 -1 1 1 -1 -1 -1 -1 -1 -1 1 1 1 1 -1 -1 1 
-1 1 1 1 -1 1 1 1 1 -1 1 1 -1 1 1 -1 1 -1 1 -1 1 -1 1 1 -1 -1 1 -1 -1 1 -1 1 1 1 1 -1 1 -1 -1 -1 -1 -1 1 -1 1 1 -1 1 1 1 1 -1 -1 1 1 -1 -1 -1 -1 1 1 -1 -1 -1 1 1 1 1 1 -1 -1 -1 -1 -1 -1 1 1 1 -1 -1 1 1 -1 1 -1 -1 -1 1 1 1 -1 1 -1 1 -1 -1 -1 -1 1 1 1 1 -1 1 -1 1 -1 1 -1 1 -1 1 1 1 -1 1 -1 -1 1 1 1 -1 1 -1 1 -1 1 -1 
-1 -1 1 1 -1 -1 1 1 -1 1 -1 1 -1 -1 -1 -1 -1 -1 1 1 1 1 1 1 1 1 1 -1 1 1 1 1 1 1 1 1 -1 1 1 1 1 1 -1 1 -1 1 1 -1 -1 -1 1 1 1 1 1 1 1 -1 -1 -1 -1 -1 -1 1 -1 1 -1 1 -1 1 -1 1 1 1 -1 -1 -1 1 1 -1 1 -1 -1 -1 1 -1 1 1 -1 1 1 1 1 1 1 -1 -1 1 1 1 -1 1 1 -1 1 -1 1 1 1 -1 -1 -1 -1 -1 -1 -1 -1 -1 -1 -1 -1 -1 1 1 1 1 1 -1 
-1 -1 -1 1 1 1 1 1 1 1 1 -1 -1 1 1 1 -1 1 -1 1 1 -1 1 -1 -1 -1 -1 1 1 1 1 1 1 1 1 -1 1 -1 -1 1 -1 -1 -1 1 -1 1 1 1 1 -1 1 1 1 1 -1 1 -1 -1 -1 -1 -1 -1 1 -1 -1 -1 1 -1 -1 1 -1 -1 -1 1 1 1 -1 -1 -1 -1 -1 1 1 -1 -1 -1 1 -1 1 1 -1 1 -1 -1 -1 1 1 1 1 1 -1 1 1 1 -1 -1 1 -1 -1 1 -1 1 -1 1 -1 -1 -1 -1 -1 -1 1 -1 -1 1 1 -1 1 -1 
1 -1 -1 1 1 -1 -1 1 -1 1 -1 1 1 -1 -1 -1 1 -1 -1 -1 1 1 1 1 -1 -1 1 1 -1 1 -1 -1 -1 1 -1 1 1 -1 -1 -1 1 -1 -1 1 -1 1 -1 -1 -1 -1 -1 1 -1 1 -1 1 1 1 -1 1 -1 1 -1 -1 1 1 1 1 1 -1 -1 -1 1 1 -1 -1 -1 -1 -1 -1 1 -1 1 1 1 -1 -1 1 1 1 -1 -1 -1 1 -1 -1 -1 -1 -1 -1 1 1 -1 1 -1 1 -1 1 -1 -1 1 -1 -1 -1 -1 -1 1 -1 -1 -1 1 -1 1 1 1 1 -1 -1 
1 1 -1 -1 1 1 -1 1 -1 -1 -1 1 1 -1 -1 -1 1 1 1 -1 -1 -1 1 1 -1 1 1 1 1 -1 -1 1 -1 1 1 1 1 1 -1 1 1 -1 1 -1 1 1 -1 -1 1 -1 1 -1 -1 1 -1 1 1 -1 1 -1 -1 -1 1 -1 -1 1 -1 -1 1 1 -1 1 1 1 1 1 -1 -1 1 -1 -1 1 1 -1 1 -1 1 -1 1 -1 -1 -1 -1 1 -1 -1 1 1 1 1 -1 1 -1 -1 -1 -1 1 1 1 -1 -1 1 1 -1 -1 -1 1 -1 -1 1 -1 1 -1 1 -1 1 -1 -1 
1 -1 1 1 -1 1 1 1 -1 -1 -1 1 1 -1 -1 -1 1 1 -1 1 1 1 -1 1 1 -1 1 1 -1 -1 -1 -1 1 1 1 1 -1 1 1 1 -1 1 1 1 1 1 -1 1 -1 1 -1 -1 -1 -1 -1 -1 1 1 1 -1 1 1 -1 -1 -1 -1 1 1 -1 -1 -1 -1 1 1 1 1 1 -1 -1 -1 1 -1 1 1 -1 -1 1 1 1 1 1 -1 1 1 -1 -1 -1 1 1 -1 1 -1 -1 1 -1 -1 -1 1 -1 -1 -1 1 -1 -1 -1 1 -1 1 1 1 1 1 1 -1 -1 -1 1 -1 
1 -1 -1 -1 -1 -1 -1 1 -1 -1 -1 1 1 -1 1 1 1 1 1 1 -1 1 1 -1 -1 1 1 1 -1 1 -1 1 -1 -1 -1 -1 -1 1 -1 -1 1 1 -1 1 1 -1 -1 1 -1 -1 1 -1 -1 1 -1 -1 1 1 1 -1 -1 1 1 -1 -1 1 1 1 1 1 -1 -1 1 -1 1 1 -1 1 1 1 1 1 1 -1 -1 -1 1 -1 1 1 -1 1 1 1 1 -1 1 1 -1 -1 1 1 1 1 -1 1 -1 1 1 1 1 -1 -1 1 1 1 -1 -1 1 -1 1 1 -1 1 1 -1 -1 1 
1 1 -1 -1 1 1 -1 -1 -1 1 1 -1 -1 -1 1 -1 1 -1 1 -1 1 1 -1 1 1 1 1 1 -1 -1 1 -1 1 -1 1 -1 1 -1 -1 -1 -1 -1 -1 1 -1 -1 -1 -1 1 1 1 1 -1 1 -1 1 -1 1 -1 1 1 -1 1 1 1 1 1 -1 1 1 -1 1 -1 -1 -1 1 -1 -1 1 1 -1 -1 1 -1 1 -1 1 -1 1 1 -1 1 -1 -1 -1 1 -1 -1 1 1 -1 -1 1 -1 1 -1 -1 -1 -1 1 1 1 -1 -1 -1 -1 -1 1 1 -1 1 -1 1 1 1 1 1 1 
-1 -1 -1 1 -1 -1 1 1 -1 -1 1 -1 -1 1 -1 -1 -1 -1 1 1 1 1 -1 -1 -1 1 1 1 1 1 1 -1 -1 -1 -1 1 1 -1 1 -1 1 1 1 -1 -1 1 -1 -1 -1 1 1 1 -1 1 -1 1 1 1 -1 -1 -1 1 -1 -1 -1 -1 -1 -1 1 -1 1 1 1 1 -1 -1 1 1 -1 1 -1 -1 -1 -1 1 -1 1 -1 -1 1 1 1 -1 -1 -1 1 1 1 1 1 1 -1 -1 -1 -1 -1 -1 1 1 -1 -1 -1 1 1 1 -1 1 -1 1 -1 -1 -1 -1 1 1 -1 -1 -1 
-1 1 1 -1 -1 -1 -1 1 1 1 1 -1 -1 1 1 1 1 -1 -1 -1 1 1 1 1 1 1 1 1 -1 1 1 -1 1 -1 1 1 1 -1 1 1 -1 -1 1 -1 1 -1 -1 1 -1 1 1 1 1 -1 1 1 -1 -1 -1 1 1 1 -1 -1 -1 -1 -1 -1 1 1 -1 -1 -1 1 -1 1 -1 -1 -1 1 1 -1 -1 -1 -1 -1 1 1 1 1 1 -1 1 1 1 1 1 -1 1 -1 -1 -1 -1 -1 1 -1 1 1 -1 -1 1 1 -1 1 1 1 -1 1 1 -1 1 -1 -1 -1 -1 1 1 -1 
1 -1 -1 -1 -1 -1 1 -1 1 -1 1 -1 -1 -1 -1 -1 -1 -1 -1 1 1 1 -1 -1 -1 -1 1 -1 1 1 1 -1 -1 1 1 1 1 1 1 1 1 1 -1 -1 -1 1 -1 -1 -1 -1 -1 -1 -1 1 -1 1 -1 -1 -1 -1 -1 -1 -1 -1 -1 -1 1 1 -1 1 1 -1 -1 1 -1 -1 -1 1 1 1 1 1 1 -1 1 -1 1 1 1 1 1 -1 -1 1 1 1 1 1 -1 1 1 1 -1 1 1 -1 1 -1 -1 -1 -1 -1 -1 -1 -1 -1 -1 1 1 -1 -1 1 -1 1 1 -1 1 1 
-1 1 1 -1 -1 -1 -1 -1 -1 1 -1 1 -1 1 -1 1 1 1 1 -1 -1 -1 -1 1 -1 1 -1 1 1 1 -1 -1 1 1 1 1 1 -1 -1 -1 1 1 -1 -1 -1 1 -1 -1 1 -1 -1 1 1 1 -1 -1 -1 -1 -1 -1 1 -1 1 -1 1 1 1 -1 -1 -1 1 -1 -1 -1 1 1 1 1 1 1 1 1 1 -1 1 -1 -1 -1 -1 1 -1 1 -1 -1 1 1 1 1 -1 1 1 1 1 1 -1 -1 1 -1 -1 1 1 -1 1 -1 1 -1 -1 1 -1 -1 -1 1 1 -1 1 -1 -1 -1 
-1 1 1 -1 -1 -1 -1 -1 1 1 -1 1 1 -1 -1 -1 1 1 1 1 -1 -1 -1 1 -1 -1 1 -1 -1 1 1 1 -1 -1 -1 1 -1 1 1 1 1 1 -1 1 -1 -1 1 1 1 1 -1 -1 1 -1 1 1 -1 -1 -1 -1 -1 -1 1 1 -1 -1 1 -1 1 -1 1 -1 1 -1 1 -1 1 1 -1 1 -1 -1 1 1 -1 1 -1 -1 1 -1 -1 -1 -1 -1 1 1 1 1 1 -1 -1 -1 1 -1 -1 -1 1 -1 -1 1 1 -1 1 1 1 1 -1 -1 -1 -1 1 1 1 1 -1 -1 -1 1 
1 1 1 -1 -1 1 -1 -1 1 -1 -1 -1 1 -1 -1 -1 1 -1 -1 1 -1 -1 1 1 1 -1 1 -1 -1 -1 1 -1 -1 1 1 1 -1 1 1 1 1 1 -1 1 -1 1 1 -1 -1 1 1 -1 1 1 1 1 1 1 -1 1 1 -1 1 -1 -1 -1 -1 -1 -1 1 1 -1 -1 -1 -1 1 1 1 -1 -1 1 -1 1 -1 -1 1 -1 -1 1 -1 -1 -1 -1 1 1 -1 1 1 1 1 1 1 -1 1 -1 -1 -1 -1 1 1 1 -1 -1 -1 1 -1 1 1 -1 1 -1 -1 -1 1 -1 1 -1 1 
-1 -1 1 1 -1 1 1 1 -1 1 -1 -1 -1 1 1 -1 1 -1 -1 1 1 1 -1 -1 -1 -1 1 1 -1 1 1 -1 -1 -1 1 1 -1 1 1 1 1 1 -1 1 -1 -1 1 1 1 -1 1 1 -1 -1 -1 1 -1 1 1 1 -1 1 -1 -1 -1 -1 1 -1 -1 -1 1 1 1 1 -1 1 1 1 1 -1 1 1 -1 1 1 1 1 1 -1 1 1 1 -1 -1 -1 1 1 1 -1 1 -1 1 1 -1 1 1 -1 1 1 -1 1 -1 1 -1 1 -1 -1 1 1 -1 -1 -1 1 -1 1 -1 -1 1 
-1 1 -1 -1 -1 1 1 1 -1 1 1 1 1 1 -1 1 -1 -1 -1 1 -1 1 -1 1 1 -1 1 -1 1 1 -1 1 -1 1 -1 1 1 1 1 1 1 -1 -1 1 -1 -1 1 1 -1 -1 1 1 1 -1 -1 1 -1 1 -1 1 -1 1 1 1 1 1 -1 -1 1 1 1 -1 -1 -1 -1 -1 1 -1 -1 -1 1 1 -1 1 -1 1 1 -1 1 1 -1 -1 1 -1 -1 1 1 -1 1 -1 -1 1 1 1 1 1 -1 1 1 1 1 1 -1 -1 -1 1 -1 1 -1 -1 -1 1 -1 1 1 -1 1 1 
-1 1 1 1 1 1 -1 1 1 -1 -1 -1 1 1 -1 -1 -1 -1 1 1 -1 1 -1 1 1 -1 1 -1 -1 -1 1 1 -1 1 -1 1 1 1 1 1 -1 -1 1 1 -1 -1 -1 1 -1 1 -1 -1 1 -1 1 1 1 1 1 -1 1 -1 1 1 -1 -1 -1 -1 -1 1 1 -1 -1 1 1 1 -1 1 1 -1 1 -1 1 -1 1 1 1 -1 -1 -1 -1 -1 1 1 1 -1 1 -1 -1 1 -1 -1 -1 1 -1 1 -1 1 -1 -1 -1 1 -1 -1 1 1 -1 1 -1 1 1 -1 1 -1 -1 1 -1 -1 
-1 1 -1 -1 -1 1 1 -1 -1 1 1 1 1 -1 1 1 1 -1 -1 -1 -1 1 -1 -1 1 1 -1 -1 -1 1 1 -1 -1 1 1 -1 -1 -1 -1 -1 -1 1 1 1 1 1 -1 -1 1 -1 1 1 -1 -1 1 -1 1 -1 1 1 1 -1 -1 1 1 1 -1 -1 1 -1 1 1 1 1 1 1 1 -1 1 -1 -1 -1 1 1 1 1 -1 1 -1 -1 -1 -1 -1 -1 1 1 1 -1 -1 1 -1 -1 -1 -1 -1 1 1 1 -1 1 1 1 -1 1 1 1 1 -1 -1 1 1 -1 -1 -1 -1 -1 -1 -1 
1 -1 1 1 1 -1 1 1 -1 -1 -1 1 -1 -1 1 -1 -1 -1 -1 -1 -1 -1 -1 -1 -1 -1 1 1 1 -1 1 1 1 -1 -1 -1 -1 1 1 1 1 1 1 -1 -1 1 1 -1 -1 -1 -1 -1 -1 -1 -1 1 -1 -1 -1 -1 -1 -1 1 -1 -1 -1 1 -1 -1 1 -1 -1 -1 1 1 1 1 1 1 -1 -1 1 1 -1 -1 1 -1 1 1 -1 1 -1 -1 -1 -1 -1 1 -1 -1 -1 1 -1 -1 -1 1 1 -1 1 1 -1 -1 -1 1 -1 -1 1 1 -1 -1 -1 1 1 -1 -1 -1 -1 1 -1 
1 1 -1 1 -1 -1 1 1 -1 1 -1 -1 -1 -1 1 1 1 1 1 -1 -1 1 -1 -1 -1 1 -1 -1 -1 1 1 1 -1 -1 1 -1 -1 -1 -1 -1 -1 -1 1 -1 -1 1 1 1 1 1 -1 1 -1 1 1 -1 1 1 1 -1 -1 -1 -1 -1 -1 1 -1 -1 1 1 1 -1 -1 1 1 -1 -1 -1 -1 -1 -1 1 -1 -1 -1 1 1 1 -1 -1 -1 1 1 -1 -1 1 -1 1 -1 -1 -1 -1 -1 1 1 -1 -1 -1 -1 1 -1 -1 1 -1 1 1 -1 -1 1 -1 -1 -1 -1 -1 1 -1 1 -1 
-1 1 -1 -1 1 -1 -1 1 -1 -1 1 1 1 -1 -1 -1 -1 -1 -1 -1 1 -1 1 1 1 1 1 1 1 1 1 -1 -1 1 -1 1 1 -1 1 -1 -1 -1 1 1 1 1 1 1 -1 -1 1 -1 -1 -1 1 1 -1 1 1 1 -1 1 -1 -1 1 1 -1 1 -1 1 1 -1 1 1 1 1 1 -1 -1 1 1 -1 -1 -1 1 -1 -1 1 1 -1 1 1 1 -1 1 -1 -1 1 -1 -1 -1 1 1 1 1 -1 -1 1 1 1 -1 -1 -1 1 -1 1 -1 -1 -1 1 -1 1 1 -1 1 -1 -1 1 
1 -1 -1 -1 -1 -1 -1 -1 -1 -1 1 -1 1 1 -1 -1 -1 -1 1 1 -1 -1 -1 1 -1 -1 1 1 -1 -1 -1 -1 -1 -1 -1 -1 -1 1 1 1 1 -1 -1 1 1 1 1 -1 1 1 -1 1 1 1 -1 1 1 -1 1 1 1 1 -1 1 1 1 1 1 1 1 -1 -1 -1 1 -1 -1 -1 1 -1 1 -1 -1 -1 -1 1 -1 -1 -1 1 -1 1 -1 -1 1 1 1 -1 -1 -1 -1 1 1 -1 1 -1 1 -1 1 1 -1 1 -1 -1 -1 -1 1 1 1 1 1 -1 -1 1 -1 1 1 1 1 
1 1 1 -1 1 -1 1 1 -1 -1 -1 -1 -1 1 -1 1 1 -1 -1 1 -1 1 -1 1 1 1 -1 1 -1 -1 1 1 -1 -1 1 -1 -1 1 -1 1 1 1 -1 -1 1 1 -1 -1 1 -1 -1 -1 1 1 -1 1 1 1 1 1 -1 1 -1 -1 1 1 -1 1 1 -1 -1 -1 -1 1 -1 1 1 1 1 1 1 -1 1 -1 -1 -1 1 1 -1 1 1 1 1 -1 -1 1 1 1 -1 -1 1 -1 -1 -1 -1 -1 -1 1 1 -1 1 -1 -1 -1 1 1 1 1 -1 1 -1 -1 -1 -1 -1 1 1 1 
1 -1 1 -1 1 1 -1 1 -1 1 1 -1 -1 1 1 1 -1 1 1 1 1 -1 -1 1 1 1 -1 1 -1 1 -1 -1 1 -1 -1 -1 1 1 -1 1 -1 -1 1 -1 1 -1 1 1 1 -1 1 -1 1 1 -1 1 -1 -1 -1 -1 -1 -1 -1 -1 -1 1 1 1 -1 1 -1 -1 1 -1 -1 1 -1 1 -1 1 1 1 -1 1 1 -1 -1 1 1 -1 -1 1 -1 -1 -1 -1 -1 -1 1 1 1 1 -1 -1 -1 1 -1 1 1 -1 1 1 1 1 -1 -1 1 -1 1 1 -1 1 -1 -1 -1 -1 1 1 
-1 -1 -1 1 1 1 -1 1 1 1 1 1 1 -1 1 1 -1 -1 1 1 1 -1 -1 1 -1 1 -1 -1 -1 -1 1 -1 1 1 1 -1 -1 1 1 -1 -1 1 -1 -1 1 -1 1 -1 -1 1 -1 1 -1 1 1 -1 1 -1 -1 1 -1 1 -1 1 1 1 1 -1 -1 1 1 -1 1 -1 -1 1 -1 -1 -1 1 1 1 1 1 -1 1 1 1 -1 1 -1 -1 -1 1 -1 1 -1 -1 -1 1 -1 -1 1 -1 -1 -1 -1 -1 -1 -1 1 1 1 -1 1 -1 -1 1 1 1 1 -1 1 1 -1 -1 1 -1 
-1 -1 1 -1 1 -1 -1 -1 1 1 -1 1 -1 1 -1 -1 1 1 -1 1 -1 -1 -1 1 -1 1 1 1 -1 1 -1 1 1 1 1 -1 -1 -1 1 1 1 -1 1 -1 -1 1 -1 -1 1 -1 1 1 -1 1 -1 -1 1 -1 -1 1 -1 1 -1 -1 -1 -1 1 -1 1 -1 -1 1 1 1 1 -1 -1 1 -1 1 -1 -1 -1 1 -1 -1 -1 1 1 -1 -1 1 1 1 1 -1 1 -1 1 1 -1 1 -1 1 1 1 1 -1 1 -1 1 -1 1 1 -1 1 1 1 -1 -1 -1 1 1 -1 1 -1 -1 1 
-1 1 1 1 1 1 -1 -1 1 -1 -1 1 1 -1 1 1 -1 1 1 -1 1 -1 1 1 1 -1 1 1 1 -1 -1 -1 1 1 1 -1 1 -1 -1 1 1 -1 1 -1 1 -1 1 -1 -1 1 1 1 1 1 1 1 -1 -1 1 1 1 1 -1 1 -1 -1 1 1 -1 -1 1 -1 1 1 -1 1 -1 -1 -1 1 -1 1 -1 1 1 1 1 1 -1 1 1 -1 1 1 1 -1 -1 -1 1 -1 1 1 -1 1 -1 -1 1 1 1 -1 -1 1 -1 1 -1 -1 -1 -1 -1 1 -1 1 1 1 -1 1 1 1 
1 1 -1 1 -1 -1 -1 1 -1 1 -1 1 1 1 1 1 -1 1 1 1 -1 -1 1 -1 1 -1 1 1 -1 -1 -1 -1 -1 -1 1 -1 1 1 1 -1 1 1 -1 -1 -1 -1 1 1 1 -1 -1 1 -1 1 1 -1 -1 -1 -1 1 1 -1 1 -1 1 -1 1 1 1 -1 1 -1 -1 -1 1 -1 -1 1 1 1 -1 -1 -1 1 1 -1 -1 -1 -1 1 1 -1 -1 -1 -1 -1 1 1 1 -1 1 -1 1 -1 -1 1 -1 1 1 -1 -1 -1 1 1 -1 -1 1 -1 -1 1 1 -1 -1 1 1 1 1 1 
-1 1 1 1 1 -1 -1 1 -1 -1 1 -1 1 1 -1 -1 -1 -1 1 -1 -1 1 1 1 1 1 1 1 1 1 -1 1 1 1 -1 1 1 -1 1 -1 -1 -1 -1 -1 1 -1 1 1 1 1 1 1 1 -1 -1 1 -1 1 -1 -1 -1 -1 1 1 1 1 -1 -1 -1 -1 -1 -1 -1 1 -1 1 -1 -1 1 1 1 -1 -1 -1 1 1 -1 -1 1 1 -1 1 -1 -1 1 -1 -1 -1 -1 1 -1 -1 1 -1 -1 -1 -1 -1 1 1 1 -1 -1 1 1 1 1 1 -1 -1 1 1 1 -1 -1 1 -1 -1 
1 -1 1 -1 1 -1 1 -1 1 -1 1 -1 -1 1 1 -1 1 1 1 1 1 -1 -1 -1 -1 1 1 -1 -1 -1 -1 -1 -1 -1 1 -1 -1 1 1 -1 -1 1 1 -1 1 1 -1 -1 -1 1 -1 1 1 -1 1 -1 -1 1 -1 1 -1 -1 1 -1 1 1 1 -1 -1 1 -1 1 -1 -1 -1 -1 -1 1 1 -1 1 -1 -1 -1 1 -1 1 1 1 1 1 -1 1 -1 1 -1 1 -1 -1 -1 1 1 1 -1 -1 1 -1 -1 1 -1 1 1 -1 1 1 -1 -1 -1 -1 1 -1 1 1 1 -1 1 1 1 
1 1 -1 1 1 -1 1 1 -1 -1 1 1 1 1 -1 1 1 1 1 1 1 1 1 1 1 -1 1 1 1 1 -1 -1 1 1 1 1 -1 1 1 1 1 1 -1 1 -1 1 1 1 1 -1 -1 1 -1 1 -1 -1 -1 -1 1 1 -1 -1 -1 -1 -1 1 -1 1 -1 -1 1 1 -1 1 1 1 1 1 1 -1 -1 -1 -1 1 1 1 1 1 -1 -1 1 1 -1 1 -1 1 1 1 -1 1 1 1 -1 -1 -1 -1 1 1 1 -1 1 -1 -1 1 -1 1 -1 1 1 -1 -1 1 -1 -1 1 -1 1 -1 
-1 -1 1 -1 -1 -1 1 -1 -1 -1 -1 -1 1 -1 -1 -1 -1 1 -1 -1 1 -1 -1 -1 -1 -1 1 -1 1 1 1 1 -1 1 -1 -1 -1 -1 1 -1 -1 1 1 -1 1 -1 1 1 -1 1 1 -1 -1 -1 -1 -1 -1 1 -1 1 1 1 1 1 1 -1 -1 1 -1 -1 1 1 1 1 -1 -1 -1 1 -1 1 1 -1 -1 1 -1 -1 -1 -1 1 1 -1 1 1 -1 -1 1 1 -1 1 1 -1 -1 -1 1 1 -1 1 1 1 1 -1 -1 -1 1 1 1 1 1 1 1 1 1 -1 -1 -1 -1 -1 1 
1 1 1 1 -1 -1 1 -1 1 1 -1 1 -1 -1 -1 -1 1 -1 1 1 -1 -1 -1 1 1 -1 -1 -1 1 -1 1 1 1 1 -1 -1 -1 -1 1 1 1 1 -1 -1 1 1 -1 1 -1 -1 -1 -1 -1 1 1 -1 1 1 -1 1 1 -1 -1 -1 -1 -1 -1 1 -1 1 -1 -1 1 -1 1 -1 -1 1 -1 -1 1 1 1 -1 -1 1 1 1 1 -1 -1 1 1 -1 1 -1 -1 1 -1 -1 -1 1 -1 1 1 -1 1 1 1 -1 -1 -1 -1 1 -1 -1 1 1 -1 -1 -1 1 -1 -1 1 -1 -1 1 
-1 1 1 1 -1 -1 1 -1 -1 1 1 1 1 -1 1 1 -1 1 1 -1 -1 1 1 1 -1 -1 -1 -1 -1 1 1 1 -1 -1 -1 -1 -1 -1 -1 1 -1 1 1 -1 1 1 1 1 -1 -1 -1 1 -1 -1 -1 1 -1 -1 1 -1 1 1 1 -1 1 1 -1 -1 1 1 -1 1 -1 1 1 -1 1 -1 -1 -1 -1 1 1 1 1 -1 1 -1 1 -1 1 1 -1 -1 1 -1 1 1 1 -1 -1 1 -1 1 1 1 -1 1 1 -1 1 1 1 -1 -1 1 1 1 -1 1 -1 1 1 1 1 -1 1 1 
-1 1 1 1 -1 1 -1 1 1 1 -1 -1 1 1 1 -1 1 1 1 1 1 1 -1 -1 1 1 -1 -1 1 -1 -1 -1 1 -1 1 -1 -1 -1 1 1 1 -1 1 -1 -1 1 1 1 -1 1 1 1 1 -1 1 1 1 1 -1 -1 1 -1 -1 -1 1 -1 1 -1 -1 -1 -1 -1 1 1 -1 -1 1 1 -1 -1 1 -1 -1 -1 1 -1 1 -1 -1 -1 1 -1 -1 -1 1 1 1 1 -1 1 -1 1 1 -1 -1 1 1 1 -1 -1 1 1 -1 1 -1 1 1 -1 1 -1 1 1 1 -1 -1 1 1 -1 
1 -1 1 1 -1 -1 -1 1 -1 1 1 -1 -1 1 1 -1 -1 -1 -1 -1 1 1 -1 -1 1 1 -1 -1 -1 -1 1 -1 1 -1 1 -1 1 -1 1 -1 -1 1 1 -1 -1 -1 1 -1 -1 -1 -1 1 1 -1 -1 -1 1 1 1 1 1 -1 1 -1 -1 1 -1 1 1 -1 1 -1 -1 -1 -1 1 -1 1 1 -1 1 1 -1 1 -1 -1 -1 1 -1 -1 1 1 -1 1 -1 1 1 -1 1 -1 -1 1 -1 -1 -1 -1 -1 1 1 -1 -1 1 1 -1 -1 1 1 1 -1 1 1 1 -1 -1 1 1 -1 1 
1 -1 -1 1 1 1 -1 -1 -1 1 1 -1 -1 1 -1 1 1 1 -1 1 -1 -1 -1 1 1 -1 -1 -1 1 -1 1 1 -1 1 1 -1 -1 -1 -1 1 1 -1 -1 -1 -1 1 1 1 -1 1 1 1 -1 -1 -1 -1 1 -1 1 -1 -1 1 -1 1 -1 1 1 1 -1 1 -1 -1 -1 -1 -1 1 -1 -1 -1 -1 -1 1 1 -1 -1 1 1 1 -1 -1 -1 1 1 -1 1 1 -1 -1 1 -1 1 -1 1 -1 -1 -1 1 1 1 -1 1 -1 1 1 1 1 -1 1 1 1 -1 1 1 1 -1 1 1 -1 
-1 1 1 -1 -1 1 1 1 -1 -1 -1 1 1 -1 1 -1 -1 -1 -1 1 1 -1 1 -1 -1 -1 -1 1 -1 1 -1 1 1 -1 -1 -1 1 1 1 -1 1 1 -1 1 -1 -1 -1 -1 -1 -1 -1 -1 1 1 1 -1 1 -1 1 -1 1 -1 -1 1 1 -1 -1 -1 -1 1 -1 1 1 -1 -1 -1 -1 1 1 -1 1 1 1 -1 -1 -1 -1 -1 -1 1 1 1 -1 1 1 1 -1 -1 -1 1 1 1 1 -1 -1 1 1 -1 1 1 -1 1 1 1 1 1 1 -1 1 -1 -1 1 1 -1 -1 -1 -1 -1 
1 1 1 -1 1 -1 -1 1 1 -1 -1 1 1 -1 1 1 1 -1 -1 -1 -1 -1 1 1 -1 -1 1 -1 -1 -1 -1 -1 1 -1 -1 -1 -1 1 -1 -1 1 1 1 -1 -1 -1 1 -1 -1 1 -1 1 -1 1 -1 -1 1 -1 -1 -1 -1 1 1 1 -1 1 1 -1 1 1 -1 -1 -1 -1 1 1 -1 -1 -1 1 1 -1 1 1 1 -1 -1 1 1 1 1 -1 1 1 1 -1 -1 -1 1 1 -1 1 1 1 1 -1 1 1 -1 1 -1 -1 1 1 1 -1 -1 -1 -1 1 -1 1 -1 -1 1 -1 1 1 
-1 1 1 -1 1 -1 1 1 -1 1 -1 -1 1 -1 -1 -1 1 -1 -1 -1 1 1 -1 1 -1 1 -1 -1 1 -1 -1 -1 1 -1 -1 -1 1 -1 -1 -1 1 -1 1 -1 -1 1 1 1 -1 1 -1 -1 1 1 1 -1 1 -1 1 1 -1 -1 1 -1 -1 -1 1 1 -1 -1 -1 1 -1 -1 1 -1 1 -1 1 1 -1 -1 1 1 1 -1 1 1 -1 -1 -1 1 -1 1 -1 1 1 1 1 -1 -1 1 1 1 -1 1 1 -1 -1 1 1 1 1 -1 1 -1 1 1 1 -1 1 1 -1 -1 -1 -1 -1 1 
1 1 -1 1 -1 -1 1 -1 1 1 -1 -1 -1 -1 -1 -1 1 -1 -1 -1 1 -1 -1 1 1 1 1 -1 1 1 -1 1 1 -1 -1 -1 1 -1 -1 -1 1 -1 1 -1 1 1 1 1 1 1 -1 -1 -1 1 1 1 -1 -1 1 -1 1 1 -1 1 -1 1 1 1 -1 -1 -1 -1 1 1 1 1 1 1 1 -1 -1 1 1 1 -1 -1 -1 1 1 1 1 -1 -1 1 1 -1 1 -1 -1 -1 1 1 1 -1 1 1 -1 -1 -1 -1 1 1 -1 1 1 1 1 -1 1 1 -1 -1 -1 -1 -1 1 1 -1 
1 1 -1 -1 -1 -1 -1 -1 -1 -1 1 1 -1 -1 1 -1 1 1 1 1 -1 -1 1 -1 -1 1 -1 1 1 -1 1 1 1 -1 -1 1 1 1 -1 1 -1 -1 -1 1 -1 -1 1 -1 1 1 1 1 1 -1 1 -1 -1 -1 -1 1 -1 1 -1 1 1 1 -1 -1 -1 1 -1 -1 -1 1 -1 -1 1 -1 -1 1 -1 -1 -1 -1 1 -1 1 -1 1 1 1 1 1 1 -1 1 -1 -1 1 1 1 1 1 -1 -1 -1 -1 -1 1 1 1 1 -1 -1 1 1 -1 -1 -1 1 1 1 -1 1 1 1 -1 1 
-1 1 -1 -1 1 1 -1 1 -1 1 -1 1 1 -1 -1 -1 1 1 -1 1 -1 1 -1 1 -1 1 1 -1 1 -1 1 1 -1 -1 -1 1 -1 -1 -1 -1 -1 -1 -1 -1 -1 1 1 1 1 -1 -1 1 1 -1 -1 1 1 1 -1 -1 1 1 -1 -1 1 1 -1 -1 1 1 1 -1 1 -1 -1 -1 -1 1 -1 1 -1 1 -1 1 -1 1 -1 -1 1 -1 1 1 1 -1 -1 1 1 -1 -1 1 1 1 1 -1 1 1 -1 -1 -1 1 1 1 -1 1 1 -1 1 -1 1 1 1 -1 1 -1 -1 1 -1 1 
1 1 -1 -1 1 -1 1 -1 -1 -1 1 -1 1 -1 -1 1 -1 1 1 1 1 1 -1 -1 -1 1 -1 -1 1 1 -1 1 1 1 1 -1 -1 1 -1 -1 1 -1 1 -1 1 -1 1 1 -1 -1 1 -1 1 -1 -1 -1 -1 -1 1 -1 1 -1 -1 1 -1 -1 -1 1 1 1 -1 -1 1 1 1 1 1 1 1 -1 -1 -1 1 -1 -1 -1 -1 -1 -1 -1 -1 -1 1 1 1 1 1 1 1 1 -1 -1 1 1 1 -1 -1 1 1 1 -1 -1 -1 1 1 1 -1 1 -1 -1 1 -1 -1 1 -1 -1 1 1 
-1 -1 -1 1 -1 -1 -1 1 1 1 1 1 -1 1 -1 1 1 1 1 1 -1 -1 1 -1 -1 -1 1 1 -1 1 -1 1 1 -1 1 1 -1 -1 1 -1 1 1 -1 1 1 1 1 -1 1 1 -1 -1 -1 -1 1 -1 -1 1 1 -1 -1 1 1 1 -1 -1 1 1 1 -1 -1 -1 -1 1 -1 1 -1 1 1 -1 1 1 1 -1 -1 -1 1 -1 1 1 -1 1 1 1 -1 -1 -1 -1 -1 -1 1 1 -1 1 1 -1 -1 1 1 -1 -1 -1 1 -1 1 -1 1 -1 1 -1 -1 1 1 -1 -1 -1 -1 1 
-1 -1 1 -1 -1 -1 1 -1 1 -1 1 1 -1 -1 1 -1 -1 -1 1 1 -1 -1 -1 -1 -1 -1 -1 -1 -1 -1 -1 -1 -1 1 -1 1 1 1 1 1 1 1 1 -1 1 1 -1 -1 -1 1 -1 1 1 -1 -1 1 1 -1 -1 -1 1 -1 -1 -1 -1 -1 -1 1 -1 -1 1 1 -1 1 1 -1 1 -1 -1 1 -1 1 1 1 -1 -1 -1 1 1 -1 -1 -1 -1 -1 -1 1 1 -1 1 1 1 1 1 -1 -1 1 1 1 1 -1 1 1 1 1 1 1 -1 -1 -1 1 -1 1 1 -1 -1 -1 1 1 
1 -1 -1 1 -1 -1 1 1 -1 1 -1 -1 -1 1 -1 1 -1 -1 -1 -1 -1 -1 -1 -1 -1 -1 1 -1 -1 1 -1 -1 1 1 -1 -1 -1 -1 -1 1 -1 -1 1 -1 -1 -1 -1 -1 -1 -1 1 -1 -1 -1 1 1 1 -1 1 -1 -1 -1 1 -1 1 -1 -1 -1 -1 -1 1 1 -1 1 1 1 1 1 1 -1 -1 1 -1 -1 -1 1 -1 -1 1 -1 -1 -1 1 -1 1 1 1 1 -1 -1 1 -1 1 1 1 -1 -1 -1 1 1 1 1 -1 -1 1 -1 -1 -1 1 -1 1 1 -1 -1 1 -1 -1 -1 
-1 1 -1 1 -1 1 1 1 -1 1 -1 -1 1 1 -1 1 -1 -1 -1 -1 -1 -1 1 1 -1 -1 1 -1 1 1 1 1 -1 1 -1 -1 -1 1 -1 1 -1 -1 1 -1 -1 1 -1 -1 1 1 1 1 -1 -1 -1 -1 1 1 -1 1 -1 -1 1 -1 -1 1 -1 1 1 -1 -1 -1 -1 1 1 -1 1 1 -1 -1 -1 1 1 1 -1 -1 -1 1 -1 1 -1 -1 -1 1 1 -1 -1 -1 -1 -1 -1 -1 1 -1 1 1 1 1 -1 -1 -1 1 -1 1 -1 -1 1 1 1 -1 -1 -1 1 1 -1 -1 -1 1 
1 -1 1 -1 -1 -1 -1 1 1 -1 -1 1 1 -1 -1 1 -1 -1 -1 -1 1 -1 1 -1 1 -1 1 1 1 1 1 -1 -1 1 1 1 -1 -1 -1 1 -1 1 1 1 1 1 1 1 -1 -1 1 1 -1 1 -1 1 1 -1 1 1 -1 -1 -1 -1 -1 1 1 -1 1 1 1 1 1 -1 1 1 1 1 -1 -1 -1 1 -1 -1 1 -1 1 1 -1 1 1 1 1 1 -1 -1 1 1 -1 -1 1 1 1 1 1 -1 1 1 1 -1 1 -1 1 -1 1 -1 -1 1 -1 -1 1 -1 -1 1 1 1 -1 1 
1 1 1 -1 -1 -1 1 1 -1 1 1 1 1 -1 -1 -1 1 1 -1 -1 1 1 1 1 -1 -1 -1 1 -1 1 1 1 -1 -1 -1 -1 1 1 -1 -1 -1 1 1 1 1 1 -1 -1 -1 -1 1 -1 1 -1 -1 1 -1 1 1 -1 -1 -1 -1 1 1 1 -1 -1 1 -1 1 1 1 1 -1 -1 -1 1 1 1 -1 -1 1 -1 -1 1 -1 -1 -1 -1 1 1 1 -1 -1 -1 -1 -1 1 -1 1 1 -1 -1 -1 1 -1 -1 -1 1 -1 -1 1 1 1 1 1 1 -1 1 1 -1 1 -1 -1 1 -1 1 
1 -1 1 1 -1 1 1 1 -1 1 1 1 1 -1 1 1 -1 1 -1 1 -1 1 -1 -1 -1 1 -1 1 -1 1 1 1 1 -1 1 -1 1 -1 1 1 -1 1 1 1 -1 1 -1 1 1 1 -1 1 -1 1 -1 1 -1 -1 -1 -1 1 1 -1 1 -1 1 -1 -1 1 1 -1 1 -1 1 -1 1 -1 1 -1 1 -1 1 -1 1 -1 -1 1 -1 -1 -1 -1 -1 -1 -1 1 -1 1 1 -1 1 -1 1 1 1 1 -1 -1 -1 -1 -1 1 -1 1 1 -1 -1 1 1 -1 1 -1 -1 1 -1 -1 1 1 1 
-1 -1 1 1 1 -1 1 1 1 -1 -1 -1 -1 -1 -1 1 1 1 -1 1 1 1 -1 -1 1 1 -1 -1 -1 -1 1 -1 -1 1 -1 -1 1 1 1 1 1 -1 1 1 -1 1 -1 1 -1 -1 -1 -1 -1 -1 -1 1 -1 -1 1 1 -1 -1 -1 -1 1 1 1 -1 1 -1 1 1 1 1 -1 -1 1 1 -1 1 -1 -1 -1 1 1 1 1 1 1 1 1 -1 -1 -1 -1 -1 -1 1 1 1 -1 1 -1 -1 1 -1 -1 -1 1 -1 -1 -1 1 -1 1 1 -1 -1 -1 1 -1 -1 -1 -1 -1 -1 -1 1 
1 -1 1 1 -1 -1 1 1 -1 -1 -1 1 -1 -1 -1 -1 1 -1 1 -1 1 -1 1 1 -1 1 1 -1 -1 -1 -1 1 -1 1 -1 1 1 1 1 1 -1 1 -1 1 -1 -1 1 1 1 -1 1 -1 1 -1 1 1 1 1 -1 1 1 -1 1 -1 -1 1 -1 1 1 1 -1 1 1 1 1 1 1 1 -1 -1 -1 1 -1 -1 1 -1 -1 -1 1 1 1 1 -1 1 1 -1 1 -1 -1 1 -1 1 -1 1 1 -1 -1 -1 1 -1 1 -1 1 1 1 -1 -1 1 1 1 1 -1 1 1 -1 1 -1 -1 
-1 1 -1 1 1 1 -1 1 -1 -1 1 1 1 -1 1 1 1 -1 -1 -1 -1 -1 -1 -1 1 -1 1 -1 -1 1 -1 1 1 -1 -1 1 1 -1 -1 1 -1 1 1 1 -1 -1 -1 1 -1 -1 -1 -1 1 1 1 1 -1 -1 -1 -1 1 -1 1 -1 1 1 -1 -1 1 1 -1 1 -1 -1 1 -1 -1 -1 1 1 -1 1 -1 -1 1 -1 1 1 -1 1 -1 -1 1 1 1 -1 -1 1 -1 1 1 -1 1 -1 -1 1 1 1 1 -1 -1 -1 1 -1 1 -1 -1 1 -1 1 -1 1 -1 -1 1 1 -1 1 
-1 -1 -1 1 -1 1 -1 -1 1 -1 -1 1 -1 1 -1 -1 1 -1 -1 -1 -1 -1 -1 -1 -1 -1 -1 -1 -1 -1 -1 1 1 1 1 1 1 1 -1 -1 -1 -1 -1 -1 -1 1 1 1 1 1 1 1 1 1 -1 -1 1 -1 -1 -1 -1 -1 -1 1 1 -1 1 1 -1 -1 1 -1 -1 -1 1 1 1 -1 1 -1 1 -1 -1 1 1 -1 1 1 1 1 -1 -1 1 1 -1 -1 1 1 -1 -1 1 1 1 -1 1 -1 1 1 1 1 -1 1 1 1 1 -1 -1 1 -1 -1 -1 1 1 -1 -1 -1 1 1 
1 -1 1 -1 1 1 -1 1 1 -1 -1 1 -1 -1 -1 1 -1 -1 1 1 1 1 1 1 -1 1 1 -1 1 -1 1 1 -1 -1 1 1 1 -1 1 1 1 1 -1 -1 -1 1 -1 1 1 1 -1 -1 -1 1 1 -1 1 1 -1 1 1 -1 1 1 -1 -1 -1 -1 -1 1 -1 -1 -1 -1 -1 -1 -1 -1 -1 1 1 1 -1 -1 -1 -1 1 1 1 1 -1 1 -1 1 1 -1 1 1 1 -1 -1 -1 1 1 1 -1 -1 -1 1 1 1 1 1 1 1 -1 -1 1 1 1 1 1 -1 1 -1 1 1 -1 
1 1 -1 1 1 -1 -1 -1 1 -1 -1 1 -1 1 1 -1 -1 1 1 -1 1 1 -1 1 -1 1 -1 1 -1 1 -1 1 -1 -1 -1 1 1 -1 -1 1 1 -1 -1 1 1 -1 -1 -1 1 1 -1 1 -1 -1 -1 -1 -1 1 1 -1 1 1 1 -1 -1 1 -1 1 -1 1 1 1 1 1 -1 1 -1 1 1 -1 1 1 -1 -1 -1 1 -1 1 -1 -1 -1 -1 -1 -1 1 -1 -1 -1 -1 1 1 1 -1 1 -1 1 1 -1 -1 -1 -1 -1 1 -1 -1 -1 -1 -1 1 1 -1 1 1 1 1 -1 -1 -1 
-1 -1 1 1 1 -1 -1 1 1 -1 1 -1 -1 1 1 -1 1 -1 -1 -1 -1 -1 1 1 1 -1 -1 1 1 1 1 1 1 -1 -1 1 1 1 1 -1 -1 1 1 1 -1 -1 -1 1 -1 1 -1 -1 -1 -1 -1 -1 -1 1 1 -1 -1 1 1 1 1 1 -1 -1 1 1 1 -1 1 -1 1 -1 -1 -1 -1 -1 -1 -1 -1 1 1 -1 1 -1 -1 -1 1 1 -1 1 1 -1 -1 1 1 -1 1 -1 1 -1 -1 -1 -1 1 -1 1 -1 -1 -1 -1 -1 1 1 1 -1 -1 -1 -1 1 -1 -1 1 -1 1 
-1 -1 -1 1 1 -1 -1 1 1 -1 -1 -1 -1 -1 -1 -1 -1 -1 -1 1 -1 1 -1 -1 -1 1 -1 -1 1 -1 1 -1 -1 -1 -1 -1 -1 1 -1 1 1 -1 1 -1 -1 -1 -1 -1 1 1 1 1 1 -1 -1 1 1 -1 1 -1 1 -1 -1 1 1 1 -1 1 -1 -1 1 -1 1 -1 -1 1 1 -1 -1 1 -1 -1 1 1 -1 -1 -1 1 1 1 1 1 -1 -1 -1 1 1 1 -1 -1 1 -1 -1 -1 -1 1 -1 -1 -1 1 1 -1 1 1 -1 -1 1 -1 -1 -1 1 1 1 1 -1 -1 1 -1 
-1 -1 -1 -1 1 1 1 1 1 -1 1 1 1 1 -1 -1 1 1 1 1 -1 -1 -1 -1 -1 -1 1 -1 1 1 -1 -1 1 1 -1 1 1 -1 -1 1 -1 1 1 -1 -1 1 1 -1 1 -1 -1 1 1 1 1 1 -1 -1 1 1 -1 -1 -1 1 1 -1 1 -1 -1 -1 -1 -1 -1 1 -1 -1 1 1 1 1 -1 -1 1 -1 -1 -1 1 -1 -1 1 -1 -1 -1 -1 1 1 1 1 1 1 -1 -1 -1 -1 1 -1 1 -1 -1 1 1 -1 -1 1 1 1 -1 1 1 1 1 1 1 1 -1 1 1 -1 
-1 1 1 -1 -1 1 1 -1 1 1 1 1 -1 1 1 -1 -1 1 1 1 1 1 1 -1 -1 -1 -1 -1 -1 -1 -1 -1 -1 -1 -1 -1 -1 1 1 1 1 1 1 1 1 -1 -1 -1 -1 1 -1 1 -1 1 -1 1 -1 1 -1 -1 -1 1 -1 -1 -1 -1 -1 1 -1 -1 -1 1 -1 -1 1 -1 1 -1 -1 -1 -1 1 -1 -1 -1 1 -1 1 1 1 1 -1 -1 1 -1 1 -1 -1 -1 1 1 -1 -1 1 -1 -1 1 -1 -1 -1 1 1 -1 -1 1 -1 1 1 1 1 -1 -1 -1 1 1 -1 -1 -1 
1 -1 1 -1 -1 -1 -1 -1 1 1 -1 1 1 1 -1 -1 1 1 -1 1 -1 -1 1 -1 1 -1 1 1 -1 1 1 1 1 1 1 1 -1 -1 -1 1 1 1 -1 -1 1 -1 -1 1 -1 1 -1 1 -1 -1 1 1 -1 1 1 1 -1 1 -1 -1 1 -1 1 -1 -1 1 -1 -1 -1 1 -1 1 1 -1 1 1 1 -1 1 -1 1 -1 1 -1 -1 -1 1 1 -1 -1 1 1 -1 -1 -1 1 -1 -1 -1 -1 -1 1 1 1 -1 -1 -1 1 -1 -1 1 -1 1 -1 1 -1 -1 1 1 1 -1 -1 -1 -1 
-1 1 1 -1 -1 1 -1 -1 -1 -1 -1 1 -1 1 -1 1 -1 -1 -1 -1 -1 1 1 -1 -1 1 1 -1 1 -1 1 -1 -1 -1 1 1 -1 -1 -1 1 -1 -1 1 1 1 1 -1 1 1 1 1 1 -1 -1 1 1 -1 1 -1 -1 1 1 -1 1 1 1 -1 -1 -1 -1 1 -1 1 1 -1 -1 1 -1 1 1 1 1 -1 1 -1 1 -1 -1 1 1 1 1 -1 1 -1 -1 1 -1 -1 -1 1 -1 -1 1 1 1 1 1 -1 -1 -1 1 1 -1 1 -1 -1 1 -1 1 1 1 1 1 1 1 1 -1 
-1 1 -1 -1 1 -1 -1 -1 -1 -1 1 -1 1 1 1 -1 -1 1 1 1 1 -1 -1 -1 -1 1 -1 1 1 1 1 1 1 -1 1 1 -1 1 1 -1 1 -1 -1 1 -1 1 1 -1 1 -1 1 -1 -1 1 1 -1 1 1 1 -1 -1 -1 -1 1 -1 1 1 1 -1 1 1 1 -1 -1 -1 -1 1 1 -1 1 1 -1 -1 1 -1 1 -1 1 -1 1 -1 -1 -1 -1 -1 -1 -1 1 1 -1 -1 1 -1 -1 1 1 1 -1 -1 1 -1 -1 -1 1 1 1 1 -1 1 1 -1 -1 -1 1 -1 -1 -1 1 
1 1 1 1 -1 -1 1 -1 1 1 -1 1 -1 -1 -1 1 1 -1 -1 -1 -1 1 -1 1 -1 1 1 1 1 -1 1 1 1 1 1 1 1 -1 -1 1 1 -1 -1 -1 -1 -1 -1 1 -1 1 -1 1 1 1 1 -1 1 -1 -1 -1 -1 -1 1 1 -1 1 1 -1 -1 1 -1 -1 1 1 -1 -1 1 1 1 1 1 -1 -1 1 1 1 -1 1 1 -1 -1 1 -1 1 1 1 -1 1 1 1 1 1 -1 -1 1 1 -1 -1 1 -1 1 1 1 -1 1 1 -1 1 -1 -1 1 1 1 1 1 1 -1 -1 
1 1 -1 -1 1 1 -1 -1 -1 1 -1 1 1 1 1 -1 -1 1 -1 -1 -1 1 1 -1 1 -1 1 -1 -1 -1 1 -1 -1 1 1 1 -1 -1 -1 1 -1 -1 -1 1 -1 1 1 1 -1 -1 -1 1 1 -1 1 1 -1 -1 1 1 1 -1 1 1 -1 1 1 1 -1 -1 -1 -1 -1 1 1 -1 1 1 -1 -1 -1 -1 1 1 -1 1 1 1 -1 -1 -1 1 -1 -1 -1 -1 1 -1 -1 1 1 -1 -1 1 -1 -1 1 1 -1 1 1 -1 1 -1 1 -1 1 -1 1 -1 -1 1 1 -1 -1 -1 1 1 
-1 1 -1 1 1 -1 -1 1 -1 -1 1 -1 1 -1 1 -1 1 1 1 -1 -1 1 1 -1 -1 1 1 1 -1 -1 -1 1 1 1 -1 -1 1 -1 -1 1 -1 -1 -1 -1 1 1 -1 1 1 -1 1 -1 -1 1 -1 1 1 1 1 -1 1 1 1 -1 1 -1 1 1 -1 1 -1 -1 -1 1 1 -1 -1 1 -1 -1 1 -1 1 1 -1 -1 1 1 -1 1 1 -1 -1 -1 -1 -1 1 -1 -1 -1 1 -1 -1 1 1 -1 -1 -1 1 1 -1 1 1 -1 1 -1 -1 1 -1 -1 1 1 1 1 -1 1 1 -1 
1 -1 -1 1 1 1 -1 -1 1 -1 1 1 -1 -1 1 1 -1 -1 1 1 -1 -1 -1 1 1 -1 1 -1 -1 -1 1 1 -1 -1 1 -1 -1 -1 -1 -1 1 1 -1 -1 1 1 -1 1 -1 -1 1 1 -1 -1 1 -1 1 1 -1 -1 -1 1 -1 1 -1 -1 1 1 1 1 -1 1 -1 1 1 -1 -1 -1 1 1 -1 -1 -1 -1 -1 -1 -1 -1 -1 -1 -1 -1 1 1 -1 1 -1 1 -1 -1 1 1 -1 -1 1 1 1 -1 -1 1 -1 -1 -1 1 1 -1 1 1 -1 1 1 -1 -1 -1 -1 -1 -1 1 
-1 -1 -1 -1 -1 1 -1 -1 1 1 1 -1 1 -1 1 -1 -1 -1 1 1 -1 -1 -1 -1 1 1 1 -1 1 1 1 1 -1 -1 1 1 -1 -1 1 -1 -1 1 -1 -1 -1 -1 1 -1 -1 1 1 1 -1 -1 -1 1 -1 -1 -1 -1 1 -1 1 1 1 1 1 -1 1 1 -1 -1 1 1 -1 -1 -1 1 1 1 1 -1 1 -1 -1 1 -1 1 -1 1 -1 -1 1 -1 -1 1 -1 -1 1 -1 -1 1 -1 -1 -1 -1 -1 1 1 -1 1 1 1 1 -1 1 1 1 -1 -1 -1 -1 1 -1 1 1 1 1 
1 -1 1 -1 -1 -1 1 -1 -1 -1 1 1 -1 -1 -1 -1 -1 -1 1 -1 -1 1 -1 -1 1 -1 1 -1 -1 -1 -1 1 -1 -1 1 1 1 1 1 -1 -1 1 1 -1 -1 1 1 -1 -1 -1 1 1 -1 1 1 -1 -1 1 1 1 -1 1 1 1 -1 1 -1 -1 1 -1 -1 1 1 -1 -1 1 -1 1 1 -1 1 1 1 -1 1 -1 1 -1 -1 1 -1 -1 -1 -1 -1 1 1 -1 1 -1 1 1 1 1 1 1 -1 1 1 1 -1 -1 -1 -1 -1 -1 -1 -1 1 -1 1 -1 1 1 1 -1 -1 1 
1 -1 1 1 1 -1 1 -1 -1 1 1 1 -1 -1 -1 1 1 1 1 1 -1 -1 -1 1 1 -1 -1 1 -1 -1 -1 -1 1 1 1 1 1 1 -1 1 1 -1 1 -1 1 -1 1 1 -1 1 -1 -1 -1 -1 -1 1 1 -1 -1 1 1 1 1 -1 1 -1 1 1 1 -1 1 1 -1 -1 -1 -1 -1 -1 -1 -1 -1 -1 -1 1 1 1 1 -1 -1 1 -1 -1 1 1 1 -1 -1 1 1 1 1 1 1 -1 1 1 1 1 1 1 -1 -1 1 -1 1 1 -1 1 1 1 1 -1 1 -1 1 1 1 1 
-1 1 -1 1 1 -1 1 1 -1 -1 1 -1 -1 -1 -1 -1 1 1 -1 -1 1 -1 -1 -1 -1 -1 -1 1 -1 1 -1 1 -1 1 1 1 1 1 1 1 1 1 1 1 -1 -1 -1 1 -1 -1 1 -1 1 -1 1 1 1 -1 1 1 1 -1 -1 -1 1 1 -1 1 1 -1 1 1 -1 1 -1 1 -1 1 -1 1 1 -1 -1 1 1 -1 -1 1 -1 -1 1 1 -1 -1 1 -1 1 1 -1 -1 -1 -1 1 1 1 -1 -1 -1 1 -1 1 -1 -1 1 -1 -1 1 -1 -1 1 1 -1 -1 -1 -1 1 -1 -1 
1 1 -1 1 1 -1 1 1 1 1 -1 1 -1 -1 -1 -1 -1 1 -1 1 1 1 -1 -1 -1 -1 1 1 -1 1 1 1 -1 1 -1 1 1 1 1 1 -1 -1 -1 -1 1 1 -1 1 -1 -1 -1 -1 1 -1 -1 1 -1 1 1 1 -1 -1 -1 -1 1 -1 -1 -1 1 -1 -1 1 -1 1 -1 1 1 -1 1 1 1 -1 1 1 1 -1 -1 -1 1 1 -1 -1 1 -1 -1 1 1 -1 1 1 -1 -1 1 -1 -1 -1 -1 1 1 -1 -1 -1 -1 -1 1 -1 -1 -1 1 -1 1 1 1 -1 1 1 1 -1 
1 -1 1 1 -1 1 -1 -1 -1 -1 -1 -1 1 -1 -1 1 -1 1 1 1 -1 1 1 -1 -1 1 1 1 -1 1 1 -1 1 1 1 -1 -1 1 1 -1 1 -1 -1 -1 -1 -1 -1 -1 1 -1 1 1 1 -1 -1 -1 1 -1 1 -1 1 1 -1 1 1 -1 1 -1 1 -1 1 -1 -1 -1 1 -1 1 -1 -1 -1 1 -1 1 -1 1 -1 -1 -1 1 1 -1 -1 -1 1 1 1 -1 1 -1 1 1 -1 1 1 1 1 -1 -1 -1 -1 -1 1 1 1 1 -1 -1 -1 1 -1 1 -1 -1 1 -1 1 1 1 
1 1 -1 1 1 -1 -1 1 -1 -1 -1 1 1 -1 1 1 -1 1 1 1 1 -1 1 1 1 1 1 1 -1 1 -1 -1 1 1 -1 1 1 -1 1 1 -1 1 1 -1 -1 -1 -1 -1 1 1 1 -1 -1 1 -1 1 1 -1 -1 1 -1 -1 1 1 -1 -1 1 1 1 -1 1 -1 -1 -1 -1 1 1 1 1 -1 -1 1 -1 -1 1 1 1 -1 -1 1 1 -1 -1 -1 -1 1 -1 1 1 -1 1 -1 -1 1 -1 -1 1 -1 -1 -1 -1 -1 1 -1 -1 1 -1 1 1 1 -1 -1 -1 -1 -1 -1 -1 1 
1 -1 -1 -1 -1 -1 1 -1 -1 -1 -1 1 1 1 1 1 1 -1 -1 -1 -1 -1 -1 -1 -1 1 -1 -1 1 -1 1 1 -1 1 -1 1 1 -1 1 -1 -1 -1 -1 1 -1 -1 1 1 1 -1 -1 1 1 -1 1 1 -1 -1 -1 -1 -1 1 1 -1 -1 1 1 1 -1 1 1 1 -1 1 1 -1 -1 -1 1 1 -1 1 1 1 -1 1 -1 1 -1 1 1 1 1 -1 1 1 -1 -1 1 1 -1 -1 1 1 -1 1 -1 1 -1 1 -1 -1 -1 1 1 -1 -1 -1 -1 -1 1 1 1 1 1 1 1 1 
1 -1 -1 1 1 1 -1 1 -1 -1 1 1 1 -1 -1 1 1 -1 1 -1 1 -1 -1 1 1 1 1 1 1 1 -1 1 -1 -1 -1 1 1 -1 1 1 1 -1 -1 -1 -1 1 1 -1 1 -1 1 1 -1 -1 1 1 -1 1 1 1 1 -1 1 1 1 1 1 1 -1 1 1 -1 -1 1 1 1 1 1 -1 1 -1 1 -1 -1 -1 -1 -1 -1 1 1 -1 -1 1 1 1 1 -1 -1 -1 -1 -1 1 1 -1 -1 1 -1 -1 1 1 -1 -1 -1 -1 1 -1 -1 -1 1 1 -1 1 -1 1 1 1 -1 -1 
-1 -1 -1 -1 -1 -1 1 1 -1 1 -1 1 1 -1 1 1 -1 -1 1 -1 1 -1 -1 1 1 -1 1 1 -1 -1 -1 1 1 -1 -1 -1 1 1 -1 1 1 -1 -1 -1 -1 1 -1 -1 -1 1 -1 -1 1 1 1 -1 -1 -1 -1 1 -1 1 1 1 1 1 1 1 1 -1 1 1 1 1 -1 1 -1 -1 1 1 1 -1 1 -1 -1 -1 -1 -1 -1 -1 -1 -1 -1 -1 1 1 1 1 1 -1 1 1 -1 -1 1 -1 -1 -1 1 1 1 -1 -1 1 1 1 1 -1 1 -1 -1 1 1 1 1 1 -1 -1 
-1 1 -1 1 1 1 -1 1 -1 1 -1 -1 1 -1 1 1 1 1 -1 1 -1 1 1 1 1 1 -1 1 1 -1 1 1 -1 -1 -1 1 1 -1 1 -1 1 1 -1 -1 1 1 1 -1 -1 -1 1 1 -1 -1 -1 -1 1 1 1 -1 -1 -1 -1 1 1 -1 -1 -1 1 1 -1 1 -1 1 -1 1 -1 1 -1 -1 1 1 -1 -1 -1 1 -1 1 -1 -1 1 1 -1 -1 1 -1 1 -1 1 1 1 -1 -1 1 -1 -1 1 -1 -1 1 1 -1 -1 1 -1 1 1 1 -1 1 1 1 -1 1 -1 -1 -1 1 
1 -1 -1 1 1 1 -1 -1 1 1 1 1 -1 -1 -1 1 1 1 1 1 1 1 -1 1 1 -1 1 -1 -1 -1 -1 -1 1 -1 1 1 -1 -1 -1 1 1 -1 -1 1 1 1 -1 -1 -1 -1 1 -1 -1 -1 -1 -1 1 1 1 -1 -1 -1 -1 1 -1 1 -1 1 1 1 -1 1 1 1 -1 1 1 1 -1 1 1 -1 -1 -1 1 -1 -1 1 1 1 -1 1 1 -1 1 1 1 -1 1 -1 -1 -1 1 -1 1 1 -1 -1 1 -1 1 -1 1 1 -1 1 1 1 1 1 -1 -1 -1 -1 1 1 1 1 
1 -1 1 -1 -1 1 -1 -1 1 -1 -1 1 -1 1 1 -1 1 -1 -1 -1 -1 1 -1 -1 1 1 -1 -1 1 -1 -1 1 -1 -1 -1 -1 -1 -1 -1 1 1 1 1 1 -1 -1 1 -1 1 -1 1 -1 1 -1 1 -1 -1 -1 1 1 -1 -1 1 -1 1 1 -1 1 -1 -1 1 -1 1 -1 1 -1 -1 -1 1 -1 -1 1 -1 1 -1 -1 1 1 1 1 -1 -1 1 -1 1 1 -1 -1 1 -1 1 1 -1 -1 1 1 1 1 -1 1 -1 1 1 -1 1 1 -1 1 1 1 1 1 1 -1 1 1 1 1 
1 -1 -1 1 -1 1 1 -1 1 1 1 1 -1 -1 1 -1 -1 1 -1 -1 1 1 -1 1 -1 -1 1 1 -1 1 -1 -1 -1 -1 1 1 1 1 -1 -1 -1 -1 1 -1 -1 -1 -1 -1 -1 -1 1 1 -1 -1 -1 1 1 1 -1 1 -1 1 1 1 1 -1 -1 -1 -1 -1 1 -1 1 1 -1 -1 -1 -1 1 1 -1 1 -1 -1 1 1 1 1 1 -1 1 -1 1 -1 -1 1 -1 -1 -1 1 -1 -1 -1 1 -1 1 -1 1 -1 1 -1 -1 -1 -1 1 -1 1 -1 -1 1 -1 1 -1 1 1 1 -1 1 
-1 1 1 -1 1 -1 -1 1 1 1 -1 -1 1 1 1 1 -1 -1 -1 -1 -1 1 1 1 -1 1 1 -1 1 1 1 1 -1 1 1 -1 -1 -1 -1 1 1 1 1 1 -1 1 1 1 1 -1 -1 1 1 -1 -1 1 1 1 1 1 1 1 -1 1 -1 -1 -1 -1 1 1 1 -1 1 1 -1 -1 -1 -1 1 1 -1 -1 1 -1 -1 -1 1 1 -1 -1 1 -1 -1 1 1 1 -1 1 -1 -1 1 -1 -1 -1 -1 1 1 1 1 1 -1 1 -1 1 1 1 1 -1 1 -1 1 -1 -1 -1 -1 1 -1 1 
1 -1 1 1 1 -1 -1 1 1 1 -1 -1 1 -1 1 -1 -1 -1 1 1 1 1 -1 1 -1 -1 1 -1 -1 1 -1 1 -1 1 -1 -1 -1 -1 1 1 1 -1 -1 1 -1 1 1 1 1 -1 1 1 1 1 1 1 1 1 1 -1 1 1 1 -1 -1 -1 1 -1 1 1 1 1 -1 1 -1 -1 1 1 1 1 1 -1 -1 -1 -1 -1 -1 -1 -1 1 -1 1 -1 1 1 1 1 1 -1 -1 -1 1 1 -1 1 -1 -1 1 -1 -1 -1 1 1 -1 -1 1 -1 -1 -1 -1 1 1 -1 1 -1 1 1 -1 
1 1 -1 -1 -1 -1 1 1 1 1 -1 1 -1 -1 -1 -1 1 1 -1 1 -1 1 1 1 1 1 -1 1 -1 -1 -1 1 1 -1 -1 -1 1 1 1 -1 1 -1 1 -1 1 1 -1 -1 -1 -1 -1 -1 -1 1 -1 -1 1 -1 -1 -1 -1 -1 1 1 1 -1 1 1 1 -1 -1 1 -1 -1 1 -1 -1 -1 -1 1 1 -1 1 1 1 -1 -1 -1 1 -1 1 1 1 -1 1 1 -1 -1 -1 -1 1 1 1 1 -1 1 1 1 -1 1 -1 -1 1 -1 1 -1 1 -1 1 -1 1 -1 1 1 1 -1 1 1 
1 1 -1 -1 -1 -1 1 1 -1 1 -1 1 1 -1 1 1 -1 -1 1 1 -1 1 -1 1 -1 -1 -1 -1 1 -1 -1 1 1 -1 1 -1 1 1 1 1 1 -1 1 -1 -1 -1 1 1 1 1 1 -1 -1 1 1 1 -1 -1 1 1 -1 1 -1 -1 1 1 1 1 -1 -1 1 1 -1 1 -1 1 -1 1 -1 -1 1 -1 -1 1 1 1 -1 -1 -1 1 1 -1 -1 1 -1 -1 1 -1 -1 -1 -1 -1 1 1 1 -1 -1 -1 -1 -1 1 -1 1 1 -1 -1 -1 1 1 -1 1 1 -1 1 -1 1 1 1 
-1 1 1 -1 -1 1 -1 -1 1 -1 1 -1 1 -1 1 1 1 1 1 1 -1 1 -1 1 1 1 -1 1 -1 1 1 -1 1 -1 1 -1 -1 -1 -1 -1 1 1 1 -1 -1 -1 -1 -1 1 1 -1 1 -1 -1 1 -1 -1 -1 1 1 1 -1 1 -1 1 1 1 1 -1 -1 1 1 1 -1 -1 -1 -1 -1 -1 1 1 -1 -1 -1 -1 1 1 1 -1 1 -1 1 -1 1 -1 -1 -1 -1 1 -1 -1 -1 -1 -1 -1 1 -1 1 1 -1 -1 -1 1 -1 -1 1 1 1 1 1 1 -1 1 -1 1 1 -1 -1 
-1 -1 1 -1 -1 -1 1 1 -1 1 1 -1 -1 -1 1 -1 -1 1 -1 -1 -1 -1 -1 1 -1 1 -1 -1 -1 1 -1 -1 -1 1 -1 -1 1 1 -1 1 -1 -1 -1 1 1 -1 -1 -1 1 1 1 -1 1 -1 -1 -1 -1 -1 1 -1 1 1 1 1 1 -1 -1 -1 -1 1 1 -1 -1 1 1 1 1 1 1 1 1 1 -1 1 -1 -1 -1 1 -1 1 1 1 -1 1 -1 1 -1 -1 1 1 -1 -1 -1 -1 1 1 -1 -1 1 1 1 1 1 1 1 -1 -1 1 1 1 -1 1 -1 1 -1 1 -1 1 
1 -1 -1 1 1 -1 -1 -1 1 -1 1 1 1 -1 -1 -1 1 -1 1 -1 -1 -1 -1 1 1 1 -1 1 -1 -1 -1 1 -1 1 1 -1 -1 1 -1 -1 -1 -1 1 -1 -1 1 -1 -1 1 -1 1 1 1 1 1 1 1 1 -1 1 -1 1 1 1 -1 1 -1 1 1 -1 1 -1 1 -1 1 1 -1 1 -1 1 1 -1 -1 1 1 -1 -1 -1 1 -1 -1 -1 1 1 -1 -1 1 -1 1 -1 1 -1 1 1 1 -1 -1 1 -1 -1 1 -1 1 1 -1 -1 -1 1 -1 -1 1 -1 -1 -1 -1 1 1 1 
1 -1 -1 1 -1 -1 -1 1 -1 1 1 -1 -1 -1 1 1 -1 -1 -1 1 1 -1 1 1 1 -1 -1 -1 -1 -1 -1 1 -1 1 1 -1 1 1 1 1 -1 1 1 -1 1 -1 -1 1 -1 1 -1 -1 -1 1 1 -1 1 -1 -1 -1 -1 1 1 1 1 1 1 1 1 1 1 1 -1 1 1 -1 1 1 1 1 1 -1 -1 -1 1 1 1 1 1 1 1 1 1 -1 -1 1 -1 1 1 -1 1 1 1 -1 -1 1 1 1 -1 1 -1 -1 1 -1 -1 1 1 -1 -1 1 1 -1 -1 -1 -1 1 1 1 
1 -1 1 -1 -1 1 -1 1 1 1 -1 -1 1 1 -1 -1 -1 1 1 -1 -1 -1 1 -1 -1 1 -1 -1 -1 -1 1 1 -1 -1 1 -1 -1 1 -1 -1 1 1 1 1 1 1 1 1 -1 -1 1 -1 -1 1 -1 1 1 -1 1 1 1 1 1 -1 -1 1 1 -1 1 -1 1 -1 -1 -1 1 -1 1 -1 -1 -1 -1 -1 1 -1 1 -1 -1 -1 1 1 -1 -1 -1 1 -1 1 -1 -1 -1 1 -1 -1 1 1 1 1 -1 1 1 -1 -1 1 -1 -1 1 -1 1 1 -1 1 -1 -1 1 -1 1 -1 -1 1 
1 -1 -1 -1 -1 1 -1 -1 -1 1 1 1 1 1 -1 1 -1 -1 1 -1 1 -1 1 1 -1 -1 -1 -1 1 1 -1 -1 -1 1 -1 -1 -1 -1 1 -1 -1 -1 1 1 -1 -1 1 1 1 -1 1 -1 1 1 -1 -1 1 1 1 1 1 -1 1 -1 1 1 -1 1 -1 1 -1 -1 1 -1 1 1 -1 -1 -1 -1 -1 -1 1 1 -1 1 1 -1 1 -1 1 -1 1 1 -1 -1 1 -1 -1 -1 -1 -1 1 1 1 -1 1 1 -1 1 -1 1 -1 -1 1 1 -1 -1 -1 -1 1 1 -1 -1 -1 1 1 1 
-1 -1 1 1 -1 1 -1 1 -1 1 1 -1 -1 1 1 -1 -1 -1 1 1 1 1 -1 1 -1 -1 -1 -1 -1 -1 1 -1 1 -1 1 1 1 -1 1 1 1 1 -1 -1 -1 -1 1 1 -1 1 1 -1 -1 1 -1 1 1 1 1 -1 1 1 -1 -1 1 -1 -1 -1 1 -1 -1 -1 1 1 1 1 -1 1 1 1 1 -1 1 -1 1 1 -1 1 -1 1 -1 1 1 1 -1 1 -1 -1 -1 1 -1 -1 -1 1 1 1 -1 -1 -1 -1 1 1 1 1 -1 1 -1 -1 -1 -1 -1 -1 1 1 -1 1 -1 1 
1 -1 1 -1 1 1 -1 -1 1 -1 1 1 1 1 1 1 -1 -1 -1 -1 1 1 -1 -1 -1 1 -1 -1 -1 -1 1 1 1 1 1 1 -1 -1 -1 1 -1 -1 -1 -1 1 -1 1 -1 1 1 -1 -1 -1 -1 -1 1 1 -1 -1 1 -1 1 1 -1 1 1 -1 1 -1 1 -1 1 1 -1 -1 -1 -1 1 -1 -1 1 1 -1 -1 1 1 1 -1 1 -1 1 -1 -1 -1 1 1 -1 1 1 1 -1 1 1 -1 1 1 -1 1 -1 1 1 1 1 -1 -1 -1 -1 -1 -1 -1 1 -1 1 -1 1 1 1 1 
-1 -1 -1 1 -1 1 -1 -1 1 1 1 -1 1 -1 -1 -1 -1 -1 -1 -1 1 -1 1 1 -1 1 -1 -1 -1 1 1 -1 -1 -1 -1 -1 -1 -1 1 -1 -1 1 1 -1 -1 1 1 1 1 1 -1 1 1 -1 1 -1 1 -1 1 -1 1 1 -1 1 -1 1 1 1 -1 -1 1 -1 -1 -1 1 1 1 1 1 -1 1 1 -1 -1 1 1 -1 1 1 -1 -1 -1 1 -1 -1 1 1 -1 -1 1 -1 1 -1 1 1 1 1 -1 -1 -1 -1 1 1 -1 1 1 -1 -1 -1 1 -1 1 -1 -1 -1 -1 1 -1 
-1 -1 -1 1 1 1 -1 -1 1 1 1 -1 1 1 1 1 1 1 -1 1 1 1 1 -1 -1 1 -1 1 1 -1 1 1 1 -1 1 -1 -1 1 -1 -1 -1 1 1 1 -1 -1 -1 -1 -1 1 -1 -1 1 1 -1 -1 1 -1 -1 1 1 -1 -1 -1 1 -1 1 1 1 -1 -1 1 -1 1 1 -1 -1 1 -1 -1 1 -1 -1 1 1 -1 -1 1 -1 1 -1 1 1 -1 1 1 1 1 1 -1 1 -1 -1 1 -1 1 -1 1 1 1 1 1 -1 1 1 -1 1 -1 1 -1 1 1 1 1 -1 1 1 1 
-1 1 1 -1 1 1 1 -1 1 -1 1 1 -1 1 1 -1 -1 -1 1 1 1 1 -1 1 1 -1 -1 -1 -1 1 1 1 -1 -1 -1 1 1 1 -1 -1 1 -1 -1 1 -1 1 -1 -1 1 -1 1 1 -1 1 1 1 1 1 1 1 1 1 1 1 1 -1 1 -1 -1 1 1 1 -1 -1 -1 -1 -1 -1 1 1 1 1 -1 1 1 -1 1 1 -1 1 1 1 -1 -1 -1 -1 -1 1 -1 -1 1 1 1 1 -1 1 1 -1 1 -1 1 -1 1 -1 -1 -1 1 -1 -1 1 1 1 -1 1 -1 -1 1 1 
-1 1 -1 1 1 1 -1 -1 1 -1 -1 1 1 1 -1 -1 1 -1 -1 -1 1 -1 -1 -1 1 1 1 -1 1 -1 1 -1 1 -1 -1 -1 1 1 -1 1 -1 1 -1 -1 -1 1 1 -1 -1 1 1 1 -1 1 1 -1 -1 -1 1 1 -1 1 1 -1 -1 -1 -1 1 -1 1 1 -1 1 -1 1 1 -1 1 -1 1 -1 1 1 1 1 -1 1 1 -1 1 1 1 -1 1 1 1 -1 1 -1 -1 1 -1 1 -1 -1 1 -1 -1 -1 1 -1 1 -1 -1 -1 1 -1 1 1 -1 1 -1 1 -1 1 1 1 1 
1 1 -1 1 -1 1 -1 -1 1 1 1 1 -1 1 1 -1 1 -1 -1 1 -1 1 -1 1 1 -1 1 1 1 1 -1 1 1 1 -1 1 -1 1 1 -1 1 -1 -1 -1 -1 -1 -1 -1 -1 1 -1 1 1 -1 1 -1 -1 -1 1 -1 -1 1 -1 -1 -1 -1 1 -1 1 -1 -1 -1 1 1 -1 -1 -1 1 -1 -1 1 1 -1 1 1 1 1 1 1 1 -1 1 -1 -1 1 -1 -1 -1 1 -1 1 1 1 1 -1 -1 1 -1 1 1 1 -1 1 -1 -1 -1 -1 1 -1 -1 1 1 -1 -1 -1 1 -1 -1 
1 -1 1 -1 -1 -1 -1 1 1 -1 -1 -1 -1 1 1 1 -1 1 1 -1 1 1 -1 -1 1 1 1 1 1 -1 -1 1 1 1 -1 1 1 -1 -1 1 1 -1 -1 -1 1 1 1 -1 -1 -1 1 -1 1 -1 -1 1 -1 1 1 -1 1 -1 -1 1 -1 -1 1 -1 -1 -1 -1 1 -1 1 -1 -1 -1 -1 1 -1 -1 1 -1 -1 -1 1 -1 1 -1 1 -1 -1 -1 1 1 1 -1 1 -1 -1 1 1 1 -1 1 1 1 -1 -1 1 -1 1 -1 -1 -1 1 -1 -1 1 -1 -1 -1 1 -1 1 -1 1 1 
-1 1 -1 1 -1 -1 1 -1 -1 1 -1 -1 1 -1 -1 -1 -1 1 -1 1 1 1 -1 1 -1 -1 1 -1 1 1 -1 -1 1 -1 1 -1 -1 -1 1 -1 -1 1 -1 -1 -1 -1 1 1 -1 -1 -1 1 1 1 1 -1 -1 -1 -1 1 1 1 -1 -1 -1 1 1 1 -1 -1 -1 -1 -1 1 1 1 -1 1 1 -1 1 -1 1 -1 1 -1 -1 1 -1 1 -1 1 -1 1 -1 1 1 1 1 -1 1 1 1 -1 1 1 1 1 1 -1 1 1 1 1 1 -1 1 1 1 -1 1 -1 1 1 -1 -1 -1 -1 
-1 1 1 -1 1 1 1 1 -1 -1 1 -1 1 1 1 -1 -1 1 1 -1 1 -1 1 1 -1 1 1 1 -1 -1 1 -1 1 -1 1 1 -1 -1 -1 -1 1 -1 -1 1 1 -1 1 1 1 1 -1 1 1 -1 1 1 -1 -1 1 1 -1 1 -1 1 -1 1 -1 -1 1 -1 1 -1 -1 -1 -1 1 -1 -1 -1 1 1 -1 -1 1 1 -1 -1 1 -1 -1 1 1 -1 1 -1 1 -1 1 1 -1 1 -1 -1 -1 1 1 -1 -1 1 1 1 -1 -1 1 1 -1 1 -1 1 1 1 1 1 -1 1 -1 1 -1 
-1 -1 -1 -1 1 -1 -1 -1 1 -1 1 -1 -1 -1 -1 1 -1 -1 -1 1 -1 1 1 -1 1 -1 -1 -1 -1 -1 -1 1 1 -1 -1 1 -1 1 1 1 1 -1 -1 -1 -1 1 1 1 1 -1 1 1 1 -1 1 -1 1 1 1 -1 1 -1 -1 1 1 -1 1 1 1 1 1 -1 1 1 1 1 1 -1 1 1 -1 -1 1 -1 -1 -1 -1 -1 1 -1 1 -1 1 1 1 1 -1 -1 1 1 1 -1 -1 1 1 1 1 1 -1 1 1 -1 1 1 1 1 1 1 1 -1 1 1 1 -1 1 -1 -1 1 