64
24 95 43 3 25 57 48 2 79 70 55 48 43 30 52 76 41 84 17 6 45 3 14 28 38 4 35 80 61 95 1 29 79 22 17 43 78 13 55 38 33 45 94 37 18 1 92 8 94 20 86 44 18 92 100 75 90 45 25 17 41 81 35 12 
44 62 7 100 48 99 26 11 44 45 50 28 79 65 71 42 27 5 22 91 3 32 72 55 90 3 70 92 80 16 31 64 64 58 100 75 15 90 60 2 70 67 69 71 60 30 73 18 78 45 65 79 90 96 19 50 31 48 55 93 74 55 3 3 
9 20 89 95 78 30 55 36 73 48 71 24 85 26 15 82 78 94 91 31 1 67 37 83 26 13 7 97 80 19 35 37 63 8 84 33 21 93 74 58 92 25 86 82 35 40 80 29 22 7 11 69 79 12 64 30 11 59 53 43 2 50 5 48 
99 21 65 45 82 100 11 26 47 36 3 75 54 46 27 80 69 90 6 99 97 82 28 19 66 21 14 3 42 98 38 79 19 29 79 88 48 49 86 94 55 88 17 81 28 46 85 65 8 49 37 21 48 85 72 50 36 22 38 82 46 25 82 91 
91 21 68 11 100 84 57 28 27 60 18 1 62 69 20 88 81 67 80 2 13 63 54 21 1 71 29 96 50 16 24 7 29 99 12 80 88 56 54 18 67 13 57 50 79 42 17 5 49 83 25 88 38 84 20 60 87 62 55 8 66 10 12 45 
15 41 20 86 55 59 20 55 9 37 35 34 25 59 50 97 4 97 92 77 91 50 83 97 16 70 74 46 13 77 71 29 27 68 12 94 1 72 79 85 17 4 24 72 86 83 98 61 48 51 4 1 64 22 23 40 18 41 11 78 94 71 36 24 
51 25 1 85 79 69 53 70 72 70 2 49 14 2 6 18 69 70 65 51 91 45 85 9 63 68 38 96 81 47 63 70 16 28 30 97 18 28 59 51 8 99 56 69 60 33 49 27 2 38 34 43 6 74 72 65 83 15 32 50 97 55 44 17 
61 8 40 54 64 55 91 89 41 29 41 12 32 69 98 63 33 37 41 10 38 64 91 40 57 98 10 12 3 42 46 36 35 65 60 50 54 35 69 83 42 51 76 73 25 37 98 79 24 65 76 83 54 62 90 98 40 7 1 51 58 43 3 48 
10 76 14 84 82 26 41 89 34 95 76 97 43 74 46 31 10 84 24 39 69 81 55 44 14 23 29 45 54 15 15 80 3 26 30 45 97 16 87 40 33 44 46 41 24 65 54 40 6 55 40 53 74 77 4 24 84 69 23 22 90 77 73 90 
97 43 2 66 41 49 23 74 79 46 40 86 78 88 37 15 35 93 93 48 23 67 6 22 49 69 81 46 28 9 86 60 5 8 12 68 77 61 63 95 94 100 23 68 69 19 83 1 41 68 97 25 42 95 25 45 32 7 69 67 13 78 82 95 
34 1 67 7 5 93 61 11 73 31 72 73 56 71 14 10 17 16 12 83 65 94 72 27 100 7 50 61 71 9 79 43 82 39 31 92 90 27 16 40 66 45 100 60 42 1 10 94 56 82 82 14 79 22 31 77 95 86 32 20 50 17 74 24 
3 8 8 88 20 11 13 88 43 92 31 47 98 2 12 74 89 31 35 4 98 58 6 74 67 80 92 42 12 92 87 63 30 97 27 28 71 99 34 72 94 66 12 6 94 44 28 83 67 64 39 7 26 78 87 37 17 59 28 2 88 31 95 86 
10 15 36 92 7 86 98 25 53 25 60 11 73 78 89 11 65 92 67 11 91 24 5 100 43 36 62 6 11 61 99 27 82 12 54 78 18 19 64 25 69 1 78 8 31 46 97 75 49 38 100 87 36 13 44 24 94 36 24 12 68 64 18 19 
70 31 97 64 63 37 94 35 72 9 81 7 30 30 44 28 43 16 73 44 15 79 42 11 91 7 40 98 97 6 43 29 87 70 74 97 75 97 98 69 43 92 32 77 80 18 64 70 86 51 82 58 100 32 89 61 86 15 86 72 52 55 16 66 
11 3 23 37 23 34 62 60 34 47 62 23 92 56 7 24 32 33 6 20 100 3 85 58 88 58 97 56 44 99 90 44 24 83 63 34 14 64 41 72 25 81 14 22 62 26 36 43 56 24 5 75 87 26 66 21 17 76 82 74 55 88 58 31 
21 5 21 38 78 62 66 66 77 77 44 76 27 70 83 65 27 39 28 12 93 33 8 72 77 71 18 36 41 70 67 89 93 64 3 26 8 49 35 61 40 63 67 8 1 61 57 48 93 87 87 5 65 53 34 20 23 87 30 6 7 63 1 76 
22 56 14 10 96 7 34 76 30 72 42 100 15 33 15 50 77 16 99 12 88 16 63 69 39 81 75 25 56 92 39 69 86 38 87 45 25 5 48 48 33 38 46 86 38 71 8 6 88 46 11 20 18 16 65 82 68 51 26 81 22 75 24 4 
46 64 11 30 11 7 92 93 60 95 38 1 22 56 37 35 88 32 54 9 6 36 19 43 58 59 26 57 43 92 57 2 49 21 58 28 47 77 99 58 36 71 33 99 48 68 78 90 80 69 83 5 95 94 98 38 96 21 39 99 82 82 18 10 
20 11 64 96 98 2 68 15 78 7 90 69 95 94 98 69 89 62 73 51 96 25 80 50 53 22 20 80 68 95 28 38 9 83 78 47 27 1 91 6 84 73 36 47 35 26 41 96 61 94 82 36 26 30 61 43 46 4 45 10 66 68 40 98 
54 14 54 9 45 74 38 28 89 52 71 94 75 75 73 50 75 43 40 27 38 81 55 63 73 57 20 80 99 25 22 51 15 73 35 40 63 11 15 5 42 63 47 14 12 65 9 98 72 79 79 88 10 96 28 81 24 98 39 74 11 81 89 18 
76 78 49 94 58 26 47 45 69 8 20 5 59 1 25 11 32 23 40 30 49 90 17 36 12 82 56 50 84 46 57 62 97 92 56 34 69 14 19 20 68 48 11 14 13 37 12 30 96 76 47 10 54 31 99 41 38 82 35 47 7 68 98 51 
80 74 61 29 18 90 95 71 73 54 6 24 16 27 82 43 20 57 21 97 55 14 88 80 96 98 60 82 63 44 89 76 8 23 7 24 5 30 82 54 59 44 78 57 8 48 21 95 79 31 26 45 47 90 70 36 53 18 54 15 67 85 66 5 
73 11 29 59 31 67 96 13 63 37 22 40 11 15 52 4 62 59 84 46 17 91 75 48 71 51 20 42 60 28 6 44 19 2 41 9 5 12 78 59 51 40 39 60 20 40 89 30 96 75 59 15 75 61 96 67 89 94 2 60 3 44 55 100 
75 54 33 68 41 44 87 33 2 96 95 15 69 85 46 100 57 85 15 75 64 39 100 50 3 51 27 28 42 85 40 1 39 90 91 86 4 31 50 81 98 22 66 67 90 30 39 20 9 42 55 63 86 79 100 4 82 31 80 2 6 21 28 69 
29 58 10 1 42 16 79 84 27 40 82 21 3 38 55 44 34 74 52 7 81 98 94 62 26 98 50 18 23 13 66 48 46 20 4 18 78 20 74 58 39 100 82 1 82 11 2 27 22 68 60 96 30 90 35 59 62 14 43 39 46 71 32 4 
27 84 82 46 35 33 50 39 39 81 87 33 8 12 2 18 68 6 43 7 18 87 92 1 70 71 91 42 96 88 26 39 81 23 53 41 77 41 19 20 87 25 49 23 13 78 27 44 31 6 93 46 92 10 22 12 46 76 7 43 70 20 16 40 
37 11 27 41 74 84 70 10 55 97 29 23 14 40 87 72 83 48 75 58 89 90 87 4 97 38 91 13 69 4 86 33 58 60 92 72 99 19 48 97 33 21 14 54 85 85 35 87 34 45 58 21 80 48 28 76 50 3 26 88 98 51 33 73 
7 10 92 39 97 92 50 56 32 91 23 72 94 32 17 70 55 72 6 59 43 38 84 25 31 79 18 84 3 89 64 76 64 2 62 11 57 59 10 48 10 94 71 34 80 83 23 72 72 79 92 47 33 59 58 31 99 57 44 7 76 65 46 75 
1 60 29 75 57 70 45 94 13 14 64 34 95 35 42 93 84 23 48 38 25 44 59 21 27 95 27 61 75 77 47 15 5 72 83 30 27 41 94 80 75 72 37 49 25 26 62 76 90 76 85 10 36 50 48 47 58 76 7 71 78 21 44 43 
86 8 30 19 44 82 38 57 38 47 56 38 96 99 91 64 52 91 27 86 31 73 38 54 27 18 51 82 21 78 71 81 79 84 84 72 90 68 7 18 85 60 33 6 38 61 85 71 64 20 5 70 81 67 46 63 65 92 49 70 3 85 8 75 
20 57 76 93 88 52 44 19 7 50 26 81 52 67 7 85 97 39 76 14 61 48 72 22 25 47 15 93 30 26 35 21 90 12 18 27 46 12 10 43 32 24 44 84 50 55 96 94 61 69 100 66 47 62 22 50 38 81 68 94 85 40 8 59 
7 97 10 69 79 58 47 72 79 23 30 85 78 92 97 86 32 48 22 38 77 1 78 93 14 16 26 11 22 6 26 95 98 7 20 65 86 19 49 98 70 92 21 4 20 48 70 59 54 42 51 96 91 5 40 89 52 91 47 67 93 55 71 79 
13 77 40 85 57 36 54 88 71 59 33 18 74 3 82 75 14 63 67 57 20 100 81 9 15 79 37 99 40 97 48 3 91 61 5 8 65 42 65 42 100 52 20 92 14 18 57 37 35 29 84 47 77 13 66 86 17 28 8 2 17 35 15 1 
59 16 60 41 53 56 95 19 70 14 38 52 92 14 18 76 91 88 32 83 60 19 54 39 70 8 10 70 65 9 42 40 2 97 79 12 54 95 60 46 50 18 12 39 60 18 71 22 62 48 70 69 75 6 8 86 16 30 44 71 69 9 10 74 
35 30 45 46 22 38 24 19 64 83 21 92 88 63 91 30 30 96 63 100 20 86 6 76 11 68 92 72 60 16 80 63 52 1 64 17 33 91 87 72 88 10 86 5 51 43 57 4 78 55 16 58 88 21 47 15 47 43 20 96 12 96 95 94 
7 78 66 87 60 18 81 46 72 38 72 81 63 79 26 26 59 16 64 77 76 46 36 55 21 70 46 22 60 36 25 42 33 94 92 52 32 36 94 3 51 89 59 57 38 62 3 73 46 44 32 5 55 89 85 84 70 73 54 29 29 91 72 8 
99 95 68 57 27 96 47 93 34 65 37 43 44 86 7 46 50 21 46 80 90 56 43 56 15 25 50 35 92 48 71 70 100 97 49 46 26 87 36 52 3 87 4 19 90 82 42 99 75 69 78 2 91 32 52 37 49 31 98 29 90 94 49 56 
100 48 99 37 78 78 65 99 1 35 43 22 94 8 64 4 1 78 38 60 97 94 78 48 82 73 17 43 61 27 64 57 74 3 81 98 75 2 40 73 24 88 35 77 59 65 29 92 36 3 89 99 44 49 92 95 58 32 69 64 45 1 26 52 
87 46 49 43 91 100 79 20 24 65 44 87 14 51 46 15 49 6 14 22 74 60 89 4 16 74 96 84 13 74 65 99 41 13 24 82 35 41 49 97 57 19 12 92 34 63 60 71 48 31 82 89 38 85 39 53 98 19 52 52 2 21 50 7 
29 77 78 78 41 89 65 49 15 78 12 2 9 57 46 39 30 36 8 40 24 42 73 38 54 96 92 47 56 30 2 25 40 68 28 30 85 47 21 44 53 67 50 97 10 40 69 46 67 89 74 63 69 11 46 58 22 90 23 54 100 15 18 54 
15 26 42 6 62 15 87 17 75 83 57 15 83 84 10 30 12 6 78 47 5 63 71 83 13 75 42 18 30 82 70 16 42 72 31 69 28 14 93 86 69 5 60 53 2 12 66 82 55 98 81 13 52 4 11 29 39 45 58 97 27 18 40 84 
60 70 37 38 36 55 97 75 14 76 43 82 11 71 76 69 99 97 15 38 39 39 89 30 64 49 21 80 18 34 74 87 87 20 70 40 2 34 56 83 69 77 63 25 59 3 92 54 51 72 39 14 1 74 40 24 75 78 36 78 36 37 71 32 
75 62 99 11 42 92 70 3 98 9 53 33 64 78 35 90 55 38 92 57 49 61 84 63 78 62 18 92 70 9 43 68 97 19 41 12 77 16 16 100 94 15 24 71 19 23 59 94 44 44 66 87 91 23 36 54 42 86 10 78 17 21 89 55 
77 20 98 1 13 69 55 30 24 39 53 46 44 63 36 16 68 37 15 40 26 95 50 25 16 60 61 99 10 54 35 78 16 71 52 15 46 38 98 52 99 69 94 56 20 65 4 78 2 98 69 59 91 48 64 14 56 19 98 71 17 75 15 20 
62 53 66 24 59 23 19 40 49 16 24 35 18 4 38 46 92 68 21 74 10 61 16 7 44 8 58 54 68 43 39 4 96 53 28 21 61 79 11 12 96 76 74 76 85 29 60 71 61 57 24 61 55 12 42 82 88 20 72 31 42 76 47 5 
34 40 40 11 97 10 25 54 8 79 68 37 63 78 3 65 76 75 5 77 27 96 1 94 66 48 49 37 56 13 2 11 88 64 31 41 98 20 100 52 28 65 99 38 45 1 54 18 27 4 69 43 60 8 15 36 19 38 5 1 92 100 92 70 
85 30 7 40 22 48 37 2 59 22 42 37 3 2 63 75 47 19 73 94 30 67 84 26 78 17 80 28 87 52 67 74 98 43 81 78 76 62 37 24 10 36 53 31 64 95 41 5 84 99 54 51 67 63 59 44 67 15 94 26 54 37 76 17 
15 65 51 39 86 68 9 69 91 58 83 87 14 9 19 76 26 25 18 44 96 57 86 70 71 32 30 47 44 87 6 11 65 79 35 74 86 40 32 52 34 57 44 77 42 94 35 74 11 76 82 65 97 59 58 62 92 4 54 27 85 80 36 78 
62 92 61 26 9 26 91 59 47 65 42 21 59 83 74 37 16 84 43 88 76 78 71 53 95 45 60 62 33 94 70 17 84 16 8 63 83 45 60 68 61 6 35 79 22 11 18 10 37 94 71 49 58 75 57 46 6 32 66 99 87 18 42 38 
6 1 94 7 34 19 68 77 57 6 80 47 57 46 7 33 86 12 59 74 39 83 10 4 50 37 42 72 43 76 4 68 44 100 49 49 68 92 67 25 17 55 17 81 46 22 63 45 77 30 91 87 95 23 99 71 67 48 72 7 2 83 96 37 
37 93 87 99 80 2 58 87 42 68 93 15 97 71 13 99 63 61 38 91 88 31 77 44 65 92 10 78 71 62 42 69 7 6 59 34 98 55 26 5 81 47 82 73 61 39 43 57 44 34 69 39 4 88 53 49 82 23 92 91 78 69 28 29 
28 36 26 5 30 43 29 82 30 24 45 50 64 61 80 79 25 88 94 70 64 11 20 52 54 3 3 66 76 53 26 6 27 74 43 53 13 50 49 92 93 40 73 19 62 19 99 81 74 58 25 95 52 25 32 27 53 29 11 60 44 8 24 88 
43 67 54 29 34 70 82 95 96 92 58 74 47 56 82 36 74 22 26 57 63 58 59 57 20 26 25 48 79 43 80 96 38 56 8 30 11 23 36 92 93 23 18 28 89 34 10 47 50 92 81 22 61 61 92 70 90 32 68 77 84 97 96 53 
85 57 22 83 54 93 15 9 40 75 100 3 76 46 52 32 89 68 56 63 13 15 98 61 17 22 74 97 36 62 77 22 8 63 75 60 46 81 33 42 57 19 64 7 14 67 29 58 100 68 31 51 18 100 22 7 43 96 34 40 7 83 38 99 
96 23 62 10 16 87 27 12 40 58 40 11 50 37 54 70 10 42 9 47 51 61 91 17 51 77 65 34 71 89 30 54 67 75 34 99 83 68 48 36 20 30 96 62 100 51 64 55 64 82 42 49 9 99 87 86 13 16 21 47 76 77 59 45 
42 86 34 26 80 12 40 6 32 40 60 53 96 38 81 12 85 51 10 18 54 39 82 1 70 46 35 15 21 35 48 47 54 28 38 49 81 30 4 9 59 17 71 3 55 37 92 37 83 96 76 12 26 41 11 88 72 43 37 7 69 1 50 36 
3 8 60 6 18 19 100 48 54 16 30 12 94 91 68 54 46 86 1 19 67 21 45 29 59 2 1 59 72 6 12 45 42 79 50 33 71 23 88 47 58 54 86 17 94 54 48 10 98 58 46 5 93 14 91 33 3 68 3 31 54 57 5 75 
57 25 80 47 86 92 55 22 10 15 39 48 69 26 97 16 22 42 3 59 71 67 83 3 48 64 39 31 50 23 75 33 93 24 24 89 37 77 17 39 23 61 62 44 37 92 63 34 82 66 44 24 100 92 87 67 43 10 19 54 16 69 57 70 
50 36 4 4 71 32 61 18 26 81 2 91 22 79 38 100 56 20 85 36 53 17 82 28 64 73 12 49 5 68 44 40 56 19 64 63 31 42 35 96 97 26 11 98 62 20 30 31 69 56 42 20 73 51 100 90 24 33 79 62 66 53 89 89 
37 61 34 63 20 54 19 67 17 88 46 32 52 100 47 91 13 52 49 97 30 18 41 32 23 66 93 11 79 71 66 54 85 77 19 45 26 19 94 22 17 52 92 95 2 90 35 55 79 81 69 15 53 37 54 54 31 82 87 89 39 2 55 66 
46 29 91 18 85 85 45 7 9 59 48 17 63 55 17 37 59 89 41 77 50 55 50 84 87 98 41 86 20 95 53 19 29 58 25 38 80 83 86 49 41 7 41 97 53 24 33 74 94 13 63 46 69 71 11 4 74 59 69 28 48 62 71 91 
74 12 33 38 51 36 17 77 75 63 25 86 57 75 44 68 14 40 6 64 70 61 56 38 59 33 48 48 21 9 52 31 37 16 88 57 96 49 79 67 70 36 67 57 51 57 78 69 12 3 67 58 31 22 34 51 10 78 71 48 8 17 85 21 
11 3 72 69 37 91 39 45 10 100 4 45 63 11 64 34 73 54 23 14 56 90 77 46 86 46 59 86 40 47 60 52 67 85 34 53 21 22 67 40 36 11 6 82 84 64 13 12 14 63 67 22 31 36 71 77 72 71 82 7 20 26 63 46 
78 34 83 67 55 40 23 70 40 22 4 18 28 2 8 82 8 10 64 30 68 3 100 80 16 19 94 14 37 55 60 27 45 39 1 78 22 46 67 47 39 9 4 81 40 24 59 75 43 58 9 92 32 2 97 27 53 5 57 59 9 52 11 27 
-1 -1 -1 -1 -1 1 -1 -1 -1 -1 -1 1 1 1 1 1 1 -1 1 1 -1 1 -1 1 -1 -1 1 -1 -1 -1 1 1 -1 -1 1 -1 1 1 1 1 -1 -1 -1 -1 1 1 1 -1 1 -1 -1 -1 1 -1 -1 -1 1 1 1 -1 1 1 -1 1 
-1 -1 -1 1 -1 1 -1 1 1 -1 -1 -1 -1 -1 -1 1 -1 -1 1 1 1 1 1 -1 -1 1 1 -1 1 -1 -1 -1 1 -1 -1 -1 1 -1 1 1 1 -1 -1 1 1 -1 1 -1 1 1 1 1 -1 1 -1 1 1 1 1 1 1 -1 -1 1 
-1 -1 1 1 -1 -1 -1 -1 -1 1 1 -1 -1 -1 -1 1 -1 -1 1 1 1 1 1 -1 1 -1 -1 1 -1 -1 -1 -1 -1 -1 -1 1 -1 -1 -1 -1 1 1 -1 -1 1 -1 -1 1 1 -1 -1 -1 -1 1 1 1 1 -1 1 1 1 1 -1 -1 
-1 1 1 1 1 1 1 -1 1 1 1 -1 1 -1 -1 1 -1 -1 -1 1 1 -1 -1 -1 -1 -1 1 1 -1 -1 -1 1 1 1 -1 -1 1 1 -1 -1 1 -1 -1 1 1 1 1 -1 1 1 1 1 1 1 -1 -1 -1 1 1 -1 1 1 1 1 
-1 -1 -1 1 1 -1 -1 -1 1 1 1 1 -1 1 -1 -1 1 -1 1 1 -1 1 1 1 -1 1 -1 1 1 -1 -1 -1 -1 -1 1 -1 1 1 1 -1 1 1 1 1 1 1 1 1 -1 -1 -1 1 -1 -1 1 -1 1 -1 1 1 1 -1 -1 -1 
1 1 -1 1 -1 -1 1 1 -1 1 -1 -1 -1 -1 1 1 -1 1 1 -1 1 -1 -1 1 -1 1 -1 1 -1 -1 1 1 1 -1 1 -1 1 -1 -1 1 -1 1 1 -1 1 -1 -1 -1 -1 -1 -1 -1 -1 -1 1 1 -1 -1 1 -1 1 -1 -1 1 
-1 -1 -1 1 -1 1 1 1 1 1 1 -1 1 -1 -1 1 1 -1 -1 1 1 -1 -1 1 -1 -1 -1 -1 1 -1 1 1 -1 -1 1 1 -1 -1 1 -1 -1 -1 -1 1 -1 1 -1 -1 1 -1 -1 1 1 -1 -1 -1 1 -1 1 1 1 1 -1 -1 
-1 1 -1 -1 -1 1 1 -1 -1 -1 1 1 1 1 1 -1 1 1 1 -1 1 -1 1 -1 1 -1 1 -1 1 -1 -1 1 1 -1 -1 -1 -1 -1 -1 -1 1 1 -1 1 -1 -1 -1 1 -1 -1 -1 -1 1 1 -1 1 1 1 1 -1 -1 1 -1 -1 
-1 1 -1 1 1 -1 1 -1 -1 -1 1 -1 -1 1 1 -1 -1 -1 -1 1 -1 1 1 -1 1 1 1 1 1 -1 1 -1 -1 -1 1 1 1 1 1 1 -1 1 -1 1 1 -1 -1 -1 -1 1 -1 1 1 1 1 1 -1 1 1 1 -1 1 1 1 
-1 -1 1 1 1 1 1 -1 -1 1 -1 1 1 1 1 -1 -1 1 1 -1 -1 -1 -1 -1 -1 -1 -1 -1 1 -1 -1 1 -1 1 1 -1 -1 -1 -1 -1 -1 -1 1 -1 -1 -1 -1 1 -1 -1 -1 1 -1 1 -1 1 -1 1 -1 1 -1 -1 -1 1 
-1 -1 1 1 1 -1 1 1 1 -1 1 1 1 -1 1 1 1 -1 -1 -1 1 1 1 1 1 -1 -1 1 1 1 1 1 -1 -1 1 1 1 1 -1 1 1 -1 1 -1 1 -1 1 1 1 -1 1 -1 -1 -1 -1 1 -1 1 -1 1 1 1 1 -1 
1 -1 -1 -1 1 -1 -1 1 -1 1 1 1 -1 -1 -1 -1 -1 1 1 -1 1 1 -1 1 -1 1 -1 1 -1 1 1 -1 1 1 -1 1 -1 1 1 -1 -1 -1 1 1 1 -1 1 -1 -1 1 1 -1 1 -1 -1 -1 1 1 1 -1 1 -1 1 -1 
1 -1 -1 1 -1 -1 1 1 -1 1 1 -1 1 -1 -1 -1 -1 1 -1 -1 -1 -1 -1 1 -1 -1 -1 -1 1 -1 1 1 1 -1 1 1 -1 1 -1 1 1 1 1 -1 -1 -1 1 -1 1 1 1 -1 -1 -1 1 -1 -1 -1 -1 -1 -1 -1 -1 1 
1 -1 -1 -1 1 -1 -1 1 1 1 -1 -1 -1 1 -1 1 1 -1 1 1 1 -1 -1 -1 1 -1 -1 1 1 -1 -1 1 -1 -1 -1 1 -1 -1 -1 1 1 -1 -1 -1 -1 -1 1 1 1 -1 1 1 1 -1 1 1 1 1 -1 1 -1 1 1 -1 
1 -1 -1 -1 -1 1 -1 1 1 1 1 -1 -1 -1 -1 1 1 1 -1 -1 1 -1 -1 -1 1 -1 -1 1 -1 -1 -1 1 1 1 1 1 -1 1 1 -1 1 -1 1 1 1 -1 -1 1 -1 -1 -1 1 1 1 -1 1 1 1 -1 1 1 1 -1 1 
1 1 1 1 -1 1 1 -1 -1 -1 1 -1 -1 1 1 1 1 -1 -1 -1 1 -1 -1 1 1 1 -1 -1 -1 1 -1 1 1 -1 -1 -1 1 -1 -1 -1 -1 -1 -1 -1 1 -1 1 1 1 1 -1 1 -1 1 -1 -1 -1 -1 -1 -1 -1 1 1 1 
1 -1 -1 -1 1 -1 1 1 -1 -1 1 -1 -1 1 1 1 1 1 1 1 -1 1 -1 -1 -1 1 -1 -1 1 -1 1 1 -1 -1 -1 -1 -1 1 -1 -1 1 1 1 -1 1 1 -1 -1 1 -1 1 1 1 1 1 -1 -1 1 1 -1 -1 1 -1 1 
-1 -1 -1 -1 -1 1 -1 1 -1 1 -1 1 1 -1 1 -1 1 1 -1 1 1 -1 1 1 1 -1 -1 1 1 -1 -1 -1 -1 1 1 1 1 1 1 1 -1 1 1 -1 1 1 1 -1 -1 1 1 1 -1 -1 -1 -1 1 -1 1 1 -1 -1 -1 1 
1 1 1 -1 1 1 -1 1 -1 1 -1 1 -1 1 -1 -1 1 -1 -1 1 -1 1 1 1 1 1 -1 -1 -1 1 1 -1 1 -1 -1 -1 1 -1 -1 1 1 1 -1 -1 1 -1 1 -1 -1 1 -1 -1 -1 -1 1 1 1 1 -1 -1 1 -1 1 1 
1 1 1 1 1 -1 1 -1 1 -1 -1 -1 -1 1 -1 -1 1 1 1 1 1 1 -1 1 -1 1 1 1 -1 -1 -1 1 1 -1 -1 1 -1 -1 -1 1 -1 -1 1 -1 -1 -1 -1 1 1 -1 1 1 1 -1 1 -1 1 1 1 1 1 1 -1 1 
-1 1 1 1 -1 1 1 1 -1 -1 1 1 -1 1 1 1 -1 1 -1 1 -1 1 1 -1 1 1 1 -1 1 -1 1 -1 1 1 -1 1 -1 1 -1 1 -1 -1 -1 -1 1 1 -1 -1 1 1 -1 1 -1 1 1 -1 -1 1 -1 1 1 1 -1 1 
1 1 1 -1 1 -1 -1 -1 1 -1 1 1 -1 -1 -1 -1 1 -1 1 1 1 -1 -1 1 -1 1 -1 1 -1 1 1 1 1 1 -1 -1 1 1 -1 1 -1 1 -1 1 -1 -1 -1 1 1 -1 1 -1 -1 -1 -1 -1 1 1 1 -1 -1 1 -1 1 
-1 1 1 -1 1 -1 -1 1 1 -1 1 -1 -1 -1 -1 -1 -1 1 1 -1 1 -1 1 -1 1 1 -1 -1 -1 1 1 1 1 -1 1 1 -1 1 1 -1 -1 1 -1 1 -1 1 -1 -1 1 1 -1 -1 1 -1 1 -1 1 -1 1 1 -1 -1 1 -1 
1 -1 -1 -1 1 1 1 -1 -1 -1 1 1 1 -1 -1 1 -1 1 1 1 -1 1 -1 1 -1 -1 1 1 -1 1 -1 -1 1 1 -1 -1 -1 1 1 -1 1 -1 1 1 1 -1 1 1 -1 1 -1 -1 1 -1 -1 -1 -1 -1 1 -1 -1 1 -1 -1 
-1 -1 1 -1 -1 -1 -1 1 1 -1 1 -1 -1 1 1 1 -1 1 1 -1 1 -1 1 -1 1 1 1 -1 -1 -1 -1 1 -1 1 -1 -1 1 1 1 -1 -1 1 -1 1 1 1 1 1 -1 1 -1 -1 -1 -1 1 1 1 -1 -1 -1 -1 1 -1 1 
-1 1 -1 -1 1 1 -1 -1 1 -1 -1 1 -1 -1 -1 1 1 -1 1 1 1 1 1 -1 1 1 -1 1 -1 -1 -1 1 1 -1 1 1 -1 -1 -1 -1 1 -1 -1 -1 1 1 1 -1 1 1 1 1 -1 1 -1 -1 1 -1 -1 1 -1 1 -1 -1 
1 1 -1 1 -1 -1 -1 1 1 -1 -1 -1 -1 -1 -1 -1 -1 -1 -1 1 1 -1 -1 1 1 -1 -1 -1 1 1 -1 -1 1 -1 -1 -1 1 -1 1 -1 1 -1 -1 -1 1 -1 1 -1 1 1 1 1 -1 -1 1 1 1 1 -1 1 1 1 1 -1 
-1 -1 1 1 1 1 -1 -1 1 -1 1 1 -1 1 1 -1 -1 1 -1 1 -1 1 -1 1 -1 1 -1 -1 1 -1 -1 -1 -1 1 -1 1 1 1 -1 -1 1 -1 -1 -1 1 -1 -1 -1 1 1 1 1 1 1 1 -1 -1 1 1 1 -1 1 -1 1 
-1 1 -1 -1 1 -1 1 1 1 1 1 -1 1 1 -1 -1 1 1 -1 -1 1 -1 -1 -1 -1 -1 1 1 1 -1 1 1 1 1 -1 -1 1 1 1 -1 -1 1 -1 1 1 -1 -1 1 1 1 -1 -1 1 1 -1 -1 -1 -1 -1 1 1 -1 -1 -1 
-1 -1 -1 -1 -1 -1 -1 -1 -1 -1 1 1 -1 -1 -1 1 -1 -1 1 -1 -1 1 1 1 -1 -1 1 -1 -1 1 1 1 -1 -1 -1 -1 -1 1 -1 -1 1 -1 1 1 -1 1 1 -1 1 -1 -1 -1 -1 1 1 -1 1 -1 -1 -1 -1 -1 -1 -1 
1 -1 -1 -1 -1 1 1 -1 1 -1 1 1 1 -1 -1 -1 1 -1 1 -1 1 1 1 -1 -1 -1 -1 -1 1 1 1 -1 1 1 1 -1 -1 -1 1 1 -1 -1 1 -1 -1 1 1 1 1 1 -1 1 -1 -1 -1 -1 1 1 1 1 -1 -1 1 -1 
1 -1 -1 1 -1 1 1 1 -1 1 1 -1 1 1 1 1 1 -1 -1 1 -1 1 1 -1 1 1 -1 -1 1 1 -1 -1 1 -1 -1 -1 -1 1 -1 -1 -1 -1 1 -1 -1 1 1 -1 -1 -1 -1 -1 -1 -1 1 -1 1 1 1 -1 -1 1 1 -1 
-1 1 -1 1 -1 1 -1 1 -1 -1 -1 1 1 -1 1 1 -1 -1 1 1 1 1 1 1 -1 1 1 -1 1 -1 1 1 1 1 -1 1 -1 -1 -1 -1 -1 1 1 -1 1 -1 -1 1 -1 1 -1 -1 -1 -1 1 1 1 -1 1 1 -1 -1 1 -1 
-1 -1 -1 1 -1 -1 -1 -1 -1 1 -1 1 -1 -1 1 -1 -1 1 -1 -1 1 1 -1 1 1 -1 -1 1 1 -1 1 -1 1 -1 -1 1 1 -1 1 -1 -1 1 -1 -1 -1 -1 1 -1 1 -1 1 1 -1 -1 -1 -1 1 1 1 -1 -1 1 1 1 
1 -1 -1 -1 1 1 1 -1 1 1 1 -1 1 -1 1 -1 -1 1 -1 -1 -1 -1 1 -1 -1 1 -1 -1 -1 -1 1 -1 -1 -1 -1 -1 1 -1 -1 1 1 1 -1 -1 1 1 1 1 -1 -1 -1 1 1 -1 1 -1 -1 -1 1 -1 -1 -1 -1 1 
-1 -1 1 -1 -1 -1 1 -1 1 -1 1 1 1 1 1 -1 -1 1 -1 1 1 -1 1 -1 -1 1 -1 1 -1 -1 -1 -1 1 1 -1 -1 -1 1 -1 -1 -1 1 -1 1 -1 -1 -1 -1 -1 1 1 1 -1 1 -1 1 -1 -1 1 1 1 -1 1 1 
1 1 -1 1 1 1 -1 -1 1 -1 1 -1 -1 -1 -1 1 -1 1 1 -1 -1 1 -1 -1 1 -1 1 1 1 -1 -1 -1 -1 1 1 -1 1 -1 1 1 -1 -1 1 1 1 -1 1 -1 -1 1 -1 -1 -1 1 1 1 -1 1 -1 1 -1 1 1 -1 
1 -1 -1 1 1 -1 -1 -1 1 -1 1 1 1 -1 1 -1 1 1 -1 -1 1 1 1 1 1 -1 -1 1 1 1 -1 1 -1 -1 -1 1 -1 1 1 -1 1 -1 -1 1 -1 -1 1 1 -1 1 1 1 1 1 1 -1 -1 -1 -1 -1 -1 1 -1 1 
1 1 -1 -1 1 -1 1 -1 1 -1 -1 1 -1 -1 1 -1 -1 1 -1 -1 -1 -1 1 1 1 -1 1 -1 1 -1 1 -1 -1 1 -1 -1 1 1 1 1 -1 1 1 -1 -1 1 1 1 -1 -1 -1 -1 1 -1 -1 1 -1 1 1 1 -1 -1 -1 1 
1 1 -1 -1 -1 1 -1 -1 1 -1 1 -1 1 1 -1 -1 -1 1 1 1 1 1 -1 -1 -1 -1 -1 -1 -1 -1 1 -1 -1 -1 1 -1 1 -1 1 1 -1 -1 1 -1 -1 1 1 -1 -1 -1 -1 1 1 -1 -1 -1 1 -1 -1 -1 1 1 1 -1 
-1 1 1 1 1 -1 -1 1 -1 -1 1 -1 1 1 1 -1 1 -1 1 -1 -1 -1 -1 1 -1 1 1 1 -1 1 -1 -1 -1 -1 1 -1 -1 1 -1 -1 -1 1 1 1 1 -1 1 1 1 -1 1 1 1 1 1 1 -1 -1 -1 1 1 -1 -1 1 
-1 -1 1 -1 1 1 -1 1 1 -1 -1 -1 1 -1 -1 -1 1 1 1 -1 -1 1 1 -1 1 -1 -1 -1 1 -1 -1 -1 1 1 1 1 -1 -1 1 -1 1 -1 1 1 1 -1 -1 1 -1 -1 -1 -1 -1 1 1 -1 1 1 1 -1 1 -1 1 -1 
-1 -1 -1 -1 1 1 -1 -1 -1 1 1 1 1 -1 1 -1 1 1 -1 1 -1 -1 -1 1 -1 -1 -1 -1 -1 1 1 1 1 -1 -1 -1 1 -1 1 1 1 1 -1 -1 1 1 -1 -1 -1 -1 1 1 -1 1 -1 -1 -1 -1 1 1 -1 -1 1 1 
-1 1 -1 1 1 -1 1 1 1 -1 -1 1 -1 -1 1 -1 -1 -1 -1 -1 -1 1 1 1 1 -1 -1 -1 1 1 -1 -1 -1 -1 -1 1 1 1 -1 -1 1 1 -1 -1 1 1 -1 -1 1 -1 1 -1 -1 -1 -1 1 1 1 -1 1 -1 1 -1 1 
1 1 1 1 1 1 -1 -1 1 -1 1 1 -1 -1 1 1 1 1 1 -1 1 -1 -1 1 1 1 1 1 1 -1 -1 -1 1 -1 1 -1 1 -1 -1 -1 1 1 1 1 -1 -1 -1 1 -1 1 1 1 -1 1 -1 1 -1 1 1 1 1 1 1 -1 
1 -1 -1 1 1 -1 1 -1 -1 -1 -1 -1 -1 -1 -1 -1 1 1 -1 -1 1 -1 1 -1 1 1 -1 -1 -1 1 1 1 -1 -1 1 -1 -1 -1 1 1 -1 -1 1 1 -1 1 1 -1 -1 -1 1 1 -1 -1 -1 1 1 1 1 1 -1 -1 1 -1 
1 1 -1 1 1 -1 -1 -1 -1 -1 1 1 1 1 -1 1 -1 1 1 -1 -1 -1 -1 1 1 1 1 -1 -1 1 1 1 -1 1 1 -1 1 1 1 1 1 -1 -1 -1 -1 1 1 -1 1 -1 -1 -1 -1 1 1 1 1 -1 -1 1 -1 -1 -1 1 
-1 -1 1 -1 1 -1 -1 1 -1 1 1 -1 -1 1 1 1 -1 -1 -1 1 -1 1 -1 1 1 -1 -1 -1 1 -1 1 -1 1 -1 1 -1 -1 1 1 -1 1 1 -1 -1 1 -1 -1 1 1 -1 1 1 -1 1 -1 1 1 1 -1 1 -1 1 -1 -1 
1 1 1 1 -1 -1 1 -1 -1 -1 1 -1 1 1 -1 1 1 -1 -1 1 1 1 1 -1 -1 1 1 1 1 1 1 -1 -1 1 -1 -1 -1 -1 -1 -1 1 -1 -1 1 -1 -1 1 1 1 1 -1 1 1 -1 1 1 1 -1 1 1 -1 -1 1 -1 
-1 1 -1 1 -1 -1 -1 -1 1 -1 -1 1 1 -1 -1 1 -1 1 1 -1 1 -1 1 1 1 1 1 1 1 -1 1 -1 1 -1 -1 1 1 1 -1 -1 -1 -1 -1 -1 1 -1 -1 -1 1 -1 1 -1 1 -1 -1 1 -1 1 -1 -1 -1 -1 1 1 
-1 1 -1 1 -1 -1 -1 -1 -1 -1 1 1 1 1 -1 -1 1 1 -1 1 -1 1 -1 -1 -1 1 1 1 -1 -1 -1 -1 -1 1 -1 1 -1 1 -1 -1 1 -1 1 1 1 1 -1 1 -1 1 1 -1 -1 1 -1 1 -1 -1 -1 1 -1 -1 1 -1 
-1 1 -1 1 1 -1 1 -1 1 1 -1 -1 -1 1 1 1 1 1 -1 1 1 -1 -1 -1 -1 1 1 1 -1 -1 1 -1 -1 1 1 1 -1 1 -1 1 1 -1 1 -1 1 1 -1 1 1 -1 -1 -1 1 1 1 -1 -1 -1 1 -1 -1 -1 1 1 
1 -1 -1 1 -1 -1 1 1 1 -1 -1 1 -1 1 1 -1 1 -1 -1 1 -1 -1 1 1 -1 -1 -1 1 1 -1 -1 -1 -1 -1 1 -1 -1 1 1 1 1 -1 -1 -1 -1 -1 -1 -1 1 1 -1 1 -1 1 1 -1 1 1 1 1 1 1 -1 -1 
-1 1 1 1 -1 -1 -1 1 1 1 -1 -1 -1 -1 1 1 1 -1 -1 -1 1 -1 -1 -1 -1 1 -1 1 1 1 -1 -1 -1 -1 -1 1 1 1 -1 -1 1 1 1 -1 1 -1 1 1 -1 -1 1 1 1 1 1 1 -1 1 -1 1 1 1 1 -1 
-1 -1 1 -1 1 1 -1 -1 1 -1 -1 -1 1 1 -1 -1 1 -1 1 1 1 -1 1 -1 1 -1 1 1 -1 1 -1 1 1 -1 1 -1 1 1 -1 -1 1 1 -1 -1 -1 -1 1 -1 1 -1 -1 1 1 1 1 1 1 -1 1 1 -1 1 -1 1 
-1 1 1 -1 -1 1 -1 1 1 1 1 -1 -1 1 1 -1 -1 -1 1 -1 -1 -1 -1 -1 1 -1 1 -1 -1 -1 -1 -1 1 -1 -1 1 1 -1 1 -1 1 -1 -1 1 1 1 1 1 1 1 1 -1 -1 1 1 -1 -1 1 1 -1 1 -1 1 1 
1 1 1 -1 1 -1 1 1 -1 -1 -1 1 -1 1 1 -1 -1 1 1 1 -1 1 1 -1 1 1 1 -1 -1 1 1 1 1 1 -1 -1 -1 -1 -1 1 -1 1 -1 1 -1 1 1 1 1 -1 -1 -1 1 -1 1 -1 -1 -1 -1 -1 -1 -1 -1 -1 
1 1 -1 1 -1 -1 -1 1 1 1 1 1 -1 1 1 -1 1 -1 1 1 1 1 -1 -1 -1 -1 1 1 -1 -1 1 1 -1 1 -1 -1 1 -1 1 -1 -1 1 -1 1 1 1 -1 1 -1 1 -1 -1 1 1 -1 1 -1 -1 -1 -1 1 -1 -1 1 
1 1 1 1 1 1 1 1 1 -1 -1 1 -1 -1 -1 -1 1 1 -1 1 -1 1 1 1 -1 -1 -1 1 -1 -1 1 1 1 1 1 1 -1 -1 1 -1 -1 1 1 -1 1 1 -1 -1 1 -1 -1 1 1 -1 1 1 -1 -1 -1 1 -1 -1 -1 1 
-1 1 1 -1 1 -1 1 -1 1 1 1 -1 -1 1 1 -1 -1 1 -1 1 1 -1 1 -1 -1 1 1 1 1 -1 1 -1 1 -1 -1 1 1 -1 1 -1 1 -1 1 1 1 1 1 1 1 -1 1 -1 1 1 1 -1 -1 -1 1 -1 -1 -1 1 1 
1 1 1 1 1 1 1 -1 -1 -1 1 1 -1 -1 1 -1 -1 -1 1 1 1 -1 -1 -1 -1 -1 1 -1 1 -1 -1 -1 -1 -1 -1 1 -1 -1 -1 1 1 1 -1 -1 1 -1 -1 -1 -1 -1 -1 -1 1 1 -1 1 -1 1 -1 -1 1 1 -1 1 
1 -1 1 1 -1 -1 1 1 1 -1 1 -1 -1 1 1 1 1 -1 -1 1 1 1 -1 1 1 1 1 1 -1 -1 -1 1 -1 1 -1 -1 1 1 -1 1 -1 -1 -1 1 1 -1 -1 1 -1 -1 -1 -1 1 1 1 -1 -1 -1 -1 -1 1 -1 -1 1 
-1 -1 -1 1 -1 -1 -1 -1 1 -1 1 1 -1 1 -1 1 -1 -1 1 -1 -1 -1 1 -1 -1 -1 1 -1 -1 -1 1 1 1 1 -1 1 1 -1 -1 1 -1 1 1 -1 1 1 -1 -1 1 1 1 1 -1 1 -1 1 -1 -1 -1 1 -1 -1 -1 1 
1 1 -1 1 -1 1 -1 -1 1 1 -1 -1 1 -1 1 1 1 1 1 1 1 1 -1 -1 1 -1 -1 1 -1 -1 -1 -1 -1 1 1 1 -1 1 1 -1 1 -1 1 1 -1 -1 1 -1 -1 1 -1 1 -1 -1 1 1 -1 1 1 1 1 1 1 1 