64
48 36 20 4 48 49 17 15 93 21 87 31 47 61 56 2 97 49 14 59 83 90 20 12 93 16 45 4 13 70 13 98 33 99 19 92 55 87 29 12 23 54 25 36 80 28 26 78 34 1 96 20 16 8 99 80 4 28 36 27 73 60 16 3 
33 48 38 20 42 64 60 97 63 81 5 64 51 22 86 29 75 91 6 62 89 27 72 65 54 32 50 23 37 1 55 33 61 74 30 21 32 8 83 70 75 100 82 38 42 98 8 87 40 69 90 67 24 1 26 68 48 45 76 76 13 23 41 76 
54 25 69 65 44 99 74 53 100 17 46 66 53 65 11 66 39 3 87 44 100 93 40 52 31 8 25 47 53 72 7 94 77 18 100 42 89 94 23 93 97 92 76 45 36 70 63 84 16 93 64 36 24 5 97 42 5 68 78 34 58 14 60 73 
89 98 16 98 98 1 52 4 29 29 72 48 38 100 81 7 19 11 67 5 6 95 82 9 66 70 44 28 9 66 1 1 95 53 48 15 62 37 40 100 57 74 22 84 4 12 80 75 81 43 5 49 53 68 52 41 64 66 13 11 50 40 9 63 
91 89 69 74 93 52 62 22 19 59 98 97 32 3 45 74 9 19 27 48 13 55 42 85 73 81 26 77 36 19 4 82 17 88 93 25 89 97 6 27 100 58 45 91 87 81 98 85 18 43 31 75 72 81 5 74 93 55 20 96 18 9 91 50 
88 19 22 46 51 99 15 12 14 93 26 95 2 88 44 12 51 11 76 84 55 99 76 84 12 86 46 59 60 16 85 57 50 25 71 3 8 14 34 21 74 26 55 90 63 62 6 33 79 91 20 34 96 86 5 51 66 73 76 30 19 86 92 74 
65 31 43 41 50 51 1 22 65 94 18 81 61 78 59 49 87 20 100 73 86 38 19 95 69 64 39 50 42 83 17 82 99 73 81 29 27 20 64 26 35 67 58 51 19 42 97 79 22 42 6 34 71 99 41 79 94 64 71 20 42 44 61 19 
46 97 52 92 25 98 79 30 21 5 70 93 22 80 31 79 99 59 95 7 2 14 92 55 16 56 47 11 81 25 74 45 77 96 66 56 64 98 43 58 3 32 40 69 14 10 43 88 74 99 76 87 24 30 41 40 51 36 40 61 70 14 38 63 
3 81 54 100 65 27 79 9 83 8 38 71 41 75 23 78 12 18 39 81 9 79 15 8 2 96 7 73 88 26 90 94 73 42 24 6 21 74 59 23 96 52 2 91 67 15 33 49 30 53 89 94 42 98 94 59 23 25 78 92 24 58 89 77 
18 80 19 23 64 47 24 33 89 98 22 57 88 87 32 75 35 35 40 18 51 31 70 76 31 90 23 11 59 14 21 59 59 89 19 46 82 79 33 94 23 63 32 59 1 27 23 58 41 66 80 63 73 80 90 83 26 79 62 99 48 33 26 25 
45 46 69 74 44 12 68 60 25 35 67 86 45 52 95 93 6 90 2 22 47 26 9 2 88 96 3 63 58 28 29 86 5 52 72 97 1 35 82 36 34 61 35 96 75 54 19 38 62 75 44 40 1 95 61 84 70 73 78 94 46 38 28 72 
38 30 13 94 88 2 25 68 53 69 77 41 70 55 63 99 44 82 96 91 15 80 69 83 77 19 76 10 68 12 85 60 41 55 16 59 50 46 3 45 62 25 100 95 79 30 90 93 87 36 100 29 95 38 58 76 78 16 29 49 39 83 48 76 
11 51 63 61 99 54 89 81 2 53 80 98 18 19 1 49 72 42 100 25 18 28 92 94 1 100 81 35 69 78 26 30 74 83 35 53 66 72 74 53 4 22 83 7 21 67 36 38 30 50 35 94 77 46 83 55 4 93 27 45 64 36 72 35 
18 32 38 76 47 18 99 59 21 87 67 29 53 88 30 10 59 53 78 65 50 49 36 73 16 9 3 15 94 87 40 62 35 43 24 94 40 42 51 39 20 62 10 28 3 52 14 83 43 22 31 92 55 69 46 10 62 79 10 57 58 79 50 66 
46 37 62 59 49 92 26 64 33 27 95 6 35 48 45 18 97 52 13 50 42 30 21 5 42 37 4 12 64 52 65 86 84 94 89 28 40 27 49 53 24 79 68 51 100 33 47 18 1 81 28 53 30 30 10 6 73 9 21 64 65 91 64 75 
38 23 24 42 34 8 100 98 44 51 78 38 45 51 12 64 27 72 82 5 2 29 54 75 33 56 26 6 39 80 84 86 71 18 93 60 73 57 66 30 46 37 78 36 60 89 33 5 78 62 70 85 96 27 62 98 53 74 31 46 22 2 77 89 
25 2 43 25 36 77 13 99 75 54 45 1 58 39 98 25 25 95 54 42 96 19 53 60 91 64 32 22 63 53 11 71 99 6 64 27 75 15 11 60 57 90 49 73 76 79 14 70 63 98 66 94 11 99 70 46 32 64 15 77 27 92 47 33 
12 17 43 87 92 30 30 43 22 92 63 78 35 66 11 78 54 79 70 100 79 85 90 10 16 83 19 68 21 92 47 86 16 14 87 66 44 75 60 27 36 68 5 54 50 80 94 15 3 81 21 22 78 69 42 10 52 15 52 10 72 77 73 6 
50 25 95 41 41 66 90 58 73 25 2 35 44 17 73 71 78 78 89 55 85 22 32 45 96 17 71 91 9 7 42 92 96 7 39 33 41 40 18 58 72 74 86 20 36 15 99 71 62 16 13 37 33 47 1 87 48 48 72 42 73 39 65 20 
38 34 33 92 38 62 44 81 34 9 94 61 22 36 52 99 8 6 42 45 35 39 99 11 13 18 92 100 78 14 79 70 62 17 6 87 82 63 32 17 84 49 47 28 90 96 27 74 25 91 80 53 47 43 94 27 76 25 37 5 69 14 67 7 
31 100 30 57 14 69 67 36 44 1 33 30 52 84 62 36 5 3 65 26 99 56 55 33 58 18 73 28 58 96 67 20 25 70 39 2 78 98 17 39 62 35 50 74 70 29 92 74 84 2 23 89 73 81 16 98 81 76 97 8 16 87 69 46 
6 73 91 6 8 18 92 99 43 81 81 31 92 37 56 93 18 62 20 71 45 96 20 71 31 27 53 100 14 70 42 82 47 60 46 10 58 14 36 25 61 59 63 79 78 96 41 20 42 50 38 47 84 53 41 3 66 16 1 44 30 3 98 23 
59 70 91 12 18 68 61 71 89 76 19 95 22 14 39 39 63 89 87 70 62 100 95 74 34 43 76 20 63 7 41 51 33 6 43 85 26 40 96 37 15 69 96 38 1 95 20 90 76 4 73 52 25 55 10 82 35 97 97 52 89 39 47 92 
7 29 42 92 32 79 10 90 16 11 1 38 35 89 67 43 51 22 84 48 23 8 95 89 3 8 90 64 59 63 79 74 49 93 38 81 81 2 19 91 56 29 51 36 85 62 99 71 63 15 72 36 37 82 22 76 35 25 46 45 86 48 86 49 
50 53 60 32 95 24 7 78 90 9 10 40 42 100 71 17 92 61 6 49 3 42 1 37 69 81 60 1 33 26 60 74 83 77 62 44 62 72 31 12 54 68 33 9 77 83 82 73 5 94 35 7 4 10 95 80 40 32 99 91 44 86 53 9 
25 77 60 56 5 3 91 69 27 48 64 29 58 98 17 25 36 91 2 74 62 11 45 27 96 74 48 60 5 100 18 36 3 29 93 12 13 18 56 17 46 55 44 21 81 26 11 96 18 53 23 68 70 47 74 12 3 17 50 11 42 50 19 48 
44 59 90 26 37 6 69 97 92 11 16 62 67 9 5 60 100 51 97 38 11 34 79 35 48 46 74 11 8 64 92 25 20 78 25 76 27 75 29 64 14 76 22 41 20 58 91 29 50 2 77 84 27 82 69 80 88 82 91 79 78 10 11 9 
100 54 64 33 41 67 45 87 47 81 83 100 81 2 19 77 96 7 45 79 53 68 94 80 49 18 18 16 48 61 15 19 91 14 40 20 17 83 18 17 73 4 87 65 87 52 23 16 46 56 88 97 43 8 80 67 81 84 63 37 62 37 36 14 
85 49 49 1 29 64 30 82 28 82 15 86 12 7 100 94 49 4 39 77 71 25 70 33 29 14 23 65 85 51 74 24 8 86 71 44 56 37 15 80 52 14 66 64 20 76 27 45 81 62 64 73 45 22 3 22 27 62 66 23 29 94 86 80 
23 94 98 91 54 64 24 40 13 35 42 65 22 15 56 74 84 38 60 87 23 3 53 48 93 41 61 7 43 37 41 14 82 78 65 35 74 100 11 55 38 8 48 12 65 63 10 18 52 97 63 61 94 66 81 77 85 8 74 51 45 27 20 59 
24 22 9 67 99 42 70 74 37 78 16 33 95 91 29 2 41 51 72 46 41 90 17 64 84 43 64 82 33 68 82 6 75 2 63 24 28 88 69 5 43 23 78 45 60 98 52 59 92 34 13 25 46 40 90 14 48 54 97 42 7 100 97 37 
92 37 90 65 97 86 55 56 83 98 83 83 93 59 89 43 64 26 94 25 52 55 6 1 86 92 25 15 79 44 31 33 38 61 58 59 35 99 51 84 54 19 79 27 48 99 30 8 21 74 60 63 83 92 20 23 75 43 99 23 97 39 46 49 
65 38 12 100 67 53 7 76 95 85 69 70 80 76 41 86 5 27 73 83 76 7 54 24 84 3 17 64 78 1 9 43 87 96 1 6 4 85 94 25 39 60 57 17 73 30 4 46 21 74 2 48 10 65 96 35 96 89 61 51 54 50 48 85 
69 24 35 73 2 33 77 9 27 84 70 3 87 9 1 68 98 7 11 6 41 54 45 34 59 29 78 39 74 11 15 68 73 79 82 15 15 36 39 52 55 56 93 88 81 51 22 88 15 95 50 18 27 34 36 24 26 28 1 5 64 86 57 6 
87 28 47 75 21 80 29 24 52 43 34 82 15 51 33 90 73 66 6 13 22 91 92 16 83 74 73 76 85 85 7 61 34 31 27 61 93 99 89 41 47 27 78 65 73 10 33 1 44 2 9 18 39 84 47 3 25 13 55 25 94 58 61 98 
16 57 41 21 63 97 66 82 59 100 31 84 96 8 97 89 10 41 65 38 9 2 87 43 77 82 94 57 49 79 90 80 85 45 97 98 39 15 23 34 84 69 63 68 1 69 26 93 93 61 54 52 73 88 58 66 80 77 3 27 32 68 69 35 
14 44 54 81 94 79 18 82 54 14 22 73 86 1 16 5 16 35 38 98 51 39 27 59 29 9 62 98 63 72 14 3 46 68 75 32 61 33 41 27 3 52 77 41 25 10 36 46 85 91 54 85 85 14 31 72 80 1 75 50 40 2 37 80 
8 13 99 87 84 30 44 2 62 92 53 3 66 3 16 75 81 70 44 75 59 15 89 56 17 33 30 67 38 10 98 80 28 95 22 25 20 40 32 77 67 81 37 40 20 49 48 11 64 28 1 74 31 26 25 52 96 24 44 68 97 14 26 3 
74 36 30 67 18 61 36 3 59 91 11 10 26 95 74 52 85 57 11 21 2 13 35 33 82 97 86 31 90 78 68 19 25 7 44 84 65 88 77 55 76 46 78 46 20 8 77 24 57 44 35 13 90 51 11 27 92 13 83 28 69 19 22 63 
89 95 6 86 37 76 76 92 52 44 10 63 91 27 16 60 82 21 69 20 81 71 51 67 32 57 24 77 83 90 75 52 61 54 12 46 88 96 22 32 70 27 53 5 68 32 20 46 48 17 53 58 59 87 51 33 42 73 28 86 18 39 33 5 
18 10 96 69 65 74 88 32 45 64 17 88 62 82 89 46 1 40 91 1 37 38 55 94 84 55 68 12 74 86 42 51 38 65 27 34 38 64 63 86 53 47 35 81 18 44 7 7 23 77 65 45 8 47 72 74 64 58 29 95 12 10 56 98 
67 93 40 67 89 82 97 6 51 18 60 63 65 24 45 32 48 67 73 65 75 94 33 65 80 100 99 26 1 48 2 96 43 7 73 48 37 40 89 63 26 47 31 53 26 29 87 11 27 82 52 21 40 84 1 51 99 15 78 78 66 11 45 99 
16 60 26 80 22 17 63 15 5 87 24 77 90 61 91 83 86 44 26 37 43 41 98 70 23 43 38 31 72 28 87 42 68 39 22 46 23 49 30 81 13 9 61 68 54 82 49 64 42 5 87 26 52 81 89 37 56 24 25 18 37 8 63 45 
88 27 52 21 33 55 64 5 6 57 18 88 88 78 9 18 12 45 26 54 17 41 65 60 62 91 45 90 74 27 53 96 97 78 26 4 66 15 8 49 78 48 84 86 80 9 91 13 76 4 86 31 66 6 76 80 3 83 33 33 73 70 77 91 
24 3 86 41 59 35 74 93 35 31 80 24 84 26 22 78 64 3 70 80 94 28 13 22 19 26 76 77 85 40 34 73 85 1 3 73 45 50 98 21 80 22 55 90 51 98 85 95 10 91 34 92 25 77 53 42 98 66 1 97 81 94 96 95 
89 38 98 50 12 98 48 73 10 5 15 31 23 21 39 97 22 23 64 94 85 6 9 84 27 83 76 44 92 65 100 89 15 91 43 3 6 42 70 6 28 60 70 44 66 73 67 98 4 85 23 26 12 65 2 85 13 42 33 26 32 38 2 13 
56 93 45 61 46 19 62 29 19 16 55 34 54 21 65 23 29 4 24 19 24 12 98 25 2 53 66 34 68 1 82 64 69 94 7 69 5 44 74 54 65 80 79 25 47 37 48 31 76 29 80 43 87 12 7 24 26 84 85 35 14 2 87 27 
2 9 38 69 31 28 78 94 68 22 49 61 92 15 95 62 57 5 14 68 41 96 8 28 39 84 36 73 37 38 91 95 91 26 28 24 33 81 9 98 85 82 10 59 31 27 93 59 70 27 28 64 62 82 91 98 26 75 17 64 100 14 87 92 
12 5 69 83 33 87 51 60 88 58 63 65 90 33 95 21 98 39 28 71 78 15 89 60 37 76 28 8 14 73 13 33 6 1 9 20 43 92 88 7 89 56 39 55 70 36 99 19 48 96 1 53 76 76 58 94 53 69 67 66 90 49 74 34 
40 72 14 99 55 36 80 92 70 24 46 79 10 44 78 46 93 46 4 47 14 13 30 92 97 49 37 87 68 42 26 50 90 91 77 4 47 73 45 24 57 78 19 15 36 41 26 92 85 40 9 86 40 64 76 26 57 62 23 61 30 88 96 93 
94 13 26 10 35 81 56 20 19 87 19 82 90 13 4 100 19 19 47 31 31 65 70 51 74 24 24 67 3 79 35 3 66 64 61 36 11 9 53 10 79 48 40 12 63 24 57 39 19 41 34 82 41 5 42 89 36 39 78 69 19 20 2 23 
48 65 93 74 27 28 83 41 56 2 83 67 23 83 74 61 56 55 20 88 18 73 42 98 27 37 99 39 14 32 64 58 47 42 5 70 32 19 24 40 50 93 53 95 89 98 43 50 46 14 61 88 37 43 15 1 87 93 14 90 27 68 60 20 
99 36 44 80 91 10 83 84 22 92 41 36 88 30 75 9 56 13 32 77 10 26 85 44 5 95 7 18 88 89 34 18 59 33 97 22 17 59 5 65 88 87 72 89 41 78 63 97 68 52 65 40 55 39 79 70 81 91 23 6 5 69 75 81 
85 28 15 65 14 22 93 62 5 44 83 74 14 20 66 36 35 56 76 12 95 34 38 88 51 13 93 68 40 91 60 58 34 46 37 20 20 93 66 81 86 14 82 18 98 17 7 1 80 73 15 40 74 57 3 68 91 43 62 80 83 61 87 32 
47 26 58 88 42 51 11 85 40 95 21 71 55 76 87 81 25 7 28 84 97 84 83 98 87 9 47 54 80 32 52 76 67 50 38 87 25 79 35 100 29 61 30 45 9 24 24 68 99 27 97 2 81 43 94 75 5 73 46 33 51 18 61 59 
71 38 69 61 11 39 81 4 85 11 35 39 99 100 33 94 53 40 15 42 27 1 61 34 87 68 87 44 92 11 20 92 34 13 32 36 4 27 5 25 93 35 44 47 25 60 37 32 52 80 22 25 18 89 78 5 93 6 55 63 39 87 19 15 
4 74 68 32 75 49 79 51 39 2 21 5 17 97 23 7 32 22 82 19 67 49 99 1 62 25 44 55 45 22 21 100 11 24 80 15 9 14 19 64 69 51 49 27 37 100 11 21 62 48 95 54 91 99 82 42 53 36 79 71 23 59 38 20 
14 34 9 37 22 30 52 77 6 47 14 33 19 19 99 79 86 99 55 86 9 58 48 72 10 26 13 71 37 48 2 75 11 95 29 50 91 17 59 15 17 23 60 54 54 51 85 64 78 47 98 84 35 64 58 96 8 95 17 84 59 70 44 75 
78 32 21 84 32 96 21 81 13 23 70 37 61 19 72 55 20 30 69 50 37 92 87 25 97 3 77 65 93 76 55 100 85 14 41 23 22 92 90 85 46 93 56 79 83 59 9 49 99 88 89 4 34 35 16 87 89 11 52 77 64 21 43 59 
49 73 11 76 87 90 21 3 87 33 35 84 45 52 7 51 58 85 58 32 85 38 93 46 44 27 68 67 27 84 33 71 28 7 80 42 38 58 43 84 95 24 41 72 20 85 76 72 85 51 36 80 31 26 83 5 72 77 66 12 88 39 68 54 
21 49 12 9 55 6 61 87 46 35 80 16 4 82 64 56 8 79 81 85 70 23 91 35 54 56 20 65 18 37 74 64 6 6 78 77 36 41 65 63 25 72 96 49 43 93 18 89 92 42 31 92 21 44 2 34 77 77 56 28 55 22 80 90 
49 12 39 26 57 4 78 95 31 3 83 44 69 20 68 5 33 95 40 48 42 26 17 29 52 12 86 47 26 75 2 58 64 14 99 67 34 23 28 47 47 92 96 61 84 88 5 97 59 87 23 29 23 53 45 13 68 69 41 54 23 83 2 69 
60 35 10 20 88 36 25 17 31 59 13 55 55 17 67 94 53 90 47 5 46 42 91 41 97 84 72 13 97 64 56 38 51 23 50 56 69 40 83 21 32 15 69 42 29 55 24 77 99 22 37 6 71 32 100 55 96 71 17 77 80 86 11 85 
44 87 81 77 29 86 91 33 92 74 57 86 94 39 81 39 41 45 17 54 16 48 52 11 32 41 79 90 16 94 10 13 74 52 17 48 8 79 36 92 81 36 57 46 37 73 62 20 53 39 20 6 87 77 95 32 66 46 68 70 19 27 87 9 
-1 -1 -1 -1 1 -1 1 -1 -1 -1 -1 -1 1 -1 1 1 1 -1 -1 1 1 1 1 -1 -1 -1 -1 -1 1 -1 1 -1 1 -1 -1 -1 1 1 1 1 1 -1 -1 1 -1 1 -1 1 1 -1 -1 1 1 1 -1 1 -1 -1 1 -1 1 1 1 1 
-1 -1 -1 -1 -1 -1 -1 1 -1 1 1 1 -1 -1 1 1 1 -1 1 -1 1 -1 -1 1 1 -1 1 1 -1 -1 1 -1 1 -1 1 1 -1 -1 1 -1 1 1 -1 -1 -1 -1 1 1 -1 -1 1 -1 1 1 -1 1 1 -1 -1 -1 -1 -1 1 -1 
-1 -1 -1 -1 -1 1 -1 1 1 1 1 1 1 1 -1 1 1 -1 -1 -1 1 -1 1 -1 1 -1 -1 1 1 -1 1 -1 1 -1 -1 -1 -1 -1 1 1 1 -1 1 1 -1 -1 1 1 1 -1 -1 1 -1 -1 -1 -1 -1 1 -1 1 1 1 1 -1 
-1 -1 -1 -1 1 -1 -1 1 -1 1 1 -1 1 1 -1 -1 1 -1 1 1 -1 1 -1 -1 1 1 -1 -1 -1 -1 1 1 1 -1 1 1 -1 1 1 1 1 1 1 1 1 -1 1 -1 -1 -1 1 1 -1 1 1 -1 1 1 1 1 1 1 -1 1 
1 -1 -1 1 1 1 -1 1 -1 1 1 -1 1 -1 1 1 -1 -1 -1 -1 1 1 1 1 -1 -1 1 1 -1 1 -1 1 -1 -1 1 -1 -1 -1 1 1 -1 -1 1 1 1 1 1 -1 -1 1 1 -1 1 -1 -1 1 1 1 -1 -1 1 -1 -1 1 
-1 -1 1 -1 1 1 1 -1 -1 1 -1 1 1 -1 -1 1 -1 -1 -1 1 1 -1 -1 1 1 -1 -1 1 -1 1 -1 1 1 1 1 1 1 1 -1 -1 1 -1 -1 1 -1 1 1 1 1 1 -1 1 -1 1 1 -1 -1 1 1 1 -1 -1 1 -1 
1 -1 -1 -1 -1 1 1 1 -1 1 -1 1 1 -1 -1 -1 -1 1 -1 1 1 1 1 1 -1 -1 1 1 -1 1 1 -1 -1 1 1 1 -1 1 -1 -1 -1 -1 1 1 -1 1 1 1 -1 -1 -1 -1 1 1 -1 1 -1 -1 -1 -1 -1 -1 1 1 
-1 1 1 1 1 -1 1 -1 1 1 1 1 1 1 1 1 -1 1 1 -1 1 -1 -1 1 -1 1 1 -1 -1 1 1 -1 -1 -1 1 -1 -1 1 -1 1 -1 -1 1 1 1 1 -1 1 -1 1 1 -1 -1 1 1 -1 -1 -1 -1 -1 1 1 1 1 
-1 -1 1 -1 -1 -1 -1 1 -1 -1 -1 1 -1 -1 1 1 1 -1 1 -1 -1 1 -1 1 1 -1 -1 1 -1 -1 -1 -1 -1 1 1 -1 -1 1 1 -1 -1 1 1 1 1 1 -1 -1 -1 1 1 -1 1 -1 1 -1 1 -1 -1 1 1 1 -1 1 
-1 1 1 1 1 1 1 1 -1 1 1 1 1 1 -1 1 1 -1 -1 1 1 -1 -1 -1 1 -1 -1 -1 1 -1 1 -1 -1 1 -1 -1 -1 -1 1 -1 -1 -1 -1 1 1 -1 -1 1 -1 1 -1 1 1 -1 1 1 -1 1 1 -1 1 -1 1 1 
-1 1 1 1 1 -1 -1 1 -1 1 1 1 1 -1 -1 1 -1 -1 1 -1 1 -1 1 1 -1 -1 -1 -1 -1 1 1 -1 -1 -1 -1 -1 -1 -1 -1 1 -1 1 -1 -1 1 -1 1 -1 -1 -1 1 1 -1 -1 1 1 -1 -1 -1 1 1 -1 1 -1 
-1 1 1 -1 -1 1 1 1 1 1 1 -1 -1 -1 -1 1 1 1 1 1 1 -1 1 -1 -1 -1 -1 -1 1 -1 -1 -1 -1 -1 1 -1 -1 -1 -1 1 -1 1 1 1 1 -1 1 1 -1 -1 1 1 -1 1 -1 1 1 -1 1 1 -1 -1 1 -1 
1 -1 1 1 1 1 1 1 -1 1 1 -1 1 -1 -1 -1 1 1 -1 1 1 1 1 1 -1 1 1 -1 -1 1 1 -1 -1 1 -1 1 1 -1 -1 -1 -1 1 -1 -1 -1 1 1 1 1 1 -1 -1 -1 -1 1 -1 -1 -1 -1 -1 1 -1 -1 -1 
-1 -1 1 1 -1 -1 -1 1 -1 1 -1 -1 -1 1 -1 -1 -1 -1 -1 -1 -1 -1 1 -1 1 -1 1 -1 -1 -1 1 -1 -1 1 -1 -1 -1 -1 -1 -1 1 -1 -1 1 1 -1 1 1 1 -1 -1 -1 -1 -1 1 -1 -1 1 1 -1 1 1 1 1 
1 1 -1 -1 1 -1 -1 1 1 -1 -1 -1 -1 -1 1 -1 -1 -1 1 1 -1 1 -1 1 1 -1 1 -1 -1 -1 1 1 1 1 1 1 1 -1 -1 -1 1 -1 -1 1 -1 1 -1 1 -1 -1 -1 -1 1 1 1 -1 -1 1 1 1 1 -1 1 -1 
1 1 1 -1 1 1 -1 1 1 1 1 1 -1 -1 -1 -1 1 -1 -1 1 -1 -1 1 -1 -1 1 -1 -1 -1 -1 -1 -1 1 1 1 -1 1 -1 -1 -1 -1 1 1 -1 -1 -1 -1 -1 -1 -1 1 -1 1 -1 1 1 -1 1 -1 -1 -1 1 -1 1 
1 1 1 1 -1 -1 -1 -1 1 1 -1 1 1 -1 -1 1 -1 1 -1 -1 -1 1 1 1 1 -1 1 1 -1 1 -1 -1 1 1 1 -1 -1 1 -1 1 1 -1 1 1 1 1 1 1 1 1 -1 1 -1 1 -1 -1 1 1 1 -1 -1 -1 -1 -1 
-1 -1 -1 -1 -1 -1 1 1 -1 -1 -1 1 1 -1 -1 -1 1 -1 1 1 1 -1 1 1 1 1 1 1 -1 1 1 1 1 1 1 1 1 -1 -1 1 1 1 1 1 1 1 -1 -1 1 1 -1 1 -1 -1 -1 1 1 -1 -1 1 1 1 -1 -1 
-1 1 -1 1 -1 -1 -1 1 1 -1 1 1 -1 -1 1 -1 -1 1 1 1 1 -1 1 -1 1 1 -1 1 -1 1 1 1 -1 -1 -1 1 -1 -1 1 -1 1 1 -1 -1 -1 -1 1 -1 -1 1 -1 -1 -1 -1 1 1 1 -1 1 1 -1 1 -1 1 
1 -1 -1 1 -1 1 1 -1 -1 1 -1 1 1 -1 1 1 -1 1 1 1 -1 -1 1 1 -1 1 1 -1 1 1 1 -1 -1 -1 1 1 -1 1 -1 -1 1 1 -1 1 -1 -1 1 1 -1 -1 1 1 1 -1 -1 -1 1 -1 1 1 1 1 -1 1 
1 1 1 -1 1 1 1 1 -1 1 1 1 1 -1 -1 -1 -1 1 1 -1 -1 1 1 -1 1 -1 1 -1 -1 -1 -1 -1 -1 1 1 1 1 -1 1 1 -1 1 1 -1 -1 -1 1 1 -1 1 1 -1 -1 1 -1 -1 1 -1 -1 -1 -1 -1 1 1 
1 -1 -1 1 1 -1 1 -1 1 -1 -1 -1 1 -1 1 -1 1 -1 -1 -1 1 1 -1 -1 1 1 -1 -1 -1 -1 -1 -1 1 1 -1 -1 -1 1 -1 -1 1 1 1 1 -1 -1 1 1 1 -1 1 -1 1 1 -1 1 -1 -1 1 1 1 -1 1 1 
1 -1 1 -1 1 -1 1 -1 -1 -1 1 1 1 1 -1 1 1 1 1 1 1 -1 -1 -1 1 1 1 1 1 1 1 -1 1 1 1 -1 1 -1 -1 -1 -1 1 1 -1 -1 1 1 1 1 1 -1 1 -1 1 1 -1 -1 -1 -1 1 -1 1 -1 -1 
-1 1 -1 -1 1 1 1 1 1 -1 1 -1 1 -1 1 -1 1 1 -1 1 -1 -1 -1 -1 1 -1 -1 1 -1 -1 1 1 1 -1 -1 -1 1 -1 -1 -1 1 -1 1 1 1 1 1 -1 -1 -1 -1 -1 -1 -1 1 -1 -1 1 -1 1 1 -1 -1 -1 
-1 1 1 1 -1 1 -1 -1 1 1 -1 -1 -1 1 1 -1 1 1 1 -1 1 1 1 1 -1 -1 1 -1 -1 1 -1 -1 -1 1 1 1 -1 1 1 -1 -1 1 -1 -1 1 -1 1 -1 -1 -1 -1 -1 -1 -1 -1 1 -1 1 -1 1 -1 1 1 -1 
-1 -1 -1 1 -1 -1 -1 1 -1 -1 -1 -1 1 -1 -1 1 -1 1 1 1 -1 1 1 -1 -1 -1 1 -1 1 1 -1 1 -1 -1 1 -1 -1 1 1 1 1 -1 -1 -1 1 1 1 1 1 -1 -1 1 -1 1 -1 -1 -1 -1 -1 -1 1 -1 -1 -1 
-1 1 -1 -1 1 -1 1 1 -1 -1 -1 -1 1 1 1 -1 1 1 -1 1 1 -1 1 -1 1 1 1 1 1 1 1 1 -1 -1 -1 -1 1 1 1 -1 1 1 -1 -1 1 1 -1 1 -1 -1 1 -1 1 1 -1 1 1 -1 -1 1 -1 -1 1 1 
-1 1 1 -1 1 1 1 -1 1 -1 -1 -1 -1 -1 -1 -1 1 1 1 -1 -1 -1 1 1 -1 -1 1 -1 1 1 -1 1 1 -1 -1 1 -1 -1 1 -1 1 1 1 1 1 1 -1 -1 -1 -1 1 1 1 -1 -1 -1 -1 -1 1 1 -1 -1 -1 -1 
1 -1 1 -1 -1 -1 -1 -1 -1 1 -1 1 -1 -1 -1 -1 -1 -1 -1 1 -1 -1 1 -1 -1 1 1 1 -1 -1 1 1 1 -1 -1 -1 1 1 1 -1 1 -1 -1 1 1 1 -1 1 1 1 1 1 1 -1 1 1 1 1 -1 -1 1 -1 1 -1 
-1 -1 -1 -1 1 1 1 1 -1 -1 1 -1 1 -1 -1 -1 1 1 1 1 -1 -1 1 -1 1 1 1 1 -1 -1 1 -1 -1 -1 -1 -1 1 1 1 1 1 -1 1 1 1 1 -1 1 1 -1 1 -1 1 -1 1 1 -1 1 1 1 1 1 1 1 
1 1 1 1 -1 -1 1 1 -1 1 1 -1 1 1 1 -1 -1 1 1 1 -1 -1 1 1 -1 -1 1 -1 1 1 1 -1 -1 -1 1 -1 1 -1 1 -1 1 1 -1 -1 1 1 1 1 -1 1 -1 -1 1 -1 -1 -1 -1 1 -1 -1 -1 -1 1 1 
-1 -1 -1 1 1 1 -1 -1 -1 -1 -1 -1 -1 -1 1 -1 -1 1 1 -1 -1 -1 -1 1 -1 1 1 1 1 -1 -1 1 -1 -1 -1 1 -1 1 1 1 1 -1 1 -1 1 -1 1 -1 1 -1 1 -1 1 1 -1 1 1 -1 1 1 1 -1 1 -1 
1 1 1 1 -1 1 -1 -1 -1 -1 -1 -1 -1 -1 1 1 1 1 -1 -1 -1 1 1 1 -1 -1 -1 1 1 -1 -1 -1 1 -1 -1 1 1 -1 -1 -1 -1 -1 1 1 1 -1 1 -1 1 -1 -1 -1 1 1 -1 1 1 -1 -1 -1 1 -1 1 -1 
-1 -1 -1 -1 -1 1 1 -1 1 1 -1 -1 1 1 1 1 1 1 -1 -1 1 1 1 -1 1 -1 -1 -1 -1 -1 -1 -1 -1 1 1 -1 1 -1 -1 -1 -1 1 -1 1 1 1 -1 1 -1 1 -1 1 1 -1 1 1 1 -1 -1 -1 1 -1 1 1 
-1 1 -1 1 1 1 1 1 1 -1 -1 1 -1 -1 1 1 1 1 -1 1 1 -1 1 -1 1 1 -1 -1 -1 -1 1 -1 -1 1 1 1 1 1 -1 1 1 -1 -1 1 1 -1 -1 -1 -1 -1 -1 -1 1 1 -1 1 -1 1 -1 -1 -1 -1 1 1 
-1 1 -1 1 -1 1 1 -1 -1 -1 -1 -1 1 -1 1 -1 -1 1 1 1 1 -1 -1 -1 1 -1 -1 1 -1 -1 -1 1 1 -1 1 1 -1 1 1 1 -1 -1 -1 1 -1 1 -1 -1 -1 -1 1 1 -1 1 -1 1 1 -1 -1 1 -1 1 -1 1 
1 -1 -1 -1 -1 1 -1 -1 -1 -1 -1 -1 1 -1 1 1 -1 1 -1 -1 1 -1 1 1 -1 -1 1 -1 1 1 1 -1 1 1 1 -1 -1 1 1 1 1 1 -1 1 1 -1 -1 -1 1 -1 -1 1 -1 1 -1 -1 -1 1 1 -1 -1 -1 1 -1 
1 -1 -1 1 -1 1 1 1 1 -1 -1 -1 -1 -1 -1 -1 1 -1 -1 1 -1 1 -1 -1 1 1 1 -1 1 1 -1 1 -1 -1 1 1 1 -1 -1 1 1 -1 1 -1 -1 -1 -1 -1 1 -1 -1 1 -1 -1 -1 1 -1 1 -1 -1 1 -1 -1 1 
1 1 1 1 1 -1 -1 -1 1 1 -1 -1 -1 -1 -1 -1 -1 -1 1 -1 1 -1 -1 -1 1 1 1 1 1 1 1 1 -1 -1 -1 1 1 -1 -1 -1 -1 1 1 -1 -1 -1 1 -1 1 -1 -1 -1 -1 -1 -1 1 1 -1 1 -1 -1 1 1 -1 
1 -1 1 1 1 -1 -1 1 -1 -1 1 1 -1 -1 -1 -1 1 1 -1 -1 1 -1 -1 -1 -1 1 -1 -1 -1 1 -1 1 -1 -1 1 1 1 1 -1 1 1 1 -1 -1 1 -1 -1 -1 -1 -1 -1 1 1 -1 -1 -1 1 1 1 -1 -1 1 1 1 
1 1 1 1 -1 1 -1 -1 -1 -1 -1 -1 -1 1 1 -1 1 1 1 1 -1 1 -1 1 -1 1 1 1 1 1 1 1 -1 -1 1 -1 1 1 -1 1 -1 1 -1 1 1 1 1 1 -1 -1 1 1 -1 -1 1 1 1 1 1 -1 -1 1 -1 -1 
-1 1 -1 1 -1 -1 -1 -1 1 -1 1 1 1 -1 -1 1 -1 1 1 1 1 1 1 -1 1 -1 1 1 -1 -1 1 -1 -1 1 -1 -1 1 -1 1 1 1 -1 -1 -1 -1 -1 1 -1 -1 -1 -1 -1 -1 -1 1 1 1 -1 1 -1 1 1 1 -1 
-1 -1 1 1 1 -1 1 1 1 -1 -1 1 -1 -1 -1 1 1 1 -1 -1 1 1 1 1 -1 -1 -1 1 -1 1 -1 1 1 -1 -1 -1 -1 1 1 -1 -1 -1 -1 1 -1 1 -1 -1 1 -1 -1 -1 1 1 -1 -1 1 1 1 1 1 -1 1 -1 
1 -1 1 1 1 1 1 1 1 1 -1 1 -1 1 1 -1 1 1 -1 1 -1 1 -1 1 -1 -1 -1 1 1 1 -1 -1 1 1 1 1 1 -1 -1 -1 1 -1 1 1 -1 1 -1 -1 -1 -1 -1 -1 -1 1 -1 -1 1 1 1 1 1 -1 -1 1 
-1 -1 -1 1 1 -1 -1 1 1 1 1 1 -1 1 -1 -1 1 1 -1 -1 -1 -1 -1 1 1 1 1 1 1 1 1 1 1 1 1 -1 1 -1 -1 1 1 -1 -1 -1 1 -1 1 -1 -1 1 -1 1 1 -1 1 1 1 1 -1 -1 -1 -1 1 -1 
1 -1 -1 -1 1 1 1 1 1 -1 -1 -1 1 -1 1 -1 1 1 -1 -1 -1 -1 1 1 -1 1 1 1 1 1 1 -1 -1 1 -1 1 -1 -1 -1 -1 1 -1 1 1 -1 -1 -1 -1 -1 -1 -1 -1 1 1 1 -1 1 -1 1 -1 -1 -1 -1 1 
-1 1 1 1 1 1 1 -1 -1 -1 1 1 1 1 -1 -1 1 -1 1 1 1 1 1 1 1 1 -1 -1 -1 -1 1 1 1 -1 -1 -1 -1 -1 1 -1 1 1 -1 -1 1 -1 -1 1 -1 -1 -1 -1 -1 -1 1 -1 1 1 1 -1 -1 1 1 1 
1 1 1 -1 -1 1 1 1 -1 1 -1 1 1 1 1 -1 1 -1 -1 1 1 1 1 -1 -1 1 1 -1 1 1 1 -1 -1 1 -1 -1 -1 -1 -1 -1 1 -1 -1 -1 -1 -1 1 -1 1 1 -1 1 1 1 -1 -1 1 -1 1 1 1 -1 1 1 
1 -1 1 -1 -1 1 -1 -1 -1 -1 -1 -1 1 1 -1 -1 1 1 -1 -1 -1 1 1 -1 -1 1 -1 -1 1 1 -1 1 1 -1 -1 -1 1 1 1 -1 -1 -1 1 -1 -1 -1 -1 1 1 1 1 -1 -1 -1 1 -1 -1 -1 1 -1 1 -1 1 -1 
-1 -1 -1 -1 1 1 -1 1 1 1 -1 -1 1 -1 -1 -1 1 1 1 -1 1 -1 1 -1 -1 -1 -1 -1 1 -1 1 -1 -1 1 -1 -1 -1 -1 -1 -1 -1 -1 -1 -1 1 -1 -1 1 1 1 1 1 1 -1 -1 -1 1 1 -1 1 -1 1 -1 -1 
-1 1 -1 1 1 -1 -1 1 1 -1 1 1 -1 -1 -1 1 -1 -1 -1 1 1 1 -1 -1 -1 -1 1 1 1 1 -1 1 -1 -1 -1 1 -1 -1 -1 -1 1 -1 -1 -1 -1 -1 -1 -1 1 1 1 -1 -1 1 1 -1 1 1 1 1 1 1 1 1 
1 -1 1 1 -1 1 -1 -1 -1 1 1 1 -1 -1 -1 -1 1 1 -1 1 -1 -1 1 -1 -1 1 -1 1 1 -1 -1 -1 -1 1 -1 1 1 1 -1 1 1 -1 -1 -1 1 -1 -1 1 -1 1 -1 -1 1 -1 -1 1 1 1 1 -1 -1 1 -1 1 
1 1 -1 -1 1 -1 1 -1 1 1 -1 -1 -1 -1 1 1 -1 -1 -1 1 -1 1 -1 -1 -1 -1 1 1 1 1 1 1 1 1 1 -1 -1 -1 -1 1 -1 -1 1 -1 1 1 -1 1 -1 1 -1 1 -1 1 -1 -1 -1 -1 -1 1 -1 1 -1 1 
1 1 -1 1 -1 1 1 1 -1 -1 -1 1 -1 -1 1 -1 1 -1 -1 -1 1 1 1 -1 -1 1 1 -1 -1 -1 -1 1 1 -1 1 1 1 -1 -1 -1 -1 -1 1 1 -1 1 -1 1 -1 -1 1 -1 1 1 1 1 1 1 1 -1 1 1 1 1 
-1 -1 -1 1 -1 1 -1 1 1 1 1 -1 1 1 1 1 -1 -1 1 -1 -1 -1 1 1 -1 -1 -1 -1 1 1 -1 -1 -1 1 -1 -1 -1 -1 -1 -1 1 1 -1 -1 1 1 1 -1 1 -1 1 -1 -1 1 -1 -1 -1 1 1 1 1 1 1 1 
1 1 -1 -1 1 -1 1 -1 -1 1 1 1 -1 -1 -1 1 -1 1 1 -1 -1 1 -1 -1 1 -1 1 -1 1 1 -1 1 1 1 1 1 -1 1 1 -1 1 1 -1 -1 1 -1 -1 -1 -1 -1 -1 1 -1 1 -1 1 1 -1 1 1 1 1 -1 1 
-1 1 -1 1 1 -1 -1 -1 1 -1 -1 1 -1 -1 -1 -1 1 1 1 1 1 -1 -1 -1 -1 -1 1 -1 1 -1 -1 1 1 1 -1 1 -1 -1 1 1 1 1 1 1 1 1 1 1 -1 1 1 1 -1 1 -1 1 1 -1 -1 1 -1 1 -1 -1 
-1 -1 1 1 1 1 -1 -1 -1 1 -1 -1 -1 1 1 1 1 -1 -1 -1 -1 -1 -1 1 1 -1 -1 -1 1 1 1 -1 -1 -1 1 -1 1 1 -1 1 1 -1 1 1 1 -1 1 -1 -1 1 1 1 -1 1 1 -1 -1 1 1 -1 -1 1 -1 1 
1 -1 -1 1 -1 1 -1 -1 -1 1 -1 1 -1 1 1 -1 1 -1 1 1 -1 1 -1 -1 -1 -1 -1 1 -1 1 -1 1 -1 -1 -1 -1 1 -1 1 1 1 1 1 1 -1 1 1 1 1 -1 1 1 -1 1 1 1 -1 1 1 1 1 1 1 1 
-1 -1 1 1 -1 1 -1 -1 1 -1 1 1 -1 -1 1 -1 -1 1 1 1 -1 1 1 1 1 -1 1 1 -1 1 -1 1 -1 -1 -1 1 -1 -1 -1 -1 -1 -1 1 1 -1 -1 -1 1 -1 1 1 -1 1 -1 1 1 1 -1 1 -1 1 1 -1 1 
1 -1 1 1 1 -1 -1 1 1 1 1 -1 1 1 1 -1 -1 1 -1 1 -1 1 -1 1 -1 1 -1 -1 1 1 -1 1 1 1 -1 -1 -1 1 -1 -1 -1 1 1 1 -1 -1 -1 1 1 -1 1 -1 -1 1 1 1 -1 -1 1 1 1 1 1 -1 
1 -1 1 1 -1 -1 -1 1 1 -1 -1 -1 -1 1 -1 1 -1 1 1 1 -1 -1 1 -1 1 -1 -1 -1 -1 1 -1 -1 -1 -1 -1 1 -1 -1 1 1 1 1 -1 -1 -1 -1 1 -1 -1 1 1 1 1 1 1 1 1 1 1 1 1 1 -1 1 
1 1 1 -1 -1 1 1 1 -1 1 1 1 -1 1 1 -1 -1 -1 -1 -1 1 1 -1 -1 1 -1 1 -1 1 1 1 1 1 1 1 -1 1 -1 1 1 -1 1 1 -1 1 -1 1 1 1 -1 1 -1 -1 1 1 -1 -1 -1 1 -1 1 -1 1 1 
1 -1 -1 1 1 -1 1 1 1 1 -1 -1 -1 1 -1 1 -1 -1 1 1 1 1 -1 -1 -1 -1 1 -1 -1 1 1 -1 -1 1 1 1 -1 1 -1 1 -1 -1 -1 1 -1 1 1 1 -1 -1 1 1 1 1 1 1 -1 1 1 1 -1 1 1 -1 