32
20 63 62 50 75 76 1 92 69 39 49 70 70 18 31 55 38 18 60 88 55 42 3 65 100 47 90 81 22 98 79 4 
95 6 50 39 14 28 40 22 22 94 51 69 14 9 92 96 20 10 22 3 62 80 81 7 18 31 67 99 4 56 96 35 
54 79 9 90 87 37 58 34 59 99 99 58 48 54 23 74 58 38 79 56 93 97 21 62 83 23 64 54 77 88 14 22 
34 35 53 1 45 81 25 49 45 72 65 3 94 84 96 6 87 33 90 11 95 58 15 33 64 7 23 14 11 80 63 54 
36 22 83 16 64 93 53 36 33 26 67 100 50 67 48 27 32 95 31 41 23 19 61 4 5 40 8 14 56 97 36 40 
11 85 56 34 69 28 27 27 48 16 24 35 60 49 3 34 54 59 32 5 64 34 53 34 89 16 95 44 49 21 39 88 
84 97 13 10 72 55 16 31 88 77 70 69 20 7 54 59 37 15 48 28 69 64 24 15 98 91 49 21 85 22 7 24 
89 66 23 76 72 51 75 94 94 29 87 95 70 49 62 42 85 59 79 55 78 66 23 99 10 75 34 24 70 48 81 42 
2 79 38 22 56 2 32 81 93 4 68 49 53 8 68 25 81 82 70 65 7 3 66 2 98 38 54 19 19 67 81 21 
79 46 28 39 37 76 4 67 19 100 46 70 83 29 54 31 22 39 80 61 54 85 8 73 48 69 92 52 62 33 81 52 
41 14 80 33 19 29 95 62 82 90 56 38 53 10 87 48 5 49 50 62 62 83 41 88 92 57 29 98 40 33 17 91 
71 60 13 92 12 55 48 2 41 94 75 56 25 98 30 30 47 65 12 82 57 36 93 94 25 65 14 85 56 94 17 80 
43 31 57 41 78 36 8 71 14 5 89 91 79 54 64 58 97 52 49 17 53 27 45 66 23 67 30 16 22 19 38 89 
58 43 23 72 46 90 37 53 69 80 7 66 82 15 88 96 24 28 92 77 35 1 61 97 47 12 72 95 15 58 65 91 
30 35 33 10 67 87 99 78 26 78 23 26 24 81 86 95 51 61 95 79 30 38 35 16 92 99 47 84 5 13 64 1 
98 46 47 94 99 15 93 21 20 15 36 25 58 94 54 40 31 95 20 88 15 83 45 65 51 80 79 16 65 53 85 38 
10 32 10 32 10 30 4 43 65 59 100 73 30 90 40 61 4 34 93 33 47 17 2 96 66 16 19 69 36 4 22 76 
52 93 34 45 8 19 52 81 85 77 51 69 49 76 5 21 54 3 14 60 96 61 27 62 34 70 20 93 41 71 48 94 
15 96 80 63 45 51 1 26 15 40 40 76 86 49 33 70 85 93 76 86 59 64 58 51 80 90 53 41 35 17 15 71 
31 67 70 51 14 17 97 97 96 9 66 40 4 67 89 34 44 14 27 58 42 8 95 40 18 15 69 9 12 75 8 6 
47 69 100 95 50 19 60 58 66 13 1 44 66 67 77 49 47 85 51 78 27 17 97 13 99 13 75 67 31 91 40 17 
39 15 96 37 56 90 71 28 8 73 25 64 82 42 32 41 93 73 38 17 9 62 45 25 80 89 43 55 17 31 30 7 
4 64 75 35 11 85 98 65 73 42 87 38 65 47 8 14 35 21 78 79 98 75 98 26 99 64 79 8 34 62 62 4 
77 70 9 92 29 56 41 98 64 97 67 78 49 52 58 90 53 18 61 92 74 34 64 59 70 68 59 68 84 18 2 30 
72 77 39 57 36 11 55 49 78 45 78 93 48 30 23 54 7 79 84 6 15 62 51 49 98 40 23 14 99 35 7 35 
57 1 67 61 32 88 39 21 37 29 70 48 73 86 55 7 13 29 84 70 20 9 90 97 75 21 23 79 58 33 84 99 
96 28 63 33 55 20 44 58 25 7 65 18 8 4 68 69 19 81 31 59 24 10 37 93 46 73 80 55 37 70 56 68 
69 89 45 38 17 87 76 72 85 90 9 37 34 6 8 74 82 91 84 83 23 46 17 73 24 15 23 47 65 9 24 65 
2 72 59 59 91 85 4 66 80 2 95 97 94 42 60 78 97 89 28 79 84 87 10 32 41 25 23 96 66 41 80 84 
34 45 84 39 94 28 36 2 25 62 90 49 83 24 19 6 67 40 20 84 45 32 45 61 100 38 30 21 55 99 68 92 
55 60 18 10 95 39 18 43 23 38 51 83 65 62 21 63 55 8 49 91 23 22 20 46 72 25 52 32 17 8 85 84 
15 70 26 47 76 37 42 87 6 16 90 80 10 81 76 97 82 45 9 23 40 87 89 21 100 9 8 30 55 17 100 76 
1 1 1 -1 1 1 -1 1 1 1 -1 1 1 1 1 -1 -1 -1 1 -1 1 1 -1 -1 -1 -1 1 -1 -1 1 -1 1 
1 1 1 -1 1 1 1 -1 -1 1 -1 1 1 1 1 -1 -1 -1 1 -1 -1 -1 1 1 -1 -1 1 -1 1 -1 1 -1 
1 1 1 -1 1 -1 1 1 -1 -1 -1 -1 1 1 1 -1 -1 1 -1 -1 -1 1 -1 -1 1 1 1 1 -1 -1 -1 -1 
-1 -1 -1 1 1 1 1 -1 -1 1 1 1 1 -1 1 -1 -1 1 -1 -1 1 1 -1 1 -1 1 -1 1 -1 -1 1 1 
1 1 1 1 -1 -1 1 1 1 1 -1 -1 1 -1 1 -1 1 1 1 -1 1 1 1 1 -1 1 -1 -1 1 -1 1 -1 
1 1 -1 1 -1 -1 1 -1 1 1 -1 1 -1 -1 -1 1 -1 1 -1 1 -1 1 1 1 1 -1 -1 -1 1 -1 -1 1 
-1 1 1 1 1 1 1 1 -1 1 -1 -1 -1 1 -1 1 -1 1 1 1 -1 1 1 1 1 -1 -1 1 -1 1 -1 -1 
1 -1 1 -1 1 -1 1 1 1 1 -1 -1 1 -1 -1 1 -1 1 -1 1 -1 1 -1 1 -1 -1 1 1 1 1 1 -1 
1 -1 -1 -1 1 1 -1 1 1 -1 -1 -1 1 1 -1 1 1 1 1 1 -1 1 1 -1 1 -1 -1 -1 1 1 1 -1 
1 1 -1 1 1 1 1 1 -1 1 1 1 1 1 -1 1 -1 -1 1 -1 1 1 -1 -1 -1 1 -1 1 -1 -1 -1 1 
-1 -1 -1 1 -1 -1 -1 -1 -1 1 1 1 -1 -1 1 1 -1 -1 1 -1 -1 -1 -1 -1 -1 -1 -1 1 1 1 -1 -1 
1 1 -1 1 -1 1 -1 -1 -1 1 1 1 1 -1 -1 -1 1 -1 -1 1 1 1 -1 -1 1 -1 1 -1 1 -1 1 -1 
1 1 1 1 1 -1 -1 1 1 1 -1 1 -1 1 -1 1 1 1 1 1 1 -1 -1 1 -1 -1 1 -1 1 1 1 1 
1 1 1 -1 -1 -1 1 -1 1 1 -1 -1 1 -1 1 1 -1 1 -1 -1 -1 -1 -1 1 1 -1 1 1 -1 -1 1 -1 
1 1 1 1 1 -1 -1 -1 -1 -1 1 -1 -1 1 1 1 -1 -1 -1 -1 1 1 -1 1 1 1 -1 -1 1 -1 1 -1 
-1 -1 -1 -1 -1 1 1 1 1 1 1 -1 1 1 1 -1 1 -1 -1 1 1 1 -1 -1 1 -1 -1 1 1 -1 -1 -1 
-1 -1 -1 -1 1 -1 -1 -1 1 -1 -1 1 1 -1 -1 1 1 1 1 1 1 -1 -1 -1 -1 -1 -1 1 -1 1 -1 -1 
-1 -1 1 1 1 1 1 1 1 -1 -1 -1 1 1 -1 -1 1 -1 -1 1 1 -1 1 -1 1 1 -1 -1 1 -1 1 1 
1 1 -1 -1 1 -1 1 -1 1 1 1 -1 1 -1 -1 -1 1 -1 1 1 -1 -1 1 1 -1 -1 1 -1 -1 -1 -1 -1 
-1 -1 -1 -1 -1 1 1 1 1 -1 -1 1 1 -1 -1 1 1 1 1 -1 1 1 1 1 1 1 -1 1 1 1 1 1 
1 -1 -1 1 1 -1 -1 -1 -1 1 -1 1 1 -1 1 1 1 1 -1 1 1 -1 1 1 1 -1 -1 -1 -1 1 1 -1 
1 -1 1 1 1 1 1 1 1 1 -1 1 -1 -1 1 1 -1 -1 -1 1 -1 1 1 -1 -1 1 -1 -1 1 -1 1 -1 
-1 1 -1 -1 1 1 1 -1 1 -1 -1 -1 -1 -1 -1 -1 -1 1 1 1 1 1 1 -1 1 1 1 1 -1 -1 1 1 
-1 1 -1 1 1 1 1 1 -1 -1 -1 -1 1 1 1 -1 -1 -1 1 1 1 -1 -1 -1 -1 1 -1 1 1 1 -1 -1 
-1 -1 1 -1 -1 1 1 -1 1 -1 -1 1 -1 1 1 1 -1 1 -1 1 1 -1 1 -1 1 1 1 -1 -1 -1 1 1 
-1 -1 1 1 1 -1 -1 -1 -1 1 -1 -1 -1 -1 1 -1 -1 1 -1 1 -1 1 1 1 1 1 -1 -1 1 1 1 -1 
1 1 1 -1 -1 -1 -1 1 -1 -1 -1 1 1 1 -1 -1 -1 -1 1 -1 -1 -1 1 -1 1 -1 1 -1 -1 1 1 1 
-1 -1 1 1 -1 -1 1 1 -1 1 1 -1 -1 1 -1 1 1 -1 -1 1 -1 -1 1 1 -1 -1 -1 1 1 -1 1 -1 
-1 1 -1 -1 1 1 -1 1 1 -1 1 1 1 -1 1 1 -1 1 -1 1 -1 1 -1 1 -1 1 -1 1 -1 1 -1 1 
1 -1 -1 -1 -1 -1 1 1 1 -1 1 -1 1 -1 -1 -1 1 -1 -1 1 1 -1 -1 1 -1 1 1 -1 1 1 -1 1 
-1 1 -1 1 1 -1 -1 1 1 -1 -1 1 1 1 1 -1 -1 1 -1 1 1 1 1 -1 1 1 1 1 -1 -1 1 -1 
1 -1 -1 1 -1 1 -1 -1 -1 1 -1 -1 1 -1 -1 -1 -1 1 -1 1 -1 -1 1 -1 1 -1 1 -1 1 1 -1 1 