32
58 16 8 70 81 54 2 23 57 85 54 19 66 1 39 56 42 44 9 49 5 89 99 4 99 72 65 71 46 93 8 15 
41 79 33 100 44 30 54 33 16 64 99 48 35 8 37 4 98 100 50 70 31 51 80 82 48 61 88 86 89 17 19 38 
36 70 86 58 51 61 21 48 50 3 31 39 75 76 100 62 27 61 12 63 21 23 2 25 50 25 11 33 50 23 96 91 
80 54 39 62 36 4 34 15 22 48 95 7 99 42 83 89 78 30 18 52 81 97 3 84 98 29 8 39 94 68 51 9 
92 24 40 60 40 17 42 88 81 9 59 92 27 52 85 6 82 4 22 81 74 62 71 27 24 3 27 41 67 88 86 41 
49 88 88 60 83 92 69 92 68 31 90 8 4 100 19 1 85 73 21 96 73 70 96 23 87 84 31 26 6 71 53 58 
80 96 73 19 31 16 38 48 75 16 42 35 91 17 7 38 75 53 21 33 51 89 47 76 58 30 45 69 90 22 54 40 
28 73 10 33 53 43 50 63 57 99 38 6 50 40 52 54 21 77 30 89 49 41 71 23 4 89 47 51 71 40 83 76 
89 73 86 44 26 65 33 57 17 25 74 24 97 90 55 61 72 96 50 77 80 92 42 96 33 69 35 72 92 79 61 94 
94 25 1 87 87 60 71 81 19 13 3 52 98 38 56 48 62 91 89 100 46 10 8 84 69 99 26 17 24 22 41 61 
10 45 62 84 98 75 31 69 81 84 68 67 98 33 16 21 2 77 25 70 13 57 43 78 77 97 92 65 65 76 63 35 
89 83 90 63 56 62 47 86 10 31 29 51 80 52 74 75 38 96 71 7 64 27 39 78 85 60 15 60 53 31 11 41 
57 49 55 39 83 8 6 90 72 78 65 66 89 17 64 86 90 94 51 68 54 28 37 69 83 21 34 13 5 42 43 79 
61 46 57 71 98 52 27 58 80 82 35 14 48 37 14 8 33 31 93 61 40 11 83 75 62 23 19 48 55 75 25 53 
51 71 17 30 80 54 22 57 27 47 53 10 64 78 86 64 14 37 44 55 19 25 89 57 80 33 83 94 74 70 13 91 
6 88 4 90 33 21 59 70 57 94 95 24 63 13 28 87 69 93 40 85 66 62 76 34 40 10 35 32 18 56 26 4 
26 75 51 29 94 34 25 66 12 63 86 85 50 95 97 92 18 73 29 17 63 3 37 1 3 69 91 82 87 21 96 92 
98 76 100 79 28 41 6 60 100 16 88 87 6 15 68 5 79 2 30 25 69 13 14 83 96 7 75 74 97 11 63 72 
57 35 13 9 91 67 95 24 57 18 18 54 26 58 44 79 18 5 25 72 9 34 86 2 21 100 1 34 83 5 27 29 
82 59 100 8 50 22 22 12 54 90 47 96 36 21 10 43 17 30 94 96 14 30 48 48 47 54 96 81 5 28 94 34 
85 89 19 46 51 65 1 3 79 25 10 86 33 69 85 78 60 61 75 22 93 42 53 43 97 69 75 90 6 30 5 100 
54 11 85 46 18 32 64 9 62 7 25 21 22 79 77 46 22 21 49 39 55 93 8 29 67 73 11 20 17 20 99 74 
98 59 80 24 6 88 80 50 44 41 46 2 44 50 13 55 60 85 47 20 97 34 47 8 49 98 26 100 48 85 71 78 
71 30 75 5 18 64 15 58 33 38 58 39 38 91 71 59 24 76 36 11 39 16 37 88 6 89 6 22 68 87 77 18 
76 47 10 29 87 11 23 32 97 20 31 14 45 90 50 27 75 66 90 52 13 72 44 19 95 75 41 62 13 32 86 53 
42 73 81 32 75 37 41 65 38 73 100 17 54 16 39 43 98 75 96 88 51 93 97 61 59 8 60 26 43 14 22 56 
51 92 14 49 41 98 45 23 17 85 24 55 2 79 35 40 54 71 75 69 77 68 32 19 55 52 55 8 70 89 25 4 
85 56 42 31 44 47 15 63 8 88 90 57 27 49 99 48 31 91 46 67 29 93 40 100 31 27 71 49 3 14 38 87 
96 71 65 86 68 16 95 28 90 56 93 29 94 24 68 29 82 31 85 34 38 84 66 25 79 68 12 60 42 61 60 2 
55 96 7 50 9 29 1 34 12 85 90 81 36 17 41 48 9 62 12 6 35 69 64 36 99 96 12 30 10 33 66 37 
19 61 24 7 30 2 22 31 38 16 39 84 38 52 2 72 6 46 91 46 82 24 8 96 6 36 38 61 85 77 74 47 
30 21 61 43 14 59 3 26 47 22 5 77 28 55 38 69 58 78 10 94 20 79 36 100 80 63 32 47 6 52 12 44 
1 1 1 1 1 -1 -1 -1 -1 -1 1 1 1 1 1 1 -1 1 -1 1 1 -1 1 1 1 -1 1 1 -1 -1 -1 -1 
1 -1 1 -1 1 -1 1 1 -1 1 -1 1 1 -1 -1 1 1 -1 1 1 1 -1 1 -1 -1 -1 -1 1 1 1 1 1 
1 1 -1 -1 1 -1 1 1 1 -1 1 1 1 -1 1 -1 1 1 1 1 -1 -1 1 1 1 -1 -1 1 -1 -1 -1 -1 
1 -1 -1 -1 1 -1 1 -1 1 -1 1 -1 1 1 1 1 1 1 -1 -1 1 -1 1 1 -1 1 1 -1 -1 1 -1 1 
1 1 1 1 1 -1 1 -1 1 1 1 -1 1 1 -1 1 1 1 -1 -1 1 -1 1 1 1 1 1 -1 -1 1 1 -1 
-1 -1 -1 -1 -1 1 -1 -1 1 1 -1 -1 -1 1 1 -1 1 -1 1 -1 1 1 1 -1 1 1 1 1 1 1 -1 -1 
-1 1 1 1 1 -1 -1 1 1 1 -1 1 1 -1 -1 1 1 -1 1 1 1 1 1 -1 1 -1 1 1 1 -1 -1 1 
-1 1 1 -1 -1 -1 1 -1 -1 -1 -1 1 1 -1 -1 1 1 -1 -1 -1 1 1 1 -1 1 1 1 -1 -1 1 1 -1 
-1 -1 1 1 1 1 1 -1 1 1 -1 -1 1 -1 1 1 1 -1 1 1 1 1 1 -1 -1 1 1 1 -1 -1 -1 1 
-1 1 -1 -1 1 1 1 -1 1 -1 1 1 -1 1 -1 1 1 1 -1 1 -1 1 1 -1 1 1 1 1 -1 -1 1 -1 
1 -1 1 1 1 -1 -1 -1 -1 1 -1 1 -1 -1 -1 1 1 -1 1 1 1 1 -1 -1 -1 -1 1 1 1 -1 1 1 
1 1 1 -1 -1 -1 1 1 -1 1 1 -1 -1 -1 -1 -1 1 1 -1 -1 1 1 1 1 -1 1 1 1 1 1 1 1 
1 1 1 1 1 -1 1 1 1 -1 -1 -1 1 1 1 -1 -1 -1 1 1 1 1 1 1 1 1 1 1 1 1 1 1 
1 -1 -1 1 1 1 -1 -1 -1 1 -1 -1 1 1 -1 -1 1 1 -1 -1 1 -1 -1 -1 1 -1 -1 -1 -1 1 -1 -1 
1 -1 1 1 -1 1 -1 -1 1 -1 -1 -1 1 -1 1 -1 -1 1 -1 1 -1 -1 1 1 -1 1 -1 -1 -1 -1 -1 -1 
1 1 -1 1 1 -1 1 1 1 1 1 -1 -1 -1 -1 -1 1 1 -1 -1 -1 1 -1 1 1 -1 -1 1 -1 -1 1 1 
-1 1 1 1 1 1 1 1 1 1 1 1 -1 1 -1 1 -1 -1 1 1 -1 -1 1 -1 1 -1 1 -1 1 1 -1 1 
1 -1 1 1 1 -1 -1 -1 -1 1 -1 1 -1 1 1 1 -1 1 1 1 -1 1 1 1 1 -1 1 1 1 1 1 -1 
-1 1 1 -1 -1 1 1 -1 1 -1 1 -1 1 -1 -1 -1 1 1 1 -1 -1 1 1 -1 1 -1 1 -1 1 -1 -1 -1 
1 1 1 -1 -1 -1 1 -1 1 1 1 -1 1 -1 1 -1 1 1 -1 1 -1 -1 1 1 1 1 -1 -1 -1 -1 1 -1 
1 1 -1 1 1 1 1 1 1 -1 1 1 1 1 -1 -1 -1 -1 -1 -1 -1 -1 -1 -1 -1 -1 1 1 1 1 1 1 
-1 -1 -1 -1 -1 1 1 1 1 1 1 1 1 -1 -1 1 -1 1 1 -1 -1 1 1 1 -1 1 -1 -1 1 -1 1 1 
1 1 1 1 1 1 1 1 1 1 -1 1 1 -1 1 -1 1 1 1 1 -1 1 1 1 -1 1 -1 -1 -1 1 -1 -1 
1 -1 1 1 1 -1 -1 -1 -1 -1 -1 1 1 -1 1 1 -1 1 -1 1 -1 1 1 1 1 1 1 1 -1 1 -1 -1 
1 -1 1 -1 1 1 1 1 -1 1 -1 -1 1 1 -1 1 1 1 1 1 -1 -1 -1 1 -1 -1 1 1 1 1 1 -1 
-1 -1 -1 1 1 1 -1 1 1 1 -1 1 1 -1 1 -1 -1 -1 -1 1 -1 1 1 1 -1 1 1 1 1 -1 1 1 
1 -1 -1 1 1 1 1 1 1 1 1 1 1 -1 -1 -1 1 1 1 -1 1 -1 -1 1 1 1 -1 1 1 1 1 -1 
1 1 1 -1 -1 1 1 -1 1 1 1 1 1 -1 -1 1 -1 1 -1 -1 1 -1 -1 1 1 1 1 1 1 1 -1 1 
-1 1 -1 -1 -1 1 1 -1 -1 -1 1 1 1 -1 -1 -1 1 1 1 -1 1 1 -1 -1 1 1 1 1 -1 1 -1 1 
-1 1 -1 1 1 1 -1 1 -1 -1 -1 1 1 1 -1 -1 1 1 -1 -1 1 -1 1 1 1 -1 1 1 1 -1 -1 -1 
-1 1 -1 -1 1 -1 -1 1 -1 1 1 1 1 -1 -1 1 -1 1 -1 1 1 1 -1 -1 1 1 1 -1 -1 -1 1 -1 
-1 1 -1 1 -1 -1 1 -1 1 -1 1 1 1 -1 -1 1 1 -1 -1 -1 1 1 -1 -1 -1 1 -1 1 1 -1 -1 -1 