64
3 24 15 37 36 42 90 3 73 97 73 39 96 96 85 9 10 11 57 84 71 78 18 9 78 27 86 72 26 16 31 1 27 83 6 24 85 49 12 17 40 7 80 21 62 6 86 61 98 76 89 4 37 16 88 92 45 46 33 14 18 6 7 23 
44 91 34 35 96 54 35 78 23 44 25 38 14 60 3 98 83 68 100 53 30 30 12 42 88 63 59 6 79 63 4 98 89 4 3 96 72 90 57 44 61 64 42 74 40 13 2 34 93 3 86 77 12 70 82 19 12 49 64 33 18 80 26 93 
44 49 43 6 37 75 8 6 70 73 45 75 33 38 24 37 58 51 81 9 55 17 37 66 17 36 93 2 18 79 32 61 56 84 56 60 14 83 39 67 15 74 1 22 53 54 49 43 30 62 23 38 97 31 7 24 31 24 14 5 74 28 13 40 
7 69 69 22 93 73 45 94 35 70 85 88 88 16 48 7 16 41 65 9 22 36 93 71 33 56 23 7 90 40 52 26 53 55 25 80 22 98 39 90 55 36 63 68 48 100 27 34 41 6 71 55 68 86 29 69 69 60 87 82 11 19 30 11 
17 7 50 41 16 55 47 62 19 27 19 9 65 14 40 64 53 96 95 6 30 83 70 72 43 92 48 58 98 42 36 86 5 89 3 3 88 40 45 92 39 45 6 28 91 55 83 4 43 51 81 81 58 14 85 7 79 4 40 81 21 16 35 77 
90 83 47 8 94 93 73 53 53 26 6 57 31 62 66 68 4 81 13 70 72 14 42 78 12 67 47 37 95 31 6 54 1 33 14 78 85 42 78 88 43 7 60 12 61 100 48 53 8 13 55 58 45 5 80 8 35 77 40 53 77 6 74 41 
85 28 30 51 54 76 45 65 70 55 15 84 66 58 25 80 7 88 34 95 31 86 18 7 3 93 96 5 1 87 34 4 84 2 31 33 49 61 4 86 39 13 62 72 31 70 74 91 50 8 31 56 88 74 17 53 92 12 44 97 43 44 65 43 
12 84 2 98 1 53 31 60 9 46 20 7 71 66 1 47 97 58 6 37 45 46 38 27 76 23 2 25 83 66 84 79 78 12 61 93 58 26 15 5 67 38 42 21 80 12 69 63 69 98 97 13 96 26 17 43 16 57 77 79 96 33 70 51 
19 60 67 54 85 74 48 70 58 37 27 45 95 43 49 8 32 22 12 53 29 5 33 68 91 100 100 34 33 42 60 43 68 54 12 59 66 9 16 15 26 38 14 25 6 54 70 5 33 64 28 60 65 71 23 6 2 43 100 64 70 31 63 47 
12 3 70 55 65 80 48 6 63 85 40 24 31 49 28 99 49 3 66 52 22 68 65 51 76 86 8 23 37 52 79 49 74 77 34 47 51 41 78 56 52 6 43 6 50 10 39 42 41 11 28 39 42 9 41 76 97 21 34 59 26 60 14 42 
13 59 35 37 72 2 72 36 95 75 74 17 33 44 39 69 98 66 66 77 13 28 90 90 14 20 10 67 83 30 58 80 91 25 73 75 84 58 43 91 2 28 33 60 28 72 33 5 36 49 72 64 81 15 76 54 54 8 29 47 73 96 93 93 
3 18 21 3 79 73 18 8 71 9 24 67 75 56 79 75 7 33 95 5 63 49 47 64 43 39 51 70 25 10 13 75 43 61 13 25 77 76 96 10 97 1 52 80 44 85 47 18 65 9 23 22 94 55 24 66 27 30 100 56 46 87 8 17 
69 20 70 43 73 11 36 89 93 68 20 57 96 44 2 2 82 93 29 37 5 82 63 83 31 18 68 29 70 29 79 45 84 55 77 32 41 97 60 87 97 64 77 30 38 66 63 74 45 9 27 60 62 66 87 53 6 50 77 44 47 61 7 64 
95 15 49 16 26 36 26 87 7 26 88 46 98 11 95 74 36 91 23 20 79 57 82 100 73 23 33 20 77 8 7 2 81 34 12 26 78 34 15 50 23 53 97 52 25 24 85 68 39 90 47 41 12 69 44 49 17 53 51 11 24 59 62 29 
40 5 55 25 72 55 93 97 9 20 77 33 60 87 43 29 7 84 21 30 79 94 99 65 84 9 29 77 88 58 49 34 7 69 4 31 28 34 67 75 57 51 36 60 10 93 9 8 35 31 62 12 68 24 43 75 30 75 85 44 66 4 25 44 
57 82 87 21 57 21 19 56 15 58 64 63 64 8 15 3 11 6 46 52 40 25 65 54 61 25 77 73 59 77 52 83 93 66 32 50 95 35 94 8 48 89 69 27 7 13 40 2 55 80 96 51 8 99 74 26 71 4 100 67 64 57 66 85 
68 70 52 90 68 64 84 64 18 81 79 38 61 66 19 48 58 65 68 13 89 2 69 18 96 88 52 76 73 37 80 88 29 41 52 63 54 33 85 67 62 48 10 32 98 83 80 15 13 14 33 63 16 28 14 39 87 38 99 23 91 56 49 10 
27 19 54 91 14 43 29 46 79 41 67 88 98 86 69 59 29 100 46 7 38 98 45 59 70 17 16 97 80 29 35 99 36 91 46 97 17 19 33 51 5 60 50 6 70 81 94 19 27 37 3 4 72 27 98 14 53 5 6 80 12 56 60 31 
28 54 22 54 81 7 69 66 58 14 47 49 74 87 68 38 66 43 65 25 11 57 47 35 75 23 91 55 35 7 80 10 76 39 74 66 100 20 45 52 14 34 99 66 25 31 60 96 35 3 30 32 26 53 59 5 82 28 68 58 49 56 98 67 
94 18 34 21 46 28 60 37 33 51 95 77 31 42 73 1 83 63 62 72 75 65 12 53 22 75 22 28 67 16 82 36 74 93 15 76 52 29 16 85 49 84 22 54 69 29 52 38 62 21 57 63 78 7 92 34 46 52 55 8 65 15 4 69 
68 40 54 62 53 25 85 79 12 23 80 10 91 3 41 42 66 59 24 41 18 12 33 13 78 91 10 85 99 12 37 16 24 68 71 47 14 65 6 56 100 46 73 68 65 38 10 38 92 91 73 97 8 91 21 57 4 1 50 17 88 98 1 37 
91 71 58 6 2 52 95 98 80 40 67 84 41 64 21 2 34 58 34 25 45 24 68 65 93 64 67 6 52 51 91 28 86 14 100 65 64 9 68 42 69 88 51 73 41 51 88 91 15 95 21 12 80 32 86 52 78 70 62 32 19 14 41 31 
81 56 14 80 9 38 36 79 99 83 48 56 39 49 16 55 84 47 99 22 43 32 47 71 100 13 26 6 100 45 89 90 32 62 62 52 70 100 49 34 93 39 19 77 78 6 44 7 91 63 78 56 26 71 3 36 61 57 60 64 99 35 60 20 
69 8 23 57 68 91 13 83 92 56 17 97 87 42 98 60 55 92 56 34 1 68 6 25 24 93 15 85 24 52 17 61 29 2 10 15 81 6 91 28 33 78 27 46 74 32 42 79 54 41 48 26 83 77 77 17 68 40 97 94 46 7 15 88 
76 55 33 43 6 87 76 88 42 92 14 54 41 96 56 36 81 36 70 26 21 99 83 77 43 6 70 63 2 56 27 50 58 99 14 10 28 2 96 28 62 7 3 66 69 14 19 58 98 51 40 91 5 43 91 29 91 53 17 45 90 86 63 64 
96 59 41 74 85 72 63 64 33 5 29 68 61 29 46 48 63 35 23 78 65 80 97 75 47 68 47 62 87 93 55 14 91 2 24 52 54 8 50 69 64 22 30 49 61 19 1 5 45 34 15 16 56 89 49 28 42 35 88 77 28 27 25 89 
61 45 79 70 80 83 45 42 85 64 59 65 85 74 61 68 28 75 64 49 23 52 5 74 24 26 16 74 16 39 64 29 31 2 24 76 18 77 74 92 66 32 1 25 68 17 70 41 7 3 33 62 35 75 45 35 53 21 38 24 2 52 65 12 
25 4 50 74 2 62 62 36 66 88 79 65 69 27 90 67 23 50 26 47 88 19 64 90 21 86 69 63 12 73 100 69 36 98 56 24 95 58 99 60 35 16 59 27 28 45 85 98 77 21 48 35 64 4 24 66 48 44 12 29 59 42 74 100 
33 51 99 55 81 55 86 89 21 65 46 96 3 26 45 62 65 38 33 91 20 19 8 82 81 23 93 64 96 99 32 10 46 21 40 33 62 12 81 35 90 20 68 15 1 14 6 68 54 1 74 64 71 47 24 57 73 19 61 73 53 56 82 14 
39 21 2 79 32 34 16 54 69 95 27 86 5 39 54 2 77 27 62 40 100 24 93 41 96 13 36 56 1 54 88 95 54 24 30 92 74 47 31 77 83 66 68 70 53 56 97 8 71 45 86 66 39 68 24 31 97 78 77 26 4 62 34 45 
76 45 25 21 7 30 42 69 54 62 23 6 20 81 91 56 41 69 98 61 45 11 77 53 33 4 97 30 74 66 95 79 74 45 45 88 71 85 14 23 85 89 61 76 42 51 68 93 96 1 6 39 99 64 91 89 81 67 83 93 13 52 1 27 
87 2 66 28 34 56 40 46 41 46 52 99 67 69 48 15 60 35 78 11 18 57 97 97 25 10 52 93 61 62 38 24 54 47 14 78 22 83 24 41 38 63 13 37 74 78 93 23 47 93 20 59 24 22 16 86 52 69 45 71 39 33 22 14 
87 31 100 47 22 62 40 18 15 68 5 22 64 78 99 4 14 94 23 53 62 72 51 21 62 67 41 16 80 89 92 88 34 69 77 34 67 55 90 42 69 7 37 88 23 57 78 11 73 66 98 98 39 15 68 33 48 90 57 69 80 22 97 79 
32 74 65 26 47 1 33 67 17 31 22 35 92 61 45 97 15 23 29 1 68 72 60 81 1 87 37 92 37 53 5 69 34 4 77 21 82 97 5 2 79 7 39 68 61 57 71 24 52 99 96 20 65 63 17 11 70 38 94 14 19 24 21 52 
38 59 28 76 56 87 80 38 22 30 8 26 25 49 81 11 5 56 2 65 84 74 31 13 24 49 26 52 6 32 31 75 66 98 66 93 20 77 46 49 56 43 83 40 19 26 83 4 72 95 46 11 38 7 4 10 65 76 52 44 86 30 63 68 
73 26 45 47 11 4 18 9 33 88 13 86 3 75 81 86 50 64 51 66 99 28 83 94 11 18 23 6 52 40 32 41 99 36 45 46 75 33 59 2 45 3 31 64 82 11 78 61 18 83 90 92 73 32 98 6 50 89 10 31 33 8 88 64 
18 80 49 9 96 60 64 27 1 50 94 72 41 66 3 40 11 39 25 24 99 31 63 40 100 84 64 59 35 31 29 40 83 50 30 40 86 85 3 44 70 19 32 54 17 88 93 57 58 76 59 93 52 94 51 60 2 74 8 37 80 35 71 33 
76 38 4 5 43 45 49 89 12 10 14 68 94 63 45 5 8 82 15 95 30 74 95 35 91 28 97 83 92 98 92 95 17 47 58 78 74 78 83 46 80 12 89 35 39 31 6 18 4 46 53 69 29 94 20 46 92 8 82 59 15 3 67 73 
80 95 54 64 14 51 20 64 63 88 97 18 18 34 49 12 100 30 11 65 72 8 73 17 18 20 84 58 3 54 60 71 80 74 44 6 68 13 79 33 30 29 100 22 32 100 95 46 14 24 16 82 23 80 20 28 67 22 41 48 5 22 31 22 
48 75 90 17 27 87 93 47 48 93 55 20 96 84 25 36 46 69 39 44 91 13 26 24 34 59 56 4 29 38 44 52 51 99 8 84 23 49 15 84 6 30 73 26 28 22 97 95 53 43 23 4 5 75 58 94 46 66 50 84 94 97 56 37 
64 3 99 19 9 64 31 42 87 66 39 78 48 42 78 83 38 28 42 82 25 74 69 68 1 53 90 75 27 97 82 64 63 43 12 72 52 87 33 22 62 42 9 65 55 72 37 99 76 17 4 96 60 65 76 26 90 62 1 21 68 69 26 84 
59 72 77 51 58 81 99 19 46 71 48 75 76 84 100 75 94 52 79 46 90 8 50 48 25 93 31 1 34 64 59 35 24 90 76 88 62 31 95 32 43 93 80 57 24 77 73 96 26 76 46 26 74 16 76 97 1 83 78 98 100 8 78 5 
5 35 26 98 37 42 79 46 40 96 85 69 16 10 59 82 36 18 91 51 51 12 86 99 17 76 33 69 34 45 56 99 3 50 71 25 62 72 66 17 24 63 32 88 67 89 77 57 53 84 30 77 98 49 94 3 34 53 23 22 95 83 31 92 
61 74 67 17 33 92 41 84 77 84 80 61 38 1 78 48 50 91 61 11 25 60 79 85 57 6 77 23 82 44 82 52 62 24 56 3 31 95 60 83 13 19 64 13 44 22 76 8 81 21 54 49 56 80 50 74 11 25 78 13 93 44 59 60 
40 10 59 55 23 64 98 8 17 2 34 3 77 4 76 78 38 66 6 78 82 52 46 14 70 34 33 61 35 5 50 24 55 31 59 80 84 98 29 81 81 1 40 41 78 13 52 74 33 4 98 90 76 74 16 36 72 16 99 27 18 36 83 50 
28 51 70 50 9 4 98 28 45 15 48 55 44 64 36 35 69 62 17 68 45 23 12 100 80 68 9 96 87 78 61 92 12 98 43 44 7 45 68 86 4 25 72 9 14 9 52 45 20 53 2 83 16 17 21 81 99 91 24 67 62 47 35 9 
90 45 15 53 68 38 12 58 9 85 19 45 6 83 92 24 81 71 24 94 83 70 68 39 7 23 44 66 25 66 32 53 32 28 71 89 6 18 44 93 83 79 24 65 69 10 15 33 33 67 62 87 20 52 87 87 42 75 7 41 67 19 94 14 
22 79 39 47 27 11 50 58 91 81 85 58 12 76 10 74 75 15 32 88 42 75 77 80 98 46 54 48 15 1 19 52 73 31 67 29 33 48 75 43 40 11 72 91 40 14 55 76 74 15 2 82 23 98 97 69 24 13 6 87 60 66 73 9 
95 33 65 81 69 11 65 39 52 87 8 3 51 77 5 17 51 78 3 7 54 22 91 10 32 11 49 23 79 18 35 48 66 96 17 19 41 54 93 24 80 59 38 27 8 21 60 88 28 87 68 76 7 34 88 95 97 72 47 96 37 41 59 96 
72 68 97 34 57 58 13 55 73 94 63 8 89 46 15 55 15 87 16 8 50 74 7 38 90 32 10 4 19 70 59 77 84 28 68 76 62 2 22 56 5 4 70 100 75 71 23 50 5 72 23 86 86 2 16 94 8 76 38 13 62 69 89 78 
77 78 6 56 52 27 58 66 23 59 8 71 93 67 85 44 36 94 54 19 71 25 76 10 27 68 39 4 79 7 39 61 78 83 70 17 2 36 93 13 97 1 49 12 19 33 11 76 66 18 16 23 99 64 81 77 31 43 21 31 39 48 92 38 
81 83 57 65 75 87 70 57 44 12 42 69 5 35 44 84 76 88 92 92 84 19 97 54 16 70 96 2 61 29 72 93 7 80 6 40 32 1 18 12 36 52 40 85 49 17 3 97 82 96 34 99 70 62 58 4 95 54 1 9 82 14 18 68 
1 26 93 84 45 77 82 91 82 54 86 68 33 100 59 38 50 47 37 84 74 80 88 21 59 91 58 81 65 85 45 69 35 35 38 86 12 39 13 12 50 2 88 73 44 73 6 96 96 93 6 37 21 32 93 27 35 75 71 10 33 4 23 7 
21 2 24 20 87 15 44 3 42 35 30 70 90 83 18 55 23 78 48 56 67 34 46 99 60 71 18 40 15 42 64 74 29 15 99 30 54 56 76 10 12 50 23 87 86 96 22 98 34 94 1 2 79 82 82 39 95 92 59 57 2 87 41 42 
61 9 50 30 63 43 1 79 30 22 90 27 77 97 85 83 55 21 38 47 63 66 12 12 10 62 82 71 31 87 74 31 39 67 34 44 49 46 80 91 65 71 26 67 43 48 81 80 89 91 75 12 90 66 41 89 26 28 6 37 88 10 21 3 
72 59 52 49 68 23 62 87 56 34 4 92 15 5 69 88 14 67 27 26 78 36 19 51 20 88 67 1 33 53 91 79 45 85 22 71 23 47 94 40 56 26 12 74 65 20 62 77 25 12 58 73 43 84 25 42 100 94 23 56 27 64 16 82 
44 72 57 73 8 50 16 83 62 1 96 14 27 6 57 52 5 15 34 6 92 35 77 3 39 76 88 71 2 99 66 2 54 71 83 14 53 30 11 25 84 85 69 35 2 46 80 49 57 63 82 28 53 2 83 28 67 50 63 86 95 24 23 80 
65 14 2 61 72 89 70 56 9 23 45 61 54 76 76 69 1 91 4 69 15 56 50 53 43 96 8 88 32 57 81 32 46 78 26 67 15 47 4 22 65 17 22 56 48 38 10 44 59 75 97 5 61 32 20 90 17 86 49 92 68 86 46 38 
22 46 99 22 99 24 19 90 30 92 18 34 82 78 59 38 95 33 93 89 78 45 62 35 22 20 93 5 10 56 22 92 60 44 18 71 4 92 31 76 61 88 94 88 79 76 32 55 3 87 97 55 51 86 98 38 65 72 47 45 67 34 81 8 
54 14 22 32 89 42 30 94 67 27 15 19 71 31 63 71 33 35 64 91 10 64 85 93 20 14 14 51 81 74 36 80 87 68 1 43 21 11 90 65 83 48 50 64 63 25 51 69 36 45 68 83 86 47 23 97 61 16 6 76 19 22 22 24 
51 57 70 18 96 38 34 37 18 28 86 16 24 14 37 68 45 72 66 5 31 42 4 91 43 58 34 97 43 92 5 62 96 94 51 24 11 28 24 7 30 79 17 11 90 78 85 67 92 93 47 61 39 53 54 46 87 39 79 87 29 9 76 15 
66 31 89 30 7 34 81 80 10 61 70 40 5 40 19 66 52 30 80 25 64 49 99 7 15 28 80 70 31 43 83 10 15 84 66 94 4 76 62 26 34 18 60 22 34 78 93 51 54 93 22 50 51 53 57 43 36 82 69 15 28 46 25 13 
78 65 34 55 38 50 20 72 46 92 35 90 3 6 59 51 6 60 90 60 51 10 100 60 97 94 68 54 3 15 63 91 60 98 99 1 8 69 34 12 57 43 23 19 89 28 29 23 5 80 99 79 36 22 74 42 65 78 55 41 86 78 27 44 
87 39 39 29 35 86 60 64 45 23 42 44 100 31 63 22 79 2 22 17 30 44 15 54 20 8 18 82 78 10 6 41 90 86 40 31 17 29 43 72 40 68 38 20 56 3 87 81 46 11 28 71 50 60 21 92 51 60 49 45 76 1 16 67 
1 1 -1 1 -1 -1 -1 -1 1 1 1 1 1 -1 -1 -1 -1 -1 1 -1 -1 1 -1 1 -1 1 1 -1 1 -1 -1 1 1 -1 1 1 -1 1 1 1 -1 1 -1 -1 -1 1 -1 -1 1 1 -1 -1 -1 1 1 1 1 -1 -1 1 1 1 -1 1 
1 -1 1 1 -1 -1 1 -1 -1 1 -1 -1 -1 -1 -1 1 1 -1 1 1 -1 -1 -1 1 -1 -1 1 1 -1 1 -1 -1 -1 -1 -1 1 1 -1 -1 1 1 -1 -1 -1 -1 -1 -1 1 -1 -1 1 -1 -1 -1 -1 1 -1 -1 -1 1 -1 1 -1 -1 
-1 1 -1 1 1 -1 1 1 -1 -1 -1 -1 -1 -1 -1 -1 -1 1 1 -1 -1 -1 1 -1 -1 1 1 -1 -1 -1 -1 -1 -1 -1 1 1 -1 -1 -1 1 1 1 -1 -1 1 1 1 -1 1 -1 1 1 -1 1 -1 1 -1 -1 1 -1 -1 -1 -1 1 
1 1 1 -1 -1 1 1 -1 1 1 1 1 1 -1 1 -1 1 1 1 1 -1 -1 1 -1 -1 -1 -1 -1 -1 -1 -1 1 -1 1 1 1 1 -1 1 1 1 1 1 -1 1 1 -1 1 -1 1 -1 -1 1 -1 1 -1 -1 1 -1 1 -1 -1 1 -1 
-1 -1 1 -1 -1 1 -1 -1 -1 1 1 -1 -1 -1 1 -1 -1 -1 -1 -1 -1 1 1 -1 1 1 -1 1 -1 1 1 -1 -1 -1 -1 1 1 1 1 1 1 1 -1 1 -1 1 1 -1 1 -1 -1 1 1 1 -1 -1 1 1 -1 -1 -1 -1 1 -1 
-1 -1 -1 1 1 -1 -1 -1 -1 -1 -1 1 -1 1 1 -1 -1 1 -1 1 -1 -1 -1 -1 1 1 -1 -1 1 1 -1 -1 1 -1 -1 -1 1 -1 -1 -1 -1 1 1 -1 1 -1 1 1 1 1 -1 -1 1 1 -1 1 -1 1 -1 1 1 -1 -1 -1 
-1 1 1 1 -1 -1 1 -1 1 -1 -1 -1 1 1 -1 -1 1 1 1 1 1 -1 -1 1 -1 -1 1 1 -1 -1 1 -1 -1 1 -1 1 -1 1 -1 -1 1 1 1 -1 1 -1 -1 -1 1 -1 1 1 1 -1 1 1 1 -1 -1 1 1 -1 -1 1 
-1 -1 1 -1 -1 -1 -1 -1 1 1 1 -1 1 -1 -1 -1 -1 1 1 -1 -1 1 -1 1 1 -1 -1 1 1 -1 -1 -1 -1 1 1 1 1 -1 1 -1 1 -1 1 1 1 -1 -1 1 -1 1 -1 1 -1 1 -1 -1 -1 -1 -1 1 1 -1 -1 1 
1 -1 -1 1 -1 -1 1 1 -1 -1 1 1 1 -1 -1 -1 1 -1 -1 -1 1 1 1 -1 1 1 1 1 1 1 -1 -1 -1 1 -1 1 -1 -1 -1 -1 1 1 1 1 1 -1 1 1 1 -1 1 1 -1 -1 -1 -1 1 -1 -1 -1 1 1 1 -1 
1 1 -1 1 1 -1 -1 1 -1 -1 -1 1 1 1 -1 1 -1 1 1 -1 -1 1 1 -1 -1 1 -1 -1 1 1 -1 1 1 -1 -1 1 -1 -1 1 -1 1 1 -1 -1 -1 -1 -1 1 -1 -1 1 1 1 1 -1 1 -1 -1 1 -1 1 -1 -1 -1 
1 -1 -1 1 1 -1 -1 1 1 -1 -1 -1 -1 1 -1 -1 -1 1 -1 1 -1 1 -1 -1 1 -1 -1 -1 -1 1 1 -1 1 1 -1 1 1 1 -1 1 -1 -1 -1 1 -1 1 -1 -1 -1 -1 1 -1 1 -1 -1 -1 1 -1 1 -1 -1 1 -1 -1 
1 -1 -1 1 -1 1 -1 -1 1 1 -1 1 -1 1 -1 -1 -1 -1 1 -1 1 1 -1 1 1 1 1 1 1 -1 1 -1 -1 -1 -1 1 1 -1 -1 1 -1 1 -1 -1 -1 1 -1 1 -1 -1 1 -1 -1 -1 -1 -1 -1 1 1 -1 1 -1 1 -1 
1 -1 -1 1 -1 -1 1 1 1 1 -1 -1 1 1 -1 1 1 1 -1 1 -1 -1 -1 1 1 -1 -1 -1 -1 -1 1 1 -1 -1 1 1 1 1 -1 -1 -1 1 1 1 -1 -1 -1 -1 1 -1 -1 -1 1 1 1 -1 1 -1 -1 1 1 -1 -1 -1 
-1 -1 -1 -1 -1 1 1 -1 -1 1 1 1 1 -1 -1 -1 1 1 -1 -1 -1 1 -1 1 1 1 1 -1 -1 1 -1 1 1 1 1 -1 1 -1 -1 -1 1 1 -1 1 -1 -1 -1 -1 -1 1 -1 1 1 -1 -1 -1 -1 1 1 1 -1 -1 -1 -1 
-1 -1 -1 1 1 1 -1 -1 -1 -1 -1 -1 -1 -1 1 -1 1 -1 1 -1 -1 1 1 -1 1 1 1 -1 1 -1 -1 -1 -1 -1 -1 1 -1 1 1 1 -1 -1 -1 1 -1 -1 -1 -1 -1 -1 -1 1 -1 -1 1 1 -1 1 -1 -1 1 -1 1 1 
-1 1 -1 -1 -1 -1 -1 -1 -1 1 -1 -1 1 -1 -1 -1 1 1 1 1 -1 -1 -1 -1 -1 -1 1 1 -1 1 -1 1 -1 1 1 1 1 1 1 -1 1 -1 1 -1 1 1 -1 -1 -1 1 1 -1 -1 1 -1 -1 -1 -1 1 1 1 -1 1 -1 
-1 1 -1 1 -1 -1 1 -1 1 -1 -1 -1 1 1 1 1 1 1 -1 -1 -1 -1 1 1 -1 1 -1 1 1 1 -1 -1 1 1 1 -1 1 -1 1 1 -1 1 1 -1 -1 1 -1 -1 1 1 1 1 -1 1 -1 -1 -1 -1 1 -1 -1 -1 -1 -1 
-1 -1 1 1 -1 1 1 1 -1 1 1 -1 1 1 -1 1 1 -1 1 -1 -1 1 -1 1 1 -1 1 1 1 1 1 1 -1 -1 -1 1 -1 1 1 1 -1 1 -1 1 -1 -1 -1 1 -1 -1 -1 1 -1 -1 -1 1 -1 1 1 -1 -1 -1 -1 1 
1 1 1 1 -1 -1 1 1 -1 1 -1 1 -1 -1 1 1 -1 1 1 1 -1 1 1 1 1 1 1 1 1 1 -1 1 1 -1 -1 1 -1 -1 1 -1 -1 1 -1 -1 -1 1 1 -1 1 1 1 1 -1 1 1 -1 1 -1 -1 1 -1 1 1 -1 
-1 1 -1 1 -1 1 1 -1 -1 -1 1 -1 1 -1 -1 1 -1 -1 1 1 1 1 -1 -1 1 1 1 -1 -1 1 1 -1 -1 1 1 -1 -1 -1 1 -1 -1 1 1 1 1 1 -1 1 1 1 -1 1 -1 -1 1 1 -1 1 1 -1 1 1 -1 1 
-1 -1 -1 -1 -1 -1 1 -1 1 -1 -1 1 -1 -1 -1 -1 -1 -1 -1 1 1 1 1 1 1 -1 1 -1 -1 1 -1 1 1 -1 1 1 -1 1 -1 -1 -1 1 1 1 -1 -1 -1 1 -1 -1 1 1 1 1 -1 -1 -1 -1 1 1 1 1 -1 -1 
1 -1 -1 -1 1 -1 -1 1 1 1 1 1 -1 1 1 -1 -1 1 1 1 1 -1 1 -1 1 -1 -1 -1 1 -1 1 -1 1 -1 -1 -1 1 -1 -1 -1 1 -1 -1 -1 -1 1 -1 1 -1 1 -1 1 1 1 -1 1 1 1 1 1 -1 -1 1 1 
-1 -1 1 1 1 -1 -1 -1 1 1 -1 -1 -1 -1 1 -1 1 -1 1 -1 1 1 -1 1 -1 -1 -1 1 1 1 -1 1 -1 -1 -1 -1 1 -1 -1 -1 -1 1 -1 1 -1 1 -1 1 1 -1 -1 1 -1 1 -1 -1 1 -1 1 1 -1 -1 -1 1 
1 1 -1 -1 -1 -1 1 1 -1 -1 -1 1 1 1 -1 -1 1 1 1 -1 1 -1 1 1 1 1 1 1 1 -1 -1 -1 1 1 -1 -1 -1 -1 -1 1 -1 -1 -1 -1 -1 1 -1 -1 -1 1 -1 1 1 -1 -1 -1 -1 1 1 -1 1 1 -1 -1 
-1 -1 -1 -1 1 1 -1 1 1 -1 1 1 1 1 1 -1 -1 1 1 1 1 1 -1 1 -1 1 -1 1 -1 -1 -1 -1 -1 1 -1 -1 1 1 -1 1 -1 -1 1 -1 1 -1 -1 -1 1 1 1 1 -1 1 1 1 -1 -1 -1 -1 1 1 -1 1 
1 -1 1 -1 1 1 -1 -1 1 1 -1 1 -1 1 1 -1 1 -1 1 1 -1 -1 -1 1 1 1 1 1 1 1 -1 1 1 -1 1 1 -1 1 1 -1 1 -1 1 -1 -1 1 -1 -1 1 -1 1 1 1 1 1 1 -1 1 -1 -1 -1 -1 -1 1 
1 1 1 -1 -1 -1 1 -1 1 -1 -1 1 -1 1 1 1 -1 1 1 1 1 -1 -1 1 -1 1 -1 -1 1 -1 -1 -1 -1 1 1 1 -1 1 -1 1 -1 -1 -1 1 -1 -1 1 -1 1 -1 -1 1 1 1 1 -1 -1 -1 1 1 1 1 -1 1 
-1 1 -1 -1 1 -1 1 1 1 -1 -1 1 -1 -1 -1 1 1 1 1 -1 -1 -1 1 1 1 1 -1 -1 1 1 -1 -1 -1 -1 1 1 -1 -1 -1 1 -1 1 -1 1 1 -1 -1 1 -1 -1 -1 -1 -1 1 -1 1 -1 1 -1 1 -1 -1 -1 1 
1 -1 -1 -1 -1 1 -1 1 1 1 -1 1 -1 -1 1 -1 1 1 1 -1 -1 1 1 1 -1 1 1 1 1 -1 -1 -1 -1 1 -1 1 -1 1 1 1 1 -1 1 1 -1 1 -1 1 1 -1 -1 1 -1 -1 1 -1 1 1 1 1 1 -1 1 1 
-1 1 -1 -1 1 1 -1 -1 1 1 1 -1 -1 1 -1 1 1 1 1 1 1 -1 1 -1 -1 1 -1 1 -1 -1 1 1 1 -1 1 -1 -1 1 1 1 1 1 -1 -1 -1 -1 1 -1 1 1 -1 1 1 -1 1 -1 -1 1 -1 1 1 1 -1 -1 
-1 -1 -1 -1 1 -1 1 -1 -1 -1 1 1 1 -1 -1 -1 -1 1 -1 1 -1 1 -1 -1 -1 -1 -1 -1 -1 1 1 1 -1 -1 1 1 -1 -1 -1 1 1 -1 1 1 -1 -1 -1 1 1 1 1 -1 -1 1 -1 -1 1 -1 1 1 1 1 -1 -1 
1 -1 -1 1 -1 -1 -1 -1 -1 1 -1 -1 1 1 -1 1 -1 1 1 -1 1 -1 1 -1 -1 1 -1 -1 -1 1 1 -1 1 1 -1 -1 1 -1 1 -1 1 1 1 -1 1 -1 -1 1 -1 1 -1 1 1 1 -1 1 -1 1 1 1 1 -1 1 1 
1 -1 -1 -1 -1 1 -1 -1 -1 1 1 -1 -1 1 -1 -1 1 -1 1 -1 1 1 -1 1 -1 1 -1 -1 -1 1 -1 1 1 1 1 1 1 1 -1 1 -1 1 -1 1 -1 1 1 -1 -1 1 -1 -1 -1 1 -1 -1 -1 1 -1 -1 -1 1 1 1 
-1 -1 -1 1 -1 -1 1 1 1 -1 1 -1 -1 1 -1 1 1 -1 -1 1 -1 -1 -1 1 1 -1 1 -1 1 -1 -1 1 1 1 -1 -1 -1 1 -1 -1 -1 -1 -1 1 -1 1 1 -1 1 -1 1 -1 -1 1 1 -1 1 -1 1 1 -1 1 1 1 
1 -1 1 1 -1 -1 -1 1 -1 -1 -1 -1 1 1 -1 1 1 -1 -1 1 1 -1 -1 -1 -1 1 1 1 -1 1 1 -1 1 -1 -1 -1 1 1 -1 -1 -1 1 -1 -1 1 1 -1 -1 -1 1 1 1 -1 -1 -1 -1 -1 -1 1 1 1 -1 1 -1 
1 1 1 1 1 -1 1 1 1 1 1 1 1 -1 1 1 -1 1 1 -1 1 -1 -1 -1 -1 1 1 1 1 -1 1 -1 1 -1 -1 1 1 -1 -1 1 1 -1 -1 -1 1 1 1 -1 -1 1 -1 -1 -1 -1 1 1 -1 -1 1 1 1 -1 1 1 
-1 1 -1 1 1 1 -1 1 -1 -1 1 1 1 1 -1 1 1 -1 -1 -1 -1 1 1 -1 1 -1 -1 -1 -1 -1 -1 1 1 -1 1 1 -1 -1 1 1 1 1 -1 -1 -1 1 1 -1 1 -1 -1 -1 1 1 -1 -1 -1 1 1 -1 -1 1 -1 1 
1 -1 -1 -1 1 -1 1 -1 -1 -1 1 -1 1 -1 1 1 -1 1 -1 -1 1 -1 -1 -1 1 1 1 -1 1 1 -1 -1 1 1 1 -1 -1 1 1 -1 -1 -1 1 1 -1 -1 -1 -1 -1 -1 -1 1 1 1 -1 1 -1 1 1 -1 1 1 1 1 
1 -1 -1 1 1 -1 -1 1 -1 1 -1 -1 -1 -1 1 1 1 1 1 1 -1 -1 -1 -1 -1 1 -1 -1 1 1 -1 1 -1 -1 -1 -1 1 1 -1 -1 1 -1 1 -1 1 -1 1 1 -1 1 1 1 -1 1 1 1 -1 1 -1 1 -1 -1 -1 1 
1 1 1 1 1 -1 -1 -1 -1 -1 1 1 -1 -1 1 -1 1 1 -1 -1 -1 -1 -1 1 1 -1 1 1 1 1 1 -1 1 -1 -1 1 1 -1 -1 1 -1 1 1 1 1 -1 -1 1 1 1 1 1 1 1 1 -1 -1 1 1 1 1 1 -1 1 
-1 1 1 1 1 -1 1 1 1 1 -1 -1 -1 1 -1 1 -1 -1 -1 -1 -1 1 -1 -1 -1 1 -1 -1 1 1 1 1 -1 -1 -1 1 1 -1 1 -1 -1 1 -1 -1 1 1 1 1 -1 -1 1 1 1 1 1 -1 1 -1 1 -1 1 -1 -1 1 
1 -1 1 1 1 1 1 -1 1 1 -1 1 1 1 -1 -1 1 1 1 1 1 -1 1 -1 -1 -1 -1 1 -1 1 -1 1 1 -1 1 -1 1 -1 -1 1 1 1 1 1 -1 1 -1 1 1 1 1 -1 -1 1 -1 1 1 -1 1 1 1 -1 -1 1 
-1 -1 -1 1 -1 1 1 1 1 -1 -1 -1 1 -1 -1 1 1 -1 -1 1 1 -1 -1 -1 1 1 -1 -1 1 -1 1 1 -1 -1 -1 -1 -1 1 1 1 -1 1 1 -1 1 -1 -1 1 -1 -1 -1 1 -1 -1 1 1 -1 1 -1 1 -1 -1 -1 1 
-1 -1 -1 -1 1 -1 -1 1 1 -1 1 -1 1 1 1 -1 -1 1 -1 1 1 -1 1 -1 -1 -1 1 1 1 -1 1 -1 1 1 -1 -1 -1 1 -1 1 -1 1 -1 -1 -1 -1 -1 -1 -1 1 -1 1 1 1 -1 -1 1 -1 -1 -1 1 1 -1 -1 
-1 -1 1 1 -1 1 1 1 1 -1 -1 -1 -1 -1 -1 1 -1 -1 -1 1 -1 -1 -1 -1 1 -1 -1 1 -1 -1 -1 1 -1 -1 1 1 -1 -1 1 1 1 -1 1 -1 1 -1 -1 1 1 -1 -1 1 1 -1 1 1 -1 1 1 -1 1 1 1 -1 
1 -1 1 1 1 -1 -1 -1 -1 -1 1 1 -1 -1 -1 1 1 -1 1 1 -1 1 1 1 -1 1 -1 -1 1 -1 -1 -1 1 1 1 1 1 -1 -1 -1 1 1 -1 -1 -1 -1 -1 -1 1 1 1 -1 1 1 1 -1 -1 -1 1 -1 1 1 1 -1 
-1 -1 1 -1 1 1 -1 -1 1 -1 -1 -1 -1 -1 -1 -1 -1 -1 1 -1 -1 -1 -1 -1 -1 -1 1 -1 -1 1 -1 -1 1 1 -1 1 1 -1 1 -1 1 -1 -1 -1 -1 -1 1 -1 -1 -1 1 -1 1 1 1 -1 -1 -1 1 1 -1 -1 1 -1 
-1 1 -1 1 -1 1 -1 1 1 1 -1 1 -1 -1 -1 -1 -1 1 -1 1 1 1 1 -1 -1 -1 -1 1 1 -1 1 1 -1 -1 -1 -1 -1 -1 1 1 1 1 1 -1 1 -1 -1 1 -1 -1 1 1 1 1 1 -1 1 -1 -1 1 1 -1 1 -1 
1 -1 1 -1 1 1 1 -1 1 -1 -1 -1 1 -1 -1 -1 1 -1 1 1 -1 -1 1 -1 1 1 1 -1 1 1 1 -1 -1 1 -1 -1 1 -1 -1 1 -1 1 -1 -1 1 1 -1 -1 1 -1 -1 -1 -1 -1 1 1 1 -1 -1 -1 1 -1 1 -1 
1 -1 -1 1 -1 1 -1 1 -1 -1 -1 -1 -1 1 -1 1 1 -1 1 1 -1 1 -1 1 1 -1 -1 -1 -1 1 1 1 1 -1 1 1 -1 -1 1 1 -1 1 -1 1 -1 1 -1 -1 -1 -1 1 1 -1 -1 -1 1 1 -1 -1 1 -1 1 1 1 
-1 1 1 -1 -1 -1 1 -1 1 1 1 1 -1 -1 -1 1 1 -1 1 -1 1 -1 -1 -1 1 1 -1 -1 -1 -1 1 -1 -1 1 1 -1 -1 -1 1 1 1 1 -1 -1 -1 1 1 1 -1 1 -1 1 -1 1 -1 -1 1 -1 -1 -1 1 -1 1 -1 
-1 -1 1 -1 1 -1 1 1 1 1 -1 -1 -1 1 1 -1 1 1 1 1 1 1 1 1 1 1 1 -1 1 1 -1 1 -1 -1 1 -1 -1 1 1 1 1 -1 1 1 1 -1 -1 1 -1 1 1 -1 -1 1 1 -1 1 -1 -1 1 1 -1 -1 -1 
-1 -1 -1 1 1 1 1 -1 -1 1 1 -1 1 1 -1 -1 -1 -1 -1 -1 1 1 -1 1 -1 1 1 -1 -1 1 -1 1 -1 -1 -1 -1 1 1 -1 1 1 -1 -1 1 1 1 1 1 -1 -1 -1 -1 1 1 -1 1 -1 -1 -1 -1 1 1 -1 1 
1 -1 1 -1 1 1 -1 1 -1 1 -1 -1 1 -1 -1 1 1 -1 1 -1 1 1 1 -1 1 1 1 1 -1 -1 1 1 1 1 -1 -1 1 1 1 1 1 1 -1 1 -1 1 1 1 -1 -1 1 1 1 -1 -1 -1 -1 1 1 1 -1 1 -1 -1 
1 -1 -1 1 -1 -1 1 -1 -1 -1 -1 -1 1 -1 1 -1 -1 -1 1 1 -1 -1 -1 -1 1 1 1 -1 1 1 -1 -1 -1 1 -1 1 -1 -1 1 1 1 -1 1 -1 1 1 1 1 1 -1 -1 1 -1 -1 -1 1 1 -1 -1 1 1 -1 1 -1 
1 1 1 -1 -1 1 1 -1 -1 1 -1 -1 -1 -1 1 -1 -1 1 -1 1 -1 1 -1 -1 1 1 -1 1 -1 -1 -1 1 -1 -1 -1 1 -1 1 1 -1 -1 1 1 -1 1 -1 -1 -1 1 1 -1 -1 1 -1 1 -1 1 1 1 -1 1 1 -1 -1 
1 -1 -1 -1 1 -1 1 -1 1 -1 1 -1 1 -1 -1 -1 -1 -1 1 -1 -1 1 1 -1 -1 -1 -1 -1 1 -1 1 -1 -1 1 -1 -1 -1 -1 -1 -1 1 1 -1 1 -1 -1 -1 1 1 1 1 1 -1 -1 1 1 -1 -1 1 1 1 -1 -1 -1 
-1 -1 -1 1 1 1 -1 -1 -1 -1 -1 1 -1 1 1 -1 -1 1 -1 1 -1 1 -1 1 -1 1 -1 1 1 1 -1 1 1 -1 -1 -1 1 1 1 1 -1 -1 1 -1 1 -1 -1 -1 -1 -1 -1 -1 -1 1 -1 1 -1 1 -1 -1 -1 1 1 -1 
-1 -1 1 -1 -1 -1 -1 -1 -1 1 1 1 -1 1 -1 1 1 1 -1 1 1 1 1 1 -1 -1 1 -1 1 -1 1 1 -1 1 1 1 1 1 -1 1 1 1 -1 -1 1 1 1 -1 -1 -1 -1 -1 -1 1 -1 1 1 -1 1 -1 -1 1 1 1 
1 1 -1 1 -1 1 1 1 -1 -1 -1 -1 1 1 -1 1 -1 -1 1 -1 1 1 1 -1 -1 -1 1 1 1 1 1 1 -1 1 1 1 -1 -1 1 1 -1 1 1 -1 -1 -1 1 1 -1 1 -1 1 -1 1 1 -1 1 -1 -1 1 -1 -1 -1 1 
1 -1 -1 -1 -1 1 1 1 1 1 -1 1 1 -1 1 1 -1 -1 -1 1 1 -1 -1 1 1 -1 1 -1 1 1 1 1 -1 -1 1 1 -1 1 -1 1 1 1 -1 1 1 1 -1 1 1 -1 1 1 1 -1 1 1 1 -1 -1 -1 -1 -1 -1 -1 
1 1 -1 -1 -1 -1 -1 -1 1 -1 1 -1 -1 -1 -1 -1 -1 -1 1 1 1 -1 -1 1 1 -1 1 -1 -1 1 1 -1 1 1 -1 -1 1 1 -1 1 -1 -1 -1 1 1 1 -1 -1 -1 1 -1 -1 1 1 -1 1 -1 1 1 -1 -1 -1 1 1 
-1 -1 -1 1 1 -1 -1 -1 1 -1 -1 1 -1 -1 1 1 -1 -1 1 -1 -1 1 -1 -1 -1 -1 -1 -1 1 -1 -1 1 1 1 1 1 -1 1 -1 -1 -1 -1 -1 -1 1 1 1 1 1 1 1 -1 -1 -1 1 -1 -1 1 1 -1 -1 1 1 -1 
1 -1 1 -1 -1 -1 1 1 -1 -1 -1 -1 -1 -1 1 -1 -1 1 -1 1 -1 1 1 -1 1 1 1 1 1 -1 -1 1 1 1 -1 1 1 1 1 1 1 1 1 -1 -1 -1 -1 -1 -1 1 -1 -1 1 -1 -1 -1 -1 -1 1 1 -1 1 -1 1 