64
97 65 35 68 93 68 66 69 39 78 44 35 32 18 60 97 99 57 28 36 7 30 91 91 16 70 7 11 42 53 40 36 37 92 43 62 45 64 70 68 17 13 61 63 18 20 3 43 100 31 44 30 48 77 43 55 18 42 7 20 93 97 9 84 
4 51 57 82 82 24 49 69 4 89 22 14 8 42 30 83 92 87 16 83 42 98 92 47 88 13 53 25 56 58 11 73 15 43 56 61 7 88 99 92 54 99 5 97 31 19 64 23 30 94 45 51 19 76 53 45 88 27 96 82 30 13 79 66 
97 21 66 9 76 2 100 8 4 15 12 7 22 87 99 78 20 52 37 71 28 82 77 58 32 27 1 56 69 66 69 4 60 13 58 82 29 8 25 32 51 14 43 13 99 41 1 7 13 76 31 64 68 16 99 83 81 45 56 16 60 78 67 63 
56 26 31 52 28 48 35 81 52 90 72 5 28 64 89 98 35 65 12 1 71 2 89 90 60 92 47 41 41 36 85 41 93 27 31 75 15 90 31 91 17 4 30 68 100 78 24 81 66 23 98 37 85 38 89 66 32 92 67 14 39 84 50 51 
39 82 52 71 18 22 81 89 44 3 46 35 30 32 41 38 11 8 33 87 40 4 76 15 62 49 88 13 49 17 82 39 2 88 95 73 71 25 65 34 24 85 11 72 63 28 31 77 98 63 39 30 35 97 85 32 1 25 14 89 26 78 22 26 
5 75 68 14 94 87 17 57 17 14 37 33 61 20 71 60 91 9 22 48 52 46 95 8 96 13 9 84 10 59 32 33 79 87 14 7 78 13 55 59 5 60 2 93 64 11 14 16 98 92 93 27 57 80 56 20 28 42 61 69 43 22 62 76 
88 100 73 95 50 81 21 72 43 83 25 98 46 80 26 81 3 69 59 10 3 35 68 97 24 56 41 73 48 47 85 35 91 74 95 49 7 91 35 65 92 37 61 54 28 28 43 8 6 64 2 7 76 95 25 10 6 48 98 66 67 46 56 42 
24 73 51 60 47 78 88 59 49 99 98 59 65 98 90 85 50 54 16 92 96 43 72 54 77 43 89 60 65 22 29 43 78 23 14 96 13 17 82 83 44 17 31 82 70 7 97 92 58 100 27 53 67 40 34 78 10 8 6 44 16 7 58 71 
34 17 97 17 38 67 65 43 47 9 59 51 28 82 9 22 90 32 74 31 99 68 76 86 36 16 26 100 5 48 50 9 22 60 24 32 86 24 94 2 20 35 75 51 21 10 82 13 55 99 80 9 68 84 74 62 68 33 9 22 73 76 30 78 
3 21 20 8 40 33 35 99 83 34 74 11 98 37 35 64 56 66 97 51 71 83 57 75 86 69 31 78 63 40 30 29 13 23 30 24 4 58 2 78 49 18 41 83 67 23 6 79 44 100 65 80 55 13 94 14 7 10 69 97 3 62 51 94 
43 71 37 25 83 83 21 76 50 84 85 18 98 84 36 67 40 58 30 1 69 85 18 56 72 76 61 17 79 23 31 55 77 42 40 15 71 48 70 39 6 39 27 64 3 18 82 74 52 4 56 83 44 24 12 77 34 50 21 82 98 52 52 10 
54 26 88 5 83 29 43 58 97 35 23 67 90 10 20 93 49 38 70 89 62 76 95 74 62 91 77 77 50 44 55 32 15 11 69 15 44 55 79 10 65 58 5 91 37 33 76 36 58 27 35 48 51 49 73 48 60 89 47 69 83 72 91 79 
88 83 90 21 28 88 3 48 78 8 3 24 71 70 59 50 91 26 36 69 18 35 18 55 47 51 73 81 88 39 60 85 46 57 57 27 9 21 97 66 43 67 95 87 42 45 68 88 46 76 27 81 68 56 56 60 32 1 67 27 58 99 39 74 
34 6 29 77 47 100 72 63 53 75 58 37 34 20 41 4 24 61 11 57 68 95 25 21 28 43 11 4 48 34 11 11 85 18 48 78 52 15 28 20 74 42 40 10 52 55 73 23 12 27 22 6 66 46 27 71 53 18 51 4 62 45 23 93 
76 8 7 48 100 61 31 10 75 81 56 55 90 16 73 55 3 1 99 4 89 60 89 12 5 72 69 97 10 11 12 97 45 37 42 40 100 2 63 39 37 13 3 89 12 13 83 64 62 79 46 46 32 63 81 65 94 62 1 48 87 7 63 38 
86 67 67 42 58 55 55 50 50 81 14 44 26 3 64 33 20 48 95 15 60 5 28 63 57 5 47 72 77 92 94 40 55 57 95 38 98 10 21 63 45 62 53 56 32 8 2 92 37 51 18 98 89 68 64 18 72 97 91 69 60 79 51 59 
2 76 37 80 25 98 42 92 70 81 72 59 55 77 93 46 74 35 49 88 100 85 90 64 87 32 47 23 1 56 82 85 60 8 16 75 99 27 85 59 61 3 9 77 95 62 90 33 56 24 37 85 78 8 14 33 18 22 81 77 28 48 67 53 
44 84 25 54 20 42 12 49 61 46 70 55 38 44 64 78 19 30 23 6 53 62 75 44 6 46 17 29 23 37 14 99 22 11 85 13 27 23 1 36 2 69 86 100 26 51 54 81 83 46 21 42 64 88 44 30 24 75 26 48 62 75 80 23 
3 79 38 53 89 11 5 94 34 89 83 25 76 3 50 2 90 65 27 96 55 54 11 94 49 46 59 74 32 50 48 14 12 43 91 67 36 92 15 6 49 73 83 73 100 61 34 61 6 80 12 85 26 26 75 59 29 76 42 43 75 77 24 83 
48 33 64 89 27 66 89 58 35 95 9 1 58 51 38 95 42 26 16 41 2 5 29 80 46 96 92 39 90 44 71 74 32 31 22 74 40 80 48 83 45 83 74 71 100 89 31 9 82 78 74 33 48 58 3 80 63 93 94 71 81 73 97 60 
70 31 43 22 62 83 97 53 23 66 92 37 14 82 100 67 14 52 88 75 94 87 4 8 85 93 85 52 38 90 51 63 9 55 26 11 26 1 23 98 66 56 19 85 31 52 74 70 80 92 97 30 61 52 48 100 63 61 41 2 70 52 91 8 
51 30 8 80 83 49 88 72 59 59 14 17 69 14 74 24 57 21 35 7 1 40 99 27 33 18 37 24 71 79 77 74 58 11 96 32 79 93 10 13 17 81 17 57 46 7 19 10 46 81 56 52 69 66 16 83 56 33 77 93 10 42 57 8 
24 56 83 50 26 92 32 12 16 40 55 38 24 67 8 95 18 14 97 49 42 94 56 51 75 92 87 84 4 77 46 51 84 14 7 5 11 4 49 44 44 36 39 60 38 98 41 39 10 94 85 79 54 64 46 79 75 59 78 41 44 4 95 42 
67 78 9 1 31 5 93 72 55 21 2 50 5 63 12 31 98 89 99 47 36 90 15 14 2 8 83 40 24 53 66 76 70 53 34 26 23 58 91 86 76 39 36 16 95 4 98 39 51 25 92 11 22 54 44 81 74 15 17 55 42 23 38 78 
93 83 88 48 91 76 76 82 93 9 10 49 95 81 97 84 22 19 81 69 78 20 89 11 3 45 53 18 23 98 58 51 84 49 80 74 48 28 11 68 32 22 15 98 46 60 12 25 62 16 66 17 39 83 78 88 1 64 55 68 3 92 26 63 
63 66 35 10 3 39 38 4 16 77 69 20 10 72 65 87 63 36 55 29 34 87 77 19 97 19 6 94 61 89 37 56 43 51 90 44 89 89 90 100 88 33 40 94 24 63 74 14 12 92 61 59 34 72 95 31 74 59 81 74 94 67 15 87 
32 48 18 20 90 24 79 59 52 18 25 24 68 35 9 83 18 92 23 5 7 13 11 50 50 31 81 33 34 73 36 10 94 7 71 97 84 80 15 37 82 82 63 94 8 53 86 15 87 74 56 54 94 72 2 93 43 14 8 64 62 50 69 9 
83 100 76 65 77 43 61 54 72 4 29 38 35 94 41 60 18 77 73 34 25 85 79 4 2 90 16 82 14 71 51 5 99 61 6 94 51 28 98 5 5 40 41 18 45 75 35 36 25 79 74 13 25 93 24 93 86 60 55 39 40 100 42 18 
62 97 59 65 99 31 87 91 99 82 22 57 30 11 70 74 29 59 14 95 26 64 45 62 68 86 50 5 62 68 14 61 47 84 79 71 26 76 36 77 43 94 65 93 83 26 58 1 80 46 18 23 10 77 34 3 39 22 11 73 37 73 30 80 
76 92 29 85 35 10 41 11 47 36 47 40 60 92 96 37 49 32 73 99 63 32 34 95 88 44 62 7 62 70 86 97 84 58 91 56 15 36 45 49 32 21 13 51 27 15 55 32 20 40 79 61 32 17 30 7 36 11 41 34 35 91 34 33 
57 9 23 93 84 56 22 54 35 55 51 63 75 79 33 62 59 14 74 18 13 22 35 96 11 77 57 6 63 99 38 100 40 63 17 69 1 39 44 49 90 63 42 72 73 13 56 8 26 17 3 49 4 95 50 76 3 95 38 56 2 96 50 11 
85 69 74 45 40 29 52 22 95 35 21 98 72 35 6 86 75 30 74 34 69 11 39 74 14 27 46 48 32 35 30 31 70 25 29 97 27 57 36 32 29 58 9 8 99 30 75 14 47 46 62 87 70 62 41 30 75 4 94 83 63 16 39 93 
26 80 88 68 69 27 38 48 85 7 8 88 64 45 11 60 84 85 97 99 16 42 94 72 74 67 76 15 75 65 43 96 97 13 66 54 1 1 6 66 99 27 44 63 9 56 93 3 46 30 56 9 38 80 35 88 50 33 1 86 49 87 66 38 
24 27 59 7 5 97 43 61 15 60 31 18 83 10 62 39 62 23 71 98 70 30 13 72 85 82 84 96 60 44 46 28 91 70 37 87 50 37 25 43 55 62 3 37 3 98 61 6 95 67 26 55 72 33 13 9 93 28 71 80 46 50 85 94 
84 98 84 7 14 39 98 36 21 85 48 21 95 29 51 28 53 54 24 14 92 92 35 48 6 29 64 23 72 67 50 8 99 60 34 20 69 92 91 85 8 20 5 34 74 3 34 55 51 59 23 54 8 45 68 53 2 65 95 90 9 89 70 37 
48 7 19 41 69 34 73 18 67 43 13 30 6 50 87 77 49 2 75 87 34 96 79 15 12 90 40 6 19 89 13 36 45 67 22 22 34 32 79 4 71 92 90 64 69 13 79 1 48 33 26 55 67 23 24 7 79 63 71 1 33 11 66 42 
8 14 89 1 19 22 36 6 53 86 21 17 36 21 60 77 76 25 36 66 8 17 16 32 55 18 31 85 48 4 78 2 9 62 4 89 48 90 77 65 53 52 93 86 76 7 76 25 54 95 63 62 4 31 19 75 74 9 6 91 86 50 54 88 
96 61 57 90 37 17 63 59 34 62 36 7 61 61 48 67 53 22 81 73 32 31 11 13 16 43 8 70 25 73 6 78 84 64 7 70 48 22 7 56 87 81 59 36 81 54 1 16 3 89 33 95 66 1 49 55 100 77 17 69 24 5 15 21 
80 85 47 4 34 13 40 90 82 83 92 90 89 45 19 86 81 46 1 95 13 83 93 62 74 79 84 86 3 84 38 90 75 21 33 52 87 22 78 81 98 40 67 96 30 14 1 31 64 58 7 98 70 88 17 88 59 61 17 83 28 84 99 63 
33 52 42 13 82 16 41 87 79 44 6 44 78 94 17 28 59 70 74 7 52 85 94 90 36 17 95 84 29 50 61 98 76 62 21 82 56 96 59 26 98 15 94 79 57 29 85 90 93 29 17 18 66 21 17 16 96 38 74 84 18 28 24 65 
89 31 76 21 87 21 61 66 26 76 9 71 59 27 77 80 75 53 43 70 5 84 33 9 77 78 23 89 88 7 26 59 99 95 23 51 26 55 59 75 38 70 13 49 30 61 52 18 18 31 62 96 19 30 67 89 83 48 75 29 19 68 50 5 
24 48 28 96 37 70 5 2 82 41 32 22 8 90 68 8 5 93 71 13 2 54 67 90 26 86 73 35 95 57 90 73 50 7 78 14 75 59 93 21 31 41 24 50 10 61 39 10 2 69 94 76 77 71 39 88 23 53 76 31 89 92 92 81 
23 49 65 95 94 65 66 55 42 57 55 42 78 68 81 52 67 68 50 77 56 1 60 36 87 82 99 75 62 48 58 28 88 21 52 14 96 13 61 49 36 30 63 19 53 72 19 59 99 66 57 44 78 21 8 2 36 95 10 71 3 31 12 13 
53 74 82 57 43 86 68 80 96 26 2 46 20 23 30 50 40 16 39 31 97 20 83 14 14 55 41 26 5 38 99 41 20 49 51 22 17 35 83 16 97 29 78 52 84 81 36 57 69 75 69 25 96 26 62 2 100 94 65 91 12 45 34 32 
54 54 12 9 100 90 18 25 48 57 81 86 42 92 28 33 38 30 95 65 78 69 84 94 95 5 6 97 53 54 23 60 41 75 50 49 6 9 69 74 36 100 21 36 53 83 72 4 57 94 47 36 97 72 82 97 23 88 43 41 66 11 83 28 
11 21 70 45 10 22 81 51 72 30 60 63 30 5 59 48 26 20 71 3 12 56 76 14 26 6 86 35 33 63 97 89 61 80 20 30 36 60 58 15 23 64 19 25 16 77 40 70 82 47 36 69 64 64 4 87 10 57 87 70 67 42 18 88 
98 86 49 10 60 65 83 30 31 21 36 44 4 60 35 41 34 2 99 98 96 13 48 56 61 36 15 33 8 10 71 87 50 82 31 44 91 52 23 43 31 73 62 20 9 63 87 72 84 1 68 97 47 91 67 35 76 68 22 34 26 40 12 97 
13 98 23 50 71 8 90 96 81 12 33 6 94 32 81 48 41 32 5 56 36 96 72 48 97 55 22 19 34 75 26 99 51 49 73 74 89 88 95 12 25 99 56 43 70 83 96 71 27 69 88 70 38 53 89 42 67 62 98 27 38 36 85 81 
43 44 16 97 42 92 53 3 53 49 64 73 61 23 84 51 24 9 52 22 11 78 32 86 84 45 47 42 19 88 67 21 35 53 44 84 43 85 19 99 40 100 7 78 1 20 38 71 9 74 92 80 69 37 78 57 86 39 89 30 46 98 58 1 
79 36 77 47 72 39 1 7 29 38 17 17 70 6 61 54 51 29 24 51 9 23 67 65 96 53 9 28 80 63 52 76 2 37 47 38 76 75 79 74 33 25 56 88 73 55 34 37 96 13 45 61 95 98 32 79 59 55 90 85 34 51 22 46 
32 12 6 58 58 30 57 81 8 44 90 30 3 19 61 99 89 74 66 100 22 33 49 81 86 91 92 9 15 59 94 76 72 28 57 2 56 62 97 12 51 75 34 59 48 33 37 37 72 16 31 38 14 37 44 18 90 32 65 8 43 27 86 27 
48 21 83 54 78 3 82 3 23 78 26 83 27 40 2 60 29 73 88 60 47 46 4 4 72 98 96 14 70 83 43 62 78 50 83 41 41 2 84 61 25 13 85 87 32 23 54 9 60 27 10 15 26 32 8 67 88 99 97 56 24 34 59 76 
22 60 47 39 98 52 35 9 86 99 62 36 50 33 64 6 73 28 34 45 86 93 53 37 41 73 68 24 39 29 94 86 5 28 86 83 7 93 21 72 1 53 47 43 30 66 31 46 31 87 60 18 16 60 40 1 52 20 69 29 49 34 78 40 
43 5 2 38 56 30 30 36 20 97 3 31 66 1 68 84 74 74 73 99 26 31 55 35 20 96 79 35 48 19 90 37 36 77 22 95 22 41 66 47 2 63 48 69 39 20 88 5 6 26 29 18 7 37 6 68 92 76 55 32 36 83 3 52 
34 35 69 11 47 52 54 93 95 72 90 95 60 7 4 59 88 2 27 21 61 97 8 17 41 56 88 9 40 76 2 88 79 77 86 30 91 63 75 89 37 62 45 34 97 61 19 52 20 83 14 55 31 66 62 71 28 75 5 99 96 41 21 56 
46 66 35 6 58 72 29 78 49 2 68 34 11 35 21 94 78 13 96 3 56 64 26 54 36 7 11 68 86 89 69 58 67 50 35 36 79 55 20 26 89 39 75 50 75 90 13 25 41 5 72 43 73 43 78 83 36 7 33 70 43 15 12 33 
40 91 60 34 73 39 89 58 92 18 64 87 91 10 2 22 82 70 6 41 66 100 29 18 3 34 40 29 95 1 6 70 67 42 22 67 18 74 68 61 83 79 57 100 50 93 55 60 91 2 80 31 1 88 46 98 99 20 69 22 54 25 50 68 
13 46 39 18 59 84 10 35 4 44 56 99 30 51 41 98 50 54 25 56 69 21 45 66 9 58 23 48 65 85 60 37 19 12 26 34 19 97 16 25 82 14 54 23 57 79 54 61 4 16 28 24 8 73 31 78 36 8 49 9 77 79 32 60 
99 3 55 46 40 54 54 87 59 52 93 21 40 34 72 17 53 64 93 70 75 79 61 60 44 27 30 69 10 12 42 41 87 13 22 54 95 40 81 38 16 25 5 100 56 25 9 47 99 3 25 1 97 27 67 26 68 97 47 30 60 53 49 39 
6 3 15 40 17 6 23 98 51 32 22 41 12 21 10 68 76 61 55 81 20 27 72 79 57 35 41 100 93 29 49 59 43 21 27 44 56 46 35 37 45 67 43 23 9 70 75 58 82 69 9 35 63 37 37 37 67 81 70 39 16 46 5 71 
45 35 45 76 31 52 7 10 86 85 37 60 5 31 87 15 76 81 59 6 57 82 30 75 41 92 60 36 93 20 25 34 14 13 85 93 97 58 28 74 43 26 36 57 12 65 61 39 44 82 58 95 60 43 96 89 27 34 33 100 64 22 76 10 
15 82 94 5 18 50 7 77 98 11 65 69 37 76 7 98 62 10 71 52 18 62 82 99 84 5 79 75 25 8 59 90 12 71 46 58 63 80 86 61 33 62 11 71 10 75 49 18 40 68 51 14 54 92 97 33 43 71 60 58 78 70 38 34 
54 59 72 35 29 45 45 70 78 27 37 84 31 6 37 62 27 34 99 67 44 24 61 66 78 38 15 29 32 18 21 65 2 68 15 30 39 67 98 49 70 80 17 74 86 8 89 53 32 28 56 76 73 23 71 64 96 88 36 95 94 78 42 37 
9 4 25 93 78 18 97 98 24 49 39 75 73 30 38 89 62 19 77 48 44 89 88 23 49 88 95 95 5 44 20 73 46 31 77 41 38 98 71 80 40 13 45 35 87 77 27 98 27 13 53 2 92 91 46 58 26 76 7 72 20 76 46 95 
1 -1 1 1 -1 1 1 -1 1 1 -1 1 1 -1 1 -1 -1 -1 1 -1 1 1 -1 -1 1 -1 1 1 1 -1 1 -1 1 -1 -1 -1 -1 1 -1 1 1 -1 1 -1 1 1 1 -1 1 -1 1 1 1 -1 -1 1 1 -1 -1 -1 1 -1 -1 -1 
-1 1 -1 1 1 1 -1 -1 1 1 1 -1 1 1 1 1 -1 1 -1 -1 -1 -1 -1 -1 1 1 1 -1 -1 1 -1 1 1 -1 1 1 -1 1 1 -1 1 -1 -1 1 -1 1 -1 -1 1 -1 1 -1 -1 -1 -1 1 -1 1 1 -1 1 1 1 1 
1 -1 1 -1 -1 -1 -1 -1 -1 1 1 -1 -1 1 1 1 -1 -1 -1 1 1 1 -1 -1 -1 -1 -1 1 -1 -1 1 1 -1 1 1 1 1 -1 -1 1 1 1 -1 -1 -1 -1 1 1 1 -1 1 -1 -1 1 1 -1 -1 -1 -1 -1 1 1 1 -1 
1 1 -1 1 -1 -1 -1 1 -1 1 1 -1 1 1 1 -1 -1 -1 1 1 -1 -1 1 1 -1 1 -1 1 -1 -1 1 -1 1 1 1 1 1 1 -1 -1 -1 1 -1 1 1 1 -1 1 1 -1 -1 1 1 1 1 -1 -1 1 -1 -1 -1 1 -1 1 
-1 1 -1 -1 -1 -1 -1 1 1 -1 -1 -1 1 -1 -1 1 -1 1 -1 1 -1 1 1 1 -1 -1 -1 1 1 -1 -1 -1 -1 -1 1 -1 1 1 1 1 -1 1 -1 1 1 1 1 1 -1 1 1 1 1 -1 -1 -1 -1 -1 1 -1 -1 -1 1 -1 
1 1 -1 -1 -1 -1 1 1 -1 1 -1 -1 -1 -1 1 -1 1 -1 1 1 1 1 1 1 -1 1 -1 1 -1 -1 -1 -1 -1 1 1 -1 -1 1 1 1 1 1 -1 1 -1 1 -1 1 -1 -1 -1 1 -1 1 1 -1 -1 1 -1 -1 -1 1 -1 1 
1 -1 -1 -1 -1 1 1 1 1 1 -1 -1 -1 -1 -1 -1 -1 -1 1 1 -1 1 -1 1 1 1 -1 1 -1 1 1 -1 1 -1 1 1 -1 -1 1 -1 -1 -1 -1 1 1 -1 -1 -1 -1 1 -1 1 -1 1 -1 -1 1 1 1 -1 1 1 -1 -1 
-1 -1 -1 1 1 1 1 -1 -1 -1 -1 -1 1 1 -1 1 -1 -1 -1 -1 1 1 1 -1 1 -1 -1 -1 -1 -1 -1 1 -1 -1 -1 1 -1 -1 1 1 -1 -1 -1 -1 -1 -1 1 1 1 1 1 -1 -1 1 -1 1 1 1 -1 1 -1 -1 1 -1 
1 1 -1 -1 1 -1 1 -1 1 1 -1 1 -1 1 1 -1 -1 1 1 1 1 1 1 -1 -1 -1 1 -1 -1 -1 1 -1 1 1 1 -1 1 1 1 1 1 1 -1 -1 -1 1 -1 1 -1 1 -1 -1 1 -1 1 -1 -1 1 1 1 -1 1 1 1 
1 1 1 1 -1 1 1 -1 1 1 -1 1 -1 -1 1 1 1 1 1 1 1 1 1 -1 -1 1 1 -1 1 1 -1 1 -1 1 -1 -1 -1 -1 -1 1 -1 -1 -1 1 1 1 -1 -1 -1 1 1 -1 -1 1 -1 1 -1 -1 -1 1 -1 1 -1 1 
-1 1 1 1 -1 -1 -1 -1 -1 -1 -1 1 -1 1 -1 -1 1 1 -1 1 1 -1 1 -1 1 1 -1 -1 1 1 -1 1 1 -1 -1 -1 1 -1 1 -1 1 1 -1 1 1 -1 1 1 1 -1 -1 -1 1 -1 1 -1 -1 -1 -1 -1 1 1 1 -1 
1 -1 -1 -1 -1 -1 -1 -1 1 1 1 1 -1 1 -1 -1 -1 1 -1 1 1 -1 1 1 -1 1 1 -1 -1 -1 1 -1 1 1 -1 1 -1 -1 1 -1 -1 -1 1 1 1 1 1 -1 1 -1 -1 -1 -1 -1 1 -1 1 -1 -1 1 1 -1 1 1 
1 1 -1 1 1 -1 -1 1 -1 -1 -1 -1 1 1 -1 1 -1 1 1 -1 1 -1 -1 -1 -1 -1 1 1 -1 1 1 -1 -1 1 1 1 -1 1 1 1 1 1 1 -1 1 -1 1 1 1 -1 1 -1 1 1 1 -1 -1 -1 1 -1 -1 1 1 -1 
-1 1 1 1 -1 -1 -1 1 1 -1 1 1 1 1 1 -1 1 1 -1 1 1 -1 1 1 1 -1 1 1 1 1 -1 1 1 1 1 -1 -1 1 -1 1 1 -1 -1 -1 -1 1 1 1 -1 -1 -1 -1 1 1 -1 1 -1 -1 -1 -1 1 1 1 1 
1 1 1 1 -1 1 -1 -1 1 1 -1 -1 -1 1 -1 1 -1 -1 1 -1 -1 -1 1 -1 -1 1 -1 -1 -1 1 -1 1 -1 1 -1 -1 -1 -1 -1 1 1 1 1 -1 -1 1 1 -1 1 1 -1 1 1 1 1 1 1 1 -1 -1 1 -1 -1 1 
-1 1 1 -1 1 -1 -1 1 -1 1 -1 -1 1 -1 1 -1 1 1 -1 1 1 1 -1 -1 1 1 1 -1 -1 1 1 1 1 -1 -1 1 -1 1 -1 1 1 -1 1 1 1 -1 -1 1 1 -1 -1 1 -1 1 1 -1 -1 1 -1 -1 -1 1 -1 -1 
-1 -1 -1 -1 -1 1 -1 -1 -1 1 1 -1 -1 1 -1 1 -1 1 -1 -1 1 1 -1 1 -1 1 1 1 -1 1 1 -1 1 -1 -1 -1 1 1 -1 1 -1 -1 1 -1 -1 -1 -1 1 1 1 1 1 1 -1 1 1 1 1 1 -1 -1 -1 -1 -1 
-1 1 -1 -1 1 -1 -1 -1 1 1 1 1 1 1 -1 1 1 1 -1 -1 -1 -1 -1 -1 -1 1 -1 1 1 1 1 1 1 1 -1 -1 1 -1 -1 1 1 -1 -1 1 1 1 1 -1 -1 1 -1 -1 -1 1 1 1 1 1 1 -1 1 1 1 -1 
1 -1 -1 1 -1 1 1 -1 1 1 -1 -1 1 -1 1 -1 -1 -1 1 -1 -1 -1 1 1 1 1 1 1 1 -1 1 -1 -1 1 -1 1 1 -1 -1 -1 -1 1 1 1 -1 1 1 -1 1 1 -1 -1 1 1 -1 -1 -1 1 1 1 1 1 -1 1 
-1 -1 1 1 1 1 1 -1 1 1 1 1 -1 1 -1 1 -1 -1 -1 -1 -1 -1 -1 1 1 -1 1 -1 -1 1 -1 -1 -1 -1 1 -1 -1 -1 -1 -1 1 1 1 1 1 1 -1 1 1 1 -1 1 -1 -1 1 1 1 1 -1 1 1 1 -1 1 
1 -1 1 -1 -1 1 -1 1 1 1 1 1 1 1 -1 1 1 -1 -1 -1 1 1 1 -1 1 -1 -1 1 1 -1 -1 -1 1 -1 1 -1 1 -1 1 1 1 -1 1 1 -1 -1 -1 1 -1 1 -1 -1 1 -1 -1 1 -1 1 -1 1 1 -1 -1 -1 
1 -1 1 -1 1 1 1 1 1 1 -1 -1 -1 -1 -1 1 1 -1 -1 -1 1 -1 1 -1 1 1 -1 -1 -1 1 -1 1 1 1 -1 -1 1 -1 1 1 -1 1 -1 -1 1 -1 -1 1 1 1 1 -1 -1 -1 1 -1 1 -1 1 -1 1 -1 1 -1 
-1 -1 -1 1 1 1 -1 1 1 1 1 1 -1 1 1 -1 -1 -1 1 -1 1 1 -1 1 -1 -1 1 1 -1 1 -1 1 1 1 1 1 -1 -1 -1 -1 -1 1 -1 -1 -1 1 1 -1 1 -1 1 1 1 -1 1 -1 1 1 1 -1 -1 1 -1 -1 
-1 -1 -1 1 1 1 1 -1 -1 -1 -1 1 -1 1 -1 -1 1 -1 1 1 -1 -1 1 1 1 1 -1 1 -1 1 -1 -1 1 -1 1 -1 1 1 -1 -1 -1 1 -1 1 -1 -1 1 -1 -1 -1 -1 -1 1 -1 -1 1 -1 -1 1 1 -1 1 1 -1 
1 1 -1 -1 -1 -1 1 1 -1 -1 1 -1 -1 1 -1 1 -1 -1 1 1 1 1 -1 1 -1 1 1 1 -1 -1 1 1 -1 -1 1 1 -1 -1 1 1 1 -1 -1 1 -1 -1 -1 1 -1 1 -1 1 1 -1 1 -1 -1 1 -1 1 1 -1 1 -1 
-1 1 -1 1 -1 1 1 -1 -1 1 1 1 -1 -1 1 1 1 1 1 -1 -1 1 -1 1 1 1 1 1 -1 -1 -1 -1 1 1 1 1 -1 1 1 1 1 -1 -1 1 1 1 -1 -1 1 1 -1 -1 1 1 1 -1 1 -1 1 -1 1 -1 1 -1 
1 1 -1 -1 -1 -1 -1 -1 1 1 -1 1 1 1 -1 1 1 -1 1 1 -1 -1 1 -1 1 1 1 1 1 -1 1 -1 1 1 -1 1 1 -1 -1 -1 1 1 -1 1 -1 1 1 1 1 -1 1 -1 -1 1 1 -1 -1 1 1 -1 -1 -1 1 1 
1 -1 1 1 1 1 1 -1 -1 -1 -1 -1 1 1 -1 -1 1 1 1 -1 1 -1 1 1 1 1 1 1 1 1 1 1 1 -1 -1 1 1 -1 -1 -1 1 1 -1 1 1 1 1 -1 -1 1 -1 1 -1 1 -1 -1 1 -1 1 1 1 1 1 -1 
1 -1 -1 -1 1 -1 -1 -1 -1 1 1 -1 -1 1 -1 -1 -1 1 1 -1 1 -1 -1 -1 -1 -1 1 1 -1 1 1 1 -1 -1 -1 1 -1 1 -1 -1 1 1 -1 1 1 -1 1 1 1 1 1 -1 1 1 1 -1 -1 -1 -1 -1 1 1 -1 -1 
-1 1 -1 -1 -1 -1 1 -1 -1 1 1 -1 1 1 1 1 1 1 -1 1 -1 1 1 1 -1 -1 -1 1 1 1 -1 -1 1 -1 -1 1 1 -1 1 -1 -1 -1 1 -1 -1 -1 -1 -1 1 1 -1 -1 -1 -1 -1 -1 -1 -1 -1 1 -1 -1 -1 1 
1 -1 1 1 -1 -1 1 -1 1 -1 -1 1 1 -1 -1 1 1 1 1 -1 -1 -1 -1 -1 1 -1 1 1 1 -1 1 1 1 1 -1 1 -1 1 1 -1 -1 -1 1 -1 1 -1 -1 1 -1 1 -1 1 -1 -1 1 1 -1 -1 -1 1 -1 1 -1 -1 
-1 1 1 -1 -1 -1 -1 1 -1 1 1 -1 -1 1 1 1 -1 1 -1 -1 -1 1 1 -1 1 -1 -1 1 1 -1 1 1 1 -1 -1 -1 -1 1 1 -1 -1 -1 1 -1 1 -1 1 -1 -1 1 -1 1 1 -1 -1 1 -1 1 1 -1 1 -1 1 1 
1 1 -1 1 -1 -1 1 -1 1 -1 1 1 -1 1 -1 1 1 1 -1 -1 1 1 1 1 -1 1 1 1 -1 1 1 1 1 -1 1 -1 -1 1 -1 1 1 -1 -1 1 1 -1 -1 -1 -1 1 -1 -1 -1 -1 1 -1 -1 -1 -1 1 -1 1 1 1 
-1 -1 1 1 -1 1 -1 -1 1 1 -1 1 1 1 1 -1 -1 1 1 -1 -1 1 1 -1 -1 1 1 -1 -1 -1 1 -1 -1 -1 -1 1 1 -1 1 -1 -1 1 1 1 -1 1 -1 -1 1 1 -1 1 1 1 -1 -1 -1 1 -1 1 1 -1 -1 -1 
-1 1 1 1 1 1 1 -1 1 -1 -1 -1 1 1 -1 -1 -1 -1 -1 1 1 -1 1 1 1 1 -1 -1 -1 -1 -1 -1 1 -1 1 -1 -1 -1 1 1 1 -1 -1 1 -1 1 -1 -1 -1 -1 1 1 -1 -1 -1 1 -1 1 -1 -1 1 -1 -1 -1 
-1 1 1 1 -1 -1 1 1 -1 -1 -1 1 1 -1 -1 1 -1 -1 1 -1 -1 -1 1 -1 1 1 1 1 1 1 1 -1 -1 1 -1 -1 -1 1 1 -1 1 1 1 1 1 -1 -1 -1 -1 1 -1 -1 -1 -1 -1 1 -1 1 1 -1 -1 -1 1 1 
-1 -1 1 1 1 -1 -1 -1 1 -1 1 -1 -1 -1 -1 -1 1 1 1 -1 1 1 -1 1 -1 -1 1 1 -1 1 -1 -1 -1 1 -1 -1 1 -1 1 1 -1 -1 -1 -1 -1 1 -1 -1 1 1 -1 -1 1 -1 1 1 1 1 -1 1 1 -1 1 -1 
1 1 -1 1 1 1 -1 -1 1 -1 -1 -1 1 1 -1 1 1 -1 -1 -1 -1 -1 -1 1 -1 1 -1 -1 1 -1 1 1 1 -1 -1 1 -1 -1 1 -1 1 -1 -1 1 -1 1 1 -1 -1 -1 -1 -1 -1 -1 -1 -1 1 -1 1 -1 -1 -1 1 -1 
-1 1 -1 -1 1 1 1 1 1 -1 1 1 1 -1 -1 -1 -1 -1 -1 -1 1 1 -1 -1 1 1 -1 -1 -1 1 1 1 -1 1 1 1 1 1 -1 1 -1 -1 -1 1 1 -1 -1 1 -1 1 1 -1 -1 1 1 1 1 1 1 -1 -1 1 -1 -1 
1 -1 1 -1 1 1 -1 1 1 1 -1 -1 1 1 1 1 1 1 -1 -1 1 1 -1 -1 1 1 -1 -1 -1 -1 -1 -1 1 -1 1 -1 1 -1 1 1 -1 1 1 1 -1 1 1 1 -1 -1 -1 1 1 -1 -1 -1 -1 1 1 -1 1 1 -1 -1 
1 1 1 -1 -1 1 -1 -1 1 -1 1 -1 1 1 1 1 -1 1 -1 1 1 -1 -1 -1 1 1 1 1 1 -1 -1 -1 1 -1 1 1 -1 1 -1 -1 1 1 -1 1 1 -1 1 1 1 -1 1 -1 -1 -1 1 -1 -1 -1 1 1 1 -1 1 -1 
-1 -1 1 1 1 1 -1 -1 1 -1 1 -1 1 -1 1 -1 -1 -1 1 1 -1 1 1 1 -1 -1 1 1 1 -1 -1 -1 -1 1 -1 1 -1 -1 -1 1 1 1 -1 1 -1 -1 -1 -1 1 1 -1 1 1 -1 1 1 -1 1 1 1 -1 -1 1 -1 
1 -1 -1 -1 -1 -1 -1 -1 -1 -1 -1 1 1 -1 1 1 1 -1 1 1 1 -1 -1 -1 -1 -1 -1 -1 -1 1 1 1 -1 1 -1 1 -1 -1 -1 1 -1 -1 1 1 -1 -1 1 1 1 -1 1 -1 -1 1 1 1 1 1 1 -1 1 -1 1 -1 
-1 1 -1 1 1 1 1 -1 -1 1 1 1 -1 -1 -1 1 -1 1 1 1 1 -1 -1 1 1 1 1 1 1 -1 -1 -1 1 1 1 1 -1 1 1 1 1 1 1 1 -1 1 -1 1 1 1 -1 -1 -1 1 1 1 1 1 -1 -1 -1 -1 1 1 
1 -1 -1 1 1 -1 1 -1 -1 1 1 1 1 -1 -1 1 -1 1 -1 1 -1 1 -1 -1 -1 1 -1 1 1 -1 1 1 1 -1 -1 1 -1 -1 1 -1 1 -1 -1 -1 1 -1 1 1 1 -1 1 1 -1 1 1 -1 -1 -1 1 1 1 1 -1 1 
1 1 -1 1 1 1 -1 -1 1 1 -1 1 -1 1 1 -1 -1 1 1 1 -1 -1 1 -1 -1 1 1 1 -1 -1 -1 -1 -1 1 1 -1 1 1 -1 1 -1 -1 -1 1 -1 -1 1 -1 1 1 -1 -1 1 -1 1 1 -1 1 1 1 -1 -1 -1 -1 
1 -1 1 -1 1 -1 -1 1 -1 -1 1 1 1 1 1 -1 -1 1 1 -1 -1 -1 1 1 -1 -1 1 1 1 -1 -1 1 -1 -1 -1 -1 -1 1 -1 1 1 -1 1 -1 1 1 -1 1 -1 1 -1 1 -1 -1 -1 -1 1 1 -1 1 1 1 1 1 
-1 -1 1 1 1 1 -1 1 1 -1 1 -1 1 1 -1 1 1 -1 -1 1 1 1 -1 -1 1 -1 1 -1 1 -1 1 -1 -1 -1 -1 -1 -1 -1 1 1 1 -1 1 1 1 -1 1 1 1 -1 -1 -1 1 -1 1 -1 -1 -1 1 1 1 -1 -1 -1 
1 1 1 1 -1 -1 -1 1 -1 -1 1 1 1 -1 1 1 1 -1 1 1 -1 1 1 -1 -1 1 1 -1 1 1 -1 -1 -1 1 -1 -1 1 -1 -1 -1 1 1 1 1 1 1 -1 1 -1 -1 1 1 1 1 1 -1 -1 -1 -1 -1 -1 1 1 -1 
-1 -1 -1 -1 1 -1 1 1 1 1 -1 -1 -1 -1 1 -1 1 1 1 1 1 1 -1 -1 1 1 -1 1 1 1 1 1 1 1 -1 1 1 -1 1 -1 -1 1 -1 1 -1 1 1 -1 -1 -1 -1 1 1 1 1 -1 1 -1 -1 1 1 -1 -1 -1 
1 1 1 -1 1 -1 -1 1 -1 1 -1 -1 1 -1 -1 -1 1 -1 -1 -1 -1 1 1 -1 -1 -1 1 -1 1 -1 -1 -1 -1 -1 1 -1 -1 -1 1 -1 1 -1 1 -1 1 -1 -1 -1 1 -1 -1 -1 -1 1 1 -1 1 1 -1 -1 -1 -1 -1 -1 
1 -1 -1 1 1 1 1 -1 -1 -1 -1 -1 -1 -1 1 1 1 -1 -1 1 -1 -1 1 -1 1 -1 -1 1 -1 -1 1 1 -1 1 1 -1 -1 -1 -1 1 -1 1 -1 -1 1 -1 1 -1 1 1 -1 1 -1 1 -1 1 1 -1 1 1 1 1 -1 -1 
1 -1 -1 1 1 -1 -1 -1 1 -1 1 -1 1 1 1 -1 1 -1 1 -1 1 -1 1 1 1 1 -1 -1 1 -1 -1 1 -1 1 -1 -1 1 -1 -1 1 -1 1 -1 -1 -1 1 -1 1 1 1 -1 -1 1 -1 -1 1 -1 -1 1 1 1 1 -1 1 
-1 -1 1 1 -1 1 1 1 -1 1 -1 -1 1 1 1 1 -1 1 1 -1 -1 -1 -1 -1 -1 1 1 1 1 -1 -1 -1 -1 1 -1 -1 -1 -1 1 -1 -1 -1 1 1 1 -1 -1 -1 1 1 1 1 -1 -1 -1 -1 1 1 1 -1 1 1 -1 1 
-1 -1 1 1 -1 1 -1 -1 1 -1 1 1 1 -1 1 1 1 1 -1 1 -1 1 1 -1 1 1 1 -1 1 -1 1 -1 1 -1 -1 -1 1 -1 1 -1 1 1 1 1 1 1 -1 1 1 1 1 -1 -1 -1 -1 -1 1 1 -1 1 1 1 -1 1 
1 1 -1 -1 -1 -1 -1 1 -1 1 -1 -1 -1 1 1 -1 1 1 -1 1 1 -1 -1 1 -1 -1 -1 -1 -1 -1 1 1 -1 -1 1 1 1 -1 1 -1 -1 1 1 1 -1 1 -1 -1 -1 -1 -1 1 1 -1 -1 1 -1 1 1 -1 1 -1 1 -1 
1 -1 -1 -1 -1 -1 1 1 -1 -1 -1 1 -1 -1 1 -1 1 1 -1 1 -1 1 1 -1 -1 1 -1 1 -1 -1 -1 -1 -1 -1 -1 -1 1 1 1 -1 -1 -1 1 1 -1 -1 1 -1 -1 1 1 1 -1 1 1 -1 -1 -1 -1 1 -1 1 1 -1 
-1 1 -1 1 -1 1 1 1 1 -1 -1 -1 -1 -1 1 1 1 1 1 1 1 -1 1 -1 1 -1 1 -1 -1 -1 -1 1 -1 1 1 1 1 -1 1 1 -1 1 1 1 -1 1 1 -1 -1 -1 1 -1 -1 1 1 1 -1 1 -1 -1 -1 1 1 1 
-1 1 -1 -1 1 -1 1 -1 1 -1 -1 -1 1 -1 -1 -1 1 1 1 -1 -1 1 1 1 -1 1 1 1 -1 -1 -1 1 -1 -1 -1 1 -1 1 1 1 1 1 1 -1 1 1 -1 1 -1 -1 -1 1 1 1 -1 1 -1 -1 1 -1 -1 -1 -1 1 
-1 -1 -1 -1 -1 -1 -1 1 1 1 -1 1 -1 -1 -1 -1 -1 -1 1 1 1 -1 -1 1 1 -1 -1 1 -1 1 1 -1 1 1 -1 -1 1 -1 -1 -1 1 1 -1 -1 1 1 1 1 -1 1 -1 1 1 -1 1 -1 1 -1 -1 -1 1 -1 1 -1 
1 1 1 -1 -1 -1 1 -1 -1 -1 1 1 -1 1 1 -1 -1 1 1 1 1 1 -1 -1 1 1 -1 1 1 -1 -1 1 -1 1 1 -1 1 -1 -1 1 1 -1 1 -1 1 -1 1 1 -1 1 -1 1 1 1 1 1 -1 -1 -1 1 -1 1 -1 1 
-1 1 1 1 -1 1 1 -1 1 1 1 -1 1 1 -1 1 -1 1 1 1 -1 -1 1 1 -1 -1 -1 1 1 -1 1 -1 1 -1 -1 -1 -1 -1 1 1 -1 -1 -1 -1 1 -1 1 -1 1 -1 -1 1 1 1 1 -1 1 1 -1 -1 1 -1 1 1 
-1 1 1 -1 1 -1 -1 1 1 -1 1 1 1 1 -1 -1 -1 1 -1 -1 -1 1 -1 1 1 1 1 1 -1 -1 -1 1 1 -1 -1 1 1 1 -1 -1 1 1 1 1 -1 -1 1 -1 1 -1 -1 -1 -1 -1 -1 1 1 1 -1 1 -1 1 1 -1 
-1 1 -1 1 -1 1 -1 -1 1 1 -1 1 -1 1 1 -1 -1 -1 1 1 -1 -1 -1 -1 -1 -1 1 -1 -1 1 -1 1 1 -1 -1 1 -1 -1 -1 -1 -1 -1 -1 1 1 -1 1 -1 -1 -1 -1 -1 1 1 1 -1 -1 1 1 -1 1 1 -1 1 