64
22 14 59 61 56 4 19 81 22 100 71 26 11 54 19 5 79 8 36 48 98 73 25 45 61 17 27 97 13 54 33 5 50 34 58 80 81 87 6 24 50 38 31 9 24 94 12 26 31 77 46 38 5 82 82 48 90 45 100 93 28 90 2 71 
72 62 87 33 46 58 90 22 66 54 10 33 36 6 13 90 78 10 49 19 53 40 1 71 35 81 8 22 9 27 38 3 30 63 75 30 24 35 78 81 3 77 62 59 94 87 19 20 23 66 38 91 56 7 34 100 44 96 83 90 46 6 71 30 
69 66 35 52 64 44 87 7 85 80 75 25 80 83 19 57 72 84 10 20 19 76 45 8 21 89 25 63 67 56 12 20 58 7 9 46 80 60 82 36 67 50 94 17 80 65 10 21 34 32 13 88 86 97 17 26 77 8 78 15 98 76 69 50 
75 70 64 79 53 83 79 69 7 98 56 65 100 55 97 2 55 45 14 68 94 95 7 81 74 5 26 53 75 25 70 79 86 15 31 63 84 54 6 44 63 25 82 71 71 91 83 45 99 17 94 21 57 82 96 15 96 57 76 71 83 37 5 95 
16 16 75 4 7 2 40 60 30 26 66 54 61 43 25 45 47 37 40 31 24 85 16 15 12 19 21 92 75 34 77 16 50 89 96 38 58 37 83 56 22 2 84 99 93 33 36 29 1 81 81 36 48 70 39 91 69 81 73 62 48 66 86 6 
58 56 45 41 63 87 83 1 92 26 70 90 31 47 55 61 32 33 100 88 27 26 6 92 82 27 58 14 31 7 13 19 60 38 75 50 64 24 6 48 56 52 72 89 83 22 3 48 59 92 11 47 97 96 75 47 75 79 67 74 59 27 9 99 
94 19 79 36 24 10 99 43 97 32 75 6 16 10 99 39 33 100 21 21 91 72 12 37 7 77 100 61 22 8 25 69 70 7 53 50 89 27 91 53 64 4 100 57 45 69 93 82 55 49 71 59 16 25 93 87 95 57 30 43 58 8 3 80 
61 39 59 94 73 39 30 20 50 2 13 50 59 38 54 19 78 34 37 6 69 83 59 80 87 82 98 33 67 58 15 77 55 72 27 13 32 31 82 10 96 13 99 18 100 17 79 12 17 14 75 74 32 2 54 18 83 9 18 62 50 40 52 42 
90 36 94 36 17 11 20 61 15 81 22 86 20 10 83 28 53 88 40 90 51 16 28 77 67 47 87 35 61 24 73 40 43 97 26 7 69 86 48 59 64 52 53 65 10 9 58 14 39 54 93 33 37 34 15 86 20 54 62 80 80 57 50 66 
69 30 79 83 41 98 85 56 12 58 41 42 55 36 51 58 53 63 34 91 46 79 88 66 5 75 67 79 7 21 9 78 18 53 72 59 9 42 54 65 51 5 6 2 43 67 55 26 70 87 75 5 58 53 7 91 68 72 27 49 27 70 10 100 
52 38 79 48 39 96 81 87 34 13 42 24 46 46 74 84 68 49 39 100 3 82 77 65 66 49 24 5 67 19 5 22 99 42 95 73 14 75 25 29 61 94 87 52 77 80 99 16 79 53 29 90 12 94 55 21 22 3 58 74 40 16 39 82 
84 75 20 82 22 95 30 87 46 44 62 27 20 4 79 63 35 52 97 67 72 20 51 27 70 87 80 36 85 85 80 91 93 75 4 55 70 95 4 21 87 61 29 93 38 36 35 8 85 73 41 48 1 73 64 1 48 89 48 53 24 37 38 92 
88 1 83 5 55 66 30 43 14 63 92 87 49 16 47 86 12 37 45 8 79 36 95 17 4 100 95 42 3 81 41 77 35 69 34 22 29 72 86 100 85 73 35 32 78 40 98 15 81 6 68 89 38 52 18 3 98 44 90 82 45 14 79 3 
32 32 21 51 27 66 63 13 33 2 51 48 2 11 95 96 38 94 59 33 13 20 11 35 43 28 69 16 17 56 34 41 76 10 59 40 7 43 32 83 78 73 21 91 36 50 84 9 2 56 6 31 69 20 29 5 61 44 45 76 53 33 2 15 
82 42 11 40 9 25 39 56 49 68 85 90 31 6 64 11 93 8 79 70 14 33 23 9 72 71 17 35 93 89 30 29 96 72 2 5 21 13 92 7 34 77 25 39 86 48 32 40 29 5 68 6 4 83 37 77 60 60 64 37 80 69 3 51 
33 80 92 23 74 17 15 78 87 67 10 34 81 49 13 69 80 85 21 34 36 39 20 52 6 60 81 72 90 61 94 21 23 96 83 33 83 6 35 34 36 21 35 44 91 42 31 22 71 75 100 65 37 42 55 12 31 47 60 61 82 11 10 7 
59 16 18 99 10 79 45 25 8 34 51 48 23 48 30 30 91 87 81 84 49 88 83 34 27 96 42 21 80 48 78 93 38 86 72 76 7 1 2 100 21 88 27 76 61 58 85 69 90 89 33 37 72 58 58 12 50 1 45 83 75 24 91 12 
22 47 76 62 9 19 15 90 69 20 37 94 68 81 23 67 42 10 27 14 3 38 14 32 96 67 12 82 96 37 77 80 71 62 72 23 78 79 91 17 88 59 91 60 37 62 64 83 45 83 32 70 42 10 50 10 41 91 58 50 43 40 89 76 
39 22 77 97 80 16 53 75 59 62 60 44 57 84 84 66 28 93 99 1 30 94 47 56 23 12 48 43 42 36 65 28 95 12 62 80 92 92 76 14 88 88 68 10 28 84 19 92 8 86 68 21 27 16 79 79 20 71 8 13 78 94 6 60 
41 36 86 55 66 30 31 97 3 100 2 63 29 84 57 45 46 79 59 66 68 41 69 69 31 75 71 29 85 57 58 29 75 15 33 47 22 78 38 54 18 18 32 62 47 52 72 12 28 79 83 14 98 19 58 39 77 93 93 21 80 99 32 67 
14 98 76 25 98 72 62 46 99 37 43 6 62 33 22 78 100 47 3 60 40 7 28 77 24 72 25 54 5 13 20 5 3 65 19 63 87 39 90 27 46 95 89 77 15 25 50 97 30 23 72 86 73 71 79 64 86 70 92 82 56 72 69 38 
48 64 85 54 12 51 24 40 81 32 27 76 85 71 57 87 72 90 72 96 16 77 77 21 34 45 38 96 11 40 40 24 29 22 63 82 99 24 95 15 83 6 74 38 100 38 51 12 4 81 34 89 90 70 39 9 76 9 69 93 80 20 98 50 
81 20 31 54 55 68 81 75 58 51 7 70 95 51 47 52 65 71 44 52 25 46 26 100 55 14 21 98 55 94 35 45 6 91 32 83 37 79 36 83 46 19 95 71 51 4 73 85 99 1 1 25 14 5 14 64 65 78 23 22 5 46 9 58 
75 86 68 4 87 90 69 88 54 3 6 94 90 68 14 51 78 7 97 7 8 40 64 43 13 18 56 96 41 3 37 17 93 27 24 50 100 29 6 17 76 47 55 44 34 69 67 51 48 8 36 26 18 3 16 47 36 34 16 18 57 85 74 81 
69 78 41 38 23 1 55 4 64 82 8 21 78 45 37 90 45 67 27 38 70 60 96 18 27 21 30 9 15 48 58 55 55 18 89 15 50 33 24 84 56 74 77 33 9 1 88 91 93 60 79 25 5 67 73 67 97 81 37 92 9 36 61 78 
78 72 73 89 74 83 43 48 96 25 53 30 20 77 21 16 10 60 57 71 2 95 60 84 63 2 30 100 33 8 55 75 85 44 32 67 53 92 4 61 11 79 41 35 94 43 37 80 67 40 90 78 93 59 89 57 57 7 95 91 65 6 46 23 
12 72 100 79 4 41 9 56 28 4 96 46 35 2 88 86 83 79 36 43 68 15 70 22 84 87 62 24 43 24 3 100 1 49 63 43 79 51 58 31 16 21 2 56 59 94 89 39 47 61 93 100 55 92 51 54 90 17 27 84 8 78 70 98 
91 10 61 24 63 91 96 82 2 18 18 31 23 40 87 13 48 78 11 32 91 29 41 45 87 89 22 62 79 49 88 70 100 4 53 40 56 43 83 7 91 74 99 34 49 52 32 35 77 56 18 39 81 48 87 50 70 67 85 4 54 28 22 92 
40 36 44 78 22 91 41 95 97 87 77 45 67 72 94 63 95 5 56 2 86 99 37 5 37 53 57 67 81 14 76 73 18 83 37 10 36 69 23 49 86 25 4 57 98 35 97 35 53 21 92 54 92 54 22 57 65 77 90 50 22 33 64 9 
82 56 53 33 44 58 60 74 76 23 21 47 81 28 53 25 33 76 88 27 74 76 29 44 57 91 46 54 35 66 49 69 98 10 94 43 75 41 22 80 50 87 7 51 32 5 60 64 70 40 7 37 77 7 55 47 91 15 23 88 42 13 17 20 
69 21 1 27 62 3 7 89 13 58 32 72 51 66 42 16 10 39 6 38 43 72 81 15 64 92 82 12 25 8 52 7 2 9 39 44 64 47 16 99 69 31 82 39 82 97 96 75 38 56 1 63 98 52 46 67 77 5 14 60 13 12 19 48 
9 44 4 30 91 50 98 23 18 7 24 38 91 55 52 39 25 79 12 84 59 5 98 39 16 96 100 27 55 13 40 61 14 64 10 76 45 24 100 33 31 91 34 53 66 44 91 19 61 12 98 13 29 25 41 14 1 6 14 34 48 46 72 82 
45 34 98 59 18 98 48 40 46 56 75 66 63 42 93 87 89 58 83 26 56 73 72 72 82 27 42 79 95 86 40 45 52 4 16 6 32 18 87 1 69 48 73 29 34 18 17 83 87 95 90 89 57 33 21 27 92 34 72 87 10 86 75 37 
39 66 51 2 64 82 71 12 77 16 14 79 4 11 67 40 70 85 74 89 59 31 59 98 54 81 46 18 9 56 61 100 50 87 83 34 40 38 28 38 72 52 56 51 13 95 60 14 70 94 31 13 7 95 15 54 56 96 48 20 10 88 66 47 
32 17 67 93 91 9 77 28 52 3 61 95 76 77 65 20 55 47 39 3 23 11 87 40 11 50 74 53 85 54 86 24 18 27 91 38 56 44 55 70 21 68 49 76 64 63 53 72 47 42 32 21 49 82 41 100 87 39 81 2 27 73 97 95 
29 77 5 8 24 26 3 67 56 39 27 7 55 88 7 100 37 30 43 77 68 4 94 24 17 73 21 12 96 53 58 83 82 100 1 29 98 98 87 65 99 92 28 6 43 65 45 95 60 11 86 5 18 31 74 98 54 88 29 34 61 14 27 85 
100 77 31 88 86 13 97 58 97 52 58 84 28 18 91 24 83 82 94 40 2 46 42 23 69 57 52 9 9 67 14 86 3 46 35 70 19 67 89 91 70 84 33 100 66 41 80 70 19 18 22 51 68 11 88 26 62 78 62 63 67 93 60 5 
48 76 46 55 19 23 3 21 49 44 49 55 88 90 77 64 33 92 40 34 46 22 60 53 58 83 82 74 94 100 61 85 92 59 16 45 36 55 34 36 50 37 33 22 47 51 28 9 91 77 16 39 64 32 84 9 53 44 31 88 56 18 20 32 
92 79 90 88 63 5 61 62 57 5 79 61 8 5 24 27 50 21 58 18 88 72 91 99 56 26 19 32 38 10 38 34 82 5 45 48 20 100 26 23 49 38 43 56 32 78 95 84 4 52 54 51 43 86 66 63 79 32 23 18 57 22 83 92 
94 98 31 68 55 67 85 28 43 13 49 7 3 64 97 91 7 18 16 61 35 50 44 98 99 14 76 61 61 81 26 59 45 22 77 89 97 77 86 4 91 93 26 51 41 65 85 32 73 100 8 89 22 8 22 96 60 45 26 17 10 80 23 80 
44 7 98 25 43 34 78 60 23 91 58 79 48 89 4 26 23 74 54 65 4 56 85 24 92 11 69 91 18 9 73 68 99 30 45 68 83 17 55 24 86 25 77 52 46 77 88 97 33 90 68 74 34 24 65 50 59 16 79 25 52 36 63 58 
97 50 45 7 13 82 93 95 22 58 39 67 42 36 88 73 21 81 87 56 93 90 34 5 75 83 5 12 92 5 95 23 60 92 99 53 24 85 91 26 9 33 6 19 69 9 62 3 88 85 55 30 40 14 51 9 23 9 37 17 91 25 14 4 
15 37 31 8 48 2 59 40 53 9 52 40 91 87 80 47 56 78 63 62 36 56 23 61 37 27 47 59 34 96 5 62 14 98 19 3 36 59 26 74 99 18 53 5 79 1 66 5 42 51 66 66 68 53 53 94 75 3 11 64 97 4 16 96 
91 100 77 67 73 73 7 51 24 32 32 52 87 34 97 90 25 83 44 96 47 62 74 75 1 96 47 95 68 25 81 13 11 85 95 17 52 39 61 7 46 67 22 41 24 79 96 60 84 56 37 82 61 13 81 70 72 70 61 54 1 49 65 21 
9 80 51 22 28 71 17 87 22 31 63 41 31 48 29 22 56 48 90 12 98 62 13 82 93 34 80 98 74 99 85 32 70 37 15 37 80 27 51 48 16 64 74 74 88 76 15 57 92 28 62 65 93 3 80 31 81 59 10 45 19 65 14 8 
99 76 67 49 87 15 80 69 49 79 31 61 4 36 6 50 93 87 7 87 68 16 75 66 13 8 25 16 86 25 93 4 12 46 7 5 76 36 38 96 63 32 50 74 32 34 48 21 92 100 1 60 83 76 73 22 84 17 54 5 11 96 27 99 
70 62 71 60 49 7 83 96 10 51 4 50 38 58 87 21 72 13 71 46 8 24 29 20 2 61 99 18 15 70 6 37 60 45 91 78 83 69 2 56 39 50 66 68 77 36 95 83 34 15 40 39 72 14 67 85 18 29 4 73 2 67 40 28 
63 34 20 51 14 24 79 93 62 21 96 88 93 4 13 61 20 18 96 57 47 21 71 63 9 45 34 61 71 85 20 81 45 36 48 26 55 44 58 60 65 87 67 58 91 86 26 77 52 91 51 52 72 57 76 41 92 78 55 58 31 56 68 3 
75 88 78 65 94 90 77 78 53 71 76 31 85 30 43 24 63 19 88 88 74 28 58 15 94 83 64 16 13 49 86 65 51 81 23 73 65 68 69 98 53 38 23 97 75 81 14 61 14 91 30 9 10 36 93 87 92 18 50 15 32 67 25 76 
53 91 90 44 29 79 82 73 54 27 85 7 43 6 91 57 75 25 97 46 75 87 3 5 15 71 83 14 92 68 4 52 38 88 51 9 53 55 82 71 78 25 93 55 91 42 74 51 55 77 50 36 49 3 100 44 8 51 12 51 91 59 20 45 
4 57 50 86 66 12 71 33 26 71 99 42 94 83 75 1 28 11 35 76 96 59 54 5 2 75 60 98 40 38 16 75 38 20 35 13 32 95 77 97 71 72 98 50 95 39 41 93 5 9 63 2 57 4 6 47 28 11 54 3 66 31 6 33 
1 25 69 81 79 95 36 89 1 80 23 68 89 75 60 68 5 30 62 21 16 90 68 8 4 24 89 26 76 5 42 80 48 62 30 27 54 77 100 28 26 24 50 7 46 38 1 47 76 19 87 57 37 16 57 69 46 8 79 32 19 72 38 41 
11 26 8 71 15 35 23 51 94 23 49 93 4 100 23 5 39 76 32 100 96 3 52 60 32 25 56 84 18 62 22 52 62 91 26 69 93 84 83 85 92 29 7 87 82 22 14 39 75 81 2 64 67 29 97 51 63 31 53 23 68 57 88 64 
68 92 52 36 34 43 92 90 67 18 33 78 69 95 95 30 1 74 93 46 63 85 14 31 42 16 41 61 61 81 36 92 54 28 41 19 72 69 73 3 50 59 8 69 41 62 2 65 51 20 75 11 50 11 34 42 96 51 67 64 74 4 94 93 
2 76 42 86 3 3 91 21 9 16 41 32 97 57 13 8 97 25 52 23 85 71 70 77 3 12 94 73 90 72 4 90 23 23 35 72 100 63 58 11 71 18 10 69 35 6 16 79 57 70 23 48 83 30 47 42 22 36 98 38 30 40 95 19 
6 41 62 20 53 14 85 3 27 85 91 20 57 9 18 51 46 49 82 4 38 81 38 51 26 12 9 11 71 62 26 79 2 5 27 93 34 37 91 99 56 57 2 8 27 63 53 28 96 76 92 74 26 59 16 48 31 26 100 28 96 63 4 58 
16 10 97 38 13 16 71 22 68 70 43 91 24 50 1 57 93 39 3 67 48 16 5 22 99 81 4 39 29 37 22 46 77 62 42 73 37 47 9 19 14 86 46 36 93 16 45 68 34 19 81 75 38 23 30 45 15 52 49 9 14 48 17 14 
36 31 69 3 41 30 24 73 98 24 77 26 3 25 71 98 37 46 81 67 68 5 73 88 31 57 42 9 54 43 82 95 6 78 21 22 15 88 58 75 57 75 60 52 54 18 86 69 29 24 57 2 86 8 89 71 90 3 44 81 63 35 79 42 
89 60 87 24 73 24 85 46 18 79 22 18 80 8 83 52 71 31 94 91 6 42 33 89 67 49 69 3 98 36 96 17 71 62 56 16 34 77 42 83 97 18 11 5 3 89 60 42 33 72 12 49 8 40 72 34 46 58 63 48 72 80 30 95 
28 60 23 16 59 80 28 92 74 48 42 46 45 87 58 18 87 90 19 42 99 75 35 64 55 56 89 18 19 63 36 14 31 27 75 23 100 76 94 78 100 76 31 95 61 93 77 1 73 51 67 68 85 75 31 37 99 21 94 47 94 71 28 27 
5 12 30 42 48 100 81 65 17 70 47 24 1 38 87 31 41 22 25 38 7 17 3 59 43 85 15 24 71 84 87 52 29 71 37 46 77 64 8 21 17 61 25 75 33 50 80 18 85 69 38 62 26 25 31 38 48 18 29 62 28 80 38 39 
22 48 41 69 23 17 87 61 95 21 49 67 92 14 70 91 93 4 57 65 82 87 20 78 56 73 48 62 46 78 58 86 35 18 33 96 5 51 85 71 38 8 21 92 100 88 51 71 88 22 99 98 64 98 58 39 37 80 19 55 77 91 14 22 
59 17 1 1 53 29 22 35 71 70 37 41 39 95 70 89 69 64 92 13 52 45 30 100 38 34 53 23 83 45 40 8 99 19 23 49 53 55 19 94 15 13 82 34 12 42 68 10 11 25 97 15 64 30 81 23 85 90 37 48 29 12 40 74 
43 63 58 5 41 48 53 51 52 7 61 33 86 78 90 14 10 34 76 65 68 100 16 56 60 70 81 40 98 23 71 76 47 39 98 63 17 31 83 52 72 51 61 33 37 96 95 9 92 68 43 39 35 53 62 29 49 60 35 47 24 11 67 74 
1 1 1 1 1 1 -1 1 1 -1 1 1 1 1 -1 -1 -1 1 -1 -1 1 -1 -1 1 -1 1 -1 1 -1 1 -1 -1 -1 -1 1 -1 1 -1 1 1 1 -1 1 1 -1 1 -1 1 1 1 1 -1 -1 1 -1 1 -1 1 -1 1 -1 -1 -1 -1 
1 -1 1 1 -1 -1 1 -1 -1 1 1 -1 -1 1 1 -1 -1 1 1 1 -1 1 -1 -1 1 -1 -1 -1 -1 1 -1 -1 -1 1 -1 -1 -1 -1 1 1 -1 1 -1 -1 -1 1 -1 -1 -1 1 -1 1 -1 1 1 -1 1 -1 1 -1 -1 -1 1 1 
1 1 1 1 1 -1 -1 -1 -1 -1 -1 -1 -1 1 -1 -1 1 -1 1 1 1 -1 -1 1 -1 -1 -1 1 1 1 -1 -1 -1 -1 -1 1 1 -1 -1 1 1 1 1 -1 1 -1 1 -1 1 -1 1 1 -1 1 1 -1 1 -1 1 1 1 -1 -1 1 
1 1 1 -1 1 -1 1 1 -1 -1 1 -1 1 -1 1 1 -1 1 1 -1 1 -1 -1 -1 1 1 -1 -1 1 -1 -1 1 1 1 -1 -1 -1 -1 -1 1 -1 1 -1 1 -1 -1 -1 1 1 -1 -1 -1 1 -1 -1 -1 1 -1 -1 -1 -1 -1 1 1 
1 -1 1 1 1 -1 -1 1 -1 1 -1 1 -1 -1 -1 -1 1 -1 -1 1 -1 1 1 1 -1 1 1 -1 -1 1 1 1 -1 1 -1 1 1 -1 -1 -1 1 1 -1 1 -1 1 1 1 1 1 1 -1 1 -1 -1 -1 -1 1 -1 -1 1 -1 1 1 
1 -1 -1 -1 -1 1 -1 1 1 -1 -1 -1 1 1 1 1 1 -1 1 -1 -1 -1 1 -1 -1 -1 1 1 -1 -1 1 1 -1 1 -1 -1 -1 1 1 1 1 1 1 1 1 1 1 -1 1 -1 -1 1 1 -1 -1 -1 1 -1 -1 1 -1 -1 -1 1 
-1 1 -1 1 -1 -1 -1 1 -1 -1 1 1 1 -1 1 1 -1 -1 1 1 -1 -1 1 1 -1 -1 1 -1 1 -1 1 1 1 1 -1 -1 -1 1 1 1 -1 -1 -1 -1 1 -1 1 -1 1 1 -1 -1 1 -1 -1 1 1 1 -1 -1 -1 -1 -1 -1 
1 -1 -1 1 1 1 1 -1 1 -1 1 1 1 -1 1 1 -1 -1 -1 -1 -1 1 1 -1 1 -1 1 1 -1 -1 -1 -1 1 -1 1 -1 -1 1 1 -1 -1 -1 -1 1 -1 1 -1 -1 -1 -1 1 -1 1 1 1 1 1 1 1 -1 -1 1 1 -1 
1 -1 -1 -1 -1 1 -1 1 -1 -1 -1 -1 -1 1 -1 1 -1 -1 -1 -1 -1 -1 -1 -1 1 1 -1 -1 -1 -1 -1 -1 -1 1 -1 1 1 -1 1 1 1 -1 -1 1 -1 -1 -1 1 1 1 1 -1 -1 -1 1 -1 1 -1 1 1 -1 -1 -1 -1 
-1 1 -1 -1 1 -1 -1 -1 -1 1 1 -1 -1 -1 1 1 1 -1 1 -1 1 1 -1 -1 1 -1 -1 1 -1 1 1 -1 1 1 -1 -1 -1 1 1 1 -1 1 1 -1 -1 1 -1 -1 1 -1 -1 -1 1 -1 1 -1 1 -1 1 1 -1 1 -1 -1 
1 1 -1 1 -1 -1 1 1 -1 1 1 1 1 -1 -1 -1 -1 -1 -1 -1 -1 1 1 1 1 1 1 -1 -1 1 1 -1 -1 1 -1 1 1 1 1 1 -1 1 1 -1 1 -1 -1 -1 1 1 1 -1 -1 1 1 -1 -1 -1 1 -1 1 -1 1 -1 
1 -1 -1 -1 1 -1 1 1 -1 -1 1 1 1 -1 -1 -1 1 -1 1 1 -1 1 -1 -1 -1 -1 1 -1 1 1 1 1 1 1 -1 -1 -1 -1 -1 1 1 1 1 1 -1 -1 1 -1 -1 1 -1 1 1 1 -1 1 1 -1 -1 -1 -1 1 -1 1 
1 -1 -1 1 -1 1 1 1 -1 -1 1 1 1 1 -1 -1 -1 -1 1 -1 1 -1 1 -1 1 -1 1 1 1 1 -1 -1 -1 1 -1 1 1 1 -1 1 -1 1 -1 -1 1 -1 1 -1 -1 -1 1 -1 1 1 1 -1 -1 -1 1 -1 1 1 1 -1 
1 1 1 -1 -1 1 -1 -1 1 -1 -1 -1 1 -1 -1 1 1 1 1 -1 1 1 -1 1 -1 1 1 -1 -1 -1 1 1 1 -1 -1 1 1 -1 -1 -1 1 -1 1 -1 1 1 1 -1 1 1 -1 -1 1 1 -1 1 -1 1 1 -1 1 -1 -1 -1 
-1 1 -1 1 -1 1 1 1 -1 1 -1 -1 -1 -1 1 1 1 1 1 1 -1 1 -1 1 -1 -1 -1 -1 -1 1 -1 1 1 -1 -1 1 -1 -1 -1 1 1 1 1 1 -1 1 1 -1 -1 -1 -1 1 1 1 1 1 1 1 1 -1 -1 -1 1 -1 
-1 -1 -1 1 -1 1 1 1 1 1 -1 -1 -1 1 1 -1 1 1 1 -1 -1 1 1 -1 1 -1 1 1 -1 -1 -1 -1 1 -1 -1 -1 1 1 1 -1 -1 1 1 1 -1 1 1 1 1 1 -1 1 -1 -1 -1 1 1 -1 1 -1 1 1 -1 -1 
-1 -1 1 -1 1 1 -1 -1 -1 1 -1 1 -1 1 1 1 1 -1 1 -1 -1 -1 1 -1 1 -1 1 -1 1 1 -1 1 -1 -1 -1 1 1 1 -1 -1 1 1 -1 1 1 -1 -1 1 -1 1 1 -1 -1 -1 1 -1 1 1 -1 1 -1 -1 1 1 
1 1 -1 1 -1 -1 -1 -1 -1 -1 -1 -1 -1 1 1 1 -1 -1 1 1 1 1 -1 1 -1 -1 1 1 1 1 1 1 1 -1 -1 1 1 -1 -1 1 1 1 1 -1 -1 -1 1 1 1 1 1 -1 1 1 1 -1 -1 -1 1 -1 1 -1 -1 1 
-1 1 1 1 -1 1 1 -1 -1 1 -1 1 1 1 1 1 1 1 -1 1 -1 -1 1 1 -1 1 1 -1 -1 -1 1 1 1 1 1 -1 -1 1 -1 1 -1 1 1 1 -1 1 1 1 1 1 -1 -1 1 -1 -1 1 -1 1 -1 -1 1 -1 1 1 
-1 1 1 -1 1 -1 1 -1 -1 -1 -1 1 -1 -1 1 -1 -1 1 1 1 -1 -1 1 -1 -1 1 1 1 -1 -1 -1 1 1 1 -1 -1 -1 1 1 1 -1 -1 -1 -1 -1 -1 -1 -1 1 1 -1 -1 -1 1 -1 1 -1 -1 -1 -1 1 -1 -1 -1 
1 -1 1 1 -1 -1 -1 -1 -1 1 -1 -1 1 1 -1 -1 -1 1 -1 -1 1 1 1 -1 -1 1 -1 -1 -1 1 1 -1 1 1 -1 1 1 1 1 1 -1 -1 1 1 -1 -1 -1 -1 -1 1 1 -1 -1 1 1 1 -1 -1 -1 -1 1 -1 -1 1 
-1 1 -1 -1 1 -1 -1 1 -1 1 1 1 -1 1 1 1 -1 1 -1 -1 1 -1 -1 1 1 1 1 1 -1 -1 1 -1 -1 1 1 1 1 1 1 -1 1 -1 1 1 1 1 -1 -1 -1 -1 1 -1 -1 1 -1 -1 1 1 1 -1 1 1 -1 -1 
-1 -1 -1 -1 1 1 1 1 -1 -1 1 -1 1 -1 -1 1 1 -1 1 1 1 -1 -1 -1 -1 1 -1 1 1 -1 -1 1 -1 1 -1 1 -1 -1 1 1 -1 -1 1 1 -1 1 -1 -1 1 1 1 1 -1 1 1 1 1 1 -1 -1 -1 -1 1 1 
1 -1 1 -1 1 -1 1 -1 -1 -1 1 -1 -1 1 1 -1 -1 1 1 -1 -1 1 -1 -1 1 -1 -1 1 -1 1 -1 -1 -1 -1 -1 1 -1 1 1 1 -1 1 1 -1 -1 -1 1 1 1 1 1 1 1 -1 1 -1 -1 1 -1 1 1 1 1 -1 
-1 1 -1 1 -1 -1 -1 1 1 1 1 -1 1 -1 -1 1 1 -1 -1 -1 -1 1 -1 1 -1 1 1 1 -1 1 -1 -1 -1 1 -1 1 -1 -1 1 -1 1 -1 -1 -1 1 1 -1 1 1 1 -1 1 1 -1 1 1 1 -1 -1 -1 -1 -1 1 -1 
1 -1 -1 1 1 -1 -1 -1 1 -1 1 -1 -1 1 -1 -1 -1 -1 1 1 1 1 1 -1 1 1 -1 -1 -1 1 1 -1 1 1 -1 -1 -1 -1 -1 1 1 1 -1 -1 1 -1 1 -1 -1 -1 1 1 1 1 1 1 -1 -1 1 1 -1 -1 -1 -1 
-1 -1 -1 -1 1 1 1 1 -1 -1 1 1 1 1 -1 1 1 1 1 1 -1 1 -1 -1 1 -1 1 -1 1 -1 1 1 -1 -1 -1 1 -1 -1 -1 -1 -1 -1 1 1 1 -1 1 1 -1 1 -1 -1 -1 1 1 -1 -1 -1 -1 1 -1 -1 1 -1 
1 -1 1 -1 -1 1 -1 1 -1 1 -1 -1 1 -1 -1 1 -1 1 -1 1 -1 1 1 1 1 -1 -1 -1 -1 -1 1 -1 1 -1 -1 -1 -1 -1 1 -1 1 1 1 -1 -1 1 1 1 -1 1 1 -1 -1 1 1 -1 -1 1 -1 -1 1 -1 1 1 
-1 -1 1 1 -1 -1 1 -1 -1 -1 -1 1 1 -1 -1 -1 1 1 -1 -1 -1 -1 1 -1 -1 -1 1 -1 1 -1 1 -1 -1 1 1 1 -1 -1 1 -1 -1 1 1 1 -1 1 1 -1 1 1 1 -1 1 1 1 1 -1 -1 -1 -1 -1 -1 -1 1 
1 1 1 -1 1 -1 -1 -1 -1 1 1 1 1 -1 1 -1 1 1 -1 -1 1 -1 -1 1 1 1 -1 -1 -1 -1 1 1 -1 -1 1 -1 1 1 1 -1 1 -1 -1 -1 -1 1 1 -1 -1 -1 1 1 -1 1 -1 -1 -1 -1 1 -1 1 -1 -1 1 
-1 -1 -1 -1 1 1 1 -1 -1 1 1 1 -1 1 -1 -1 -1 1 1 -1 1 1 -1 -1 -1 1 1 1 1 1 -1 -1 -1 1 1 -1 1 -1 -1 -1 -1 -1 1 1 -1 -1 -1 1 1 1 -1 1 1 1 -1 -1 1 -1 1 -1 -1 -1 -1 -1 
-1 -1 -1 1 1 1 1 -1 -1 -1 -1 1 -1 1 1 -1 1 1 1 1 -1 -1 1 -1 -1 -1 1 -1 -1 1 -1 1 -1 -1 -1 -1 1 -1 1 -1 1 1 1 1 1 -1 -1 -1 1 -1 1 -1 1 -1 1 -1 1 1 1 -1 1 -1 -1 1 
-1 -1 -1 1 -1 -1 1 1 -1 1 -1 1 -1 1 1 1 -1 1 1 1 1 -1 -1 -1 -1 1 -1 1 -1 -1 -1 -1 -1 1 1 1 -1 1 1 -1 -1 -1 -1 1 -1 1 1 -1 1 1 1 1 1 1 -1 1 -1 -1 1 1 1 -1 -1 -1 
-1 1 -1 1 1 1 1 -1 1 1 1 1 1 -1 -1 -1 -1 -1 1 1 1 1 1 -1 1 1 -1 -1 1 -1 1 -1 1 1 1 -1 -1 -1 -1 -1 -1 1 -1 -1 -1 -1 -1 1 1 1 1 -1 -1 1 -1 -1 -1 -1 1 1 -1 -1 -1 1 
1 -1 -1 -1 -1 -1 -1 1 -1 -1 -1 -1 -1 -1 -1 -1 -1 -1 1 -1 -1 1 -1 -1 -1 -1 -1 -1 1 1 1 -1 1 1 1 -1 1 1 1 1 1 1 -1 -1 1 -1 1 -1 1 -1 1 1 -1 1 1 -1 -1 -1 1 1 1 -1 1 1 
-1 -1 1 -1 1 -1 -1 -1 1 -1 1 -1 1 1 1 -1 1 1 -1 -1 1 1 1 1 1 -1 1 -1 1 -1 -1 -1 1 -1 -1 -1 -1 -1 1 -1 1 1 1 1 -1 -1 -1 -1 1 -1 -1 1 1 1 -1 -1 -1 1 1 -1 1 -1 1 1 
1 -1 1 -1 1 -1 -1 -1 1 -1 1 -1 1 1 -1 1 1 1 -1 -1 1 1 -1 -1 -1 -1 -1 -1 -1 1 1 1 -1 -1 1 -1 1 1 1 1 1 -1 -1 1 1 1 1 1 -1 1 1 -1 1 -1 -1 -1 1 1 -1 1 -1 -1 -1 1 
-1 -1 -1 -1 -1 1 1 1 -1 1 1 -1 1 -1 -1 1 1 -1 1 1 1 1 -1 1 -1 -1 -1 -1 -1 1 -1 -1 1 -1 1 -1 1 -1 1 1 -1 1 -1 1 -1 -1 -1 1 1 -1 -1 1 -1 -1 -1 1 -1 1 -1 1 -1 -1 1 -1 
1 1 -1 -1 -1 1 1 1 1 1 1 -1 -1 -1 -1 1 -1 -1 -1 1 1 1 1 1 1 -1 -1 1 1 1 -1 1 1 -1 1 1 1 1 1 -1 -1 -1 -1 1 -1 1 -1 -1 -1 -1 -1 -1 -1 -1 -1 -1 1 -1 1 1 1 1 1 -1 
1 1 1 1 -1 1 1 -1 1 1 1 1 1 -1 1 -1 -1 1 1 1 1 -1 1 1 -1 1 -1 -1 -1 -1 -1 -1 -1 -1 1 -1 1 1 -1 -1 -1 -1 -1 -1 -1 -1 -1 -1 -1 1 1 1 1 -1 1 1 -1 1 -1 -1 -1 1 -1 1 
1 -1 1 -1 1 1 -1 -1 1 -1 -1 1 -1 1 1 -1 1 1 -1 -1 -1 1 -1 -1 1 1 -1 1 -1 1 -1 1 -1 -1 1 1 1 -1 -1 -1 -1 -1 -1 -1 -1 -1 1 -1 -1 -1 1 1 -1 1 -1 -1 -1 1 -1 1 -1 -1 1 -1 
-1 1 1 1 1 1 -1 -1 -1 1 1 1 1 -1 1 1 1 1 1 -1 -1 -1 -1 1 -1 1 -1 1 1 -1 -1 1 -1 1 1 1 -1 1 -1 -1 -1 1 -1 -1 -1 1 1 -1 -1 1 -1 -1 1 -1 1 -1 1 -1 -1 1 -1 1 -1 1 
1 -1 1 -1 -1 1 -1 -1 -1 1 1 1 -1 1 1 1 -1 1 1 -1 1 1 1 1 -1 -1 1 1 1 -1 1 1 -1 -1 -1 1 -1 -1 -1 -1 -1 -1 1 -1 -1 1 1 1 -1 1 1 1 -1 -1 1 -1 -1 1 1 -1 -1 -1 -1 -1 
1 -1 -1 1 1 1 -1 1 1 -1 -1 1 -1 -1 1 1 1 -1 1 -1 1 1 1 -1 -1 -1 1 -1 1 -1 1 1 1 -1 -1 1 1 1 1 -1 -1 -1 -1 1 -1 1 1 1 1 1 1 1 1 -1 -1 -1 -1 1 1 1 -1 1 1 -1 
-1 -1 1 -1 -1 1 1 -1 -1 -1 1 -1 1 1 -1 -1 1 -1 -1 -1 -1 1 -1 -1 1 1 1 -1 -1 -1 -1 1 -1 -1 1 -1 1 -1 -1 -1 -1 -1 -1 -1 1 1 1 -1 1 -1 -1 1 1 -1 1 -1 1 -1 1 1 1 -1 1 -1 
1 1 -1 -1 1 1 -1 1 -1 1 -1 -1 -1 1 1 1 -1 -1 1 -1 -1 1 1 -1 1 -1 -1 1 1 1 -1 -1 1 -1 -1 -1 1 -1 1 -1 -1 1 1 1 1 -1 1 1 -1 1 1 -1 -1 1 -1 -1 -1 -1 -1 1 -1 -1 -1 -1 
-1 -1 1 -1 1 1 1 -1 -1 -1 -1 1 1 1 1 1 -1 1 1 -1 -1 -1 -1 1 -1 1 1 1 1 1 -1 -1 1 -1 1 -1 1 -1 -1 -1 1 1 1 1 1 1 -1 -1 -1 -1 -1 1 -1 1 -1 1 -1 -1 -1 1 1 -1 -1 1 
1 -1 -1 1 1 -1 -1 -1 1 -1 -1 -1 -1 -1 -1 1 1 1 1 -1 -1 -1 -1 1 1 -1 1 1 -1 -1 1 -1 -1 1 -1 -1 1 1 -1 -1 -1 -1 1 1 -1 1 -1 -1 -1 -1 1 1 -1 1 1 -1 -1 1 -1 1 1 1 -1 -1 
1 -1 1 1 1 1 1 -1 1 1 1 -1 -1 1 -1 1 -1 1 1 1 -1 -1 1 1 1 -1 -1 -1 1 -1 1 1 1 1 1 1 -1 1 -1 -1 -1 -1 -1 1 1 -1 -1 -1 1 -1 1 -1 -1 1 -1 1 -1 -1 -1 1 -1 -1 1 1 
1 1 -1 -1 1 -1 1 -1 1 -1 1 1 -1 1 -1 1 1 1 1 1 1 -1 1 1 1 -1 1 1 1 -1 1 -1 1 1 -1 -1 1 -1 -1 1 -1 1 1 1 -1 1 -1 -1 -1 1 1 -1 -1 1 -1 -1 1 1 -1 1 -1 1 -1 -1 
1 -1 1 -1 1 -1 -1 1 1 -1 1 -1 1 -1 -1 -1 1 1 -1 -1 1 1 1 1 -1 1 -1 1 1 1 -1 1 1 1 1 -1 1 -1 -1 1 1 -1 1 1 -1 1 -1 1 1 1 1 1 1 1 -1 1 1 -1 -1 1 1 1 -1 1 
-1 1 1 -1 -1 1 -1 -1 -1 -1 -1 1 -1 -1 1 1 -1 -1 -1 -1 -1 -1 1 1 1 1 -1 -1 -1 1 1 -1 1 -1 1 1 -1 1 -1 1 1 -1 1 1 1 -1 1 1 -1 -1 1 -1 -1 1 1 1 -1 -1 1 -1 -1 1 -1 -1 
-1 -1 -1 1 1 1 1 1 -1 1 -1 1 1 1 1 -1 -1 1 1 -1 -1 -1 -1 1 1 1 -1 -1 1 -1 1 1 1 -1 -1 1 1 -1 -1 1 -1 1 -1 1 1 -1 -1 -1 -1 -1 1 -1 -1 -1 1 1 1 1 1 -1 -1 -1 1 1 
1 1 1 -1 -1 -1 -1 1 -1 -1 1 1 1 1 1 -1 -1 1 -1 1 1 1 1 -1 -1 1 1 1 1 1 1 -1 1 1 1 1 -1 -1 -1 -1 1 -1 -1 -1 -1 1 1 1 1 1 1 1 -1 1 1 -1 -1 1 1 1 1 1 1 -1 
-1 1 1 -1 -1 -1 -1 1 1 1 1 -1 1 -1 1 -1 1 1 -1 -1 1 -1 1 1 1 1 1 1 1 -1 -1 1 -1 -1 1 -1 -1 -1 -1 1 -1 1 1 -1 1 -1 -1 1 -1 -1 -1 1 1 1 1 -1 -1 -1 1 1 1 1 -1 1 
1 -1 -1 -1 -1 -1 1 1 -1 -1 -1 1 -1 1 1 1 -1 -1 1 1 1 -1 1 -1 1 1 -1 -1 1 -1 -1 -1 1 -1 -1 -1 -1 1 -1 1 -1 -1 -1 -1 -1 -1 1 -1 1 -1 1 1 1 -1 -1 1 -1 1 1 1 -1 -1 1 1 
-1 1 1 1 -1 1 1 1 1 1 -1 1 -1 -1 1 1 1 -1 -1 -1 -1 1 1 -1 1 -1 -1 -1 -1 -1 1 1 -1 -1 -1 -1 1 -1 1 -1 -1 1 -1 -1 1 -1 -1 -1 -1 1 1 -1 1 -1 -1 -1 1 1 1 1 -1 -1 -1 1 
1 -1 -1 -1 1 -1 1 1 -1 -1 -1 -1 -1 1 1 -1 1 -1 1 -1 -1 1 1 1 -1 -1 -1 1 -1 -1 -1 1 -1 -1 -1 1 1 1 -1 1 1 -1 1 1 -1 -1 -1 1 -1 1 -1 -1 1 1 -1 1 1 -1 1 1 -1 -1 1 -1 
-1 1 1 -1 -1 -1 -1 1 1 1 1 -1 1 1 1 1 -1 1 -1 -1 -1 1 -1 -1 -1 1 -1 -1 -1 1 1 1 1 1 1 1 -1 -1 1 -1 -1 -1 1 1 1 -1 -1 -1 -1 -1 -1 1 1 1 1 1 1 1 -1 -1 -1 1 1 -1 
1 -1 1 -1 -1 1 -1 -1 1 1 -1 -1 -1 -1 -1 -1 1 -1 -1 -1 -1 -1 -1 1 -1 1 1 -1 -1 -1 -1 -1 1 1 1 -1 1 1 1 -1 1 1 -1 1 1 1 1 1 1 1 1 -1 -1 1 1 1 1 1 -1 1 1 1 1 1 
-1 -1 1 -1 1 -1 -1 -1 -1 -1 1 -1 1 1 -1 1 -1 1 1 1 1 1 -1 1 -1 -1 -1 1 -1 1 -1 1 1 -1 1 1 -1 -1 1 -1 -1 -1 -1 -1 1 -1 1 1 -1 -1 1 -1 -1 1 1 -1 -1 -1 -1 1 -1 1 -1 -1 
-1 -1 -1 -1 -1 -1 -1 1 -1 1 -1 1 1 -1 -1 1 -1 -1 -1 -1 -1 1 -1 1 -1 -1 -1 -1 -1 -1 -1 -1 -1 -1 -1 -1 -1 -1 1 1 -1 1 -1 1 -1 -1 -1 1 -1 1 1 1 -1 1 1 -1 -1 -1 1 1 1 -1 -1 1 
-1 1 -1 1 1 -1 -1 1 -1 -1 1 -1 1 -1 1 -1 1 -1 1 -1 -1 -1 1 1 1 -1 1 1 -1 -1 -1 -1 -1 -1 1 1 -1 1 1 -1 1 -1 -1 1 1 -1 -1 -1 1 -1 -1 -1 1 1 -1 1 -1 1 1 1 -1 -1 1 -1 
-1 1 1 1 1 1 -1 -1 -1 -1 -1 1 -1 -1 -1 -1 1 1 1 -1 1 -1 1 -1 -1 -1 -1 1 1 1 -1 1 -1 1 1 1 1 -1 -1 1 -1 1 -1 -1 -1 -1 1 -1 1 -1 1 -1 1 -1 1 1 1 -1 -1 1 -1 1 -1 -1 