16
74 10 17 58 24 32 43 54 22 58 7 17 66 62 94 24 
13 15 58 47 62 44 56 84 87 44 59 73 63 25 89 59 
84 31 72 44 94 90 90 22 5 43 69 35 15 91 55 66 
89 30 43 18 52 64 80 91 54 94 49 8 98 89 81 89 
25 83 30 39 36 55 20 47 91 73 53 40 54 44 96 73 
15 97 88 66 67 99 66 64 30 13 30 20 31 68 76 58 
67 49 30 4 35 64 54 41 65 24 16 71 72 11 63 76 
31 82 11 3 3 20 13 50 70 23 85 17 38 36 4 9 
70 48 44 90 56 28 24 44 63 84 98 74 21 34 62 72 
71 72 100 25 23 58 5 1 12 38 45 24 29 71 32 65 
9 57 48 45 50 45 3 100 21 69 88 13 96 44 57 53 
58 44 82 44 86 49 38 24 67 61 27 49 1 66 3 24 
41 57 86 29 67 42 61 95 12 27 66 26 88 4 62 54 
49 93 46 25 22 40 22 68 31 38 63 63 29 52 23 51 
29 3 79 80 34 86 58 10 72 43 22 11 88 99 30 81 
64 44 92 64 73 54 96 80 95 40 98 92 5 75 78 93 
-1 -1 1 1 1 1 1 1 1 1 1 -1 -1 -1 1 1 
-1 1 -1 1 1 1 -1 -1 1 1 1 -1 -1 1 -1 1 
1 -1 -1 1 -1 1 1 -1 -1 -1 -1 -1 -1 1 1 -1 
1 1 1 -1 1 -1 -1 -1 -1 1 -1 1 -1 -1 1 -1 
1 1 -1 1 -1 1 -1 -1 1 1 -1 -1 1 1 1 1 
1 1 1 -1 1 1 1 -1 -1 1 -1 1 1 -1 1 -1 
1 -1 1 -1 -1 1 -1 -1 1 -1 -1 1 1 1 -1 -1 
1 -1 -1 -1 -1 -1 -1 1 1 1 -1 1 -1 -1 -1 1 
1 1 -1 -1 1 -1 1 1 -1 1 -1 -1 -1 1 -1 1 
1 1 -1 1 1 1 -1 1 1 -1 1 1 -1 -1 -1 -1 
1 1 -1 -1 -1 -1 -1 -1 -1 1 -1 -1 -1 1 1 1 
-1 -1 -1 1 -1 1 1 1 -1 1 -1 1 1 1 1 1 
-1 -1 -1 -1 1 1 1 -1 -1 -1 -1 1 -1 1 1 -1 
-1 1 1 -1 1 -1 1 -1 1 -1 1 1 1 -1 1 1 
1 -1 1 1 1 1 -1 -1 -1 -1 1 1 1 1 1 1 
1 1 -1 -1 1 -1 -1 1 1 -1 1 1 -1 1 1 -1 