32
10 91 27 25 15 10 57 97 90 7 3 84 54 97 24 53 34 2 94 39 39 49 4 35 42 42 38 13 26 87 81 99 
2 70 42 56 46 61 84 51 33 79 27 7 2 57 90 89 4 57 4 27 24 82 81 65 93 64 51 31 48 55 17 37 
90 34 92 31 9 58 12 2 91 99 62 97 94 55 92 14 46 72 64 16 74 92 30 26 28 63 56 62 94 69 92 29 
86 77 72 50 64 86 17 33 42 78 68 39 4 35 36 61 10 86 98 30 89 31 97 7 32 41 43 8 34 23 10 17 
95 82 46 93 65 94 67 41 4 91 8 22 57 89 37 62 1 5 32 85 81 59 11 57 5 79 5 100 21 94 99 51 
28 73 56 53 56 98 12 98 31 53 65 73 6 32 81 47 1 4 51 6 80 60 86 24 69 67 99 94 2 41 4 8 
39 6 23 61 45 78 72 30 86 65 100 100 85 21 67 45 99 88 3 20 67 24 20 71 11 100 99 92 74 94 94 62 
5 10 95 79 39 7 76 98 99 44 7 16 81 43 61 76 28 26 68 100 73 14 64 38 38 42 94 13 45 84 93 77 
78 91 81 61 91 69 54 36 1 18 33 25 61 99 99 57 39 71 59 92 33 78 10 8 8 35 30 59 14 30 15 50 
51 35 52 46 67 43 89 98 79 88 97 14 33 80 41 57 17 25 81 19 68 4 1 58 6 10 85 20 59 68 79 93 
30 29 67 10 28 36 94 62 23 72 60 90 84 96 46 89 36 31 38 10 19 85 23 92 65 43 75 26 78 69 84 26 
4 29 36 91 46 12 75 55 100 36 3 49 88 30 65 98 38 66 72 25 16 65 78 94 6 47 64 77 49 87 77 57 
21 32 79 42 65 10 37 93 63 77 34 61 92 48 93 69 54 88 31 7 4 62 82 49 17 44 83 40 42 69 44 6 
3 26 31 3 35 79 2 35 97 84 61 71 56 26 97 35 92 46 92 55 68 70 96 11 8 5 50 21 48 43 93 51 
39 51 67 35 42 13 69 11 70 24 28 95 86 57 67 41 42 42 78 76 80 62 44 3 63 48 5 89 67 90 50 96 
2 67 52 4 4 39 32 83 91 45 33 93 66 7 65 58 7 15 39 57 99 57 45 74 90 72 20 4 95 55 51 20 
98 19 79 19 60 49 84 6 88 5 12 23 2 58 84 24 59 11 94 82 17 85 73 55 86 53 2 90 19 7 19 79 
90 50 95 2 20 91 37 73 68 91 29 59 73 10 50 30 79 9 50 74 28 16 94 78 30 34 81 30 68 94 28 53 
44 51 63 87 46 93 39 38 48 78 44 80 1 53 2 95 99 70 6 55 36 23 85 90 41 70 46 37 67 99 76 36 
71 64 77 94 39 33 84 32 35 54 54 53 90 100 10 18 49 84 76 24 84 75 35 12 75 90 99 58 34 66 49 56 
88 93 18 77 36 31 38 71 24 23 70 38 18 5 79 3 74 46 55 96 86 21 94 41 96 23 45 15 62 5 34 92 
37 85 97 35 51 53 62 77 1 13 89 36 50 34 64 25 74 14 84 95 57 75 36 20 62 41 64 95 88 43 49 73 
12 88 40 9 7 44 31 94 74 24 29 38 13 47 97 6 57 5 43 60 42 50 13 51 87 2 51 35 28 85 44 76 
13 73 54 3 29 100 17 91 62 1 65 59 42 21 61 95 10 57 65 84 84 71 55 24 39 11 29 80 88 38 56 50 
31 44 54 32 21 69 9 80 96 16 69 64 84 82 51 88 39 85 53 53 61 19 91 78 60 61 73 29 61 99 70 37 
87 22 56 52 14 81 35 73 7 3 55 13 90 66 24 85 19 46 26 91 71 1 97 31 98 19 11 85 52 95 36 3 
5 41 50 79 56 85 8 20 84 30 30 2 35 67 9 1 2 91 50 76 34 32 100 23 95 52 25 38 57 88 95 81 
74 84 27 76 43 64 62 9 68 16 25 94 70 97 80 77 63 33 80 87 83 79 39 48 13 80 60 16 15 64 29 28 
28 84 30 41 39 66 82 75 57 7 32 37 37 6 8 16 20 10 79 42 10 1 18 91 77 16 91 70 7 54 84 25 
80 32 70 31 26 15 27 50 60 74 49 48 47 82 82 67 76 76 86 80 17 37 17 53 88 67 97 6 10 7 90 31 
49 49 75 82 86 46 65 48 83 49 30 53 21 1 38 84 83 7 81 99 37 74 26 57 43 59 10 2 76 21 58 5 
15 14 47 58 50 2 37 77 7 59 36 75 26 86 77 93 93 20 63 21 62 10 5 64 44 49 63 6 75 19 84 11 
1 -1 -1 1 -1 -1 -1 -1 -1 -1 1 -1 1 1 -1 -1 1 1 -1 1 -1 -1 1 1 -1 1 1 1 1 1 1 -1 
-1 1 1 -1 -1 1 1 1 1 1 1 1 1 1 1 1 -1 -1 -1 -1 1 -1 1 -1 1 -1 1 1 1 1 -1 1 
-1 1 -1 -1 -1 1 1 1 1 -1 -1 -1 -1 -1 1 -1 -1 -1 1 1 -1 -1 1 1 -1 -1 -1 -1 1 1 1 1 
1 -1 -1 -1 -1 -1 1 -1 1 -1 1 1 1 -1 1 1 -1 -1 -1 1 -1 1 -1 1 1 -1 1 -1 1 1 -1 -1 
-1 -1 -1 -1 -1 1 1 -1 -1 -1 1 1 -1 1 1 1 1 -1 -1 -1 1 -1 -1 -1 -1 -1 -1 1 1 1 1 -1 
-1 1 1 -1 1 -1 -1 -1 1 -1 1 -1 1 1 1 1 1 1 -1 -1 -1 -1 1 1 -1 -1 -1 1 1 1 -1 -1 
-1 1 1 1 1 -1 -1 -1 -1 -1 1 -1 -1 1 1 1 -1 1 1 1 -1 -1 -1 -1 -1 1 -1 -1 -1 -1 -1 1 
-1 1 1 -1 -1 -1 -1 1 1 -1 1 -1 -1 1 1 1 -1 1 -1 1 -1 -1 -1 -1 1 -1 1 -1 -1 -1 1 1 
-1 1 1 1 -1 1 -1 1 1 -1 1 -1 1 1 1 1 -1 -1 1 -1 -1 1 1 1 1 1 -1 -1 1 1 1 1 
-1 1 -1 -1 -1 -1 -1 -1 -1 -1 -1 -1 1 -1 -1 1 1 1 -1 1 1 -1 -1 -1 1 -1 1 1 1 1 -1 1 
1 1 -1 1 1 1 1 1 1 -1 1 1 1 1 -1 1 1 1 -1 -1 1 1 1 -1 1 1 1 -1 1 -1 -1 1 
-1 1 -1 1 1 -1 -1 -1 -1 -1 1 1 1 1 -1 1 -1 1 1 1 1 -1 1 1 1 1 1 1 -1 1 1 1 
1 1 -1 1 -1 1 -1 -1 1 1 1 1 1 1 1 1 -1 -1 1 -1 1 -1 -1 1 -1 -1 1 -1 1 -1 -1 -1 
1 1 -1 -1 1 1 1 1 1 -1 1 1 1 1 1 1 1 -1 -1 1 1 1 1 1 -1 1 1 1 1 1 -1 1 
-1 1 1 1 1 1 1 1 1 -1 -1 -1 1 1 1 -1 -1 1 1 1 1 -1 1 1 1 -1 -1 1 1 -1 1 -1 
-1 1 -1 1 1 1 1 1 1 1 1 1 1 1 -1 -1 -1 1 1 -1 1 -1 1 1 -1 1 -1 -1 -1 1 -1 1 
1 -1 -1 -1 1 1 -1 -1 -1 1 1 -1 -1 1 -1 -1 1 1 1 -1 1 -1 -1 1 -1 1 -1 1 -1 -1 -1 1 
1 -1 -1 -1 -1 1 1 1 -1 1 1 1 -1 -1 1 1 1 -1 1 1 -1 1 -1 1 1 -1 -1 1 -1 -1 1 1 
-1 -1 1 -1 -1 -1 1 -1 1 -1 -1 1 1 -1 1 1 1 1 -1 -1 1 -1 -1 1 1 1 -1 -1 -1 -1 1 1 
1 -1 1 1 -1 -1 1 1 -1 1 -1 1 -1 1 1 -1 -1 1 -1 1 1 -1 1 1 1 1 1 1 1 -1 1 -1 
-1 1 -1 -1 1 -1 -1 -1 -1 1 1 1 1 1 1 1 1 -1 1 1 1 1 1 -1 1 -1 1 -1 -1 1 -1 1 
-1 -1 -1 1 -1 -1 -1 -1 1 -1 1 -1 -1 1 -1 -1 -1 1 -1 -1 1 -1 -1 -1 -1 -1 -1 -1 -1 -1 -1 1 
1 1 1 -1 -1 1 -1 -1 1 -1 1 1 -1 1 1 1 -1 -1 -1 1 1 -1 -1 1 1 -1 1 -1 -1 1 1 1 
1 -1 1 1 -1 1 -1 -1 1 -1 -1 1 1 1 1 1 1 1 1 1 -1 -1 1 -1 1 -1 1 1 1 1 1 1 
-1 1 -1 1 -1 -1 -1 1 1 1 1 1 -1 -1 1 -1 -1 1 1 1 1 -1 1 1 -1 -1 -1 1 -1 -1 1 1 
1 -1 -1 -1 -1 -1 1 -1 1 -1 1 1 -1 1 -1 1 1 -1 1 1 -1 -1 -1 -1 -1 -1 1 1 1 1 -1 1 
1 1 -1 1 -1 -1 -1 1 -1 1 1 1 1 1 -1 -1 -1 -1 -1 1 1 -1 1 1 -1 1 -1 -1 -1 -1 1 -1 
1 1 -1 -1 1 1 -1 -1 -1 1 -1 1 -1 1 1 -1 1 1 -1 1 -1 -1 -1 1 1 1 -1 1 1 1 -1 -1 
1 1 1 1 1 1 -1 -1 1 1 1 -1 1 1 1 -1 -1 -1 -1 1 -1 -1 -1 1 -1 1 -1 1 -1 1 1 -1 
1 1 1 1 1 1 -1 -1 1 1 -1 1 -1 1 -1 1 -1 -1 -1 -1 1 -1 1 1 -1 1 -1 1 1 1 -1 -1 
1 -1 1 -1 1 -1 -1 1 1 -1 -1 1 -1 -1 1 -1 -1 1 1 1 -1 -1 1 1 1 -1 1 -1 1 -1 1 1 
-1 1 1 -1 -1 -1 1 1 1 1 1 1 -1 1 -1 1 1 1 1 -1 1 1 1 1 1 1 -1 -1 -1 -1 1 1 