128
15 67 87 44 15 98 43 47 54 45 43 43 59 33 7 96 1 27 26 8 12 20 66 59 52 95 73 4 38 71 43 44 90 98 25 22 4 80 39 23 29 89 30 63 89 44 48 49 99 51 86 48 88 54 54 68 40 38 43 45 11 44 4 3 36 99 44 73 33 73 29 52 2 37 8 37 98 8 54 62 88 89 63 93 21 32 74 45 25 49 5 84 9 67 55 90 26 14 89 35 25 10 88 49 16 39 45 72 22 66 92 7 2 2 74 28 8 58 12 71 37 100 13 69 82 24 90 99 
99 34 39 61 16 72 85 44 27 1 72 78 26 22 72 56 71 99 96 74 28 14 18 68 58 44 97 5 65 83 79 32 84 92 89 1 67 12 30 21 60 3 21 83 79 68 94 87 52 40 89 76 9 20 24 91 87 93 67 73 23 38 49 57 55 93 39 49 92 54 35 32 96 16 92 91 1 76 2 18 37 86 46 90 91 54 21 53 14 14 1 53 79 18 22 13 81 62 84 80 94 29 57 36 46 17 33 62 61 6 68 68 17 25 88 90 5 13 67 86 11 32 73 57 1 6 64 76 
60 80 48 20 69 12 68 15 45 77 89 76 93 79 51 16 19 8 90 88 84 94 11 11 59 60 98 35 64 74 35 51 54 47 1 23 20 2 78 94 13 15 85 98 40 69 91 95 16 57 63 79 34 69 75 70 85 42 88 94 27 14 6 16 56 35 71 64 69 31 36 60 47 19 80 16 68 29 8 28 2 8 22 99 64 38 74 30 8 32 82 41 70 55 7 99 4 76 32 50 22 6 59 35 56 50 74 34 91 54 57 88 13 65 28 57 84 51 53 80 24 18 41 75 22 58 31 49 
17 90 74 72 21 73 97 65 8 82 58 26 77 83 69 48 16 96 93 28 42 46 62 66 9 10 67 20 44 2 59 34 60 3 84 63 58 92 4 100 67 86 55 44 35 20 82 99 17 41 87 28 100 37 66 77 59 82 56 45 23 5 4 89 38 4 10 69 26 46 45 56 1 57 78 52 18 78 79 27 12 91 39 34 51 14 44 11 29 70 14 39 12 90 6 42 34 32 35 7 89 6 52 55 87 7 36 48 85 29 12 76 22 66 37 87 16 97 88 40 37 54 10 97 39 7 25 13 
97 55 69 32 2 97 28 53 12 58 65 20 6 68 13 15 63 24 95 74 86 18 98 74 46 29 93 46 37 16 100 42 66 16 17 81 86 74 91 34 72 30 26 82 17 30 89 36 20 65 52 2 9 30 34 4 32 47 42 89 23 40 74 66 87 1 74 4 41 59 77 56 46 35 84 86 31 61 51 24 1 1 93 63 62 23 45 53 68 57 73 8 1 75 69 48 28 63 81 9 33 16 31 70 86 96 50 69 42 79 31 1 71 60 32 92 19 65 17 73 38 59 66 19 65 26 19 76 
53 37 100 41 19 86 1 68 68 27 70 92 23 30 93 35 17 6 8 67 34 86 96 23 4 3 10 27 73 9 9 8 31 1 57 48 67 92 43 92 89 65 70 40 40 86 73 63 37 32 98 52 53 36 97 70 30 44 65 80 57 71 89 73 1 61 68 79 71 51 16 66 40 26 65 31 13 72 36 84 56 13 94 78 30 6 61 80 27 18 5 47 56 47 62 6 42 67 39 21 75 92 20 63 44 89 70 79 93 34 72 80 27 97 16 80 76 48 50 77 59 2 94 83 84 50 83 59 
80 8 9 31 34 77 5 67 55 37 91 72 82 75 4 37 34 73 49 26 86 81 60 70 90 44 51 37 12 13 80 18 85 74 75 29 59 22 87 85 4 83 96 51 28 79 77 22 87 7 9 13 28 23 60 74 26 12 75 92 46 78 56 91 12 16 17 8 44 73 20 99 20 26 14 76 83 10 86 92 4 85 78 82 77 50 99 18 48 4 96 44 5 42 38 12 4 98 93 27 57 90 11 67 90 11 54 33 55 12 32 20 22 11 72 59 22 10 47 2 23 35 69 100 50 28 10 80 
96 7 36 73 47 17 92 85 38 57 89 43 100 41 72 10 81 43 17 57 35 30 30 18 30 84 43 89 28 100 28 3 51 68 21 90 67 64 34 78 9 90 60 61 30 86 93 57 32 48 99 81 55 1 90 81 61 6 36 19 30 89 40 56 80 89 60 47 91 99 37 79 62 83 8 57 55 97 95 20 26 67 49 71 50 63 36 88 9 50 70 42 66 35 35 61 27 72 14 83 38 42 19 93 68 17 80 76 71 33 77 59 17 83 40 34 90 45 21 2 16 35 17 28 29 34 27 78 
79 43 76 87 100 62 68 43 98 53 78 75 29 70 26 4 19 82 30 29 34 37 25 89 92 84 69 5 8 15 69 6 30 97 11 62 76 41 3 94 64 80 83 72 23 37 77 3 84 27 94 91 86 93 26 46 67 37 39 48 75 27 75 21 32 21 26 45 62 90 9 12 86 23 19 72 35 71 45 57 98 46 12 49 12 75 85 57 91 61 25 23 95 55 18 86 72 16 19 5 63 76 91 78 69 42 48 53 9 53 49 25 84 81 85 51 13 21 28 100 46 97 41 69 71 76 77 34 
20 66 33 24 72 32 45 57 34 28 31 75 74 72 15 89 12 82 50 28 1 45 42 99 75 58 93 39 77 80 28 77 92 44 55 42 30 65 47 73 25 62 35 82 76 34 99 97 88 51 85 68 48 93 34 36 74 59 81 5 43 79 38 21 24 89 5 60 60 37 17 69 48 32 35 57 84 89 48 75 64 6 86 43 51 38 3 99 78 27 64 1 22 39 6 2 86 54 40 96 98 76 33 3 27 60 15 74 57 2 8 66 18 84 19 71 10 15 17 82 71 13 70 86 97 80 98 98 
41 92 86 13 40 44 50 63 83 65 44 57 13 55 34 86 93 65 93 76 2 3 58 65 86 44 82 36 56 27 70 82 7 16 41 34 91 67 74 48 22 67 54 57 31 4 41 27 4 64 29 83 61 81 48 94 39 57 17 98 90 14 54 19 26 23 20 69 98 23 18 27 23 41 37 50 53 44 38 59 8 22 89 30 40 70 43 31 13 97 79 31 37 37 19 23 47 97 17 9 79 98 5 61 45 30 70 31 8 82 56 3 69 60 18 23 83 82 45 64 28 22 4 80 90 24 94 7 
46 94 4 96 67 14 43 69 40 45 56 1 17 94 57 14 46 28 28 57 6 63 88 75 67 56 28 49 67 56 77 21 69 65 82 38 29 17 8 17 4 83 41 18 70 56 18 18 26 62 44 91 8 78 63 37 41 80 99 57 43 61 88 21 32 84 12 3 77 75 19 86 73 32 41 62 92 56 47 61 90 57 91 31 73 47 73 20 42 42 59 47 91 1 2 8 21 36 16 100 97 98 89 2 23 22 64 84 20 96 79 70 90 5 13 81 40 80 8 89 100 88 89 78 35 10 56 17 
39 11 21 69 1 50 39 27 59 28 34 99 62 28 80 9 23 35 90 25 56 86 57 68 97 39 1 8 4 87 50 88 70 34 12 72 16 92 30 30 79 28 96 84 15 89 47 76 82 49 68 47 61 36 20 57 87 71 80 20 79 19 10 73 5 22 14 61 76 29 74 99 34 36 55 75 22 80 61 35 67 63 58 24 37 80 73 39 41 40 46 88 90 27 43 61 67 16 41 17 4 40 73 67 13 35 7 51 42 80 30 22 98 85 22 20 59 17 35 70 51 48 58 88 98 80 22 12 
69 64 19 65 55 48 46 89 80 71 58 43 76 37 64 49 80 18 65 57 63 46 58 2 11 1 31 3 74 90 91 85 49 7 98 91 25 71 57 24 3 57 6 20 80 70 45 68 39 21 9 56 86 66 31 25 15 4 5 91 64 57 90 19 39 37 7 100 41 35 99 98 76 17 72 42 84 31 38 100 16 1 27 90 3 55 80 93 65 78 41 32 22 58 71 9 14 16 71 26 36 26 89 17 83 27 15 51 65 89 55 51 73 61 40 84 12 80 66 7 60 75 80 52 18 4 15 14 
73 64 53 44 40 10 24 51 46 69 84 23 48 62 27 19 19 97 65 62 50 10 75 95 30 43 82 48 86 91 71 92 51 10 4 95 29 71 75 33 80 61 57 68 87 27 58 78 84 18 86 25 28 39 12 41 57 39 20 48 26 47 27 3 51 50 44 19 75 68 84 45 100 69 31 12 84 4 71 84 72 64 25 30 94 95 22 34 13 100 25 2 43 93 25 49 88 27 67 40 8 79 94 89 54 5 9 53 31 60 81 91 32 28 6 4 48 51 77 19 30 82 23 32 82 68 49 94 
96 47 44 22 37 14 80 28 43 33 93 65 59 39 55 13 25 55 28 20 58 33 11 14 72 87 20 13 28 57 67 5 52 11 84 10 38 83 25 40 53 20 23 83 60 55 52 83 89 6 9 30 85 79 97 46 8 96 98 72 84 19 72 73 54 22 49 88 53 43 71 90 24 20 17 91 53 53 4 61 10 29 86 78 40 29 49 28 79 86 2 72 32 55 18 14 47 3 99 85 93 11 88 92 89 85 32 72 18 47 94 62 10 71 17 62 69 61 78 11 70 64 17 100 78 58 16 13 
30 10 20 13 4 70 88 92 87 39 58 56 54 61 1 44 54 46 30 12 100 53 47 88 64 15 94 28 3 55 13 73 69 41 64 25 97 14 54 52 20 84 93 23 41 38 3 52 68 66 85 35 61 65 30 83 51 34 30 32 72 26 82 78 60 16 83 33 71 82 68 41 57 46 61 89 36 82 98 83 15 61 47 30 23 47 28 28 20 68 33 66 41 76 17 29 32 38 45 82 70 36 1 72 23 62 49 81 51 24 93 57 90 53 48 75 7 94 6 15 36 43 98 5 44 72 75 52 
73 88 86 33 87 14 46 85 42 59 78 42 24 13 87 41 11 47 81 8 63 71 38 15 78 99 48 97 96 29 83 89 31 33 96 59 58 25 46 2 86 78 61 28 5 70 3 61 86 9 44 62 89 42 37 69 6 19 26 58 69 48 63 70 26 5 27 59 95 20 16 64 65 79 81 4 65 94 75 33 2 19 95 94 80 56 68 90 58 5 25 29 6 28 16 77 83 63 15 51 2 53 28 10 4 29 90 1 79 46 52 43 61 35 5 12 27 45 13 97 23 31 95 71 67 79 92 67 
100 70 66 63 94 24 33 83 6 26 11 23 72 40 45 19 63 44 38 87 40 97 66 19 82 57 83 74 32 57 82 60 91 57 3 79 76 88 3 39 65 87 55 99 20 52 66 22 28 4 15 31 91 26 66 12 38 26 58 37 78 16 48 9 5 70 85 67 37 73 89 27 9 29 67 78 45 41 88 6 42 45 41 76 45 42 80 66 32 49 26 28 55 51 47 3 90 61 18 93 90 14 80 62 11 86 37 89 52 51 8 18 99 18 42 17 25 98 73 72 31 38 73 25 14 61 83 25 
62 40 65 33 16 77 48 83 83 73 30 71 36 83 72 20 53 15 72 47 74 55 92 51 84 48 84 82 52 12 69 3 38 68 39 65 44 19 96 70 10 61 32 28 43 10 50 3 65 28 100 97 91 28 76 48 56 43 38 25 92 96 82 94 68 84 19 7 85 10 97 69 87 42 49 74 54 62 79 27 22 76 4 87 41 83 21 11 73 3 31 4 17 24 51 4 59 97 9 42 82 59 21 32 87 52 64 37 36 32 29 19 2 83 49 8 71 45 6 73 18 94 59 38 79 72 80 19 
72 91 47 10 70 44 34 34 91 8 88 96 79 29 37 62 9 69 61 99 61 34 90 58 74 49 7 31 83 76 80 90 54 71 21 78 51 85 20 50 29 19 82 100 31 42 43 37 61 84 58 18 92 45 43 99 18 49 80 71 61 89 38 55 20 28 27 28 93 34 1 58 6 72 30 19 10 5 55 9 52 32 71 37 68 36 40 11 14 9 48 19 64 31 19 99 69 57 13 49 1 88 12 96 93 22 89 95 87 34 87 84 29 42 13 51 87 3 24 83 79 48 25 15 70 87 8 72 
99 66 56 37 34 22 76 23 3 55 74 76 69 96 16 16 44 16 29 82 84 14 45 100 71 75 73 8 40 73 55 13 16 76 54 90 36 36 8 10 15 58 8 32 41 23 72 7 7 51 80 44 11 7 47 59 32 87 88 33 16 94 39 73 20 4 65 74 28 87 92 63 48 48 83 10 20 36 60 3 62 96 59 39 100 88 38 78 14 31 13 77 61 66 58 98 76 46 96 84 82 8 51 73 65 64 36 67 78 40 10 18 97 33 26 1 43 92 66 79 86 88 68 45 51 74 75 68 
79 78 83 20 69 18 26 75 66 20 28 2 93 62 12 57 72 48 69 28 18 92 10 53 27 92 38 17 35 69 21 56 76 60 66 8 60 89 70 48 94 75 49 69 14 63 28 79 4 17 11 1 17 64 11 94 44 60 66 14 66 31 20 5 5 65 34 71 9 34 48 98 82 91 36 17 99 72 67 43 41 87 83 55 81 100 10 76 22 71 59 48 27 28 87 2 69 46 37 1 72 94 5 82 78 61 12 34 58 36 83 61 68 31 9 96 28 56 5 76 20 47 96 16 19 57 43 20 
72 10 76 85 30 43 99 28 32 81 11 92 88 81 77 3 80 39 8 86 62 7 39 42 35 97 48 98 42 76 5 78 93 46 90 13 23 52 88 98 93 20 15 59 60 16 79 41 41 10 41 22 39 60 67 22 82 3 66 37 77 23 49 68 34 62 10 11 33 60 94 74 19 66 43 86 28 43 21 2 58 53 86 13 77 88 71 20 29 48 79 100 1 12 49 65 92 65 68 61 75 15 9 13 64 9 77 6 94 80 100 28 49 64 10 72 17 42 65 34 12 81 29 63 14 6 62 64 
4 71 37 28 94 71 82 25 78 13 10 37 43 79 48 29 79 26 15 44 5 51 90 66 31 22 80 92 93 77 69 68 60 14 51 12 39 25 99 97 28 45 44 14 80 81 64 9 24 76 57 52 86 90 74 88 26 44 27 87 78 84 34 100 36 71 6 12 52 29 90 87 27 27 8 58 10 14 87 7 28 77 7 22 56 97 62 82 100 77 84 100 42 77 78 94 55 37 13 67 59 69 19 82 62 5 24 75 29 82 73 43 93 31 35 79 56 30 6 31 27 23 83 83 20 28 35 59 
25 92 30 88 67 97 84 13 23 60 70 76 32 28 92 92 34 42 98 26 33 88 55 97 100 23 66 93 13 35 14 71 96 3 12 89 52 10 28 4 86 93 89 90 69 27 83 77 80 70 58 43 62 26 53 22 96 71 53 30 55 14 47 60 78 63 88 69 40 4 30 95 29 2 18 20 29 60 88 83 66 14 80 55 90 13 37 47 74 46 60 95 75 63 84 26 43 10 59 32 36 32 83 10 67 19 55 9 64 82 98 12 20 50 48 90 82 60 20 60 63 24 26 77 65 67 42 36 
88 63 56 55 29 30 14 14 50 64 98 25 30 78 98 42 77 42 13 8 73 49 34 20 87 59 47 28 21 36 73 14 94 99 81 97 89 90 55 62 17 71 40 99 22 5 10 62 22 60 84 88 97 78 77 34 60 35 33 86 48 68 22 47 54 20 36 6 24 48 28 68 72 27 37 10 17 99 58 20 68 75 27 39 22 31 36 17 2 43 8 43 96 27 34 32 15 94 35 65 82 54 70 14 70 5 81 54 94 26 91 17 83 91 22 46 27 34 90 93 51 71 12 25 90 10 78 96 
64 27 13 9 92 27 63 39 15 21 90 70 89 88 98 24 61 42 69 65 94 21 60 58 77 32 7 25 59 87 16 60 5 60 61 36 97 66 57 89 62 11 54 1 27 37 14 86 14 14 51 80 63 12 18 40 52 11 76 3 40 97 79 72 36 72 33 78 98 24 31 78 34 84 16 12 2 17 37 24 30 86 51 25 18 58 85 31 97 17 92 65 78 78 24 97 53 25 19 2 44 1 43 86 33 66 100 19 69 3 54 34 33 71 93 71 62 14 14 85 80 19 73 27 77 12 9 64 
64 9 12 38 12 4 29 92 29 54 42 81 47 58 82 28 17 5 14 8 44 91 10 88 7 46 67 49 81 61 46 35 37 86 99 37 51 14 93 88 69 40 67 60 63 6 13 82 21 62 66 41 11 81 37 1 81 78 15 67 63 9 21 70 28 85 1 11 42 49 19 63 54 84 82 47 45 26 36 58 2 90 96 43 80 91 17 62 84 57 61 29 42 93 15 87 34 10 58 93 98 17 22 5 4 44 48 45 81 9 13 43 28 99 28 34 10 78 40 58 82 68 79 59 99 93 44 72 
92 20 34 96 66 23 44 31 52 53 18 30 85 24 95 84 45 82 66 50 8 1 60 81 17 98 23 77 16 30 4 4 19 91 71 20 51 88 49 52 1 53 57 97 78 71 44 24 99 84 64 87 35 12 49 69 6 80 12 97 5 76 86 12 89 27 89 41 19 69 52 80 54 29 16 47 37 20 11 43 22 62 9 68 61 47 75 47 14 87 28 90 37 14 87 1 83 25 84 18 68 60 26 1 45 74 85 83 67 95 68 71 33 11 53 6 37 9 28 32 44 85 27 12 85 44 56 70 
3 70 77 85 17 41 53 50 16 77 31 23 86 86 29 70 90 80 22 61 33 46 11 38 37 26 31 66 9 3 47 20 1 43 79 2 82 19 2 1 99 30 75 84 98 92 12 31 46 77 6 30 27 8 84 64 98 66 90 8 12 9 80 89 25 82 86 23 80 3 53 57 4 69 3 88 76 81 37 30 30 98 54 87 61 3 36 92 66 26 10 25 89 24 5 50 73 48 38 100 88 31 39 95 59 8 54 91 75 47 4 87 78 9 56 83 89 27 47 77 68 73 36 32 92 42 88 57 
9 3 56 72 32 27 78 2 15 87 94 9 83 37 17 86 99 30 38 13 54 80 19 40 44 33 36 98 76 51 8 15 17 88 84 7 30 5 45 25 20 40 6 74 34 72 44 78 10 98 83 59 4 5 61 42 49 12 45 95 93 36 47 71 32 96 50 78 87 48 13 70 2 53 59 77 46 95 20 90 100 3 73 54 3 66 9 71 27 31 24 85 84 30 91 43 47 66 52 4 98 54 72 45 47 58 95 20 46 48 63 73 47 60 48 68 95 24 60 42 22 74 4 15 23 7 18 10 
26 91 21 77 61 89 49 22 16 15 95 65 97 69 87 91 93 93 30 81 92 37 49 42 54 34 82 56 63 24 1 97 13 65 49 16 66 29 46 73 29 66 64 32 75 70 35 8 71 98 66 95 63 67 1 70 57 13 98 51 1 19 26 15 27 71 84 68 43 22 2 7 27 13 92 25 60 77 69 11 43 39 87 98 29 14 6 46 4 11 8 22 87 77 64 87 7 94 71 58 55 7 37 93 41 48 19 89 57 58 38 84 45 18 87 44 54 7 47 35 34 41 46 89 69 90 97 41 
18 17 32 37 73 75 24 84 62 77 58 74 14 53 89 100 100 51 91 94 43 26 93 54 15 68 88 84 72 79 96 42 47 61 97 94 29 33 24 79 55 34 50 78 95 15 21 69 39 51 53 28 48 45 74 23 44 41 93 64 91 81 14 38 76 19 16 75 24 5 93 57 71 17 83 51 19 60 8 2 69 31 96 81 41 71 88 47 45 69 9 67 77 16 35 23 91 37 69 22 98 27 69 36 31 12 83 11 44 35 14 60 16 95 35 100 50 28 84 19 6 41 32 51 77 44 60 32 
56 51 21 5 69 22 77 18 30 42 47 75 65 44 2 27 30 18 99 45 39 96 64 59 6 42 62 61 88 64 72 75 37 78 91 3 64 37 3 54 47 96 55 26 61 99 63 62 60 15 40 4 8 51 61 24 57 61 67 22 49 40 63 77 64 10 64 92 9 10 64 3 18 20 33 54 42 2 32 48 42 1 61 53 68 71 93 41 89 58 15 23 80 43 64 83 63 6 42 86 39 39 66 33 98 70 59 64 10 94 97 10 95 2 26 57 6 41 19 81 96 22 92 8 19 17 92 47 
5 82 54 27 54 84 70 62 8 47 87 91 56 57 56 27 91 27 39 50 69 72 60 58 60 9 5 82 88 66 63 94 23 72 22 39 69 12 1 90 42 16 24 23 53 88 8 72 97 62 45 63 18 47 79 6 43 10 58 65 41 74 49 60 83 11 42 44 1 32 54 18 79 75 87 8 34 54 86 31 22 75 4 89 51 27 81 57 50 42 74 12 2 94 15 23 97 31 47 33 70 85 64 35 20 100 9 57 75 52 43 99 53 32 20 53 72 81 17 89 32 34 34 29 63 35 42 60 
53 29 67 16 7 52 57 59 37 39 44 91 54 72 57 34 92 62 16 16 31 55 5 15 95 35 26 3 1 1 41 41 38 98 93 98 44 92 12 31 57 2 70 75 70 56 73 94 20 94 6 53 51 74 87 83 28 27 17 25 85 4 88 75 95 67 11 53 89 6 76 62 79 49 5 6 79 43 59 92 60 15 98 75 23 77 37 10 38 97 93 79 99 26 51 81 78 43 56 49 43 54 94 39 34 73 25 87 54 32 82 2 22 75 59 63 16 51 67 4 50 53 71 24 87 73 87 39 
3 81 25 17 30 30 5 40 59 47 65 45 36 92 32 13 19 22 66 45 3 62 63 42 96 10 30 73 6 84 76 76 64 29 8 65 19 5 78 87 98 18 1 16 7 88 79 43 99 52 7 99 29 12 86 44 24 66 12 24 94 31 80 64 55 10 43 78 44 76 69 80 25 73 59 42 77 50 19 73 84 63 32 80 17 51 73 80 11 19 65 5 19 84 59 24 38 64 86 27 47 68 67 74 98 73 98 39 42 88 50 4 90 63 25 40 36 13 13 26 77 80 9 9 52 96 58 27 
86 52 73 79 83 96 61 9 67 14 73 92 76 70 42 37 60 56 24 86 85 98 21 26 42 53 27 30 75 23 48 36 81 99 47 1 60 22 38 31 70 97 28 62 55 21 27 34 29 58 50 42 21 17 70 82 54 14 98 98 27 16 8 39 26 8 76 29 24 78 45 89 39 40 76 55 7 5 62 5 41 18 17 61 39 91 50 63 47 84 7 87 59 84 37 77 85 98 32 88 25 69 55 80 25 36 50 23 68 26 17 8 25 96 76 44 49 63 16 83 2 50 6 52 17 51 14 96 
73 41 40 82 40 98 2 7 22 20 55 88 82 17 15 13 62 72 49 65 64 75 19 52 90 90 28 64 16 25 61 30 60 22 26 72 95 76 36 43 78 46 86 27 30 12 85 30 39 14 56 24 70 73 34 89 52 84 28 44 45 96 83 89 91 23 60 62 50 87 34 9 80 2 75 41 20 86 45 30 33 88 7 87 77 46 71 77 74 30 10 54 76 6 21 3 3 1 34 21 35 78 84 95 66 55 68 49 50 79 70 71 82 75 20 75 37 86 10 56 33 13 27 51 70 90 70 1 
22 33 57 6 65 45 92 26 1 73 48 67 2 92 43 69 2 87 66 64 66 91 13 10 99 71 94 46 76 18 56 60 88 56 3 6 26 62 45 84 90 56 75 17 12 87 36 50 15 58 18 16 49 30 20 5 8 73 72 32 89 2 9 29 24 35 95 92 46 70 49 99 97 74 67 4 4 32 58 58 75 74 42 24 1 100 89 21 89 99 69 72 67 8 86 34 28 35 91 52 81 26 87 10 52 45 55 67 24 41 61 20 81 37 78 56 59 5 89 55 43 89 31 25 14 49 33 62 
40 82 97 60 61 80 39 52 75 79 57 53 1 85 93 94 67 89 93 65 96 6 3 50 16 52 92 39 36 25 64 26 84 57 42 2 3 47 27 11 24 82 50 43 14 84 24 70 33 24 24 17 4 100 46 86 45 4 1 5 85 83 96 34 66 14 60 45 67 77 36 84 72 30 9 17 63 77 50 90 85 99 44 32 35 19 63 76 45 70 57 52 82 74 78 76 100 10 9 16 95 47 29 12 76 100 10 57 12 36 11 69 51 38 36 14 78 11 81 44 79 28 3 46 23 70 62 47 
87 55 45 95 75 49 97 62 22 70 15 43 23 4 61 45 68 75 43 85 87 81 25 93 8 54 22 47 4 89 58 55 96 55 65 94 28 43 8 37 90 51 11 91 50 64 9 50 61 45 84 81 90 60 83 99 54 15 15 82 87 89 32 54 74 33 3 24 44 23 50 2 69 79 87 69 27 97 59 61 65 25 36 98 11 63 31 60 5 93 5 26 46 27 64 60 37 15 70 94 10 27 84 96 20 62 1 29 46 57 58 83 4 52 89 65 97 5 74 29 43 43 60 37 58 52 34 35 
27 98 3 36 85 86 41 71 26 73 73 37 98 84 78 33 72 41 53 29 14 39 61 14 39 91 83 45 31 71 73 88 36 79 16 70 23 57 39 56 48 79 90 76 44 37 53 24 16 34 22 98 83 13 47 34 28 27 69 62 93 59 22 78 77 60 61 31 53 48 28 49 97 58 80 15 2 8 86 9 54 26 50 31 82 9 53 8 94 76 86 89 49 71 61 57 48 75 97 10 39 6 72 30 76 97 87 14 14 86 63 49 3 82 80 78 89 15 76 96 49 56 48 59 67 16 55 76 
49 52 41 5 71 55 73 10 15 93 61 59 64 85 45 73 90 63 12 62 7 81 16 56 55 69 91 81 13 78 20 97 20 11 78 98 98 35 90 34 45 3 28 40 31 20 7 26 12 16 92 58 72 93 60 22 100 60 60 56 23 72 84 19 69 63 45 64 71 22 96 41 9 80 100 41 69 94 24 45 17 93 50 53 19 59 37 69 14 3 14 82 80 28 39 35 84 49 61 94 82 21 15 21 33 12 39 69 12 11 28 4 10 14 32 74 90 51 24 1 15 51 8 53 47 86 88 60 
38 53 19 67 5 84 26 25 75 86 83 19 59 72 21 26 93 53 51 86 45 71 88 68 36 90 78 48 74 42 96 20 43 34 85 37 94 99 73 50 49 44 79 76 51 28 52 18 16 4 42 17 73 99 72 50 69 3 86 74 63 47 21 87 16 40 51 79 33 92 32 59 34 32 39 98 35 7 56 11 15 26 46 70 24 95 56 15 60 19 3 62 86 36 93 50 35 31 49 28 74 91 45 27 3 91 19 93 91 61 88 40 76 91 92 87 53 29 94 32 58 16 64 4 46 54 31 70 
65 4 55 39 73 90 83 72 67 11 60 15 86 42 88 8 32 44 94 36 23 35 13 69 100 88 45 47 59 20 33 65 90 58 94 40 84 51 13 27 27 23 88 24 39 40 63 41 78 76 60 8 4 62 90 29 70 56 99 35 35 65 91 49 31 50 61 32 40 32 16 29 100 45 54 34 10 25 6 30 56 17 85 75 88 96 16 49 70 17 58 65 53 72 10 97 45 39 24 30 41 17 60 45 50 15 82 18 53 21 14 95 26 92 42 60 54 89 1 12 8 75 54 41 94 4 24 6 
16 59 36 6 27 61 6 68 61 53 69 9 54 48 57 69 24 61 10 50 63 94 23 62 63 48 56 67 64 26 95 82 64 31 34 27 29 16 15 15 5 59 1 74 58 39 39 93 58 42 69 99 55 19 63 21 21 22 22 100 98 12 10 27 7 42 98 92 6 15 78 82 50 54 43 79 74 34 24 58 68 46 38 56 13 25 90 58 96 82 93 80 51 87 63 51 45 66 88 98 96 67 33 49 82 16 92 5 27 1 48 53 71 78 52 56 59 96 62 4 48 53 45 87 35 21 45 91 
47 64 30 15 71 15 39 22 72 95 62 38 48 89 11 90 93 54 44 84 72 55 43 40 27 55 90 95 96 14 11 70 49 100 89 44 40 30 25 31 49 46 53 71 36 35 86 75 75 57 4 40 90 26 16 91 76 92 83 60 98 46 48 64 55 27 12 73 50 8 20 75 35 56 32 80 90 36 56 73 71 72 24 91 88 24 19 57 42 17 28 45 49 57 64 34 25 15 25 70 63 13 6 32 82 29 65 74 89 45 60 39 17 57 9 60 84 13 55 28 95 72 72 87 86 94 92 57 
44 47 23 20 99 91 43 35 30 60 65 66 24 23 39 49 100 36 38 48 66 18 90 71 51 49 76 76 1 57 39 81 26 32 74 13 70 50 62 23 55 11 69 66 91 62 53 27 34 73 84 94 33 8 26 48 25 96 31 71 61 22 32 66 98 90 23 97 22 86 38 9 27 6 83 81 84 4 14 21 80 57 62 10 80 18 1 37 49 38 19 86 37 11 25 54 62 5 69 77 65 33 33 54 12 33 29 81 23 66 18 14 60 58 64 72 27 85 9 23 60 60 24 5 45 72 75 62 
8 66 83 65 28 59 45 42 31 9 50 60 25 62 19 42 3 11 89 70 37 93 84 82 45 73 63 2 20 79 87 23 82 99 91 45 64 3 65 99 7 5 92 31 1 43 67 28 57 66 9 23 71 25 23 5 87 69 26 50 57 29 76 100 14 28 94 8 95 3 9 27 45 93 72 84 47 84 28 20 8 48 26 98 64 37 49 36 14 60 50 19 27 59 50 64 26 6 52 35 17 21 31 89 64 18 93 36 14 97 39 84 18 9 60 35 2 7 58 68 69 43 57 84 57 35 47 62 
14 57 21 57 44 78 40 8 26 4 93 68 28 60 99 99 66 24 71 79 41 64 99 31 54 29 54 91 51 58 63 66 15 91 38 93 82 3 11 35 82 22 30 11 30 81 49 89 87 55 57 53 86 12 57 78 11 60 66 90 24 82 55 49 41 9 77 57 77 8 9 32 76 3 80 16 71 62 70 31 98 14 39 66 90 98 10 54 32 91 18 16 57 84 54 96 32 98 38 28 9 33 9 10 87 36 32 12 47 9 51 32 57 39 95 70 99 89 77 79 58 34 2 65 64 8 27 65 
10 84 92 94 2 46 76 40 38 56 99 78 82 81 95 100 11 92 52 46 39 70 52 39 92 42 14 47 55 53 73 46 85 36 85 53 2 30 85 70 62 54 78 32 52 17 52 90 69 72 41 68 68 16 54 50 91 84 90 2 80 29 95 3 89 65 55 76 25 64 10 6 36 4 34 84 90 87 49 16 26 90 21 89 94 13 25 1 2 61 34 32 71 77 82 38 50 52 2 92 7 37 26 100 27 86 89 77 65 22 97 26 45 51 100 7 57 10 48 32 42 24 16 60 31 3 10 92 
21 95 14 6 48 83 42 28 77 47 37 16 93 94 85 6 50 21 7 77 17 47 77 58 44 44 74 26 93 99 70 65 37 96 7 23 27 75 66 21 7 71 95 32 6 92 74 98 17 59 49 30 2 86 93 76 4 7 81 24 44 1 84 74 17 35 16 84 59 93 3 42 4 95 24 50 39 54 84 73 55 45 64 93 73 61 67 85 74 63 15 73 67 28 69 94 26 88 58 83 53 38 41 23 53 64 3 51 26 19 6 65 94 85 44 31 67 21 51 27 43 62 94 9 44 15 17 6 
92 54 9 79 97 41 42 75 67 27 42 76 57 72 86 94 16 70 26 39 83 75 28 97 51 16 46 39 99 73 82 10 10 75 41 34 27 77 11 63 88 80 70 32 48 41 73 51 95 36 6 7 12 14 8 64 13 5 84 20 42 84 16 62 78 18 75 77 28 59 6 86 82 35 84 81 52 29 6 20 6 3 100 75 10 48 90 60 54 14 2 86 7 10 10 65 3 25 68 97 20 31 58 69 7 82 48 11 82 19 42 99 97 54 54 36 50 7 31 40 77 66 26 37 22 78 61 37 
53 94 27 96 13 23 60 86 97 1 56 24 58 60 77 6 84 13 66 49 34 34 78 72 88 49 82 62 32 9 90 69 22 40 32 7 66 62 57 26 28 13 60 36 48 98 82 84 60 52 17 37 59 8 75 61 33 65 1 55 100 23 14 12 76 20 52 70 70 4 8 25 10 16 53 10 25 99 94 75 18 25 55 88 21 37 30 51 23 3 70 44 10 28 2 99 85 22 62 37 43 58 4 99 33 73 36 50 97 90 72 71 90 27 11 26 56 48 64 60 24 42 98 89 30 75 61 71 
83 87 48 30 62 68 95 89 25 72 98 32 92 37 93 100 37 68 77 82 44 81 52 74 70 67 7 47 45 52 27 41 60 28 78 18 26 99 81 99 16 30 59 79 94 8 55 32 26 11 100 41 41 21 57 10 76 27 97 85 71 81 100 68 38 88 19 29 42 86 30 67 88 26 57 4 2 30 20 64 45 92 1 65 47 9 21 89 75 42 78 31 18 10 30 55 79 30 91 19 67 5 11 5 44 18 54 9 57 73 93 85 43 18 74 2 87 74 18 20 27 89 73 3 97 79 73 7 
91 26 96 84 40 94 51 45 21 7 99 46 83 13 75 70 52 9 39 19 36 24 34 73 65 39 15 11 36 37 95 31 12 72 24 56 45 54 49 9 49 73 87 69 89 15 6 97 62 53 73 79 9 37 45 49 92 45 14 98 24 50 77 79 14 60 67 92 33 2 90 6 39 84 32 94 88 69 5 53 16 34 2 67 17 67 74 14 73 77 73 16 83 98 87 56 11 53 15 18 88 10 62 2 33 35 74 93 8 81 82 63 19 38 83 28 53 42 95 92 57 3 50 13 15 66 81 79 
69 40 34 66 42 97 89 9 10 85 3 76 86 83 59 6 25 47 26 78 93 11 45 80 81 94 93 26 73 52 67 71 46 25 100 11 46 14 85 10 64 93 82 95 50 57 92 3 45 57 55 83 68 21 28 80 33 76 17 33 72 42 82 78 46 74 80 58 66 29 66 73 96 11 5 83 38 62 98 21 9 37 78 7 79 7 55 71 20 68 39 19 17 4 77 9 5 44 47 55 21 88 87 66 51 53 77 77 28 74 98 80 36 22 42 59 16 15 66 30 42 35 30 54 12 34 87 18 
24 65 11 65 23 16 3 27 16 53 24 68 59 80 70 84 54 46 94 77 56 30 60 70 48 91 53 7 89 28 48 1 60 17 80 86 4 1 95 74 61 38 24 34 36 49 19 54 61 72 19 38 89 56 56 98 32 61 16 2 20 45 13 78 7 55 47 20 45 66 88 100 41 38 15 98 14 45 97 90 91 13 84 13 30 85 28 86 50 51 4 36 47 21 73 15 9 38 49 19 68 16 60 37 51 24 58 25 74 24 49 75 91 42 72 20 48 99 36 16 89 60 29 100 57 27 97 88 
57 54 72 80 91 32 74 95 39 60 11 10 75 10 79 32 72 75 40 9 27 15 71 45 57 99 22 43 29 38 81 37 82 24 66 85 1 96 75 18 35 79 66 90 13 33 85 56 74 61 19 74 17 80 1 28 59 55 63 32 56 88 73 88 65 21 29 60 70 94 74 75 93 63 8 44 96 50 81 35 69 10 16 57 81 85 64 37 18 17 69 59 39 11 8 74 70 58 22 44 80 52 96 42 94 66 61 98 54 4 76 21 13 15 47 19 45 57 93 10 11 78 93 99 92 73 35 33 
85 14 82 76 73 94 33 50 30 41 58 72 93 52 60 89 97 22 71 68 23 47 4 68 12 19 52 54 34 15 23 45 91 55 8 39 51 93 34 24 81 65 30 62 60 19 85 66 35 77 54 69 9 5 26 49 13 95 2 75 41 92 99 7 70 5 64 67 35 8 34 64 6 28 44 96 40 63 9 15 92 49 87 54 92 31 18 43 23 96 76 19 13 56 84 100 20 53 96 95 58 95 66 16 18 14 37 91 82 69 6 13 65 14 65 17 45 97 44 71 80 36 30 82 40 51 47 1 
33 62 80 3 27 53 22 85 3 20 45 27 39 46 11 9 49 16 48 82 24 37 43 77 51 98 83 99 95 20 16 26 90 87 43 66 57 16 85 56 9 8 69 83 37 63 83 76 22 8 49 63 83 14 93 13 81 27 12 98 78 94 7 24 48 11 23 73 80 66 45 33 62 3 7 11 65 15 95 2 45 27 43 9 24 13 63 99 3 15 96 60 78 35 1 52 46 12 17 30 8 42 68 39 57 67 63 22 94 57 58 81 16 96 17 10 85 16 60 89 89 79 82 88 4 74 100 16 
30 51 54 64 77 91 46 28 84 51 74 69 24 77 99 55 23 62 79 52 93 33 46 19 9 86 29 69 89 66 82 14 34 81 3 62 94 56 47 30 66 41 18 68 67 97 11 17 68 69 49 98 85 38 17 90 55 94 34 7 56 100 75 36 9 23 80 34 40 19 90 49 22 36 61 62 33 58 18 79 56 9 18 41 58 1 15 76 75 29 15 81 26 51 65 75 78 79 54 50 22 75 67 3 28 24 56 85 50 61 21 88 92 39 83 10 44 63 69 62 36 49 82 75 55 35 52 13 
50 1 47 73 71 19 68 67 14 46 20 81 55 75 69 100 43 6 9 49 61 39 82 67 9 96 29 75 29 85 64 3 82 39 85 100 21 83 53 14 36 17 78 77 10 42 13 67 75 29 83 68 3 91 98 3 99 61 38 53 92 87 81 85 95 4 76 90 63 77 10 2 92 70 46 39 52 88 2 43 44 24 16 94 61 18 11 38 49 61 87 95 84 79 78 76 83 43 36 33 18 84 61 84 5 10 79 98 68 22 14 19 18 48 1 43 57 31 80 63 64 48 2 25 64 16 92 96 
83 35 2 46 33 25 89 70 30 89 61 31 77 93 3 49 55 82 17 44 40 16 61 26 5 93 15 21 11 25 70 58 76 92 6 40 98 59 41 40 80 81 64 21 30 80 53 39 32 70 31 12 78 4 68 64 58 59 6 68 67 13 66 88 65 93 85 78 41 3 75 92 13 32 29 8 75 66 98 66 75 16 70 3 19 85 80 57 84 36 26 13 55 72 93 85 76 87 70 74 44 88 88 53 96 42 74 54 28 15 20 40 79 75 37 80 33 81 49 6 40 20 56 55 63 99 13 48 
69 38 70 68 82 60 19 10 64 80 2 56 90 58 58 80 35 6 94 49 61 80 46 95 63 61 97 97 60 6 39 70 73 78 71 2 4 38 37 23 58 37 34 57 48 32 6 50 59 14 6 41 24 39 71 27 92 18 16 66 100 90 59 34 88 49 59 26 15 1 28 95 33 4 79 90 71 78 87 48 84 78 37 77 87 32 97 68 2 70 71 69 5 97 96 55 86 69 31 47 19 74 11 20 85 47 30 95 16 58 92 75 19 80 33 54 37 31 66 8 50 35 81 96 11 57 91 55 
21 3 22 51 79 37 47 86 38 20 69 77 82 24 70 70 20 62 77 59 73 11 34 11 21 63 43 39 78 40 10 79 22 21 100 10 54 6 91 22 88 52 92 94 84 42 83 13 46 54 46 10 11 59 29 20 89 78 75 86 78 88 27 94 61 71 62 63 66 74 89 23 21 75 16 12 2 22 71 64 69 83 81 39 68 31 3 12 28 50 4 61 18 50 56 48 51 92 35 15 96 47 10 67 80 3 56 16 76 89 95 10 57 86 80 17 17 33 62 48 37 27 46 15 30 53 4 81 
20 29 34 53 73 38 26 85 26 45 63 37 15 57 81 84 50 59 20 12 33 16 52 67 54 41 15 93 94 48 91 44 88 14 31 68 100 35 49 42 94 70 59 84 20 19 78 63 52 23 79 5 72 14 58 2 38 89 61 54 68 68 60 64 75 29 37 74 45 44 24 23 13 62 2 54 64 72 90 41 81 60 6 32 15 48 29 60 57 53 23 68 62 96 85 98 59 60 51 61 52 81 10 51 98 62 71 29 54 62 83 70 77 82 26 54 46 59 91 74 45 49 42 66 2 32 4 79 
11 94 17 44 9 41 21 98 26 89 57 53 47 58 61 9 92 1 57 89 43 70 37 3 38 49 23 51 92 11 72 40 66 49 16 93 34 77 99 34 76 12 21 98 85 54 42 72 3 7 46 73 24 12 70 39 49 71 91 75 73 35 61 48 73 71 17 16 14 68 90 78 99 4 14 28 25 36 16 53 43 56 30 28 79 44 83 31 31 43 65 95 2 39 4 49 40 52 63 48 40 62 54 71 69 76 70 47 94 96 29 22 89 40 61 30 30 9 67 100 69 28 20 93 50 99 75 71 
3 91 66 25 38 24 20 27 37 21 53 68 40 49 73 47 2 18 36 90 65 94 24 29 30 48 67 91 48 23 13 65 89 14 97 2 55 34 91 51 21 30 42 37 38 71 41 71 12 24 22 36 59 18 93 15 12 64 99 76 75 50 34 10 72 24 94 89 16 26 66 35 81 1 37 3 72 82 94 44 87 35 78 81 20 37 92 34 59 20 6 22 67 29 45 92 41 23 4 67 61 95 87 59 42 29 5 44 11 80 66 1 81 99 45 58 3 43 30 31 36 29 75 100 93 31 3 55 
98 84 58 14 83 7 1 90 56 75 89 54 44 95 29 21 14 12 5 53 92 30 88 46 82 98 19 90 21 93 16 25 91 95 56 88 45 41 57 99 72 99 39 47 62 77 96 32 50 31 77 54 45 38 14 50 72 83 78 96 51 36 18 36 21 6 96 67 13 45 39 7 11 1 50 35 5 58 66 79 23 13 13 73 62 43 44 44 33 90 53 99 24 43 76 32 20 100 11 28 15 20 84 43 19 91 68 46 80 14 70 4 46 41 45 57 22 33 55 37 23 70 6 73 39 79 90 65 
68 21 48 72 52 25 56 7 54 51 91 93 49 62 40 71 16 27 11 28 1 71 69 92 1 10 81 39 79 28 21 58 88 70 97 14 30 64 74 56 1 42 54 98 20 66 23 17 71 79 94 65 71 31 1 96 92 12 39 67 26 66 53 41 69 95 3 95 55 47 35 5 82 34 85 61 60 42 55 25 85 76 47 29 84 95 81 9 39 3 18 44 43 59 52 77 94 48 14 67 31 23 7 76 88 60 90 98 14 81 89 70 36 5 9 64 39 68 65 47 33 44 36 60 39 28 14 98 
26 34 2 86 86 23 46 14 73 85 46 40 11 46 96 64 72 16 51 66 83 16 88 66 97 89 59 90 26 58 52 51 97 20 8 9 53 5 80 39 7 40 9 34 17 2 79 91 39 72 48 40 17 16 73 74 52 59 81 20 48 77 60 57 88 55 41 36 57 82 83 61 65 51 41 10 32 70 20 17 96 48 57 17 20 62 45 41 25 58 49 100 87 49 15 79 1 98 78 45 83 81 37 29 6 65 78 56 31 85 22 59 19 30 15 12 48 72 72 12 36 14 98 89 4 41 62 40 
91 13 41 18 96 91 70 26 7 9 41 14 62 47 8 92 32 43 5 84 20 69 3 25 24 22 18 14 71 100 59 89 12 23 23 89 27 31 96 60 46 58 25 94 18 40 55 65 82 11 53 73 31 78 23 50 86 79 26 33 84 23 24 25 43 70 47 88 51 71 98 30 26 75 62 91 67 26 86 51 42 54 65 35 40 6 60 29 88 5 88 21 85 22 72 71 63 96 48 39 55 15 91 40 47 36 69 98 18 83 73 76 37 64 62 32 24 79 45 81 85 40 95 24 57 100 88 34 
18 79 13 66 8 33 88 48 100 15 99 1 53 99 61 84 22 85 12 78 79 35 11 82 95 58 50 81 96 76 7 43 47 58 28 69 47 27 98 3 4 98 54 42 97 26 5 81 17 3 61 46 91 23 38 54 56 76 37 69 11 84 21 86 13 9 23 68 6 28 49 25 99 81 39 10 60 7 31 34 84 83 30 27 27 35 25 33 83 78 62 2 79 51 56 97 84 50 82 53 57 30 34 5 37 55 61 64 80 90 46 73 31 2 28 20 56 91 68 62 67 73 81 78 26 24 96 69 
5 97 58 99 76 99 89 9 12 16 63 19 80 32 50 88 12 28 54 89 29 11 83 69 9 58 17 48 97 56 37 47 68 28 80 77 76 87 21 51 68 24 25 38 14 62 39 30 42 83 94 70 57 71 75 38 98 99 66 72 4 9 87 84 71 37 39 93 46 66 23 87 36 97 57 82 56 48 48 30 1 40 64 48 15 43 40 64 91 69 44 87 65 41 58 97 11 32 86 52 9 53 16 22 68 71 98 66 70 51 92 9 75 61 3 48 12 77 63 35 76 39 86 97 83 44 14 14 
83 79 95 63 52 9 86 31 47 9 20 46 53 9 17 55 86 1 43 74 24 24 68 17 100 70 13 12 79 9 44 55 94 16 87 63 78 63 53 32 20 68 17 44 51 93 41 38 82 13 23 73 74 29 26 20 66 22 100 70 52 71 28 17 91 10 86 66 85 30 4 28 81 75 89 6 38 50 1 90 43 12 71 93 72 79 75 90 45 52 3 79 31 81 59 85 23 93 20 24 74 59 50 46 96 51 32 44 87 66 93 36 30 80 9 92 18 83 30 78 62 25 47 87 15 97 68 59 
31 46 96 66 44 46 2 41 29 13 46 58 16 94 65 17 60 7 50 21 78 52 81 68 25 78 78 99 44 56 58 33 29 92 65 99 62 43 76 21 77 30 52 1 8 41 97 46 23 48 31 88 49 45 41 64 92 15 55 3 67 27 94 6 3 57 34 30 71 57 12 62 39 17 80 52 57 44 14 90 37 22 63 58 65 11 22 41 23 56 92 72 12 73 48 60 7 26 99 3 12 69 29 54 83 72 89 87 27 74 36 32 80 98 98 99 45 6 74 73 15 82 88 23 62 8 75 2 
90 66 42 59 98 31 34 2 73 90 58 94 88 81 75 77 13 86 73 83 89 21 68 71 2 75 76 74 37 51 39 34 48 75 24 63 93 100 29 36 67 85 94 100 69 94 99 40 14 37 39 9 50 53 60 83 49 75 1 31 92 64 5 37 70 18 45 81 13 25 57 82 47 50 99 25 4 18 6 57 38 96 31 83 49 81 27 99 42 57 87 32 93 98 36 30 88 48 61 86 100 61 91 88 6 84 37 43 29 24 75 33 46 95 24 31 65 58 10 41 11 50 72 100 40 64 54 17 
84 15 53 72 4 28 84 44 76 47 61 84 85 82 21 6 18 40 83 9 100 91 33 40 78 97 16 32 15 72 52 29 45 87 69 91 65 64 7 48 47 88 31 98 25 60 64 65 30 69 34 41 6 12 72 88 71 34 23 72 42 94 41 34 76 13 46 75 43 23 39 64 53 28 2 89 63 67 42 34 40 2 48 4 60 77 52 32 92 27 3 39 32 93 71 20 12 51 91 89 26 94 6 28 59 7 56 3 69 21 76 45 58 61 78 82 5 92 44 41 75 21 96 41 87 19 11 65 
35 70 96 41 54 38 25 99 55 92 76 86 2 77 9 24 65 63 16 44 94 92 80 58 61 3 23 54 7 78 63 81 41 12 7 79 70 79 19 92 59 23 98 94 5 86 52 98 4 80 89 49 93 26 79 74 95 41 61 92 64 55 35 8 63 81 22 43 56 37 37 2 91 53 14 37 93 68 62 64 26 33 1 79 52 95 42 28 83 74 33 65 78 57 29 48 80 87 2 10 82 16 54 48 74 80 32 61 77 14 59 6 87 20 73 84 26 90 74 5 50 73 5 26 41 94 14 87 
15 39 17 9 70 50 76 98 83 77 53 68 71 34 94 10 91 73 57 22 4 69 27 79 31 94 53 58 40 97 62 31 9 85 85 75 47 55 96 17 37 21 3 48 25 39 70 70 74 65 96 4 92 51 59 13 54 92 81 35 62 62 59 26 11 79 60 47 89 93 34 74 44 23 53 23 50 2 53 88 100 31 43 97 43 100 33 1 38 14 65 97 68 74 44 90 28 8 41 93 52 90 86 86 58 93 80 17 52 99 33 83 92 94 18 68 73 38 47 2 58 74 17 16 97 70 66 87 
66 53 82 84 40 60 47 19 74 11 38 41 99 93 86 89 36 22 57 13 52 78 81 93 63 83 80 12 81 66 44 80 100 12 61 43 75 64 27 86 72 98 82 27 60 31 67 62 13 91 5 64 41 91 37 70 29 90 19 63 33 65 21 83 87 38 43 50 78 65 18 25 86 20 16 14 79 54 33 93 1 70 83 1 6 56 3 97 11 90 12 58 39 33 81 37 33 10 86 73 16 41 82 52 91 23 36 16 48 38 63 93 38 64 34 97 7 12 44 68 77 73 22 81 28 16 17 66 
80 51 30 76 75 7 67 56 79 15 37 33 48 84 29 1 53 51 9 32 27 57 65 88 99 64 83 26 11 90 53 91 63 14 74 27 16 56 20 7 82 68 43 80 99 57 91 38 45 53 10 26 60 9 13 39 29 52 68 27 85 58 70 23 31 21 50 54 54 51 96 46 82 44 22 24 50 59 53 36 41 25 32 79 11 87 15 5 20 51 18 17 27 39 41 71 37 42 82 99 36 74 31 87 91 91 7 44 43 52 27 86 16 55 44 41 82 39 39 40 73 26 25 90 19 98 10 95 
45 43 83 20 11 74 10 98 15 96 12 56 68 23 85 69 45 56 47 37 56 71 42 54 47 34 61 36 47 65 20 9 92 59 34 38 58 66 77 83 13 64 74 73 8 90 59 40 45 1 15 16 2 1 40 53 10 39 79 60 96 4 39 89 45 59 85 7 92 63 68 1 64 64 29 75 6 97 78 10 69 62 43 48 29 88 96 56 5 74 14 67 8 33 84 77 4 19 48 31 80 63 20 24 47 94 24 36 29 62 65 57 71 95 27 25 93 40 79 19 36 50 18 22 70 48 21 47 
14 9 1 65 88 34 54 59 26 97 90 32 58 16 25 75 33 35 46 40 28 13 10 15 77 63 6 1 85 71 49 64 63 22 38 19 23 14 66 4 54 79 49 70 34 81 52 32 8 83 23 88 97 74 62 50 14 44 7 35 22 44 48 46 100 2 97 65 22 76 56 35 21 75 20 28 53 42 82 86 44 42 78 76 95 96 1 31 63 21 74 73 2 89 3 73 8 1 42 42 15 51 62 74 60 52 53 81 42 41 8 19 81 12 50 7 46 81 25 70 41 57 50 67 72 100 24 72 
11 82 59 4 82 46 26 7 73 44 51 4 48 73 82 71 79 85 55 79 16 92 9 84 39 77 15 41 33 41 99 54 26 10 13 36 74 84 20 42 57 3 44 33 38 36 64 16 44 61 83 50 15 85 18 89 31 59 19 16 84 13 2 18 10 6 99 21 7 8 35 68 36 96 10 68 92 75 34 26 97 33 29 71 27 47 62 63 22 49 47 86 54 14 30 29 72 97 56 68 92 38 68 82 15 76 38 35 58 61 27 43 26 56 37 48 43 86 53 80 10 65 11 88 60 2 72 84 
68 43 22 49 87 93 74 26 12 57 5 32 10 74 69 90 21 56 36 99 60 25 35 68 92 17 41 92 92 49 78 7 48 76 63 74 37 13 39 98 49 73 62 65 40 38 90 18 13 1 56 33 6 46 2 28 63 91 61 4 7 94 4 63 54 72 96 98 90 21 57 51 95 13 9 45 61 1 8 50 33 42 86 49 97 21 59 45 61 38 49 2 16 52 91 12 51 86 42 86 82 33 10 3 81 94 48 9 84 1 30 90 3 17 22 45 24 84 56 68 87 50 93 23 100 37 92 25 
37 46 47 1 22 72 99 67 58 50 61 46 29 72 48 70 43 50 20 46 63 12 60 44 18 8 37 22 12 30 25 98 11 2 77 57 7 32 50 74 93 81 32 73 54 43 36 26 3 19 45 26 2 57 57 96 84 39 76 34 39 78 26 5 33 4 8 26 74 31 88 16 20 97 27 22 99 76 75 1 58 11 44 52 30 81 100 72 8 99 94 5 24 24 32 90 22 97 26 87 60 69 58 43 8 100 16 32 99 45 85 93 33 80 62 82 18 2 95 58 22 39 82 8 40 54 98 58 
3 30 57 84 18 71 24 2 98 35 58 59 84 84 29 5 93 52 60 76 80 38 37 64 11 94 63 66 46 74 65 78 33 45 81 42 100 94 99 74 67 88 96 32 23 13 13 100 40 35 13 91 88 8 21 88 48 92 50 3 59 32 93 61 52 81 91 34 77 8 88 98 59 91 5 95 1 9 44 80 92 64 26 28 85 32 3 1 79 63 52 18 31 73 23 52 18 33 92 47 24 32 79 77 63 33 63 8 66 47 39 73 96 91 68 86 94 24 7 57 94 11 40 35 95 16 44 47 
32 55 26 58 78 49 60 81 99 11 98 81 24 96 82 100 77 42 40 30 49 22 58 20 95 99 10 79 3 53 64 72 67 97 11 72 53 49 58 18 68 54 23 22 20 12 70 8 12 48 16 11 86 3 64 34 100 9 18 38 11 84 23 44 22 10 17 75 30 83 49 66 19 23 86 97 67 65 28 8 31 15 81 86 14 21 77 40 62 98 28 64 84 68 15 76 87 17 66 95 72 86 71 100 50 68 40 29 13 9 19 10 91 77 26 45 9 33 41 50 98 4 17 66 73 20 47 87 
93 83 26 92 33 38 83 34 7 49 55 87 45 34 16 96 79 56 89 79 42 77 51 41 9 80 10 54 82 90 24 31 61 15 93 49 51 56 5 26 22 30 33 59 45 96 83 20 40 79 76 94 36 6 34 24 6 67 89 3 34 94 97 98 78 76 51 90 41 48 90 98 41 3 67 91 69 13 12 23 31 1 75 50 23 54 59 63 82 78 9 70 8 83 8 82 35 7 4 73 60 12 53 81 23 77 36 31 22 79 49 86 37 68 53 12 8 9 38 93 8 14 85 41 19 38 32 73 
88 34 86 26 42 63 88 5 97 26 60 24 18 48 100 43 4 57 43 84 10 36 64 32 27 46 87 92 77 57 95 51 86 74 77 29 87 40 37 34 16 32 14 91 91 32 82 47 28 43 12 72 7 2 18 60 95 52 40 84 45 64 75 4 49 81 42 56 10 68 28 72 84 98 65 33 25 18 20 31 30 11 68 59 87 11 1 60 49 53 48 2 8 17 13 41 60 2 41 93 1 98 91 44 87 77 73 26 8 45 70 19 80 52 87 11 14 46 46 66 97 26 9 7 51 9 1 43 
56 73 21 52 52 77 48 62 42 96 33 54 19 49 49 64 1 56 66 5 4 28 44 85 59 100 52 34 38 84 50 74 11 68 99 49 19 25 38 34 96 61 5 49 44 39 60 40 66 15 40 55 11 89 63 30 86 45 5 37 99 97 53 1 64 88 30 69 52 95 75 45 29 74 90 5 34 88 75 10 85 84 83 10 64 54 85 23 62 48 27 60 62 81 83 60 18 8 3 50 35 76 3 86 94 90 90 18 92 83 25 32 10 100 5 96 11 49 48 24 93 70 99 97 12 95 65 75 
74 54 27 18 68 52 21 43 91 73 53 20 3 42 54 46 16 42 6 50 82 7 4 47 36 97 59 38 56 25 30 72 83 50 33 62 54 11 89 98 50 75 44 25 89 41 94 7 93 77 38 39 32 33 12 1 43 45 8 100 43 15 19 7 64 93 32 37 51 59 42 27 20 68 97 94 94 41 28 88 17 47 85 7 86 92 83 79 35 78 62 15 30 46 19 4 92 69 52 75 45 84 89 10 61 80 30 56 26 77 57 31 18 69 100 38 21 40 73 76 73 15 53 63 15 76 87 19 
42 9 17 16 50 2 58 36 63 89 65 75 79 40 68 69 51 10 11 70 39 97 12 80 30 89 61 83 3 16 64 77 38 27 51 57 84 7 58 22 4 41 12 8 30 83 37 79 44 59 38 69 84 19 96 37 74 83 90 2 79 5 90 28 30 23 54 40 14 61 83 2 68 80 96 47 99 76 14 54 84 72 72 62 69 38 77 47 35 15 82 7 87 77 66 87 33 94 43 16 84 34 20 74 98 88 11 57 29 48 16 11 71 88 20 61 46 18 6 1 81 25 10 11 90 87 27 34 
59 56 15 30 11 62 18 20 44 22 50 9 89 81 66 29 14 81 8 22 23 92 34 38 90 33 41 24 14 37 7 38 34 22 70 5 90 27 95 72 63 72 37 65 95 39 59 99 84 57 52 5 94 10 12 95 88 64 39 39 64 58 68 90 40 3 28 31 24 6 15 32 75 94 6 44 73 55 20 27 95 19 93 90 56 26 9 51 23 4 34 59 12 76 44 70 67 74 53 66 81 26 59 50 49 33 96 23 26 98 19 16 1 91 100 75 42 33 9 24 32 57 13 32 57 28 83 81 
62 14 8 70 3 27 88 4 83 52 93 85 15 39 14 1 94 24 24 31 35 75 22 80 84 84 47 18 84 23 55 27 46 30 28 85 3 8 67 22 20 82 72 98 36 72 86 39 50 35 11 67 63 8 28 98 62 91 1 83 74 67 33 91 22 73 34 72 90 64 32 37 76 66 21 12 100 37 25 62 30 15 72 48 6 45 97 26 46 57 44 35 59 9 95 53 97 57 15 51 81 10 93 12 84 79 82 82 44 69 14 89 80 72 80 42 94 48 29 96 9 21 76 44 30 95 88 100 
81 22 70 59 55 34 58 34 22 47 74 72 44 33 38 2 79 23 33 47 53 42 62 68 99 3 7 85 92 95 25 93 62 63 19 63 15 61 60 48 3 77 36 1 31 82 20 64 81 35 69 16 11 63 15 91 73 54 49 6 77 15 67 14 81 89 8 19 68 79 63 54 40 32 73 67 10 46 89 83 77 40 56 24 6 90 91 20 84 2 6 74 10 60 28 62 71 26 32 15 47 96 43 35 32 96 47 95 6 17 60 43 46 75 21 16 69 89 46 18 63 70 92 40 11 80 23 36 
59 3 99 68 61 89 85 25 41 87 60 38 21 8 7 82 71 73 21 28 20 96 59 18 79 78 62 22 76 22 37 58 89 36 3 34 56 70 64 19 31 80 14 60 40 57 47 66 4 99 5 24 66 65 47 60 95 66 36 13 41 63 20 92 6 48 96 97 7 27 69 47 54 96 41 87 6 72 91 18 48 21 1 12 24 63 76 7 55 89 67 10 92 74 64 66 10 60 12 55 76 79 12 86 19 84 9 4 59 87 28 96 41 75 15 25 12 92 44 93 89 71 53 32 24 26 55 66 
11 40 83 24 4 26 5 22 34 88 31 21 1 42 62 20 87 75 18 90 33 32 37 70 23 96 93 40 41 72 69 63 57 95 99 73 97 73 39 93 73 73 47 17 70 53 76 54 65 73 59 75 19 31 98 9 85 8 22 50 16 84 68 40 27 42 3 97 27 75 95 97 43 42 53 58 48 35 65 9 68 92 42 25 50 11 21 88 80 68 34 66 80 55 38 64 79 52 13 9 90 58 54 53 25 5 12 88 95 44 64 67 86 29 15 18 81 91 64 33 3 5 45 25 70 54 40 74 
29 49 53 72 16 36 29 57 4 74 27 24 61 35 100 53 85 88 10 70 82 27 22 73 60 87 72 48 99 1 94 97 64 4 39 17 3 67 99 87 98 15 95 27 45 76 37 84 32 60 61 45 63 81 82 13 55 95 84 55 76 1 8 49 42 100 54 79 1 76 32 6 82 11 39 96 1 98 60 30 87 7 44 45 28 61 6 92 53 31 74 73 19 23 39 64 79 18 61 25 15 6 80 14 62 85 46 64 79 62 56 49 69 41 53 65 9 25 75 27 95 100 64 63 55 20 11 99 
7 99 2 50 78 58 9 19 92 71 72 96 86 75 37 65 15 50 65 90 18 82 49 70 37 16 55 28 9 23 70 22 2 3 84 16 97 27 49 42 73 52 91 37 52 31 7 72 47 47 80 35 38 66 94 77 80 7 37 19 17 53 88 69 29 17 90 15 33 66 43 1 2 37 13 24 95 27 64 93 39 30 71 19 30 14 2 97 86 95 51 66 97 96 27 5 38 4 71 90 91 17 46 94 66 80 7 69 72 52 90 81 14 27 2 95 30 61 23 87 81 43 16 12 51 25 46 44 
37 51 22 5 5 26 66 58 49 19 70 83 2 35 50 95 50 51 59 23 66 9 33 7 64 40 53 8 37 64 81 96 49 25 40 15 45 39 77 52 59 12 13 13 58 31 16 82 86 31 11 53 43 99 19 27 68 2 18 90 76 84 25 93 10 28 14 83 14 1 10 16 2 45 72 26 85 56 31 8 78 26 82 13 7 62 76 58 63 14 34 7 37 63 61 56 34 6 93 82 36 5 58 92 29 84 91 90 91 13 35 8 53 43 45 88 35 44 33 86 88 77 60 91 6 75 70 4 
44 10 1 24 43 62 94 33 10 11 50 20 5 83 44 50 3 18 46 50 80 14 52 86 50 74 8 49 13 43 45 65 11 65 14 70 6 95 95 51 18 100 47 34 95 17 34 95 78 57 36 35 28 3 55 56 70 5 20 58 50 11 30 50 96 20 93 87 97 62 79 94 21 48 96 63 11 75 54 88 76 62 78 82 81 34 70 9 71 69 50 79 38 30 28 74 55 30 20 75 29 56 95 78 53 96 2 71 37 50 78 42 87 86 33 87 13 93 79 36 62 72 70 21 62 63 21 82 
24 14 18 99 84 24 30 33 91 25 14 73 45 70 80 93 36 49 65 6 98 38 63 91 87 74 59 6 16 60 44 57 5 88 66 81 71 96 37 92 53 76 46 84 44 31 47 17 90 38 73 48 15 6 1 72 58 76 17 96 13 69 25 70 11 84 49 64 36 43 26 66 70 97 59 81 98 44 66 62 25 24 91 15 31 11 97 8 84 64 56 60 65 28 43 58 66 59 84 44 96 56 2 71 36 61 18 82 67 50 7 84 31 46 24 25 17 9 13 46 23 31 34 61 1 5 72 58 
87 70 38 44 86 84 88 20 17 88 97 9 4 15 27 97 25 16 88 51 33 3 84 99 65 25 82 25 24 36 85 2 69 18 31 77 67 28 61 90 75 37 91 46 49 72 31 14 77 48 68 99 18 10 58 33 31 89 19 23 88 38 50 86 3 36 51 4 63 1 72 74 93 90 10 86 77 23 8 83 71 70 74 17 15 82 40 45 51 79 20 81 44 45 18 17 86 89 66 59 43 36 39 23 78 5 98 43 96 26 15 14 61 37 70 83 71 75 77 70 25 24 62 83 23 67 86 15 
63 3 92 30 97 50 95 1 34 32 44 40 1 5 34 42 99 14 81 92 63 23 38 99 46 53 93 76 40 67 89 57 90 79 30 37 16 97 40 48 14 63 65 40 90 76 18 46 75 6 51 93 46 91 82 88 36 8 17 8 51 7 99 37 93 97 41 42 24 20 41 28 67 65 96 90 23 60 7 68 35 93 39 3 32 16 96 35 43 54 8 43 23 17 50 100 39 45 76 8 49 29 91 88 14 72 95 61 75 59 77 97 36 37 80 83 14 30 9 99 76 32 77 6 12 21 49 62 
47 11 79 54 6 71 83 11 8 29 38 46 4 80 71 25 15 95 86 69 36 29 72 76 13 57 80 11 4 87 49 88 22 79 52 98 29 85 11 28 88 14 45 13 6 89 70 12 99 95 19 52 33 95 86 6 13 89 15 83 24 98 33 47 33 9 11 89 21 73 75 25 84 55 90 24 81 69 44 97 47 25 18 37 55 59 23 72 84 55 24 98 99 69 58 69 91 17 68 67 73 22 65 60 46 14 42 10 72 26 29 77 99 72 16 62 79 68 83 100 51 33 82 5 42 27 97 8 
54 57 19 95 83 34 86 20 53 71 50 81 58 98 50 85 22 17 21 91 5 45 94 43 40 33 19 73 79 79 89 82 37 68 81 68 80 61 63 3 44 66 25 93 16 13 14 48 17 50 61 31 85 1 17 3 53 26 10 82 27 34 43 23 47 83 60 13 72 96 83 66 71 44 58 30 81 13 56 38 52 53 71 28 23 40 92 41 22 92 73 11 58 11 95 29 100 25 7 80 35 30 81 46 50 75 84 31 3 62 80 65 76 76 24 17 59 6 61 20 53 34 76 66 84 27 46 94 
6 81 93 57 66 56 52 19 1 90 25 16 15 42 43 40 66 65 37 47 48 2 66 31 66 76 33 31 34 21 4 32 68 98 1 90 18 25 35 98 69 29 50 89 17 30 51 72 98 86 86 48 58 46 30 70 62 12 35 45 1 37 47 88 53 77 65 69 83 6 89 28 90 36 95 89 29 86 89 1 32 88 25 55 7 64 46 48 64 25 74 98 81 3 22 97 68 41 94 6 10 84 18 75 40 6 52 66 100 20 47 72 35 57 26 14 9 75 73 64 12 30 30 87 65 44 63 56 
65 93 64 46 42 82 55 81 10 76 35 68 77 7 20 14 82 7 98 12 16 90 37 16 22 77 60 70 2 58 8 77 97 52 96 82 7 51 37 83 83 6 39 55 62 71 51 86 71 82 28 65 12 40 61 100 55 41 58 53 33 39 56 55 68 60 54 4 37 3 3 86 6 64 25 66 69 28 57 29 64 41 99 95 4 29 26 52 98 79 44 46 89 99 25 79 12 13 61 24 5 42 85 30 5 41 1 55 1 43 8 27 67 74 2 2 36 68 86 82 20 98 65 83 26 72 83 22 
77 94 83 18 24 78 30 70 69 29 69 10 30 41 27 33 51 63 22 71 3 10 73 17 24 52 18 70 12 30 40 81 76 63 56 67 54 64 63 43 25 54 48 37 99 31 50 41 14 32 26 9 47 33 44 76 41 67 32 100 28 36 30 27 67 48 15 34 52 74 24 59 37 52 25 15 9 43 27 85 68 88 67 55 56 36 12 41 63 50 77 3 96 80 41 78 93 44 73 77 35 22 63 31 86 74 11 86 1 60 27 27 38 58 63 44 19 87 20 4 24 76 51 62 8 88 19 35 
76 33 7 65 74 25 18 87 89 73 100 88 72 10 33 34 70 8 43 63 90 96 79 24 39 46 15 37 97 11 70 30 97 52 56 45 34 35 42 86 92 37 71 81 8 75 94 37 91 66 98 38 78 44 37 30 7 84 59 45 1 8 98 21 86 16 11 63 63 83 50 73 67 21 43 8 29 7 2 37 63 60 62 18 61 12 20 60 43 73 11 82 22 90 74 30 26 80 43 14 86 46 82 27 44 31 17 14 96 61 13 61 38 66 69 2 92 8 33 36 16 54 9 27 33 30 77 74 
27 45 25 8 3 31 49 45 22 67 9 58 37 11 64 3 79 78 93 76 94 94 13 58 92 61 17 54 53 22 47 39 86 61 72 89 93 43 19 29 2 14 74 83 71 48 68 57 24 90 61 60 7 86 74 40 16 41 98 19 82 72 22 40 5 90 35 23 92 20 41 17 2 64 37 6 11 7 48 14 51 47 24 53 99 32 34 50 27 73 52 9 77 94 48 46 74 95 34 15 77 83 47 37 6 30 77 91 33 91 50 47 88 46 49 38 3 93 24 33 46 51 68 5 90 34 29 83 
84 44 92 99 41 31 13 49 83 43 58 94 19 60 85 11 62 99 92 93 65 89 15 19 63 85 94 100 59 91 21 14 18 36 95 68 66 11 3 59 33 55 23 61 72 37 53 57 65 89 6 35 23 31 10 2 52 86 94 67 79 54 15 87 79 48 59 6 66 46 90 3 98 20 96 47 64 47 6 18 16 49 85 16 46 6 51 55 9 71 1 19 77 97 42 45 15 5 84 27 59 12 5 30 57 17 74 90 99 46 74 33 95 31 54 6 74 61 72 18 94 85 71 39 50 3 6 37 
40 74 91 92 39 62 53 63 51 68 94 33 45 20 42 93 58 48 50 100 22 39 86 44 59 18 48 38 72 65 31 43 29 60 80 80 47 95 52 38 69 77 39 67 43 2 43 52 59 17 35 16 64 4 53 73 79 50 83 68 36 25 23 72 18 60 67 92 68 5 90 51 94 1 21 19 48 75 98 41 9 59 3 63 91 46 79 100 13 77 96 2 44 97 8 54 50 20 81 81 59 51 50 40 23 53 71 98 21 20 31 27 38 52 11 71 11 16 90 47 7 77 96 65 81 51 39 49 
41 91 52 43 35 31 20 34 63 90 23 82 61 36 45 86 46 97 23 51 8 85 43 18 32 69 88 19 52 74 94 31 76 88 10 41 9 51 79 94 3 98 86 5 76 42 97 21 84 82 9 9 74 25 24 84 88 77 40 54 99 39 86 67 59 57 91 40 40 5 26 98 3 96 35 79 79 81 26 62 16 31 38 28 15 50 72 100 71 32 2 100 88 70 35 70 90 47 59 67 8 35 79 80 34 50 14 98 61 77 99 49 53 77 61 8 36 45 38 40 58 97 16 20 22 82 23 90 
70 74 87 32 98 30 22 55 96 85 46 87 47 53 64 92 93 12 49 61 58 85 2 51 94 57 90 41 13 83 62 14 73 93 16 76 1 27 60 90 97 63 62 59 98 36 53 18 1 9 68 68 36 95 46 72 81 55 85 55 4 64 89 39 84 72 3 75 8 7 25 89 80 43 3 45 49 47 19 15 95 58 57 60 66 91 32 24 25 65 83 38 61 91 69 62 59 94 48 45 88 84 15 57 38 9 7 62 53 57 49 26 4 36 69 90 33 99 97 25 26 34 28 62 73 64 53 74 
89 22 46 86 67 75 10 74 73 92 72 70 47 53 74 14 47 2 55 47 86 17 61 57 85 60 91 94 57 54 65 97 82 93 46 45 95 8 22 29 39 18 82 25 41 10 11 53 19 79 74 3 37 89 86 77 8 52 17 64 26 27 34 8 18 92 92 1 88 16 72 48 33 80 37 71 73 71 41 22 76 35 11 88 43 100 63 13 100 24 3 73 24 75 8 36 57 13 12 20 82 45 73 29 32 30 12 32 47 29 12 64 77 86 100 56 31 5 58 13 60 67 80 29 10 5 95 90 
60 51 70 17 78 30 23 13 25 88 63 58 58 53 67 43 88 13 61 49 76 91 72 9 95 55 48 3 42 57 46 39 42 26 26 68 43 54 29 45 28 41 54 13 49 90 27 66 20 15 84 100 54 56 51 3 7 72 81 82 40 99 13 62 87 25 98 23 94 2 67 54 13 12 6 18 64 61 65 89 98 94 29 10 40 68 3 79 18 66 18 1 96 89 91 5 22 53 10 78 23 30 33 67 16 16 28 8 80 72 20 11 55 96 41 87 21 19 42 70 23 44 10 23 69 64 91 26 
86 21 62 29 44 36 83 69 51 8 35 12 78 29 25 73 24 57 99 75 66 19 4 7 21 6 55 27 69 81 7 11 26 69 98 18 23 74 43 23 92 13 31 78 36 88 98 42 25 64 35 69 96 86 27 9 19 56 33 11 50 1 55 89 66 83 84 6 14 82 41 2 46 75 39 48 51 18 54 76 26 40 28 73 68 4 73 47 60 95 37 81 77 43 50 30 71 47 43 79 96 54 30 31 77 66 6 25 91 43 24 21 64 14 7 18 14 77 46 90 66 19 93 22 16 33 60 79 
71 82 92 92 86 9 66 90 87 65 94 32 77 25 39 33 39 38 52 22 25 94 16 48 24 2 46 86 64 44 35 55 49 41 52 32 53 10 31 11 16 58 84 33 18 91 60 18 54 22 70 90 41 28 15 66 25 63 72 25 40 82 85 58 69 51 71 5 47 25 59 64 56 44 50 9 80 61 15 93 21 20 14 48 54 73 38 47 11 80 61 60 8 4 48 18 58 43 51 53 99 30 92 21 4 76 20 84 9 28 7 41 85 65 43 60 10 99 98 4 39 31 28 13 73 37 96 6 
77 68 78 92 36 74 13 18 11 84 88 54 100 18 60 87 77 68 79 78 41 49 86 18 52 55 16 48 65 18 17 13 67 9 41 80 76 47 44 80 44 83 38 49 76 74 83 91 10 66 49 24 27 91 77 46 46 93 95 81 68 17 27 20 37 52 31 16 59 95 69 23 99 69 83 82 34 79 8 10 78 58 44 26 73 77 27 72 23 82 82 93 38 40 30 94 54 38 15 15 62 14 57 2 59 67 33 81 70 62 25 27 40 99 60 55 71 12 8 50 38 46 26 71 37 70 65 6 
16 51 75 71 68 17 64 12 16 41 52 94 47 78 97 90 64 22 57 28 97 34 56 3 88 1 60 51 60 69 38 26 69 50 72 64 36 59 53 79 13 37 87 83 28 42 85 74 75 85 32 38 88 100 37 26 17 90 36 37 87 100 10 80 45 74 67 72 89 58 11 76 17 29 28 59 76 44 37 92 77 92 37 52 22 47 71 42 12 50 65 20 26 93 10 16 76 56 4 9 23 77 31 62 80 57 86 27 13 76 35 40 6 82 100 46 62 85 64 98 83 63 16 58 94 54 22 7 
36 28 3 88 91 91 95 37 64 16 95 86 16 56 34 32 51 75 69 38 57 88 99 29 62 75 84 68 81 68 59 61 87 16 7 19 78 8 41 41 2 7 15 82 52 85 28 1 100 68 99 43 62 2 46 81 77 18 48 24 39 22 5 1 60 6 10 9 27 12 73 1 53 48 24 76 76 30 16 67 7 27 74 34 95 70 91 13 74 87 26 35 78 28 93 2 29 30 45 89 73 81 4 2 76 71 82 93 100 84 63 94 42 44 98 33 80 5 19 47 64 4 52 19 95 59 75 42 
19 100 88 59 92 20 10 6 27 66 31 48 88 93 59 34 69 85 34 70 26 73 71 21 73 88 93 73 3 22 69 22 34 86 41 34 71 22 22 98 66 53 86 61 67 15 15 90 88 36 96 80 25 68 46 11 83 63 92 99 31 51 47 7 81 16 67 13 60 13 69 66 75 70 53 45 91 46 70 69 20 21 41 79 19 22 30 96 28 19 39 71 18 69 27 33 93 84 62 84 50 81 5 21 15 68 58 43 32 61 84 71 75 89 87 79 24 36 6 64 61 95 37 100 90 38 47 97 
-1 1 -1 -1 1 1 1 1 -1 -1 1 -1 -1 1 1 1 -1 -1 1 1 1 1 1 1 1 1 1 -1 1 -1 -1 1 -1 -1 -1 1 1 1 1 1 1 -1 -1 -1 1 -1 1 -1 1 -1 1 1 -1 -1 1 1 -1 1 -1 1 1 -1 1 -1 -1 -1 -1 -1 1 -1 -1 1 -1 1 1 1 -1 1 1 -1 -1 -1 -1 1 1 1 1 1 -1 1 1 -1 1 -1 -1 1 -1 1 -1 -1 1 1 -1 -1 -1 1 1 -1 1 -1 -1 1 1 -1 -1 1 1 -1 -1 1 1 1 1 -1 -1 1 -1 -1 
1 -1 1 -1 -1 -1 -1 -1 1 -1 1 1 -1 -1 1 1 1 -1 1 1 -1 -1 1 -1 -1 -1 1 -1 1 1 -1 1 1 1 -1 -1 1 -1 1 1 -1 1 -1 -1 1 -1 1 1 -1 -1 -1 -1 -1 1 -1 1 -1 1 -1 -1 1 -1 -1 1 1 -1 1 -1 -1 1 1 1 -1 -1 -1 1 -1 -1 -1 -1 -1 -1 -1 1 -1 1 -1 -1 1 1 1 1 -1 -1 1 -1 1 1 1 -1 1 1 1 -1 -1 1 -1 1 -1 -1 1 1 -1 -1 -1 1 -1 -1 -1 -1 -1 1 -1 1 -1 1 -1 1 
-1 1 1 -1 -1 -1 -1 -1 1 1 1 -1 1 -1 -1 1 -1 1 -1 1 1 -1 -1 1 -1 -1 1 -1 -1 -1 1 1 1 -1 1 1 1 1 1 -1 -1 -1 -1 -1 1 -1 1 1 1 1 1 -1 1 1 1 1 1 1 -1 -1 -1 -1 1 1 -1 1 1 -1 1 -1 -1 1 -1 -1 1 1 1 1 1 -1 1 1 1 -1 1 1 1 -1 1 1 -1 -1 1 -1 1 1 -1 1 1 1 1 -1 -1 1 -1 -1 1 -1 -1 -1 -1 1 1 1 -1 1 1 1 1 1 1 1 -1 1 1 1 1 1 
-1 -1 -1 1 1 -1 -1 1 -1 1 -1 -1 -1 1 1 1 -1 -1 1 1 -1 -1 -1 1 -1 -1 -1 -1 -1 1 1 -1 1 1 -1 1 -1 -1 -1 -1 -1 -1 -1 -1 1 1 -1 -1 1 1 1 -1 -1 1 -1 -1 -1 1 -1 1 1 1 1 1 1 -1 -1 1 -1 1 1 1 -1 1 -1 1 1 -1 1 -1 -1 -1 -1 1 -1 1 1 -1 1 -1 1 1 -1 1 1 -1 -1 1 -1 -1 -1 -1 1 -1 -1 -1 1 -1 -1 1 1 1 1 1 1 1 -1 -1 -1 1 1 1 1 -1 -1 1 1 1 
1 -1 -1 1 1 1 -1 -1 -1 -1 1 1 -1 1 1 -1 -1 -1 1 -1 -1 -1 1 -1 1 -1 1 1 -1 1 -1 1 -1 1 1 -1 -1 -1 -1 1 -1 1 -1 1 1 1 -1 1 1 -1 -1 -1 1 -1 1 1 1 1 1 1 1 1 -1 1 1 1 -1 1 1 1 1 -1 1 1 -1 1 -1 1 -1 1 -1 1 1 -1 -1 -1 -1 -1 -1 -1 -1 1 1 1 1 -1 -1 1 1 -1 1 1 1 -1 -1 -1 -1 1 -1 1 1 -1 1 1 -1 1 1 -1 -1 1 1 1 -1 -1 1 -1 1 1 
1 -1 -1 -1 1 1 1 1 -1 -1 -1 -1 -1 -1 1 1 -1 -1 -1 1 -1 1 1 1 1 1 -1 1 -1 1 -1 1 1 1 -1 1 1 -1 -1 -1 1 -1 1 -1 1 1 -1 1 -1 1 -1 1 -1 1 -1 1 -1 1 1 1 1 1 1 -1 1 -1 1 -1 -1 1 -1 -1 1 -1 -1 1 -1 -1 1 1 -1 1 1 1 1 -1 1 -1 1 1 -1 -1 1 -1 1 1 1 1 -1 1 1 -1 -1 1 1 1 1 -1 1 1 1 -1 1 -1 1 -1 1 -1 -1 1 -1 1 -1 -1 1 -1 1 -1 
1 -1 -1 -1 -1 1 1 1 -1 -1 1 -1 -1 1 -1 -1 1 -1 1 1 1 -1 1 -1 1 -1 1 -1 1 -1 -1 1 1 -1 1 -1 -1 1 1 -1 1 -1 -1 -1 1 -1 -1 1 -1 1 1 1 -1 -1 -1 1 -1 -1 -1 -1 -1 -1 1 -1 -1 1 1 1 1 1 1 -1 1 -1 -1 1 -1 -1 -1 -1 1 -1 -1 -1 1 -1 1 1 1 1 -1 1 1 -1 1 1 -1 1 -1 1 1 1 -1 1 1 1 -1 -1 1 1 -1 1 -1 -1 1 -1 -1 -1 1 -1 -1 1 -1 -1 1 1 1 1 
1 -1 -1 1 -1 1 1 -1 1 1 1 -1 -1 -1 1 -1 1 1 -1 1 1 -1 1 1 -1 -1 -1 -1 1 1 1 1 1 1 -1 -1 1 -1 -1 -1 -1 -1 1 1 1 -1 1 -1 -1 -1 1 -1 -1 -1 1 -1 -1 -1 1 -1 1 1 -1 -1 1 -1 -1 1 -1 1 -1 -1 -1 1 1 -1 -1 -1 -1 1 -1 1 1 1 -1 1 1 -1 1 1 1 -1 1 -1 -1 -1 1 -1 1 1 1 -1 1 1 -1 1 -1 1 1 1 -1 -1 -1 1 1 -1 -1 1 -1 1 1 1 1 -1 1 -1 1 -1 
-1 1 1 -1 -1 -1 -1 1 -1 -1 1 1 -1 1 -1 -1 -1 1 1 1 1 1 -1 1 1 1 -1 -1 1 -1 1 -1 -1 1 -1 1 1 -1 1 1 1 1 1 -1 -1 -1 1 1 -1 1 -1 -1 1 1 1 -1 1 -1 -1 -1 -1 1 -1 1 1 -1 -1 1 1 1 1 1 1 -1 1 1 -1 1 -1 1 1 1 1 1 1 -1 -1 1 1 -1 1 -1 -1 1 -1 1 1 -1 -1 -1 1 -1 -1 1 -1 1 -1 1 -1 1 1 -1 1 1 1 1 -1 -1 -1 1 1 1 -1 -1 1 -1 -1 1 
-1 -1 1 1 -1 -1 -1 1 -1 1 -1 -1 -1 1 1 -1 -1 -1 1 -1 1 -1 1 1 1 -1 1 -1 1 1 -1 -1 -1 -1 1 1 -1 1 -1 -1 1 1 -1 -1 -1 -1 1 -1 -1 1 1 1 1 1 1 1 -1 -1 1 1 1 1 1 1 -1 1 -1 1 1 -1 1 -1 1 1 1 1 -1 -1 -1 1 1 1 1 1 1 1 -1 1 1 1 -1 1 -1 1 -1 1 1 1 1 -1 -1 -1 -1 -1 -1 1 1 -1 -1 1 1 -1 -1 -1 1 1 -1 -1 -1 -1 1 1 1 1 1 1 1 -1 
1 1 1 -1 1 -1 1 1 1 -1 1 1 -1 1 -1 1 -1 1 -1 -1 1 1 1 1 1 -1 -1 1 1 1 1 1 1 1 -1 -1 -1 1 -1 -1 -1 -1 1 1 1 1 1 -1 -1 1 1 1 1 1 1 -1 -1 1 1 1 -1 -1 1 1 -1 -1 -1 -1 -1 -1 1 -1 -1 -1 -1 -1 1 -1 1 -1 1 1 -1 1 -1 1 -1 1 -1 1 -1 -1 -1 -1 1 1 1 -1 -1 -1 -1 -1 -1 1 1 -1 1 1 -1 -1 1 1 1 1 1 -1 -1 -1 -1 -1 1 1 -1 1 -1 1 -1 1 
-1 1 -1 -1 1 -1 -1 -1 1 -1 1 1 -1 1 -1 -1 -1 1 -1 -1 1 -1 -1 1 -1 1 1 -1 1 -1 1 1 -1 -1 -1 -1 -1 -1 -1 -1 -1 -1 1 1 -1 -1 1 -1 -1 -1 -1 -1 1 1 -1 -1 -1 -1 1 -1 1 1 1 1 1 -1 1 -1 1 -1 1 -1 1 1 -1 1 -1 -1 1 1 1 -1 -1 1 1 -1 -1 -1 1 1 -1 -1 -1 -1 1 -1 1 -1 -1 -1 -1 -1 1 1 -1 1 -1 1 -1 1 -1 -1 -1 -1 -1 -1 -1 1 -1 -1 1 -1 1 -1 1 1 1 -1 
-1 -1 1 -1 -1 -1 -1 -1 -1 -1 -1 -1 1 -1 -1 -1 1 -1 1 1 1 1 -1 1 1 -1 -1 1 1 1 -1 -1 1 1 -1 -1 1 -1 1 -1 -1 -1 -1 -1 -1 1 -1 1 -1 1 1 1 1 1 1 1 1 1 -1 1 -1 1 1 -1 1 1 1 -1 -1 -1 1 -1 1 1 -1 -1 -1 1 1 1 -1 -1 1 -1 1 -1 -1 -1 1 1 -1 -1 -1 -1 1 1 -1 -1 1 -1 -1 1 1 -1 1 1 -1 1 1 -1 -1 1 1 1 1 -1 1 1 -1 -1 -1 1 1 1 1 -1 1 -1 
1 -1 -1 1 1 -1 1 -1 1 1 1 1 -1 1 -1 1 -1 1 -1 -1 -1 -1 1 -1 1 -1 -1 1 1 -1 -1 -1 1 -1 1 1 -1 -1 -1 1 1 -1 -1 1 -1 -1 1 -1 -1 -1 -1 1 1 -1 1 1 1 1 1 -1 1 1 1 -1 -1 -1 -1 -1 1 1 -1 1 -1 1 -1 1 -1 1 1 1 -1 -1 1 -1 1 -1 -1 1 -1 1 1 1 1 1 1 -1 1 -1 -1 -1 -1 -1 -1 1 1 1 -1 1 -1 1 1 1 1 1 1 1 -1 -1 1 1 1 1 -1 -1 1 -1 1 1 
1 1 -1 1 1 1 -1 1 -1 1 -1 -1 -1 -1 -1 1 1 -1 1 1 1 1 1 -1 -1 -1 -1 -1 -1 1 -1 -1 1 1 1 1 -1 1 -1 1 -1 1 1 1 -1 1 -1 -1 -1 -1 -1 -1 -1 -1 -1 1 -1 -1 -1 -1 1 -1 -1 1 1 1 -1 -1 -1 1 1 -1 1 1 -1 -1 1 -1 1 -1 1 -1 -1 -1 1 1 -1 1 -1 1 1 -1 1 -1 -1 -1 -1 1 1 -1 -1 -1 -1 -1 -1 -1 -1 1 1 1 -1 1 -1 1 1 -1 -1 1 -1 1 -1 1 -1 -1 1 -1 -1 -1 
1 1 1 1 -1 1 -1 -1 -1 -1 1 -1 -1 1 1 -1 1 1 1 1 -1 -1 -1 -1 -1 -1 -1 -1 1 1 1 1 -1 1 1 1 1 -1 -1 -1 -1 1 -1 -1 -1 -1 1 -1 -1 -1 1 1 -1 -1 -1 1 -1 -1 -1 -1 -1 1 1 1 -1 1 -1 -1 1 -1 1 -1 1 -1 -1 1 -1 1 1 1 1 1 1 1 1 1 -1 1 1 1 -1 -1 -1 1 -1 -1 1 -1 -1 1 1 -1 1 -1 -1 -1 1 -1 -1 -1 -1 1 1 1 1 1 -1 1 1 -1 1 1 1 1 -1 -1 1 -1 
-1 1 -1 -1 -1 -1 1 1 -1 -1 -1 -1 1 -1 1 1 1 1 1 1 -1 1 1 1 -1 -1 -1 1 -1 -1 1 1 1 1 1 1 -1 1 -1 1 1 1 1 -1 -1 1 1 1 1 -1 1 1 -1 1 1 1 -1 -1 1 -1 1 -1 -1 1 1 1 1 1 -1 1 1 -1 1 -1 1 1 1 -1 1 1 -1 1 1 -1 -1 1 -1 -1 1 1 1 -1 1 -1 1 -1 1 -1 -1 -1 -1 -1 1 -1 -1 1 -1 1 1 1 -1 1 -1 1 1 1 1 1 -1 -1 -1 1 1 -1 -1 1 1 1 
-1 -1 1 -1 -1 -1 -1 1 1 -1 1 1 -1 1 -1 1 1 1 -1 1 1 1 1 -1 -1 1 -1 -1 1 -1 1 -1 1 -1 1 -1 -1 1 -1 -1 -1 1 -1 1 1 -1 -1 -1 -1 -1 1 -1 -1 -1 -1 -1 -1 1 -1 -1 1 -1 1 1 1 1 1 -1 1 1 1 -1 -1 -1 -1 1 -1 1 -1 1 1 -1 -1 -1 1 -1 -1 -1 -1 1 -1 1 -1 1 -1 -1 1 1 -1 -1 -1 1 -1 1 -1 -1 1 1 -1 -1 1 1 -1 1 1 -1 1 1 1 1 -1 -1 -1 1 -1 1 1 1 
1 1 -1 1 1 -1 1 -1 1 1 -1 -1 1 -1 1 1 1 -1 1 1 -1 1 -1 1 -1 1 -1 1 1 -1 1 -1 1 1 -1 -1 -1 1 1 -1 -1 1 -1 -1 1 -1 1 -1 1 1 -1 1 1 1 -1 1 -1 1 1 -1 1 -1 -1 -1 -1 -1 1 -1 1 -1 1 1 1 1 1 -1 -1 -1 -1 1 -1 -1 1 1 1 -1 1 -1 1 1 -1 1 -1 1 -1 -1 -1 -1 1 1 1 -1 1 1 1 1 -1 -1 -1 1 -1 -1 -1 1 1 1 1 -1 -1 1 1 1 1 -1 1 -1 -1 -1 
1 1 1 1 -1 1 1 1 1 -1 -1 -1 1 -1 1 1 1 1 1 -1 1 -1 1 1 -1 1 -1 1 -1 -1 -1 1 -1 1 -1 1 -1 1 1 1 1 1 1 1 1 -1 1 -1 1 1 1 -1 -1 -1 -1 -1 1 -1 -1 -1 1 1 -1 -1 -1 -1 1 1 -1 1 1 -1 1 -1 -1 -1 -1 -1 -1 1 1 1 -1 1 -1 1 1 1 -1 -1 -1 1 -1 -1 -1 -1 1 1 1 1 1 -1 1 -1 -1 1 -1 1 1 1 1 -1 1 1 -1 1 1 1 -1 -1 1 -1 -1 1 1 1 1 1 
1 -1 1 -1 -1 -1 1 1 1 1 1 1 1 -1 1 -1 -1 1 -1 1 1 -1 -1 1 1 -1 1 1 -1 -1 -1 -1 1 -1 1 1 -1 1 -1 -1 -1 -1 -1 1 1 1 -1 1 -1 -1 1 1 1 -1 1 -1 1 -1 1 -1 -1 1 1 -1 1 -1 1 1 -1 -1 1 1 1 -1 1 -1 -1 1 1 -1 1 1 -1 1 -1 -1 1 -1 1 -1 -1 -1 1 -1 1 -1 1 -1 -1 -1 1 -1 -1 -1 -1 1 -1 1 1 1 1 -1 1 1 1 -1 1 -1 1 1 1 -1 1 1 1 1 1 1 
1 -1 -1 -1 -1 1 -1 -1 1 -1 1 -1 1 -1 1 -1 1 1 1 -1 -1 1 1 -1 -1 1 -1 1 1 -1 1 1 1 1 -1 -1 1 1 1 -1 -1 -1 -1 -1 1 -1 1 1 -1 -1 1 -1 -1 1 -1 1 1 1 1 -1 -1 1 1 -1 1 1 1 -1 1 -1 -1 -1 1 1 -1 -1 -1 1 1 -1 1 -1 1 1 1 1 1 -1 -1 -1 -1 -1 1 -1 -1 -1 1 -1 -1 -1 -1 1 -1 1 -1 1 1 -1 1 -1 1 -1 1 1 -1 1 1 -1 -1 -1 -1 1 -1 -1 1 1 -1 -1 
1 1 -1 -1 1 1 1 1 -1 1 1 -1 -1 1 1 -1 1 1 -1 1 -1 1 1 1 -1 1 -1 -1 -1 1 -1 -1 -1 -1 1 1 1 -1 1 -1 1 1 -1 1 1 1 1 -1 -1 1 1 -1 1 1 1 -1 -1 1 1 1 1 1 -1 -1 1 1 -1 -1 -1 -1 -1 -1 -1 1 1 -1 -1 1 -1 -1 1 1 1 -1 1 -1 -1 1 1 1 1 1 -1 1 -1 -1 1 1 -1 1 -1 1 -1 1 1 1 -1 1 1 1 -1 -1 -1 1 -1 1 -1 -1 -1 -1 1 -1 1 -1 1 -1 -1 -1 
1 -1 1 1 -1 1 -1 1 1 1 1 1 1 -1 -1 -1 1 -1 1 1 1 -1 1 1 1 -1 1 1 1 1 -1 -1 -1 1 1 1 -1 1 1 1 1 -1 1 -1 -1 1 -1 1 -1 -1 1 -1 1 1 1 -1 -1 -1 1 1 -1 1 1 -1 1 1 -1 1 1 -1 -1 -1 -1 1 -1 -1 -1 1 1 1 1 -1 1 -1 -1 1 1 1 1 1 1 -1 -1 1 -1 1 -1 1 -1 1 -1 -1 -1 -1 1 -1 1 -1 -1 -1 -1 -1 1 -1 -1 1 1 -1 -1 -1 -1 1 1 -1 -1 1 -1 1 
1 -1 -1 -1 1 1 1 -1 1 1 1 -1 1 1 -1 -1 -1 -1 -1 -1 1 -1 -1 1 -1 -1 -1 -1 1 1 -1 1 -1 -1 -1 1 1 -1 -1 -1 -1 1 -1 1 1 1 1 1 1 1 -1 -1 1 -1 1 1 1 -1 -1 -1 1 -1 1 -1 1 -1 -1 -1 -1 -1 -1 -1 1 -1 -1 -1 -1 1 1 1 -1 1 1 -1 1 1 -1 1 -1 1 -1 1 1 -1 -1 1 1 -1 -1 1 1 -1 1 -1 1 1 -1 -1 1 1 -1 1 -1 1 -1 1 1 -1 -1 -1 1 -1 1 1 -1 -1 1 -1 
1 -1 -1 -1 -1 1 -1 -1 1 -1 -1 1 -1 -1 -1 -1 -1 1 1 1 -1 1 1 -1 -1 -1 -1 -1 -1 -1 -1 -1 1 1 1 -1 1 1 -1 1 -1 1 -1 -1 -1 -1 -1 1 -1 -1 1 -1 1 -1 -1 -1 -1 1 -1 1 -1 1 -1 1 1 1 1 1 -1 -1 1 -1 -1 1 -1 -1 -1 1 1 1 1 1 -1 -1 -1 1 -1 1 1 -1 -1 -1 -1 1 1 1 1 1 1 -1 -1 1 -1 -1 1 -1 -1 -1 -1 -1 1 1 -1 1 -1 1 -1 -1 1 1 -1 1 -1 1 -1 -1 -1 1 
1 1 1 -1 1 -1 1 -1 -1 1 -1 1 -1 -1 -1 -1 -1 -1 -1 -1 1 -1 -1 1 -1 -1 1 -1 1 -1 -1 1 -1 -1 -1 1 1 1 1 1 1 1 -1 1 1 -1 1 1 -1 -1 1 -1 -1 1 -1 1 1 1 -1 1 1 -1 -1 1 1 -1 1 -1 -1 1 -1 -1 -1 -1 -1 -1 1 -1 -1 -1 1 -1 1 -1 1 -1 -1 -1 -1 1 -1 -1 1 -1 -1 -1 1 -1 -1 -1 -1 1 -1 -1 1 1 -1 -1 1 -1 -1 1 -1 1 1 -1 -1 1 1 -1 -1 -1 1 -1 1 -1 -1 1 
-1 -1 -1 -1 1 1 -1 -1 -1 -1 1 -1 1 1 -1 -1 1 -1 1 1 1 1 -1 1 -1 -1 -1 1 1 1 1 1 1 -1 -1 -1 1 -1 -1 1 1 1 1 1 -1 1 1 -1 -1 1 -1 1 -1 -1 1 1 1 1 -1 -1 1 -1 -1 1 1 1 1 -1 1 -1 -1 1 -1 1 -1 1 -1 -1 -1 1 1 -1 1 -1 -1 1 -1 1 -1 1 1 1 -1 -1 -1 -1 -1 1 1 -1 1 1 1 -1 -1 -1 -1 -1 1 -1 1 -1 -1 1 -1 1 -1 1 -1 1 -1 -1 1 -1 1 1 -1 -1 
1 1 -1 -1 -1 -1 1 1 1 1 1 1 1 1 -1 1 -1 1 1 -1 -1 1 -1 1 1 -1 1 1 1 1 1 -1 1 -1 -1 -1 -1 1 1 1 1 -1 -1 -1 -1 1 1 1 1 -1 -1 -1 -1 -1 1 -1 -1 -1 1 -1 1 1 -1 1 1 1 -1 1 1 1 -1 -1 -1 1 -1 1 -1 1 1 1 -1 -1 1 1 1 -1 1 -1 -1 -1 1 1 1 1 1 1 1 -1 -1 1 1 -1 -1 1 -1 -1 -1 1 -1 1 -1 1 1 -1 -1 1 -1 -1 1 -1 -1 1 1 1 1 1 -1 1 
-1 1 -1 1 1 1 -1 1 -1 1 1 -1 1 -1 1 1 -1 -1 -1 -1 -1 -1 1 1 1 -1 -1 1 1 -1 -1 1 1 -1 1 -1 -1 -1 -1 -1 -1 1 1 1 -1 -1 -1 1 1 1 1 -1 1 1 1 -1 1 1 1 1 -1 -1 -1 1 1 -1 1 -1 1 1 1 1 -1 -1 -1 1 1 1 1 1 1 1 1 1 1 1 -1 -1 1 -1 1 1 -1 -1 -1 -1 -1 1 1 -1 1 -1 1 -1 1 1 -1 1 -1 -1 -1 1 1 1 -1 -1 1 -1 -1 -1 -1 1 1 1 1 1 -1 1 
-1 -1 1 1 -1 -1 -1 1 1 -1 1 1 -1 -1 -1 1 1 1 1 -1 -1 1 -1 -1 -1 -1 -1 1 1 -1 -1 1 1 -1 -1 -1 -1 1 -1 1 -1 -1 -1 1 -1 -1 -1 1 1 1 -1 1 -1 1 -1 1 1 -1 1 -1 -1 -1 1 -1 1 -1 -1 1 -1 1 1 -1 1 1 -1 -1 1 -1 -1 -1 1 1 -1 1 1 1 1 -1 -1 1 -1 1 -1 -1 1 1 -1 1 -1 1 -1 -1 -1 1 -1 -1 -1 -1 1 1 1 -1 -1 1 1 -1 1 1 -1 -1 1 -1 -1 1 -1 1 1 -1 
1 1 1 -1 1 1 1 1 -1 -1 1 1 -1 -1 -1 1 1 -1 -1 1 -1 1 -1 -1 1 -1 1 1 -1 1 1 1 -1 -1 -1 1 1 -1 1 -1 1 1 1 -1 1 -1 1 -1 -1 -1 1 -1 1 1 1 -1 1 -1 1 1 1 1 1 -1 1 -1 1 1 1 1 -1 -1 -1 -1 1 1 -1 -1 1 1 -1 -1 1 -1 -1 1 1 -1 -1 1 1 -1 1 -1 1 1 -1 -1 -1 -1 1 -1 1 -1 -1 1 -1 1 -1 1 -1 -1 -1 1 1 -1 1 -1 -1 1 1 -1 1 -1 1 -1 1 1 
-1 1 1 1 -1 1 1 1 -1 -1 1 -1 1 1 1 -1 1 1 1 -1 1 1 -1 -1 -1 1 -1 1 1 1 1 -1 -1 -1 1 1 1 1 -1 -1 1 -1 1 1 1 -1 -1 -1 1 1 1 -1 -1 1 -1 -1 1 -1 1 -1 -1 -1 -1 1 1 1 1 -1 1 1 -1 -1 1 1 1 1 1 -1 1 1 1 -1 -1 -1 1 1 -1 1 1 1 -1 -1 -1 -1 -1 -1 1 1 1 1 -1 -1 -1 1 1 -1 -1 -1 -1 -1 -1 -1 -1 1 1 -1 -1 -1 -1 1 1 -1 -1 -1 -1 -1 -1 -1 
-1 1 -1 1 1 1 -1 1 1 -1 1 -1 1 -1 1 1 1 -1 1 1 -1 1 -1 1 -1 1 -1 -1 -1 -1 -1 -1 -1 1 1 -1 1 1 1 1 -1 1 -1 -1 1 -1 1 -1 -1 -1 -1 -1 -1 -1 -1 -1 -1 1 1 1 1 -1 -1 -1 -1 1 -1 -1 -1 -1 1 -1 1 1 1 1 -1 1 1 -1 -1 -1 -1 1 1 1 1 -1 1 -1 -1 -1 1 -1 1 -1 1 -1 1 1 1 1 1 -1 -1 -1 1 -1 -1 -1 1 1 -1 -1 1 -1 -1 -1 -1 -1 -1 1 -1 -1 1 1 -1 1 
-1 -1 1 -1 1 -1 1 -1 -1 1 -1 -1 -1 1 1 1 1 1 -1 -1 1 -1 1 1 -1 1 -1 -1 -1 1 -1 -1 1 1 -1 -1 -1 -1 1 1 1 1 1 -1 1 1 -1 -1 1 -1 1 -1 -1 1 -1 1 -1 1 1 1 1 -1 1 1 1 1 1 1 1 1 -1 1 1 -1 -1 1 -1 1 -1 -1 1 -1 -1 -1 -1 1 1 -1 -1 1 1 -1 1 -1 -1 -1 -1 -1 1 -1 -1 -1 1 -1 -1 -1 1 1 -1 -1 -1 -1 1 1 1 -1 1 -1 -1 1 1 -1 1 1 1 1 -1 -1 
1 -1 1 1 -1 1 -1 -1 1 1 -1 -1 -1 1 1 1 1 -1 -1 1 1 -1 1 1 1 -1 1 -1 -1 -1 -1 1 1 -1 -1 1 -1 -1 1 -1 -1 -1 -1 -1 -1 1 1 1 -1 -1 1 1 1 1 1 -1 1 -1 1 -1 1 -1 1 1 1 1 -1 -1 1 1 1 1 1 1 -1 1 -1 -1 1 1 1 1 1 1 -1 -1 1 -1 -1 1 -1 1 -1 -1 -1 -1 1 1 1 1 1 -1 -1 -1 1 -1 1 -1 -1 1 -1 1 -1 -1 1 1 1 -1 1 -1 -1 1 1 -1 1 1 1 1 
1 1 1 -1 -1 1 -1 1 1 -1 -1 -1 1 -1 -1 1 -1 -1 -1 -1 -1 1 1 -1 1 1 1 1 -1 -1 -1 1 1 1 -1 -1 -1 1 -1 1 -1 -1 1 -1 -1 1 -1 1 1 1 -1 1 -1 -1 -1 -1 1 -1 -1 1 -1 -1 -1 1 1 -1 1 -1 1 1 1 1 1 -1 -1 1 1 1 1 -1 1 -1 1 1 -1 -1 1 -1 -1 -1 1 -1 -1 1 1 -1 -1 -1 1 -1 -1 -1 -1 1 -1 1 1 -1 1 1 -1 -1 -1 -1 -1 1 1 -1 1 1 1 -1 -1 -1 1 1 1 1 
1 -1 1 -1 -1 -1 1 -1 -1 1 1 -1 -1 -1 1 -1 1 1 1 1 1 1 -1 1 -1 1 1 -1 1 -1 1 -1 1 1 -1 -1 1 1 1 -1 -1 1 -1 -1 1 -1 -1 -1 -1 -1 1 -1 1 -1 -1 -1 -1 1 -1 -1 -1 1 1 -1 -1 1 -1 -1 1 -1 1 -1 -1 1 1 -1 -1 1 1 -1 -1 1 -1 1 -1 1 1 -1 1 1 1 1 1 -1 1 -1 1 1 -1 1 -1 -1 -1 -1 1 1 1 1 1 -1 -1 1 1 1 1 -1 1 -1 -1 -1 1 -1 1 -1 -1 -1 1 1 
1 1 1 -1 -1 -1 1 -1 1 -1 -1 -1 1 -1 -1 -1 -1 -1 1 1 -1 1 1 1 -1 -1 1 -1 1 -1 -1 1 -1 1 1 1 -1 1 -1 1 1 1 1 -1 1 1 1 -1 1 -1 1 -1 -1 1 -1 -1 -1 -1 1 -1 -1 1 -1 -1 -1 -1 -1 1 -1 -1 -1 1 1 1 1 -1 1 1 1 1 1 1 -1 1 1 -1 -1 1 1 1 1 1 1 1 -1 1 -1 1 1 1 -1 1 -1 1 -1 1 -1 -1 1 -1 -1 -1 -1 -1 1 1 -1 -1 -1 1 -1 -1 -1 1 -1 -1 1 1 
1 1 -1 -1 1 -1 -1 -1 1 -1 -1 -1 -1 1 1 -1 1 -1 -1 1 -1 -1 -1 1 -1 1 1 1 1 -1 1 -1 -1 1 1 -1 1 -1 1 1 1 1 1 -1 1 1 -1 -1 1 1 -1 1 -1 -1 1 1 -1 1 1 -1 1 -1 -1 -1 1 1 1 1 -1 1 1 -1 1 -1 -1 1 -1 -1 1 1 -1 1 1 1 -1 -1 -1 -1 -1 1 1 1 1 1 1 -1 -1 1 1 -1 -1 1 -1 1 1 -1 -1 1 -1 -1 1 -1 1 1 1 1 1 1 1 1 -1 -1 1 1 1 -1 1 1 
1 -1 -1 -1 -1 1 1 -1 1 1 -1 -1 -1 1 -1 -1 1 -1 -1 1 -1 -1 1 1 -1 -1 1 1 1 -1 -1 1 1 -1 1 -1 -1 -1 1 1 1 -1 -1 1 1 -1 -1 1 -1 -1 1 -1 1 -1 1 -1 -1 -1 1 -1 -1 -1 -1 -1 -1 -1 -1 1 1 -1 -1 1 1 -1 1 1 1 1 1 -1 1 -1 1 -1 -1 1 -1 -1 -1 1 1 -1 1 -1 1 -1 1 1 1 1 -1 -1 -1 1 1 -1 -1 -1 -1 1 1 -1 -1 1 1 -1 1 1 1 1 1 -1 1 -1 1 -1 1 -1 
-1 1 -1 -1 1 -1 -1 -1 1 1 -1 -1 -1 -1 1 1 1 1 1 1 -1 -1 1 -1 1 1 1 1 -1 1 -1 1 -1 1 1 -1 -1 1 1 1 -1 -1 -1 1 1 1 1 -1 -1 1 1 1 -1 1 1 -1 1 1 -1 -1 -1 -1 -1 -1 1 1 -1 -1 -1 -1 1 1 1 -1 -1 1 1 -1 1 1 -1 -1 1 1 1 -1 1 1 1 -1 1 -1 -1 -1 1 -1 1 -1 1 -1 1 1 -1 -1 -1 1 1 1 -1 -1 1 1 -1 1 -1 -1 1 -1 -1 1 1 1 -1 1 -1 -1 -1 1 
-1 -1 -1 -1 -1 1 -1 1 1 -1 1 1 -1 -1 1 -1 1 -1 -1 1 -1 -1 -1 1 -1 -1 -1 1 -1 1 -1 1 1 -1 1 -1 1 -1 1 1 -1 -1 -1 -1 -1 -1 1 1 1 -1 1 -1 -1 -1 -1 -1 1 -1 1 1 -1 1 1 -1 -1 -1 -1 1 1 -1 1 1 1 1 -1 1 1 -1 1 -1 1 -1 1 1 -1 -1 1 -1 1 -1 1 1 -1 1 1 1 -1 1 1 1 -1 1 1 -1 1 1 -1 1 -1 1 1 1 -1 -1 1 1 1 -1 1 1 1 1 1 -1 1 -1 -1 -1 
-1 -1 -1 -1 1 -1 -1 1 -1 -1 1 1 -1 1 1 -1 -1 1 -1 1 1 -1 1 -1 1 -1 1 1 -1 1 1 -1 1 -1 -1 -1 -1 -1 -1 -1 1 1 -1 1 1 1 1 -1 1 1 1 1 1 -1 1 1 1 1 1 -1 1 -1 1 1 1 -1 -1 -1 1 1 1 1 -1 -1 -1 -1 -1 1 1 1 1 -1 -1 1 1 1 1 -1 1 -1 -1 -1 -1 -1 1 -1 1 1 -1 1 -1 -1 1 1 1 -1 1 1 -1 -1 -1 -1 -1 -1 1 -1 -1 1 -1 1 -1 1 1 -1 1 1 1 1 
1 1 1 1 1 1 1 1 -1 -1 1 -1 -1 -1 -1 -1 -1 1 1 1 1 1 1 -1 1 -1 1 -1 -1 -1 -1 1 1 1 1 -1 -1 1 1 1 1 1 -1 1 -1 -1 -1 -1 1 1 1 1 -1 -1 -1 1 -1 -1 -1 -1 1 1 -1 -1 -1 -1 -1 1 1 -1 1 1 1 -1 1 -1 -1 1 1 -1 -1 1 -1 -1 1 1 -1 -1 1 -1 -1 1 -1 -1 -1 -1 1 -1 1 -1 -1 -1 1 1 -1 1 1 1 1 -1 1 -1 -1 -1 -1 1 1 1 -1 -1 -1 -1 -1 -1 1 1 1 -1 
-1 -1 -1 1 1 1 -1 -1 -1 -1 1 -1 1 -1 1 -1 1 -1 -1 -1 1 -1 1 1 1 -1 -1 1 1 -1 -1 -1 -1 -1 1 1 1 -1 1 1 -1 1 -1 1 -1 -1 1 1 -1 1 1 1 -1 -1 -1 1 -1 -1 1 -1 1 1 1 -1 1 1 1 1 -1 -1 -1 -1 1 -1 1 -1 1 1 1 1 -1 1 1 1 -1 1 1 -1 -1 1 -1 1 1 -1 -1 1 1 -1 1 -1 1 1 1 -1 1 -1 -1 1 -1 1 -1 1 1 1 -1 1 -1 -1 1 -1 1 -1 1 1 1 -1 1 -1 
1 1 1 -1 -1 -1 -1 1 1 1 1 1 -1 1 -1 1 1 -1 1 1 -1 1 1 -1 1 -1 1 1 1 -1 -1 1 -1 1 -1 1 -1 -1 1 -1 -1 1 1 1 -1 1 1 -1 -1 -1 1 1 1 1 -1 -1 1 1 -1 1 -1 1 1 1 1 -1 1 -1 1 -1 -1 1 -1 1 1 1 1 1 -1 1 -1 -1 1 1 -1 -1 -1 -1 -1 -1 1 1 -1 1 -1 1 1 -1 1 1 1 1 -1 1 1 1 -1 -1 -1 -1 1 -1 1 1 -1 -1 1 -1 1 -1 -1 1 -1 1 1 -1 -1 1 
-1 1 1 -1 1 1 1 -1 1 -1 -1 -1 1 -1 -1 -1 1 -1 -1 -1 1 1 -1 1 1 1 1 -1 1 1 1 -1 -1 -1 -1 1 1 -1 -1 -1 1 -1 1 -1 -1 1 -1 1 1 1 -1 -1 1 1 -1 1 1 -1 -1 1 -1 1 1 -1 -1 -1 -1 -1 -1 -1 -1 -1 1 -1 1 -1 -1 -1 1 -1 1 1 -1 -1 1 1 1 1 -1 1 1 -1 -1 -1 1 -1 -1 1 -1 1 1 1 1 1 -1 1 -1 -1 1 -1 1 -1 1 -1 -1 -1 1 1 1 1 1 1 1 1 1 -1 -1 -1 
1 -1 1 1 1 -1 -1 -1 -1 -1 -1 -1 -1 -1 -1 -1 1 -1 1 1 -1 -1 -1 -1 1 -1 -1 -1 1 1 1 -1 1 -1 1 -1 1 -1 1 1 -1 -1 1 1 1 -1 -1 1 1 -1 -1 1 -1 -1 1 -1 1 1 1 -1 -1 1 -1 -1 -1 -1 -1 -1 1 -1 -1 -1 -1 -1 -1 1 1 1 -1 1 1 -1 -1 1 1 -1 1 1 1 1 -1 -1 -1 -1 -1 1 -1 -1 -1 1 1 1 1 1 1 -1 -1 1 -1 -1 1 -1 1 -1 1 1 1 -1 1 1 -1 -1 1 1 -1 -1 -1 -1 
-1 -1 1 1 -1 1 1 -1 1 1 1 -1 1 -1 -1 -1 -1 -1 1 1 -1 -1 1 -1 1 -1 -1 1 -1 1 1 -1 1 -1 -1 -1 1 -1 -1 1 -1 1 -1 1 1 1 -1 1 -1 -1 1 -1 -1 1 1 1 1 -1 -1 -1 1 -1 -1 1 -1 1 -1 -1 1 1 1 1 1 -1 1 1 1 1 1 -1 1 1 -1 -1 1 1 1 -1 1 -1 -1 -1 -1 1 1 -1 1 -1 1 1 -1 -1 1 -1 1 1 1 1 1 1 -1 1 -1 1 1 1 1 -1 1 -1 1 1 1 -1 1 -1 1 1 
1 -1 1 1 -1 -1 1 1 -1 1 1 -1 1 -1 -1 1 1 1 -1 1 1 1 1 1 -1 1 1 -1 -1 1 -1 1 1 -1 1 1 -1 1 1 -1 1 1 1 1 1 1 1 -1 -1 1 -1 -1 1 -1 -1 -1 -1 -1 1 1 1 -1 -1 -1 -1 1 1 -1 -1 -1 -1 1 1 1 1 -1 1 1 1 1 -1 1 -1 1 -1 1 -1 1 -1 -1 1 1 1 1 -1 1 -1 -1 1 1 1 -1 1 -1 -1 -1 -1 -1 1 -1 1 1 -1 1 1 1 -1 -1 -1 1 -1 1 1 1 1 -1 -1 1 
1 -1 -1 -1 -1 1 1 -1 -1 1 1 -1 1 1 -1 1 1 -1 1 -1 1 -1 -1 -1 -1 -1 -1 1 -1 -1 1 -1 -1 -1 -1 1 1 -1 -1 1 -1 1 -1 1 1 1 1 -1 1 -1 -1 1 1 -1 -1 1 -1 -1 1 1 1 1 -1 -1 -1 1 1 1 -1 1 -1 1 1 -1 -1 -1 -1 1 -1 -1 1 1 -1 1 -1 1 1 -1 1 -1 -1 -1 1 1 1 -1 1 -1 -1 1 1 -1 -1 1 -1 -1 1 1 1 1 1 -1 1 -1 1 -1 -1 -1 -1 -1 1 -1 1 -1 1 -1 -1 1 
-1 -1 1 -1 1 -1 -1 -1 1 1 1 1 1 1 -1 -1 -1 -1 1 -1 1 -1 1 1 1 1 -1 -1 -1 1 -1 1 -1 -1 -1 1 -1 1 -1 -1 1 -1 -1 1 -1 -1 1 1 -1 -1 1 1 -1 -1 -1 1 1 -1 -1 1 -1 -1 1 1 -1 -1 -1 -1 1 1 1 1 1 -1 -1 1 1 1 -1 -1 -1 1 1 -1 -1 1 1 -1 1 -1 -1 1 -1 1 1 1 -1 -1 -1 -1 -1 1 -1 -1 1 1 1 -1 -1 -1 1 -1 -1 -1 -1 1 1 -1 1 -1 1 1 -1 1 1 -1 -1 1 
-1 1 1 1 -1 1 -1 -1 1 1 1 1 1 -1 -1 -1 1 -1 1 -1 -1 1 1 1 -1 -1 1 -1 -1 1 1 1 1 -1 1 1 -1 -1 1 -1 -1 1 -1 -1 -1 -1 1 1 -1 1 -1 -1 -1 -1 -1 1 -1 -1 -1 1 1 1 -1 1 1 1 1 -1 1 -1 -1 -1 1 1 -1 1 -1 -1 -1 -1 -1 1 -1 -1 -1 1 -1 1 1 1 1 1 1 -1 -1 -1 -1 -1 1 1 -1 -1 -1 1 1 -1 1 1 1 -1 -1 -1 -1 1 1 1 1 1 1 1 1 -1 1 -1 1 -1 -1 -1 
1 -1 1 -1 1 -1 -1 1 1 1 1 -1 1 1 -1 -1 1 -1 -1 -1 1 -1 1 1 1 -1 -1 1 1 1 -1 1 -1 -1 -1 1 -1 -1 -1 1 1 1 -1 1 -1 -1 -1 -1 1 1 -1 -1 -1 -1 1 1 -1 1 1 -1 1 1 1 1 -1 -1 -1 1 1 1 -1 -1 1 -1 1 1 1 -1 -1 -1 -1 -1 1 1 -1 -1 1 1 1 -1 -1 -1 -1 -1 1 1 -1 -1 1 1 -1 -1 1 1 -1 1 -1 1 1 1 1 -1 1 1 -1 -1 1 -1 -1 1 1 1 1 -1 -1 1 -1 -1 
1 1 1 -1 1 1 1 -1 -1 1 -1 -1 1 1 1 1 1 -1 1 -1 -1 1 -1 -1 1 -1 1 1 -1 -1 1 -1 -1 -1 1 -1 -1 -1 -1 1 -1 -1 -1 1 1 1 -1 1 -1 1 -1 1 1 1 1 1 1 1 1 -1 1 1 1 -1 1 -1 -1 1 -1 1 1 -1 1 -1 -1 -1 -1 1 1 1 1 -1 1 -1 1 -1 1 1 -1 1 -1 -1 1 1 -1 -1 1 -1 -1 1 -1 -1 -1 1 1 1 1 -1 1 -1 -1 -1 1 -1 -1 -1 1 -1 1 1 -1 1 1 -1 1 1 1 1 
-1 -1 1 -1 1 -1 -1 -1 1 -1 -1 -1 1 1 -1 -1 -1 -1 -1 1 1 1 -1 -1 1 -1 1 1 -1 1 1 1 1 -1 -1 1 1 -1 -1 -1 -1 1 1 1 -1 -1 1 1 1 1 -1 -1 1 -1 -1 1 1 1 -1 -1 -1 1 1 1 1 -1 1 -1 1 1 1 -1 1 -1 -1 1 1 1 1 -1 -1 1 1 1 1 1 1 -1 -1 -1 -1 1 -1 1 1 -1 -1 1 -1 -1 -1 1 -1 1 1 -1 1 1 1 1 1 -1 1 -1 -1 1 1 1 1 1 -1 -1 1 1 -1 -1 -1 1 
1 1 1 1 1 1 -1 -1 -1 -1 1 -1 1 1 -1 -1 -1 1 1 -1 -1 1 1 -1 -1 1 1 1 -1 1 -1 -1 -1 1 1 -1 -1 1 -1 1 -1 1 -1 1 -1 -1 1 -1 1 -1 -1 -1 -1 -1 1 1 1 1 1 -1 -1 1 -1 1 -1 -1 -1 1 -1 -1 -1 1 -1 1 -1 1 1 -1 -1 -1 -1 1 1 1 -1 -1 1 -1 1 1 1 1 -1 1 -1 1 1 -1 1 1 1 1 1 1 1 -1 1 -1 -1 1 -1 -1 -1 1 -1 -1 -1 1 1 1 1 1 1 1 1 1 -1 1 
-1 -1 -1 -1 1 1 -1 1 -1 1 1 1 -1 1 -1 -1 1 -1 1 -1 1 1 1 1 -1 -1 -1 -1 1 1 1 1 1 1 1 1 -1 -1 1 1 1 -1 1 1 -1 1 -1 -1 1 -1 1 1 -1 -1 1 1 -1 1 -1 -1 1 -1 1 1 -1 1 1 -1 -1 -1 1 -1 -1 -1 -1 1 1 1 -1 -1 -1 1 1 -1 -1 1 -1 1 -1 -1 -1 -1 1 1 -1 -1 -1 -1 -1 1 1 1 1 1 -1 -1 -1 -1 -1 1 1 1 1 1 -1 1 1 1 -1 -1 -1 1 1 1 -1 1 1 1 
1 -1 -1 1 1 1 -1 -1 -1 1 1 -1 1 -1 -1 -1 -1 -1 -1 -1 -1 -1 1 1 -1 1 1 -1 -1 1 -1 1 -1 1 1 -1 1 -1 -1 -1 -1 -1 1 -1 -1 -1 1 1 -1 -1 1 1 1 1 -1 -1 -1 -1 -1 1 -1 1 -1 1 1 -1 -1 1 -1 1 1 1 1 -1 -1 -1 1 -1 1 -1 -1 -1 -1 -1 -1 -1 -1 1 1 -1 1 1 -1 1 1 1 -1 -1 1 -1 1 1 -1 1 -1 -1 -1 -1 -1 -1 -1 1 1 1 -1 -1 -1 -1 1 -1 1 -1 -1 1 -1 1 -1 1 
1 1 -1 1 1 1 -1 1 -1 1 -1 1 -1 1 1 -1 1 1 1 1 -1 -1 1 -1 1 -1 1 1 1 -1 -1 1 -1 1 1 1 -1 -1 -1 1 -1 -1 -1 1 1 1 -1 -1 -1 1 1 1 -1 1 1 1 -1 -1 1 -1 -1 1 -1 1 -1 1 -1 -1 1 1 1 -1 -1 -1 1 -1 -1 -1 1 1 -1 1 -1 1 1 -1 -1 -1 1 -1 -1 1 -1 1 -1 1 -1 -1 -1 -1 -1 1 -1 1 1 1 -1 1 -1 1 -1 1 -1 -1 1 1 1 -1 -1 1 1 1 1 -1 1 1 -1 1 
-1 -1 -1 1 1 1 -1 1 1 1 -1 1 1 1 -1 1 -1 -1 -1 1 1 1 1 1 -1 1 -1 -1 1 -1 -1 1 -1 -1 -1 -1 -1 1 1 -1 -1 -1 1 -1 1 1 1 1 1 -1 -1 1 -1 1 1 1 1 1 -1 1 1 -1 1 -1 1 -1 -1 -1 -1 -1 1 -1 -1 1 -1 1 1 1 1 -1 -1 1 -1 1 1 1 -1 1 -1 1 -1 -1 1 1 1 1 1 -1 -1 1 1 1 1 -1 1 1 -1 -1 1 1 1 1 -1 1 -1 1 1 1 -1 1 1 1 1 1 1 -1 1 1 
1 -1 1 1 -1 1 1 -1 -1 1 1 1 1 1 -1 1 -1 1 -1 -1 1 1 -1 1 1 -1 -1 -1 -1 -1 1 1 -1 -1 1 1 -1 1 -1 -1 -1 -1 1 1 -1 1 1 1 -1 -1 -1 -1 1 -1 1 1 1 -1 1 -1 -1 1 -1 1 -1 -1 -1 -1 -1 1 1 -1 1 -1 -1 1 1 -1 1 -1 -1 1 -1 1 -1 1 -1 -1 1 1 -1 1 -1 -1 -1 1 -1 -1 -1 1 -1 -1 1 -1 1 -1 -1 1 1 -1 -1 -1 1 1 -1 -1 1 -1 1 -1 1 -1 -1 1 1 -1 1 -1 
-1 1 1 1 1 -1 -1 -1 1 1 1 1 -1 -1 1 1 1 1 -1 -1 -1 -1 -1 -1 -1 1 1 1 1 1 -1 -1 1 -1 1 1 1 -1 -1 -1 -1 -1 -1 1 -1 -1 1 -1 -1 1 -1 -1 1 1 1 -1 1 1 1 1 1 -1 1 -1 -1 -1 -1 1 1 1 -1 1 -1 -1 -1 1 1 1 -1 -1 1 -1 1 -1 -1 1 1 -1 -1 -1 -1 -1 1 -1 1 -1 1 -1 1 -1 1 1 1 1 1 1 1 -1 1 1 1 -1 1 -1 1 -1 1 -1 1 1 -1 -1 1 -1 -1 1 -1 -1 
-1 1 -1 1 1 1 -1 1 1 -1 -1 1 1 -1 1 -1 1 1 -1 -1 1 1 1 1 1 1 1 1 1 1 1 1 1 -1 1 1 1 -1 -1 1 -1 1 -1 1 -1 1 1 -1 -1 -1 -1 -1 -1 1 -1 1 1 -1 -1 1 -1 1 -1 -1 -1 1 1 -1 1 -1 -1 1 -1 1 1 1 -1 -1 -1 -1 1 1 1 -1 -1 1 -1 -1 1 -1 1 -1 1 -1 1 -1 1 1 -1 1 -1 1 -1 1 -1 1 -1 -1 -1 -1 1 1 -1 -1 1 -1 1 -1 1 -1 -1 -1 1 1 1 -1 -1 1 
-1 -1 1 -1 1 -1 1 -1 -1 1 -1 -1 1 -1 1 1 1 1 -1 -1 -1 1 1 1 -1 1 -1 1 1 -1 -1 -1 1 1 1 1 -1 1 -1 1 -1 1 -1 -1 -1 1 -1 -1 -1 1 1 1 -1 1 -1 -1 -1 -1 1 -1 1 -1 -1 -1 1 1 1 -1 -1 1 -1 -1 -1 1 -1 -1 1 -1 1 -1 -1 -1 -1 1 -1 1 1 1 1 1 -1 -1 1 -1 1 -1 1 1 -1 1 -1 -1 1 -1 -1 1 -1 1 1 1 1 1 -1 1 -1 -1 1 1 1 1 1 -1 -1 -1 1 -1 -1 1 
-1 1 1 -1 -1 1 1 -1 -1 -1 -1 1 1 -1 -1 -1 1 1 1 1 1 1 -1 -1 -1 1 1 1 -1 1 -1 1 1 -1 1 -1 1 -1 -1 1 -1 -1 -1 -1 -1 1 1 -1 -1 -1 1 1 -1 1 -1 -1 1 -1 1 -1 -1 -1 -1 -1 1 1 1 1 -1 -1 -1 -1 -1 1 -1 1 1 1 -1 1 -1 -1 1 1 1 1 -1 -1 -1 1 -1 1 -1 -1 -1 -1 1 -1 -1 1 1 -1 -1 1 -1 -1 -1 1 -1 1 -1 -1 -1 1 -1 -1 -1 -1 -1 1 -1 1 1 1 1 -1 -1 -1 
-1 -1 -1 1 1 -1 1 1 1 1 -1 -1 -1 -1 -1 -1 1 -1 -1 1 1 -1 -1 1 -1 1 -1 -1 1 -1 1 1 -1 -1 1 -1 -1 -1 1 1 1 -1 1 -1 1 1 -1 -1 -1 -1 -1 1 -1 -1 1 1 -1 1 -1 1 -1 -1 -1 1 -1 -1 1 -1 1 -1 -1 -1 1 1 -1 1 1 1 1 -1 1 -1 -1 -1 1 1 -1 -1 1 -1 -1 -1 -1 1 1 -1 1 -1 -1 -1 1 1 1 1 1 1 1 -1 -1 -1 1 -1 1 -1 -1 -1 1 -1 -1 -1 1 1 1 -1 -1 -1 -1 1 
1 -1 1 -1 1 -1 1 -1 1 1 -1 1 -1 1 -1 1 -1 1 1 -1 -1 1 -1 1 -1 -1 -1 1 1 1 -1 1 1 -1 1 1 1 1 -1 -1 1 -1 1 1 1 -1 1 -1 1 1 -1 -1 1 1 1 -1 1 -1 -1 -1 1 -1 -1 1 1 -1 -1 1 1 1 -1 1 -1 1 1 -1 -1 1 -1 -1 -1 1 1 -1 -1 -1 -1 1 1 -1 1 1 1 -1 -1 -1 1 -1 1 -1 1 1 -1 -1 -1 -1 1 -1 1 1 -1 1 -1 1 -1 1 1 1 -1 -1 1 -1 -1 1 -1 1 -1 -1 
-1 1 -1 1 1 1 1 1 1 -1 -1 -1 -1 1 1 -1 1 1 -1 1 -1 -1 -1 -1 -1 -1 1 -1 1 1 1 1 1 -1 1 1 1 -1 -1 1 -1 -1 -1 1 -1 -1 -1 -1 -1 1 -1 1 1 -1 1 1 1 -1 -1 1 1 -1 1 1 -1 1 -1 -1 1 1 -1 1 -1 -1 1 -1 -1 -1 1 -1 1 1 1 -1 1 1 -1 -1 -1 1 1 -1 -1 1 1 -1 -1 -1 1 -1 -1 -1 -1 -1 1 -1 -1 1 1 1 -1 1 -1 1 1 1 1 1 -1 1 -1 -1 1 1 -1 -1 1 -1 
-1 1 -1 1 1 -1 1 -1 1 1 1 1 1 -1 1 1 1 1 1 1 1 -1 -1 -1 -1 1 -1 -1 -1 1 1 -1 -1 1 -1 1 1 1 -1 1 -1 1 1 1 1 -1 -1 -1 -1 1 -1 -1 1 -1 -1 1 1 -1 1 1 1 1 1 -1 -1 -1 -1 -1 -1 -1 -1 1 1 1 -1 -1 -1 1 1 1 -1 -1 -1 1 1 -1 -1 -1 -1 1 -1 1 -1 1 -1 1 -1 -1 1 1 1 -1 1 -1 -1 -1 1 1 1 1 1 -1 -1 1 1 1 1 -1 -1 -1 -1 1 -1 1 -1 -1 1 1 
1 1 1 1 -1 -1 -1 -1 1 -1 -1 -1 -1 1 -1 -1 -1 -1 1 -1 1 -1 -1 -1 -1 -1 -1 1 -1 1 -1 -1 -1 -1 1 1 1 -1 1 -1 1 1 1 1 1 -1 1 -1 -1 1 1 1 1 -1 -1 -1 -1 1 -1 1 -1 -1 -1 1 1 -1 -1 -1 1 1 1 1 -1 1 1 -1 -1 -1 1 1 -1 1 -1 1 1 1 1 1 1 1 1 1 1 1 1 1 1 1 1 1 -1 1 -1 1 1 1 1 1 -1 1 -1 1 1 1 -1 -1 -1 -1 -1 -1 1 1 1 1 1 -1 1 -1 
-1 -1 -1 -1 1 1 1 -1 1 1 -1 1 1 -1 1 1 1 -1 1 1 1 1 -1 -1 1 -1 -1 -1 -1 -1 1 -1 1 1 1 1 1 -1 1 1 1 1 1 -1 1 1 -1 1 -1 1 1 1 1 1 1 1 1 -1 -1 1 -1 -1 1 -1 -1 -1 -1 1 -1 -1 1 -1 -1 -1 -1 1 -1 1 -1 1 1 1 -1 1 1 -1 1 1 1 1 -1 -1 1 1 -1 1 -1 -1 -1 1 1 -1 -1 1 -1 1 1 1 1 -1 -1 -1 -1 1 -1 -1 -1 -1 -1 1 -1 1 1 1 1 1 1 -1 
1 -1 -1 1 1 -1 -1 1 -1 1 -1 1 1 1 1 -1 -1 -1 1 -1 -1 1 1 1 -1 1 -1 1 1 -1 1 -1 1 1 -1 1 -1 1 1 -1 -1 -1 1 -1 -1 -1 1 -1 -1 -1 1 -1 -1 1 -1 -1 -1 1 -1 -1 -1 1 -1 -1 1 1 1 1 1 -1 1 1 -1 -1 1 -1 1 1 1 1 -1 1 -1 1 1 -1 1 1 1 1 1 -1 1 -1 1 -1 -1 -1 -1 -1 -1 1 1 -1 -1 -1 -1 1 -1 -1 1 -1 1 1 -1 -1 -1 -1 -1 1 -1 1 1 1 1 1 -1 1 
1 -1 1 -1 -1 -1 -1 1 1 1 -1 -1 -1 -1 -1 -1 1 -1 1 -1 1 -1 1 -1 -1 -1 -1 -1 -1 -1 -1 1 1 1 -1 -1 -1 1 1 -1 1 -1 -1 -1 1 1 1 1 -1 1 1 -1 -1 -1 1 -1 -1 -1 -1 -1 1 -1 -1 -1 1 -1 -1 -1 1 1 -1 1 -1 1 1 1 -1 1 -1 -1 -1 1 1 -1 1 1 -1 1 1 -1 -1 -1 -1 1 -1 1 -1 -1 1 1 -1 -1 -1 -1 1 1 1 1 -1 1 -1 -1 -1 1 -1 1 -1 1 1 -1 1 -1 1 1 -1 -1 -1 -1 
1 1 1 1 1 1 1 -1 1 1 -1 1 -1 1 -1 1 1 1 -1 -1 -1 -1 -1 -1 -1 -1 -1 1 1 1 -1 1 1 1 1 1 1 -1 -1 1 1 1 1 -1 -1 -1 1 -1 1 1 -1 -1 1 1 1 -1 1 1 1 -1 -1 1 1 1 1 -1 1 1 -1 -1 -1 -1 1 -1 1 -1 -1 -1 -1 1 1 -1 1 1 1 1 1 -1 -1 -1 1 1 -1 -1 -1 -1 -1 -1 1 -1 1 1 -1 -1 1 -1 1 1 -1 -1 1 1 1 1 1 1 1 1 -1 -1 1 1 1 -1 1 1 -1 1 
-1 -1 1 1 -1 -1 -1 -1 -1 -1 1 -1 -1 -1 1 -1 1 -1 -1 -1 -1 -1 -1 -1 -1 -1 1 -1 -1 1 1 -1 1 -1 -1 -1 1 -1 1 -1 1 1 1 -1 -1 1 1 -1 1 1 1 -1 1 -1 1 -1 1 1 1 1 -1 1 1 1 -1 1 1 1 -1 -1 -1 -1 -1 1 -1 -1 1 1 1 1 -1 1 -1 -1 1 1 -1 -1 1 1 1 -1 -1 1 -1 -1 1 1 -1 1 -1 1 1 -1 1 -1 1 1 1 1 1 -1 -1 -1 1 -1 -1 1 1 1 -1 1 1 -1 1 1 1 -1 
1 -1 1 -1 1 -1 -1 -1 1 -1 -1 -1 1 1 -1 1 -1 1 -1 -1 1 1 1 1 1 1 -1 -1 1 1 -1 -1 -1 1 1 -1 1 1 1 -1 1 -1 -1 1 1 1 1 -1 1 1 1 1 1 -1 -1 1 1 -1 1 -1 -1 1 -1 1 -1 -1 1 1 1 -1 1 -1 1 1 1 -1 1 -1 1 -1 1 -1 -1 -1 -1 -1 1 -1 1 1 1 1 1 -1 1 1 -1 -1 -1 -1 -1 -1 1 -1 -1 -1 -1 1 -1 -1 1 1 1 -1 -1 1 -1 -1 -1 1 1 -1 -1 1 -1 1 -1 -1 
1 -1 1 1 -1 1 -1 -1 -1 -1 1 1 1 1 1 1 1 -1 -1 -1 1 1 -1 1 1 1 -1 -1 1 1 -1 1 1 1 -1 1 1 1 1 1 1 1 1 1 1 1 -1 1 -1 1 1 -1 -1 -1 -1 1 1 -1 -1 1 1 1 1 -1 -1 1 -1 1 -1 1 1 1 -1 1 -1 -1 1 1 1 1 1 -1 1 1 1 -1 -1 -1 1 -1 -1 1 1 -1 1 1 -1 1 1 -1 -1 -1 1 -1 1 -1 -1 1 -1 1 1 1 1 1 1 1 1 1 1 1 -1 1 -1 1 -1 1 1 -1 
-1 -1 -1 -1 1 1 -1 1 1 1 -1 1 1 1 -1 1 1 1 1 1 -1 -1 -1 1 1 1 -1 1 1 1 -1 1 1 -1 -1 1 -1 -1 1 1 -1 1 -1 1 -1 1 1 -1 1 -1 1 -1 -1 -1 -1 1 -1 -1 -1 -1 1 -1 -1 -1 -1 -1 1 -1 -1 -1 1 1 1 1 -1 1 1 -1 1 1 1 1 -1 -1 1 1 1 -1 -1 -1 1 -1 1 -1 1 -1 -1 -1 -1 -1 -1 -1 1 -1 1 1 1 1 1 -1 -1 1 -1 -1 1 1 -1 1 1 1 -1 1 1 1 -1 1 -1 -1 
-1 -1 1 -1 -1 -1 1 -1 1 1 1 1 -1 -1 1 1 -1 1 -1 1 1 1 1 1 -1 1 1 1 -1 1 1 -1 1 -1 1 1 1 -1 1 -1 1 -1 1 1 -1 -1 -1 1 1 1 -1 1 -1 -1 -1 1 -1 -1 -1 -1 -1 -1 -1 1 1 -1 -1 1 -1 1 -1 -1 1 -1 -1 1 -1 1 1 1 1 1 -1 1 1 1 1 -1 -1 -1 -1 1 1 -1 1 -1 -1 1 1 -1 1 -1 1 -1 1 1 -1 1 -1 -1 1 1 1 -1 1 -1 -1 -1 1 -1 -1 1 -1 -1 -1 -1 -1 1 
-1 -1 1 -1 1 1 -1 1 1 1 1 -1 -1 -1 -1 1 1 -1 -1 1 1 -1 1 -1 1 1 -1 -1 -1 1 1 -1 -1 -1 -1 1 -1 1 1 1 -1 -1 -1 -1 1 1 -1 1 -1 1 1 1 1 1 -1 -1 1 1 1 -1 1 1 1 -1 1 -1 -1 -1 1 1 -1 1 1 1 1 -1 1 -1 -1 1 1 -1 1 -1 1 -1 -1 1 -1 1 -1 -1 -1 -1 1 -1 1 1 1 -1 1 1 -1 -1 -1 -1 1 1 -1 -1 1 1 -1 -1 1 -1 1 1 1 1 -1 1 1 -1 1 -1 -1 1 
-1 -1 1 -1 1 1 -1 1 1 1 -1 -1 1 1 -1 1 1 -1 1 -1 -1 1 1 1 1 -1 1 1 1 1 -1 1 -1 -1 -1 1 1 -1 -1 1 1 1 1 -1 -1 1 1 -1 -1 -1 -1 -1 1 -1 1 1 1 1 1 -1 -1 -1 -1 1 1 -1 1 -1 1 1 -1 -1 -1 -1 1 1 -1 -1 1 -1 -1 1 -1 1 1 1 1 -1 -1 -1 -1 -1 1 -1 1 1 1 1 1 -1 -1 -1 -1 -1 -1 1 1 -1 -1 -1 1 1 -1 -1 -1 1 -1 1 1 1 1 -1 1 -1 1 1 -1 1 
1 1 -1 1 -1 1 -1 1 1 1 1 1 -1 -1 -1 1 -1 -1 1 1 1 1 -1 -1 -1 -1 -1 -1 1 1 1 -1 -1 1 -1 1 1 1 1 1 -1 1 1 1 -1 1 1 -1 1 -1 1 1 -1 -1 1 -1 1 1 -1 -1 1 1 1 -1 -1 1 1 -1 -1 -1 1 1 1 1 -1 1 -1 -1 1 -1 1 -1 1 1 1 1 -1 -1 1 1 1 1 -1 -1 -1 -1 1 -1 -1 -1 -1 -1 1 -1 1 -1 1 1 -1 1 -1 -1 1 -1 -1 1 1 1 1 -1 -1 -1 1 1 -1 1 1 1 
1 -1 1 -1 -1 1 1 -1 1 1 -1 1 1 1 1 1 -1 1 1 -1 -1 1 1 -1 1 -1 1 -1 1 1 1 -1 1 1 -1 -1 -1 -1 1 -1 -1 1 -1 1 1 -1 -1 1 1 1 -1 -1 -1 -1 -1 1 1 -1 -1 -1 1 1 -1 -1 -1 -1 1 1 -1 1 1 1 1 1 1 1 1 -1 1 1 1 1 1 1 1 -1 1 -1 -1 1 -1 1 1 1 1 -1 1 -1 -1 1 1 1 1 -1 1 -1 1 -1 -1 -1 -1 -1 1 1 -1 1 1 1 -1 -1 1 -1 1 -1 -1 -1 1 1 
1 1 1 1 -1 -1 -1 1 -1 1 1 -1 -1 -1 1 1 1 -1 -1 1 -1 1 -1 1 1 1 -1 1 -1 1 1 1 1 1 1 -1 -1 1 -1 -1 1 -1 -1 1 1 1 -1 1 -1 1 1 1 1 1 -1 -1 1 -1 1 -1 -1 1 1 1 1 1 1 1 -1 1 -1 1 -1 -1 1 1 1 -1 -1 1 1 -1 1 1 -1 1 1 -1 1 -1 -1 -1 -1 -1 -1 -1 -1 -1 1 -1 1 1 1 1 1 -1 -1 1 1 -1 -1 -1 -1 -1 1 1 1 1 -1 1 -1 -1 -1 1 -1 -1 1 -1 
1 -1 1 1 -1 1 1 1 -1 -1 -1 -1 -1 -1 -1 -1 -1 -1 1 1 1 1 -1 1 -1 -1 -1 -1 1 -1 1 1 -1 1 1 1 1 1 -1 -1 -1 1 1 1 -1 1 -1 1 1 1 -1 1 1 -1 1 1 1 1 -1 -1 -1 -1 -1 1 -1 1 -1 -1 -1 -1 -1 1 1 1 -1 1 -1 1 -1 1 1 -1 1 -1 1 1 -1 -1 1 -1 -1 -1 1 -1 1 1 1 1 1 1 -1 -1 1 1 -1 -1 -1 -1 1 -1 -1 -1 -1 -1 -1 1 1 -1 1 -1 -1 1 1 -1 -1 1 1 1 
1 -1 -1 -1 -1 -1 1 -1 1 1 1 -1 -1 1 1 1 -1 -1 -1 1 -1 -1 1 1 1 1 -1 1 -1 -1 -1 -1 1 -1 -1 -1 -1 -1 1 -1 -1 1 -1 -1 -1 -1 -1 1 1 -1 1 -1 -1 1 1 1 -1 -1 1 1 -1 1 -1 -1 -1 1 -1 -1 1 -1 -1 1 1 1 1 -1 -1 -1 -1 -1 -1 1 -1 -1 -1 -1 -1 -1 -1 1 -1 1 -1 -1 -1 -1 1 -1 1 -1 1 -1 1 1 -1 1 1 1 1 -1 -1 -1 -1 -1 1 1 -1 -1 1 1 1 1 1 -1 -1 1 1 1 
-1 1 1 1 -1 1 1 1 1 1 -1 1 1 -1 -1 1 1 -1 1 -1 1 -1 1 1 -1 1 -1 -1 -1 1 -1 -1 1 1 -1 -1 -1 1 1 -1 -1 1 1 1 1 -1 -1 -1 1 1 -1 1 1 1 1 -1 -1 1 -1 1 1 -1 1 -1 1 1 -1 1 1 -1 -1 1 1 1 1 -1 1 1 1 -1 -1 -1 -1 1 -1 1 1 -1 1 1 1 1 1 1 -1 -1 1 -1 1 1 1 -1 -1 1 1 -1 1 1 1 -1 1 1 1 -1 1 -1 1 -1 -1 -1 1 -1 -1 -1 -1 1 1 -1 
1 1 1 -1 -1 1 1 1 -1 1 1 1 1 1 1 1 1 1 1 -1 -1 -1 1 1 1 -1 1 1 -1 -1 1 1 1 -1 1 1 -1 1 1 1 1 -1 -1 -1 -1 1 -1 1 1 -1 -1 -1 -1 1 -1 1 -1 1 -1 -1 -1 1 1 -1 -1 1 1 -1 -1 1 1 1 1 1 -1 -1 1 1 -1 -1 -1 1 -1 1 1 -1 -1 1 1 1 -1 1 -1 -1 -1 1 -1 1 1 1 1 1 1 -1 1 -1 -1 1 1 1 1 -1 1 -1 -1 -1 1 -1 -1 -1 -1 1 1 1 -1 -1 1 1 
1 1 -1 1 -1 -1 -1 1 1 -1 -1 -1 -1 1 1 -1 1 -1 -1 -1 -1 -1 1 1 -1 -1 -1 1 1 1 -1 1 -1 -1 1 -1 1 1 1 1 1 1 1 -1 -1 -1 1 1 -1 -1 1 -1 -1 1 -1 -1 -1 1 -1 1 -1 -1 -1 -1 1 -1 -1 -1 1 1 -1 1 -1 1 -1 1 1 1 -1 1 -1 -1 -1 1 -1 -1 -1 -1 1 -1 1 1 -1 1 1 -1 -1 -1 1 -1 1 1 1 -1 -1 1 -1 -1 -1 1 -1 -1 1 1 1 -1 -1 -1 1 -1 -1 1 -1 1 -1 -1 1 1 
-1 1 -1 1 1 -1 1 -1 -1 1 -1 -1 -1 1 -1 -1 -1 1 1 1 -1 -1 1 -1 1 -1 -1 1 1 1 1 -1 -1 -1 -1 1 -1 1 1 1 -1 -1 1 -1 1 1 1 -1 -1 -1 1 -1 1 1 -1 -1 1 1 -1 1 1 -1 1 -1 -1 -1 1 -1 1 -1 1 1 -1 -1 -1 1 -1 1 1 -1 1 -1 -1 1 1 -1 -1 1 1 1 1 1 -1 -1 -1 1 -1 -1 1 -1 -1 -1 -1 1 -1 1 1 1 1 1 -1 -1 -1 1 1 1 1 1 1 -1 1 1 1 1 -1 -1 1 -1 
1 -1 1 -1 1 1 1 1 -1 -1 -1 -1 -1 1 1 -1 1 -1 -1 -1 1 1 -1 -1 1 -1 1 -1 1 -1 -1 1 -1 1 1 -1 -1 1 1 1 1 -1 -1 -1 -1 1 -1 -1 -1 -1 1 1 -1 1 -1 1 -1 -1 1 -1 -1 1 -1 1 1 1 -1 -1 1 -1 -1 1 1 1 -1 -1 -1 1 1 1 1 -1 1 -1 1 -1 1 -1 1 -1 -1 -1 -1 1 1 1 -1 -1 -1 1 1 -1 1 1 -1 -1 1 -1 -1 -1 1 1 1 -1 1 -1 1 1 -1 1 -1 1 -1 1 1 -1 1 1 
-1 -1 -1 1 1 -1 -1 -1 1 1 -1 -1 -1 1 -1 1 -1 1 1 -1 -1 -1 1 1 -1 1 -1 -1 1 -1 -1 -1 -1 -1 -1 -1 1 -1 1 1 -1 -1 1 -1 -1 -1 1 -1 -1 1 1 1 1 -1 -1 1 1 1 1 1 1 1 -1 -1 -1 -1 -1 1 -1 1 1 1 1 -1 1 -1 1 -1 -1 -1 -1 -1 -1 -1 1 -1 -1 -1 1 -1 1 -1 1 -1 1 1 -1 -1 -1 1 1 -1 -1 1 1 -1 -1 -1 -1 -1 1 1 -1 1 1 -1 1 1 -1 -1 1 -1 1 1 -1 -1 1 -1 
-1 1 1 1 1 1 1 -1 -1 -1 1 1 1 1 -1 -1 1 -1 -1 -1 1 -1 -1 -1 -1 1 -1 -1 1 -1 1 1 -1 1 -1 -1 1 1 -1 1 1 1 1 1 -1 -1 -1 1 -1 1 -1 1 1 -1 1 -1 1 -1 -1 1 -1 1 -1 1 1 1 -1 1 -1 1 -1 1 -1 1 -1 -1 -1 1 1 1 1 1 1 -1 1 -1 1 -1 -1 -1 1 -1 1 1 1 1 1 -1 -1 -1 1 -1 1 1 1 -1 1 1 -1 1 -1 1 1 -1 -1 1 1 -1 -1 1 1 -1 -1 1 -1 1 1 1 
1 -1 1 -1 -1 1 1 -1 1 1 1 -1 1 -1 -1 -1 -1 -1 -1 -1 -1 -1 -1 1 1 1 -1 -1 1 -1 1 1 -1 -1 -1 -1 -1 -1 1 -1 -1 -1 1 -1 -1 1 1 -1 1 -1 1 -1 1 -1 1 -1 -1 1 -1 1 1 1 1 -1 -1 -1 -1 -1 -1 -1 1 1 1 -1 1 -1 -1 1 1 -1 -1 -1 1 -1 -1 -1 1 -1 -1 1 -1 1 1 1 1 -1 1 -1 1 -1 1 1 -1 -1 1 1 1 1 1 1 1 1 1 -1 1 1 -1 -1 -1 1 -1 1 -1 1 1 1 -1 1 
-1 1 -1 -1 -1 1 -1 1 1 1 1 1 -1 1 -1 1 1 1 -1 1 1 1 1 -1 1 1 1 -1 1 -1 -1 -1 1 1 -1 1 -1 1 -1 -1 1 1 -1 1 1 1 1 -1 -1 1 -1 1 -1 -1 -1 1 -1 1 -1 -1 -1 1 -1 1 1 1 1 1 1 -1 -1 1 -1 -1 -1 -1 1 -1 -1 -1 -1 1 1 1 1 -1 1 1 1 -1 -1 -1 -1 -1 1 1 1 -1 -1 1 1 -1 -1 1 -1 1 -1 1 1 -1 1 -1 -1 1 1 -1 1 -1 -1 -1 1 1 1 -1 1 -1 1 1 
1 1 1 1 1 1 1 -1 -1 1 -1 -1 -1 -1 1 -1 -1 1 -1 1 -1 -1 1 1 -1 1 -1 1 -1 1 1 -1 1 -1 -1 1 -1 1 1 1 1 -1 1 1 -1 -1 -1 1 -1 -1 -1 -1 -1 -1 -1 -1 1 -1 -1 -1 -1 -1 -1 -1 1 1 -1 -1 -1 -1 -1 1 -1 -1 -1 -1 1 -1 1 -1 1 1 1 -1 -1 -1 1 -1 -1 1 -1 -1 -1 -1 -1 -1 -1 1 1 -1 1 -1 1 1 1 1 1 -1 1 1 1 -1 -1 -1 1 1 1 -1 -1 -1 1 -1 1 1 -1 -1 -1 1 
-1 1 1 -1 1 -1 -1 1 -1 1 -1 -1 1 -1 1 -1 -1 -1 1 1 -1 -1 -1 -1 -1 1 -1 1 -1 1 -1 -1 1 1 1 1 1 -1 1 1 1 1 1 -1 1 1 1 -1 -1 1 1 -1 -1 1 1 -1 -1 1 -1 1 -1 -1 -1 1 -1 -1 -1 -1 1 1 1 1 -1 -1 1 1 -1 -1 1 -1 1 1 1 -1 -1 1 1 1 1 1 1 1 -1 -1 -1 1 -1 1 -1 -1 1 1 -1 -1 -1 1 -1 -1 -1 -1 -1 1 -1 -1 -1 1 -1 1 1 1 -1 -1 1 -1 -1 1 1 1 
-1 -1 1 -1 -1 1 1 1 -1 -1 -1 -1 -1 -1 -1 1 -1 -1 1 1 -1 -1 1 1 1 -1 -1 -1 1 -1 1 -1 1 1 -1 1 -1 1 1 -1 1 -1 1 1 -1 -1 1 1 1 1 1 1 -1 1 1 1 -1 1 1 -1 -1 1 1 -1 1 1 1 -1 -1 -1 1 1 1 -1 1 -1 1 -1 -1 -1 -1 -1 -1 -1 1 -1 1 -1 1 1 -1 -1 1 1 -1 -1 1 -1 -1 1 -1 -1 -1 -1 -1 1 -1 1 1 -1 1 1 1 1 -1 -1 1 -1 1 1 1 -1 -1 -1 1 -1 1 -1 
1 1 1 -1 1 1 1 1 1 -1 -1 -1 -1 -1 -1 1 -1 -1 1 1 1 -1 -1 -1 1 -1 -1 1 1 1 -1 1 -1 1 -1 1 -1 -1 -1 -1 -1 1 -1 -1 -1 1 1 1 1 -1 1 1 -1 -1 -1 -1 -1 1 1 1 -1 1 -1 1 -1 -1 1 1 1 -1 1 -1 1 -1 -1 1 -1 -1 -1 -1 1 1 -1 -1 1 1 -1 1 1 1 1 -1 1 1 1 1 1 1 1 -1 -1 1 1 1 1 1 1 -1 1 -1 -1 1 1 -1 -1 -1 1 -1 1 1 -1 -1 1 1 -1 1 -1 1 
1 1 -1 -1 1 -1 1 -1 -1 -1 -1 -1 1 -1 -1 -1 -1 1 -1 -1 -1 1 1 -1 -1 1 1 1 -1 -1 -1 -1 -1 1 -1 -1 -1 -1 1 1 -1 1 1 -1 -1 1 1 1 1 -1 -1 -1 1 -1 -1 -1 1 1 1 1 1 1 -1 1 1 -1 -1 1 1 -1 -1 1 -1 1 -1 1 1 -1 -1 -1 -1 1 -1 -1 1 1 -1 -1 -1 1 1 -1 -1 -1 -1 1 -1 -1 1 -1 1 1 -1 1 1 -1 1 1 -1 -1 1 -1 1 1 1 -1 1 -1 -1 -1 1 1 1 -1 1 -1 1 -1 
-1 1 -1 1 1 -1 -1 1 -1 -1 -1 1 1 -1 -1 1 1 -1 1 1 -1 -1 -1 -1 1 -1 -1 1 -1 1 -1 1 -1 1 1 -1 -1 -1 -1 -1 -1 -1 1 1 1 1 -1 1 1 1 1 -1 -1 -1 1 -1 -1 1 1 -1 -1 1 1 1 -1 1 -1 1 -1 -1 1 -1 -1 1 -1 -1 1 1 1 1 1 -1 -1 1 1 1 1 1 -1 1 1 -1 1 -1 1 -1 -1 1 -1 -1 1 -1 -1 1 1 1 1 -1 -1 -1 -1 -1 -1 1 -1 -1 -1 -1 1 -1 -1 1 1 -1 -1 1 -1 1 
-1 -1 1 -1 -1 1 1 1 1 -1 1 1 -1 1 -1 -1 -1 1 1 -1 -1 1 1 -1 -1 -1 -1 -1 1 -1 1 -1 1 -1 -1 -1 1 -1 1 1 1 -1 -1 1 1 -1 1 1 1 -1 -1 1 -1 1 1 1 1 1 1 1 1 -1 -1 1 1 -1 1 1 -1 -1 -1 1 1 -1 -1 -1 -1 -1 -1 -1 -1 -1 -1 -1 -1 1 1 1 1 -1 -1 1 1 1 1 -1 1 1 -1 -1 1 1 1 1 -1 1 -1 1 -1 -1 -1 1 1 -1 -1 1 -1 -1 1 -1 1 1 -1 1 1 1 -1 1 
-1 -1 -1 -1 -1 1 1 -1 -1 -1 1 -1 1 1 -1 -1 -1 -1 1 -1 -1 -1 1 1 1 1 1 -1 -1 1 -1 -1 1 -1 -1 1 -1 1 -1 1 1 -1 1 1 -1 1 1 -1 1 1 -1 -1 1 1 -1 1 1 1 -1 -1 1 1 1 1 -1 -1 -1 1 -1 1 -1 1 -1 -1 1 1 1 -1 1 1 1 -1 -1 1 1 1 -1 -1 1 1 -1 -1 -1 1 1 1 -1 1 -1 -1 1 1 1 -1 1 1 -1 -1 1 1 1 -1 -1 -1 1 1 -1 -1 1 1 -1 1 -1 1 1 -1 1 -1 
1 1 -1 -1 -1 1 1 1 1 1 -1 1 1 1 -1 -1 1 -1 1 1 1 1 1 -1 1 -1 1 -1 -1 1 -1 1 -1 -1 -1 -1 1 1 1 -1 -1 1 1 -1 1 -1 1 1 -1 1 -1 -1 1 -1 1 1 -1 -1 -1 -1 1 1 -1 1 1 1 -1 1 -1 -1 -1 1 1 -1 1 -1 -1 -1 -1 1 1 -1 1 -1 -1 -1 -1 1 -1 -1 1 1 -1 -1 -1 1 1 1 1 1 1 -1 1 1 1 1 1 -1 1 1 -1 1 1 -1 -1 -1 1 -1 1 1 1 1 -1 -1 1 -1 -1 -1 
1 -1 1 1 -1 1 -1 -1 -1 1 1 -1 -1 -1 -1 1 -1 1 -1 -1 -1 1 -1 1 -1 -1 -1 -1 -1 -1 -1 -1 -1 1 1 1 1 1 -1 -1 -1 1 -1 1 1 -1 -1 -1 -1 1 -1 1 1 1 -1 1 1 1 -1 -1 -1 -1 -1 1 -1 -1 -1 1 1 -1 1 1 1 -1 1 1 1 -1 -1 1 -1 1 1 1 1 -1 -1 1 1 -1 -1 1 1 -1 1 1 -1 1 -1 -1 1 1 1 -1 -1 1 1 1 -1 -1 -1 -1 1 -1 -1 1 -1 -1 -1 -1 -1 1 1 -1 -1 -1 1 1 
-1 1 -1 -1 1 -1 -1 1 1 -1 1 1 1 1 1 -1 1 1 -1 1 1 -1 1 -1 -1 -1 -1 -1 1 1 -1 1 -1 -1 1 -1 -1 1 -1 1 -1 1 1 1 1 1 -1 -1 1 1 -1 1 -1 1 1 -1 1 -1 -1 -1 1 -1 1 -1 -1 1 1 -1 -1 1 1 1 1 1 1 1 1 1 1 1 1 1 -1 1 -1 1 -1 1 1 1 -1 1 -1 -1 1 1 1 -1 -1 1 -1 1 -1 1 -1 -1 1 1 -1 -1 1 1 -1 1 1 -1 1 -1 1 1 -1 -1 1 -1 1 1 -1 -1 
1 -1 -1 -1 -1 1 1 1 -1 -1 -1 -1 1 -1 1 -1 1 -1 -1 1 1 1 1 -1 1 -1 1 1 -1 -1 1 -1 -1 -1 -1 -1 1 1 1 -1 -1 -1 -1 -1 1 -1 -1 1 -1 1 1 1 -1 1 1 1 1 -1 -1 -1 -1 1 1 1 -1 1 -1 -1 1 1 1 -1 1 -1 -1 -1 1 -1 -1 1 -1 -1 -1 -1 -1 1 1 1 1 1 -1 1 -1 -1 -1 1 1 1 -1 1 1 -1 -1 -1 1 1 -1 -1 -1 -1 1 -1 -1 -1 -1 -1 1 -1 1 -1 -1 -1 -1 -1 1 -1 1 1 
-1 -1 -1 1 1 1 1 1 1 1 -1 1 -1 1 1 -1 1 -1 1 1 1 -1 1 -1 1 -1 -1 -1 1 -1 1 1 -1 -1 -1 1 1 -1 -1 -1 1 -1 1 -1 -1 1 -1 -1 -1 1 -1 1 -1 -1 1 -1 1 1 1 -1 1 1 -1 1 -1 1 1 -1 1 1 1 1 -1 -1 1 -1 1 -1 1 -1 -1 -1 -1 1 -1 -1 -1 -1 -1 1 1 1 -1 -1 1 1 -1 1 -1 -1 -1 -1 -1 -1 1 1 -1 -1 -1 -1 -1 -1 -1 1 -1 1 1 1 -1 -1 -1 -1 -1 1 1 1 -1 -1 
-1 1 -1 1 1 1 -1 -1 1 1 1 -1 -1 1 -1 -1 -1 1 -1 1 1 1 -1 -1 -1 1 -1 1 -1 -1 1 -1 -1 1 -1 -1 -1 -1 -1 1 1 1 1 -1 1 -1 1 1 1 -1 1 1 1 -1 1 -1 1 -1 1 -1 -1 1 -1 1 1 1 -1 1 -1 -1 1 -1 -1 1 -1 1 1 1 1 -1 1 1 1 -1 -1 -1 -1 -1 1 1 -1 -1 1 1 -1 1 1 1 -1 1 -1 1 -1 -1 1 -1 -1 1 1 -1 1 1 -1 1 -1 -1 1 1 -1 1 1 -1 -1 -1 1 1 -1 -1 
1 1 1 1 -1 -1 1 -1 -1 -1 1 -1 1 1 1 1 1 1 -1 -1 -1 -1 -1 -1 1 1 1 -1 1 1 -1 -1 -1 1 -1 1 -1 1 -1 -1 -1 1 1 -1 -1 1 -1 -1 -1 1 1 -1 -1 -1 -1 -1 -1 -1 1 1 1 1 -1 -1 1 1 -1 -1 1 1 -1 1 -1 -1 -1 1 -1 1 1 1 1 1 1 -1 -1 -1 -1 -1 1 -1 -1 -1 1 1 1 1 -1 -1 1 1 1 -1 -1 1 -1 1 -1 1 -1 -1 1 -1 1 -1 -1 -1 1 -1 -1 -1 1 1 1 -1 1 -1 1 -1 
1 -1 1 1 1 1 -1 -1 1 -1 1 -1 1 1 -1 1 -1 -1 -1 1 1 1 -1 1 -1 -1 -1 -1 1 1 -1 -1 -1 -1 1 -1 -1 1 -1 1 -1 -1 -1 -1 -1 1 1 1 1 -1 -1 1 -1 -1 1 1 1 -1 1 1 -1 -1 1 1 -1 -1 -1 1 -1 -1 -1 1 -1 1 -1 1 -1 1 1 -1 1 -1 -1 1 1 -1 -1 -1 1 1 1 -1 1 -1 1 1 -1 -1 -1 1 1 1 -1 1 -1 1 1 -1 -1 -1 -1 1 -1 -1 1 1 1 -1 -1 -1 -1 -1 1 1 1 1 -1 1 
-1 -1 1 1 1 -1 -1 1 1 -1 1 -1 1 1 1 1 1 1 1 1 1 1 1 -1 1 1 1 1 -1 1 1 1 1 -1 1 -1 -1 1 -1 1 1 1 -1 -1 -1 1 1 -1 -1 1 1 -1 -1 1 1 -1 -1 1 1 1 -1 1 1 -1 -1 1 1 -1 1 1 1 1 1 1 1 1 -1 -1 1 -1 -1 -1 -1 -1 1 -1 -1 -1 -1 -1 1 1 -1 1 -1 -1 1 -1 -1 1 -1 1 1 -1 -1 -1 -1 1 -1 1 1 -1 -1 -1 -1 -1 -1 1 -1 -1 1 -1 1 -1 -1 1 -1 1 
-1 -1 -1 1 -1 1 1 1 1 1 1 -1 1 1 1 1 1 1 1 -1 1 -1 -1 -1 -1 -1 1 -1 -1 -1 1 1 1 1 1 1 -1 1 1 1 1 -1 1 1 -1 -1 -1 -1 1 1 1 1 -1 1 -1 -1 -1 -1 -1 -1 1 -1 -1 1 1 -1 -1 -1 -1 1 1 -1 -1 -1 -1 1 1 -1 1 1 1 1 -1 -1 -1 1 -1 1 1 -1 1 1 1 1 -1 1 1 1 -1 -1 -1 1 -1 -1 1 -1 -1 1 -1 -1 -1 -1 1 -1 -1 -1 1 1 -1 -1 1 1 -1 1 -1 1 1 -1 
1 1 1 1 1 -1 -1 -1 1 1 -1 -1 -1 1 -1 1 1 -1 1 1 -1 1 1 1 1 1 -1 1 1 -1 -1 -1 -1 -1 -1 1 1 -1 1 1 -1 -1 1 -1 1 1 -1 -1 1 1 1 -1 1 1 -1 -1 1 -1 1 -1 1 1 -1 -1 -1 -1 -1 -1 1 1 1 -1 -1 -1 1 1 -1 1 1 1 -1 -1 1 1 1 1 1 1 -1 -1 -1 1 -1 -1 1 1 -1 1 1 -1 -1 -1 -1 1 1 -1 1 -1 -1 1 -1 -1 1 -1 -1 1 1 1 -1 1 -1 1 1 1 1 -1 -1 -1 
1 -1 1 -1 1 1 -1 -1 -1 -1 -1 -1 1 -1 -1 -1 1 1 1 1 1 1 -1 1 1 -1 -1 -1 -1 1 1 1 -1 -1 1 1 1 1 -1 1 1 1 1 -1 1 -1 1 1 1 1 -1 -1 1 1 1 1 1 -1 1 -1 1 1 1 1 1 1 -1 1 1 1 1 -1 -1 -1 -1 1 -1 -1 1 -1 -1 1 -1 1 1 1 1 -1 1 1 -1 1 1 1 1 -1 1 1 -1 1 1 1 -1 -1 -1 1 -1 1 1 1 1 1 1 -1 1 1 1 -1 -1 -1 -1 1 1 1 -1 -1 1 1 
-1 -1 1 -1 -1 -1 -1 1 -1 -1 -1 1 1 -1 1 1 1 1 -1 1 -1 -1 -1 -1 -1 -1 1 1 -1 -1 1 -1 -1 -1 -1 -1 -1 -1 -1 1 1 -1 -1 1 1 -1 -1 1 -1 -1 -1 -1 -1 1 -1 -1 1 1 1 -1 -1 1 -1 -1 -1 1 -1 -1 1 1 -1 -1 -1 -1 1 1 1 -1 1 1 -1 1 1 1 1 1 -1 -1 -1 -1 -1 1 1 1 -1 -1 -1 -1 1 -1 -1 -1 -1 -1 -1 -1 -1 -1 -1 1 1 -1 -1 1 1 1 -1 1 -1 1 1 1 1 1 1 -1 -1 1 
-1 -1 1 -1 -1 -1 1 -1 -1 -1 -1 -1 -1 1 -1 1 -1 1 -1 -1 1 -1 -1 -1 -1 1 1 -1 1 -1 -1 -1 -1 -1 -1 1 1 -1 -1 1 1 -1 1 -1 -1 1 1 1 1 1 -1 -1 1 1 -1 1 1 1 -1 1 -1 -1 1 1 1 1 -1 -1 -1 -1 -1 -1 -1 -1 1 -1 1 -1 1 1 1 1 1 1 -1 -1 1 1 -1 -1 1 1 -1 -1 -1 -1 -1 -1 1 1 1 -1 1 1 1 1 -1 1 1 -1 -1 -1 -1 -1 -1 -1 -1 -1 -1 -1 1 1 -1 1 1 1 1 -1 
1 -1 1 1 1 1 -1 1 1 -1 -1 -1 -1 1 1 -1 -1 1 1 -1 1 -1 -1 -1 -1 1 -1 1 -1 -1 -1 1 1 -1 1 -1 1 -1 1 1 1 1 1 1 -1 -1 -1 1 1 -1 1 -1 -1 1 1 1 1 1 -1 -1 1 1 -1 1 -1 1 1 -1 -1 1 -1 -1 1 1 -1 -1 1 1 1 1 -1 1 1 -1 -1 1 -1 1 -1 -1 -1 -1 1 -1 1 1 -1 -1 1 1 1 -1 -1 -1 1 1 -1 1 -1 -1 1 -1 -1 -1 -1 1 -1 1 -1 1 -1 1 1 1 1 -1 1 1 
1 -1 1 1 1 -1 -1 1 1 1 1 1 -1 1 -1 1 -1 -1 1 1 1 -1 1 -1 1 -1 -1 -1 -1 -1 1 1 1 -1 1 -1 1 1 -1 -1 1 1 1 -1 -1 1 -1 1 -1 1 -1 1 1 1 1 -1 -1 1 -1 1 1 1 1 -1 -1 1 -1 1 1 -1 -1 1 -1 -1 1 1 -1 1 -1 -1 -1 -1 1 -1 1 -1 -1 1 1 -1 -1 1 -1 1 1 -1 1 1 -1 1 -1 1 -1 1 -1 1 -1 -1 -1 -1 1 1 -1 1 1 -1 -1 1 1 -1 -1 1 -1 1 -1 -1 1 -1 
1 1 1 1 1 1 1 1 1 1 1 -1 1 1 1 1 1 -1 1 -1 -1 1 -1 1 -1 1 -1 -1 1 1 -1 -1 -1 1 -1 1 -1 -1 -1 -1 -1 1 1 1 -1 -1 1 1 -1 1 1 -1 1 -1 1 1 -1 1 1 -1 1 1 -1 -1 -1 -1 1 1 -1 -1 1 1 1 1 -1 1 1 -1 1 1 1 1 -1 -1 -1 -1 1 1 -1 1 1 1 1 -1 -1 1 1 -1 -1 -1 -1 1 1 1 1 1 1 -1 -1 -1 -1 1 -1 -1 1 1 1 1 1 1 1 -1 -1 -1 1 -1 1 -1 
1 -1 -1 1 -1 -1 -1 1 -1 1 -1 1 1 -1 -1 1 1 -1 1 -1 1 -1 1 1 1 -1 1 1 1 1 -1 1 -1 -1 1 1 -1 1 -1 1 1 -1 1 1 -1 1 -1 1 1 1 1 1 -1 1 1 1 1 1 1 -1 1 1 -1 1 1 -1 1 1 -1 1 -1 1 1 1 1 1 1 -1 -1 1 -1 1 1 1 1 -1 1 1 -1 1 -1 1 -1 1 -1 -1 1 1 1 -1 1 1 1 -1 -1 -1 1 1 -1 -1 -1 1 1 1 -1 1 1 1 -1 1 -1 -1 -1 -1 -1 1 -1 -1 
-1 1 1 -1 -1 -1 -1 -1 -1 1 1 -1 1 -1 -1 1 -1 1 -1 1 1 -1 -1 -1 1 1 -1 -1 1 1 1 -1 -1 -1 1 -1 -1 -1 1 1 -1 1 -1 -1 -1 1 1 1 1 -1 1 -1 1 -1 -1 -1 1 1 1 1 -1 1 1 -1 1 -1 1 -1 1 1 1 1 1 1 1 -1 -1 1 1 1 -1 -1 -1 1 -1 1 -1 -1 -1 1 1 1 1 1 1 1 -1 1 -1 -1 1 -1 -1 1 1 -1 -1 -1 -1 1 -1 -1 1 -1 1 1 1 1 1 1 1 -1 -1 1 -1 -1 1 1 
-1 -1 1 -1 1 1 1 1 1 1 -1 1 1 1 1 -1 -1 -1 1 1 1 1 1 -1 -1 -1 1 1 1 1 -1 1 -1 1 1 1 1 -1 -1 1 1 -1 1 1 1 1 1 1 -1 1 1 1 1 1 -1 1 -1 1 -1 -1 1 1 1 -1 1 1 1 -1 -1 -1 -1 1 1 1 -1 1 1 -1 -1 -1 -1 1 1 -1 -1 -1 -1 -1 -1 -1 -1 -1 1 -1 -1 1 1 -1 -1 1 -1 1 -1 1 1 1 -1 1 1 1 1 1 1 -1 -1 1 -1 1 1 1 -1 1 -1 -1 -1 1 -1 1 
1 1 1 1 -1 -1 1 -1 -1 1 1 1 -1 -1 -1 -1 1 1 -1 1 1 1 -1 1 -1 -1 -1 1 1 1 1 -1 -1 1 1 1 1 -1 -1 -1 -1 -1 -1 1 1 -1 -1 -1 -1 -1 -1 -1 -1 -1 1 1 -1 1 1 1 1 -1 -1 1 -1 -1 -1 -1 1 -1 -1 -1 1 1 -1 1 1 1 1 1 -1 -1 1 1 -1 -1 1 1 1 -1 -1 -1 -1 -1 1 1 -1 -1 1 -1 1 -1 1 1 -1 -1 -1 1 -1 1 1 -1 1 1 1 -1 -1 -1 1 -1 -1 -1 1 -1 1 -1 1 1 
-1 -1 1 1 1 1 1 1 -1 1 -1 1 1 1 -1 1 1 1 -1 1 1 -1 -1 -1 1 -1 -1 -1 -1 -1 1 1 -1 -1 -1 1 1 1 1 1 1 -1 -1 1 1 1 -1 -1 -1 1 -1 -1 -1 -1 -1 1 -1 -1 1 -1 -1 1 1 -1 -1 -1 -1 -1 -1 1 1 1 1 -1 -1 -1 1 -1 1 -1 -1 -1 -1 1 1 1 1 1 1 1 1 1 1 1 1 -1 1 -1 1 1 -1 1 -1 -1 1 -1 1 -1 1 -1 -1 1 -1 -1 1 -1 1 -1 1 1 1 1 -1 1 -1 1 1 -1 
-1 1 1 1 1 -1 1 -1 1 -1 1 -1 -1 1 -1 -1 1 1 -1 1 1 -1 -1 1 -1 1 1 -1 1 1 -1 1 -1 1 -1 1 1 1 1 1 -1 1 -1 1 -1 -1 1 -1 -1 1 1 1 1 -1 -1 1 1 1 1 1 1 1 -1 -1 1 1 -1 1 -1 -1 1 -1 -1 1 -1 1 -1 -1 -1 -1 1 1 1 1 1 -1 1 1 -1 1 1 -1 1 -1 1 1 1 1 1 -1 1 -1 1 1 -1 -1 1 -1 1 -1 -1 -1 1 1 -1 -1 1 1 -1 1 -1 -1 -1 1 1 1 -1 -1 