16
56 75 9 45 29 6 23 60 39 9 30 99 31 23 41 3 
22 45 52 18 13 23 84 23 74 18 5 6 33 93 85 82 
58 46 92 77 6 88 78 90 6 99 35 2 63 96 78 88 
43 88 12 88 39 41 56 15 15 17 46 39 100 44 93 40 
7 75 1 60 21 41 35 84 35 94 48 23 8 56 48 9 
16 61 7 37 10 56 67 99 45 52 28 92 47 55 1 44 
68 13 83 65 87 87 32 51 44 40 96 54 56 83 74 4 
65 47 33 16 40 59 66 81 83 77 18 49 94 21 81 48 
65 73 38 46 66 83 24 93 70 36 72 18 7 79 11 68 
43 19 46 92 26 80 8 2 96 44 45 38 11 71 39 7 
80 54 44 42 66 32 24 45 2 43 25 7 100 22 97 12 
69 77 45 49 16 7 67 66 42 18 68 53 94 87 2 90 
53 61 95 93 54 99 75 83 27 92 41 30 55 89 19 24 
98 9 14 8 36 67 12 96 9 27 25 53 98 70 82 96 
96 59 61 23 18 17 5 98 86 34 11 31 67 72 77 3 
27 43 80 40 92 42 75 90 21 69 20 42 99 66 70 9 
1 -1 1 1 1 -1 1 1 -1 -1 -1 -1 1 -1 1 -1 
-1 -1 1 -1 -1 -1 -1 -1 -1 -1 -1 1 -1 -1 -1 1 
1 1 -1 1 -1 -1 -1 -1 -1 -1 -1 1 -1 1 -1 -1 
1 -1 1 -1 1 1 -1 1 1 1 1 1 -1 -1 -1 -1 
1 -1 -1 1 -1 -1 1 1 -1 -1 1 1 -1 1 -1 -1 
-1 -1 -1 1 -1 -1 1 1 -1 1 1 1 1 1 1 1 
1 -1 -1 -1 1 1 1 -1 1 -1 1 1 -1 1 -1 -1 
1 -1 -1 1 1 1 -1 1 1 -1 1 1 1 -1 -1 1 
-1 -1 -1 1 -1 -1 1 1 -1 1 1 1 -1 -1 1 1 
-1 -1 -1 1 -1 1 -1 -1 1 -1 -1 -1 -1 1 -1 -1 
-1 -1 -1 1 1 1 1 1 1 -1 1 1 1 1 -1 -1 
-1 1 1 1 1 1 1 1 1 -1 1 -1 -1 1 -1 1 
1 -1 -1 -1 -1 1 -1 1 -1 -1 1 -1 -1 1 1 -1 
-1 -1 1 -1 1 1 1 -1 -1 1 1 1 1 -1 1 1 
1 -1 -1 -1 -1 1 -1 -1 1 -1 -1 -1 1 1 1 -1 
-1 1 -1 -1 -1 1 -1 1 1 -1 -1 1 -1 1 -1 1 