16
3 10 3 3 7 6 1 10 3 8 6 2 4 7 4 6 
8 9 6 5 1 8 3 3 8 2 4 2 6 8 4 5 
5 10 6 9 10 8 5 10 9 4 1 4 10 5 7 9 
9 10 4 8 9 9 3 6 7 10 10 1 5 6 7 10 
8 9 10 1 5 2 1 2 1 8 8 8 6 9 10 4 
1 8 6 4 7 5 8 9 8 10 2 9 2 3 9 9 
8 10 6 2 9 4 4 1 2 3 1 5 1 1 3 8 
2 8 10 4 3 1 8 1 6 3 6 8 6 6 10 2 
8 1 5 6 10 6 8 7 8 9 7 4 9 2 9 5 
9 7 10 10 9 5 5 9 10 3 6 1 10 7 6 4 
8 7 4 9 8 3 9 1 4 1 10 5 5 2 3 4 
6 4 6 4 5 2 4 7 10 4 5 9 2 4 2 10 
4 7 2 3 10 3 7 10 6 9 3 1 10 7 5 3 
6 5 5 4 7 2 4 3 8 2 6 8 1 2 3 5 
2 10 1 3 9 5 1 9 7 8 7 3 1 4 9 6 
8 3 5 6 6 6 3 5 4 10 4 5 7 2 9 7 
1 1 -1 -1 1 1 1 1 -1 1 -1 -1 1 -1 -1 1 
1 -1 1 1 1 1 1 -1 1 -1 1 1 -1 1 1 -1 
-1 1 1 -1 -1 -1 -1 1 -1 -1 1 -1 1 1 1 -1 
-1 1 -1 -1 1 -1 -1 -1 -1 1 1 1 1 1 1 1 
1 1 -1 1 1 -1 -1 -1 1 -1 1 1 1 -1 1 -1 
1 1 -1 -1 -1 1 1 1 1 -1 1 -1 1 1 1 -1 
1 1 -1 -1 -1 1 1 -1 -1 1 1 -1 1 -1 -1 -1 
1 -1 1 -1 -1 1 -1 -1 -1 -1 1 -1 1 -1 -1 -1 
-1 1 -1 -1 1 1 -1 -1 1 1 1 1 1 1 1 1 
1 -1 -1 1 -1 -1 1 -1 1 1 -1 1 1 1 -1 -1 
-1 1 1 1 1 1 1 1 1 -1 1 1 1 1 -1 -1 
-1 1 -1 1 1 -1 -1 -1 1 1 1 -1 -1 1 -1 -1 
1 -1 1 1 1 1 1 1 1 1 1 -1 1 1 1 -1 
-1 1 1 1 -1 1 -1 -1 1 1 1 1 1 -1 1 1 
-1 1 1 1 1 1 -1 -1 1 -1 -1 -1 1 1 -1 -1 
1 -1 -1 1 -1 -1 -1 -1 1 -1 -1 -1 -1 1 -1 1 