128
32 90 22 23 32 4 49 96 30 44 61 31 55 20 13 22 95 77 57 43 38 23 82 44 69 57 25 68 7 58 85 54 19 39 12 4 79 76 88 86 8 92 92 91 70 68 2 46 24 6 31 55 34 11 2 51 64 88 83 93 92 72 23 44 89 57 67 66 11 10 69 45 73 20 79 43 89 65 48 33 36 42 69 2 72 61 53 42 8 53 57 24 41 38 95 3 7 28 62 69 49 8 33 96 56 47 68 47 53 46 62 67 51 86 53 64 37 22 72 70 11 60 57 73 39 90 50 17 
69 72 40 52 29 94 100 99 45 6 45 47 78 94 98 92 38 46 9 97 79 100 38 80 59 13 18 100 70 71 42 26 97 2 69 70 46 79 99 54 18 94 40 34 11 34 60 73 71 58 35 93 47 51 1 58 45 84 57 93 5 14 76 84 12 36 90 85 93 63 88 58 29 7 90 98 25 52 75 77 38 87 52 51 57 35 21 84 96 28 63 47 81 66 53 91 79 54 80 25 40 8 98 27 44 83 82 62 11 29 96 86 72 34 33 53 16 20 85 24 74 39 11 100 5 75 92 1 
47 63 9 89 43 10 25 70 60 36 8 83 50 71 66 98 99 99 37 77 45 25 7 2 63 46 88 51 1 7 12 28 37 18 28 10 29 41 52 88 91 53 8 53 46 32 29 65 83 46 80 93 85 91 28 99 75 96 90 82 96 11 15 16 74 35 31 26 49 54 21 92 49 7 81 28 65 64 39 12 48 76 16 59 28 99 95 18 30 36 12 4 84 49 19 72 100 70 37 72 96 90 60 51 38 14 3 66 25 26 93 50 76 95 41 59 73 27 53 28 8 82 39 45 17 38 50 99 
49 6 45 30 6 97 29 2 84 41 16 17 94 89 3 87 48 88 13 22 71 2 21 7 93 51 9 87 81 19 59 32 6 7 45 36 65 53 58 96 15 34 87 42 51 20 46 64 94 42 21 34 1 43 91 34 6 23 45 3 58 3 24 29 60 28 7 37 34 79 43 61 48 85 61 4 97 75 68 33 80 43 83 55 13 95 43 98 27 17 50 50 23 33 37 62 13 26 52 74 100 58 6 63 85 90 88 63 99 27 49 10 79 21 51 57 13 99 43 52 9 7 15 31 27 7 57 73 
11 100 77 60 92 80 68 72 43 61 70 73 97 9 10 57 71 69 53 48 99 38 12 51 22 98 18 28 96 59 5 25 47 49 44 28 24 85 54 17 86 44 19 45 79 54 69 42 50 62 1 61 39 42 39 3 89 23 98 23 86 25 54 41 11 28 88 41 93 55 4 37 75 76 31 74 93 11 31 69 99 10 56 60 10 19 67 54 40 51 42 95 66 45 81 99 86 100 37 5 66 100 72 84 13 28 24 33 78 98 20 18 2 63 3 39 14 3 73 84 96 16 78 40 13 72 98 18 
90 69 93 90 64 27 48 31 20 19 99 99 63 100 32 88 22 83 67 95 23 76 89 45 41 80 50 67 99 1 43 83 44 64 63 79 28 79 13 51 11 77 19 2 38 70 98 8 82 90 63 13 100 21 45 62 14 79 74 18 59 54 97 10 40 17 65 58 4 57 51 33 2 89 79 29 77 36 57 100 14 69 10 23 84 48 99 92 48 27 25 83 48 64 91 79 99 29 32 65 58 87 84 51 78 46 87 15 87 96 64 83 98 85 15 86 30 68 62 26 5 51 28 56 24 33 71 49 
32 46 79 65 85 26 61 72 92 2 70 4 21 97 51 26 39 61 53 7 38 28 49 8 42 40 46 9 47 46 61 69 97 30 10 42 37 7 37 25 3 81 57 6 85 46 41 18 65 8 32 33 2 85 1 26 33 93 86 21 34 38 36 42 38 61 12 36 84 86 73 5 45 61 23 10 50 43 85 100 95 50 41 50 1 51 78 91 56 49 35 85 47 19 14 93 69 74 12 7 46 73 55 23 26 91 30 26 44 43 42 4 62 33 47 92 43 22 37 66 16 20 71 90 42 17 44 6 
78 23 84 5 81 44 57 53 15 62 28 74 40 36 57 55 24 93 51 76 36 45 45 18 62 45 81 12 86 96 22 95 41 55 44 69 6 62 28 98 1 80 55 18 83 96 88 54 68 39 87 1 18 20 94 39 14 80 80 48 87 69 99 50 82 83 2 78 41 61 49 78 96 70 72 60 18 95 4 44 21 69 40 59 65 26 6 3 86 63 99 59 17 96 68 53 42 76 53 69 58 17 29 10 17 60 98 95 21 7 57 75 20 88 86 43 43 91 88 73 91 74 42 100 43 66 12 58 
5 59 74 41 54 67 65 66 81 13 24 79 28 43 60 87 84 94 42 87 99 43 1 75 63 45 53 99 76 50 96 73 5 98 38 93 97 18 84 50 36 83 89 20 52 78 64 95 84 47 93 40 43 21 60 64 61 95 26 77 88 87 23 88 25 86 80 90 6 59 28 49 88 91 9 60 74 94 95 100 64 51 11 97 44 78 67 91 3 83 76 87 77 75 26 44 47 38 57 21 15 40 23 54 57 44 30 31 69 93 51 61 41 39 79 74 43 26 27 74 6 59 69 36 34 11 17 3 
82 59 24 42 60 95 47 36 65 7 15 67 45 5 54 38 54 62 6 34 6 84 49 78 86 62 23 39 54 76 30 1 91 31 26 95 72 46 86 66 7 83 73 49 23 31 63 61 13 89 83 77 21 40 93 72 38 29 41 87 20 20 81 38 30 43 12 92 80 70 48 24 98 82 7 43 100 83 13 64 77 55 57 73 80 29 95 56 53 23 74 27 64 80 62 41 48 55 9 53 76 100 43 93 20 98 55 84 50 30 60 67 8 44 3 77 40 54 62 1 63 71 41 44 45 29 29 90 
29 95 10 70 44 43 61 63 96 57 88 41 93 87 44 18 41 8 78 74 71 83 14 6 30 78 72 85 97 38 26 72 25 38 31 59 34 76 7 15 41 35 25 68 23 53 60 56 41 41 31 11 77 24 83 43 13 45 41 89 93 9 51 82 77 16 97 21 11 85 20 88 34 15 88 80 96 100 35 9 26 5 16 4 48 20 43 76 50 71 92 99 84 87 78 51 26 6 87 96 47 33 2 25 85 56 59 65 6 46 51 42 73 21 66 41 43 30 80 40 88 79 28 41 96 53 4 91 
81 29 36 29 58 61 53 67 44 43 15 63 9 41 3 42 31 24 95 30 44 58 40 75 52 96 36 36 14 61 77 8 55 71 87 86 56 43 68 31 40 78 39 90 38 15 65 74 67 8 73 55 96 27 25 58 65 100 4 30 42 7 59 12 70 32 62 19 52 65 16 20 100 99 51 89 78 14 50 91 50 37 44 64 46 3 94 63 3 93 10 61 56 6 49 45 49 26 16 53 74 52 32 10 91 39 9 64 41 14 36 78 15 71 14 74 30 56 98 6 37 68 68 34 52 94 9 13 
92 53 68 4 19 51 47 19 46 99 77 73 39 41 87 87 34 23 70 88 12 51 88 95 57 39 94 1 28 89 29 46 66 36 96 76 92 23 80 53 2 66 64 65 62 49 54 32 3 45 29 20 62 92 88 92 62 4 83 98 2 26 41 9 27 29 77 17 37 30 7 15 4 62 93 15 26 48 22 15 75 2 88 44 9 62 59 13 80 100 56 43 10 51 30 40 78 23 48 47 31 37 90 90 7 10 27 97 96 6 8 100 25 87 8 90 37 93 30 13 65 36 74 91 29 61 3 79 
39 73 4 56 59 56 90 23 86 51 34 91 77 82 22 3 61 8 60 70 36 62 11 36 98 93 72 72 96 22 83 45 41 41 70 16 31 32 87 80 24 6 73 70 25 11 55 39 98 9 93 22 14 1 82 17 44 22 82 87 32 78 49 33 27 66 88 92 79 76 19 23 46 38 56 31 23 70 45 49 69 29 90 57 20 92 84 32 17 43 99 82 9 7 43 64 93 85 26 83 71 71 64 80 3 8 11 38 57 72 83 53 14 60 33 71 24 51 15 44 41 28 1 93 65 3 36 44 
15 21 89 48 83 47 25 83 74 41 68 21 2 28 93 8 43 48 55 49 95 53 23 76 54 89 84 32 24 23 55 77 91 1 31 59 15 2 93 44 27 54 82 49 3 84 17 79 23 91 92 82 53 44 64 23 33 45 56 8 64 30 10 17 84 57 3 70 61 46 88 34 72 11 26 69 25 96 52 53 65 56 21 34 20 13 21 9 36 58 20 52 53 61 82 73 3 96 21 92 100 39 98 13 34 71 24 79 52 30 48 3 7 100 32 37 24 73 61 93 46 47 4 84 22 70 72 73 
8 80 1 74 28 2 48 31 88 53 45 74 20 97 1 25 19 77 39 66 5 60 2 76 40 80 88 33 90 77 79 98 47 25 66 68 5 71 66 35 17 86 9 63 60 11 24 58 88 87 39 35 39 61 91 98 53 35 47 13 34 67 67 30 23 72 68 30 69 63 33 19 22 52 72 38 76 20 82 42 50 72 18 87 58 60 33 91 70 28 95 43 69 38 77 27 2 59 70 48 31 71 57 65 58 38 16 93 8 40 68 43 5 89 93 55 3 36 76 13 29 61 7 20 84 49 26 36 
5 87 62 54 19 34 64 60 1 62 43 48 97 98 69 45 64 81 49 45 76 74 84 53 31 88 35 8 46 57 54 28 58 92 26 79 54 2 26 92 37 87 94 88 38 14 77 40 49 50 92 90 23 64 80 54 57 22 86 26 33 60 7 40 50 36 4 93 93 77 10 21 35 80 36 75 46 69 50 91 94 50 38 11 11 4 93 10 6 96 79 86 100 59 44 19 59 96 75 97 17 62 86 5 94 35 41 98 52 97 31 46 86 19 87 67 64 74 84 58 64 46 70 56 53 85 45 41 
30 64 37 71 40 45 1 21 78 94 77 93 35 82 31 47 6 31 13 15 18 37 57 84 38 77 27 97 49 83 24 50 73 76 11 82 46 91 18 91 94 73 78 57 4 1 71 69 83 25 10 22 35 39 92 48 39 7 10 1 21 26 17 47 78 54 33 69 9 30 57 92 40 93 55 96 74 30 25 26 96 96 57 64 68 85 14 11 24 1 52 38 86 57 36 43 79 36 19 74 49 49 42 34 17 58 85 87 39 19 10 3 47 49 21 76 63 42 78 22 13 8 48 41 81 80 4 31 
41 98 23 9 37 62 93 18 35 65 87 18 4 81 43 13 77 5 50 67 59 28 40 27 60 85 78 96 61 1 48 48 40 44 26 29 3 40 6 89 38 24 60 20 70 34 25 6 67 100 74 94 61 54 39 15 39 46 60 44 80 7 19 57 11 6 23 22 8 68 39 32 23 13 33 72 22 58 69 7 73 30 26 56 87 15 85 41 47 50 64 17 27 46 9 13 41 39 47 69 58 89 45 96 41 39 15 90 42 54 17 34 43 84 98 83 17 85 71 18 58 52 44 25 57 50 15 69 
52 57 74 13 81 69 55 25 77 38 95 42 66 55 73 63 74 66 3 48 94 95 12 50 91 91 25 9 31 40 33 56 22 93 61 82 42 51 47 8 2 39 93 12 77 57 79 49 98 57 100 35 97 38 13 11 11 68 50 2 100 42 100 7 61 10 97 80 25 66 69 13 81 8 11 88 7 66 52 80 42 81 100 47 49 51 8 60 21 36 11 18 7 57 81 75 89 7 52 66 45 33 81 52 34 12 41 19 17 21 33 56 83 80 25 27 80 97 61 34 86 3 65 2 56 40 73 11 
60 30 29 38 26 1 2 11 75 28 73 52 47 30 94 93 17 49 51 14 80 21 10 29 91 79 38 24 79 34 93 89 97 23 12 10 98 75 75 34 83 76 71 47 34 95 93 29 59 59 95 34 29 57 87 23 81 37 77 70 99 56 77 5 98 50 16 69 48 73 56 36 8 76 89 29 43 37 30 38 57 89 95 76 65 31 5 57 45 74 88 79 80 31 23 50 52 86 4 61 52 43 70 100 29 21 21 87 87 52 71 23 38 17 59 90 16 52 64 32 29 13 82 9 61 79 96 6 
65 91 64 15 97 30 92 9 38 85 94 34 47 5 92 87 57 95 75 39 21 99 91 69 20 26 50 37 40 1 27 75 89 32 20 64 22 90 49 58 17 48 65 5 39 32 5 57 83 69 54 65 74 31 26 53 2 42 22 39 36 57 80 31 96 78 13 89 90 94 22 79 52 92 23 79 49 94 99 8 8 1 75 83 91 25 24 42 34 97 3 64 92 12 52 77 47 36 40 62 3 5 82 89 34 23 42 47 63 39 75 84 41 59 89 47 52 8 76 92 18 10 42 8 43 40 38 16 
12 52 61 7 95 26 52 57 65 3 39 28 25 8 12 70 82 92 82 7 18 5 9 64 18 67 15 48 48 30 24 71 33 68 45 72 66 57 48 20 52 21 29 74 52 83 37 26 26 7 61 2 68 45 29 54 67 64 5 26 61 27 40 52 35 94 35 4 26 99 40 46 99 23 57 36 96 53 33 88 55 77 7 67 65 58 32 18 5 44 82 20 14 44 20 71 14 1 79 58 76 32 41 51 45 99 7 18 95 31 27 8 20 14 55 8 58 55 28 50 65 28 93 41 3 97 38 97 
37 64 27 59 65 48 58 45 22 81 18 68 39 49 51 98 37 88 51 50 52 1 22 76 92 79 15 41 69 80 91 98 75 5 92 57 15 8 95 97 15 65 57 25 97 6 52 42 68 60 45 12 64 79 33 66 7 62 69 58 81 33 6 96 46 29 84 87 68 72 16 62 46 59 50 4 77 11 1 91 84 12 13 90 45 16 69 40 93 88 36 91 70 72 89 47 6 81 41 79 51 56 73 91 22 45 58 24 36 87 63 75 71 30 42 38 33 52 87 47 14 59 20 68 56 42 31 61 
51 46 86 3 23 20 84 80 39 42 67 96 68 70 71 59 13 47 92 44 2 56 37 57 69 11 76 69 95 6 82 17 84 15 93 52 98 50 76 50 84 46 74 18 49 82 40 20 36 76 34 62 24 75 89 41 75 39 12 93 47 98 94 36 97 12 36 75 23 76 84 54 51 42 25 23 72 94 37 59 78 11 25 49 88 5 28 29 13 62 67 12 87 84 97 1 96 26 22 100 36 60 64 64 95 91 6 33 36 90 41 97 15 36 81 58 46 4 19 40 62 34 98 44 15 30 22 93 
82 60 13 98 99 84 95 31 91 13 49 58 82 52 14 15 77 34 75 37 2 45 73 62 32 43 7 26 18 96 13 48 29 23 91 43 4 47 50 63 33 53 51 45 17 18 91 39 72 74 33 94 22 97 81 45 14 55 57 45 6 81 82 88 72 97 59 16 19 17 5 26 77 58 70 23 56 57 24 92 68 40 32 90 39 75 19 42 68 54 43 43 40 83 79 14 96 63 42 23 72 25 16 51 13 57 86 58 53 62 93 97 42 19 30 48 99 87 96 90 77 33 65 31 88 25 3 67 
88 65 26 7 76 52 40 71 13 3 33 36 22 65 35 54 13 79 32 20 16 96 44 72 74 28 72 53 82 50 54 20 85 88 7 31 13 93 33 28 58 41 7 5 30 20 50 13 34 54 27 69 38 59 23 28 64 82 16 70 16 2 64 95 63 82 50 4 6 34 55 74 75 74 74 43 88 91 43 56 71 45 51 69 1 97 56 35 9 21 18 40 30 31 36 35 90 45 76 15 77 31 44 80 88 99 76 19 6 34 67 62 85 90 58 81 2 72 44 16 86 87 58 44 45 41 16 15 
54 56 26 73 59 47 70 40 41 87 51 35 16 23 83 70 78 45 7 31 49 76 64 96 40 59 44 9 3 15 78 9 81 51 21 97 48 61 5 91 90 85 1 46 58 30 32 59 39 59 29 15 38 42 12 56 86 41 95 24 81 21 75 45 1 97 15 65 43 55 21 92 62 51 33 69 30 41 64 93 66 70 6 1 84 71 63 88 3 88 49 83 8 100 19 26 51 25 26 3 68 60 22 47 45 28 54 98 62 79 80 94 62 43 27 53 72 25 57 27 26 85 73 85 71 46 19 3 
3 31 97 63 24 92 84 97 50 60 15 31 70 72 77 88 36 55 14 69 40 97 92 68 84 43 12 41 52 18 75 24 36 6 50 38 94 17 75 77 54 85 30 71 50 14 9 27 14 86 34 1 95 88 46 95 20 76 27 17 80 69 53 7 76 46 28 5 16 98 60 45 49 19 59 26 69 26 100 68 23 42 60 63 79 41 2 3 57 31 1 21 10 27 58 23 36 12 96 78 2 98 47 87 17 69 68 50 26 25 57 96 89 11 74 10 83 7 42 28 14 54 27 69 7 11 98 26 
30 90 18 83 61 81 52 34 86 90 58 75 85 33 6 9 15 71 86 50 13 7 97 33 88 35 68 1 12 66 98 42 89 31 26 67 2 67 44 23 16 43 53 92 26 66 17 66 25 64 17 82 3 98 88 72 79 11 74 9 50 1 4 88 95 74 15 94 66 96 33 69 42 73 7 71 15 80 12 86 6 11 90 63 8 55 100 32 73 15 67 93 77 42 97 81 33 59 56 13 38 36 14 90 92 76 88 78 98 36 18 15 41 54 47 26 11 78 97 86 14 69 80 99 99 10 13 90 
33 6 58 10 65 45 93 1 4 29 50 99 25 77 59 3 65 46 67 5 32 9 28 85 88 31 1 93 93 100 34 71 34 89 76 86 71 58 97 64 15 3 14 8 57 100 8 24 100 20 38 45 77 57 2 33 93 75 80 28 49 56 48 100 21 79 92 47 85 44 49 16 52 58 100 90 53 77 9 60 26 56 100 56 83 87 96 99 71 83 45 94 91 90 94 96 8 53 21 54 55 16 65 44 96 85 23 53 13 35 73 98 53 46 77 94 95 51 90 96 8 58 51 82 84 53 46 94 
72 7 39 66 95 36 78 20 22 52 40 96 41 85 83 28 24 27 64 38 2 63 29 52 54 22 93 54 7 47 11 48 83 84 22 80 79 24 38 87 59 62 43 70 83 24 59 89 57 1 21 79 15 61 72 1 65 75 60 73 96 47 68 85 51 93 84 58 13 22 50 29 47 60 20 90 75 40 15 82 29 32 96 20 34 28 32 89 4 95 45 25 8 59 79 62 7 98 71 36 28 40 17 39 48 96 97 25 70 31 49 55 77 53 16 9 14 34 100 42 5 14 11 19 77 38 33 16 
59 50 51 75 19 34 64 49 14 20 93 11 30 99 24 52 68 42 35 31 98 6 99 63 53 15 85 29 41 43 7 41 52 95 1 82 85 12 42 75 20 40 12 4 35 89 75 100 28 80 11 48 23 59 28 52 90 31 73 4 41 21 36 39 31 98 20 77 54 7 23 67 73 88 7 28 5 36 94 11 1 47 93 9 97 44 62 36 33 21 82 100 97 83 66 17 63 93 98 86 92 2 77 49 87 96 37 44 38 11 16 27 98 43 42 88 100 35 61 55 96 2 79 92 92 86 19 37 
46 100 93 69 71 20 57 57 68 74 2 21 64 40 29 5 19 9 75 19 18 100 38 36 93 87 28 94 37 59 36 83 9 84 80 2 61 16 15 98 25 66 21 29 79 42 29 10 88 56 11 55 66 56 18 68 14 61 4 19 94 5 12 95 35 47 24 82 83 28 49 5 61 74 96 36 49 21 97 97 21 66 89 97 68 62 42 98 22 6 89 49 52 84 80 85 37 76 51 98 95 63 83 39 30 46 5 41 78 66 65 84 96 87 79 2 66 24 56 21 52 37 96 32 13 59 38 51 
17 36 57 5 74 69 13 77 66 13 97 38 19 62 47 28 53 65 40 64 45 65 81 27 78 21 57 38 11 87 2 26 46 86 28 73 25 65 80 35 35 61 12 73 56 86 58 82 8 73 32 67 9 16 27 3 85 81 87 59 54 74 79 11 49 89 4 100 65 49 70 37 76 46 60 25 52 96 23 81 56 41 94 36 97 37 78 62 2 33 19 36 20 92 8 50 37 10 36 14 84 61 64 17 52 87 14 83 15 46 20 92 54 49 3 34 29 44 39 29 83 8 44 44 44 51 79 84 
48 72 88 16 79 76 59 14 82 79 93 30 46 21 2 71 35 79 27 62 27 98 89 12 41 29 21 51 30 49 30 46 11 7 52 87 54 67 23 58 9 10 31 91 80 2 84 31 91 30 65 99 74 67 51 25 65 69 76 82 23 59 10 8 93 36 8 89 96 6 92 74 70 100 37 17 16 62 41 53 25 47 56 4 80 18 28 78 88 75 65 30 48 90 9 22 100 80 31 38 15 97 97 42 77 35 53 71 11 30 81 48 99 13 46 42 47 77 19 62 17 21 49 37 14 56 74 42 
34 5 42 31 2 47 67 21 80 81 50 66 37 32 72 9 23 78 55 99 82 84 39 29 79 46 87 51 94 33 32 10 73 10 34 56 26 91 39 93 55 33 29 44 51 78 56 13 71 38 80 77 83 94 81 63 31 11 89 41 10 94 87 1 75 73 75 20 44 25 86 33 81 40 22 31 11 53 47 48 55 19 48 98 90 56 44 3 8 29 66 2 99 49 73 30 78 35 49 29 54 81 23 92 5 13 23 88 37 32 11 73 71 5 85 59 64 23 82 56 13 6 12 35 81 28 21 81 
35 51 87 44 91 7 19 49 27 28 1 94 26 71 31 12 48 7 6 82 65 31 99 15 55 99 24 69 92 84 70 65 40 47 28 29 13 78 10 28 93 11 43 74 21 11 56 84 78 26 23 46 29 62 42 3 50 30 11 78 82 6 19 7 12 95 81 34 74 68 44 93 97 27 57 32 63 49 92 94 22 37 4 2 72 70 34 58 57 70 14 94 89 71 41 2 29 48 66 12 62 56 85 8 9 76 13 45 56 99 7 63 57 51 56 5 88 18 34 48 67 86 55 83 11 90 18 26 
18 33 79 13 48 64 33 10 75 27 30 78 79 8 70 46 92 77 28 4 100 34 83 78 24 97 10 46 98 86 55 85 16 5 64 32 65 30 5 43 18 99 89 33 67 9 27 73 67 39 21 52 11 78 43 65 22 62 16 71 6 50 82 47 44 48 8 24 9 32 92 32 66 23 54 46 63 22 46 86 14 77 26 61 51 46 30 70 32 43 43 3 53 22 64 18 62 46 66 38 100 79 3 2 10 51 52 12 75 94 93 61 21 19 62 5 14 44 78 48 93 44 47 26 39 45 43 61 
7 76 11 20 91 86 69 82 31 71 39 23 13 32 32 19 23 86 28 66 30 77 14 15 14 59 33 22 54 18 89 6 29 80 67 16 39 67 73 92 19 31 84 12 51 65 64 70 46 44 21 70 20 82 34 67 46 70 29 23 27 68 71 27 94 48 32 26 81 87 26 13 46 22 60 99 54 38 48 98 28 74 3 41 47 31 83 63 37 15 67 38 95 51 41 8 85 75 23 17 85 13 100 45 25 6 62 68 92 47 15 43 35 57 51 74 81 28 70 60 23 35 100 43 100 36 16 70 
24 97 71 84 38 73 71 97 21 70 91 17 53 15 38 20 63 37 31 72 89 15 21 71 63 24 76 76 13 93 40 79 91 62 59 73 22 14 46 22 56 58 44 58 68 11 63 14 25 9 19 92 51 14 92 61 67 51 96 54 91 89 20 10 48 68 18 63 70 41 31 66 80 12 75 4 37 16 52 77 85 69 76 92 55 94 97 62 17 82 87 35 63 93 55 80 12 11 11 43 6 15 4 2 69 68 33 34 100 44 73 75 79 100 47 40 50 48 98 72 57 28 46 62 25 1 5 38 
35 18 69 3 71 66 23 44 70 29 64 4 46 96 85 38 34 80 79 98 81 2 80 97 78 82 40 38 98 32 73 65 3 91 36 44 23 14 8 8 53 27 16 70 5 38 79 99 19 17 16 80 49 83 49 88 79 67 52 60 94 3 48 92 93 28 50 1 72 6 15 49 39 66 88 44 74 11 73 32 46 70 6 66 7 53 75 51 47 59 31 91 57 10 64 8 67 23 61 61 91 34 18 17 55 85 9 48 60 66 81 76 95 45 92 14 36 74 73 90 98 99 35 2 81 57 95 62 
16 17 70 82 71 29 40 93 23 12 60 35 18 55 64 59 32 44 11 39 23 34 81 30 17 93 2 2 76 30 22 27 92 35 16 12 72 16 7 4 88 25 64 11 37 51 68 89 39 7 93 46 62 89 32 14 28 8 33 14 59 59 3 96 40 60 5 51 30 11 32 100 66 73 72 6 43 42 40 52 65 69 37 16 20 12 85 17 85 81 36 27 66 1 12 83 85 84 35 78 26 71 2 99 55 7 3 2 80 20 39 46 47 1 51 31 40 65 96 71 4 34 12 98 92 4 6 18 
98 7 43 26 76 15 3 62 89 54 75 84 76 54 20 20 28 5 22 26 3 35 40 78 13 50 98 71 18 59 51 74 100 93 40 81 96 69 50 8 97 53 61 67 66 96 89 20 73 39 38 5 30 76 44 91 91 33 1 19 69 11 90 27 72 100 40 68 86 93 58 64 80 83 5 53 44 6 80 14 39 67 35 72 46 16 45 14 16 77 16 84 20 70 63 33 93 27 39 40 67 76 50 83 82 67 64 9 20 76 68 99 36 1 9 3 30 43 16 20 36 81 10 25 80 30 65 22 
62 61 22 35 21 100 4 22 54 77 80 67 93 44 89 72 36 63 56 36 19 18 45 15 60 52 60 24 27 41 5 47 74 11 52 89 46 78 91 60 28 95 41 45 17 59 18 62 69 31 49 39 73 33 35 38 73 35 23 91 84 100 44 3 20 47 63 21 53 77 89 32 38 21 3 40 51 61 13 32 2 14 84 93 88 15 5 4 74 33 48 49 57 78 69 50 19 76 94 27 95 55 38 41 2 56 12 78 91 78 80 29 85 23 66 22 7 76 61 74 95 38 51 89 50 88 9 47 
98 44 8 55 37 86 37 9 50 11 8 45 38 26 74 100 10 21 2 33 48 2 62 5 39 85 97 2 20 82 5 57 42 25 21 4 56 51 41 8 23 46 8 97 23 10 65 55 69 53 23 44 80 3 77 12 36 19 48 14 80 5 91 66 4 6 8 20 86 9 33 39 39 72 16 17 70 60 17 88 70 11 65 56 3 97 82 32 95 92 35 27 43 12 48 9 2 85 89 6 56 23 7 93 52 37 84 98 3 1 81 53 11 30 38 31 23 84 72 61 82 59 47 88 47 99 64 71 
12 27 86 24 25 65 95 10 32 39 100 50 13 8 87 76 45 61 2 74 94 42 67 1 73 48 39 98 33 93 35 71 86 20 76 22 10 84 71 91 18 57 32 48 6 69 33 89 6 45 13 1 24 17 41 30 14 16 97 71 31 30 38 1 54 12 95 54 9 17 5 70 9 89 56 44 57 17 45 95 99 83 67 2 24 66 85 18 40 19 68 86 85 59 34 11 99 41 16 100 76 26 2 26 62 37 73 46 20 76 22 43 68 90 17 76 76 48 71 78 49 49 60 42 45 57 52 13 
73 63 91 74 27 46 34 41 98 34 27 41 69 69 35 100 85 18 95 6 73 69 68 88 67 51 78 25 43 38 49 5 38 26 56 20 30 47 48 29 48 58 33 74 89 40 44 71 65 68 44 51 60 95 46 36 29 92 16 36 9 71 52 87 23 54 12 55 44 1 86 75 99 36 60 58 5 46 52 69 26 96 19 71 47 72 78 99 69 75 92 74 61 68 45 64 19 89 47 2 56 81 45 80 56 55 40 36 72 41 2 80 36 15 11 18 30 74 19 49 97 5 47 76 61 37 79 67 
50 87 84 7 56 15 61 2 9 93 81 82 69 62 100 68 20 11 1 29 82 39 10 29 86 61 85 60 44 50 90 28 29 67 83 51 69 51 71 44 2 58 40 83 18 34 55 82 41 73 82 93 2 33 41 77 77 24 13 32 33 72 78 76 98 36 81 84 2 90 31 31 2 23 66 61 20 11 20 61 5 98 56 85 3 87 69 9 71 92 4 10 89 19 87 84 51 52 35 49 83 35 57 46 4 10 96 19 60 85 34 99 98 45 3 89 13 65 67 86 40 7 54 36 22 62 60 13 
49 85 71 2 86 56 79 40 100 17 71 1 100 76 2 49 95 67 55 3 69 32 46 85 75 33 84 20 60 82 55 59 24 23 70 92 80 72 98 88 82 81 36 70 100 47 77 59 34 51 81 31 25 98 26 45 48 85 66 52 42 69 69 18 59 11 83 74 60 36 22 75 64 29 15 89 89 56 40 94 2 86 24 51 79 92 18 54 90 76 5 29 11 68 15 38 59 97 74 77 79 41 76 46 47 73 28 58 61 60 53 46 36 94 23 37 42 61 93 49 90 69 79 26 65 69 88 30 
46 36 63 15 66 29 87 97 46 19 86 63 30 83 66 31 75 8 17 91 96 91 50 37 57 15 61 26 83 93 22 44 1 21 61 53 55 37 1 35 15 76 42 62 30 43 51 83 70 94 78 26 38 52 68 15 31 29 96 21 28 97 92 44 59 68 88 88 53 30 69 34 68 93 37 85 65 58 36 27 85 53 67 35 19 97 95 83 40 60 40 64 51 47 14 50 80 14 32 56 81 79 82 78 25 63 1 31 65 88 27 90 13 70 23 31 7 96 66 11 31 75 25 84 88 22 29 62 
47 34 34 51 70 99 77 6 96 3 99 87 65 3 64 82 86 69 48 70 61 35 47 93 31 61 67 76 87 64 1 46 54 42 11 2 33 22 14 13 98 100 13 62 57 98 58 82 41 99 7 60 94 64 7 41 17 58 99 43 92 78 60 62 88 89 23 31 36 49 4 12 27 33 51 85 34 19 66 75 99 93 85 93 10 93 12 43 44 35 99 65 28 98 92 4 29 75 20 86 34 87 86 16 24 47 25 26 60 19 100 26 64 96 12 94 81 5 14 36 27 36 92 8 26 84 30 2 
95 85 80 71 89 64 66 72 59 61 21 57 14 40 96 37 79 34 4 11 47 50 41 2 87 12 60 66 55 45 84 2 24 95 2 58 15 30 12 30 51 13 37 49 24 16 39 19 91 12 7 43 73 65 44 15 27 5 83 9 52 46 15 37 28 76 89 58 66 66 58 74 10 21 20 33 11 4 23 77 7 93 12 5 66 69 74 84 44 53 1 48 69 85 98 100 74 26 58 82 4 7 14 12 62 27 62 12 27 7 64 36 43 49 96 60 61 59 14 97 43 59 15 99 87 72 62 35 
61 100 2 12 96 99 86 31 26 25 39 22 90 18 28 3 49 35 69 69 38 29 22 4 58 95 12 70 17 23 27 88 73 62 71 61 42 87 46 9 97 93 17 50 52 55 93 25 98 40 82 43 47 26 10 12 65 17 69 85 63 62 14 67 3 23 38 51 62 1 74 21 72 65 55 29 1 65 69 69 57 58 50 14 11 4 34 21 47 69 25 26 82 98 34 48 7 40 50 4 9 49 55 45 68 7 40 68 65 61 70 4 67 18 87 81 92 34 57 38 86 14 24 10 69 29 27 50 
66 8 77 100 3 63 7 51 70 86 61 2 19 90 100 56 28 61 57 76 51 81 31 47 66 90 38 35 25 81 80 7 75 91 58 64 49 22 11 13 82 10 16 72 13 95 97 16 78 96 67 100 56 90 84 19 52 5 54 17 31 39 85 31 99 7 13 37 11 95 5 22 75 62 72 26 58 56 96 10 54 11 99 34 54 45 35 30 61 44 3 95 97 89 97 79 58 85 82 4 85 65 76 8 69 30 39 17 46 28 60 26 73 51 24 9 59 6 2 22 65 96 6 78 17 24 86 1 
11 39 93 9 30 99 55 20 29 60 89 19 87 100 22 59 97 86 47 58 73 53 30 27 5 93 20 77 50 18 89 92 28 75 26 99 72 43 68 88 88 48 49 100 98 97 28 31 16 57 83 6 78 63 65 19 56 15 70 92 48 90 55 51 9 36 49 23 96 59 77 94 6 64 91 83 96 74 6 41 63 88 74 60 18 69 37 56 65 33 82 54 53 39 76 98 90 67 94 14 17 11 82 74 97 75 40 6 27 93 89 43 49 89 1 47 49 14 61 78 16 13 78 62 37 68 62 89 
64 9 76 81 8 20 21 95 11 53 29 49 44 55 24 96 19 99 38 8 47 95 73 57 100 11 83 69 37 33 35 78 92 11 42 1 66 43 88 75 64 58 13 49 27 60 43 38 51 47 6 83 42 15 34 91 93 88 67 88 47 30 12 73 68 97 100 7 60 100 68 85 95 77 18 10 14 40 73 6 62 50 34 5 58 33 16 34 57 8 56 90 83 14 66 46 3 91 47 33 97 34 51 96 29 31 3 82 40 93 89 30 68 14 49 63 91 11 36 21 85 32 70 13 43 12 65 23 
66 54 30 14 14 55 18 59 46 11 15 44 38 51 73 6 83 13 7 73 43 83 72 82 36 71 85 72 35 50 77 92 63 91 70 13 38 95 21 32 9 36 59 75 68 38 30 84 81 51 27 94 100 62 94 88 13 60 56 25 56 86 49 38 76 53 81 53 2 98 5 10 53 14 49 71 9 15 76 43 98 30 90 23 2 17 94 31 48 83 53 40 76 24 61 6 21 52 53 57 68 6 65 81 28 71 23 40 35 52 29 91 21 93 54 11 29 80 50 22 83 76 50 46 98 24 8 51 
21 41 77 18 25 22 97 57 30 87 78 30 43 78 69 20 77 68 79 22 9 34 44 6 52 12 82 75 15 15 55 1 91 31 65 81 91 60 88 30 81 32 51 88 47 19 28 57 87 34 32 26 19 84 78 22 81 38 34 42 29 87 24 72 6 26 70 68 24 93 75 57 31 18 54 50 63 37 13 28 99 38 57 33 52 48 10 7 15 12 18 11 36 11 74 63 98 75 75 14 55 19 27 15 34 60 39 83 83 35 53 4 23 7 78 73 57 90 61 78 97 3 72 53 63 88 95 47 
53 73 5 73 41 33 34 58 18 60 52 12 88 66 67 25 34 88 90 63 8 59 49 46 10 88 75 61 58 98 80 7 88 61 47 97 82 71 96 52 98 18 46 46 46 57 7 86 100 52 43 24 55 63 57 81 34 4 40 62 44 94 84 15 66 2 4 27 21 22 53 41 48 35 80 79 75 18 97 95 46 12 20 70 36 77 70 92 43 59 15 8 83 81 28 63 87 69 62 88 80 96 34 85 89 95 56 2 60 54 45 31 43 19 79 93 9 39 14 11 15 36 43 4 63 80 98 36 
80 47 72 86 3 17 7 8 94 19 80 96 85 2 29 88 72 16 65 46 37 72 29 82 38 84 83 6 28 78 93 95 10 23 70 1 61 3 71 4 100 94 10 40 49 12 3 43 19 23 81 98 27 26 33 45 5 81 57 73 1 93 22 55 82 47 34 14 53 35 95 10 97 97 55 63 13 19 4 17 52 74 79 56 43 35 62 25 91 36 50 90 99 17 38 14 5 81 95 71 89 88 88 1 84 80 1 33 22 88 53 48 77 30 25 34 12 36 7 31 68 70 67 41 12 51 31 42 
47 44 19 13 47 46 2 51 41 88 73 78 22 89 51 44 8 27 49 5 98 68 36 67 5 59 31 40 81 53 12 80 96 54 59 70 15 57 51 98 37 16 84 1 64 46 39 38 3 84 1 10 76 60 36 88 15 25 24 93 10 45 5 48 98 35 68 91 17 66 69 74 96 13 63 20 42 27 58 32 44 93 46 68 19 65 63 58 94 99 30 9 36 82 55 62 72 79 36 68 23 53 72 86 4 19 32 47 2 84 100 23 39 41 27 58 85 55 31 48 83 15 40 100 33 14 18 91 
50 83 5 1 42 9 78 24 3 24 91 71 87 18 82 5 72 4 28 34 14 98 1 73 80 76 85 86 11 58 45 87 100 57 70 49 69 34 54 2 78 97 43 85 79 61 66 33 36 38 97 65 81 86 85 27 61 61 79 32 16 59 57 78 11 100 93 38 61 28 29 82 69 71 94 33 94 15 9 12 71 65 54 81 57 13 82 39 35 73 50 94 72 43 47 75 3 98 100 8 15 29 48 45 90 23 59 19 54 5 71 11 40 96 77 16 8 95 90 53 44 38 98 74 79 99 33 20 
8 83 86 39 66 48 20 15 34 1 70 36 24 25 82 38 80 53 37 67 39 89 88 100 1 75 16 31 37 66 77 100 15 6 49 73 78 88 69 50 4 30 20 59 92 67 25 59 38 95 85 91 74 37 94 54 7 82 45 38 47 23 37 20 95 49 40 45 7 65 15 91 38 24 58 36 24 11 73 90 95 51 45 20 43 42 12 89 40 99 90 34 40 71 67 21 21 35 18 100 83 88 85 30 17 23 75 52 5 74 67 96 95 96 50 38 17 42 3 71 31 37 65 83 58 68 8 59 
59 44 43 100 66 99 75 5 14 45 3 30 70 59 78 49 87 94 69 3 84 91 54 56 29 44 87 48 53 94 59 87 8 73 92 40 80 99 5 23 87 13 30 7 70 78 87 3 36 57 62 64 27 17 35 63 30 51 48 72 23 83 33 74 1 70 57 32 71 23 66 61 40 33 99 46 34 24 81 38 71 62 20 54 20 14 50 30 65 63 25 90 63 38 52 70 18 73 87 32 47 100 89 36 95 18 19 85 66 63 63 95 17 37 80 49 59 44 82 68 46 54 18 55 23 13 32 35 
67 56 21 78 88 62 28 43 22 71 37 16 46 18 57 46 35 59 76 32 92 6 18 96 10 82 97 27 82 55 1 25 31 89 79 80 43 86 1 53 57 61 61 63 6 12 63 56 83 48 27 81 80 38 74 33 20 1 77 4 7 30 34 84 51 6 23 59 9 66 34 27 64 53 72 12 18 5 70 77 34 97 92 34 70 29 35 85 69 96 17 8 9 10 96 54 72 77 38 4 79 9 88 67 54 41 78 26 50 36 43 38 60 93 38 62 97 52 42 11 76 57 26 16 9 9 100 4 
3 30 85 70 79 21 100 62 80 12 11 100 21 94 96 47 77 57 25 49 35 10 44 94 25 25 14 20 67 44 56 28 80 39 35 81 30 30 86 38 67 33 65 38 55 63 26 12 53 68 26 35 65 46 25 62 87 37 37 36 12 60 16 10 58 74 55 84 84 73 36 3 35 79 72 28 32 96 96 94 2 75 36 87 66 45 63 30 62 26 13 90 89 21 18 44 78 43 66 17 17 49 35 3 9 38 74 85 39 79 36 45 25 50 72 43 97 9 65 49 39 85 28 86 90 5 42 8 
96 6 85 80 29 17 6 49 32 62 18 70 87 39 38 94 48 84 66 65 62 91 28 34 14 25 16 80 28 97 18 100 52 28 21 1 31 62 31 26 63 81 44 70 61 34 5 57 2 72 82 35 46 70 99 54 40 68 62 15 64 28 60 58 6 36 73 73 4 40 33 89 9 100 34 34 22 29 91 45 12 60 98 64 2 64 68 11 30 65 69 17 92 11 61 72 36 43 27 92 69 71 70 80 26 53 87 6 13 63 47 67 34 7 99 7 10 89 11 76 24 80 79 84 34 66 28 33 
69 41 17 85 49 19 24 10 73 47 43 87 47 91 26 22 30 10 27 1 49 60 80 1 76 91 62 88 58 30 9 84 61 65 31 52 85 18 59 51 47 86 75 58 52 88 26 49 96 67 39 83 63 5 46 72 13 25 67 45 38 66 51 10 73 78 41 88 69 85 74 90 67 15 79 66 88 51 41 59 29 5 94 41 10 34 66 70 69 55 13 17 41 92 9 71 82 79 79 51 93 79 1 63 28 48 85 91 44 20 37 15 71 35 95 99 94 28 21 98 18 45 66 96 42 72 13 71 
18 81 10 18 85 99 54 8 59 36 89 31 90 43 60 21 27 38 59 24 73 58 29 32 73 14 35 53 63 82 25 1 67 60 78 57 38 52 60 88 81 9 32 63 36 42 35 40 98 79 77 9 62 13 58 54 49 50 91 13 14 51 85 83 48 71 81 18 38 11 84 43 76 39 28 73 53 11 16 89 2 32 26 93 92 60 55 2 92 53 52 19 64 12 40 94 65 95 18 2 53 88 77 46 31 97 58 94 68 74 97 82 86 90 32 69 34 77 47 56 55 1 54 95 97 75 15 8 
99 99 38 80 88 58 50 99 98 41 34 95 15 33 70 96 45 82 40 17 67 94 91 82 3 91 12 46 57 10 98 61 3 45 5 83 76 17 14 98 97 95 92 37 4 45 100 41 6 79 22 93 82 43 83 60 38 70 99 40 63 38 58 43 27 19 62 13 11 22 3 48 97 54 40 52 82 24 40 100 23 12 42 37 80 94 25 55 34 45 43 16 71 57 60 97 79 37 61 86 60 4 45 3 26 1 18 54 80 69 41 81 39 90 36 36 53 55 67 26 49 20 92 10 74 91 63 14 
72 37 72 34 16 86 98 84 22 32 57 62 72 70 18 54 56 36 15 20 65 64 25 13 37 29 21 11 70 61 28 63 84 16 25 80 21 35 53 82 87 78 89 31 63 95 93 29 99 48 68 100 99 29 100 69 18 11 65 55 51 48 5 63 15 2 47 66 57 13 48 57 59 33 100 69 87 39 100 56 46 84 73 86 54 14 27 74 2 1 54 65 97 49 70 39 63 98 84 49 40 23 96 3 19 33 41 58 79 84 40 87 28 71 7 8 77 60 44 2 18 99 87 19 53 53 69 92 
66 1 19 78 28 15 85 97 42 38 48 99 39 20 43 74 43 3 14 99 70 35 28 1 1 6 91 60 24 11 33 60 82 1 92 30 8 93 4 61 92 7 84 39 99 57 63 62 92 13 15 11 40 29 23 68 93 10 7 100 22 25 94 85 57 14 96 25 33 34 30 67 73 35 52 92 33 81 39 99 9 23 67 79 99 91 20 40 18 30 80 25 2 95 9 5 3 44 99 4 51 6 82 78 98 48 80 49 73 50 80 25 1 66 65 47 76 3 99 38 79 92 9 16 28 95 44 91 
45 14 87 23 8 36 89 70 41 51 88 22 24 9 23 91 72 19 38 34 22 61 80 17 29 18 88 87 8 69 40 74 80 72 68 6 22 49 32 41 50 31 19 37 89 55 66 67 4 29 7 39 87 25 70 26 94 12 59 85 19 10 13 14 54 64 30 36 80 38 4 86 41 40 9 86 36 11 86 70 36 15 34 10 26 99 40 99 50 60 94 89 67 32 49 72 30 43 31 26 100 11 42 69 90 69 87 69 17 83 53 26 99 76 48 93 30 1 77 36 31 77 61 63 83 75 52 77 
13 70 5 13 76 37 12 31 55 43 11 31 84 51 68 21 65 14 45 54 80 46 4 90 39 58 22 49 8 90 6 9 64 92 52 15 12 83 31 31 97 100 62 10 79 65 10 64 85 43 64 99 18 10 53 3 2 48 19 52 95 30 69 22 57 59 20 3 79 29 4 85 4 7 56 43 15 74 69 55 33 77 18 61 17 53 31 17 98 89 26 81 9 87 96 49 32 74 57 36 82 84 76 60 10 36 15 20 62 47 35 35 54 20 66 89 6 33 74 69 28 88 51 78 9 78 86 56 
70 88 71 42 35 42 24 90 4 66 58 23 36 72 91 57 23 12 94 56 65 36 6 50 71 13 15 18 62 50 42 87 61 90 71 78 57 21 80 46 4 65 68 86 44 28 13 29 74 53 51 51 56 38 81 100 58 64 4 62 63 93 33 100 14 27 17 72 2 42 86 10 50 59 76 2 36 22 39 46 32 76 100 60 89 35 73 48 51 23 7 77 69 63 36 71 18 100 1 60 73 92 63 94 75 3 13 92 11 81 38 91 16 23 58 12 73 83 86 19 34 35 49 39 95 87 83 39 
21 4 97 25 65 31 65 40 28 6 78 55 85 12 53 89 88 73 62 92 96 71 72 94 8 42 36 64 40 96 89 54 68 6 20 72 84 21 40 22 28 48 47 87 81 73 55 89 57 82 27 17 27 88 98 6 21 98 77 58 27 31 8 100 39 50 8 40 19 21 62 67 11 44 83 1 4 59 56 95 56 37 70 44 20 35 54 14 55 92 75 90 100 75 55 42 93 49 38 8 69 36 10 63 51 95 39 47 44 4 80 88 22 39 21 71 35 74 22 5 70 28 17 23 99 41 9 38 
62 72 19 80 39 51 41 54 98 65 65 31 19 27 66 2 27 41 35 79 36 22 62 59 10 94 88 76 83 23 54 96 78 71 33 88 38 94 69 34 22 20 84 14 46 96 43 28 46 60 11 65 67 76 80 95 23 20 39 80 43 55 45 2 42 89 46 51 21 46 60 53 99 69 45 64 67 18 74 78 67 47 39 64 87 98 12 58 32 96 90 54 80 93 3 72 4 32 26 35 36 25 33 46 94 36 96 91 72 10 13 90 75 21 26 94 1 61 11 45 72 71 40 74 12 34 67 84 
97 99 16 79 4 20 99 24 40 52 20 90 96 94 75 82 42 71 40 60 58 75 79 71 60 51 5 30 45 91 80 70 73 76 87 21 27 39 88 31 36 15 86 34 66 19 31 2 81 86 100 69 25 2 28 58 29 8 2 14 78 28 46 32 45 33 88 16 33 54 83 21 91 43 44 1 56 5 5 94 89 42 55 66 75 75 79 87 11 47 48 26 88 25 61 56 85 36 4 66 6 75 1 32 18 100 100 71 14 53 27 51 13 59 77 2 45 17 1 8 15 18 48 36 17 40 38 78 
67 87 49 15 24 32 41 66 79 64 58 41 57 57 92 47 10 74 100 4 81 60 31 22 46 74 73 1 55 86 13 94 43 79 44 51 12 57 73 73 76 27 22 76 19 75 99 4 8 10 17 44 67 80 61 30 89 68 70 70 8 78 7 28 10 55 89 3 17 98 7 84 51 64 69 9 29 77 89 66 94 24 39 6 27 67 19 80 100 9 89 51 37 15 100 41 81 88 10 70 98 84 64 99 82 4 13 1 63 80 7 70 38 24 44 92 69 17 17 21 60 21 87 2 38 66 76 80 
41 4 38 76 42 18 44 43 33 94 47 57 66 72 52 1 72 33 49 72 10 90 18 49 91 92 93 57 79 21 40 7 18 19 25 30 43 15 75 94 54 100 84 99 94 89 82 94 76 49 98 90 96 17 56 98 94 39 60 40 79 6 8 55 83 87 73 52 74 4 56 75 68 2 81 70 12 18 11 47 28 83 90 88 30 34 61 27 35 42 100 99 33 51 96 95 83 89 81 44 63 7 21 51 69 31 47 84 82 95 1 92 21 99 85 99 80 54 26 80 5 14 74 50 48 20 21 11 
7 100 29 70 96 49 98 34 100 9 49 41 87 28 100 31 97 72 4 31 55 21 76 82 43 34 17 32 70 89 26 50 58 30 37 45 63 23 85 74 86 53 54 60 50 35 8 6 79 95 15 72 51 76 55 62 38 81 65 79 69 28 54 50 53 78 8 91 62 29 46 7 92 71 84 96 96 97 8 31 68 43 88 90 78 47 70 86 54 5 89 83 43 60 94 82 2 44 44 40 88 53 50 76 19 25 67 58 32 28 9 56 28 9 74 81 6 88 77 17 12 50 55 50 84 88 10 46 
63 52 89 17 49 85 91 64 71 7 46 94 67 93 49 54 94 93 11 26 1 6 15 45 94 47 31 68 50 74 79 87 20 57 25 48 37 35 82 57 100 5 57 51 16 17 1 14 31 29 26 85 72 28 10 52 18 100 93 61 80 64 85 20 89 23 36 19 38 44 68 41 72 30 59 35 34 3 93 72 50 54 62 30 71 24 92 93 3 22 54 59 57 93 18 5 14 6 50 89 57 62 40 68 26 81 50 28 80 75 54 64 58 24 86 54 1 2 1 70 47 58 74 22 33 38 64 31 
27 93 88 53 93 91 92 87 57 29 63 39 61 23 42 94 48 79 43 46 17 75 34 18 61 13 81 7 7 57 34 83 39 17 76 86 19 38 17 76 7 57 23 67 74 86 86 100 45 92 50 61 35 79 97 37 55 95 78 87 36 27 47 5 7 83 31 16 2 63 34 83 52 52 92 41 55 85 58 77 84 80 43 79 27 72 90 74 20 40 75 92 76 30 79 22 72 72 21 100 44 79 60 11 20 40 55 30 52 3 62 21 77 32 10 28 25 7 7 80 37 8 96 50 72 62 81 56 
46 100 32 71 77 80 3 80 52 60 88 53 52 1 18 28 41 5 69 66 53 36 41 11 72 40 23 24 8 39 39 23 22 39 3 79 52 25 83 83 39 66 70 9 63 60 97 4 7 12 48 88 42 61 86 40 5 79 87 67 92 73 88 45 22 45 67 71 18 25 61 8 99 17 27 54 83 9 63 42 71 84 96 73 43 69 75 74 50 14 81 71 99 32 22 96 54 93 95 7 17 39 7 55 90 37 47 52 1 77 19 55 70 23 54 54 95 40 14 28 13 11 25 90 38 50 60 70 
88 56 23 76 78 7 91 43 37 57 32 79 77 96 95 38 55 66 40 62 35 84 88 57 12 99 98 26 71 55 28 57 39 11 15 99 63 13 99 57 100 58 6 56 98 2 71 92 26 30 40 100 60 90 98 79 92 71 95 59 98 72 28 77 73 9 70 73 87 3 99 23 10 15 54 63 23 82 97 91 3 18 60 6 100 36 83 49 89 3 63 38 88 46 23 32 98 73 30 14 94 70 34 52 7 66 27 13 64 27 86 63 99 55 54 65 72 35 54 61 77 14 38 43 12 85 33 57 
44 8 45 30 19 10 92 21 72 64 30 72 82 71 39 6 96 28 31 26 33 67 52 90 55 48 3 15 54 57 85 92 30 29 3 92 2 67 16 52 86 41 92 38 65 14 21 18 89 95 47 8 36 88 94 45 27 73 10 36 83 26 95 18 26 62 68 28 77 44 78 35 54 13 3 58 41 79 25 80 72 21 33 55 34 63 23 97 92 97 10 56 6 37 44 26 29 93 20 65 61 79 3 3 8 71 81 5 90 42 38 21 60 57 42 46 72 88 98 24 88 99 62 51 35 41 61 6 
100 18 27 9 61 20 67 35 1 58 33 47 64 77 13 15 47 81 84 70 63 15 1 34 6 57 93 89 54 89 92 42 30 15 86 68 66 73 5 86 27 97 51 20 13 35 41 38 6 92 20 48 80 36 17 25 15 5 83 53 35 39 7 85 63 62 19 59 12 61 5 53 71 29 74 25 49 74 17 7 88 1 88 59 81 91 74 1 61 13 18 70 8 64 53 83 93 80 43 65 54 44 36 32 98 30 41 17 21 31 49 69 95 30 65 96 66 79 39 90 53 61 18 7 23 40 53 47 
67 27 48 62 97 55 47 11 10 48 4 87 74 15 89 83 28 64 61 33 28 10 27 19 7 75 73 82 94 43 26 20 1 51 43 27 51 84 13 68 12 14 3 84 9 71 48 69 9 98 67 87 100 51 15 28 30 55 37 96 94 9 20 14 83 54 58 80 16 25 87 86 64 4 30 6 25 40 44 59 46 100 10 28 42 100 40 43 51 100 54 67 18 95 59 59 62 47 85 52 42 28 3 42 7 47 91 22 53 24 33 58 43 80 43 69 36 62 99 70 30 10 76 41 5 49 40 99 
60 72 35 40 91 92 84 77 88 80 83 34 33 22 79 45 71 44 26 65 55 23 85 77 6 36 45 33 45 51 1 10 90 17 83 31 21 27 40 88 58 91 35 14 46 88 1 63 13 61 91 36 89 90 56 52 84 79 15 77 23 85 16 45 4 40 35 13 60 7 37 67 92 86 76 42 77 5 12 84 66 63 13 33 5 46 91 44 85 73 18 61 13 100 54 53 26 75 96 34 42 81 60 2 23 21 65 50 43 50 35 80 21 63 35 68 99 83 47 81 81 62 67 12 18 2 70 21 
71 40 54 29 43 75 21 14 11 47 45 51 56 21 92 17 59 46 56 14 48 84 77 3 19 13 31 43 96 35 28 2 64 12 31 2 98 71 54 68 72 67 100 71 25 97 57 8 39 17 64 88 23 57 58 66 50 12 20 100 31 87 61 7 51 60 32 83 20 35 100 94 10 21 50 24 90 44 96 26 23 100 39 90 18 7 27 19 94 42 3 49 74 39 50 43 58 68 42 26 65 43 84 41 92 67 71 29 80 26 40 4 89 96 52 75 33 47 55 90 40 66 3 42 24 85 67 40 
2 26 42 20 90 55 51 51 31 45 91 14 92 12 60 31 39 42 67 40 87 45 85 40 70 84 100 38 55 9 35 47 94 6 3 80 27 80 14 100 53 8 75 76 15 17 44 60 55 86 55 31 68 35 19 8 13 76 56 16 14 60 63 95 8 19 6 66 74 57 97 44 82 55 36 92 60 10 66 92 98 64 67 10 77 16 14 18 98 52 34 99 46 78 73 9 7 64 45 40 8 50 80 48 26 71 67 4 28 57 75 4 2 47 54 42 74 95 62 53 50 72 36 2 27 24 19 26 
10 7 67 25 67 38 75 88 9 17 82 30 18 46 69 13 56 82 72 18 36 21 87 49 84 83 61 63 24 32 82 2 21 53 8 87 92 46 25 60 100 98 21 30 6 47 92 69 64 14 91 81 72 76 35 39 36 14 15 10 54 87 6 48 72 69 66 94 6 58 83 18 53 39 6 93 47 33 20 12 70 49 97 1 23 86 25 30 34 80 53 30 64 74 67 20 13 20 54 93 25 94 94 99 51 50 23 96 16 15 62 85 21 85 9 18 73 43 36 64 44 34 64 38 93 68 49 68 
60 5 44 31 12 20 69 81 65 61 7 56 92 81 32 93 85 85 79 31 69 32 88 87 36 79 39 32 55 26 87 99 38 63 31 94 96 8 70 17 64 50 58 83 1 10 65 92 94 88 35 23 45 62 32 80 93 77 36 29 90 5 29 55 1 39 61 74 100 62 20 2 72 87 38 86 52 52 31 74 65 14 44 27 81 54 7 13 19 83 17 48 27 80 30 4 40 77 26 39 34 100 91 50 78 24 84 85 79 28 21 79 94 11 28 85 24 16 58 88 51 14 45 35 90 51 69 29 
50 52 36 2 81 16 93 82 92 15 97 27 55 62 32 66 68 1 1 39 5 15 82 8 68 50 85 40 51 2 70 74 34 31 75 16 35 58 18 84 50 31 84 17 42 7 10 10 95 82 19 99 88 2 78 64 57 68 82 52 1 77 68 2 3 20 44 83 95 55 37 69 3 10 60 15 81 62 52 80 8 73 47 5 13 2 6 18 66 59 27 67 94 94 16 32 33 14 1 50 1 31 2 62 58 20 76 55 94 70 17 4 51 46 75 8 64 5 40 19 29 61 8 1 15 87 18 38 
70 50 42 75 1 57 71 65 64 78 33 13 66 62 95 94 78 32 84 26 44 34 34 96 50 44 42 36 10 2 27 10 96 20 49 15 65 21 86 11 52 15 10 62 26 3 68 48 99 37 30 34 80 35 11 39 55 24 65 80 59 88 74 30 37 24 39 84 34 45 83 2 16 16 99 73 3 61 94 92 51 49 99 38 29 68 72 84 80 95 33 24 58 42 46 82 40 56 77 89 66 42 52 61 47 18 12 25 93 95 29 9 47 24 24 73 87 26 57 52 40 86 28 62 43 6 87 46 
29 47 25 7 84 95 49 56 2 72 78 30 44 36 49 66 92 39 39 15 74 33 50 60 39 25 41 10 72 100 87 73 60 21 6 14 28 23 73 56 77 52 44 85 53 85 76 18 8 44 8 30 22 64 21 96 78 48 99 49 11 79 98 82 46 75 65 56 99 36 68 93 89 1 64 52 83 24 85 37 10 75 29 42 28 99 56 63 3 71 21 65 93 95 39 56 87 37 96 92 49 33 87 35 5 84 40 64 14 53 51 83 27 72 79 36 12 71 72 14 35 30 79 43 74 39 43 79 
86 22 90 92 94 40 30 77 64 89 72 8 3 15 6 5 71 9 84 65 26 87 51 24 16 73 75 11 26 33 95 78 25 76 22 38 32 67 87 28 6 8 80 97 85 50 2 23 32 16 69 8 14 71 39 95 14 78 100 63 83 7 5 84 24 40 38 47 6 71 51 11 91 89 13 86 31 67 75 40 28 76 20 76 96 85 22 99 92 57 65 1 11 89 54 84 74 46 63 58 51 37 74 49 8 2 4 100 75 94 87 43 10 94 82 90 83 63 75 55 83 47 77 75 27 25 27 77 
76 55 44 86 9 49 20 52 60 12 63 45 51 29 42 51 92 61 34 13 31 77 73 29 80 64 92 8 48 42 15 80 82 24 91 37 92 16 80 69 35 99 17 19 58 96 65 74 47 10 18 92 39 64 49 88 44 4 33 72 92 3 44 42 89 20 17 83 36 24 36 44 36 29 54 23 73 55 9 86 24 17 52 18 42 22 9 87 46 35 82 69 7 42 45 32 99 49 43 30 33 57 29 80 22 76 70 45 21 19 71 22 1 34 65 53 100 79 31 51 14 19 68 9 60 96 57 89 
14 69 33 86 79 30 2 98 55 10 9 18 97 90 14 10 96 8 41 78 97 21 29 59 34 52 96 35 51 14 60 61 63 95 42 77 12 46 64 23 39 39 38 86 10 61 39 86 28 19 5 79 28 83 4 64 73 20 24 44 49 22 82 21 67 86 65 31 1 20 8 3 60 98 48 64 74 100 60 91 46 64 47 11 58 33 33 90 44 94 50 9 76 86 89 28 86 2 44 19 97 84 69 17 54 56 86 37 21 67 19 57 41 97 54 63 93 42 24 3 20 77 93 33 80 86 8 34 
93 52 85 59 51 62 22 95 30 18 24 75 26 60 46 36 58 11 41 98 55 99 42 75 89 91 27 60 84 55 8 77 43 95 18 65 81 81 45 10 35 21 32 82 67 88 10 42 48 59 97 30 22 13 89 32 32 25 81 11 94 22 66 57 88 25 27 79 75 51 28 58 21 77 13 23 3 36 10 5 13 12 87 18 100 82 49 52 22 7 59 48 14 80 24 83 73 85 39 49 42 72 78 46 85 85 59 62 36 39 97 74 72 2 88 13 7 54 8 50 75 8 88 89 3 70 12 39 
90 5 61 91 31 12 79 18 11 20 31 94 91 76 59 33 6 89 28 40 81 35 37 29 82 66 86 86 72 52 42 79 82 58 78 88 5 22 2 62 4 5 71 32 18 92 69 13 66 75 87 33 19 18 66 96 42 72 89 100 17 56 4 87 80 3 39 96 15 56 55 81 10 34 63 60 74 97 81 33 36 62 58 83 37 11 92 42 64 67 41 26 39 100 60 16 47 42 98 24 46 24 8 86 49 69 93 70 95 51 76 71 39 48 7 19 25 66 21 100 30 66 61 100 81 62 41 69 
44 65 43 65 39 52 96 27 44 9 46 13 56 34 9 27 36 62 63 51 36 83 43 22 22 29 8 100 66 57 38 92 36 32 100 27 59 98 69 21 54 14 27 87 37 66 91 4 68 31 85 26 62 46 78 63 36 8 52 100 57 76 44 12 11 61 39 98 10 4 87 40 97 17 70 68 84 39 37 89 29 44 3 96 55 43 55 49 53 27 16 88 46 45 66 26 86 64 56 92 13 42 43 84 34 97 80 7 47 50 61 28 52 87 6 69 88 97 77 95 56 2 59 71 41 97 58 21 
80 99 45 62 99 40 55 98 66 37 74 94 76 40 75 3 94 66 89 23 6 2 44 71 54 33 61 84 97 33 85 68 65 55 96 35 82 68 65 98 14 21 78 43 90 25 62 83 27 90 94 51 77 63 61 50 22 20 48 99 27 40 10 55 53 100 16 70 74 89 59 69 30 12 70 56 64 56 14 68 91 77 15 50 45 8 77 26 15 3 31 7 35 17 79 24 51 30 98 47 93 92 77 78 13 42 99 76 76 22 46 62 46 23 12 78 78 36 49 11 96 12 21 48 54 48 82 57 
53 48 75 27 21 24 66 47 85 54 1 20 98 36 2 89 95 49 88 49 67 94 12 27 37 63 4 80 100 94 83 52 46 47 89 13 61 14 73 27 13 38 84 79 97 29 41 40 89 4 65 99 53 32 29 90 14 18 77 36 44 35 11 84 33 16 57 30 84 91 33 62 28 53 24 31 19 68 44 19 33 43 44 26 8 44 51 96 63 52 35 73 48 65 10 76 38 79 25 52 97 84 94 43 73 15 52 97 71 55 87 68 39 14 97 87 14 97 58 43 33 54 71 72 19 46 49 51 
1 40 30 98 25 97 81 34 43 99 33 8 41 68 76 76 21 83 17 96 9 75 42 4 60 82 12 52 62 22 86 94 100 4 73 98 66 39 9 42 59 4 78 55 14 13 63 61 66 14 47 96 44 31 85 87 35 45 42 31 72 41 55 4 85 43 4 10 32 18 60 28 42 21 94 57 29 73 2 30 92 21 14 40 89 23 16 66 82 54 13 89 46 15 29 62 63 76 29 96 15 84 7 32 38 59 43 88 83 34 46 1 21 93 8 9 58 20 34 23 35 56 49 45 22 44 31 65 
55 88 2 76 32 94 47 16 80 11 19 44 88 96 67 33 44 1 59 98 73 88 21 91 75 4 65 81 71 23 84 91 5 99 99 35 37 32 23 61 38 28 42 28 13 44 63 45 46 58 84 29 14 23 57 15 100 50 72 15 18 98 95 81 15 61 80 10 77 98 91 4 22 73 13 17 64 77 20 49 1 69 36 26 59 4 35 52 52 14 96 83 86 22 10 71 26 15 95 32 60 54 51 61 48 7 30 30 36 40 36 70 98 30 50 45 94 71 57 6 4 84 19 43 37 96 42 48 
37 55 57 53 19 56 41 74 23 25 85 13 5 30 23 21 98 21 35 94 72 3 83 36 24 90 53 63 78 89 13 11 14 49 16 54 80 12 16 4 38 100 40 25 81 52 35 67 8 30 65 24 17 29 64 99 18 63 27 90 6 40 98 60 95 64 42 83 80 48 3 72 46 36 63 61 75 75 4 84 51 72 38 8 86 25 31 71 59 71 38 27 49 11 87 13 94 76 53 12 75 90 71 90 4 2 8 95 100 86 34 85 79 52 2 26 77 52 96 35 83 80 34 46 81 68 26 18 
5 28 8 67 15 88 76 91 93 24 99 37 97 66 81 64 93 2 34 8 11 70 97 58 10 31 9 8 80 86 35 98 55 80 61 43 93 53 63 19 94 40 51 63 21 78 12 61 42 45 95 21 28 77 60 56 60 92 68 18 77 60 94 95 72 68 14 76 62 52 82 81 95 28 49 82 2 83 4 68 78 42 24 31 30 27 79 76 71 99 92 46 52 70 19 55 25 10 80 35 8 74 68 52 26 95 89 93 51 37 13 18 37 87 76 76 7 35 10 61 70 64 71 78 32 88 52 80 
59 76 89 10 92 23 82 40 26 77 3 48 74 69 17 73 29 15 53 51 77 26 10 19 96 91 30 76 43 37 23 62 45 44 51 43 55 17 99 58 84 71 52 93 54 46 82 25 72 49 66 57 27 20 7 33 19 80 59 78 63 94 12 67 47 81 78 76 77 61 10 55 64 19 90 39 10 50 83 98 71 50 77 2 70 93 51 19 41 61 92 24 98 1 35 56 55 31 41 72 31 67 62 24 29 61 31 62 25 24 51 21 85 47 36 54 70 8 26 57 1 59 38 43 27 89 4 35 
96 66 74 31 11 42 36 35 77 5 59 45 44 99 81 92 29 57 69 13 87 30 91 12 52 54 69 5 33 16 13 39 24 50 35 7 76 34 96 100 10 78 68 44 17 31 23 64 47 73 37 4 81 54 99 45 42 84 59 87 49 45 18 83 100 89 88 81 48 77 92 9 29 41 47 50 13 48 56 64 45 22 24 52 55 94 97 30 62 94 8 43 1 71 41 9 33 56 63 12 97 32 60 33 84 29 82 55 62 65 53 77 73 25 48 50 31 39 3 57 4 65 92 45 1 7 54 66 
30 61 15 28 86 12 84 8 88 26 32 72 35 25 77 80 50 25 65 4 50 42 88 32 92 12 57 87 60 46 86 28 13 49 34 7 22 61 54 43 61 17 79 70 89 83 26 71 15 16 2 9 46 47 74 86 71 52 32 99 43 93 96 45 8 58 99 22 16 56 61 62 79 83 87 39 83 78 28 97 31 56 23 84 10 39 90 10 20 43 85 40 44 46 39 33 84 18 2 54 54 87 43 12 63 90 81 81 68 91 17 29 58 22 3 27 96 85 92 62 96 92 42 13 63 48 87 49 
34 96 16 9 82 18 57 54 7 42 73 6 35 53 51 37 70 13 18 69 55 59 8 7 89 3 31 61 48 51 16 41 80 86 56 22 26 86 13 94 100 45 1 20 86 53 92 76 6 34 18 60 27 76 89 47 1 23 19 2 37 34 96 67 11 75 16 77 33 87 1 31 56 95 68 85 46 65 75 24 90 54 40 95 40 53 34 76 50 56 57 33 82 94 8 35 95 55 75 29 74 68 11 27 24 54 54 93 53 58 18 69 65 20 87 43 29 34 60 58 30 33 11 67 98 91 17 28 
55 67 83 52 93 14 24 71 6 37 27 40 59 87 34 88 36 73 60 9 42 58 50 28 6 27 61 39 77 58 12 66 77 4 52 54 57 56 59 85 72 21 37 20 46 2 81 10 32 22 54 16 51 82 94 61 38 92 16 1 34 97 74 73 41 65 75 58 18 11 72 75 10 17 35 64 23 20 51 64 85 90 100 18 10 70 92 50 43 34 49 74 76 28 94 96 12 40 100 73 52 92 14 46 92 67 25 43 23 42 46 43 52 82 57 28 24 18 62 50 55 30 48 41 72 7 25 39 
72 24 50 88 19 46 6 56 19 88 11 51 16 88 69 88 71 6 40 40 100 47 43 66 56 88 10 88 57 2 94 36 2 45 24 61 7 85 52 29 2 26 100 84 93 25 67 30 64 71 38 80 41 95 43 77 97 66 39 41 55 83 1 85 62 18 26 73 62 43 91 62 53 11 19 3 71 55 36 83 85 21 22 96 76 45 90 35 40 100 73 15 15 3 32 87 67 43 66 90 31 87 3 48 49 26 98 2 34 87 29 22 53 23 61 43 75 62 52 70 36 81 60 1 29 14 79 79 
58 4 20 24 82 80 37 55 71 77 24 58 94 80 45 60 46 95 15 35 68 91 21 72 39 52 33 67 14 94 11 89 44 14 2 70 24 96 35 60 88 25 57 20 13 55 45 47 39 100 84 47 38 55 22 99 9 90 18 3 36 4 53 99 16 62 79 82 11 93 9 84 78 7 9 100 13 48 23 17 34 9 97 19 94 62 85 30 90 52 86 51 89 70 87 17 24 31 24 26 28 34 11 72 41 95 28 89 55 50 4 24 5 99 14 50 16 10 42 86 96 88 97 88 67 24 43 67 
66 67 37 8 58 63 42 20 27 75 52 30 82 54 39 12 90 61 54 59 87 4 42 84 87 66 59 14 31 96 68 83 21 29 90 15 92 92 99 62 1 56 97 24 56 17 36 55 97 45 75 77 53 25 5 45 12 34 23 99 19 81 36 3 68 27 63 32 22 38 82 69 30 86 7 37 25 72 43 100 85 28 97 65 31 18 72 60 22 4 38 77 80 26 36 60 3 43 98 82 86 89 68 100 49 46 95 14 69 76 79 85 20 54 25 27 32 28 6 44 11 24 94 36 83 30 35 59 
33 41 69 24 58 32 62 37 15 81 24 12 65 21 84 68 84 88 13 93 34 61 63 75 21 68 69 72 21 22 86 21 86 13 4 87 64 48 9 65 53 12 44 36 40 63 40 53 26 64 62 58 43 79 40 21 12 59 53 33 69 11 27 38 60 49 11 78 60 35 92 83 70 88 47 36 38 87 90 68 58 89 22 98 11 50 39 71 92 10 75 34 63 68 86 43 53 71 5 45 84 14 21 77 29 54 10 37 17 80 29 71 62 68 46 72 80 56 54 19 91 38 46 59 40 45 45 94 
74 60 88 73 91 25 81 75 62 3 45 84 11 96 1 19 46 98 84 4 39 34 74 83 50 19 60 79 89 28 78 24 65 30 97 61 7 52 39 81 66 77 59 22 79 68 48 59 40 75 65 4 81 67 78 25 93 56 56 9 8 47 23 18 53 30 15 96 42 46 47 39 79 66 65 47 32 7 8 1 78 70 17 56 63 51 13 85 41 23 28 56 67 89 63 57 12 35 46 89 40 75 13 10 23 3 62 80 99 53 59 80 3 37 31 96 44 17 97 98 41 18 60 93 38 54 45 26 
33 52 26 33 47 6 91 83 31 81 60 49 61 13 60 66 53 10 65 12 99 42 57 82 49 58 9 46 28 64 5 88 62 57 80 18 49 50 97 78 6 72 30 15 1 1 83 17 99 88 33 85 31 80 78 45 87 54 81 84 90 63 4 34 16 34 79 24 82 80 37 64 22 98 99 70 29 53 61 78 77 7 47 61 7 71 91 16 55 24 79 96 5 1 61 47 70 97 24 94 6 40 14 82 41 29 15 22 42 91 97 10 70 96 84 4 52 99 23 93 97 16 85 70 26 34 8 92 
17 86 57 31 69 16 47 11 72 99 29 84 79 20 35 68 90 4 59 58 68 18 88 71 62 66 2 78 66 30 58 51 37 42 45 80 54 20 3 13 83 21 67 54 46 9 100 97 26 83 68 48 29 19 10 75 57 79 18 87 48 92 91 8 77 19 89 74 94 55 76 100 99 76 56 1 72 38 58 43 92 37 26 2 88 87 76 93 82 75 71 29 28 5 53 74 42 4 68 77 65 33 80 57 77 16 65 91 90 74 88 19 48 46 41 88 38 24 85 67 82 13 9 33 4 20 60 6 
81 55 26 31 41 75 30 20 49 28 71 33 9 53 82 61 9 59 42 99 51 43 63 28 52 18 82 25 17 39 57 18 4 5 21 20 46 44 67 6 82 89 62 70 84 98 30 33 35 72 93 14 84 46 91 54 52 21 35 78 73 18 66 7 85 41 37 26 42 39 55 38 63 3 90 7 5 40 3 4 76 17 81 97 49 37 15 53 32 84 58 6 39 63 12 53 52 64 51 37 24 62 37 64 97 77 28 48 81 28 71 6 83 11 71 83 25 32 79 87 12 97 2 86 84 69 70 38 
96 52 60 30 10 12 12 97 24 16 23 32 14 67 94 86 89 86 23 17 94 47 81 43 47 12 50 88 87 73 48 54 39 31 76 23 37 91 35 61 1 79 59 62 69 44 55 55 31 68 96 59 21 99 13 77 14 52 40 3 44 91 79 74 10 35 99 69 88 32 66 84 53 83 15 40 49 60 25 54 45 18 65 27 1 8 64 74 54 94 27 73 62 87 44 99 9 92 6 18 66 97 35 16 23 69 11 73 27 48 88 2 27 17 88 68 8 30 73 12 53 63 43 60 89 23 44 28 
28 74 77 57 55 20 65 43 68 93 51 26 97 85 48 91 75 59 92 3 80 100 51 39 58 88 92 90 76 54 45 24 46 37 27 90 18 23 54 72 10 16 25 75 10 8 63 34 13 64 83 50 48 7 43 50 91 34 26 100 20 75 31 57 69 57 56 57 75 90 19 5 37 9 10 52 90 100 20 32 68 86 29 13 88 55 90 78 4 37 16 13 47 28 100 12 64 96 3 31 12 10 44 37 51 35 10 8 90 68 5 68 40 85 96 19 6 86 16 78 23 40 68 67 82 52 61 87 
34 82 68 65 92 99 67 33 93 54 74 16 30 78 70 16 28 31 52 64 36 3 46 13 49 70 97 7 57 9 41 99 19 46 66 56 93 64 32 54 96 63 66 94 5 80 81 94 78 67 70 90 75 46 16 52 83 92 82 57 19 6 20 44 55 40 34 60 35 100 67 64 66 3 52 63 63 30 19 100 53 36 2 34 9 37 60 6 55 37 49 40 14 95 33 31 47 89 45 47 65 42 32 76 60 94 20 22 93 74 1 82 1 6 82 60 9 36 72 48 100 15 24 37 89 34 63 50 
38 83 83 65 16 14 79 90 44 91 57 31 26 95 60 89 32 4 21 85 9 14 81 83 69 58 61 5 83 41 13 94 46 87 86 96 95 28 43 7 28 36 20 73 74 80 21 86 33 86 33 7 60 49 59 46 1 16 56 50 34 9 76 84 65 66 26 27 33 61 22 45 77 6 89 14 49 85 94 10 26 35 36 45 54 57 13 99 42 5 54 82 6 71 38 100 23 60 1 74 64 65 84 44 73 21 41 75 80 54 33 21 35 93 3 35 71 23 7 98 70 25 12 60 20 49 59 57 
77 41 63 21 39 34 61 13 68 8 86 25 96 41 98 35 22 24 2 51 12 21 91 40 73 5 2 86 40 87 75 54 16 8 26 50 21 48 14 28 15 89 10 35 24 89 35 92 36 31 32 81 56 97 58 78 75 44 9 78 2 85 84 26 67 6 84 65 8 9 76 90 69 21 32 9 99 31 14 23 30 27 29 50 6 53 75 7 40 60 68 59 86 18 81 4 95 90 74 44 38 42 6 89 69 34 37 52 31 35 76 25 85 35 60 75 35 27 53 5 91 69 90 45 82 77 46 90 
24 62 59 33 62 35 28 2 67 16 17 72 62 19 30 9 25 25 82 31 25 58 47 49 75 73 24 76 68 67 61 66 73 44 25 67 99 55 100 87 51 84 79 30 22 29 52 90 55 27 78 91 43 86 19 32 44 5 89 13 82 69 93 57 66 64 20 23 25 66 70 16 40 36 62 95 42 27 61 100 58 17 7 74 82 89 50 10 31 41 79 96 64 91 9 28 100 41 60 92 39 94 12 37 58 79 58 53 9 81 79 19 34 89 34 75 86 96 14 11 90 66 3 27 9 1 10 43 
1 1 1 -1 1 -1 1 1 1 -1 1 1 1 -1 -1 -1 1 1 1 1 1 1 1 -1 1 1 -1 1 1 1 1 1 1 1 -1 -1 -1 1 1 1 1 -1 1 1 1 1 1 -1 1 -1 1 -1 -1 1 1 1 1 -1 -1 1 -1 -1 1 -1 -1 1 -1 1 1 1 1 -1 1 -1 1 1 1 -1 1 -1 1 1 1 1 1 -1 -1 -1 1 -1 -1 -1 1 1 -1 -1 -1 1 1 1 -1 -1 -1 1 1 1 1 1 1 1 1 1 1 -1 1 1 -1 -1 1 1 1 1 1 1 1 1 1 1 
1 -1 1 1 1 -1 1 -1 1 1 1 1 1 1 -1 1 1 -1 -1 -1 1 1 -1 1 -1 -1 -1 -1 1 -1 -1 -1 -1 -1 -1 1 -1 -1 1 1 1 1 1 1 1 1 -1 1 1 1 -1 1 1 -1 -1 -1 1 -1 -1 -1 1 -1 -1 1 -1 -1 -1 -1 1 1 -1 1 -1 1 1 1 1 -1 1 1 -1 -1 -1 -1 1 -1 -1 -1 1 1 1 -1 1 1 -1 -1 -1 -1 -1 1 -1 1 -1 -1 -1 -1 -1 1 1 -1 -1 1 1 -1 -1 -1 1 1 -1 1 1 -1 -1 1 1 -1 1 1 
1 1 -1 1 1 1 1 -1 1 -1 -1 -1 1 1 -1 -1 -1 -1 -1 1 -1 1 1 1 -1 -1 1 1 1 1 -1 1 -1 -1 1 -1 1 1 1 1 1 -1 -1 -1 1 -1 1 1 -1 -1 -1 1 -1 1 1 1 1 1 -1 1 1 1 -1 -1 1 -1 -1 -1 1 1 -1 -1 -1 -1 1 1 1 1 -1 1 1 -1 -1 1 1 -1 1 1 -1 1 -1 1 1 -1 -1 1 -1 -1 1 -1 -1 -1 1 -1 -1 1 -1 -1 1 -1 1 1 -1 -1 1 1 -1 -1 -1 1 -1 -1 1 -1 -1 -1 -1 1 
-1 1 1 -1 1 1 -1 1 1 1 -1 -1 1 -1 -1 1 1 -1 -1 1 -1 -1 1 1 -1 -1 -1 -1 -1 -1 1 1 -1 1 -1 1 1 -1 -1 -1 -1 1 1 1 1 1 -1 -1 1 1 -1 1 1 -1 1 1 1 1 1 1 -1 -1 1 -1 1 -1 1 -1 1 1 1 1 -1 1 -1 1 1 1 -1 -1 1 -1 1 1 -1 -1 1 1 1 1 1 1 -1 -1 -1 1 -1 -1 -1 1 -1 -1 1 -1 -1 -1 -1 1 -1 1 -1 1 -1 -1 1 1 -1 -1 -1 1 1 -1 -1 1 -1 -1 1 -1 
1 1 1 1 -1 1 -1 -1 1 1 -1 -1 1 1 1 -1 -1 -1 1 -1 -1 1 1 -1 -1 1 1 1 1 1 -1 -1 1 1 -1 1 -1 -1 -1 -1 -1 1 -1 1 -1 -1 -1 -1 1 1 1 -1 1 1 -1 1 1 -1 1 1 1 -1 -1 -1 -1 -1 -1 1 -1 -1 -1 -1 -1 1 -1 1 -1 -1 -1 1 1 -1 1 1 1 -1 1 -1 1 -1 -1 -1 1 1 1 1 -1 1 -1 1 1 1 -1 1 -1 1 -1 -1 1 1 1 -1 1 -1 1 1 -1 1 1 1 1 1 1 -1 1 -1 -1 1 
-1 -1 1 1 1 1 -1 -1 1 -1 1 -1 1 1 1 -1 -1 -1 -1 1 -1 1 -1 -1 1 1 -1 -1 1 1 -1 1 1 -1 1 1 -1 -1 -1 -1 1 -1 -1 1 -1 -1 1 1 -1 1 -1 1 1 1 -1 -1 1 -1 1 1 1 -1 1 1 1 1 -1 1 1 1 -1 -1 -1 1 -1 -1 -1 -1 -1 -1 -1 -1 1 1 1 1 1 1 -1 -1 1 1 1 -1 1 -1 1 -1 -1 1 -1 1 -1 -1 1 1 -1 1 -1 -1 1 1 1 1 1 1 -1 -1 1 1 -1 1 1 -1 1 -1 1 1 
1 1 1 -1 -1 -1 1 -1 -1 -1 1 1 1 -1 1 -1 1 -1 -1 1 1 1 -1 1 -1 -1 1 1 1 -1 1 1 1 1 1 1 1 -1 1 1 1 1 -1 -1 -1 1 1 -1 -1 1 1 -1 -1 1 1 -1 -1 1 1 -1 -1 1 1 1 -1 -1 1 1 -1 -1 -1 1 1 1 1 1 1 -1 -1 1 -1 -1 1 1 1 1 -1 1 1 1 -1 1 1 -1 -1 -1 1 1 -1 1 -1 1 1 1 -1 -1 1 1 1 -1 -1 1 1 -1 -1 -1 -1 1 1 -1 1 -1 -1 -1 -1 1 1 1 
1 -1 -1 1 -1 -1 -1 1 1 -1 1 1 1 -1 1 1 1 1 -1 -1 -1 -1 -1 -1 -1 1 1 1 1 1 -1 -1 -1 1 -1 1 1 -1 1 -1 1 1 1 1 1 1 -1 1 1 1 1 1 1 -1 1 -1 -1 1 -1 1 1 1 -1 1 1 -1 -1 1 -1 -1 -1 1 1 -1 -1 1 -1 -1 -1 -1 -1 -1 -1 -1 -1 1 -1 -1 -1 -1 -1 1 1 -1 1 -1 -1 -1 1 -1 1 1 1 -1 1 -1 -1 1 1 -1 -1 -1 1 -1 1 -1 1 1 1 1 -1 1 -1 1 1 1 1 -1 
1 1 1 1 1 1 -1 1 -1 1 1 -1 1 1 1 1 1 1 1 -1 1 1 -1 -1 1 -1 -1 -1 1 -1 -1 1 1 1 -1 -1 -1 -1 -1 1 1 -1 -1 -1 -1 1 -1 -1 -1 -1 -1 1 -1 1 1 -1 -1 -1 1 1 -1 -1 1 -1 -1 1 1 -1 -1 1 1 1 1 1 -1 -1 1 1 1 1 1 -1 1 1 1 -1 -1 1 -1 -1 -1 -1 -1 -1 1 1 1 -1 -1 1 1 -1 -1 1 -1 -1 1 -1 1 1 1 1 1 -1 1 1 1 -1 -1 -1 -1 1 1 -1 1 1 1 1 
-1 1 -1 1 1 -1 -1 -1 1 1 -1 1 1 -1 -1 1 -1 -1 -1 -1 1 -1 -1 1 -1 1 -1 1 -1 -1 -1 1 1 1 -1 1 1 -1 1 -1 1 1 -1 1 -1 1 1 -1 -1 1 -1 1 -1 -1 -1 -1 -1 -1 -1 1 1 -1 -1 1 -1 1 1 1 -1 1 -1 -1 -1 -1 1 1 1 -1 -1 -1 -1 -1 1 -1 1 1 -1 1 -1 -1 -1 1 1 1 -1 -1 1 1 1 1 -1 -1 1 1 -1 1 1 1 1 1 1 1 1 1 1 -1 -1 1 1 -1 1 1 -1 -1 1 1 1 1 
1 1 -1 -1 -1 1 1 1 1 -1 1 -1 -1 -1 1 1 1 -1 -1 -1 -1 1 -1 -1 1 1 -1 -1 -1 -1 -1 1 1 1 1 -1 1 1 -1 1 -1 1 -1 1 1 1 1 -1 1 1 -1 -1 1 -1 1 1 1 1 1 1 -1 -1 1 -1 -1 -1 1 1 -1 1 1 -1 1 1 1 1 -1 -1 1 1 -1 1 -1 -1 1 1 1 1 -1 1 1 -1 -1 -1 1 1 1 1 -1 -1 -1 -1 1 -1 1 1 -1 1 -1 -1 -1 -1 1 -1 1 -1 -1 -1 1 1 1 1 1 -1 1 1 1 1 
1 1 -1 -1 -1 -1 1 1 -1 1 -1 1 -1 -1 -1 1 1 -1 -1 1 -1 1 -1 1 -1 -1 -1 -1 1 1 1 1 1 -1 1 -1 1 -1 -1 1 1 1 1 1 1 1 1 1 -1 1 -1 -1 -1 -1 -1 1 -1 1 -1 1 1 1 1 -1 -1 1 -1 1 -1 1 1 -1 1 1 1 1 -1 1 1 -1 -1 -1 -1 -1 -1 1 -1 1 1 -1 -1 1 -1 1 -1 -1 -1 1 -1 -1 1 -1 -1 -1 1 -1 -1 -1 -1 -1 1 1 -1 -1 1 1 -1 -1 -1 1 1 -1 1 1 -1 -1 1 1 
1 1 1 1 1 1 1 1 1 1 -1 -1 -1 -1 1 1 1 -1 1 1 1 1 -1 -1 1 -1 -1 1 1 -1 -1 1 -1 1 -1 1 1 1 1 -1 1 -1 1 1 1 1 -1 -1 -1 1 1 1 -1 -1 1 1 -1 1 1 1 -1 -1 1 -1 1 -1 -1 -1 -1 1 1 1 -1 -1 1 1 1 -1 1 -1 -1 -1 -1 1 -1 -1 1 1 -1 -1 -1 -1 1 1 1 -1 -1 -1 1 -1 -1 1 -1 1 1 1 -1 1 -1 1 1 1 -1 1 -1 1 -1 1 1 1 -1 -1 1 -1 1 -1 -1 -1 
-1 1 1 -1 1 1 -1 -1 1 -1 -1 -1 -1 1 1 -1 1 1 -1 -1 -1 -1 1 -1 -1 -1 1 1 1 -1 -1 1 1 1 -1 1 1 -1 1 1 -1 1 1 -1 1 -1 -1 1 -1 -1 1 1 -1 -1 -1 1 -1 -1 -1 1 -1 -1 1 1 1 -1 1 -1 -1 1 1 1 -1 -1 1 1 1 -1 -1 1 1 1 -1 -1 -1 -1 1 -1 1 1 1 -1 -1 1 -1 -1 1 -1 -1 1 1 -1 1 -1 1 -1 1 1 -1 -1 -1 1 1 -1 1 -1 1 -1 1 -1 -1 1 -1 -1 -1 1 -1 -1 
-1 -1 -1 -1 1 1 1 1 1 -1 1 -1 1 1 1 -1 -1 -1 1 -1 1 1 -1 1 1 1 -1 1 1 -1 1 1 1 1 1 1 -1 1 -1 -1 1 -1 1 -1 -1 -1 1 1 1 -1 -1 1 1 1 1 1 1 1 -1 -1 -1 -1 1 -1 -1 -1 1 1 1 1 -1 1 -1 -1 -1 1 1 1 1 -1 1 -1 1 -1 1 1 -1 1 -1 -1 -1 1 -1 1 -1 -1 -1 -1 -1 -1 1 -1 -1 1 1 -1 -1 -1 1 1 -1 -1 1 1 1 -1 -1 1 1 1 1 1 1 1 1 1 1 1 
-1 1 -1 1 -1 -1 -1 1 1 1 1 1 1 -1 -1 -1 -1 1 -1 1 1 -1 -1 1 1 -1 -1 -1 1 1 1 -1 -1 -1 1 1 -1 -1 -1 -1 -1 -1 1 -1 1 -1 1 -1 1 -1 1 1 1 -1 1 -1 -1 -1 -1 -1 1 1 1 1 -1 1 1 1 -1 1 -1 -1 1 1 -1 1 1 1 -1 1 -1 1 -1 -1 -1 1 -1 1 1 -1 -1 -1 1 -1 -1 1 1 -1 1 -1 -1 1 1 1 -1 1 -1 1 1 1 1 1 -1 1 1 -1 1 -1 -1 1 -1 -1 -1 1 1 -1 -1 -1 
1 1 -1 1 -1 -1 1 1 1 -1 1 1 1 1 -1 -1 -1 -1 1 1 -1 1 -1 -1 -1 1 -1 -1 -1 -1 -1 -1 -1 -1 -1 -1 -1 1 1 1 -1 1 -1 -1 -1 -1 1 1 1 1 1 1 1 -1 -1 1 -1 1 -1 -1 1 -1 1 -1 1 1 1 1 1 -1 -1 1 -1 -1 1 1 -1 -1 -1 1 -1 1 1 1 1 1 -1 -1 1 -1 1 1 1 1 -1 -1 1 -1 1 1 -1 -1 -1 -1 -1 -1 -1 1 -1 -1 -1 -1 1 1 -1 1 -1 1 1 1 -1 1 -1 1 1 -1 1 1 
1 -1 -1 -1 -1 -1 -1 1 1 -1 -1 -1 -1 1 -1 1 -1 -1 -1 -1 1 -1 -1 1 1 -1 1 1 -1 1 -1 1 -1 1 -1 -1 1 1 1 -1 1 -1 -1 1 1 1 -1 1 1 -1 1 -1 -1 1 -1 -1 1 -1 1 -1 -1 -1 1 1 -1 1 1 -1 -1 1 1 -1 -1 -1 1 1 -1 -1 -1 1 -1 1 1 1 1 1 1 -1 1 1 1 -1 -1 -1 -1 1 -1 1 1 1 1 1 1 1 1 1 -1 1 -1 -1 1 1 -1 1 -1 1 1 -1 -1 -1 1 1 1 1 -1 1 1 1 
1 -1 -1 -1 1 -1 -1 -1 1 -1 -1 -1 1 -1 1 -1 1 -1 1 -1 1 1 1 -1 -1 1 1 1 1 -1 1 1 -1 1 -1 1 1 -1 1 1 -1 1 1 1 1 1 1 1 -1 1 -1 -1 1 -1 1 1 1 -1 1 -1 1 -1 -1 -1 1 1 -1 -1 -1 -1 1 -1 1 1 1 1 1 -1 1 1 1 -1 1 1 -1 -1 -1 1 1 1 -1 -1 -1 -1 -1 1 1 -1 1 1 -1 1 -1 1 1 -1 -1 1 -1 -1 1 1 -1 -1 -1 -1 1 1 -1 1 1 -1 -1 -1 -1 -1 -1 1 
1 -1 1 1 -1 1 1 -1 -1 -1 -1 1 1 -1 -1 1 1 -1 -1 1 1 1 1 -1 -1 -1 -1 -1 -1 -1 1 1 1 -1 1 1 1 1 -1 -1 1 -1 1 -1 1 1 1 -1 -1 -1 -1 1 -1 1 -1 1 1 1 -1 -1 -1 1 1 1 -1 1 1 1 -1 1 -1 -1 1 -1 -1 1 1 -1 -1 -1 -1 1 1 1 -1 -1 1 1 1 1 -1 1 1 1 1 1 1 1 1 -1 -1 -1 -1 -1 -1 1 -1 1 1 1 1 -1 -1 -1 1 1 1 1 1 1 1 -1 1 -1 1 -1 -1 -1 
1 1 -1 -1 -1 -1 1 -1 1 1 -1 -1 1 -1 1 1 -1 1 1 1 -1 1 1 1 1 1 -1 -1 -1 -1 -1 -1 1 1 1 1 1 -1 1 -1 1 1 1 -1 -1 -1 1 1 1 1 -1 1 1 1 -1 1 -1 -1 1 1 1 1 1 -1 1 -1 1 1 -1 1 1 -1 -1 -1 1 1 -1 1 1 1 -1 1 -1 -1 1 1 -1 -1 1 -1 -1 1 1 -1 -1 -1 1 -1 -1 -1 -1 1 1 1 1 -1 1 1 -1 -1 1 -1 1 -1 -1 1 -1 -1 -1 -1 1 1 -1 1 -1 1 1 -1 
1 1 1 -1 1 1 1 -1 1 -1 1 1 1 -1 1 -1 1 -1 1 1 1 -1 1 1 1 1 -1 -1 -1 -1 -1 1 -1 -1 -1 -1 1 1 1 -1 -1 -1 -1 1 -1 -1 1 1 1 -1 1 -1 1 -1 1 -1 1 -1 1 1 -1 1 -1 1 -1 -1 1 1 1 1 -1 1 -1 -1 -1 1 1 -1 -1 -1 -1 -1 -1 1 1 -1 -1 1 1 -1 1 1 -1 1 1 1 -1 -1 -1 1 -1 1 1 1 1 -1 1 1 1 1 1 -1 -1 1 -1 -1 1 1 1 1 1 -1 -1 1 -1 -1 1 -1 
1 -1 1 1 1 -1 -1 -1 -1 -1 -1 -1 -1 1 -1 -1 -1 -1 1 1 1 1 -1 1 -1 1 1 1 1 -1 1 -1 1 1 1 -1 -1 1 -1 -1 -1 -1 1 -1 1 1 1 -1 -1 -1 1 -1 -1 1 1 -1 -1 -1 -1 1 1 1 1 -1 -1 1 1 -1 1 -1 1 -1 -1 -1 1 1 -1 -1 1 1 -1 1 1 -1 -1 -1 -1 -1 -1 1 -1 -1 1 -1 1 1 1 1 -1 -1 -1 -1 1 1 1 1 1 1 1 -1 1 -1 1 1 1 -1 -1 1 1 -1 1 -1 -1 1 1 -1 1 1 
-1 1 1 1 -1 -1 1 -1 -1 1 -1 1 -1 -1 1 1 -1 1 -1 -1 1 1 1 -1 1 -1 1 -1 -1 -1 -1 -1 -1 1 1 -1 -1 -1 -1 1 -1 -1 1 1 1 1 -1 -1 -1 -1 1 1 -1 1 -1 -1 1 -1 -1 -1 -1 1 -1 -1 1 1 -1 1 1 1 -1 1 -1 1 1 1 -1 1 1 1 -1 1 -1 1 1 1 1 1 1 1 -1 -1 -1 1 -1 1 -1 1 -1 -1 1 -1 -1 -1 -1 1 -1 1 -1 1 -1 1 -1 -1 1 1 1 1 -1 1 -1 -1 -1 1 1 -1 -1 -1 
1 -1 -1 -1 -1 1 -1 -1 1 -1 1 -1 1 -1 1 1 -1 1 -1 -1 1 1 -1 1 1 1 1 1 1 -1 -1 1 -1 1 -1 -1 -1 1 -1 1 -1 1 -1 -1 1 -1 -1 1 1 1 1 1 -1 -1 -1 -1 -1 -1 -1 1 1 1 -1 -1 1 -1 -1 1 -1 1 -1 -1 -1 1 1 -1 1 1 -1 1 1 1 1 -1 1 -1 -1 -1 -1 1 -1 1 -1 1 -1 1 1 -1 1 1 1 1 -1 -1 -1 1 1 -1 -1 -1 1 -1 -1 1 -1 -1 -1 1 -1 -1 -1 1 -1 1 -1 1 1 -1 
1 -1 -1 -1 1 1 -1 1 -1 1 1 -1 -1 -1 1 -1 1 -1 1 -1 1 1 1 -1 1 -1 -1 1 1 -1 1 -1 -1 1 -1 -1 -1 1 1 1 1 -1 -1 -1 -1 1 -1 1 -1 1 1 1 1 1 -1 -1 1 1 1 -1 -1 1 -1 -1 -1 -1 -1 -1 1 -1 -1 1 -1 1 1 -1 -1 1 1 1 1 1 -1 -1 1 1 -1 1 -1 -1 -1 -1 1 -1 1 -1 1 1 -1 1 1 -1 -1 1 1 -1 1 1 1 -1 -1 -1 -1 1 1 -1 -1 1 -1 1 1 -1 1 1 1 -1 1 1 
-1 -1 1 -1 1 -1 1 1 -1 -1 -1 -1 -1 1 -1 -1 -1 1 1 -1 -1 -1 1 1 1 -1 1 -1 1 1 1 -1 1 1 -1 1 1 1 1 1 1 -1 -1 -1 -1 -1 -1 -1 1 1 1 1 1 1 1 -1 1 1 1 1 1 -1 1 -1 -1 -1 1 1 -1 1 -1 -1 1 1 -1 1 -1 -1 1 -1 -1 1 -1 1 -1 1 -1 -1 1 -1 -1 1 -1 1 -1 -1 1 1 -1 1 -1 -1 1 1 1 -1 -1 1 -1 1 1 -1 1 1 1 1 1 1 1 1 1 1 -1 -1 1 -1 -1 1 
1 -1 1 -1 1 -1 1 1 -1 1 -1 -1 1 1 1 -1 -1 1 1 -1 -1 -1 1 -1 1 1 -1 1 1 1 1 1 -1 -1 1 -1 -1 1 -1 1 -1 -1 1 -1 -1 1 -1 1 -1 1 -1 1 -1 1 1 -1 -1 1 -1 -1 -1 -1 1 -1 1 -1 -1 -1 1 1 1 1 1 -1 1 -1 1 -1 -1 1 -1 1 -1 -1 1 1 1 -1 1 -1 1 1 1 -1 -1 1 1 -1 1 -1 -1 1 1 -1 1 1 -1 1 1 1 -1 1 -1 -1 -1 -1 -1 -1 -1 1 -1 -1 1 -1 1 1 -1 -1 
1 1 1 -1 1 1 1 1 1 -1 -1 1 1 1 1 1 -1 -1 1 -1 -1 -1 1 -1 1 1 1 1 -1 1 -1 -1 1 -1 -1 -1 1 -1 -1 -1 -1 1 1 -1 1 -1 -1 1 1 -1 1 1 -1 -1 1 1 -1 1 1 -1 1 -1 1 -1 -1 1 1 1 1 1 1 -1 1 1 -1 1 -1 -1 1 -1 1 -1 1 -1 -1 -1 -1 -1 1 1 1 -1 -1 1 -1 1 -1 1 -1 1 -1 -1 -1 -1 -1 -1 1 -1 1 -1 -1 -1 -1 1 1 -1 1 -1 -1 -1 1 -1 -1 -1 1 1 1 1 
1 -1 1 -1 1 1 -1 1 -1 -1 -1 1 -1 -1 -1 1 -1 1 -1 -1 -1 -1 -1 -1 -1 -1 1 1 1 1 1 -1 -1 -1 -1 -1 -1 -1 -1 1 -1 -1 1 1 -1 1 -1 1 1 1 -1 -1 -1 1 -1 -1 -1 1 -1 -1 -1 1 1 1 -1 -1 -1 -1 1 1 1 1 -1 1 1 1 -1 1 -1 1 1 1 -1 -1 1 -1 -1 1 -1 -1 -1 -1 -1 1 -1 1 -1 -1 -1 -1 1 1 1 -1 -1 -1 1 -1 -1 -1 -1 -1 -1 -1 1 -1 -1 -1 1 1 -1 -1 1 -1 -1 -1 -1 1 
1 -1 -1 1 -1 -1 1 -1 -1 -1 -1 1 -1 -1 1 1 -1 -1 1 1 -1 -1 1 -1 -1 1 1 1 -1 1 1 -1 -1 -1 -1 -1 1 1 1 1 1 -1 -1 -1 -1 1 1 -1 -1 -1 1 -1 -1 -1 -1 1 1 -1 -1 -1 -1 -1 -1 -1 -1 -1 -1 1 1 -1 1 -1 1 -1 -1 -1 -1 -1 1 1 1 1 -1 1 1 1 1 1 -1 1 -1 -1 1 -1 -1 -1 -1 1 1 -1 1 -1 1 1 -1 -1 -1 1 -1 1 -1 -1 1 -1 1 1 1 1 1 1 1 -1 -1 -1 -1 -1 1 -1 
1 -1 1 1 -1 1 1 -1 1 1 1 1 1 1 1 -1 -1 1 1 1 -1 1 -1 -1 1 -1 -1 1 -1 -1 -1 -1 -1 1 1 -1 -1 -1 1 1 1 1 -1 1 -1 -1 -1 1 1 1 1 -1 -1 1 1 1 -1 -1 1 -1 -1 -1 -1 1 -1 -1 1 1 1 1 1 -1 -1 1 1 -1 1 -1 -1 1 1 1 -1 1 1 -1 1 -1 -1 1 -1 -1 1 -1 -1 1 -1 -1 1 1 -1 -1 1 -1 -1 1 -1 1 1 1 -1 -1 1 -1 1 -1 1 -1 -1 -1 -1 -1 -1 -1 1 1 1 1 
1 -1 -1 -1 1 1 1 -1 1 1 1 1 -1 1 1 -1 -1 -1 -1 1 1 -1 1 -1 -1 -1 1 -1 1 -1 -1 -1 1 -1 -1 1 1 1 1 -1 -1 -1 1 1 1 -1 -1 -1 1 1 1 -1 1 -1 1 1 1 1 -1 -1 -1 1 -1 -1 -1 1 -1 1 -1 -1 -1 1 -1 -1 -1 1 -1 1 -1 1 -1 -1 1 -1 1 -1 -1 1 -1 1 -1 -1 -1 -1 1 1 1 1 1 1 1 1 -1 1 -1 -1 1 1 -1 1 1 -1 -1 -1 1 -1 1 1 -1 -1 -1 1 -1 -1 1 1 -1 -1 
1 -1 -1 1 1 -1 1 1 1 1 1 -1 1 1 1 -1 -1 1 1 -1 1 -1 1 1 1 1 1 -1 -1 -1 -1 1 -1 -1 -1 -1 -1 -1 -1 1 -1 1 -1 -1 1 1 1 1 1 -1 -1 1 1 -1 1 -1 1 1 -1 1 -1 1 1 -1 1 -1 -1 1 -1 1 -1 1 -1 1 1 -1 1 1 -1 1 1 -1 -1 1 -1 1 1 -1 1 -1 -1 1 -1 -1 1 1 1 -1 1 1 -1 -1 -1 1 1 -1 -1 -1 -1 1 1 1 1 -1 -1 -1 -1 -1 -1 -1 1 -1 1 1 -1 1 -1 -1 
-1 -1 1 -1 -1 1 1 -1 -1 -1 1 1 -1 -1 1 1 -1 -1 -1 1 1 -1 1 1 -1 -1 -1 1 -1 -1 -1 1 -1 -1 -1 1 -1 1 1 -1 -1 -1 1 -1 1 -1 -1 1 -1 -1 -1 -1 1 1 1 -1 1 -1 1 1 -1 1 -1 -1 1 1 -1 -1 -1 -1 1 1 -1 -1 1 -1 -1 -1 -1 -1 -1 -1 -1 -1 1 1 -1 -1 -1 1 1 -1 1 1 1 1 1 -1 -1 1 1 1 -1 1 -1 1 -1 -1 -1 1 1 -1 -1 1 1 1 -1 -1 1 -1 -1 1 -1 -1 1 1 1 1 
-1 1 -1 1 1 1 1 1 -1 1 -1 -1 1 1 1 1 -1 -1 1 1 1 -1 -1 -1 -1 -1 1 -1 -1 -1 -1 -1 1 -1 1 1 -1 1 -1 1 -1 1 -1 -1 -1 1 1 1 1 1 1 1 -1 1 1 -1 -1 -1 -1 -1 -1 1 -1 1 -1 1 -1 -1 1 -1 -1 1 -1 -1 -1 -1 1 1 -1 -1 -1 -1 -1 1 -1 -1 -1 -1 1 1 1 1 1 1 -1 1 -1 -1 -1 1 1 -1 1 -1 1 1 1 -1 -1 1 1 1 1 -1 1 1 -1 1 -1 1 1 1 -1 1 -1 -1 1 -1 
-1 -1 1 1 -1 -1 1 1 -1 1 1 1 1 1 -1 -1 -1 1 1 1 1 1 -1 -1 -1 -1 1 -1 1 -1 1 -1 1 -1 -1 -1 1 -1 -1 1 -1 1 -1 1 1 1 1 1 -1 1 -1 1 1 1 -1 -1 -1 -1 -1 -1 -1 -1 1 1 -1 -1 1 -1 1 1 1 -1 -1 1 1 -1 1 1 1 1 -1 -1 -1 -1 1 -1 1 1 -1 -1 -1 -1 -1 -1 -1 -1 -1 1 -1 -1 1 -1 1 1 -1 -1 1 -1 -1 -1 1 1 -1 -1 1 1 -1 1 -1 1 -1 -1 1 -1 -1 -1 -1 1 
1 -1 1 -1 -1 -1 -1 -1 -1 -1 1 -1 1 -1 1 -1 1 1 -1 1 -1 1 1 -1 1 1 1 1 -1 -1 1 -1 1 -1 1 1 -1 -1 -1 -1 -1 1 1 1 1 1 1 1 -1 -1 -1 1 1 1 -1 1 -1 -1 -1 -1 1 1 -1 -1 1 1 1 -1 -1 1 1 -1 1 1 1 1 1 1 1 1 -1 -1 1 -1 1 1 -1 -1 -1 -1 1 -1 1 1 1 1 -1 1 -1 -1 -1 1 1 1 1 1 -1 -1 1 -1 1 1 1 -1 1 1 -1 -1 -1 -1 -1 1 -1 -1 -1 -1 -1 -1 
1 1 1 -1 -1 -1 1 1 -1 1 -1 -1 1 1 -1 -1 1 1 1 -1 1 1 -1 -1 -1 1 1 -1 -1 -1 1 1 1 -1 1 -1 -1 -1 1 1 -1 1 1 -1 1 -1 1 1 1 1 -1 1 -1 1 -1 -1 -1 -1 -1 -1 -1 -1 1 -1 -1 -1 1 1 1 1 1 1 1 -1 1 -1 -1 1 -1 -1 1 1 1 -1 -1 1 1 -1 1 -1 -1 -1 -1 1 -1 1 1 1 -1 1 1 -1 1 1 -1 -1 -1 1 -1 -1 1 1 -1 1 1 1 -1 1 1 1 -1 -1 -1 -1 1 1 -1 1 
1 1 1 -1 -1 -1 1 -1 1 -1 1 1 -1 1 -1 -1 1 -1 1 -1 -1 -1 -1 1 1 1 1 1 -1 1 1 1 -1 1 -1 1 1 -1 1 1 -1 1 -1 -1 1 -1 1 1 1 -1 1 -1 1 1 -1 -1 1 -1 -1 1 -1 -1 -1 1 1 1 -1 1 1 1 1 1 -1 -1 1 -1 1 -1 1 -1 1 1 1 1 -1 1 -1 -1 -1 -1 1 1 -1 1 -1 1 1 1 1 1 -1 -1 -1 1 1 -1 1 1 1 1 -1 1 -1 -1 1 1 -1 -1 1 -1 1 -1 1 -1 1 1 -1 -1 
1 1 1 -1 -1 1 1 1 1 1 -1 1 1 -1 1 -1 -1 1 -1 1 1 -1 -1 -1 -1 1 1 -1 -1 -1 1 1 -1 -1 -1 -1 -1 -1 -1 -1 1 1 -1 -1 -1 -1 1 1 1 1 -1 1 -1 -1 1 -1 -1 -1 1 -1 -1 1 1 -1 1 1 -1 -1 -1 -1 1 1 1 -1 1 1 -1 1 1 1 -1 -1 1 1 -1 1 -1 1 -1 1 1 1 -1 -1 -1 -1 1 1 1 -1 -1 -1 -1 -1 1 1 -1 -1 -1 1 -1 1 -1 -1 1 -1 1 1 -1 -1 1 -1 -1 1 1 -1 1 -1 
-1 1 -1 1 1 -1 1 1 -1 1 1 1 -1 1 -1 -1 1 -1 1 -1 1 -1 -1 -1 1 -1 -1 -1 1 -1 -1 1 -1 1 -1 1 1 1 1 1 1 -1 1 1 -1 1 -1 1 1 1 1 -1 -1 1 -1 1 -1 -1 -1 1 -1 1 1 1 -1 -1 1 -1 -1 -1 -1 1 1 1 -1 -1 1 1 1 1 -1 -1 1 -1 1 1 -1 -1 -1 1 -1 1 1 -1 1 -1 -1 -1 1 -1 1 1 1 -1 -1 -1 1 1 1 -1 -1 -1 -1 -1 1 -1 -1 1 -1 -1 1 -1 -1 1 1 -1 1 1 
1 1 -1 1 -1 -1 -1 1 -1 -1 -1 1 1 1 1 1 -1 -1 1 1 1 -1 1 1 -1 -1 -1 1 1 1 -1 -1 1 -1 1 -1 -1 1 1 -1 -1 1 1 1 -1 1 -1 -1 -1 1 -1 1 -1 -1 1 1 1 -1 -1 -1 1 -1 1 1 1 1 1 1 1 -1 1 1 -1 1 -1 -1 1 1 1 -1 1 1 -1 -1 1 -1 -1 -1 1 -1 1 1 1 -1 -1 -1 1 -1 -1 -1 1 1 -1 1 -1 1 1 -1 -1 1 1 -1 1 -1 1 -1 -1 -1 1 1 -1 1 1 1 -1 1 -1 1 
1 1 -1 1 1 1 -1 1 -1 1 1 1 1 -1 -1 -1 -1 1 1 -1 -1 1 -1 1 -1 -1 -1 -1 -1 1 -1 1 1 -1 -1 -1 1 1 -1 -1 -1 1 1 1 1 1 -1 -1 1 -1 -1 -1 1 -1 -1 -1 1 -1 -1 -1 1 -1 1 1 1 -1 -1 1 1 1 -1 -1 -1 1 1 -1 1 -1 -1 -1 -1 1 -1 -1 -1 -1 -1 -1 1 1 1 1 -1 1 1 1 1 -1 1 -1 -1 1 1 1 1 -1 -1 -1 -1 1 1 -1 -1 -1 1 -1 1 -1 1 1 -1 -1 1 -1 -1 -1 -1 1 
1 1 1 1 -1 -1 -1 1 -1 -1 1 1 1 1 -1 1 -1 1 1 1 -1 -1 1 1 1 -1 -1 -1 1 -1 -1 -1 1 1 1 -1 1 1 1 1 -1 -1 -1 1 -1 1 -1 -1 -1 -1 -1 1 1 1 -1 -1 -1 -1 1 1 1 -1 1 1 1 1 -1 1 -1 1 -1 -1 -1 -1 1 1 -1 -1 -1 -1 -1 1 -1 1 -1 1 1 -1 1 -1 -1 -1 -1 1 -1 1 1 1 -1 1 1 -1 -1 1 -1 -1 -1 -1 -1 -1 1 1 -1 1 -1 1 -1 -1 -1 1 1 -1 -1 1 -1 1 -1 1 
1 1 -1 1 -1 -1 1 1 1 1 1 1 1 -1 -1 -1 -1 1 1 1 -1 -1 1 1 -1 1 -1 1 -1 1 1 -1 -1 1 -1 1 1 1 -1 -1 -1 1 1 1 1 -1 1 1 -1 1 1 -1 -1 1 -1 1 -1 1 -1 1 -1 -1 -1 -1 1 1 -1 -1 1 -1 -1 1 -1 1 -1 -1 1 -1 1 1 1 -1 1 1 1 1 1 1 -1 1 -1 -1 -1 -1 -1 -1 1 -1 -1 -1 1 -1 1 -1 -1 1 1 1 1 -1 1 -1 1 -1 1 1 -1 1 1 -1 -1 1 1 1 1 1 -1 -1 
1 -1 1 -1 -1 1 1 -1 -1 1 1 1 -1 -1 1 1 1 -1 1 1 1 1 1 -1 -1 -1 -1 -1 -1 -1 1 -1 -1 1 -1 1 1 1 1 1 1 -1 -1 -1 -1 1 1 -1 1 1 -1 1 -1 1 1 -1 1 1 -1 1 -1 -1 -1 1 -1 -1 -1 1 -1 -1 -1 1 -1 -1 -1 1 1 -1 -1 1 -1 1 1 -1 1 1 -1 -1 -1 -1 1 -1 1 -1 -1 -1 1 -1 -1 -1 1 1 -1 -1 -1 1 -1 1 -1 -1 -1 -1 -1 -1 -1 -1 1 -1 -1 -1 -1 -1 1 -1 1 1 1 -1 
-1 1 1 -1 -1 1 -1 1 -1 -1 -1 1 -1 1 1 -1 1 1 1 -1 1 1 -1 -1 1 1 -1 1 1 1 -1 1 -1 1 1 1 1 1 1 1 1 1 -1 -1 -1 1 -1 1 1 -1 -1 1 1 1 1 -1 1 -1 1 -1 -1 1 -1 1 1 1 1 -1 1 -1 -1 -1 1 1 -1 1 -1 1 1 1 1 -1 1 1 1 1 1 1 -1 -1 -1 1 1 1 1 -1 -1 -1 1 1 1 1 -1 1 1 -1 1 1 -1 1 -1 -1 -1 -1 1 1 1 1 1 1 1 -1 1 -1 -1 -1 -1 -1 
1 1 -1 1 1 -1 -1 1 -1 -1 1 -1 -1 -1 1 1 1 1 -1 -1 1 1 -1 -1 1 -1 1 -1 1 1 -1 1 1 1 -1 1 -1 -1 1 1 1 1 -1 1 -1 -1 1 1 -1 1 -1 1 1 -1 1 -1 -1 1 -1 -1 1 1 -1 -1 -1 1 1 -1 -1 1 -1 -1 1 1 1 -1 -1 -1 1 1 -1 -1 1 1 -1 -1 1 -1 -1 1 -1 -1 1 1 -1 1 -1 -1 -1 -1 1 -1 1 1 -1 1 1 -1 1 -1 1 -1 -1 -1 -1 1 -1 1 -1 -1 1 -1 -1 -1 -1 -1 -1 -1 
-1 1 -1 1 1 1 1 1 -1 1 1 1 1 -1 -1 -1 1 -1 1 -1 1 -1 -1 -1 1 1 1 1 -1 1 -1 1 1 -1 -1 1 1 -1 1 -1 1 1 1 -1 -1 1 1 -1 1 -1 1 1 1 1 1 -1 1 1 1 -1 1 -1 -1 -1 1 1 -1 1 -1 1 -1 1 1 1 -1 -1 1 1 -1 -1 1 -1 -1 -1 -1 1 -1 -1 -1 -1 1 -1 1 -1 -1 -1 -1 1 -1 -1 1 1 -1 1 1 -1 1 -1 1 -1 1 -1 1 -1 -1 1 1 1 1 1 1 1 -1 1 -1 -1 1 -1 
1 -1 -1 -1 1 -1 1 1 -1 -1 -1 -1 1 1 -1 1 1 1 -1 -1 -1 1 1 1 1 1 1 -1 1 -1 1 1 1 -1 -1 1 -1 -1 -1 1 -1 1 -1 -1 -1 1 -1 -1 -1 1 1 -1 -1 1 1 1 -1 -1 -1 -1 1 -1 -1 1 1 -1 -1 -1 -1 -1 -1 -1 1 1 1 1 -1 1 1 1 -1 1 1 -1 -1 1 1 -1 1 1 1 1 -1 1 1 -1 -1 1 1 -1 -1 1 -1 1 1 1 1 -1 -1 -1 1 1 1 -1 1 1 -1 1 -1 1 1 1 1 -1 -1 1 1 -1 
-1 1 1 1 -1 1 -1 1 1 1 -1 -1 1 1 1 1 1 -1 -1 1 1 -1 -1 1 1 1 1 1 1 -1 -1 -1 -1 1 -1 1 1 1 1 -1 1 -1 1 -1 1 -1 1 1 1 1 -1 1 1 -1 -1 -1 1 1 1 1 1 1 1 1 -1 -1 -1 -1 -1 1 -1 1 1 -1 1 1 1 1 1 1 1 -1 1 -1 -1 1 -1 1 -1 1 1 1 -1 1 -1 -1 1 1 1 -1 1 -1 -1 -1 -1 -1 -1 1 1 1 1 -1 -1 1 -1 -1 1 -1 1 1 1 1 1 -1 -1 -1 -1 1 
-1 1 -1 1 1 1 -1 1 -1 -1 1 -1 -1 -1 1 1 1 -1 1 -1 1 1 -1 -1 -1 1 1 -1 -1 -1 -1 -1 1 1 1 -1 1 1 -1 1 -1 -1 -1 1 1 -1 -1 1 1 1 -1 1 -1 1 1 1 1 -1 1 -1 1 1 -1 -1 -1 1 1 -1 1 -1 -1 1 -1 1 -1 -1 -1 1 -1 1 1 1 1 -1 -1 1 -1 1 -1 1 1 -1 -1 -1 -1 1 1 -1 -1 1 -1 1 1 1 1 -1 1 -1 -1 1 -1 -1 1 1 1 -1 -1 1 1 1 -1 -1 -1 1 -1 1 -1 -1 
1 -1 1 -1 1 1 1 -1 1 -1 -1 -1 -1 -1 1 -1 -1 1 -1 1 1 -1 1 1 -1 1 1 1 -1 1 -1 1 -1 -1 1 1 1 1 1 1 -1 1 -1 -1 1 1 1 1 -1 1 1 -1 1 1 -1 -1 -1 1 1 -1 -1 -1 1 1 -1 1 1 1 1 1 -1 1 1 1 -1 1 1 -1 1 -1 1 -1 1 -1 1 -1 1 1 -1 1 -1 -1 -1 -1 -1 1 1 1 1 1 -1 -1 -1 1 1 -1 -1 1 1 1 1 1 -1 1 1 1 1 1 1 1 1 -1 1 1 1 1 1 -1 
1 -1 1 1 -1 -1 1 1 1 -1 1 -1 1 -1 1 1 -1 -1 1 -1 -1 1 1 -1 -1 -1 1 1 1 -1 -1 1 1 1 1 1 -1 -1 -1 -1 1 -1 1 -1 -1 -1 1 1 1 1 1 -1 1 -1 -1 1 -1 -1 1 -1 -1 1 1 1 1 -1 -1 1 1 1 -1 -1 -1 1 1 1 1 1 1 -1 1 1 -1 -1 -1 -1 1 1 1 -1 1 -1 1 -1 1 1 1 1 1 1 1 -1 -1 -1 -1 1 -1 1 1 1 -1 -1 -1 1 1 -1 -1 -1 1 1 -1 1 -1 -1 1 -1 1 -1 
1 -1 1 1 1 -1 -1 -1 -1 -1 1 1 1 1 1 -1 1 -1 1 1 1 -1 -1 -1 -1 -1 -1 -1 1 -1 1 1 1 -1 -1 -1 -1 1 -1 -1 -1 1 1 -1 -1 1 -1 -1 -1 -1 1 -1 1 -1 1 1 -1 1 -1 1 1 -1 -1 1 1 -1 1 1 -1 -1 1 1 -1 1 -1 -1 -1 -1 1 1 1 1 1 -1 1 -1 -1 1 1 -1 -1 1 1 -1 1 -1 1 1 -1 -1 -1 -1 1 -1 1 1 1 1 -1 -1 -1 -1 1 1 1 1 1 1 -1 1 -1 -1 -1 1 1 1 -1 1 
1 1 1 1 1 1 -1 -1 -1 -1 1 -1 -1 -1 1 -1 -1 1 1 1 -1 1 -1 1 -1 1 1 -1 -1 -1 1 -1 1 1 1 -1 -1 -1 -1 1 -1 -1 1 1 -1 -1 1 1 -1 1 -1 1 1 -1 -1 -1 1 -1 -1 -1 -1 1 1 1 -1 1 1 1 -1 -1 -1 1 -1 1 1 1 -1 -1 1 1 -1 -1 1 -1 -1 -1 -1 1 -1 1 1 1 1 1 -1 -1 -1 1 -1 -1 1 -1 -1 1 -1 -1 -1 -1 -1 -1 1 -1 -1 1 -1 -1 -1 -1 -1 1 -1 1 1 -1 -1 1 1 1 
-1 -1 1 1 -1 -1 1 1 -1 -1 1 1 1 -1 1 -1 1 -1 -1 1 -1 -1 -1 -1 -1 1 1 1 1 1 -1 -1 1 1 -1 -1 -1 -1 -1 -1 -1 -1 -1 -1 -1 1 1 -1 1 1 -1 1 -1 1 -1 1 -1 1 1 -1 1 -1 -1 -1 -1 -1 1 -1 -1 1 -1 -1 1 1 -1 1 1 -1 -1 -1 -1 -1 -1 1 1 -1 1 -1 1 -1 1 1 -1 -1 -1 -1 -1 1 -1 -1 -1 1 1 1 1 -1 1 1 -1 1 -1 1 -1 1 -1 1 1 1 -1 -1 -1 1 -1 1 1 -1 1 1 
-1 -1 -1 1 1 1 1 -1 1 -1 1 -1 1 -1 -1 -1 -1 1 1 -1 1 1 -1 -1 -1 1 1 -1 1 -1 -1 1 -1 -1 1 -1 -1 -1 -1 -1 1 -1 -1 -1 1 -1 -1 1 -1 1 -1 1 1 1 1 -1 -1 1 1 1 1 1 1 -1 1 -1 1 1 1 -1 1 -1 1 1 1 -1 -1 1 1 -1 1 1 1 1 -1 1 -1 -1 -1 1 -1 1 -1 1 1 1 1 -1 -1 1 -1 -1 1 1 -1 1 1 -1 1 1 -1 1 -1 -1 -1 1 1 -1 -1 1 1 1 1 -1 1 1 -1 1 
1 -1 1 1 1 1 -1 1 1 1 1 1 1 1 -1 -1 -1 -1 -1 -1 1 1 1 -1 1 -1 1 -1 -1 -1 -1 -1 -1 1 1 -1 -1 -1 -1 1 -1 1 -1 -1 1 1 1 -1 -1 -1 -1 1 -1 -1 -1 1 -1 -1 1 -1 1 -1 -1 -1 -1 1 1 -1 1 -1 -1 1 1 1 1 1 1 1 -1 -1 1 1 -1 1 -1 -1 -1 1 -1 1 -1 -1 -1 -1 -1 1 -1 -1 1 1 -1 -1 1 -1 -1 1 -1 1 -1 1 1 -1 1 1 1 1 1 1 1 1 -1 -1 1 1 1 1 -1 -1 
-1 1 1 -1 1 1 -1 1 -1 1 -1 1 -1 -1 -1 1 1 -1 1 -1 1 -1 1 -1 1 -1 1 -1 1 -1 -1 -1 -1 -1 -1 -1 -1 1 -1 -1 -1 -1 1 1 1 -1 -1 -1 1 1 1 1 1 -1 -1 1 -1 1 1 1 1 -1 -1 -1 -1 1 1 -1 -1 1 1 1 1 1 -1 -1 -1 1 1 -1 -1 -1 1 1 -1 1 1 -1 1 1 1 -1 -1 1 1 -1 -1 -1 1 -1 1 -1 -1 1 -1 1 -1 -1 -1 1 1 -1 -1 -1 -1 -1 -1 1 -1 -1 -1 1 -1 1 1 1 -1 1 
-1 -1 1 -1 -1 -1 1 1 -1 -1 -1 1 -1 -1 -1 1 -1 -1 -1 1 1 1 1 1 1 1 -1 -1 -1 1 -1 -1 1 1 1 1 -1 1 -1 -1 1 1 -1 -1 -1 -1 -1 1 1 -1 -1 1 1 -1 1 -1 1 -1 1 -1 -1 1 -1 1 -1 -1 -1 -1 1 -1 -1 -1 1 -1 1 1 -1 1 1 -1 -1 1 1 -1 -1 1 -1 1 -1 -1 1 -1 -1 1 -1 -1 1 1 1 1 1 -1 -1 1 -1 1 1 1 1 -1 1 -1 -1 1 1 1 1 1 1 -1 -1 1 -1 1 1 1 -1 1 
1 -1 -1 1 -1 1 1 -1 1 -1 1 1 1 1 1 1 1 1 -1 1 1 -1 1 -1 -1 -1 1 1 1 1 -1 -1 -1 1 -1 -1 1 -1 1 -1 1 1 1 1 1 -1 -1 -1 -1 -1 -1 1 -1 1 1 -1 1 -1 1 -1 -1 -1 1 1 -1 -1 1 -1 1 -1 1 1 1 -1 -1 -1 -1 1 1 -1 1 -1 1 -1 -1 1 -1 -1 -1 1 -1 1 -1 -1 1 1 1 1 -1 1 1 -1 -1 -1 -1 1 -1 1 -1 1 -1 1 1 -1 1 1 1 -1 1 -1 -1 1 1 1 1 1 -1 1 
-1 1 -1 -1 -1 1 1 1 -1 1 -1 -1 -1 1 -1 1 -1 1 -1 1 -1 1 -1 -1 -1 -1 -1 -1 -1 1 -1 1 -1 -1 -1 1 1 -1 -1 1 -1 1 1 1 1 -1 1 1 -1 -1 1 1 -1 1 1 1 1 -1 -1 -1 -1 1 1 1 -1 1 1 1 1 -1 -1 -1 -1 -1 -1 1 -1 1 1 -1 -1 -1 -1 -1 1 1 1 -1 -1 -1 -1 1 -1 -1 -1 -1 1 1 -1 -1 -1 -1 1 1 -1 1 1 1 1 1 -1 -1 1 -1 1 -1 -1 1 -1 -1 1 1 1 -1 1 -1 1 1 
-1 -1 1 1 -1 1 -1 1 -1 -1 -1 -1 1 1 -1 -1 1 -1 1 -1 1 -1 -1 1 1 -1 -1 1 -1 -1 -1 -1 -1 1 1 -1 -1 1 -1 1 1 -1 1 1 1 1 -1 1 -1 1 1 -1 -1 -1 1 1 -1 -1 1 -1 -1 -1 -1 -1 -1 1 -1 1 -1 -1 1 1 -1 1 -1 -1 -1 1 -1 -1 1 1 1 1 -1 -1 1 -1 1 -1 -1 -1 1 -1 -1 1 -1 -1 -1 1 1 1 -1 -1 -1 1 -1 -1 -1 -1 1 -1 -1 1 1 -1 -1 1 1 -1 1 -1 1 -1 1 1 -1 -1 
1 -1 -1 -1 -1 1 -1 -1 1 1 -1 1 -1 -1 -1 1 1 1 1 1 -1 -1 1 1 -1 -1 -1 -1 1 -1 -1 -1 1 -1 1 1 -1 1 -1 1 1 -1 1 -1 1 1 -1 1 1 1 -1 -1 1 1 -1 -1 1 -1 -1 1 1 -1 -1 1 1 -1 1 1 1 1 1 -1 -1 1 -1 1 1 -1 -1 1 -1 -1 1 -1 1 1 -1 1 1 1 -1 -1 -1 1 -1 -1 -1 -1 -1 -1 1 -1 -1 1 1 -1 1 1 1 -1 1 -1 1 1 1 1 1 -1 -1 1 -1 -1 -1 -1 -1 1 -1 -1 
-1 -1 -1 1 -1 -1 1 -1 1 1 1 -1 -1 1 1 1 1 1 -1 1 1 1 1 -1 -1 -1 1 -1 1 -1 -1 1 -1 -1 -1 -1 1 1 1 -1 -1 1 1 -1 -1 -1 -1 1 1 -1 -1 -1 1 1 -1 1 1 1 1 1 1 -1 1 1 -1 1 -1 1 1 -1 1 -1 -1 1 -1 1 -1 -1 -1 1 1 1 1 1 -1 1 -1 -1 1 1 1 1 1 -1 1 1 1 -1 1 1 1 1 -1 1 1 -1 -1 -1 -1 1 1 1 -1 -1 1 -1 -1 1 -1 -1 -1 -1 -1 -1 1 -1 1 1 
1 -1 -1 -1 1 1 1 1 -1 1 1 1 -1 -1 1 1 1 -1 -1 1 1 1 -1 1 1 -1 1 -1 1 -1 1 1 1 1 -1 -1 -1 -1 1 1 -1 -1 1 1 1 -1 1 -1 -1 1 -1 -1 -1 1 1 1 1 -1 1 -1 -1 -1 -1 1 1 1 1 1 -1 -1 1 1 -1 1 1 1 -1 1 1 1 1 -1 1 -1 1 1 1 1 -1 -1 1 -1 1 -1 -1 1 -1 -1 1 -1 -1 1 1 -1 -1 1 1 1 1 1 1 -1 1 -1 1 1 1 1 -1 1 1 1 -1 1 -1 -1 -1 -1 
1 1 1 1 -1 1 -1 -1 -1 -1 -1 -1 -1 -1 1 -1 1 -1 -1 -1 -1 1 1 1 -1 1 -1 1 1 1 1 1 -1 -1 -1 1 1 -1 1 1 -1 -1 1 1 -1 1 -1 1 -1 -1 -1 -1 1 1 1 -1 -1 -1 1 1 -1 1 1 1 -1 1 1 -1 -1 1 -1 1 1 1 -1 1 1 -1 -1 1 1 -1 1 1 1 -1 1 1 -1 1 -1 -1 -1 1 -1 -1 1 -1 1 -1 1 -1 -1 1 -1 1 1 1 -1 -1 -1 1 -1 -1 1 -1 -1 1 -1 -1 1 -1 -1 1 1 1 1 1 
1 1 1 1 -1 1 -1 -1 1 1 1 1 1 1 1 1 -1 1 -1 1 1 1 -1 1 1 -1 1 1 1 1 -1 1 -1 1 -1 -1 1 1 1 1 -1 -1 -1 1 1 -1 -1 -1 1 1 -1 1 -1 1 1 -1 -1 1 -1 -1 1 -1 -1 -1 -1 1 -1 -1 1 1 -1 1 1 -1 1 1 -1 -1 1 -1 1 1 -1 -1 -1 1 -1 -1 -1 -1 1 -1 1 -1 -1 -1 -1 1 1 -1 1 -1 1 1 -1 1 -1 1 1 1 -1 -1 1 1 -1 1 1 1 -1 1 1 -1 1 1 1 1 1 1 
1 -1 -1 1 -1 -1 -1 -1 1 -1 1 1 1 1 -1 -1 -1 1 1 -1 1 -1 1 -1 -1 -1 -1 1 1 1 1 1 -1 -1 1 -1 1 1 1 1 1 -1 1 -1 -1 -1 -1 -1 -1 -1 -1 -1 -1 -1 -1 1 -1 -1 1 -1 1 -1 1 -1 1 1 1 1 -1 -1 1 1 1 1 -1 1 -1 -1 1 1 1 1 -1 -1 -1 -1 -1 -1 1 1 -1 1 -1 -1 -1 1 -1 -1 -1 1 1 1 1 1 1 1 -1 -1 -1 1 1 -1 1 -1 -1 1 1 -1 -1 -1 1 -1 -1 -1 -1 -1 -1 1 
-1 1 -1 1 -1 -1 1 1 1 -1 -1 -1 1 1 1 -1 1 -1 -1 -1 -1 1 -1 1 -1 1 -1 1 -1 1 -1 -1 1 1 1 1 -1 -1 1 1 1 1 1 -1 -1 1 1 -1 -1 1 -1 1 1 1 -1 1 1 -1 -1 1 1 -1 1 -1 1 -1 -1 1 1 1 1 -1 -1 1 1 1 -1 -1 1 -1 -1 -1 -1 -1 1 1 -1 -1 -1 -1 1 -1 1 -1 1 -1 1 1 -1 1 1 1 1 -1 -1 -1 -1 1 -1 1 -1 -1 -1 1 -1 -1 1 1 1 -1 1 -1 1 1 -1 -1 -1 1 
1 -1 -1 -1 -1 -1 1 1 1 -1 1 1 -1 -1 -1 1 -1 -1 1 1 -1 -1 -1 -1 -1 -1 1 1 1 -1 1 -1 -1 -1 -1 -1 -1 1 1 -1 1 1 -1 -1 -1 -1 -1 1 1 1 1 1 -1 1 -1 -1 -1 1 1 1 1 1 1 -1 -1 -1 -1 -1 1 1 1 -1 1 1 -1 -1 1 -1 1 1 -1 -1 1 -1 -1 -1 -1 1 -1 -1 1 1 -1 -1 -1 -1 -1 -1 1 1 1 -1 -1 -1 1 -1 1 -1 -1 1 -1 1 -1 -1 1 1 -1 -1 -1 -1 -1 1 1 1 -1 1 1 1 
-1 1 -1 1 1 1 1 -1 1 -1 1 1 -1 -1 -1 1 -1 -1 1 -1 -1 -1 -1 1 1 1 1 -1 1 1 -1 1 -1 1 -1 -1 1 1 -1 -1 -1 1 1 1 -1 1 -1 1 1 1 1 -1 1 1 1 1 1 1 1 1 1 -1 -1 -1 1 1 1 1 1 -1 1 1 1 1 1 -1 -1 -1 1 -1 1 1 -1 1 -1 1 1 1 1 -1 -1 -1 -1 1 1 -1 1 1 -1 1 1 1 -1 -1 -1 -1 -1 -1 -1 1 1 1 -1 -1 -1 1 1 1 -1 1 1 1 -1 -1 1 1 1 1 
1 1 1 -1 -1 -1 1 -1 -1 1 1 1 1 1 -1 -1 1 1 1 -1 1 -1 1 1 1 1 -1 1 -1 1 -1 1 -1 1 1 -1 1 1 1 1 1 -1 -1 1 1 -1 -1 -1 1 -1 1 1 -1 -1 1 -1 1 -1 1 1 -1 1 -1 -1 -1 -1 -1 1 -1 1 -1 1 -1 1 -1 1 -1 -1 1 1 1 -1 -1 -1 -1 -1 1 1 -1 -1 -1 1 -1 1 1 1 1 1 -1 1 -1 1 1 1 -1 1 1 -1 -1 -1 1 -1 1 1 -1 -1 -1 1 1 -1 1 -1 1 1 1 1 -1 1 
1 1 1 1 1 -1 1 1 -1 1 1 1 1 1 1 1 1 1 1 1 1 1 1 1 -1 -1 1 -1 1 1 -1 -1 1 -1 -1 -1 -1 1 -1 -1 1 -1 -1 -1 1 -1 1 1 -1 -1 1 1 -1 1 1 -1 1 1 -1 1 -1 1 -1 1 -1 1 1 1 1 1 1 1 -1 -1 1 1 1 1 -1 -1 1 1 1 1 -1 1 -1 -1 -1 1 1 -1 -1 -1 -1 -1 1 -1 -1 1 1 1 1 -1 -1 1 1 1 -1 1 1 -1 -1 -1 1 -1 -1 1 -1 1 1 1 -1 -1 -1 -1 -1 1 
1 1 1 1 -1 -1 1 -1 1 1 -1 -1 1 1 1 1 -1 -1 1 1 -1 1 -1 -1 1 -1 -1 1 -1 -1 -1 1 -1 1 -1 1 1 1 -1 1 -1 1 1 1 -1 1 1 -1 -1 1 -1 1 -1 1 1 -1 -1 1 -1 1 -1 -1 -1 -1 -1 1 -1 -1 1 -1 -1 -1 1 -1 -1 1 -1 1 1 1 -1 1 1 1 -1 -1 -1 1 -1 1 -1 -1 1 1 -1 -1 1 1 -1 1 1 1 -1 1 1 -1 -1 -1 1 1 1 1 1 1 1 -1 1 -1 -1 1 1 1 -1 1 -1 1 -1 1 
-1 -1 1 1 -1 -1 -1 -1 1 -1 -1 1 -1 -1 1 1 -1 -1 -1 -1 1 -1 -1 1 1 1 -1 -1 -1 1 -1 -1 1 1 -1 1 1 1 1 -1 1 1 1 -1 -1 -1 -1 1 -1 1 1 1 1 -1 1 -1 -1 -1 1 1 1 1 1 1 1 -1 -1 1 -1 -1 -1 -1 -1 -1 -1 1 1 -1 1 1 -1 -1 -1 -1 1 -1 -1 -1 1 -1 1 -1 -1 1 1 1 1 1 -1 -1 1 -1 -1 -1 -1 1 1 -1 -1 -1 1 -1 -1 -1 -1 1 -1 -1 1 -1 -1 1 -1 1 1 1 -1 -1 
1 1 -1 -1 -1 -1 -1 -1 1 -1 1 1 1 -1 1 -1 -1 -1 1 -1 1 -1 1 1 -1 1 1 -1 1 -1 1 -1 -1 -1 -1 -1 1 1 -1 1 1 1 1 -1 -1 1 -1 1 1 -1 1 1 -1 1 1 1 1 -1 1 -1 1 1 1 1 -1 -1 -1 1 -1 1 1 1 1 1 1 -1 1 1 1 1 -1 -1 -1 -1 1 -1 -1 1 -1 -1 -1 1 -1 -1 -1 -1 1 1 1 -1 1 -1 1 -1 1 1 1 -1 1 1 -1 1 1 1 1 1 1 -1 -1 -1 1 -1 -1 1 -1 -1 -1 -1 
-1 1 1 -1 1 -1 1 -1 1 -1 1 -1 -1 1 -1 1 1 1 1 -1 1 -1 1 1 1 1 -1 1 -1 1 1 1 1 1 -1 -1 1 1 -1 -1 1 1 -1 -1 -1 1 1 1 1 -1 1 1 1 -1 -1 1 1 -1 -1 -1 -1 -1 -1 -1 -1 1 1 1 1 -1 1 -1 1 -1 1 -1 1 1 1 1 1 -1 -1 -1 1 1 -1 -1 -1 1 1 -1 -1 1 1 -1 1 -1 1 1 1 -1 1 -1 -1 1 1 -1 1 -1 1 1 1 1 1 -1 -1 -1 1 -1 -1 -1 -1 -1 -1 1 -1 1 
1 -1 1 1 1 -1 -1 -1 1 -1 -1 -1 -1 1 1 -1 -1 -1 1 -1 -1 -1 -1 -1 1 1 -1 -1 1 1 1 1 -1 1 -1 -1 -1 -1 1 1 -1 -1 1 -1 -1 1 -1 1 -1 1 -1 1 1 1 1 1 -1 -1 1 1 -1 -1 1 -1 1 -1 1 1 1 1 1 -1 -1 1 1 1 -1 -1 -1 1 -1 1 -1 -1 -1 -1 -1 1 -1 1 1 1 1 -1 -1 -1 1 1 -1 -1 -1 -1 1 -1 1 1 1 1 1 1 -1 1 -1 1 1 1 1 -1 1 -1 1 1 1 1 -1 -1 -1 -1 
1 -1 -1 -1 -1 -1 -1 -1 -1 -1 1 -1 -1 1 -1 1 1 1 -1 1 1 -1 1 1 1 1 1 1 -1 1 1 1 -1 -1 -1 -1 -1 -1 1 1 -1 -1 1 1 1 -1 1 -1 -1 -1 1 -1 1 -1 1 1 -1 -1 1 1 -1 1 -1 -1 1 -1 1 -1 -1 1 1 -1 -1 1 -1 1 1 -1 -1 -1 1 -1 -1 -1 -1 -1 -1 -1 -1 -1 1 1 1 -1 1 1 -1 1 -1 1 1 1 -1 -1 1 1 -1 -1 -1 1 1 1 -1 -1 1 -1 -1 -1 -1 1 1 1 -1 -1 -1 1 -1 1 
1 -1 -1 1 1 1 1 -1 1 1 -1 -1 -1 -1 1 -1 1 1 1 1 -1 -1 1 -1 1 -1 -1 -1 1 -1 -1 -1 1 -1 -1 -1 -1 1 1 1 1 1 -1 -1 -1 1 1 1 1 -1 1 1 1 1 -1 1 1 -1 1 -1 1 1 1 -1 1 1 1 1 1 -1 -1 -1 1 -1 -1 1 1 -1 -1 -1 -1 -1 -1 1 1 1 1 -1 -1 -1 1 1 1 -1 1 1 -1 1 -1 1 1 -1 1 1 1 1 1 1 -1 -1 1 -1 -1 1 -1 1 -1 -1 -1 -1 -1 1 1 -1 1 1 -1 -1 
1 -1 1 1 1 1 1 -1 1 -1 -1 -1 1 -1 -1 -1 1 1 1 1 -1 1 -1 1 -1 -1 1 -1 -1 -1 1 1 -1 1 -1 1 -1 -1 -1 1 1 -1 -1 -1 1 1 -1 1 1 -1 -1 -1 -1 -1 -1 -1 -1 1 1 1 1 -1 -1 -1 1 -1 1 -1 1 -1 -1 -1 -1 1 -1 1 1 -1 -1 -1 -1 -1 1 -1 1 -1 -1 -1 1 1 -1 1 1 -1 -1 -1 -1 -1 -1 1 1 -1 1 1 -1 1 -1 1 1 -1 -1 -1 1 -1 1 1 1 -1 1 -1 -1 1 -1 -1 1 -1 1 -1 
1 1 1 -1 1 1 1 -1 1 1 1 -1 -1 -1 1 -1 1 1 -1 -1 1 1 -1 1 1 1 -1 1 -1 1 1 1 1 -1 1 -1 1 1 -1 -1 -1 1 1 -1 -1 1 1 1 -1 -1 -1 -1 -1 1 -1 1 -1 1 -1 -1 -1 -1 -1 1 -1 1 -1 1 1 -1 -1 1 -1 -1 -1 -1 -1 1 1 1 -1 -1 1 1 1 -1 1 -1 -1 -1 1 1 1 -1 -1 1 1 -1 1 1 1 -1 1 -1 1 -1 -1 1 -1 1 -1 -1 1 -1 -1 1 1 1 1 -1 1 -1 1 -1 -1 1 1 -1 
-1 -1 -1 -1 -1 1 1 1 -1 1 1 1 -1 -1 1 1 1 1 -1 -1 1 -1 -1 1 -1 1 1 1 -1 -1 1 -1 -1 1 1 -1 -1 1 1 1 1 1 -1 -1 1 1 1 1 -1 1 1 1 1 -1 -1 -1 -1 -1 1 -1 1 1 1 1 -1 1 1 1 -1 1 -1 1 -1 1 -1 1 -1 -1 -1 1 -1 -1 1 -1 -1 -1 -1 1 -1 -1 1 -1 1 1 -1 -1 -1 1 -1 -1 -1 -1 -1 -1 1 1 1 1 -1 1 -1 1 1 -1 -1 1 1 1 1 1 -1 1 -1 -1 -1 1 -1 -1 
-1 -1 1 1 1 1 -1 -1 -1 -1 1 -1 1 1 -1 -1 -1 1 -1 1 -1 -1 -1 1 -1 -1 -1 1 -1 -1 1 1 -1 1 -1 -1 1 -1 1 -1 -1 -1 -1 -1 1 1 -1 1 1 -1 1 -1 -1 1 1 -1 -1 1 -1 -1 1 -1 -1 1 1 -1 -1 1 1 -1 -1 -1 -1 1 1 -1 -1 -1 -1 -1 -1 -1 1 -1 1 -1 1 -1 -1 1 -1 1 1 -1 -1 1 1 -1 1 1 1 -1 1 1 1 1 1 1 -1 -1 1 1 1 1 -1 -1 1 -1 -1 1 1 -1 1 -1 1 1 1 -1 
-1 -1 1 1 -1 1 1 -1 1 1 1 1 1 -1 1 1 -1 -1 1 1 -1 1 -1 1 -1 1 -1 -1 -1 1 1 -1 1 -1 -1 -1 1 -1 -1 -1 1 -1 -1 -1 -1 1 -1 1 -1 -1 -1 1 1 1 1 1 1 -1 -1 1 -1 1 -1 -1 -1 1 -1 1 1 -1 -1 -1 1 1 1 -1 1 -1 1 -1 1 -1 -1 -1 -1 1 -1 -1 -1 -1 -1 1 1 -1 1 1 1 1 1 1 -1 -1 -1 1 1 1 1 -1 -1 -1 1 1 -1 -1 -1 1 1 -1 1 1 -1 1 1 1 1 -1 -1 1 
1 1 -1 1 1 -1 1 -1 -1 -1 -1 1 -1 1 -1 1 1 1 1 1 1 1 -1 1 -1 -1 1 1 1 -1 -1 -1 -1 1 -1 1 -1 -1 1 -1 -1 -1 1 1 1 -1 -1 -1 -1 -1 1 -1 -1 -1 1 1 -1 1 -1 -1 1 -1 -1 -1 1 1 1 -1 -1 -1 1 -1 -1 1 -1 -1 -1 1 -1 -1 -1 -1 -1 1 -1 -1 -1 -1 1 1 -1 -1 -1 -1 -1 1 1 -1 -1 -1 1 -1 -1 1 -1 -1 -1 -1 -1 1 -1 -1 -1 -1 1 -1 1 1 1 -1 -1 1 1 1 -1 1 -1 1 
-1 1 1 1 -1 -1 1 -1 -1 -1 1 -1 -1 1 -1 -1 -1 1 1 1 -1 -1 1 1 1 -1 -1 -1 1 -1 1 1 1 -1 1 1 -1 -1 -1 -1 1 1 -1 1 -1 1 -1 -1 1 -1 1 1 1 1 -1 -1 1 -1 1 1 1 -1 1 -1 -1 1 1 -1 1 -1 1 -1 -1 -1 -1 1 1 -1 -1 1 1 -1 -1 1 -1 -1 1 -1 1 1 1 1 -1 1 1 -1 1 1 -1 1 1 1 1 1 -1 1 1 -1 1 1 -1 -1 -1 1 1 1 1 1 -1 1 -1 1 -1 -1 -1 -1 -1 -1 
-1 1 -1 1 -1 1 -1 -1 -1 -1 1 -1 -1 1 -1 -1 1 1 -1 -1 -1 1 -1 -1 -1 -1 -1 1 1 -1 -1 -1 -1 -1 1 1 -1 1 -1 1 1 -1 1 1 -1 -1 1 -1 -1 1 1 1 1 -1 1 -1 1 1 -1 -1 1 1 -1 -1 -1 -1 1 1 -1 1 -1 1 1 -1 -1 1 -1 1 -1 1 1 1 1 -1 1 1 -1 -1 -1 1 1 -1 1 -1 1 -1 -1 1 1 1 -1 1 -1 -1 1 -1 -1 1 -1 -1 -1 -1 1 1 -1 -1 1 1 -1 1 -1 -1 -1 -1 -1 -1 -1 -1 
-1 -1 1 1 -1 1 1 1 -1 1 -1 1 -1 -1 1 -1 1 -1 -1 1 1 1 -1 -1 1 -1 1 1 -1 -1 -1 -1 -1 1 -1 1 -1 -1 -1 1 1 1 1 1 -1 -1 -1 1 -1 -1 1 1 -1 -1 -1 1 1 1 1 -1 -1 -1 1 1 -1 -1 1 -1 -1 -1 1 -1 1 -1 1 -1 -1 -1 1 -1 1 1 1 1 1 -1 1 1 -1 1 -1 -1 1 -1 -1 1 1 -1 1 -1 1 1 -1 -1 -1 1 -1 -1 1 1 1 1 -1 -1 1 -1 -1 1 -1 -1 -1 1 -1 -1 -1 -1 1 -1 
1 1 1 -1 1 1 1 1 -1 1 -1 -1 1 -1 -1 1 1 -1 -1 1 1 -1 1 -1 -1 1 -1 1 -1 -1 1 1 -1 -1 1 1 -1 1 -1 -1 -1 1 1 -1 -1 -1 1 1 1 1 -1 -1 -1 -1 1 1 1 -1 -1 -1 -1 -1 -1 -1 1 -1 1 1 -1 1 -1 1 -1 -1 -1 -1 1 -1 -1 -1 1 1 1 1 1 1 1 1 -1 -1 1 1 1 1 1 -1 -1 1 1 -1 -1 1 -1 1 -1 1 -1 -1 1 -1 1 -1 1 1 -1 -1 1 1 1 -1 -1 1 -1 -1 1 1 1 -1 
1 1 -1 -1 1 -1 -1 -1 -1 1 -1 1 1 1 1 -1 1 -1 -1 1 -1 1 -1 1 1 -1 1 -1 1 1 -1 -1 -1 -1 1 1 -1 1 1 1 -1 -1 -1 1 1 -1 -1 1 1 -1 1 1 -1 -1 -1 -1 1 -1 1 -1 1 1 -1 -1 -1 1 -1 -1 1 -1 -1 -1 -1 1 1 -1 1 1 -1 1 -1 -1 -1 -1 -1 1 -1 -1 -1 1 -1 -1 1 -1 -1 -1 1 1 -1 -1 1 -1 1 1 1 -1 1 -1 1 1 -1 -1 1 1 -1 -1 1 -1 -1 1 -1 -1 -1 -1 -1 -1 -1 1 
-1 -1 -1 -1 1 1 -1 1 1 -1 1 -1 1 -1 -1 -1 -1 -1 -1 1 -1 1 1 -1 -1 1 -1 -1 -1 -1 -1 -1 1 1 1 -1 -1 1 -1 -1 -1 1 -1 1 -1 -1 -1 1 -1 -1 1 -1 -1 -1 1 1 -1 -1 1 -1 1 -1 1 -1 -1 -1 1 -1 -1 -1 -1 1 -1 1 1 -1 -1 1 -1 1 -1 1 1 -1 -1 -1 -1 1 -1 1 1 -1 1 -1 -1 -1 1 1 -1 1 -1 1 -1 1 1 1 1 -1 1 -1 1 -1 1 1 1 -1 -1 -1 1 1 1 -1 -1 1 -1 -1 -1 -1 
-1 -1 1 1 1 -1 -1 -1 1 -1 1 -1 -1 -1 -1 1 -1 1 1 1 -1 1 1 1 1 -1 -1 1 1 1 -1 1 1 1 1 1 -1 1 1 1 -1 -1 -1 1 1 -1 -1 -1 1 -1 -1 -1 1 1 1 -1 -1 -1 1 1 -1 -1 1 -1 1 -1 1 1 -1 -1 1 -1 -1 -1 1 -1 -1 1 -1 -1 -1 1 1 -1 1 -1 1 1 1 -1 -1 1 -1 -1 -1 -1 1 -1 1 1 1 1 -1 1 -1 -1 -1 -1 -1 1 1 1 -1 -1 -1 -1 -1 1 -1 -1 -1 -1 1 1 1 1 1 1 
-1 -1 -1 -1 -1 1 1 -1 1 1 1 -1 -1 1 -1 1 1 -1 1 1 1 -1 1 -1 1 1 1 1 -1 -1 -1 -1 1 1 1 -1 -1 -1 1 1 1 -1 1 1 1 1 1 -1 -1 -1 -1 1 1 1 1 1 -1 -1 1 -1 -1 1 1 1 -1 -1 1 -1 1 -1 -1 1 -1 1 1 1 1 1 1 1 1 -1 -1 -1 1 -1 1 1 1 1 -1 1 -1 1 1 1 1 -1 1 -1 1 1 1 -1 1 -1 -1 -1 1 1 -1 -1 -1 -1 -1 -1 1 -1 -1 1 1 -1 -1 -1 -1 -1 1 -1 
1 -1 -1 -1 1 -1 1 -1 -1 1 1 1 -1 -1 -1 -1 -1 1 -1 1 -1 -1 1 1 -1 1 1 -1 1 -1 1 -1 1 -1 -1 -1 1 1 1 1 1 -1 -1 -1 1 -1 -1 -1 -1 1 1 1 -1 1 1 1 1 1 -1 -1 -1 1 1 1 -1 -1 -1 -1 -1 1 -1 1 -1 1 1 -1 1 1 1 -1 1 1 1 -1 -1 1 -1 1 -1 1 1 -1 1 1 1 -1 -1 -1 -1 1 -1 -1 -1 -1 -1 1 -1 -1 1 -1 1 -1 1 -1 1 -1 1 -1 -1 -1 -1 -1 1 -1 1 1 1 1 
1 -1 1 -1 -1 -1 -1 1 -1 1 -1 -1 1 -1 -1 1 1 1 1 1 -1 -1 -1 -1 1 -1 -1 1 -1 -1 1 1 1 1 -1 -1 -1 -1 -1 1 1 1 -1 1 -1 -1 -1 1 -1 -1 1 1 -1 1 1 -1 -1 -1 -1 1 1 1 -1 -1 -1 -1 1 1 1 1 -1 -1 1 -1 -1 -1 -1 -1 1 1 -1 -1 -1 -1 1 -1 1 1 -1 -1 1 1 1 -1 -1 1 1 -1 1 -1 -1 -1 -1 1 1 -1 -1 1 -1 1 1 1 -1 1 -1 1 1 1 1 1 1 -1 -1 1 1 1 -1 1 
1 1 -1 1 1 1 1 -1 1 1 -1 -1 -1 1 -1 -1 1 1 1 -1 -1 1 -1 -1 1 1 1 -1 1 -1 -1 1 1 1 1 1 -1 -1 1 1 -1 -1 -1 -1 1 -1 -1 1 -1 -1 -1 -1 1 1 1 -1 -1 -1 1 1 -1 1 1 -1 1 -1 1 -1 -1 -1 1 1 1 1 1 1 1 -1 -1 1 -1 1 1 1 1 -1 1 1 -1 1 1 -1 -1 -1 1 1 -1 1 -1 1 1 1 -1 -1 -1 -1 -1 -1 -1 -1 -1 -1 -1 1 1 1 -1 -1 -1 1 1 1 1 1 1 1 -1 1 
-1 -1 -1 -1 1 -1 -1 1 1 -1 -1 1 -1 1 1 -1 -1 1 -1 -1 -1 -1 -1 1 1 1 -1 -1 -1 1 1 -1 1 -1 1 1 1 -1 1 -1 -1 1 1 -1 1 1 1 1 1 1 -1 1 -1 -1 1 -1 1 -1 -1 -1 1 1 1 -1 1 1 1 -1 1 1 1 1 1 1 -1 1 1 1 1 1 -1 1 1 1 1 -1 1 -1 1 1 -1 1 -1 1 -1 1 1 -1 -1 1 1 1 1 -1 1 1 1 -1 -1 1 -1 1 1 1 1 -1 1 1 1 1 -1 -1 -1 1 1 1 1 -1 
-1 1 -1 -1 1 1 1 1 -1 -1 -1 -1 1 -1 -1 1 -1 1 1 -1 1 1 -1 -1 1 -1 -1 1 -1 1 -1 -1 1 -1 1 -1 -1 1 -1 -1 -1 1 1 1 -1 -1 1 1 -1 1 1 -1 1 -1 -1 -1 -1 1 -1 -1 -1 -1 -1 -1 1 -1 1 1 -1 -1 1 1 -1 1 1 1 1 -1 -1 -1 -1 1 -1 -1 -1 -1 -1 -1 -1 1 1 1 1 -1 1 1 1 -1 -1 1 1 1 -1 1 1 -1 -1 -1 -1 -1 1 -1 1 1 1 -1 -1 1 1 1 -1 -1 -1 -1 1 1 -1 -1 
-1 -1 1 1 -1 -1 1 1 -1 1 1 -1 -1 1 -1 1 -1 1 -1 -1 1 1 1 -1 -1 -1 1 1 -1 1 1 1 -1 -1 -1 1 1 1 1 -1 -1 1 -1 1 -1 1 -1 -1 1 -1 -1 -1 1 -1 -1 1 -1 1 1 1 -1 -1 -1 1 -1 -1 -1 1 -1 1 1 1 -1 -1 1 1 -1 -1 1 1 1 -1 1 1 1 -1 1 -1 -1 1 -1 -1 -1 1 -1 -1 1 -1 -1 -1 1 -1 1 1 -1 1 1 -1 1 1 1 -1 1 1 -1 -1 1 -1 -1 1 -1 -1 -1 1 1 1 1 1 
1 -1 -1 -1 1 -1 1 -1 1 1 -1 -1 1 -1 1 1 -1 1 1 -1 1 1 1 -1 -1 1 1 -1 -1 -1 1 -1 1 1 1 -1 1 1 1 1 -1 -1 1 1 1 -1 -1 1 1 1 1 -1 1 1 -1 -1 1 1 1 -1 1 1 -1 1 -1 1 1 -1 1 1 1 -1 -1 -1 1 -1 1 -1 -1 -1 -1 -1 1 1 -1 -1 1 1 1 1 -1 -1 1 1 1 1 -1 -1 1 -1 -1 1 1 1 1 -1 1 -1 -1 -1 1 -1 -1 1 -1 1 1 -1 1 -1 -1 -1 -1 -1 1 -1 -1 -1 
1 -1 -1 -1 -1 1 -1 1 -1 -1 1 1 1 1 1 -1 -1 1 1 -1 1 1 1 -1 -1 1 1 1 -1 -1 -1 -1 -1 1 -1 1 -1 1 -1 1 1 -1 -1 1 -1 -1 -1 1 -1 1 1 -1 1 1 -1 1 -1 1 -1 -1 -1 -1 -1 -1 -1 1 1 -1 -1 -1 1 -1 1 -1 -1 -1 1 -1 1 -1 1 1 1 -1 1 1 1 1 -1 -1 1 -1 -1 1 1 -1 1 -1 1 -1 1 1 -1 1 1 1 -1 -1 -1 1 -1 1 -1 1 1 -1 -1 -1 1 1 -1 1 -1 -1 -1 1 1 -1 
1 -1 1 -1 1 1 -1 -1 -1 1 1 -1 1 -1 -1 1 -1 1 -1 1 -1 -1 1 1 1 -1 -1 1 -1 -1 -1 1 -1 -1 1 1 -1 1 -1 -1 1 -1 1 -1 -1 1 1 -1 1 -1 1 -1 -1 -1 1 1 -1 -1 1 1 1 1 1 1 1 -1 -1 1 1 1 1 -1 -1 -1 1 1 -1 1 1 1 1 1 1 1 -1 1 1 1 -1 1 -1 1 1 -1 1 -1 -1 1 -1 -1 1 -1 1 -1 1 -1 1 1 -1 1 1 -1 1 1 1 -1 -1 1 -1 -1 1 1 1 1 -1 -1 1 -1 
1 -1 -1 -1 -1 -1 1 -1 1 1 -1 -1 -1 1 -1 -1 -1 -1 -1 -1 1 1 1 -1 1 1 -1 -1 1 1 -1 -1 1 -1 -1 1 1 -1 -1 1 -1 1 1 -1 -1 1 -1 1 1 1 1 -1 1 -1 -1 1 -1 1 1 -1 -1 1 -1 1 -1 1 -1 1 1 -1 -1 -1 1 -1 1 1 -1 1 1 1 1 -1 1 -1 -1 1 1 1 -1 1 -1 -1 -1 1 1 -1 -1 -1 -1 -1 1 -1 1 1 -1 1 1 1 -1 1 -1 -1 1 -1 1 1 1 -1 -1 -1 -1 1 1 -1 -1 1 1 1 
1 1 -1 1 -1 1 1 1 -1 1 1 -1 1 1 -1 1 1 1 1 1 1 1 1 1 -1 1 1 1 -1 -1 1 1 1 -1 -1 -1 -1 -1 1 1 -1 1 -1 -1 -1 1 1 1 -1 -1 -1 1 -1 1 1 1 -1 1 -1 1 -1 1 1 1 -1 1 -1 1 1 1 -1 1 -1 -1 -1 1 -1 -1 -1 -1 1 -1 1 1 1 1 1 -1 -1 -1 1 -1 -1 -1 -1 -1 -1 -1 1 -1 -1 -1 -1 -1 -1 1 1 1 1 1 -1 -1 1 1 -1 1 1 -1 -1 -1 1 -1 1 1 -1 -1 1 -1 
1 1 1 -1 1 -1 1 1 1 1 -1 -1 -1 -1 1 1 -1 -1 -1 1 -1 1 1 -1 -1 1 -1 1 1 -1 -1 1 -1 -1 -1 -1 -1 1 -1 1 -1 1 -1 -1 -1 1 -1 -1 1 1 -1 1 -1 1 1 -1 -1 -1 1 -1 -1 1 -1 1 -1 1 -1 1 -1 1 -1 -1 -1 -1 -1 -1 1 -1 1 1 1 -1 -1 1 -1 -1 -1 -1 -1 1 -1 1 1 1 1 -1 1 1 -1 -1 -1 -1 1 -1 -1 -1 -1 1 1 1 -1 -1 1 -1 -1 -1 1 1 1 1 -1 1 1 -1 1 -1 1 1 
1 -1 -1 1 1 -1 -1 -1 1 1 -1 -1 1 -1 1 1 -1 -1 -1 1 -1 1 -1 1 -1 -1 1 1 -1 -1 1 1 1 1 1 1 -1 -1 -1 1 1 -1 1 1 -1 -1 -1 1 -1 -1 -1 1 1 1 1 -1 -1 1 1 1 1 -1 1 1 -1 -1 1 1 -1 1 1 1 1 1 -1 1 1 -1 1 -1 1 1 -1 -1 1 1 -1 -1 1 1 -1 1 -1 1 -1 1 1 -1 1 -1 1 -1 1 -1 1 1 1 1 1 -1 1 -1 1 1 1 -1 -1 1 1 -1 1 1 -1 1 1 -1 1 1 
1 -1 1 -1 1 1 -1 -1 1 1 -1 1 1 -1 -1 1 -1 1 1 1 1 1 1 -1 1 -1 1 -1 -1 -1 -1 -1 1 1 1 1 1 1 1 -1 -1 -1 1 1 1 1 -1 -1 1 1 1 1 -1 1 -1 -1 1 -1 -1 1 1 1 -1 -1 1 1 1 1 -1 -1 1 -1 -1 1 1 1 1 1 -1 1 -1 1 1 -1 -1 -1 1 1 -1 -1 -1 1 1 -1 1 1 -1 1 1 -1 -1 1 1 1 -1 1 -1 -1 -1 1 1 1 1 -1 -1 1 -1 -1 1 1 1 -1 1 -1 1 1 -1 1 
1 1 1 1 -1 1 1 -1 1 1 -1 1 1 1 -1 1 -1 1 1 -1 -1 -1 -1 1 -1 -1 -1 1 -1 -1 -1 -1 -1 1 -1 1 1 1 1 1 1 -1 -1 -1 1 -1 -1 -1 -1 -1 1 -1 -1 1 -1 -1 -1 1 1 -1 -1 -1 1 -1 -1 -1 1 -1 1 -1 -1 -1 1 1 -1 -1 1 -1 1 1 1 1 -1 -1 -1 1 1 1 -1 -1 -1 1 -1 -1 -1 1 -1 -1 1 -1 1 -1 -1 -1 1 -1 -1 -1 -1 -1 1 1 1 -1 1 1 -1 1 -1 -1 1 1 1 -1 -1 -1 -1 1 
1 1 -1 -1 1 1 1 1 1 1 1 -1 -1 1 1 -1 1 -1 -1 -1 1 -1 1 -1 -1 -1 1 -1 -1 -1 1 1 -1 1 -1 1 -1 1 -1 -1 -1 -1 1 -1 -1 1 -1 -1 -1 1 1 -1 1 -1 -1 1 -1 -1 -1 1 -1 -1 1 1 -1 1 -1 1 -1 1 1 -1 -1 -1 1 -1 1 -1 1 1 -1 -1 -1 1 1 1 1 -1 -1 -1 1 -1 1 1 1 -1 -1 1 -1 -1 1 1 1 -1 -1 1 1 1 1 1 1 1 1 -1 -1 -1 -1 1 -1 1 1 -1 -1 -1 -1 -1 1 -1 
-1 -1 -1 -1 -1 1 -1 -1 -1 1 -1 -1 1 -1 1 1 1 1 -1 -1 -1 1 1 -1 1 1 1 -1 1 -1 -1 -1 -1 -1 1 -1 -1 -1 1 -1 -1 -1 -1 -1 1 -1 -1 -1 -1 -1 -1 1 1 1 1 1 1 1 -1 1 -1 1 -1 -1 1 1 -1 -1 -1 1 -1 1 -1 -1 1 -1 1 -1 1 1 1 -1 1 -1 -1 -1 1 -1 -1 1 1 -1 1 1 1 -1 -1 -1 1 1 1 1 1 1 1 1 -1 1 -1 1 -1 -1 -1 -1 1 1 1 -1 1 -1 1 -1 -1 1 1 1 1 1 
1 -1 1 1 1 1 -1 1 1 1 1 1 -1 1 1 1 -1 -1 -1 1 -1 -1 1 1 -1 1 1 -1 1 1 1 1 1 -1 1 1 1 1 1 1 1 1 1 1 -1 1 -1 1 -1 -1 1 -1 1 1 1 1 -1 -1 -1 1 -1 1 1 1 1 1 1 1 1 -1 -1 -1 1 -1 -1 1 1 -1 1 1 1 1 -1 1 -1 -1 -1 -1 1 1 -1 1 -1 -1 1 -1 -1 1 -1 1 1 1 -1 -1 1 1 1 -1 -1 1 -1 1 -1 1 1 1 -1 -1 -1 -1 -1 1 -1 1 -1 -1 -1 -1 
1 -1 1 1 1 1 -1 -1 1 -1 -1 1 1 -1 -1 -1 1 1 -1 1 1 -1 -1 1 -1 -1 1 -1 -1 -1 1 -1 -1 -1 1 1 1 1 1 1 -1 -1 -1 -1 1 1 -1 1 1 1 1 -1 -1 1 -1 1 -1 1 1 1 -1 1 1 -1 -1 1 -1 1 -1 1 1 -1 1 1 -1 -1 -1 1 1 -1 1 -1 1 1 1 1 -1 1 -1 1 -1 -1 -1 -1 -1 -1 -1 -1 1 1 -1 -1 -1 1 -1 -1 1 1 -1 -1 1 1 -1 1 1 1 1 -1 -1 1 1 -1 1 -1 1 1 -1 1 
-1 1 -1 -1 -1 -1 -1 1 1 -1 -1 -1 -1 1 -1 1 -1 1 1 1 -1 1 -1 1 -1 -1 1 -1 1 -1 1 1 1 -1 -1 -1 -1 -1 -1 -1 1 -1 -1 1 -1 -1 1 1 -1 1 -1 1 -1 1 -1 1 -1 1 1 1 -1 1 1 -1 -1 1 -1 1 -1 1 1 1 -1 1 -1 -1 1 -1 1 -1 1 -1 -1 1 1 1 1 1 1 1 1 -1 1 1 -1 -1 1 1 1 -1 1 -1 1 1 -1 -1 1 1 1 -1 -1 -1 -1 1 -1 1 -1 -1 1 -1 -1 -1 1 -1 1 -1 1 -1 
-1 1 -1 -1 1 -1 1 1 -1 1 -1 -1 1 -1 1 -1 1 -1 1 1 -1 1 1 1 1 1 1 -1 -1 -1 1 -1 1 -1 -1 1 1 -1 1 -1 1 1 -1 -1 -1 1 -1 1 1 1 1 -1 1 1 -1 1 -1 1 -1 1 1 1 -1 1 1 -1 1 1 1 1 -1 1 -1 1 1 1 -1 -1 -1 -1 -1 -1 -1 -1 1 1 -1 -1 1 1 1 1 1 -1 -1 1 -1 -1 1 -1 1 1 -1 -1 -1 1 -1 -1 1 1 -1 1 1 -1 -1 -1 -1 -1 1 1 1 1 -1 1 -1 -1 1 1 
1 -1 -1 -1 1 1 1 1 -1 1 1 -1 1 1 1 -1 1 -1 -1 1 -1 1 1 -1 -1 -1 1 -1 -1 1 1 -1 -1 -1 1 -1 -1 -1 1 1 -1 -1 1 1 -1 1 -1 1 -1 1 -1 1 1 1 1 -1 -1 -1 -1 1 -1 1 1 -1 1 -1 -1 -1 -1 -1 -1 1 -1 -1 1 -1 -1 1 -1 1 1 -1 -1 1 1 1 -1 1 1 -1 -1 -1 1 -1 1 -1 -1 -1 1 -1 1 1 -1 1 1 -1 -1 -1 1 1 1 -1 -1 1 -1 -1 1 1 1 -1 1 1 -1 1 -1 -1 1 -1 
1 1 1 1 1 1 -1 1 -1 -1 1 1 1 -1 1 1 1 -1 1 1 -1 1 -1 1 -1 1 1 1 -1 1 1 -1 -1 -1 -1 1 1 -1 1 -1 -1 -1 1 1 1 -1 -1 1 -1 1 1 1 1 1 1 1 1 -1 1 1 -1 -1 -1 -1 -1 1 -1 1 -1 1 -1 -1 -1 1 -1 1 1 -1 -1 -1 -1 1 -1 -1 -1 1 1 1 -1 1 1 -1 -1 1 1 -1 1 -1 1 1 1 1 1 -1 1 -1 -1 -1 1 -1 1 -1 1 -1 -1 1 -1 1 -1 -1 -1 1 -1 -1 1 -1 -1 -1 
1 1 -1 1 1 -1 1 -1 -1 1 1 1 -1 -1 1 -1 -1 1 1 1 1 1 1 -1 -1 1 1 -1 1 -1 1 -1 -1 1 -1 1 -1 -1 -1 1 1 1 -1 -1 1 -1 -1 1 1 1 1 1 -1 1 -1 -1 -1 -1 1 -1 -1 -1 -1 1 1 -1 -1 1 1 1 1 1 -1 1 1 1 1 -1 1 -1 1 1 -1 -1 1 -1 1 -1 -1 -1 -1 -1 -1 -1 1 -1 1 -1 1 1 -1 -1 -1 -1 -1 1 -1 1 -1 1 1 1 1 1 -1 1 -1 1 1 -1 -1 1 -1 1 -1 -1 -1 -1 
1 -1 -1 -1 1 1 -1 1 1 1 1 -1 -1 1 1 -1 1 1 -1 -1 1 -1 -1 -1 1 -1 1 -1 -1 -1 -1 -1 1 -1 1 1 -1 1 -1 -1 -1 -1 1 -1 -1 1 -1 -1 -1 1 1 1 -1 -1 1 -1 1 1 1 -1 1 1 1 1 -1 -1 -1 1 -1 -1 -1 -1 1 1 -1 1 1 1 -1 -1 1 1 1 1 -1 1 -1 1 1 1 -1 1 1 -1 -1 -1 -1 -1 -1 1 -1 -1 -1 -1 1 1 1 -1 1 1 -1 1 -1 -1 1 -1 -1 1 1 1 1 -1 1 -1 -1 1 1 1 
1 -1 1 -1 1 1 -1 -1 1 -1 1 1 1 -1 1 -1 -1 1 -1 1 -1 -1 -1 -1 -1 1 -1 1 -1 1 -1 -1 -1 1 -1 -1 1 -1 -1 1 -1 -1 1 1 -1 1 1 1 -1 -1 1 1 -1 1 -1 -1 1 -1 1 1 -1 -1 1 1 1 -1 -1 -1 -1 1 -1 1 1 -1 1 -1 -1 -1 -1 -1 1 -1 1 -1 1 -1 1 1 1 -1 -1 -1 -1 -1 -1 1 -1 1 -1 1 -1 -1 -1 -1 -1 1 1 1 1 -1 1 1 -1 -1 -1 1 1 -1 -1 -1 -1 1 -1 -1 -1 -1 -1 1 
1 1 -1 1 -1 -1 -1 1 -1 -1 -1 1 -1 -1 1 1 1 1 -1 -1 1 1 1 1 1 1 -1 -1 -1 -1 -1 -1 -1 1 -1 1 -1 -1 -1 -1 1 1 1 -1 1 1 -1 -1 -1 1 -1 -1 1 1 -1 1 -1 1 -1 1 1 1 1 -1 -1 -1 -1 1 1 1 -1 1 1 -1 1 -1 1 1 1 -1 1 -1 -1 -1 -1 -1 -1 1 1 -1 -1 -1 -1 -1 1 1 -1 -1 1 1 1 -1 1 -1 -1 1 -1 1 -1 1 -1 -1 -1 1 1 -1 -1 1 1 -1 1 -1 -1 1 1 1 -1 -1 
1 1 -1 -1 1 1 -1 1 1 1 1 -1 1 -1 1 1 1 -1 -1 1 -1 -1 1 1 -1 1 1 1 1 -1 -1 1 1 -1 1 -1 -1 -1 1 1 1 1 -1 -1 -1 1 1 -1 -1 -1 -1 -1 -1 1 1 1 -1 1 1 1 1 1 1 1 1 -1 1 -1 1 1 -1 -1 -1 1 1 -1 -1 1 -1 -1 -1 -1 1 1 -1 -1 1 1 -1 -1 -1 -1 1 -1 -1 1 -1 1 1 1 1 1 1 1 -1 -1 -1 -1 1 1 1 -1 -1 1 -1 1 1 -1 -1 1 -1 -1 -1 1 1 -1 -1 -1 
1 -1 -1 -1 -1 -1 1 1 1 1 1 -1 -1 1 1 -1 -1 1 -1 -1 1 -1 -1 -1 1 -1 -1 1 1 -1 -1 1 1 1 1 -1 -1 -1 1 1 -1 -1 1 -1 1 1 1 -1 -1 -1 1 -1 1 1 -1 1 1 -1 1 1 1 1 1 -1 1 1 -1 -1 1 1 -1 -1 1 1 1 -1 1 1 -1 1 -1 1 1 -1 1 1 1 -1 1 -1 -1 -1 1 -1 -1 1 -1 1 1 1 1 1 1 -1 1 -1 1 -1 -1 -1 1 -1 -1 1 -1 1 -1 -1 -1 -1 -1 1 -1 1 -1 -1 -1 1 
1 1 -1 1 -1 1 1 1 1 1 1 1 -1 -1 1 -1 1 1 -1 -1 1 1 1 -1 1 1 -1 -1 1 -1 1 1 -1 -1 1 1 -1 -1 -1 -1 1 1 -1 -1 -1 -1 1 -1 -1 1 1 -1 -1 1 1 -1 1 1 -1 -1 -1 -1 -1 1 -1 -1 1 -1 1 1 -1 -1 1 1 -1 -1 -1 -1 -1 -1 -1 -1 -1 1 1 -1 1 -1 -1 -1 -1 1 1 -1 -1 1 1 1 -1 -1 1 -1 1 -1 1 1 1 1 1 1 -1 -1 1 1 -1 -1 1 1 1 -1 -1 1 -1 -1 -1 -1 -1 -1 
1 1 1 -1 1 1 1 -1 1 1 1 1 -1 -1 1 -1 1 1 1 -1 -1 -1 1 -1 -1 1 1 -1 1 1 -1 1 -1 -1 1 -1 1 -1 1 -1 -1 1 1 1 1 -1 -1 -1 -1 -1 -1 1 -1 -1 -1 1 1 1 1 -1 1 1 1 1 -1 -1 1 -1 1 1 1 1 1 1 1 1 1 -1 -1 1 -1 1 -1 -1 -1 -1 -1 1 1 -1 -1 -1 -1 1 -1 1 -1 1 1 1 -1 -1 1 -1 -1 -1 1 -1 1 1 1 1 -1 1 -1 1 -1 1 -1 -1 -1 1 1 -1 -1 1 -1 1 