16
46 65 18 21 32 88 18 39 64 35 27 67 76 69 77 38 
60 45 39 99 30 68 2 55 40 99 79 66 44 14 57 24 
77 73 69 91 18 36 82 97 42 48 4 46 36 75 63 8 
49 98 41 96 92 88 99 78 66 62 97 66 54 22 51 28 
54 38 57 53 87 57 54 60 47 61 28 62 93 9 99 42 
84 32 43 98 19 14 25 11 63 85 74 86 74 60 38 70 
12 78 47 85 64 12 52 37 13 84 74 86 95 32 3 59 
5 26 35 69 64 31 53 90 91 92 89 48 41 7 37 90 
65 13 9 87 52 82 89 73 12 47 47 42 9 44 11 57 
93 26 47 38 29 11 73 8 85 29 4 91 89 72 74 29 
38 1 83 13 41 18 36 29 43 62 10 28 21 15 58 64 
86 89 26 50 42 26 45 64 24 55 7 46 75 96 13 56 
21 24 7 31 47 48 55 50 82 86 56 68 39 85 7 14 
20 64 11 29 3 61 75 67 50 94 98 31 48 35 20 85 
20 4 23 74 11 56 62 5 93 35 19 38 91 61 45 15 
41 28 18 89 91 26 56 89 82 97 63 3 31 70 49 88 
-1 1 1 1 1 -1 -1 1 -1 -1 -1 1 -1 1 -1 -1 
1 1 1 1 -1 -1 1 1 1 -1 1 1 -1 -1 1 -1 
1 1 1 1 1 1 -1 1 1 1 -1 -1 -1 -1 1 1 
1 1 1 -1 -1 -1 1 -1 -1 -1 1 -1 -1 1 -1 -1 
1 -1 1 -1 1 1 1 -1 1 -1 -1 1 1 1 1 1 
-1 -1 1 -1 1 1 1 1 -1 -1 1 1 -1 1 1 -1 
-1 1 -1 1 1 1 -1 1 1 -1 -1 1 1 -1 1 -1 
1 1 1 -1 -1 1 1 1 1 -1 -1 1 -1 1 -1 1 
-1 1 1 -1 1 -1 1 1 -1 -1 1 -1 1 1 -1 1 
-1 -1 1 -1 -1 -1 -1 -1 -1 -1 -1 -1 -1 -1 -1 1 
-1 1 -1 1 -1 1 -1 -1 1 -1 -1 -1 1 1 -1 1 
1 1 -1 -1 1 1 1 1 -1 -1 -1 -1 1 -1 1 1 
-1 -1 -1 -1 1 -1 1 -1 1 -1 1 1 -1 -1 -1 1 
1 -1 -1 1 1 1 -1 1 1 -1 1 -1 -1 1 1 -1 
-1 1 1 -1 1 1 1 -1 -1 -1 -1 1 -1 1 -1 1 
-1 -1 1 -1 1 -1 -1 1 1 1 1 1 1 -1 1 -1 