32
72 58 83 12 39 72 12 15 66 74 14 65 15 53 64 93 25 28 69 1 83 77 100 86 36 16 64 99 26 4 57 16 
2 53 52 94 16 80 74 22 87 90 35 50 95 84 16 81 72 96 3 96 2 1 53 56 42 15 50 13 87 82 56 88 
71 80 98 65 17 18 60 94 69 29 47 67 79 34 37 1 77 57 3 11 35 91 78 38 50 22 66 24 2 66 85 23 
68 92 3 84 35 25 63 87 42 4 93 18 30 24 53 83 93 82 92 71 43 60 43 41 23 86 13 57 18 15 60 98 
9 66 85 39 28 63 69 6 65 28 22 70 4 28 34 32 41 58 68 92 85 33 20 16 61 8 13 95 21 16 86 24 
19 98 67 22 43 90 47 86 35 85 53 29 42 42 55 94 31 93 74 11 5 27 52 3 57 20 47 63 69 10 8 67 
72 21 60 24 73 5 69 97 88 6 17 34 30 79 56 43 5 76 47 57 85 45 71 88 80 55 6 42 79 53 19 45 
92 78 86 60 10 18 44 8 75 95 30 85 98 34 49 89 93 77 80 54 11 31 40 73 86 63 59 29 19 32 43 25 
97 92 53 52 30 59 39 47 40 75 19 10 77 55 84 37 67 33 66 81 15 46 4 86 5 57 11 43 91 45 11 18 
53 1 47 26 50 72 70 92 60 99 95 46 87 73 55 88 78 18 94 7 32 79 16 25 32 56 42 24 39 77 36 34 
7 54 77 2 73 12 88 75 34 45 67 86 85 17 7 67 96 86 4 47 91 89 8 69 42 57 95 34 25 27 86 32 
91 45 42 36 29 68 20 100 87 62 27 48 71 60 41 91 17 12 66 90 96 83 53 11 53 33 55 89 76 61 13 66 
69 39 71 25 90 81 65 57 5 98 36 2 6 98 22 38 45 96 67 51 69 84 23 71 87 3 89 91 40 27 49 9 
61 57 92 28 2 100 93 13 64 9 84 47 26 53 48 4 84 73 25 41 42 9 68 93 23 24 17 43 29 16 9 11 
4 75 71 32 81 26 21 7 70 55 63 17 61 15 18 42 32 16 30 73 21 79 70 46 40 40 7 22 89 58 42 10 
69 97 28 7 34 93 63 2 27 85 90 95 63 7 67 47 96 40 87 22 56 91 64 29 40 70 83 62 63 68 77 84 
87 56 1 57 65 21 51 100 52 49 35 13 38 94 4 43 76 59 70 88 19 19 43 47 41 28 65 97 26 31 64 18 
33 72 90 39 85 77 86 47 58 1 12 33 55 37 97 75 41 25 21 97 17 21 33 22 94 97 59 81 39 85 3 24 
23 20 62 75 27 81 16 96 32 84 7 61 88 31 81 37 76 88 12 41 45 29 85 50 56 7 93 67 78 85 50 32 
39 40 20 41 95 56 77 35 42 50 17 82 56 33 53 91 100 67 47 36 52 69 92 15 60 73 3 11 10 34 66 76 
14 79 30 83 32 72 6 17 7 32 16 83 30 91 55 4 56 30 24 46 83 19 94 83 29 63 6 39 97 21 88 93 
45 19 7 24 80 69 84 13 100 52 75 75 33 24 59 8 22 76 51 61 29 56 72 78 27 14 18 47 90 70 16 25 
55 4 83 21 47 96 49 39 22 7 31 30 2 39 37 59 84 88 35 5 36 18 97 51 21 2 2 20 19 92 78 21 
23 1 98 51 82 52 34 62 16 94 22 1 62 58 86 49 15 97 10 88 81 39 77 91 84 57 93 41 32 91 49 80 
78 93 67 15 38 96 96 75 93 1 41 89 51 73 53 68 4 76 63 67 3 45 98 60 37 53 92 26 51 71 49 17 
28 2 51 62 22 34 81 37 90 27 46 49 79 38 82 74 92 40 4 13 87 47 68 92 69 98 18 85 82 5 94 56 
100 1 8 100 82 26 47 46 7 19 62 38 34 22 32 89 80 35 87 19 71 93 18 94 7 5 42 6 41 2 31 40 
63 21 62 62 25 63 6 97 60 48 74 21 10 18 22 12 68 63 20 9 88 77 51 75 79 49 80 38 56 8 77 80 
57 12 98 92 69 85 76 63 9 13 46 34 41 90 96 54 24 54 97 33 54 74 35 84 8 60 55 37 72 96 51 23 
26 66 59 91 64 17 26 39 89 60 99 22 90 14 78 4 25 54 96 57 30 17 89 3 24 51 37 22 21 7 62 90 
61 48 55 11 42 22 84 50 17 42 83 98 19 70 35 78 31 78 76 77 15 89 3 32 50 50 47 64 17 33 53 42 
7 4 63 2 28 100 55 4 32 51 74 97 40 46 93 68 51 7 14 90 10 54 61 28 61 88 87 4 68 93 34 26 
1 -1 -1 -1 1 1 -1 1 1 1 -1 1 -1 -1 -1 1 -1 -1 -1 -1 -1 1 1 -1 1 -1 -1 -1 -1 1 -1 -1 
-1 -1 -1 1 -1 1 1 1 1 1 -1 -1 1 -1 1 1 1 -1 -1 -1 1 1 -1 -1 1 1 1 -1 -1 1 1 1 
-1 -1 1 1 1 -1 -1 -1 1 -1 -1 -1 1 -1 -1 -1 1 1 -1 1 1 1 -1 -1 -1 -1 1 1 1 -1 -1 -1 
-1 1 1 -1 1 1 1 -1 1 -1 1 1 1 1 -1 1 -1 -1 1 -1 -1 1 -1 -1 -1 -1 -1 -1 1 1 1 1 
1 -1 1 1 1 1 1 -1 1 -1 -1 -1 -1 1 1 1 1 -1 1 -1 1 -1 1 -1 1 1 -1 1 -1 1 1 1 
1 1 -1 1 1 1 -1 -1 -1 1 -1 1 -1 -1 -1 -1 -1 -1 1 1 -1 -1 -1 -1 -1 -1 -1 1 -1 1 -1 1 
-1 1 -1 1 1 -1 -1 -1 -1 -1 1 1 -1 1 1 -1 1 -1 1 -1 1 -1 1 -1 1 1 1 1 1 1 1 -1 
1 1 -1 -1 -1 -1 -1 -1 1 -1 -1 1 1 1 -1 -1 1 1 -1 1 -1 1 1 -1 1 -1 -1 -1 1 -1 -1 1 
1 1 1 1 1 -1 -1 1 -1 -1 -1 1 1 -1 -1 1 1 1 1 -1 1 1 1 1 1 1 1 1 1 -1 -1 1 
1 1 -1 -1 -1 1 -1 -1 -1 -1 -1 -1 1 -1 -1 1 1 -1 -1 -1 -1 -1 1 -1 -1 1 -1 1 -1 1 -1 1 
-1 -1 -1 1 -1 -1 1 -1 -1 -1 -1 1 -1 1 1 1 -1 -1 -1 1 -1 1 -1 -1 1 -1 -1 -1 1 1 1 -1 
1 -1 -1 1 -1 1 1 1 1 -1 1 1 -1 1 1 -1 1 -1 1 -1 1 1 -1 -1 -1 1 1 1 1 -1 -1 1 
-1 1 1 1 -1 -1 -1 1 1 1 -1 -1 1 1 1 1 -1 -1 -1 -1 1 1 -1 -1 -1 -1 -1 -1 -1 -1 -1 1 
-1 -1 -1 1 1 -1 1 1 -1 -1 1 1 1 -1 1 1 -1 1 -1 1 1 -1 1 -1 -1 1 -1 -1 -1 1 -1 -1 
-1 1 -1 -1 1 -1 1 -1 -1 -1 1 1 1 1 1 1 1 1 1 1 -1 1 1 1 -1 1 -1 -1 -1 -1 1 1 
1 1 -1 1 1 -1 -1 -1 1 1 1 -1 1 1 1 -1 -1 -1 -1 1 1 -1 1 -1 -1 -1 -1 -1 1 1 -1 -1 
-1 1 1 -1 1 -1 1 1 1 1 -1 1 -1 -1 1 -1 -1 -1 1 1 1 1 -1 -1 -1 1 1 1 1 -1 -1 1 
-1 -1 1 -1 -1 -1 -1 1 1 -1 -1 -1 -1 1 1 -1 -1 1 -1 1 1 -1 -1 -1 1 1 1 1 1 -1 -1 -1 
-1 -1 -1 1 1 1 1 -1 1 -1 -1 1 -1 -1 1 -1 1 -1 -1 -1 -1 1 -1 -1 1 1 -1 1 1 1 1 -1 
-1 -1 1 -1 -1 1 -1 1 -1 -1 1 -1 -1 1 1 1 1 1 -1 -1 -1 1 1 1 1 1 -1 -1 1 -1 1 1 
-1 1 1 -1 1 -1 1 -1 1 -1 -1 1 1 1 -1 1 1 1 -1 -1 -1 -1 -1 -1 1 1 1 1 1 -1 -1 -1 
1 1 1 1 -1 -1 -1 1 1 -1 1 1 1 -1 1 -1 1 -1 1 1 -1 -1 1 -1 1 -1 1 1 -1 -1 1 -1 
1 -1 -1 -1 1 -1 1 1 1 1 -1 -1 -1 1 1 1 -1 -1 -1 1 -1 1 1 1 1 -1 -1 1 -1 1 1 1 
-1 -1 -1 -1 -1 -1 -1 -1 1 -1 -1 -1 -1 -1 1 -1 -1 -1 -1 1 -1 -1 1 -1 1 -1 1 -1 -1 -1 1 1 
1 1 -1 -1 1 -1 1 1 1 -1 1 -1 -1 -1 -1 -1 -1 1 1 1 1 1 1 1 -1 1 1 1 -1 1 1 -1 
-1 1 -1 -1 1 -1 1 -1 1 1 -1 1 -1 1 1 -1 1 1 1 1 1 -1 -1 -1 1 -1 -1 1 -1 -1 -1 1 
-1 1 1 -1 -1 -1 1 -1 1 -1 -1 1 -1 -1 -1 -1 1 1 -1 -1 1 1 -1 1 1 -1 -1 1 1 1 1 1 
-1 -1 1 -1 1 1 1 -1 1 1 -1 1 -1 -1 -1 -1 1 1 1 -1 1 1 1 -1 1 1 1 1 -1 -1 1 -1 
-1 -1 1 1 -1 -1 1 1 1 -1 1 1 -1 -1 -1 1 1 1 1 1 1 -1 -1 -1 -1 -1 1 -1 1 1 1 1 
1 1 -1 1 1 1 1 -1 -1 1 1 -1 -1 1 -1 1 -1 -1 1 -1 -1 -1 1 -1 1 -1 1 -1 1 1 1 1 
-1 1 -1 1 1 -1 1 -1 -1 -1 1 -1 -1 -1 1 -1 -1 -1 1 1 -1 1 1 1 1 -1 1 1 1 1 -1 -1 
-1 1 -1 1 1 1 -1 1 1 1 -1 1 1 -1 1 -1 1 -1 -1 1 -1 -1 1 1 -1 1 1 -1 1 1 -1 1 