128
86 6 50 80 46 80 8 89 53 66 60 33 18 90 92 99 15 44 51 83 94 59 73 13 11 22 39 99 11 55 68 47 32 10 4 62 41 52 45 84 46 62 97 80 16 60 47 45 33 65 35 39 20 17 91 35 42 83 79 91 74 64 47 27 18 1 69 90 70 76 60 16 23 29 7 26 3 70 42 81 36 30 71 64 2 41 100 80 54 61 2 70 72 66 56 16 13 95 62 76 27 1 42 63 54 38 8 7 34 84 3 28 92 27 59 50 40 26 30 52 66 17 90 57 77 33 20 61 
85 21 34 100 65 78 73 25 69 47 75 39 82 87 66 72 21 39 8 11 49 11 95 33 67 45 33 15 24 61 73 31 5 99 63 71 5 88 82 1 10 74 77 1 35 66 10 55 8 95 84 72 26 54 45 87 27 40 41 15 91 61 30 56 96 94 37 68 62 70 43 81 77 72 34 82 17 36 77 57 5 96 42 50 38 55 77 72 18 89 34 80 12 63 59 55 27 24 31 16 64 4 49 72 4 70 33 90 36 50 26 6 53 48 90 23 59 57 78 92 91 9 87 70 46 61 90 9 
47 91 37 97 60 11 78 24 56 98 63 32 77 84 21 47 56 33 47 91 94 67 75 43 54 60 30 26 10 4 2 79 71 72 3 62 99 43 12 78 84 71 70 24 96 12 43 57 84 61 41 81 22 90 73 51 17 7 85 99 79 91 14 36 18 61 48 2 36 66 46 70 13 71 18 51 84 76 37 89 51 24 27 61 12 15 39 85 64 67 48 88 62 61 44 97 4 5 87 17 7 36 9 99 8 72 98 76 61 36 65 53 36 75 40 71 13 45 96 67 12 82 44 17 59 13 20 31 
97 85 64 40 38 65 46 78 36 57 36 95 85 80 31 70 63 68 14 45 8 1 93 61 97 70 75 98 76 79 50 57 73 7 50 41 77 55 13 36 14 67 26 55 14 18 17 11 98 72 75 19 18 68 93 15 16 74 38 83 42 12 66 29 51 69 76 61 29 49 64 35 58 54 99 83 90 15 12 47 26 83 52 48 9 52 94 97 64 70 4 20 81 68 74 46 39 68 77 9 33 62 99 86 21 80 46 38 30 6 1 58 81 96 45 49 94 65 46 67 79 83 26 56 62 42 76 31 
54 99 21 59 6 53 89 77 94 63 55 11 34 88 62 7 12 76 98 66 100 55 69 82 38 53 31 87 51 47 29 53 95 14 52 61 28 4 2 64 56 22 60 56 26 77 84 34 21 87 14 13 72 65 32 93 84 85 69 89 59 75 25 85 15 79 69 21 34 43 64 60 76 30 26 60 95 77 18 22 93 89 54 43 92 25 12 47 86 58 55 91 88 43 92 2 95 19 9 11 85 87 69 26 27 7 81 36 51 86 62 96 88 70 97 88 46 61 74 99 8 39 91 78 29 27 28 7 
58 33 3 96 49 7 46 75 90 65 17 69 78 68 19 8 18 91 9 98 17 92 71 12 79 3 69 94 50 12 71 44 28 80 90 49 29 29 45 74 32 16 29 95 85 49 50 85 74 10 98 8 13 87 31 70 67 45 96 40 38 100 18 17 54 8 95 40 33 95 50 76 81 33 42 30 95 23 96 68 86 76 17 4 65 44 88 89 59 88 51 7 5 48 69 27 77 42 40 34 21 21 96 47 35 51 58 30 12 92 38 30 48 54 100 22 36 73 44 5 23 48 27 4 43 98 65 21 
7 72 64 77 72 23 95 24 22 23 47 13 87 84 19 32 9 11 4 43 76 31 87 35 67 90 2 2 43 23 54 43 56 74 70 73 46 100 16 72 93 89 9 66 5 11 36 29 51 54 68 41 99 20 52 55 94 22 70 84 14 11 84 68 59 83 85 71 51 4 17 62 4 42 29 60 97 49 12 90 34 11 45 73 24 13 50 22 79 61 25 99 56 74 71 30 84 96 45 5 83 90 9 65 11 30 86 9 82 66 59 99 94 36 49 90 15 90 48 62 29 54 33 10 11 39 21 63 
17 89 8 92 16 1 31 18 19 40 23 38 61 54 5 54 41 70 86 77 78 91 75 60 99 70 37 11 22 70 3 11 6 74 86 22 79 59 53 77 85 55 89 7 73 80 68 88 8 19 41 60 32 77 19 20 92 96 68 28 3 46 52 100 8 43 56 62 65 91 68 54 82 46 31 18 60 56 5 64 99 30 89 1 23 30 20 88 93 97 13 67 99 28 74 99 87 46 53 12 73 41 66 46 29 63 21 33 30 18 97 13 75 18 23 34 50 79 80 70 45 67 43 70 81 84 52 37 
95 97 86 91 2 10 99 7 6 3 66 2 88 68 55 18 62 27 85 22 64 86 49 81 91 50 64 99 57 78 69 53 63 78 35 69 27 73 19 64 25 10 38 87 51 84 13 94 14 98 67 18 53 9 7 87 55 50 22 3 94 63 66 81 47 86 72 18 56 74 90 90 95 90 3 60 72 1 62 46 26 94 73 43 42 38 29 57 13 86 2 26 48 89 64 39 60 73 38 19 35 86 76 69 50 99 69 97 62 76 67 18 77 33 37 53 17 31 74 19 76 80 10 89 39 60 12 50 
5 75 29 84 34 54 40 95 18 36 77 40 75 19 56 100 53 83 15 3 77 50 65 22 100 34 20 75 20 37 89 79 44 28 74 58 57 28 85 1 84 16 49 66 70 46 58 68 64 10 22 67 25 8 19 74 99 33 23 75 98 51 52 34 63 25 25 40 15 24 57 48 50 7 72 57 8 29 35 56 69 26 35 71 4 65 88 36 15 30 93 72 51 11 6 53 40 56 78 8 41 46 34 81 96 60 69 5 39 85 26 68 83 16 39 90 16 45 44 22 57 54 66 99 24 85 84 25 
36 17 11 80 6 61 76 6 97 19 84 23 39 30 39 23 23 79 15 100 35 82 75 78 3 79 88 3 57 4 4 9 66 68 98 24 59 61 49 89 32 7 38 72 11 8 11 14 11 30 42 66 48 26 97 8 45 21 3 30 9 50 14 15 66 74 69 43 56 13 41 78 77 68 55 7 67 25 5 89 52 35 56 8 70 91 62 46 98 58 57 36 24 96 54 39 39 13 83 74 79 63 78 23 75 56 56 61 47 95 72 98 9 24 38 5 77 74 80 91 65 90 7 95 5 10 85 2 
56 72 43 66 1 35 8 19 86 33 26 68 89 64 70 35 4 14 34 24 44 64 7 67 9 1 90 1 56 33 64 53 98 45 27 65 38 23 12 22 23 8 96 37 29 29 78 9 47 61 51 63 34 85 46 10 67 40 91 88 55 11 98 38 47 39 31 94 95 38 15 33 86 74 80 27 94 93 63 66 1 41 58 12 72 5 51 70 92 67 100 90 99 3 70 58 61 34 16 1 2 52 36 99 70 70 47 5 2 34 81 17 80 96 7 66 56 50 66 35 76 89 7 15 7 84 27 33 
70 73 78 55 54 47 84 47 41 97 96 51 45 89 12 70 70 32 58 57 69 51 88 39 21 21 44 28 68 25 91 97 16 6 99 17 50 69 37 46 62 43 24 70 29 18 63 18 94 35 51 13 33 53 69 64 37 79 35 50 96 90 15 93 56 91 27 2 100 30 91 97 78 51 1 81 19 4 92 82 70 13 49 80 85 95 99 46 6 23 12 24 26 38 45 57 27 78 12 17 6 20 21 81 48 12 64 45 75 66 44 22 92 66 41 53 86 71 42 11 54 9 23 8 72 33 91 3 
87 13 84 45 100 97 86 49 36 4 22 83 77 73 56 60 46 38 19 58 85 65 95 97 98 3 97 57 34 22 31 19 5 24 87 48 85 62 26 7 49 10 93 5 64 96 87 28 28 39 54 12 26 46 70 16 63 62 91 94 26 43 33 3 9 64 91 55 32 61 46 25 28 36 85 66 73 95 85 65 4 33 71 48 98 80 60 75 10 27 71 34 10 68 33 78 99 71 10 53 87 26 31 62 35 4 32 16 69 50 51 9 92 65 74 16 49 54 23 82 55 65 56 36 5 64 42 88 
62 93 38 56 38 76 65 46 4 86 84 39 13 32 58 4 70 31 47 54 97 50 86 58 56 15 42 42 1 30 67 31 49 6 84 75 87 65 78 100 56 43 43 59 84 36 90 72 33 55 56 70 12 8 73 99 64 31 40 58 4 39 42 98 64 56 42 60 21 67 42 58 68 48 49 18 13 63 37 63 47 71 71 61 2 77 88 77 40 26 71 50 68 42 63 11 44 29 90 63 63 67 63 71 91 2 28 52 25 22 76 33 24 16 32 30 35 56 71 26 3 59 93 67 61 37 92 1 
25 14 28 24 72 32 57 63 69 32 82 19 95 69 57 84 29 54 17 57 93 64 29 89 86 29 47 27 19 68 4 53 2 90 53 88 18 2 95 97 35 65 50 81 92 83 77 81 41 92 23 52 68 23 42 69 39 98 69 32 23 91 7 9 91 15 77 44 33 53 53 39 63 27 99 81 24 54 51 3 76 100 70 53 82 62 82 83 40 41 41 62 24 45 100 31 37 61 91 38 50 75 84 19 55 11 86 56 62 98 58 52 33 51 52 20 6 92 87 45 57 40 63 70 66 54 60 71 
21 41 99 32 72 64 90 94 15 56 15 95 51 54 12 61 33 25 87 40 39 46 54 32 90 30 29 38 45 19 77 79 98 81 26 68 24 19 80 69 93 6 10 43 59 44 16 21 8 74 11 66 98 33 30 75 87 8 15 2 53 32 48 44 91 45 60 40 39 31 4 1 17 72 89 64 2 64 26 21 6 35 43 4 15 7 16 19 93 22 5 2 45 46 38 46 88 74 32 35 46 90 39 54 78 47 83 19 39 76 21 54 38 61 100 98 11 47 91 56 76 29 25 64 24 58 94 58 
16 88 47 69 10 95 26 16 100 89 100 77 85 84 73 3 33 3 35 9 65 32 56 68 37 83 74 33 92 81 24 98 1 36 82 84 74 92 89 15 74 86 99 95 27 40 6 85 26 80 53 46 73 99 70 20 21 65 27 27 84 85 6 25 74 80 2 62 71 77 92 26 19 60 41 100 77 70 16 30 94 41 63 74 63 43 48 74 42 43 61 80 44 82 86 60 43 66 16 76 38 95 96 12 66 19 99 32 73 44 54 87 81 55 48 95 2 22 40 71 38 18 81 87 26 15 21 6 
15 14 54 53 13 63 51 48 30 69 57 12 43 73 5 5 53 3 61 42 29 91 12 37 80 76 77 16 18 98 88 58 88 12 96 26 69 98 70 9 16 12 19 77 77 57 96 54 31 88 86 61 57 3 71 50 70 52 81 36 86 58 36 94 11 7 45 93 35 65 84 31 35 10 94 59 64 83 50 27 43 15 4 60 15 95 9 25 6 75 74 28 18 84 86 5 70 10 87 94 23 58 85 8 30 81 77 76 17 48 82 85 85 100 34 43 11 80 79 84 61 49 69 86 31 47 30 19 
86 21 75 77 56 82 33 55 92 18 8 30 55 54 40 100 12 3 32 12 46 8 11 26 45 4 43 35 97 42 43 93 46 93 79 8 76 91 11 43 61 41 44 56 82 40 83 78 32 11 3 59 6 2 57 84 26 52 53 14 18 37 37 96 12 91 46 62 72 13 53 62 28 11 100 76 83 2 78 65 7 5 84 59 46 89 22 62 21 49 96 58 22 39 15 3 87 62 34 47 80 49 12 17 24 98 2 93 96 100 93 93 91 3 20 6 30 37 16 13 70 38 40 46 37 98 22 93 
100 55 62 18 17 26 14 10 73 20 77 76 12 31 83 5 82 97 13 45 62 38 89 43 83 51 74 77 88 24 67 59 80 78 23 64 25 19 96 47 38 19 76 96 81 68 64 94 11 67 23 79 48 100 51 4 99 55 79 98 43 93 26 96 11 25 69 96 33 95 87 42 72 47 87 52 12 19 74 82 16 54 44 83 29 1 64 43 69 67 76 82 74 22 65 27 23 62 80 10 18 80 19 29 70 75 87 7 46 28 80 20 23 19 5 9 46 71 90 57 33 48 75 27 56 65 31 21 
31 88 29 70 65 84 58 52 39 49 72 33 97 47 46 39 71 40 29 73 58 64 2 23 26 35 15 47 78 97 99 51 11 1 93 48 4 14 48 48 59 37 27 54 52 72 22 95 77 95 28 87 88 95 83 31 57 27 15 91 95 52 92 25 84 53 63 69 23 37 11 3 92 75 81 45 4 56 93 50 60 7 18 13 32 56 35 58 80 1 18 76 14 27 80 53 39 58 6 94 71 1 52 25 46 74 73 57 11 76 89 17 98 73 3 55 74 67 83 64 65 100 19 97 21 89 69 17 
20 17 2 1 68 76 69 20 53 56 18 68 33 36 88 71 85 59 10 11 71 48 99 58 50 25 21 94 39 79 34 95 31 31 65 20 9 24 88 99 74 54 57 45 47 53 1 40 67 92 59 39 96 32 63 38 2 85 48 97 85 65 85 94 73 87 75 96 71 2 98 45 74 75 61 58 34 41 77 20 68 72 28 94 99 24 23 99 78 53 21 43 29 14 44 15 6 58 46 69 71 71 33 87 74 65 97 77 32 54 73 60 93 37 68 80 70 95 32 100 26 24 39 60 54 81 30 66 
79 99 64 85 38 55 53 74 41 8 2 43 91 10 43 71 5 52 3 19 60 74 45 39 26 33 32 32 53 67 35 92 83 18 79 6 1 41 87 48 86 24 14 91 86 80 6 37 9 94 47 31 23 93 15 11 39 51 1 52 30 9 2 4 40 23 3 58 83 86 33 6 97 23 87 52 98 57 48 58 96 65 9 25 69 84 35 98 80 13 12 54 85 5 86 72 34 37 90 17 75 17 48 93 72 30 36 90 14 8 65 14 30 15 5 58 17 71 28 3 72 36 31 36 51 69 56 94 
52 21 100 78 14 98 23 6 94 93 71 28 71 37 77 27 81 67 1 56 24 21 38 47 57 13 45 77 28 20 78 39 44 38 49 68 79 77 61 89 54 78 84 90 48 85 65 14 77 63 66 84 38 80 2 93 12 23 95 95 67 38 87 96 19 63 18 55 41 66 36 93 12 55 22 95 84 64 15 60 39 21 15 46 19 90 48 52 37 87 87 28 40 68 22 94 41 20 40 55 13 75 83 32 96 57 10 41 78 50 94 43 2 2 14 40 55 26 33 99 77 12 8 16 100 69 79 40 
8 48 21 62 60 76 72 42 78 82 11 56 30 14 16 18 16 80 64 77 14 57 4 18 90 98 22 64 50 3 55 49 39 72 24 8 95 20 96 29 55 22 45 12 99 41 4 12 65 17 57 45 9 34 79 83 24 70 58 79 12 27 75 50 64 24 47 27 77 89 47 69 75 52 80 84 47 89 67 67 60 67 93 90 21 13 76 55 23 45 47 82 13 92 80 9 43 53 84 85 75 28 8 88 93 54 22 18 60 83 34 52 52 41 68 61 89 34 45 82 55 44 88 93 100 7 61 19 
63 33 68 71 70 91 46 41 75 37 8 60 31 94 4 71 81 44 77 41 35 24 9 2 97 28 15 8 92 80 72 81 56 82 73 60 37 58 83 23 37 4 11 21 31 98 55 24 63 22 88 64 97 68 25 73 30 39 33 60 43 26 43 61 90 39 4 5 52 10 61 6 31 55 55 48 33 54 31 82 13 70 28 73 94 14 83 80 99 22 27 79 80 65 4 87 85 17 78 99 29 93 60 26 54 62 27 86 82 83 9 70 61 66 57 96 14 26 90 97 15 84 24 3 50 61 42 23 
83 66 73 9 86 94 27 35 67 44 63 74 49 93 42 10 41 3 3 89 7 45 86 93 39 14 100 36 63 90 82 91 76 40 56 14 34 87 2 48 82 47 30 13 88 8 31 23 100 78 32 97 98 4 22 36 99 55 17 50 81 92 77 25 79 35 11 33 27 18 29 24 71 76 32 3 42 8 26 46 10 35 82 39 78 27 58 87 71 89 17 43 24 80 54 46 85 36 65 15 61 28 52 71 97 43 16 17 54 3 30 29 18 46 59 11 13 85 79 16 28 54 65 49 5 87 94 85 
16 30 85 7 7 39 38 55 43 24 67 9 52 81 56 66 30 14 11 63 67 15 26 40 74 44 53 84 72 15 71 77 8 8 90 22 41 94 72 77 68 37 24 32 44 79 73 71 88 91 72 43 96 14 28 67 68 3 84 96 99 70 83 1 60 41 67 42 43 47 43 9 12 5 19 70 79 94 31 25 47 63 34 1 27 39 58 63 80 31 91 47 73 89 78 42 98 40 85 13 71 74 7 93 58 70 40 79 15 23 84 48 19 98 51 90 62 57 47 49 34 81 79 31 13 53 81 73 
74 83 49 36 44 21 56 11 97 17 69 51 5 55 92 44 10 9 58 19 57 80 86 49 39 62 66 97 92 6 87 4 47 82 41 71 30 46 99 75 1 69 92 35 57 64 5 30 90 80 81 7 93 80 73 44 27 8 33 49 34 83 66 80 58 76 90 70 73 80 36 24 100 43 66 98 12 50 18 68 65 34 59 52 82 84 78 30 63 70 24 73 28 25 6 78 22 78 49 82 57 48 96 63 96 94 82 10 42 87 75 5 64 74 19 11 83 14 64 9 76 26 49 43 83 8 100 22 
95 33 72 20 26 94 23 9 51 61 90 19 95 6 73 7 30 37 1 64 76 42 8 91 19 83 61 50 100 84 58 79 73 48 39 96 69 4 77 67 23 35 57 48 43 2 22 6 28 79 22 83 99 55 29 23 30 51 91 29 87 46 15 96 66 7 25 40 15 30 95 11 80 41 52 97 100 89 25 4 73 47 2 68 39 18 72 83 76 23 90 61 55 81 69 39 19 55 92 30 74 7 39 33 74 53 18 91 79 57 40 24 17 75 90 33 71 70 90 100 95 56 26 61 7 41 54 70 
34 97 7 54 89 17 78 65 94 92 96 43 29 36 80 8 98 16 46 30 83 60 76 33 51 57 47 95 53 83 20 52 32 26 52 89 87 77 13 25 39 72 5 19 38 72 83 64 83 72 21 46 41 38 55 34 41 35 22 95 36 48 3 65 60 94 49 38 75 82 23 18 63 81 58 56 25 79 36 64 75 25 84 92 68 1 98 88 43 92 52 81 8 22 80 29 20 8 70 36 27 70 82 47 15 76 90 10 29 12 79 22 90 23 79 93 77 2 31 34 23 99 46 17 75 82 54 74 
51 66 75 58 56 81 40 99 22 46 2 46 53 13 10 42 96 93 81 1 55 42 42 92 21 3 36 66 92 12 27 32 6 86 42 97 79 71 90 66 58 52 98 96 9 60 67 29 10 3 23 20 87 25 60 90 41 13 64 44 66 61 31 78 62 33 75 43 91 100 96 15 91 35 4 25 58 2 53 94 75 58 7 61 50 72 79 31 43 77 17 82 63 23 79 19 31 53 9 75 78 97 20 41 63 17 40 52 22 79 13 56 68 83 14 51 94 51 57 7 74 20 5 88 68 66 96 24 
5 24 34 50 44 50 67 4 20 83 26 80 28 68 55 26 80 7 59 46 31 22 14 87 14 71 99 26 47 59 73 53 27 94 95 4 99 90 59 27 14 11 17 93 69 100 32 49 41 27 30 69 2 21 45 24 85 47 65 8 98 99 35 87 41 29 73 62 69 99 27 20 89 64 89 74 23 7 73 59 22 93 20 28 2 96 9 58 34 61 60 99 87 16 12 18 33 21 20 35 48 83 99 74 23 73 99 21 37 86 6 49 65 4 35 17 62 45 99 75 69 12 73 62 18 79 29 69 
75 48 17 91 18 19 86 48 11 97 83 55 44 83 90 21 71 1 60 36 18 81 65 21 93 87 3 21 91 14 25 16 68 52 9 54 44 97 7 98 23 50 97 86 7 40 21 97 8 25 1 1 20 26 72 9 65 41 9 69 30 17 8 55 45 8 47 40 82 51 10 22 55 63 9 27 49 28 83 1 38 1 12 58 98 55 5 80 45 88 97 20 66 57 1 80 33 67 91 47 24 73 43 14 7 24 92 78 76 30 83 88 67 40 33 8 69 51 31 62 98 9 71 90 58 80 62 24 
62 12 91 76 28 11 44 70 57 94 99 55 87 10 53 86 51 48 69 67 36 35 71 47 30 62 86 50 2 82 10 6 31 99 3 63 37 47 1 83 68 51 41 26 63 17 97 66 9 60 7 88 77 34 30 51 6 9 72 50 8 42 81 24 99 56 95 59 97 21 97 64 24 56 59 78 99 75 28 28 14 80 4 96 54 73 72 87 31 100 89 49 75 59 90 1 30 49 61 39 89 51 36 45 69 77 73 95 27 30 77 23 63 38 92 29 71 13 45 46 12 5 22 81 100 10 21 89 
85 84 55 37 73 57 99 81 69 94 43 40 82 42 83 74 80 99 29 17 71 56 30 15 37 60 46 58 78 70 84 81 72 96 18 74 1 30 54 96 9 21 97 46 24 63 25 37 10 35 58 13 68 20 76 36 40 46 66 43 67 93 72 94 57 65 21 15 17 71 21 59 45 27 62 38 45 82 50 43 85 58 43 74 43 8 38 75 53 99 78 59 33 48 81 74 35 46 48 51 58 50 33 8 49 1 5 15 22 41 61 90 100 78 79 46 29 89 48 65 64 39 1 65 62 11 48 42 
34 99 32 67 52 58 11 24 62 57 65 47 61 35 38 52 5 58 15 78 5 4 32 31 73 99 29 14 93 58 88 41 51 32 41 80 52 67 53 88 74 90 86 45 98 55 2 56 68 56 30 89 12 82 51 100 40 94 99 19 38 22 36 100 81 43 97 80 100 69 8 19 15 15 38 29 71 74 80 22 24 31 23 38 12 17 76 40 9 39 64 35 62 47 99 87 54 90 33 21 30 58 43 5 1 57 1 53 51 18 97 37 36 28 7 90 25 93 77 18 36 44 16 1 44 45 75 76 
47 21 51 84 35 91 37 60 41 81 62 55 86 59 76 11 10 92 77 53 6 83 65 64 45 7 17 43 10 43 13 10 93 57 69 42 52 1 71 68 94 40 35 48 17 27 13 65 100 49 82 42 47 65 49 19 7 67 13 13 59 34 96 83 33 19 20 21 62 20 97 82 13 57 63 53 94 5 76 63 19 40 81 53 34 83 79 92 62 25 34 1 71 97 30 55 25 51 36 47 40 60 25 12 67 14 74 14 43 60 73 53 25 44 22 30 69 30 49 80 95 14 67 47 21 53 23 53 
91 88 48 93 43 62 63 71 12 46 12 66 21 74 19 60 93 8 21 41 76 69 6 56 90 35 87 51 23 53 92 84 8 44 82 2 78 37 40 81 35 2 68 76 79 79 61 2 13 46 60 25 20 71 64 59 45 81 93 35 85 39 88 64 64 46 40 9 81 31 82 88 18 58 38 35 23 91 44 3 30 44 47 88 51 6 34 11 39 95 83 19 51 70 9 95 68 81 41 57 75 94 87 11 2 45 8 47 76 16 94 91 86 5 53 88 32 73 100 34 91 42 22 79 33 94 1 24 
55 29 91 13 36 3 12 81 40 95 18 76 87 38 52 84 72 48 44 82 7 72 57 60 91 18 41 82 99 65 35 52 12 98 22 47 71 83 2 56 21 73 18 39 41 88 92 49 57 3 11 70 40 47 15 10 34 94 63 96 96 44 17 88 68 47 5 56 48 96 64 97 8 61 59 96 84 100 40 61 20 26 63 6 9 67 62 61 81 4 63 42 35 85 31 54 39 11 72 1 3 41 79 21 33 16 51 44 47 11 16 35 29 22 39 97 71 82 84 76 25 96 68 89 5 84 23 26 
75 85 30 42 10 27 5 46 26 53 20 64 67 54 7 22 14 68 29 63 40 28 24 71 4 54 59 3 77 69 92 7 10 45 64 68 96 100 14 100 75 83 53 54 15 44 92 63 50 81 28 91 59 80 73 12 91 40 17 10 66 32 40 70 28 73 39 99 44 34 19 70 33 97 15 6 45 89 12 96 88 79 88 34 51 75 19 31 29 68 66 3 3 82 91 67 81 30 37 70 23 55 85 50 71 1 14 7 87 69 82 25 58 95 75 85 56 51 63 56 68 82 81 77 26 58 30 46 
44 37 15 79 89 98 19 100 48 34 25 98 41 86 95 79 93 40 28 19 34 52 64 11 35 67 51 92 53 2 4 42 39 91 19 76 92 84 78 67 50 11 94 61 18 26 25 85 80 69 23 10 19 72 23 81 90 88 90 49 89 94 46 73 83 16 66 7 26 84 91 52 10 68 18 42 17 9 17 51 58 43 41 12 43 14 45 9 24 18 10 4 89 17 95 85 26 96 39 57 41 30 39 50 63 97 93 57 4 62 99 73 77 34 78 80 32 97 59 5 84 50 9 36 9 24 23 73 
12 48 73 32 1 12 83 41 15 62 35 19 56 91 69 50 43 8 70 28 95 1 58 54 90 83 6 6 69 53 60 1 96 45 10 38 1 65 16 24 34 49 94 83 11 29 14 33 62 94 12 19 17 69 46 4 85 23 63 28 44 33 59 81 28 45 36 21 60 52 6 69 88 90 48 91 21 93 24 77 49 23 75 71 10 83 96 37 81 28 98 64 47 31 82 55 87 25 52 83 37 21 25 62 38 14 39 14 100 95 81 77 4 1 52 39 4 61 21 83 9 96 52 12 60 19 27 72 
78 10 55 35 1 70 73 22 58 56 62 5 20 8 19 51 86 27 28 77 90 73 94 86 78 67 67 50 24 37 88 87 67 20 4 23 37 4 52 77 93 40 47 39 5 84 19 39 37 89 84 34 54 42 80 16 61 4 56 50 47 68 68 36 58 1 77 5 4 13 52 44 37 31 9 44 42 21 7 56 99 59 33 20 11 79 61 11 6 44 48 20 92 86 63 3 53 59 77 77 21 53 29 65 36 29 19 59 13 11 54 77 57 41 73 31 23 20 96 97 62 79 26 52 14 42 18 82 
55 57 69 84 66 71 28 65 58 2 23 17 87 10 8 11 46 75 91 13 97 40 93 39 63 36 19 2 41 98 93 34 43 14 96 79 60 88 1 30 87 85 90 55 80 10 100 26 20 75 41 62 58 87 25 83 45 54 20 12 3 5 51 92 55 82 48 23 15 63 78 88 80 69 47 89 34 2 29 6 43 99 96 32 20 28 12 92 24 31 24 19 40 13 83 66 97 97 32 86 9 15 13 12 42 49 57 64 59 98 34 43 8 1 40 61 85 35 24 34 41 40 96 64 42 16 61 93 
40 86 22 63 50 62 4 50 4 47 17 65 30 4 68 83 54 23 79 78 90 48 16 31 7 55 22 29 58 74 29 40 45 1 38 22 8 22 77 99 78 83 23 55 70 74 6 31 5 81 21 99 19 32 11 28 68 90 64 26 31 81 16 45 53 26 69 52 80 24 3 86 25 70 71 6 75 52 39 13 4 16 47 51 98 14 85 51 49 3 24 28 43 72 39 19 1 45 61 85 1 85 88 39 67 15 59 91 91 32 97 35 12 66 6 56 75 100 74 85 24 25 32 30 63 87 67 26 
41 96 27 56 33 85 94 82 100 37 19 8 94 82 7 71 14 98 70 25 61 86 75 6 38 84 32 78 19 63 96 21 61 7 30 23 92 9 13 72 79 58 22 22 98 66 51 17 58 91 96 24 28 39 58 84 18 89 20 75 67 93 4 77 1 57 10 86 68 86 67 58 56 8 78 63 72 76 50 94 46 87 89 18 62 86 68 65 55 17 63 25 83 52 76 6 32 52 48 68 26 46 87 90 76 80 62 49 90 38 49 6 80 23 71 76 90 49 9 78 55 68 1 99 68 5 2 51 
87 60 64 7 5 26 91 45 34 46 59 31 52 37 50 84 76 54 50 54 60 53 87 45 66 99 84 90 18 84 2 76 33 64 43 92 71 16 99 95 20 55 63 91 70 88 11 40 27 70 85 91 12 27 1 58 71 37 41 1 7 19 74 47 8 15 97 36 14 72 52 41 73 56 43 79 78 5 76 22 89 20 56 32 28 55 94 26 87 13 21 97 50 38 31 58 66 82 8 16 17 58 93 62 27 62 100 78 99 37 83 62 49 18 71 16 93 53 69 13 66 25 57 47 48 54 36 55 
5 20 78 1 50 84 70 57 64 56 21 91 13 10 81 14 11 81 34 100 29 84 85 92 51 22 55 44 49 61 63 78 45 35 83 6 49 26 33 43 37 50 88 47 61 97 19 88 38 76 24 58 31 59 21 61 63 95 21 63 29 79 30 33 44 44 91 31 15 22 71 33 55 70 32 88 41 2 76 97 21 80 1 42 98 83 16 85 82 10 12 43 15 53 88 99 24 98 64 12 32 40 37 88 69 22 94 71 56 12 46 74 14 15 74 5 84 25 61 81 54 71 47 8 1 34 45 69 
76 94 4 80 38 94 69 79 82 3 56 77 26 35 34 95 31 52 54 35 67 10 76 91 73 33 67 35 48 60 14 48 84 54 30 59 83 37 65 47 56 35 70 38 89 92 85 46 4 32 84 62 76 2 44 20 95 80 88 7 16 64 92 40 12 75 95 91 49 61 96 59 63 38 52 17 94 67 95 3 66 73 64 36 71 21 68 40 73 85 59 91 3 45 32 77 27 37 93 89 25 3 43 22 27 20 78 52 76 98 45 48 10 51 53 19 96 26 99 89 100 18 24 10 78 60 9 11 
13 91 81 92 78 90 81 42 90 82 29 72 19 52 90 32 89 66 54 32 47 31 46 92 55 5 23 40 99 48 87 7 29 35 59 75 7 36 6 70 77 3 47 19 28 41 41 27 45 24 82 37 93 23 4 95 53 74 54 56 68 76 71 76 45 97 46 93 4 83 33 100 87 99 58 40 18 46 67 84 14 88 28 5 44 64 55 57 89 21 11 100 80 69 47 57 68 21 87 80 54 48 71 52 60 52 1 43 41 46 42 14 95 51 61 11 47 12 36 40 40 54 9 99 4 51 15 19 
89 52 6 83 62 9 63 37 22 41 64 51 42 24 84 33 43 81 4 77 14 50 89 69 68 21 69 41 20 65 57 58 79 31 97 49 57 41 82 26 23 39 33 58 2 76 5 9 7 97 25 72 54 34 55 81 32 97 28 3 29 69 11 12 67 14 43 17 56 86 68 17 24 79 79 23 32 91 94 39 31 42 15 1 27 61 54 3 11 78 74 49 33 12 19 80 3 96 90 65 19 73 56 28 43 4 65 55 48 79 41 23 71 59 89 67 67 9 65 61 84 28 40 92 40 1 54 29 
64 76 71 68 31 69 43 71 21 79 15 62 41 98 7 24 61 39 54 68 3 44 35 26 87 14 59 95 33 31 19 36 87 76 85 25 25 42 58 26 51 79 59 7 32 81 73 4 67 90 37 89 17 40 8 61 66 52 64 71 42 82 19 1 60 89 84 95 3 98 15 99 6 59 71 9 90 6 85 14 20 53 85 1 22 37 73 33 6 53 70 99 38 31 67 18 28 89 62 12 46 70 8 84 67 6 50 74 2 18 81 48 76 14 86 35 43 64 55 42 65 76 37 63 68 36 45 82 
22 70 91 7 36 22 76 82 98 48 70 76 29 49 6 26 69 57 39 14 22 14 1 88 91 40 13 95 82 51 100 69 46 57 14 94 7 31 63 73 99 55 77 51 21 22 82 69 59 85 60 93 24 18 55 4 40 35 31 10 54 99 40 48 18 12 9 8 94 10 95 9 46 64 93 15 67 75 8 28 64 22 96 20 35 30 37 5 98 93 27 17 38 27 12 70 66 1 34 42 77 89 68 29 94 44 66 75 11 96 50 58 59 66 9 78 12 100 61 95 67 37 34 38 98 88 31 85 
95 15 22 31 28 98 73 9 6 63 25 41 47 50 42 66 38 90 29 46 99 85 19 52 62 40 89 97 89 19 98 27 64 11 26 36 24 79 59 9 14 5 85 89 86 12 14 42 90 33 24 54 81 4 19 60 87 93 78 68 73 5 22 98 53 14 39 54 99 74 73 1 37 5 34 84 21 19 64 35 8 35 9 91 60 36 63 5 11 89 100 93 67 75 41 60 16 8 90 10 20 59 44 43 14 55 42 7 46 4 40 94 67 34 39 6 57 91 36 52 72 10 72 52 55 15 67 33 
57 46 19 70 43 27 11 98 6 70 62 64 50 25 35 88 81 51 2 5 31 48 76 63 52 29 89 57 49 97 20 40 33 64 14 76 60 70 15 17 83 20 29 21 75 32 21 90 83 31 41 38 86 32 97 5 81 98 40 84 80 71 19 10 97 76 86 47 37 10 83 33 28 19 47 81 7 35 71 92 17 42 91 81 74 81 86 6 97 19 47 49 94 8 1 24 47 71 41 9 97 97 12 16 76 87 70 49 14 65 26 33 60 90 68 95 10 52 71 79 70 89 73 31 91 90 99 31 
96 57 96 55 99 87 3 63 74 14 13 40 48 20 14 68 61 27 27 29 72 80 70 13 81 90 21 93 50 64 40 49 79 25 38 51 5 52 64 17 83 38 56 74 96 69 91 20 46 34 5 64 99 51 68 80 10 43 14 79 9 81 80 51 84 34 50 99 51 33 27 87 61 60 11 100 72 97 18 58 94 66 31 94 43 47 95 60 67 46 33 82 75 10 12 15 67 52 34 6 17 31 49 51 60 59 54 41 53 22 90 27 9 91 22 27 15 21 56 47 75 72 43 65 62 5 45 54 
50 57 49 64 20 42 24 10 24 91 82 86 2 69 95 55 69 18 47 68 90 46 96 71 80 24 45 62 56 2 31 23 40 46 66 84 3 10 91 44 51 64 62 20 53 62 43 47 9 11 59 95 6 94 76 1 29 61 90 57 90 78 81 39 17 1 34 86 24 47 67 42 95 17 78 75 67 63 66 52 68 9 36 19 44 92 15 45 54 60 52 28 65 97 80 74 5 26 57 87 33 71 60 70 49 23 84 35 95 36 60 18 34 10 73 33 81 70 63 56 37 52 78 10 88 6 68 88 
83 36 66 48 92 88 88 45 66 7 92 70 92 18 62 16 32 91 57 61 68 72 78 25 87 68 56 57 81 22 6 50 14 75 83 88 70 16 90 53 52 12 76 44 98 87 46 97 80 67 17 15 59 78 38 29 57 78 34 21 82 27 81 29 80 45 74 48 82 71 1 89 6 28 1 34 67 68 51 39 98 51 61 76 89 41 74 72 99 43 55 76 71 14 42 83 2 81 32 98 53 68 59 76 37 31 64 5 76 16 84 4 94 1 70 21 93 21 44 87 1 21 7 8 21 98 40 20 
7 87 56 77 32 75 19 75 81 88 26 98 48 96 42 33 41 28 88 76 98 54 46 98 98 52 34 91 57 3 99 9 83 81 44 52 75 81 18 69 79 95 99 59 78 7 79 15 46 23 51 95 34 11 41 40 34 53 34 5 63 79 59 83 8 59 88 47 30 97 65 67 36 52 86 11 11 47 9 24 94 82 35 15 76 48 1 8 90 95 93 62 9 45 43 54 1 54 69 15 63 64 83 46 74 5 18 74 98 42 60 33 1 12 87 37 16 95 50 97 24 3 100 84 33 46 97 100 
85 86 25 33 60 7 18 79 1 47 87 29 86 43 5 84 9 43 93 16 15 77 33 77 82 33 61 32 38 99 83 7 50 25 45 67 87 65 69 27 98 8 20 17 12 1 15 24 90 18 83 91 75 88 94 59 80 75 67 88 60 50 30 57 82 60 1 43 27 71 86 18 85 1 100 22 56 37 79 39 86 88 49 39 46 18 68 45 90 6 25 15 48 82 16 100 60 9 41 50 97 21 43 73 11 74 39 3 17 72 93 22 71 72 13 64 89 84 56 32 91 42 87 50 1 67 42 33 
22 30 42 96 37 99 25 87 90 87 10 18 23 86 39 53 1 65 60 63 46 51 68 16 13 18 25 89 29 35 84 25 20 27 72 91 46 53 95 69 67 65 35 79 72 58 94 60 36 12 52 52 65 97 41 17 32 74 16 27 88 43 38 22 82 53 85 54 22 63 63 41 91 51 44 70 86 28 80 20 2 13 89 63 20 52 11 27 98 42 26 11 35 34 61 43 8 92 53 75 70 47 4 47 47 10 10 83 87 18 39 98 76 9 35 67 53 73 24 2 66 46 72 69 80 57 41 15 
5 23 33 6 20 81 64 3 57 71 88 62 14 98 54 87 83 86 87 36 53 45 39 42 56 66 80 42 54 25 18 67 80 85 26 21 25 79 34 15 28 30 74 2 11 73 59 74 78 54 39 44 34 8 88 45 80 39 67 62 31 22 72 47 87 27 39 87 85 22 22 8 37 45 79 5 71 1 86 19 2 69 58 47 70 17 12 34 15 54 68 69 3 8 67 13 29 79 28 100 2 57 17 39 77 10 15 36 31 92 85 39 22 1 60 18 82 76 43 34 93 36 56 33 23 86 86 97 
56 78 63 82 93 65 50 4 81 42 72 42 21 53 76 22 77 20 53 77 66 88 59 99 72 87 13 1 98 18 53 29 1 79 38 12 89 89 68 70 1 8 51 39 79 80 20 11 93 14 6 44 12 55 22 29 84 67 80 84 94 24 87 53 45 26 11 60 26 50 84 71 49 34 21 18 77 100 36 72 89 6 79 28 83 87 89 10 17 98 70 9 45 87 66 90 84 83 90 75 49 31 33 43 87 13 66 53 53 86 15 3 11 1 98 5 52 16 99 39 41 25 69 2 72 91 70 43 
86 22 75 22 45 40 26 48 47 35 69 64 24 50 59 47 68 90 68 25 49 52 81 19 66 89 9 31 52 41 11 26 19 72 87 30 1 97 2 23 77 80 76 26 4 34 35 27 74 88 88 100 33 82 40 78 38 68 59 44 95 8 78 96 62 42 92 94 17 16 61 70 5 92 40 3 70 36 54 61 6 78 56 28 52 60 11 65 80 65 71 69 64 29 79 81 19 29 84 79 85 10 27 41 92 4 90 85 38 34 33 84 51 37 96 38 48 48 95 90 94 93 97 13 44 62 30 79 
7 82 51 86 91 29 93 86 10 88 10 70 23 20 21 41 69 48 34 34 96 5 23 65 87 56 5 15 19 62 20 12 61 91 65 97 1 9 72 16 76 97 68 88 64 21 90 34 17 13 55 69 67 82 30 90 36 34 5 61 24 99 43 94 61 81 11 20 41 77 5 22 11 48 72 10 52 92 70 92 35 76 14 1 87 78 45 63 28 27 43 71 94 81 13 19 68 27 86 47 12 22 86 20 8 82 42 70 73 3 96 24 66 16 43 85 24 29 72 56 55 93 58 87 94 78 29 39 
13 55 71 47 64 63 44 43 34 45 20 25 33 77 53 87 41 1 93 17 81 47 84 13 82 57 46 72 73 7 42 39 59 46 14 30 37 78 5 42 24 63 74 7 60 46 21 86 22 92 47 45 8 12 79 38 55 97 22 87 69 95 62 32 74 22 57 35 12 45 8 68 42 89 53 93 92 97 72 18 91 8 58 28 69 80 63 72 10 30 69 26 72 100 67 80 92 92 54 84 62 84 49 93 77 60 64 63 49 42 14 38 55 57 73 11 24 82 17 49 50 24 40 29 92 90 8 37 
77 29 12 94 4 6 7 67 46 61 48 69 66 36 99 99 5 91 26 88 69 19 98 9 91 66 39 86 62 39 35 49 3 63 94 2 82 1 68 90 84 96 98 47 61 34 97 77 12 3 88 31 28 5 97 2 77 80 86 76 43 67 56 93 45 70 69 83 13 79 10 71 88 55 21 54 65 32 70 27 74 20 67 45 97 5 63 12 38 17 67 32 6 26 15 64 67 44 21 57 94 70 70 100 45 48 56 23 43 17 52 69 82 60 7 12 39 73 41 77 77 19 34 89 18 13 98 3 
7 42 56 86 92 15 46 5 74 53 7 50 12 43 69 60 44 88 79 19 31 100 82 57 6 90 74 63 62 84 59 22 5 97 62 26 20 73 10 5 7 50 35 48 93 73 75 24 59 81 3 30 60 40 7 43 34 35 43 24 61 26 30 54 34 56 37 93 80 11 8 32 5 90 18 86 71 93 66 9 33 23 78 34 7 51 37 92 83 43 22 90 94 65 70 93 17 65 100 52 23 67 84 92 10 23 47 13 38 34 95 55 99 35 61 10 54 24 48 32 61 74 87 88 53 83 64 65 
89 37 80 15 18 49 47 81 23 20 6 34 75 70 82 7 22 9 45 39 91 47 25 93 36 12 98 22 79 79 94 40 22 41 48 37 4 20 89 54 99 19 27 40 23 48 30 80 26 90 37 54 44 35 4 74 53 42 77 74 67 8 35 10 89 79 4 85 27 25 32 53 81 22 12 98 47 60 51 61 53 76 71 50 55 75 13 30 97 80 42 18 98 94 4 39 68 99 77 63 53 52 20 98 100 35 31 81 8 52 81 25 23 4 26 25 81 37 52 26 66 30 67 8 88 100 21 72 
57 70 97 83 10 68 62 47 62 22 84 84 88 25 25 71 24 75 35 92 86 5 35 23 16 100 45 72 61 84 35 26 88 48 23 75 2 36 56 80 10 57 74 81 100 66 100 69 53 86 59 69 60 11 67 38 55 57 36 48 69 40 1 30 19 55 54 43 35 5 70 39 5 5 34 44 82 28 77 33 4 26 80 16 8 75 15 42 27 64 73 17 22 89 98 1 25 47 97 32 12 51 96 60 3 78 19 50 7 81 41 94 82 69 55 54 85 93 19 67 92 92 64 26 78 30 43 77 
15 67 12 45 88 48 1 94 15 78 50 95 56 99 53 44 59 74 26 28 36 16 27 9 23 53 96 68 29 74 3 15 69 5 51 69 20 67 5 85 53 12 79 72 41 60 5 90 98 36 46 84 96 81 80 14 46 47 15 84 45 5 68 16 51 3 64 76 66 80 89 28 29 97 31 13 75 81 45 39 19 58 16 69 43 69 38 28 21 17 52 55 1 10 18 33 81 19 54 43 4 12 49 47 67 9 29 28 56 23 63 59 35 29 60 47 26 18 39 79 98 92 73 91 24 53 17 15 
94 52 16 27 93 73 71 88 19 95 99 39 60 52 61 74 9 89 99 27 36 13 48 39 89 20 69 69 37 95 16 89 56 73 22 50 63 5 72 62 99 50 50 61 8 79 16 64 68 100 44 92 68 81 26 1 3 13 66 46 94 82 12 24 98 14 9 31 10 11 86 35 58 12 15 77 32 55 79 96 68 26 11 34 32 81 78 80 48 57 85 91 89 39 72 54 64 66 27 24 25 99 42 42 57 8 28 27 81 45 96 42 94 74 99 71 94 83 38 97 3 50 31 5 5 29 81 73 
98 35 27 54 61 41 52 75 62 23 84 51 43 83 85 18 22 14 40 7 95 43 17 13 19 14 21 89 63 70 74 5 35 21 65 3 33 24 38 3 14 75 43 24 1 80 90 72 47 35 5 84 47 19 48 82 59 87 58 49 4 91 13 92 92 28 93 84 26 9 36 59 41 12 20 65 18 86 63 93 33 43 59 76 58 85 89 16 47 29 28 8 65 1 15 6 34 82 9 87 45 3 69 46 8 58 47 72 76 94 45 21 29 41 51 17 92 80 31 37 75 54 69 76 31 40 45 16 
34 93 23 88 14 90 55 4 22 83 66 55 20 91 22 2 86 2 95 24 55 47 8 94 54 15 26 17 1 63 35 9 49 51 65 49 69 67 28 75 29 24 2 96 81 40 46 90 31 20 85 4 67 9 83 35 24 92 95 48 21 14 58 82 95 54 7 57 22 16 86 37 83 99 54 34 27 4 38 64 68 45 3 64 24 71 39 47 79 45 29 2 83 92 22 28 16 100 33 82 41 26 7 65 30 51 5 81 17 57 67 11 40 28 74 7 98 66 26 86 99 56 83 79 65 69 9 66 
73 67 52 24 30 66 5 69 90 51 65 37 4 48 21 53 85 98 37 4 61 21 92 31 19 23 56 93 100 45 65 48 22 65 76 52 12 77 13 40 57 61 72 92 64 44 92 4 3 1 46 98 39 26 73 30 37 20 61 87 41 32 61 94 45 25 28 23 75 51 68 25 100 81 48 17 86 71 30 83 55 48 54 31 54 74 14 15 31 95 15 71 98 31 19 98 46 35 56 59 54 66 42 51 8 95 23 38 39 51 81 21 61 32 73 61 81 98 79 100 26 46 8 3 15 10 94 45 
51 90 59 55 57 58 64 87 65 78 28 14 64 30 4 10 19 34 99 30 86 4 66 90 74 29 47 43 40 12 99 100 27 10 50 43 66 38 83 33 55 7 3 21 74 36 88 62 58 72 51 2 62 80 86 7 71 98 52 4 12 49 66 52 57 81 22 5 56 43 77 71 88 12 92 21 72 69 23 6 100 86 23 64 47 5 25 31 11 73 32 15 51 98 35 29 64 75 78 45 89 22 40 60 31 24 93 95 27 9 62 94 22 38 98 46 40 16 93 78 53 62 94 90 40 56 3 72 
42 60 4 12 28 100 12 49 16 58 67 53 48 65 11 45 10 69 14 17 100 18 57 5 88 51 42 86 30 99 93 5 20 87 21 2 64 77 28 8 29 7 90 64 44 55 39 88 72 49 54 35 68 14 59 99 68 4 82 94 60 99 9 5 29 12 83 18 32 47 84 82 4 2 52 90 36 27 77 36 92 100 37 14 15 40 63 39 82 5 81 74 27 7 11 69 6 95 69 78 40 99 74 1 62 77 79 36 22 83 55 91 92 57 91 21 6 50 65 51 32 43 52 43 89 93 35 28 
96 77 91 78 52 86 39 98 12 15 87 37 10 64 8 92 87 18 31 70 7 29 82 83 13 51 53 9 29 3 28 49 6 26 22 12 82 98 19 98 50 20 48 48 40 98 12 73 16 70 39 51 97 30 31 37 16 11 82 12 64 49 2 90 4 53 4 1 29 15 74 8 81 4 61 96 20 64 57 14 67 70 68 8 66 25 89 41 6 97 83 99 39 21 31 88 81 13 58 41 2 43 83 11 67 80 79 79 73 77 63 56 20 41 89 65 53 10 30 34 35 99 24 51 7 22 47 89 
64 88 37 81 72 74 37 40 8 31 69 72 19 55 70 66 89 31 6 58 51 78 74 40 83 32 1 78 96 77 17 9 23 72 72 99 20 92 37 36 68 49 75 97 96 14 19 45 31 3 38 96 50 30 83 56 85 55 41 87 75 12 66 22 24 53 58 100 50 76 100 74 30 27 70 96 82 27 92 77 70 26 48 3 31 6 75 84 7 60 47 14 10 38 35 76 17 58 40 61 44 44 83 6 50 70 100 15 18 24 97 61 77 16 11 88 65 98 17 71 20 32 19 33 71 4 50 26 
46 8 64 50 58 99 12 44 54 12 8 99 32 2 65 39 48 90 34 76 87 100 14 60 82 97 29 44 21 60 50 24 3 99 27 24 26 69 89 13 35 89 23 40 72 37 91 46 49 9 24 1 5 70 27 47 57 11 63 61 68 95 45 43 57 43 38 77 29 76 16 36 19 23 88 62 40 45 3 69 49 74 29 91 49 25 49 39 2 96 73 84 2 34 94 91 77 32 42 51 26 78 37 75 18 20 32 48 73 86 36 31 92 47 16 40 75 79 23 66 99 70 42 33 71 11 55 56 
32 36 77 82 73 44 25 15 99 3 48 71 47 12 69 16 90 14 12 90 31 60 62 86 84 95 10 50 59 85 13 88 31 32 43 32 60 44 8 52 80 30 47 60 71 97 84 10 83 44 47 3 72 89 75 27 75 7 41 15 73 20 63 31 92 69 70 78 56 70 95 60 23 32 52 4 18 78 47 12 83 89 67 12 51 91 80 68 55 98 26 3 17 51 36 41 25 13 7 78 21 48 39 89 6 67 47 51 41 45 1 46 35 87 72 74 95 51 41 60 18 4 81 41 34 73 42 68 
33 1 79 1 28 70 87 43 52 37 55 63 82 35 90 74 14 44 77 18 38 15 45 80 4 99 79 54 69 81 37 96 91 35 74 57 67 1 35 55 72 4 30 39 26 11 12 99 76 90 51 36 12 23 6 41 77 15 54 55 19 5 85 38 78 23 94 22 57 4 65 51 4 79 73 99 20 15 88 3 85 61 42 31 6 31 68 49 45 80 39 94 13 86 72 56 76 72 77 64 49 96 61 58 42 14 60 18 16 84 64 28 30 6 71 87 2 92 92 35 10 15 98 75 42 54 31 9 
98 79 7 92 68 59 91 34 75 21 7 17 69 21 27 19 49 72 41 17 89 27 23 27 51 81 5 67 10 76 98 50 96 33 94 64 74 19 82 45 50 80 50 36 27 98 17 98 95 37 34 74 18 24 38 83 69 38 41 93 77 26 49 12 93 47 50 18 34 55 71 25 60 56 86 16 34 63 40 70 29 54 9 47 48 74 18 75 73 66 99 17 62 94 31 43 23 7 89 10 8 17 100 21 63 37 59 71 82 38 94 74 36 78 33 59 14 58 61 70 68 61 37 49 96 13 28 65 
85 70 89 96 32 92 51 90 76 52 11 86 22 60 2 42 88 73 77 95 87 41 98 25 57 13 90 2 98 100 6 59 8 80 20 93 86 74 9 77 10 44 3 52 41 19 70 58 99 52 16 77 16 79 42 67 11 44 93 59 78 4 23 23 93 10 10 29 47 3 6 52 96 15 50 86 1 78 24 28 44 98 99 67 8 24 43 28 10 1 48 68 7 23 1 82 74 41 92 62 32 90 44 96 86 84 55 56 40 69 29 47 57 12 24 86 38 42 54 27 53 87 78 89 76 92 36 34 
60 70 6 86 57 98 28 2 61 56 32 90 87 90 89 6 65 82 12 40 98 30 86 8 83 90 50 26 79 18 21 54 32 36 25 77 54 73 53 48 23 65 72 90 35 61 33 90 33 23 21 37 73 35 30 97 1 53 94 44 93 44 9 19 73 54 95 1 36 47 27 56 33 62 85 27 84 13 42 55 63 44 100 20 69 41 14 35 47 63 40 84 50 19 3 13 25 40 69 77 5 13 63 90 28 42 81 89 66 17 5 12 88 33 41 52 13 79 17 40 5 70 32 65 32 19 42 3 
3 82 84 99 50 10 22 29 53 98 24 1 40 2 21 91 41 43 78 41 30 56 64 54 96 77 57 56 54 54 35 34 18 64 84 33 69 40 57 5 32 90 31 2 11 68 24 41 7 37 28 18 43 95 22 11 60 68 18 94 46 24 15 87 89 36 17 96 98 38 11 26 43 77 64 10 35 46 69 30 58 45 50 57 72 11 93 51 64 51 48 61 86 18 16 70 60 49 39 19 80 34 3 54 89 85 43 29 84 66 94 3 39 77 23 35 61 62 97 44 64 36 92 2 54 37 96 98 
10 68 19 91 89 81 93 44 29 36 45 22 34 45 48 35 64 93 59 62 60 24 84 92 52 76 42 50 53 26 45 93 70 59 76 34 16 6 35 93 51 86 60 78 24 88 69 84 82 96 93 82 89 25 60 45 68 83 84 31 91 43 91 13 80 28 96 33 8 96 90 22 20 51 9 5 21 47 51 41 25 62 88 59 56 82 11 98 86 29 34 17 10 57 27 97 50 1 34 2 16 22 2 2 22 20 40 19 18 75 40 83 57 40 2 96 49 71 100 13 29 85 8 90 56 35 14 18 
44 16 27 36 1 42 20 19 40 71 7 84 8 12 60 51 37 95 61 88 22 41 5 100 51 96 69 35 80 53 4 22 63 48 36 43 69 96 90 46 18 36 75 57 67 2 34 75 10 20 12 82 72 88 41 7 26 11 53 89 54 36 50 20 63 24 42 13 8 61 81 19 50 32 22 85 76 63 94 37 70 100 95 33 33 1 72 94 55 85 7 80 43 67 63 40 39 11 68 34 17 60 77 96 34 43 50 16 17 60 49 34 63 100 92 37 12 57 42 69 45 10 67 79 34 12 82 56 
17 38 11 78 7 52 62 94 43 24 33 40 96 13 88 16 78 28 10 77 10 33 28 67 74 70 20 48 34 11 21 1 41 30 40 28 1 7 79 13 15 70 21 28 85 90 30 100 34 3 16 56 2 29 79 28 4 96 29 70 88 46 65 73 26 50 36 74 72 97 13 84 28 30 14 87 74 54 97 9 44 65 79 87 79 76 64 30 10 5 41 68 47 13 17 37 91 44 69 27 63 38 99 95 20 64 27 56 97 50 38 66 15 4 55 44 19 61 62 24 38 80 28 41 29 38 89 90 
77 94 75 14 44 80 36 42 15 86 10 9 24 99 60 20 16 53 33 30 65 20 58 11 33 61 12 88 21 28 46 87 43 70 82 6 74 9 76 71 63 85 91 91 21 2 7 44 84 91 88 70 48 41 92 89 90 46 8 34 68 16 21 66 95 52 59 42 96 63 3 41 38 44 3 60 69 25 42 54 45 49 84 95 77 73 44 40 63 65 96 69 21 46 92 9 33 25 34 100 27 82 71 91 60 38 18 83 68 65 72 93 41 68 99 47 80 8 56 4 24 50 58 6 37 26 37 63 
64 9 100 69 89 46 72 76 64 94 73 99 55 6 90 53 23 84 34 96 56 66 83 27 81 25 4 98 98 5 48 12 33 76 53 22 83 95 46 56 17 6 87 9 68 77 8 96 13 57 22 1 48 11 39 44 55 5 86 71 85 37 17 6 49 76 92 1 90 61 19 90 80 69 39 8 36 53 76 85 94 22 43 4 100 49 38 36 9 94 56 9 31 66 34 15 20 49 23 73 44 92 11 26 95 36 36 33 32 41 100 36 73 17 72 37 31 72 95 18 78 9 2 68 57 58 64 93 
25 57 7 37 93 47 61 59 62 88 50 7 26 90 90 44 44 2 37 49 97 94 59 16 49 65 8 81 57 35 42 68 69 47 15 97 57 45 5 64 96 64 88 69 73 37 82 8 58 32 57 58 49 67 6 36 25 4 41 36 47 68 58 11 55 89 16 4 42 23 74 83 50 43 12 65 57 75 5 33 52 12 59 53 50 92 65 35 1 68 73 67 28 35 97 87 88 22 33 81 3 52 92 97 2 67 67 72 84 14 70 32 70 78 1 74 98 58 83 46 80 57 49 85 6 76 68 86 
97 72 67 3 53 86 85 64 40 9 1 96 17 8 18 64 28 82 97 90 8 56 46 59 86 88 71 57 40 7 75 75 81 30 86 18 13 28 5 71 12 78 17 9 19 79 92 64 97 71 44 51 80 33 39 10 14 63 32 64 30 17 53 40 1 64 48 94 52 80 6 58 67 49 87 39 61 73 30 25 15 39 37 57 61 9 45 21 19 38 51 89 30 77 25 19 25 41 27 6 81 22 46 58 97 72 80 14 100 83 82 49 29 28 64 1 26 8 47 13 52 13 70 57 21 99 49 33 
25 3 64 90 65 83 14 90 68 67 95 53 47 91 79 39 94 53 78 67 19 100 37 80 19 52 1 27 10 87 12 92 2 24 28 56 65 20 49 44 38 87 69 92 1 93 19 28 46 100 64 99 81 100 62 20 35 88 22 38 93 27 54 66 92 93 30 53 66 89 83 27 65 25 40 82 43 37 27 65 45 97 99 71 92 67 21 69 17 84 62 28 44 5 36 73 24 54 62 36 63 19 47 80 69 74 21 64 30 93 26 13 75 16 37 95 36 69 86 33 44 49 44 17 39 19 88 37 
94 1 35 81 93 64 27 6 68 55 91 24 68 91 28 75 99 22 5 94 90 3 19 10 89 10 90 75 35 18 90 80 55 36 88 90 54 70 68 56 22 93 76 23 67 55 83 38 45 72 100 48 100 64 84 75 42 86 9 86 2 2 49 15 44 15 74 66 73 26 7 18 30 50 12 97 59 20 90 28 63 44 89 68 70 54 31 71 18 52 6 100 91 94 26 8 5 63 46 57 82 94 99 51 91 69 84 27 89 40 57 52 91 4 91 83 14 43 62 53 54 2 34 70 89 51 100 20 
60 69 15 85 73 18 78 59 32 55 96 38 99 95 77 29 28 4 92 84 97 96 89 61 9 98 57 83 76 78 31 74 44 9 93 38 5 59 56 69 23 31 79 19 35 45 75 81 9 93 41 97 57 57 78 56 71 47 7 77 6 95 9 73 84 95 43 61 15 3 31 79 21 61 19 32 53 85 2 22 68 68 48 54 21 71 25 36 34 56 7 7 80 74 27 92 13 63 61 17 49 96 11 9 63 27 86 16 51 69 5 47 56 60 50 71 69 16 73 17 77 97 45 61 28 18 46 76 
42 37 5 22 84 90 4 63 45 98 1 95 24 79 48 17 13 93 86 16 32 71 47 79 92 48 33 59 25 42 15 65 98 40 14 46 69 81 88 87 15 55 87 99 33 50 29 49 6 40 44 1 17 56 39 4 79 65 97 30 20 92 97 11 52 24 6 63 32 56 62 53 14 47 18 83 10 5 33 58 57 77 94 87 27 99 63 17 55 10 2 52 42 80 66 37 49 3 74 15 26 5 50 95 29 89 17 6 25 9 62 67 81 94 96 80 20 88 11 99 70 28 3 38 39 50 48 79 
9 75 19 53 47 23 47 90 28 92 65 57 17 51 76 1 61 55 3 36 10 14 24 74 85 17 46 47 60 44 41 37 67 34 59 27 36 38 25 61 16 42 51 12 80 33 10 90 32 95 58 24 50 56 67 19 50 41 30 93 82 24 80 47 94 9 51 24 14 4 39 25 13 9 95 28 14 86 46 20 34 90 20 10 95 45 35 24 20 20 24 52 43 76 84 52 50 54 94 100 5 71 92 17 11 27 50 25 57 39 38 33 29 77 21 42 4 8 46 45 31 80 3 69 36 74 65 59 
68 89 74 68 51 54 23 16 92 69 30 36 11 4 7 28 99 25 74 13 28 4 5 95 58 38 93 9 97 3 54 79 84 98 70 63 27 28 79 77 75 5 41 43 49 94 32 79 47 4 82 25 63 82 7 82 28 12 46 56 42 31 75 78 14 13 9 60 89 54 41 43 14 1 33 88 97 76 60 52 90 98 64 85 59 79 40 53 86 24 55 14 12 75 37 96 61 67 56 78 65 22 48 77 72 91 72 83 5 81 23 1 37 8 74 84 30 14 8 21 48 99 100 40 1 35 25 66 
18 46 36 28 32 35 61 6 80 30 56 81 74 79 14 22 12 42 67 93 49 74 78 27 100 51 32 14 86 83 40 1 60 10 91 29 21 47 70 91 19 37 5 45 13 57 78 74 39 29 88 100 14 7 19 45 60 95 27 82 81 26 28 100 35 52 4 14 39 21 73 8 48 81 25 28 44 59 4 49 44 38 12 31 40 81 29 47 46 100 82 97 25 74 47 20 4 99 33 22 74 56 67 35 69 37 74 47 52 80 6 60 33 5 8 13 48 87 24 63 10 91 62 17 95 63 47 34 
18 50 18 45 21 58 25 29 38 64 67 45 50 92 62 89 62 61 85 71 24 46 97 49 45 54 56 19 52 74 54 76 61 5 67 28 4 61 17 1 70 23 87 61 93 65 4 37 91 54 69 51 96 90 42 37 78 42 10 24 24 60 69 53 16 72 98 17 73 16 74 96 3 84 92 25 47 20 70 52 34 58 3 94 90 51 85 78 33 64 17 7 72 21 11 91 38 5 12 44 56 49 4 37 87 40 47 41 47 48 24 24 67 99 97 32 80 66 97 21 32 69 2 49 65 31 98 50 
64 17 46 61 85 45 74 30 63 13 44 24 37 11 32 30 84 94 80 87 21 91 17 73 93 1 81 85 82 65 38 4 61 4 17 55 66 65 81 74 46 3 40 38 73 82 78 52 60 19 47 67 17 69 62 7 76 22 46 41 96 32 91 91 41 45 88 81 82 8 69 13 5 37 89 98 85 6 59 48 68 26 25 50 57 55 19 85 94 82 74 35 80 43 74 50 7 34 91 15 39 83 37 35 75 81 73 85 94 74 3 24 67 91 56 95 39 74 60 59 14 84 57 52 98 84 59 56 
12 59 70 59 5 28 4 25 69 34 29 44 74 68 88 52 46 18 64 59 35 78 79 43 71 86 24 93 22 88 84 63 91 90 61 14 30 95 40 33 4 28 52 98 83 46 75 14 5 64 31 11 56 15 77 47 73 58 7 15 87 39 12 63 9 62 24 38 70 50 76 62 92 92 24 46 21 57 77 3 75 29 4 23 12 86 100 80 38 28 19 19 8 21 76 19 25 73 55 18 85 34 77 23 74 6 78 96 58 27 14 72 19 10 85 96 8 4 20 27 61 58 49 95 94 25 61 69 
89 31 29 95 41 19 68 22 40 36 30 45 98 78 77 56 32 77 92 62 19 35 30 31 73 61 20 56 32 37 1 1 37 33 56 73 51 52 22 15 27 86 70 50 71 31 51 40 6 83 85 56 65 98 86 86 71 3 37 33 74 34 10 38 86 33 80 17 90 27 63 66 5 33 48 55 45 85 43 91 42 43 77 38 47 72 97 98 38 47 54 67 82 13 67 18 20 4 48 80 38 74 33 93 75 58 96 3 69 89 60 81 65 80 31 35 21 25 66 45 97 73 75 49 81 85 80 13 
27 79 42 41 14 75 62 89 59 1 41 88 15 49 54 83 83 10 77 8 52 42 35 58 19 4 77 53 84 63 86 83 20 24 90 48 1 99 71 99 28 17 44 99 84 27 51 87 79 50 30 64 30 97 15 71 26 54 16 26 62 22 40 85 98 58 42 76 99 79 89 12 74 43 95 3 17 3 97 65 40 71 9 27 8 35 67 18 7 98 74 63 26 16 99 9 19 66 47 92 42 42 14 39 21 66 7 33 31 91 36 51 62 57 32 51 21 28 6 86 92 95 60 43 46 67 19 29 
99 4 9 44 95 19 18 71 74 63 37 78 9 70 10 67 82 56 56 29 85 24 66 99 40 77 41 68 76 62 13 17 18 85 61 99 96 42 2 1 68 21 90 5 60 45 55 1 95 87 5 37 19 5 66 49 83 55 65 13 36 85 94 24 31 4 23 82 86 62 96 47 46 32 93 52 75 55 2 2 70 57 9 20 44 42 58 92 55 55 3 80 57 83 88 26 33 26 71 40 93 42 82 35 36 43 86 59 17 51 100 54 1 95 46 42 97 30 1 69 44 48 57 90 44 34 64 85 
100 38 19 51 61 67 45 30 26 78 50 40 63 49 59 81 92 9 30 71 10 49 45 72 69 85 27 95 84 24 24 21 17 56 55 92 54 62 62 23 91 66 47 71 28 97 41 31 93 85 80 43 9 18 96 99 75 87 4 32 94 36 60 11 6 65 14 29 41 72 80 44 17 24 79 77 38 3 46 5 32 83 74 29 92 25 59 39 34 13 4 96 94 34 32 40 99 40 42 6 76 66 4 85 54 45 93 68 70 97 37 17 46 30 71 4 6 40 52 83 5 22 35 17 63 93 81 89 
51 96 12 99 79 97 26 64 38 68 82 99 58 69 84 79 67 95 18 62 58 20 59 85 53 70 4 18 53 19 4 86 74 56 89 54 35 14 39 71 15 9 86 49 56 15 10 58 95 38 18 9 48 36 33 87 100 28 29 77 64 89 85 89 98 89 99 53 42 79 53 62 21 67 59 31 61 56 65 69 66 88 80 9 72 48 41 81 34 18 95 11 8 63 40 61 21 90 18 9 19 78 84 81 65 26 64 56 87 66 27 97 34 72 73 14 95 100 53 35 91 29 62 83 89 89 85 48 
74 1 65 87 59 48 41 18 91 93 74 48 13 6 33 32 9 86 50 16 21 48 37 87 75 76 35 3 14 31 59 11 43 39 73 94 83 53 62 43 40 3 33 22 76 23 76 7 79 72 93 94 72 4 63 18 43 60 96 84 35 83 73 33 40 8 73 53 67 49 23 55 77 95 80 33 25 97 60 14 73 3 14 7 4 76 92 21 67 28 69 43 87 54 57 34 46 43 21 96 39 41 31 3 86 87 71 18 65 43 45 9 90 14 31 10 78 49 10 1 100 30 86 60 2 8 64 23 
59 63 62 51 77 56 98 78 59 65 66 77 36 75 61 48 48 42 25 98 63 37 38 81 76 10 46 61 66 80 46 9 85 28 31 13 49 60 98 96 8 51 42 62 57 72 36 56 7 27 32 42 86 3 1 89 9 80 73 85 84 44 84 15 10 83 95 91 8 46 16 35 18 55 67 38 53 15 29 47 66 45 20 98 61 54 69 11 24 31 9 67 59 33 76 67 72 92 86 84 83 69 80 25 23 51 50 87 91 10 46 91 68 37 11 57 20 50 25 4 45 2 90 40 71 62 78 79 
16 69 41 87 57 66 14 19 93 45 67 84 84 60 83 42 62 53 40 15 53 80 81 47 22 86 68 99 50 62 28 100 37 21 7 92 86 88 99 51 62 63 74 76 85 31 66 7 82 8 53 79 7 4 2 27 49 16 100 13 23 37 87 24 92 72 53 34 67 44 24 36 53 49 42 88 95 3 92 41 83 46 37 1 91 71 85 7 13 72 74 85 68 20 60 89 61 9 93 29 25 28 87 74 76 34 94 7 98 4 36 8 50 97 95 13 71 30 53 49 97 87 55 88 86 64 89 47 
72 35 79 93 90 60 47 54 15 56 67 30 14 24 70 86 7 24 63 67 49 14 32 81 45 64 26 72 92 73 42 90 70 74 36 78 21 53 93 85 35 43 81 23 67 22 17 63 64 41 17 45 39 25 42 86 35 63 67 6 59 10 52 57 68 95 74 85 82 30 12 49 7 76 40 82 70 5 59 1 63 51 75 99 46 44 62 91 14 56 31 30 33 26 95 62 98 86 57 72 35 57 40 74 57 79 75 87 53 46 31 56 38 58 69 55 49 6 86 12 27 86 83 56 1 76 81 90 
34 62 46 29 78 3 89 78 74 62 47 22 26 61 10 58 47 4 58 20 37 99 50 52 28 3 8 4 23 57 85 51 11 68 93 69 48 19 29 2 94 68 13 10 67 69 36 14 96 5 29 96 37 97 72 19 15 34 22 55 93 42 98 88 100 10 53 4 42 59 67 28 56 46 37 51 23 77 78 10 27 41 5 18 62 93 78 30 11 51 65 87 13 77 39 14 68 79 79 94 41 68 82 4 83 46 4 78 17 22 92 8 7 11 6 77 87 36 33 20 41 60 12 27 69 35 87 40 
86 64 81 66 84 26 38 17 65 39 5 61 39 37 63 66 82 43 25 25 56 30 24 75 58 19 60 69 88 13 34 88 69 60 64 88 2 7 33 70 11 81 56 17 32 61 11 40 88 48 95 17 86 12 6 98 89 100 12 5 94 76 25 17 79 86 14 96 11 100 61 37 34 50 88 90 13 33 58 82 29 86 68 72 92 13 59 21 28 62 42 75 41 59 79 4 15 91 86 9 57 83 66 57 86 11 94 23 29 95 21 64 13 39 52 2 89 25 63 34 16 29 14 29 35 96 86 32 
98 1 65 64 42 51 30 42 50 47 16 88 45 83 92 91 12 54 91 46 76 7 63 44 15 5 27 97 89 85 30 84 2 46 42 77 60 17 100 70 30 96 13 20 25 91 79 76 34 17 82 3 48 21 18 87 89 38 61 72 65 23 29 94 87 10 12 10 77 60 10 20 17 84 42 25 86 34 73 56 25 61 62 32 51 28 43 63 2 25 9 45 44 78 29 26 10 63 64 95 38 40 51 48 68 32 60 28 65 15 38 20 31 28 86 99 1 79 61 60 88 25 63 97 3 27 60 14 
42 41 72 61 73 88 77 38 63 97 28 93 48 33 40 5 30 65 92 28 52 20 67 28 60 71 28 10 62 57 57 94 68 57 95 80 25 85 1 52 3 68 24 80 12 98 47 21 4 38 86 60 57 24 75 82 39 76 12 62 3 18 43 51 34 11 98 52 5 12 32 34 75 21 94 53 55 29 10 33 8 65 17 54 7 5 40 41 75 99 65 20 97 1 1 97 18 29 88 50 11 77 95 45 23 36 98 40 13 38 27 26 53 19 95 88 42 94 37 94 37 36 95 65 7 93 48 12 
90 30 21 27 68 96 58 27 77 31 39 80 14 63 70 3 38 11 60 9 77 75 93 14 64 5 50 33 78 12 33 43 52 82 69 23 43 71 53 33 20 92 84 39 28 29 53 30 79 35 47 42 85 24 97 68 2 92 48 73 99 93 6 19 25 52 66 32 93 23 9 31 93 65 25 23 15 53 41 20 24 64 97 27 11 80 52 90 71 47 75 10 54 65 33 47 81 69 55 13 72 56 48 28 11 61 14 79 95 73 75 37 45 62 83 30 51 3 23 41 13 83 16 15 39 98 7 78 
77 99 91 91 100 20 98 55 99 99 83 35 48 92 19 49 56 90 91 32 98 22 68 11 94 32 86 40 50 97 45 17 65 57 34 15 3 28 39 4 77 19 20 59 50 89 14 56 59 59 37 36 15 13 2 26 14 29 26 41 63 21 48 2 79 4 68 59 91 56 1 10 46 35 28 72 34 27 33 47 93 77 72 94 81 59 44 35 70 69 9 28 2 7 76 32 52 9 44 89 49 98 45 53 55 42 44 35 28 73 27 74 10 2 85 34 43 64 18 39 70 83 72 16 35 67 73 77 
97 6 58 24 75 84 27 7 44 4 75 79 52 51 55 7 17 27 13 85 34 20 4 85 50 32 67 35 4 53 9 100 57 81 88 12 26 17 42 67 25 36 39 38 85 24 51 5 2 64 100 9 59 97 46 93 42 80 65 78 59 56 32 48 63 8 97 40 83 98 16 99 98 79 77 89 58 6 49 87 95 28 34 35 56 35 39 70 77 33 50 92 98 92 38 46 17 11 28 28 39 90 26 73 68 69 7 27 10 63 73 25 57 23 79 29 72 80 20 95 74 41 22 70 10 79 97 60 
32 13 76 92 35 64 29 1 98 94 79 74 64 19 78 28 76 26 12 92 31 6 17 99 18 57 74 37 40 91 52 63 71 67 10 89 60 64 11 83 16 7 11 78 56 38 24 28 57 1 5 85 92 20 8 37 6 5 35 28 62 31 31 63 87 45 20 61 52 94 3 46 64 90 40 44 71 29 84 83 33 32 10 21 95 82 37 62 77 67 92 17 61 67 68 77 9 75 69 31 77 52 78 85 62 33 35 48 80 64 87 62 85 73 64 47 24 43 23 40 6 80 30 15 13 78 62 60 
66 86 48 86 28 53 80 48 1 21 81 95 98 35 63 10 74 53 28 24 66 93 73 55 28 91 56 55 4 70 41 44 6 5 83 76 69 76 92 2 36 91 44 42 21 60 18 82 37 5 13 68 16 60 72 53 68 95 31 77 88 18 45 45 78 50 62 8 58 12 38 6 95 5 74 21 92 48 41 48 2 24 53 71 55 57 62 36 25 57 23 59 75 53 36 17 65 65 9 13 18 78 20 4 32 4 65 2 23 18 78 67 42 56 58 55 47 94 95 4 14 95 84 95 28 10 42 52 
51 60 53 59 36 6 42 92 83 82 76 24 12 37 5 86 26 85 39 83 48 65 28 44 68 18 58 10 9 84 40 44 28 75 43 92 85 98 44 11 69 39 40 67 9 92 91 23 55 78 40 90 79 10 12 1 47 58 72 10 87 56 53 77 91 51 68 9 90 41 82 66 25 62 27 45 50 82 84 29 57 1 63 10 53 48 13 68 50 86 40 26 88 22 38 67 40 85 68 39 2 90 47 26 95 13 64 73 50 24 54 9 34 65 34 13 54 26 84 41 45 77 52 25 36 75 11 29 
37 98 94 8 80 56 38 71 14 60 8 90 63 7 92 98 90 80 52 14 37 54 70 74 19 25 63 7 56 4 17 34 79 68 98 37 45 14 64 16 13 39 68 54 49 72 39 72 83 81 62 43 21 71 58 31 57 20 58 14 78 98 19 98 44 65 11 23 52 50 98 81 21 79 7 42 33 17 85 65 92 27 39 50 65 29 43 90 38 23 65 64 77 26 35 78 59 20 55 37 92 68 38 56 8 79 38 35 5 100 56 86 23 76 72 95 59 41 31 89 5 47 44 84 34 70 30 27 
80 2 9 11 57 96 25 48 89 83 33 59 75 11 55 25 20 24 21 39 46 53 90 21 49 74 92 66 74 2 13 61 20 31 9 17 11 83 16 10 70 2 94 33 69 37 94 16 48 74 44 53 1 5 69 4 62 96 93 89 10 61 83 32 69 91 30 30 50 11 19 96 56 84 33 98 81 61 41 54 41 50 100 10 45 41 96 58 96 52 58 25 50 61 18 56 44 78 14 63 74 35 68 68 91 53 90 100 23 13 9 50 71 64 7 6 70 25 38 16 33 4 86 14 64 30 64 93 
41 42 37 13 93 80 95 37 67 88 35 59 86 80 86 53 44 76 92 56 20 49 85 34 67 56 75 70 5 7 25 4 84 82 50 33 71 22 67 96 35 62 47 41 75 85 45 71 26 38 22 14 57 27 80 31 82 91 9 63 28 18 6 22 3 82 16 85 79 82 1 25 10 60 2 46 71 22 52 6 8 44 8 61 31 51 81 32 80 12 94 82 28 91 92 28 56 92 85 61 2 12 37 39 29 69 64 16 83 71 39 85 83 23 60 63 62 88 22 67 98 45 28 9 73 16 36 75 
9 81 87 53 77 65 39 25 61 23 28 92 74 32 51 9 5 69 75 16 49 52 13 9 88 40 57 22 67 5 5 73 31 64 61 47 30 100 90 10 41 24 90 40 92 48 26 80 37 49 71 91 26 18 43 22 11 7 86 29 23 70 99 23 71 22 71 52 91 90 62 41 67 12 25 23 78 54 56 62 15 58 1 45 11 39 84 26 62 99 84 22 20 87 4 15 89 37 34 20 100 70 83 19 80 37 66 25 80 64 88 3 26 62 5 41 93 96 47 54 44 86 10 69 91 71 39 77 
-1 1 1 -1 -1 1 1 1 -1 -1 -1 -1 -1 1 -1 -1 -1 -1 -1 1 1 1 -1 -1 1 1 1 -1 1 1 1 -1 1 -1 -1 -1 -1 -1 1 -1 1 -1 1 1 -1 -1 1 -1 1 1 -1 -1 -1 -1 -1 -1 1 -1 -1 1 1 -1 1 -1 -1 -1 1 -1 -1 -1 -1 1 -1 1 -1 -1 -1 1 -1 1 -1 1 1 -1 -1 1 1 1 1 -1 1 1 -1 -1 -1 1 -1 -1 1 1 -1 1 1 -1 -1 1 -1 -1 1 1 1 -1 1 -1 1 -1 1 -1 -1 -1 1 1 -1 1 -1 1 1 -1 
1 1 -1 -1 -1 1 1 1 -1 1 -1 -1 -1 1 1 -1 1 1 -1 -1 1 -1 1 -1 -1 -1 1 -1 1 -1 -1 1 -1 -1 -1 -1 1 1 -1 1 1 -1 1 -1 -1 1 -1 1 -1 1 1 -1 1 -1 -1 -1 1 1 -1 -1 -1 1 1 1 -1 1 1 -1 1 -1 1 1 1 -1 -1 -1 -1 -1 -1 -1 -1 1 1 1 1 1 1 -1 -1 -1 -1 1 -1 1 -1 1 -1 1 -1 1 1 1 1 -1 -1 1 1 1 -1 1 -1 -1 1 1 1 1 1 1 1 -1 1 1 -1 -1 -1 -1 1 1 
1 -1 -1 1 1 1 -1 1 -1 -1 -1 -1 -1 1 1 1 1 1 -1 -1 -1 -1 1 1 -1 -1 -1 1 -1 -1 -1 -1 -1 1 -1 -1 -1 -1 1 -1 1 1 1 1 1 -1 -1 -1 1 -1 -1 -1 -1 -1 -1 -1 -1 1 -1 -1 -1 1 1 1 1 1 1 -1 1 -1 -1 -1 -1 1 1 -1 1 1 -1 1 -1 -1 1 1 1 1 -1 -1 -1 -1 1 -1 -1 -1 -1 -1 -1 1 -1 -1 -1 -1 1 -1 -1 1 -1 1 1 1 -1 -1 1 -1 -1 -1 -1 -1 1 1 -1 -1 -1 1 -1 1 1 -1 
-1 -1 1 1 1 -1 1 1 1 1 -1 -1 1 1 -1 1 -1 -1 1 1 1 -1 -1 1 -1 1 1 1 -1 1 -1 1 -1 1 -1 -1 -1 -1 1 1 -1 1 1 -1 -1 1 1 -1 -1 1 -1 1 -1 -1 -1 -1 -1 1 1 -1 1 1 -1 -1 1 -1 -1 -1 -1 -1 1 1 -1 -1 1 1 1 -1 1 -1 -1 -1 1 1 1 -1 1 1 -1 1 -1 1 -1 1 -1 -1 1 -1 1 1 -1 1 -1 1 -1 -1 -1 1 -1 -1 1 1 1 1 1 1 1 -1 1 -1 1 1 -1 -1 1 1 1 1 
-1 -1 1 1 1 -1 -1 -1 1 1 -1 -1 1 1 1 -1 -1 -1 1 1 -1 1 1 -1 -1 1 -1 1 -1 1 1 1 1 1 1 1 -1 -1 1 -1 -1 1 -1 -1 1 1 -1 -1 -1 -1 -1 1 -1 1 -1 -1 1 1 1 -1 1 -1 1 -1 1 -1 -1 1 -1 -1 -1 1 -1 -1 -1 -1 -1 1 1 1 -1 1 -1 -1 1 1 -1 -1 -1 1 -1 1 -1 -1 1 1 1 1 -1 -1 1 -1 -1 -1 -1 1 -1 1 1 1 -1 -1 1 -1 -1 1 1 1 -1 1 -1 -1 1 -1 1 -1 -1 -1 
1 1 1 -1 -1 -1 1 -1 -1 -1 1 -1 -1 1 -1 -1 1 1 -1 -1 1 1 1 1 1 -1 1 1 -1 -1 1 -1 1 -1 1 1 1 1 1 1 -1 1 -1 -1 1 1 1 1 -1 -1 -1 -1 -1 1 1 -1 -1 -1 1 1 1 -1 1 -1 1 1 -1 1 -1 1 -1 -1 1 -1 -1 1 1 1 -1 1 1 1 -1 1 1 1 1 -1 -1 -1 1 1 -1 -1 1 1 1 1 -1 -1 -1 1 -1 -1 1 -1 1 -1 -1 1 1 -1 -1 -1 -1 -1 1 1 -1 -1 -1 1 -1 1 1 1 -1 -1 
1 1 -1 1 -1 1 -1 1 -1 1 -1 1 1 -1 1 -1 -1 1 -1 1 1 1 -1 -1 -1 1 -1 1 1 -1 -1 1 1 1 -1 1 -1 -1 1 -1 1 -1 -1 -1 1 1 1 1 -1 -1 1 1 1 -1 1 -1 -1 -1 -1 -1 -1 -1 -1 -1 -1 1 -1 -1 1 -1 -1 -1 -1 1 1 -1 -1 1 1 -1 1 1 1 -1 1 1 1 -1 -1 1 1 -1 1 -1 1 -1 -1 1 1 -1 1 -1 1 -1 1 -1 1 1 1 1 1 -1 1 1 1 -1 1 1 1 -1 -1 -1 -1 1 1 -1 -1 1 
1 1 1 1 -1 -1 1 -1 -1 -1 -1 -1 -1 -1 -1 1 -1 -1 -1 1 1 1 -1 1 -1 1 1 -1 1 -1 1 1 1 1 -1 1 -1 1 1 1 -1 1 -1 1 -1 -1 1 -1 -1 -1 -1 -1 1 -1 -1 1 -1 -1 1 -1 1 -1 -1 1 1 -1 1 -1 -1 1 -1 1 1 1 1 -1 1 1 1 1 1 -1 1 -1 -1 -1 1 -1 1 -1 1 -1 -1 -1 1 -1 -1 1 -1 -1 1 -1 1 1 -1 -1 1 1 1 1 -1 -1 -1 1 -1 -1 1 -1 -1 1 1 1 -1 1 -1 1 -1 -1 
-1 -1 -1 1 1 -1 -1 -1 1 1 -1 1 1 -1 -1 -1 1 1 -1 1 1 -1 1 -1 -1 -1 1 1 1 1 1 -1 -1 1 -1 -1 1 1 -1 1 -1 -1 1 1 1 1 1 -1 1 -1 1 -1 1 1 1 1 -1 -1 -1 -1 1 -1 1 1 -1 1 1 -1 -1 -1 1 -1 -1 1 1 1 1 1 1 -1 1 -1 -1 1 1 -1 1 1 -1 1 -1 1 -1 -1 -1 -1 1 -1 1 -1 -1 -1 -1 -1 1 1 -1 1 -1 1 1 -1 1 1 1 -1 1 1 -1 1 -1 1 1 1 -1 -1 1 -1 
-1 1 -1 1 1 -1 1 -1 1 1 -1 -1 -1 -1 1 -1 -1 -1 -1 1 1 1 1 1 -1 1 1 -1 -1 -1 1 1 1 1 1 -1 -1 1 1 1 -1 -1 -1 1 1 1 1 -1 -1 1 -1 1 -1 1 -1 1 -1 1 1 -1 -1 1 1 -1 -1 1 -1 1 -1 -1 1 -1 1 -1 -1 -1 -1 -1 -1 -1 -1 -1 1 1 -1 1 1 1 -1 1 1 -1 -1 1 -1 1 1 1 1 -1 -1 -1 -1 1 1 1 1 -1 -1 1 -1 1 1 -1 -1 -1 1 -1 -1 1 -1 1 -1 1 -1 -1 1 1 
-1 -1 -1 -1 -1 1 -1 -1 -1 -1 -1 -1 1 1 -1 1 -1 -1 -1 1 -1 -1 1 -1 -1 -1 1 1 -1 1 1 -1 -1 -1 1 1 1 -1 -1 -1 1 -1 1 -1 1 -1 1 1 1 1 -1 -1 1 1 -1 1 1 -1 -1 -1 1 -1 1 -1 -1 1 1 -1 1 1 1 1 -1 1 -1 -1 -1 -1 1 -1 1 1 1 -1 1 -1 -1 1 -1 -1 1 -1 -1 1 1 -1 1 -1 1 -1 -1 1 1 1 -1 -1 -1 -1 1 -1 1 -1 1 -1 1 -1 1 1 -1 1 1 -1 1 1 1 -1 -1 1 
-1 -1 -1 -1 -1 -1 1 -1 1 -1 -1 1 1 1 1 -1 -1 -1 1 -1 -1 1 -1 1 1 -1 -1 -1 -1 1 -1 1 1 1 -1 1 1 1 -1 1 -1 -1 1 1 1 -1 1 -1 -1 -1 1 -1 1 1 1 1 1 1 -1 -1 -1 1 -1 -1 -1 -1 -1 1 -1 1 -1 1 1 -1 1 -1 -1 1 1 1 -1 1 1 -1 1 1 1 -1 -1 -1 1 1 -1 -1 -1 1 -1 1 -1 -1 1 -1 -1 1 1 -1 1 1 1 -1 -1 -1 1 1 -1 1 1 1 -1 -1 1 -1 -1 1 1 -1 1 -1 
-1 -1 -1 1 1 -1 1 -1 1 -1 1 1 1 1 -1 1 1 1 -1 1 1 -1 1 1 -1 -1 -1 1 1 -1 1 -1 1 -1 1 1 -1 1 -1 -1 -1 -1 -1 -1 1 1 1 1 -1 1 -1 1 -1 -1 -1 -1 1 -1 1 -1 1 -1 -1 1 1 1 -1 1 1 1 1 1 1 -1 1 -1 1 -1 -1 1 1 -1 -1 1 1 -1 -1 -1 -1 1 1 1 -1 1 1 1 -1 -1 1 -1 -1 -1 1 -1 1 -1 1 1 1 -1 -1 1 -1 -1 -1 -1 1 -1 1 1 -1 -1 -1 1 1 -1 -1 -1 
1 1 1 1 1 1 -1 -1 -1 -1 1 1 1 -1 1 1 1 -1 -1 1 1 -1 -1 -1 1 1 1 1 -1 1 -1 1 -1 1 1 -1 -1 1 -1 1 -1 1 1 1 1 1 1 -1 -1 1 1 1 1 -1 -1 -1 1 -1 1 -1 -1 -1 1 1 -1 1 -1 -1 -1 -1 -1 -1 -1 1 -1 -1 -1 1 -1 -1 -1 -1 1 -1 1 -1 1 1 1 1 -1 -1 1 1 -1 1 -1 1 1 -1 1 1 1 -1 -1 -1 1 -1 1 -1 -1 1 -1 -1 -1 -1 -1 -1 -1 -1 -1 -1 1 -1 1 -1 -1 1 
-1 1 1 -1 1 -1 1 -1 -1 1 -1 1 -1 1 -1 -1 -1 -1 -1 -1 -1 -1 1 -1 -1 1 -1 1 -1 -1 1 -1 1 1 1 1 -1 -1 1 -1 -1 -1 1 1 -1 -1 1 1 -1 1 -1 1 -1 1 -1 1 1 1 -1 1 1 -1 1 1 -1 -1 1 1 -1 1 1 -1 -1 1 1 1 -1 1 -1 1 -1 1 -1 -1 1 -1 1 -1 -1 -1 1 1 1 -1 1 1 -1 -1 1 1 1 -1 1 -1 -1 -1 1 1 -1 1 -1 1 -1 1 -1 -1 1 -1 -1 1 1 -1 -1 1 -1 1 1 1 
-1 -1 1 1 -1 -1 -1 1 -1 -1 1 -1 1 1 -1 -1 -1 -1 1 -1 1 -1 -1 1 -1 1 1 -1 1 -1 1 -1 1 1 -1 1 -1 -1 -1 -1 -1 -1 -1 1 1 -1 1 -1 1 1 1 1 -1 1 -1 1 1 1 1 -1 1 -1 -1 -1 -1 -1 -1 -1 1 1 1 -1 -1 -1 -1 -1 1 1 -1 1 -1 -1 1 1 -1 1 1 1 -1 -1 1 1 -1 -1 1 1 -1 -1 1 -1 1 1 1 1 -1 -1 -1 -1 -1 1 -1 -1 -1 1 -1 1 1 -1 -1 -1 -1 1 -1 1 1 1 -1 1 
-1 1 1 -1 -1 1 -1 -1 1 -1 -1 -1 1 1 -1 -1 1 1 1 -1 -1 1 1 -1 1 1 1 -1 1 1 -1 1 -1 1 1 -1 1 -1 -1 -1 1 1 1 -1 -1 1 1 -1 -1 1 1 -1 1 1 -1 1 -1 -1 -1 1 1 1 1 -1 1 1 -1 1 -1 -1 1 -1 1 -1 -1 -1 1 1 1 -1 1 -1 1 1 -1 -1 1 -1 1 1 -1 -1 -1 -1 -1 -1 -1 -1 -1 -1 -1 1 1 -1 -1 -1 -1 -1 1 1 -1 -1 1 1 1 1 -1 1 -1 -1 1 -1 1 1 1 -1 -1 -1 
-1 1 1 -1 -1 1 1 -1 1 -1 -1 -1 1 -1 -1 -1 1 1 -1 -1 -1 1 -1 -1 1 -1 -1 1 -1 1 1 -1 1 -1 -1 -1 -1 -1 -1 1 1 1 1 -1 -1 -1 -1 1 1 -1 -1 1 -1 -1 1 1 1 -1 -1 1 -1 -1 -1 1 1 1 -1 1 1 -1 1 -1 1 1 -1 -1 1 1 1 -1 -1 -1 -1 1 1 -1 1 1 1 1 -1 1 -1 -1 1 1 -1 -1 1 -1 1 1 -1 -1 1 1 1 1 -1 -1 1 1 -1 1 -1 -1 -1 1 -1 -1 1 1 -1 -1 1 1 -1 1 
-1 -1 -1 1 1 -1 -1 -1 -1 -1 -1 1 -1 -1 -1 1 1 -1 1 1 -1 -1 1 -1 -1 -1 -1 -1 -1 1 1 1 1 1 -1 1 -1 -1 1 1 -1 1 -1 1 1 -1 1 -1 -1 1 1 1 -1 -1 -1 -1 -1 -1 1 -1 1 1 -1 -1 1 1 -1 1 -1 1 -1 -1 -1 -1 -1 -1 -1 -1 1 1 -1 -1 -1 1 -1 -1 -1 1 1 1 -1 1 -1 1 -1 1 1 1 1 1 -1 -1 1 1 -1 -1 1 1 -1 -1 -1 -1 -1 -1 -1 1 1 1 -1 -1 1 -1 -1 -1 1 1 -1 1 
1 -1 -1 1 1 -1 1 1 1 1 1 -1 1 1 -1 -1 -1 -1 1 -1 -1 1 -1 -1 -1 1 -1 1 1 1 1 1 1 -1 1 -1 1 1 -1 1 1 -1 -1 -1 -1 -1 1 1 1 1 -1 -1 -1 -1 -1 -1 1 1 -1 -1 1 -1 -1 -1 1 -1 1 1 1 -1 1 -1 -1 1 -1 1 -1 1 -1 1 1 1 1 1 -1 -1 1 1 1 1 -1 1 -1 -1 1 -1 -1 1 -1 -1 1 -1 1 1 1 -1 1 1 1 1 1 1 1 1 1 -1 1 1 1 -1 -1 1 -1 -1 1 1 -1 1 
1 1 -1 1 -1 1 1 1 1 1 -1 -1 1 1 -1 1 -1 -1 -1 -1 1 1 -1 -1 -1 -1 1 1 1 1 1 1 1 1 1 1 -1 1 1 -1 1 1 1 -1 1 1 1 1 1 -1 -1 -1 1 1 -1 1 -1 1 -1 -1 -1 1 -1 -1 1 1 -1 -1 -1 1 -1 1 1 -1 -1 -1 -1 1 1 -1 1 -1 -1 -1 1 -1 -1 -1 -1 1 -1 -1 -1 1 1 1 1 1 1 1 -1 1 -1 -1 -1 -1 1 -1 1 1 -1 -1 1 -1 1 1 1 -1 -1 1 -1 1 -1 -1 -1 1 1 -1 
1 -1 -1 -1 1 1 1 1 -1 1 -1 1 -1 -1 -1 -1 1 1 -1 1 1 -1 1 -1 1 1 -1 -1 -1 -1 -1 1 1 1 -1 1 -1 1 -1 -1 -1 1 1 -1 1 -1 1 -1 -1 -1 -1 1 1 1 1 -1 1 -1 1 1 1 -1 1 1 -1 1 1 1 1 -1 1 -1 -1 1 -1 1 -1 1 -1 -1 -1 1 -1 -1 -1 -1 -1 1 1 -1 -1 1 1 1 1 1 -1 -1 -1 -1 -1 1 1 -1 1 1 -1 -1 -1 -1 -1 1 1 -1 -1 1 -1 -1 1 1 -1 1 1 -1 -1 -1 -1 1 
-1 1 1 -1 1 1 -1 -1 1 1 1 -1 1 -1 1 -1 1 -1 1 -1 -1 1 -1 -1 1 -1 -1 -1 1 1 1 -1 -1 -1 -1 -1 1 -1 -1 1 -1 -1 1 -1 -1 1 1 1 -1 1 1 1 1 1 -1 1 -1 -1 1 -1 1 1 -1 -1 -1 -1 1 -1 -1 -1 1 1 1 -1 1 1 -1 1 -1 1 1 -1 -1 1 1 1 1 -1 -1 -1 -1 -1 -1 1 -1 -1 1 -1 1 -1 -1 1 1 1 -1 1 -1 -1 1 1 -1 -1 -1 1 -1 -1 -1 -1 1 -1 1 1 -1 1 1 -1 1 1 
-1 -1 1 1 -1 1 -1 1 -1 1 -1 1 1 -1 -1 1 -1 -1 -1 -1 -1 -1 -1 1 1 1 1 1 1 -1 -1 1 1 1 1 1 1 -1 -1 -1 1 1 1 -1 1 -1 -1 1 1 -1 1 -1 1 1 -1 -1 1 1 -1 1 -1 1 -1 1 1 -1 1 -1 1 1 1 -1 1 -1 -1 1 1 1 -1 -1 1 -1 -1 -1 -1 1 -1 1 1 1 -1 1 -1 -1 -1 1 -1 -1 -1 1 1 1 1 1 1 1 -1 1 1 -1 -1 1 1 1 -1 1 1 1 -1 1 -1 1 -1 1 -1 1 -1 -1 
1 -1 -1 -1 -1 1 -1 -1 -1 -1 -1 1 -1 1 -1 -1 1 1 -1 -1 -1 1 1 1 -1 1 1 1 -1 1 -1 -1 -1 1 -1 1 1 -1 -1 1 1 1 -1 -1 1 -1 -1 -1 -1 -1 -1 1 -1 1 1 -1 -1 1 -1 -1 1 1 1 -1 1 1 -1 1 -1 -1 1 -1 -1 -1 1 -1 1 1 1 1 -1 -1 1 1 -1 1 -1 1 -1 -1 -1 1 1 -1 -1 -1 1 -1 -1 1 1 1 1 1 -1 -1 1 1 1 1 1 -1 -1 1 1 1 -1 1 -1 -1 1 1 1 1 -1 -1 1 1 
1 -1 -1 1 1 -1 1 1 -1 1 -1 -1 -1 1 1 1 1 -1 -1 1 -1 1 -1 1 1 1 1 1 -1 -1 1 1 -1 1 -1 1 -1 -1 -1 1 -1 1 1 1 -1 1 1 -1 1 -1 1 1 -1 1 1 -1 1 -1 -1 1 -1 1 -1 1 1 1 -1 -1 -1 -1 -1 -1 -1 1 1 -1 1 -1 -1 1 1 1 1 -1 -1 -1 -1 1 1 -1 -1 1 -1 -1 -1 1 1 -1 1 -1 -1 -1 -1 1 1 1 1 -1 1 -1 1 1 1 -1 -1 1 -1 1 1 -1 -1 1 1 -1 1 1 -1 -1 
1 1 -1 1 -1 1 -1 1 1 1 1 -1 -1 1 -1 1 1 -1 -1 -1 1 -1 -1 1 1 1 1 -1 1 1 -1 -1 -1 -1 1 1 1 1 -1 -1 -1 1 -1 -1 -1 -1 -1 1 -1 -1 -1 1 -1 -1 -1 1 1 -1 1 -1 1 1 1 1 1 -1 1 1 1 -1 1 -1 1 -1 -1 1 1 -1 1 1 -1 -1 -1 -1 -1 1 1 -1 1 -1 1 1 1 -1 -1 1 1 1 1 -1 -1 -1 1 -1 1 -1 -1 -1 -1 -1 -1 1 1 -1 -1 1 -1 -1 -1 1 1 -1 1 1 -1 1 1 1 
-1 -1 1 1 1 1 1 -1 1 -1 1 -1 1 1 1 -1 -1 1 -1 1 1 -1 -1 1 1 1 -1 -1 -1 -1 -1 -1 1 -1 1 1 1 1 -1 1 1 -1 -1 -1 1 -1 -1 1 -1 1 -1 1 -1 -1 1 1 -1 -1 -1 -1 1 1 -1 1 -1 -1 1 -1 1 1 1 1 1 -1 -1 -1 1 -1 -1 -1 -1 -1 1 -1 1 1 1 1 1 1 -1 -1 -1 1 1 -1 -1 1 -1 -1 -1 1 1 1 -1 -1 -1 1 -1 1 1 -1 -1 1 1 -1 1 1 -1 -1 1 -1 -1 1 1 -1 1 1 
1 1 -1 -1 -1 -1 1 1 1 -1 -1 -1 1 -1 -1 1 1 -1 -1 1 1 -1 1 1 -1 -1 1 -1 1 1 1 1 1 -1 -1 -1 1 -1 1 -1 1 -1 1 1 -1 1 -1 -1 1 1 -1 1 -1 -1 -1 -1 1 1 -1 1 1 1 -1 -1 1 -1 1 1 1 -1 1 -1 1 1 -1 1 1 1 -1 -1 -1 1 1 1 1 -1 1 -1 -1 1 1 -1 1 -1 -1 -1 1 -1 1 -1 -1 1 1 -1 -1 1 -1 1 1 -1 -1 -1 1 -1 1 -1 -1 1 1 1 1 1 1 -1 1 1 -1 1 
1 -1 -1 1 1 -1 -1 -1 1 -1 1 1 -1 1 -1 -1 1 1 1 1 1 -1 1 -1 1 -1 1 -1 1 -1 1 1 1 -1 -1 1 -1 -1 1 1 -1 -1 -1 -1 1 -1 1 1 1 -1 1 -1 -1 -1 -1 -1 -1 -1 1 1 -1 -1 1 -1 -1 1 1 -1 1 1 1 1 -1 -1 1 1 1 -1 1 -1 -1 1 1 -1 1 1 1 1 -1 -1 -1 -1 -1 1 -1 -1 1 1 -1 1 -1 1 -1 1 -1 -1 -1 1 1 -1 -1 1 1 1 1 1 1 -1 1 1 1 1 -1 1 -1 -1 -1 1 
1 -1 -1 -1 1 1 -1 1 1 1 1 -1 1 -1 1 1 -1 1 1 1 1 -1 1 -1 -1 1 -1 -1 1 1 -1 1 1 -1 -1 -1 -1 1 -1 1 1 -1 -1 -1 1 -1 1 1 -1 -1 1 -1 -1 1 -1 1 -1 1 1 -1 -1 -1 -1 1 -1 1 1 -1 1 -1 -1 1 -1 -1 1 -1 -1 -1 1 1 -1 1 -1 -1 1 -1 -1 -1 -1 -1 -1 1 -1 -1 -1 -1 -1 -1 1 -1 -1 -1 1 1 -1 -1 1 1 -1 1 1 -1 1 1 1 1 -1 1 1 -1 1 -1 -1 -1 -1 -1 1 -1 
-1 1 -1 1 1 -1 1 1 -1 1 -1 1 -1 1 -1 -1 1 -1 1 1 1 1 -1 1 -1 1 -1 -1 1 1 1 1 1 1 1 -1 -1 1 1 1 1 -1 1 1 1 -1 -1 -1 -1 1 1 1 1 1 -1 1 1 -1 -1 1 1 -1 -1 1 -1 -1 1 -1 -1 1 -1 -1 -1 1 -1 1 -1 1 -1 -1 -1 1 -1 -1 1 1 1 -1 1 1 -1 -1 1 1 1 -1 -1 -1 -1 1 1 -1 1 1 -1 -1 -1 1 1 -1 -1 -1 -1 1 -1 1 -1 1 -1 -1 1 1 1 1 -1 -1 -1 1 
1 -1 -1 -1 1 1 1 1 -1 1 -1 1 1 -1 1 1 -1 1 1 1 1 1 -1 1 -1 -1 -1 1 1 1 1 1 -1 -1 1 1 -1 -1 -1 -1 1 1 -1 1 -1 -1 -1 -1 -1 -1 1 -1 1 -1 1 -1 -1 -1 -1 1 -1 -1 1 -1 1 1 1 1 1 -1 1 -1 1 -1 1 1 1 1 1 -1 1 -1 -1 1 1 -1 1 1 1 1 -1 1 -1 -1 -1 1 -1 -1 1 1 -1 1 1 -1 1 1 1 1 1 1 1 -1 -1 1 1 1 1 -1 1 1 -1 1 1 1 1 -1 1 1 
-1 -1 1 1 1 -1 1 1 1 1 -1 1 -1 1 1 1 1 -1 1 -1 1 1 -1 1 1 1 -1 -1 -1 -1 -1 1 -1 -1 1 -1 1 1 -1 1 -1 1 -1 -1 -1 1 -1 1 -1 -1 -1 1 -1 -1 -1 1 1 1 -1 1 -1 1 -1 1 -1 1 1 1 -1 1 1 1 1 -1 1 1 1 1 1 1 1 1 1 1 1 -1 -1 1 -1 1 1 1 -1 1 1 1 -1 1 1 1 -1 1 -1 -1 -1 -1 -1 1 -1 1 1 1 1 1 -1 1 1 1 1 -1 -1 1 1 1 -1 1 1 -1 
-1 -1 -1 -1 1 1 -1 -1 -1 1 1 -1 1 1 1 -1 1 -1 -1 1 1 -1 -1 1 -1 -1 1 1 -1 -1 -1 1 1 1 -1 1 1 1 1 -1 1 -1 1 -1 1 1 -1 -1 1 1 -1 -1 1 1 -1 -1 -1 1 1 1 -1 -1 1 -1 -1 1 -1 -1 1 1 1 1 1 -1 1 -1 -1 -1 1 1 -1 1 1 -1 1 -1 1 -1 -1 1 1 -1 1 1 1 -1 -1 -1 1 -1 1 1 1 -1 -1 -1 1 -1 -1 -1 1 -1 -1 -1 -1 -1 1 1 1 -1 -1 1 1 1 1 1 1 -1 
-1 -1 -1 -1 1 1 1 1 -1 -1 1 1 1 -1 1 1 -1 -1 1 -1 1 1 -1 1 1 1 1 1 -1 1 -1 -1 1 -1 1 1 1 -1 1 1 -1 1 1 1 -1 -1 1 -1 1 -1 1 -1 1 -1 1 -1 -1 1 1 -1 -1 1 -1 1 -1 1 -1 -1 1 -1 -1 -1 -1 -1 -1 -1 1 1 -1 -1 1 -1 -1 1 1 1 1 -1 -1 1 -1 1 -1 -1 -1 1 1 -1 1 1 1 -1 -1 1 -1 1 1 1 1 -1 1 1 1 -1 -1 -1 -1 -1 -1 1 1 1 -1 1 -1 -1 -1 -1 
-1 1 -1 -1 -1 1 -1 -1 1 -1 1 1 -1 -1 -1 -1 1 -1 -1 1 -1 -1 1 1 1 -1 1 1 1 -1 -1 -1 -1 1 1 1 1 1 -1 -1 1 1 -1 1 -1 1 1 1 1 1 -1 1 -1 -1 -1 -1 1 1 -1 1 -1 -1 -1 1 -1 -1 -1 -1 1 1 -1 1 -1 1 -1 -1 -1 -1 -1 -1 -1 1 -1 -1 -1 -1 -1 1 -1 1 -1 1 1 -1 -1 1 -1 -1 1 1 -1 1 -1 1 -1 1 -1 -1 1 1 1 1 -1 1 -1 -1 -1 -1 -1 -1 -1 1 -1 1 1 -1 1 1 
-1 1 -1 -1 -1 1 -1 1 1 1 -1 1 1 1 -1 -1 -1 -1 -1 1 1 1 -1 -1 -1 -1 1 1 -1 -1 1 1 -1 1 1 -1 1 -1 1 1 -1 -1 -1 -1 -1 1 1 -1 1 1 -1 -1 -1 -1 -1 -1 -1 -1 -1 1 1 1 1 1 -1 1 -1 1 1 -1 -1 -1 1 1 1 1 1 -1 1 1 -1 1 1 1 1 -1 -1 -1 1 1 1 1 1 1 1 1 -1 1 -1 1 1 -1 -1 1 1 1 1 -1 1 1 -1 -1 -1 -1 1 1 1 -1 -1 1 1 1 -1 1 -1 -1 1 -1 
1 -1 1 1 1 1 1 1 -1 1 -1 -1 -1 -1 1 -1 -1 -1 1 -1 1 -1 -1 -1 -1 -1 -1 -1 1 1 -1 1 -1 -1 1 1 -1 1 1 1 -1 -1 -1 1 1 1 -1 -1 1 -1 -1 -1 1 -1 1 1 -1 1 -1 1 -1 -1 -1 1 1 1 -1 -1 1 -1 -1 -1 -1 1 -1 -1 -1 1 1 -1 1 1 -1 1 -1 1 -1 1 1 -1 1 -1 1 1 1 1 -1 -1 1 -1 -1 1 1 1 1 1 -1 -1 -1 -1 1 1 1 -1 1 -1 -1 1 -1 -1 1 1 -1 -1 1 -1 -1 1 
-1 1 -1 1 -1 1 -1 1 1 1 -1 1 -1 1 -1 -1 -1 1 1 1 -1 -1 1 -1 1 1 -1 1 -1 1 1 1 -1 1 -1 1 -1 1 1 -1 1 -1 -1 1 -1 -1 -1 -1 -1 1 1 1 -1 -1 -1 1 1 -1 -1 -1 1 -1 -1 1 -1 1 -1 -1 1 -1 -1 -1 -1 -1 1 1 1 -1 -1 -1 -1 -1 1 -1 1 -1 1 -1 1 -1 1 1 -1 -1 -1 -1 -1 -1 1 -1 -1 1 1 1 -1 1 1 1 1 1 1 -1 1 1 1 -1 1 1 -1 1 -1 1 1 1 -1 1 1 -1 
1 1 1 -1 -1 -1 1 -1 -1 -1 1 -1 -1 -1 -1 -1 1 1 -1 1 1 -1 -1 1 1 -1 -1 1 1 -1 1 1 1 -1 1 -1 1 -1 -1 1 -1 -1 -1 -1 -1 -1 1 1 1 1 -1 -1 -1 -1 1 1 -1 -1 -1 -1 -1 1 -1 1 -1 1 1 -1 1 -1 -1 1 -1 1 1 -1 -1 1 1 1 -1 -1 -1 -1 1 1 1 -1 -1 -1 1 1 1 -1 1 -1 -1 -1 1 1 -1 1 -1 -1 1 1 1 1 1 1 -1 1 1 -1 1 -1 1 1 -1 1 1 1 1 -1 1 -1 1 -1 
-1 -1 1 1 1 1 -1 1 -1 -1 -1 -1 -1 1 -1 -1 1 1 1 -1 1 1 -1 1 1 1 1 -1 -1 -1 -1 -1 1 1 -1 1 1 -1 -1 -1 -1 -1 -1 -1 1 -1 -1 1 -1 -1 1 -1 1 -1 1 1 1 1 1 1 1 -1 1 1 1 -1 -1 1 -1 1 1 1 1 1 -1 -1 -1 1 1 -1 -1 -1 -1 1 -1 1 1 -1 1 -1 1 -1 1 1 1 1 1 1 -1 -1 1 1 -1 1 1 -1 -1 -1 1 1 -1 -1 -1 -1 -1 -1 1 -1 -1 1 1 -1 -1 -1 1 -1 1 -1 
1 1 1 1 -1 -1 -1 -1 1 -1 1 1 -1 1 1 -1 1 1 -1 -1 1 1 1 1 -1 1 -1 -1 1 -1 -1 1 -1 -1 1 1 -1 -1 -1 -1 -1 -1 -1 1 1 -1 1 -1 1 -1 -1 -1 -1 -1 -1 -1 1 1 -1 1 -1 -1 1 -1 1 1 -1 -1 -1 1 1 -1 -1 1 1 1 1 1 -1 1 1 1 1 1 1 1 -1 1 1 1 1 -1 -1 1 1 1 1 -1 1 -1 1 1 -1 -1 -1 -1 -1 -1 -1 -1 1 1 -1 1 1 1 -1 -1 1 1 1 -1 1 1 1 -1 -1 1 
1 -1 1 -1 -1 -1 -1 1 1 1 -1 1 -1 1 1 1 -1 -1 1 -1 -1 -1 -1 -1 -1 1 -1 -1 1 -1 -1 1 1 -1 -1 1 1 -1 1 1 -1 -1 1 -1 -1 1 1 1 -1 1 -1 1 -1 -1 -1 1 1 1 -1 1 1 -1 -1 1 1 1 -1 1 1 1 -1 1 1 -1 1 1 -1 1 1 1 -1 -1 1 1 -1 1 1 1 -1 1 1 1 -1 1 -1 -1 -1 1 -1 1 -1 1 1 1 -1 1 -1 1 -1 1 -1 1 1 1 1 1 -1 1 1 -1 1 -1 1 -1 1 -1 -1 -1 
-1 -1 1 -1 1 1 1 -1 1 1 1 1 1 1 -1 1 -1 -1 1 -1 1 1 -1 1 1 -1 -1 1 -1 1 1 1 -1 -1 1 -1 -1 -1 1 -1 -1 1 1 -1 -1 1 1 -1 -1 1 1 -1 -1 -1 -1 -1 1 -1 -1 -1 1 1 -1 -1 1 1 1 -1 1 1 1 1 1 -1 -1 -1 1 1 -1 -1 1 -1 1 1 -1 -1 1 1 -1 1 -1 1 -1 -1 1 -1 -1 1 -1 -1 1 1 1 -1 1 -1 1 -1 -1 1 -1 1 -1 -1 -1 -1 -1 1 -1 1 -1 1 1 -1 -1 -1 -1 -1 
-1 1 -1 1 1 1 1 -1 1 1 -1 -1 1 1 -1 -1 1 -1 -1 -1 1 -1 1 -1 -1 1 -1 -1 1 -1 -1 -1 -1 1 1 -1 1 1 1 -1 -1 -1 -1 1 1 -1 -1 1 -1 1 -1 -1 -1 1 1 -1 -1 1 -1 -1 1 1 1 -1 -1 -1 1 -1 1 1 1 -1 -1 -1 1 1 -1 -1 -1 -1 1 1 1 -1 -1 1 1 1 1 -1 -1 -1 -1 1 1 1 1 -1 1 -1 -1 1 1 1 1 -1 -1 1 1 1 -1 -1 1 -1 1 1 -1 1 1 -1 -1 1 1 -1 -1 -1 -1 1 
1 -1 -1 1 -1 1 1 1 1 1 1 1 1 1 1 1 1 -1 1 1 1 1 1 -1 -1 1 -1 -1 -1 1 1 -1 -1 -1 -1 1 1 1 -1 -1 1 -1 1 1 1 -1 -1 -1 1 -1 1 1 1 -1 1 -1 -1 -1 1 -1 -1 1 -1 -1 1 1 -1 -1 1 -1 1 1 -1 -1 1 1 -1 -1 -1 1 1 1 -1 1 1 1 -1 1 1 -1 1 1 -1 -1 1 1 1 -1 -1 -1 -1 1 1 1 1 1 -1 -1 -1 -1 1 -1 1 1 -1 -1 1 -1 1 1 1 -1 -1 -1 -1 -1 1 -1 
-1 1 -1 -1 -1 1 1 -1 -1 -1 1 -1 1 -1 1 -1 -1 1 -1 1 1 -1 1 1 -1 -1 1 1 -1 1 1 -1 -1 1 -1 -1 1 -1 -1 -1 1 1 -1 1 -1 1 -1 -1 -1 -1 -1 1 1 -1 1 1 -1 -1 -1 1 -1 -1 1 1 -1 -1 -1 1 -1 1 -1 -1 1 1 1 1 1 -1 1 1 1 1 1 1 1 -1 -1 1 1 1 -1 1 1 -1 1 1 -1 1 -1 -1 -1 -1 -1 1 1 1 -1 -1 -1 1 1 -1 1 1 1 1 -1 1 1 1 1 -1 1 -1 1 -1 -1 -1 
1 -1 1 -1 -1 -1 -1 -1 1 -1 1 -1 -1 -1 -1 1 -1 1 -1 1 1 -1 -1 1 -1 1 -1 -1 1 1 -1 -1 -1 -1 1 1 1 1 1 -1 1 -1 1 -1 -1 -1 1 -1 -1 1 1 -1 1 1 -1 1 -1 1 1 1 1 -1 -1 -1 -1 -1 1 -1 -1 -1 -1 1 -1 -1 -1 1 -1 -1 -1 -1 -1 1 1 -1 -1 1 -1 -1 1 -1 -1 1 -1 -1 1 -1 1 -1 1 -1 -1 -1 -1 1 -1 1 -1 1 -1 1 -1 1 -1 1 -1 -1 1 1 1 -1 -1 -1 -1 -1 -1 -1 1 -1 
1 1 -1 1 -1 -1 -1 -1 -1 1 1 -1 1 1 1 1 1 -1 1 1 -1 -1 1 -1 -1 -1 -1 1 1 -1 -1 1 -1 -1 1 -1 1 1 -1 1 1 -1 -1 1 1 1 -1 -1 1 -1 -1 -1 1 1 1 -1 -1 -1 -1 -1 -1 -1 1 -1 -1 -1 1 1 -1 1 -1 -1 1 -1 1 1 -1 -1 1 -1 1 -1 -1 1 -1 -1 1 -1 -1 -1 -1 -1 1 -1 -1 1 1 -1 -1 -1 -1 1 -1 -1 -1 1 1 -1 -1 -1 -1 1 1 1 1 1 1 -1 1 1 -1 1 1 -1 1 1 1 1 
-1 1 -1 -1 -1 -1 1 -1 1 -1 -1 1 -1 1 -1 1 1 -1 1 -1 -1 -1 1 1 -1 1 -1 -1 -1 1 1 1 1 -1 -1 1 -1 -1 -1 1 -1 1 -1 -1 1 -1 1 -1 1 -1 1 -1 -1 -1 1 1 1 -1 -1 -1 1 -1 -1 -1 -1 1 -1 1 -1 -1 -1 1 -1 -1 1 -1 -1 -1 1 -1 -1 -1 1 -1 1 -1 -1 1 1 1 1 1 -1 -1 -1 -1 1 1 1 1 -1 -1 -1 -1 -1 -1 1 1 1 1 -1 -1 -1 1 1 1 -1 1 1 -1 -1 1 1 1 -1 -1 -1 -1 
-1 -1 -1 1 1 -1 1 -1 -1 1 -1 -1 1 1 1 1 -1 1 1 -1 -1 1 1 -1 1 1 1 1 1 -1 -1 1 -1 1 -1 -1 1 -1 -1 1 -1 -1 -1 1 -1 -1 1 1 -1 -1 -1 -1 1 1 -1 -1 -1 1 1 1 1 1 -1 -1 1 1 1 1 -1 -1 1 -1 -1 -1 -1 1 1 1 1 -1 -1 1 1 1 -1 -1 1 -1 -1 1 1 -1 1 -1 1 -1 1 1 -1 -1 -1 -1 -1 1 -1 1 1 -1 -1 -1 -1 1 1 -1 1 -1 -1 1 -1 -1 1 -1 1 1 1 1 1 1 
-1 1 -1 -1 -1 -1 1 1 1 -1 1 1 -1 1 -1 -1 1 -1 -1 -1 1 1 1 1 -1 -1 -1 -1 -1 -1 -1 1 1 -1 1 1 -1 -1 1 -1 -1 1 -1 -1 -1 -1 1 1 1 1 -1 1 1 -1 -1 1 -1 1 1 -1 -1 -1 1 -1 1 -1 1 1 -1 1 -1 -1 1 1 1 1 1 1 1 -1 1 -1 -1 1 1 1 -1 1 -1 -1 -1 -1 1 -1 1 -1 1 1 -1 -1 -1 1 1 1 -1 -1 1 1 1 1 -1 -1 1 1 -1 -1 -1 1 -1 1 -1 1 -1 1 1 -1 1 -1 
-1 -1 -1 -1 1 1 -1 -1 1 1 1 1 -1 -1 1 1 1 -1 -1 -1 1 1 1 1 1 1 -1 -1 -1 -1 1 1 -1 -1 1 -1 -1 -1 -1 -1 -1 -1 -1 -1 -1 1 -1 -1 1 1 -1 1 -1 1 1 -1 -1 -1 -1 -1 -1 -1 -1 1 1 -1 1 1 1 1 -1 1 -1 1 -1 1 1 1 1 -1 -1 1 1 1 -1 1 -1 1 1 -1 -1 1 -1 1 -1 1 -1 1 -1 1 -1 1 1 1 -1 1 1 1 -1 1 -1 1 1 -1 -1 -1 1 -1 1 1 1 -1 -1 1 1 -1 -1 -1 
-1 -1 -1 -1 -1 1 1 -1 1 -1 -1 1 -1 -1 -1 -1 -1 1 -1 -1 -1 1 -1 -1 1 1 -1 1 -1 -1 -1 -1 1 -1 -1 1 -1 -1 1 -1 1 1 -1 -1 -1 1 1 1 -1 1 1 -1 -1 1 -1 -1 -1 1 -1 1 -1 -1 -1 1 1 -1 -1 1 1 1 1 1 1 1 1 1 1 1 1 1 1 -1 -1 1 -1 1 -1 -1 -1 -1 -1 -1 1 1 1 1 -1 1 1 -1 1 1 1 -1 1 -1 -1 1 1 1 1 -1 1 1 1 1 -1 1 -1 1 -1 1 1 -1 1 1 1 1 
-1 -1 -1 -1 -1 -1 -1 1 1 1 1 1 -1 -1 1 1 1 1 -1 -1 1 -1 1 -1 -1 -1 1 1 -1 -1 1 1 -1 1 -1 -1 -1 -1 1 1 1 1 -1 1 -1 -1 -1 1 1 -1 1 -1 1 -1 -1 -1 -1 1 -1 -1 -1 1 1 -1 -1 1 -1 -1 1 -1 -1 -1 -1 1 -1 -1 1 1 -1 -1 1 -1 -1 -1 1 1 1 -1 1 1 -1 -1 1 1 -1 1 -1 -1 1 1 1 1 1 1 -1 1 -1 1 1 -1 1 -1 -1 1 -1 -1 -1 1 1 -1 -1 1 -1 -1 1 1 -1 -1 
1 1 -1 -1 1 -1 -1 -1 -1 -1 1 1 1 1 1 1 -1 1 -1 1 -1 1 -1 1 -1 1 1 -1 1 -1 -1 1 -1 1 -1 -1 1 -1 -1 1 -1 1 1 1 1 -1 -1 -1 -1 -1 1 -1 -1 -1 -1 -1 -1 1 1 1 1 -1 -1 1 1 1 -1 1 1 1 1 -1 1 -1 -1 1 -1 -1 1 -1 -1 -1 1 -1 1 -1 1 -1 1 1 1 1 1 1 1 1 -1 1 1 1 -1 1 1 -1 -1 1 1 1 -1 1 1 -1 1 -1 1 -1 1 -1 1 1 -1 -1 -1 1 -1 -1 1 -1 
-1 1 1 1 1 -1 -1 -1 -1 1 -1 1 -1 -1 1 1 -1 -1 -1 1 1 -1 -1 1 1 -1 -1 -1 1 -1 1 -1 -1 1 1 1 1 -1 1 -1 -1 1 1 1 -1 1 -1 -1 1 -1 -1 1 1 -1 1 1 1 1 -1 1 1 1 -1 1 1 -1 1 -1 -1 -1 -1 1 -1 1 1 1 1 1 1 1 -1 -1 1 1 -1 -1 -1 1 1 1 -1 -1 1 -1 -1 -1 1 -1 1 1 -1 1 1 1 1 1 -1 1 1 -1 1 -1 -1 -1 -1 1 1 1 1 1 -1 -1 1 -1 -1 1 -1 1 
-1 -1 -1 1 1 1 -1 1 -1 1 -1 -1 1 1 -1 1 -1 -1 1 -1 -1 1 1 -1 -1 -1 1 -1 -1 1 1 -1 -1 -1 1 1 -1 -1 -1 -1 -1 1 -1 -1 -1 -1 1 -1 1 -1 -1 1 1 -1 -1 -1 1 -1 1 1 -1 -1 1 -1 1 1 -1 -1 1 -1 -1 1 -1 -1 -1 1 1 -1 1 1 -1 -1 1 1 1 -1 -1 1 1 -1 -1 -1 1 1 -1 -1 1 -1 -1 1 -1 1 1 1 1 -1 1 1 1 -1 -1 -1 -1 -1 -1 -1 -1 -1 1 -1 -1 1 1 -1 1 -1 -1 1 
1 -1 -1 -1 -1 1 -1 -1 -1 -1 -1 -1 -1 -1 1 -1 1 1 -1 -1 -1 1 -1 1 -1 1 -1 -1 1 1 -1 1 1 1 1 -1 1 1 1 -1 -1 1 1 1 -1 -1 -1 1 1 -1 -1 1 -1 -1 1 -1 1 1 1 -1 -1 1 1 -1 1 -1 -1 1 -1 1 -1 1 -1 -1 1 -1 -1 -1 -1 1 1 1 1 1 -1 1 1 1 -1 1 -1 -1 1 1 1 -1 1 1 -1 1 -1 1 1 1 1 -1 -1 1 1 -1 1 1 1 -1 1 1 -1 -1 1 -1 -1 -1 1 -1 1 1 -1 -1 
1 -1 -1 1 1 1 -1 1 1 -1 1 -1 1 -1 1 1 1 -1 1 1 -1 1 1 -1 1 -1 1 1 1 -1 -1 1 -1 -1 -1 -1 -1 1 -1 1 -1 1 -1 1 1 1 -1 -1 1 -1 1 1 -1 -1 -1 -1 1 1 -1 -1 -1 -1 -1 -1 1 -1 -1 -1 1 -1 -1 1 -1 -1 -1 1 -1 1 -1 1 -1 -1 1 -1 -1 1 -1 -1 -1 1 1 -1 -1 1 1 -1 -1 -1 1 1 -1 1 -1 -1 1 1 -1 1 -1 -1 1 -1 1 1 -1 -1 1 -1 -1 1 -1 1 -1 1 1 1 1 1 
-1 1 1 1 -1 -1 -1 -1 -1 1 -1 1 -1 -1 -1 -1 1 -1 1 -1 1 -1 1 1 1 1 1 1 1 -1 -1 -1 -1 1 -1 1 -1 1 -1 -1 1 -1 -1 -1 1 1 1 -1 -1 -1 -1 1 -1 -1 -1 1 -1 1 -1 1 -1 -1 1 1 -1 1 1 1 1 -1 1 -1 1 -1 1 -1 1 -1 1 1 1 1 -1 -1 1 -1 1 1 1 -1 1 1 -1 -1 -1 -1 -1 -1 -1 -1 1 1 -1 -1 -1 1 1 1 1 -1 1 1 -1 -1 -1 -1 1 -1 1 -1 1 -1 -1 1 1 1 -1 1 
1 1 1 -1 1 1 -1 -1 1 1 1 -1 -1 1 1 -1 1 -1 -1 -1 -1 1 -1 -1 1 -1 1 -1 -1 1 -1 -1 1 -1 1 -1 -1 1 -1 -1 -1 1 1 -1 -1 1 -1 1 -1 1 -1 -1 1 -1 -1 1 -1 -1 1 1 -1 1 -1 1 -1 1 1 -1 1 1 -1 -1 1 -1 1 1 1 -1 1 -1 1 -1 -1 -1 -1 -1 1 -1 -1 1 -1 -1 1 -1 -1 -1 1 1 -1 1 -1 -1 1 1 1 -1 1 1 -1 -1 -1 1 -1 -1 -1 -1 -1 1 1 1 -1 1 1 1 1 1 1 -1 
-1 1 1 -1 -1 -1 -1 1 1 -1 -1 -1 1 1 1 -1 -1 1 -1 -1 -1 1 -1 1 -1 1 1 1 -1 -1 1 1 -1 1 -1 1 1 1 1 1 1 1 -1 1 -1 -1 -1 1 -1 -1 -1 -1 -1 1 1 -1 1 1 -1 -1 -1 1 1 -1 1 1 -1 1 -1 1 -1 1 1 -1 1 -1 1 -1 -1 1 -1 -1 -1 -1 1 -1 1 1 1 1 -1 1 -1 1 -1 -1 -1 1 1 1 1 -1 1 1 1 1 1 -1 1 -1 1 -1 -1 1 1 -1 -1 -1 1 1 -1 -1 -1 -1 -1 -1 -1 -1 
-1 -1 1 1 1 1 -1 1 -1 -1 -1 -1 1 -1 -1 -1 1 1 1 1 1 -1 -1 1 1 1 1 -1 1 -1 -1 -1 1 -1 -1 -1 -1 -1 1 -1 -1 1 1 1 1 -1 1 -1 -1 -1 -1 1 1 1 1 -1 1 1 1 1 1 -1 -1 1 1 -1 -1 1 -1 -1 -1 1 -1 -1 1 1 -1 -1 -1 -1 -1 1 1 1 -1 -1 -1 -1 1 1 1 1 1 -1 -1 -1 1 -1 1 -1 1 1 -1 -1 -1 -1 1 -1 -1 1 1 1 1 1 1 1 -1 -1 1 1 -1 -1 1 1 1 1 -1 1 
-1 1 1 -1 -1 1 1 -1 1 1 1 -1 1 1 -1 -1 1 1 1 -1 1 1 -1 -1 1 1 -1 -1 -1 1 1 -1 1 1 1 1 -1 1 1 1 1 -1 1 1 1 -1 1 -1 -1 -1 1 1 -1 -1 -1 1 1 -1 1 -1 -1 1 1 1 -1 -1 1 -1 1 -1 1 -1 -1 1 -1 1 1 -1 1 1 -1 -1 1 1 -1 -1 1 -1 -1 1 -1 1 1 -1 1 -1 -1 -1 1 1 1 1 -1 1 -1 -1 -1 -1 -1 -1 1 -1 1 1 -1 1 -1 -1 -1 1 -1 1 1 1 -1 -1 1 1 
1 1 1 -1 -1 -1 -1 1 1 -1 1 -1 -1 -1 1 -1 -1 -1 -1 1 -1 1 1 1 -1 -1 1 1 1 1 1 1 1 1 -1 -1 -1 -1 -1 -1 1 -1 -1 -1 1 1 -1 -1 1 1 -1 1 1 1 -1 -1 -1 1 -1 -1 -1 1 1 -1 -1 1 -1 1 -1 -1 -1 1 -1 1 1 1 1 1 1 -1 1 -1 1 1 -1 1 -1 1 -1 -1 -1 -1 1 -1 1 1 1 1 1 -1 -1 -1 -1 1 1 1 -1 1 -1 -1 1 1 1 1 -1 -1 1 1 -1 1 1 1 -1 -1 -1 -1 -1 -1 
-1 -1 -1 -1 1 1 -1 -1 -1 1 -1 1 1 -1 1 -1 1 1 1 1 -1 1 -1 -1 1 -1 1 -1 1 -1 -1 -1 1 1 -1 -1 -1 1 -1 -1 -1 1 -1 1 -1 -1 -1 1 -1 1 1 1 1 1 1 -1 1 -1 -1 1 -1 1 -1 1 1 -1 1 -1 -1 1 -1 -1 1 1 1 1 1 -1 1 -1 1 1 -1 1 -1 1 1 -1 -1 -1 -1 1 -1 1 -1 1 -1 -1 -1 -1 -1 -1 1 1 1 -1 1 -1 -1 -1 -1 -1 1 -1 1 -1 -1 -1 -1 1 -1 -1 1 -1 1 -1 -1 -1 
-1 1 1 -1 -1 -1 1 -1 -1 -1 1 -1 1 -1 -1 1 -1 1 -1 1 -1 1 -1 1 -1 -1 1 1 1 1 1 -1 1 -1 1 1 1 1 1 1 1 -1 -1 1 1 1 1 -1 -1 -1 -1 -1 -1 1 1 1 1 -1 1 -1 1 1 1 -1 -1 1 -1 -1 1 1 -1 -1 1 1 -1 -1 -1 1 -1 1 -1 1 -1 1 -1 -1 -1 1 1 -1 -1 1 -1 -1 -1 -1 -1 1 -1 -1 -1 -1 -1 -1 -1 1 1 -1 1 1 1 1 -1 -1 1 -1 -1 -1 -1 1 -1 1 -1 1 -1 -1 1 1 
-1 -1 -1 -1 -1 1 -1 1 -1 -1 1 1 1 -1 1 1 -1 -1 1 -1 1 -1 -1 1 -1 -1 -1 1 -1 1 -1 1 -1 1 1 -1 1 -1 -1 -1 -1 1 1 1 1 1 -1 1 -1 1 -1 -1 1 1 1 -1 1 -1 -1 1 -1 -1 1 1 -1 -1 -1 1 1 -1 -1 -1 1 -1 -1 1 1 -1 -1 1 -1 1 -1 1 1 -1 -1 -1 -1 -1 1 1 1 1 -1 -1 1 -1 -1 -1 1 1 1 1 -1 -1 1 -1 -1 -1 -1 1 -1 1 1 -1 -1 1 1 1 1 1 -1 1 1 -1 1 1 
-1 1 -1 1 -1 -1 -1 -1 1 1 1 -1 1 -1 1 1 1 1 -1 1 -1 1 1 1 1 -1 1 1 1 1 -1 -1 1 1 1 -1 -1 -1 -1 -1 -1 1 1 -1 1 1 1 -1 -1 -1 -1 1 -1 -1 1 -1 1 -1 -1 -1 -1 1 -1 -1 -1 1 -1 -1 -1 -1 1 -1 1 -1 -1 -1 -1 1 -1 1 -1 1 1 -1 1 -1 1 -1 -1 -1 -1 -1 1 -1 1 -1 -1 1 1 1 1 1 -1 -1 1 1 -1 -1 -1 1 1 1 1 1 1 1 -1 1 1 -1 -1 1 -1 1 1 -1 1 -1 
1 1 -1 1 1 -1 -1 1 -1 -1 1 1 1 -1 -1 -1 -1 -1 -1 -1 1 -1 1 -1 -1 -1 -1 1 -1 1 1 -1 -1 1 1 -1 1 -1 -1 -1 1 1 -1 1 1 -1 1 -1 1 -1 1 -1 -1 1 1 -1 -1 1 1 1 1 -1 -1 1 1 -1 1 -1 -1 -1 -1 1 -1 1 1 1 1 1 1 1 1 1 1 1 1 -1 1 1 1 -1 1 1 1 1 -1 1 1 -1 -1 -1 -1 -1 -1 -1 -1 1 1 -1 1 1 -1 1 -1 1 1 -1 1 -1 1 1 -1 1 1 1 -1 1 -1 1 
-1 1 -1 -1 -1 1 -1 1 -1 1 -1 1 1 -1 -1 -1 1 1 -1 -1 1 -1 1 1 -1 -1 1 1 1 -1 -1 -1 1 1 1 -1 -1 1 -1 -1 -1 1 -1 1 1 -1 -1 1 -1 1 -1 -1 1 -1 1 -1 1 -1 -1 -1 -1 1 1 1 -1 -1 -1 1 1 1 1 -1 -1 1 1 1 -1 -1 -1 1 -1 1 1 -1 1 -1 -1 -1 1 -1 -1 1 1 -1 1 1 -1 -1 1 -1 1 -1 -1 1 -1 1 -1 -1 1 -1 -1 -1 1 1 -1 1 1 -1 -1 1 1 -1 -1 1 -1 -1 -1 1 
1 -1 1 -1 -1 -1 1 1 1 -1 1 -1 -1 1 1 -1 -1 1 -1 1 -1 1 -1 -1 -1 1 -1 -1 1 -1 -1 1 -1 -1 -1 -1 1 1 1 -1 1 1 1 -1 -1 -1 -1 1 -1 -1 -1 -1 1 1 1 1 -1 1 -1 -1 -1 -1 -1 -1 -1 1 1 1 1 -1 -1 1 1 1 -1 -1 1 1 1 -1 -1 1 1 -1 1 -1 -1 1 -1 1 -1 -1 1 -1 1 1 1 1 1 1 -1 -1 -1 -1 1 -1 1 1 1 1 1 1 -1 1 -1 1 -1 1 -1 -1 -1 1 1 1 1 -1 1 1 
-1 -1 1 1 -1 -1 1 1 1 -1 -1 1 1 -1 1 -1 -1 -1 -1 -1 -1 -1 1 -1 1 1 -1 -1 -1 1 1 -1 1 1 1 -1 -1 1 -1 1 1 -1 1 1 -1 1 1 1 -1 1 1 -1 1 -1 1 -1 -1 1 -1 1 -1 1 1 1 1 -1 1 1 -1 -1 -1 1 1 -1 1 -1 1 1 1 -1 1 -1 -1 -1 -1 1 -1 1 -1 1 1 1 1 -1 -1 -1 -1 -1 -1 -1 1 1 1 1 1 1 -1 1 1 -1 1 -1 1 -1 1 -1 -1 1 1 -1 -1 -1 1 1 1 -1 -1 1 
-1 -1 -1 1 -1 1 -1 -1 1 -1 -1 -1 -1 -1 1 -1 -1 -1 -1 1 -1 1 1 1 -1 -1 1 -1 1 1 -1 1 1 1 -1 -1 -1 1 -1 1 -1 -1 1 1 -1 1 1 1 1 1 -1 1 1 1 1 -1 1 1 1 -1 1 -1 1 -1 1 1 1 1 -1 1 -1 1 1 -1 -1 -1 -1 -1 1 -1 -1 1 -1 1 -1 1 -1 -1 1 1 -1 -1 -1 -1 1 1 1 -1 -1 -1 -1 -1 1 1 -1 -1 -1 1 1 -1 -1 -1 -1 1 1 1 1 1 -1 1 -1 -1 -1 -1 -1 1 1 1 
-1 -1 1 1 -1 1 -1 1 1 -1 -1 -1 1 -1 -1 1 1 1 -1 -1 -1 -1 -1 1 1 1 1 1 1 1 -1 -1 1 1 -1 1 -1 1 -1 1 -1 -1 1 -1 1 -1 -1 1 -1 -1 -1 1 1 1 1 1 -1 1 1 -1 -1 1 1 1 -1 1 1 1 -1 1 -1 1 -1 1 1 -1 -1 1 1 1 1 -1 -1 1 1 1 -1 1 1 -1 -1 -1 -1 -1 1 -1 1 1 -1 1 -1 1 -1 1 1 1 1 -1 -1 -1 1 -1 1 -1 -1 1 1 1 1 1 1 -1 1 1 -1 1 -1 1 
1 -1 1 -1 1 1 1 1 1 -1 -1 1 -1 1 1 1 1 1 -1 1 1 1 1 1 1 -1 -1 -1 1 -1 -1 1 1 1 -1 1 -1 -1 1 -1 1 1 1 1 1 -1 -1 -1 -1 -1 -1 1 1 1 1 1 -1 1 -1 -1 1 -1 -1 -1 -1 -1 1 -1 1 -1 1 1 -1 1 1 -1 1 -1 -1 1 1 -1 -1 -1 1 1 1 1 1 1 1 -1 1 -1 1 1 -1 1 1 1 -1 1 1 -1 -1 -1 1 -1 -1 1 1 -1 -1 1 1 -1 -1 -1 1 1 -1 1 1 1 -1 1 1 -1 
-1 -1 -1 1 1 -1 1 1 1 -1 1 1 -1 -1 -1 -1 1 1 1 -1 1 -1 -1 -1 1 -1 1 -1 -1 1 1 -1 1 1 1 -1 -1 1 1 -1 1 1 -1 1 -1 -1 -1 1 -1 1 1 1 1 1 1 -1 1 1 1 -1 -1 1 1 -1 -1 1 1 1 -1 -1 -1 1 -1 1 1 1 1 -1 -1 1 1 1 -1 -1 -1 -1 1 -1 -1 1 -1 -1 -1 1 1 -1 1 -1 1 -1 -1 -1 1 1 1 -1 1 1 -1 -1 1 1 -1 1 1 -1 -1 -1 -1 1 -1 -1 1 -1 1 -1 -1 1 
1 -1 1 -1 1 1 -1 1 -1 -1 -1 1 1 -1 1 1 -1 -1 1 1 -1 -1 1 -1 1 1 1 -1 -1 -1 1 -1 -1 1 1 -1 -1 1 -1 -1 1 -1 1 1 -1 -1 1 1 -1 -1 -1 -1 -1 -1 1 -1 -1 1 1 1 1 1 -1 1 -1 1 -1 -1 1 1 1 1 1 -1 -1 -1 1 1 1 1 1 -1 -1 1 1 -1 -1 1 -1 -1 -1 1 1 1 -1 -1 -1 -1 -1 1 1 1 1 1 1 1 1 1 1 1 1 -1 -1 1 1 1 -1 -1 -1 1 -1 1 1 -1 1 1 1 1 
-1 -1 -1 -1 -1 1 1 1 1 -1 1 -1 1 -1 -1 -1 1 -1 -1 1 1 -1 1 1 -1 1 -1 -1 -1 -1 -1 -1 1 1 -1 1 -1 -1 1 -1 -1 -1 1 -1 1 1 1 1 -1 1 -1 -1 1 -1 1 1 -1 -1 -1 1 -1 1 1 -1 -1 -1 1 1 -1 -1 -1 1 -1 -1 1 -1 1 1 1 1 1 1 -1 -1 -1 -1 1 -1 1 1 1 1 -1 1 1 -1 1 -1 -1 -1 -1 1 1 1 -1 1 -1 -1 -1 1 1 -1 1 1 -1 1 1 -1 1 1 -1 1 1 1 1 -1 1 1 
1 1 -1 -1 1 1 1 -1 -1 -1 1 1 -1 -1 1 -1 -1 -1 -1 1 -1 1 -1 -1 -1 1 -1 -1 1 1 1 1 -1 1 1 -1 1 1 1 -1 -1 -1 1 -1 -1 1 1 1 1 -1 -1 1 -1 1 -1 -1 -1 -1 -1 1 -1 1 -1 -1 1 -1 -1 1 1 1 1 1 1 1 -1 1 -1 -1 1 -1 1 -1 -1 -1 1 1 1 -1 1 -1 1 -1 1 -1 -1 1 -1 -1 1 -1 -1 -1 1 -1 -1 1 -1 -1 1 -1 1 1 -1 -1 1 1 1 -1 -1 -1 -1 -1 -1 1 -1 -1 -1 -1 
1 1 1 1 -1 -1 1 1 -1 1 1 1 -1 1 -1 1 1 -1 -1 1 -1 -1 -1 -1 1 1 -1 1 1 1 -1 -1 -1 1 1 -1 -1 1 -1 1 -1 -1 1 1 1 1 -1 1 1 -1 1 1 -1 1 -1 -1 1 1 1 1 1 -1 -1 -1 1 1 1 -1 -1 -1 1 1 1 1 -1 -1 -1 -1 -1 -1 -1 -1 1 1 -1 1 -1 -1 1 -1 -1 1 -1 1 -1 -1 -1 -1 1 -1 -1 -1 1 -1 -1 1 1 1 1 1 -1 1 -1 1 -1 1 -1 1 1 -1 -1 -1 -1 1 -1 -1 1 -1 
-1 1 1 1 -1 1 -1 -1 1 1 -1 -1 1 -1 -1 1 1 1 1 1 -1 -1 1 -1 1 -1 -1 -1 1 -1 -1 -1 1 1 -1 1 -1 1 1 -1 -1 1 1 1 1 -1 1 1 -1 1 -1 1 1 1 1 -1 -1 1 1 1 -1 -1 -1 -1 1 1 1 1 1 1 -1 1 -1 -1 -1 1 1 -1 -1 1 -1 -1 1 -1 -1 1 -1 -1 1 -1 -1 1 1 -1 1 -1 1 1 -1 1 -1 1 -1 -1 -1 1 -1 -1 -1 1 1 1 1 1 1 1 1 -1 -1 -1 1 -1 -1 1 -1 1 -1 -1 
-1 1 1 1 1 1 1 -1 1 -1 1 1 1 1 1 -1 -1 1 -1 -1 1 -1 1 -1 -1 -1 -1 1 1 1 1 1 1 1 1 1 -1 1 -1 1 1 -1 1 -1 -1 -1 1 1 -1 -1 1 -1 1 -1 -1 1 1 -1 1 -1 -1 1 -1 1 -1 -1 -1 -1 -1 1 1 1 1 1 -1 -1 1 1 -1 1 -1 1 -1 -1 -1 1 -1 -1 1 1 1 1 1 1 1 -1 -1 1 -1 -1 -1 -1 1 1 1 1 1 -1 -1 -1 -1 1 1 1 -1 -1 1 -1 -1 -1 1 1 1 -1 1 -1 -1 -1 
1 1 1 -1 1 1 1 -1 -1 1 -1 1 -1 -1 -1 1 -1 -1 -1 -1 -1 -1 1 1 1 -1 1 1 -1 1 -1 1 -1 -1 -1 1 -1 -1 1 -1 1 1 1 1 -1 1 1 -1 1 -1 -1 -1 1 1 1 1 -1 -1 -1 1 1 -1 -1 -1 -1 -1 1 1 -1 -1 -1 -1 -1 -1 1 1 1 1 -1 -1 -1 1 1 1 1 1 -1 1 1 1 -1 1 -1 -1 1 1 1 -1 1 1 -1 -1 -1 -1 -1 -1 1 -1 -1 -1 -1 1 1 -1 -1 1 -1 1 -1 1 -1 -1 -1 1 1 1 1 -1 
1 1 -1 1 -1 1 1 1 1 1 -1 1 -1 1 1 1 1 1 -1 1 -1 -1 1 -1 -1 -1 1 1 1 1 -1 1 1 -1 1 1 -1 -1 -1 1 1 1 -1 1 1 1 -1 -1 -1 1 -1 1 -1 -1 -1 1 1 -1 -1 1 -1 1 1 1 -1 1 -1 1 -1 -1 1 1 -1 -1 -1 -1 -1 1 1 -1 1 1 -1 -1 -1 -1 1 -1 1 -1 -1 -1 -1 -1 1 1 -1 -1 1 1 1 -1 1 -1 1 -1 -1 -1 -1 1 1 1 1 1 1 -1 -1 1 -1 -1 1 1 1 -1 1 -1 -1 1 
1 -1 -1 1 -1 -1 -1 -1 1 1 1 -1 -1 1 -1 1 -1 1 1 1 -1 1 -1 1 1 1 -1 1 -1 1 -1 -1 1 1 -1 -1 1 -1 1 -1 -1 -1 1 1 1 1 1 1 -1 -1 1 -1 1 1 -1 -1 -1 1 1 1 -1 1 -1 1 -1 -1 1 -1 1 -1 -1 1 -1 1 1 -1 1 1 -1 1 -1 -1 -1 -1 -1 1 -1 1 -1 -1 1 -1 1 -1 1 1 -1 1 -1 -1 -1 -1 -1 1 -1 1 1 1 1 1 1 -1 -1 -1 1 -1 1 1 1 -1 1 -1 -1 1 1 -1 -1 1 
1 -1 -1 -1 -1 -1 -1 1 -1 -1 -1 -1 -1 1 -1 -1 1 1 1 1 -1 1 -1 1 -1 1 1 1 -1 -1 -1 1 1 -1 -1 -1 -1 1 1 1 -1 1 1 -1 -1 1 1 1 1 -1 1 -1 -1 1 -1 1 1 1 1 -1 -1 1 -1 1 1 -1 -1 -1 1 -1 -1 1 1 -1 -1 1 1 1 -1 -1 1 1 1 1 1 1 1 -1 1 -1 1 1 1 1 -1 1 -1 1 1 1 1 1 -1 1 -1 1 1 1 -1 1 1 -1 -1 1 1 1 1 -1 1 -1 -1 1 -1 1 -1 1 1 -1 
-1 -1 -1 1 1 -1 1 -1 1 1 -1 -1 1 1 -1 -1 1 1 1 1 1 -1 -1 1 -1 -1 -1 1 1 -1 -1 1 1 1 1 1 1 1 -1 -1 -1 -1 1 1 1 -1 -1 1 -1 -1 1 1 -1 -1 -1 1 1 1 -1 1 1 -1 1 1 1 1 -1 -1 -1 -1 -1 -1 -1 1 1 1 -1 1 1 -1 1 -1 -1 -1 1 1 -1 -1 -1 1 1 1 1 -1 -1 -1 -1 -1 1 -1 1 -1 -1 1 1 -1 -1 1 -1 -1 -1 -1 1 1 1 -1 -1 -1 -1 1 -1 1 1 -1 1 1 1 -1 
1 -1 1 -1 -1 1 1 1 -1 1 1 1 1 -1 1 1 -1 -1 -1 -1 -1 -1 -1 -1 -1 -1 1 -1 1 -1 -1 -1 -1 1 1 -1 -1 1 1 1 1 1 1 1 -1 -1 1 -1 -1 -1 1 1 -1 -1 -1 -1 1 -1 -1 -1 1 1 -1 -1 1 -1 -1 -1 -1 1 -1 1 -1 -1 1 -1 -1 1 -1 -1 1 1 -1 -1 1 -1 -1 1 1 1 1 1 -1 -1 1 -1 -1 -1 -1 -1 -1 -1 -1 1 -1 -1 1 -1 1 1 1 -1 -1 -1 1 1 -1 1 1 1 1 1 -1 1 1 -1 -1 1 
1 1 -1 1 1 1 -1 -1 1 -1 -1 1 1 -1 1 1 -1 1 1 1 -1 1 -1 1 1 1 1 -1 -1 -1 1 -1 1 1 -1 1 1 1 -1 1 1 -1 -1 1 1 -1 1 1 1 -1 1 -1 -1 1 -1 -1 1 -1 -1 -1 -1 1 -1 1 1 1 -1 1 1 1 -1 1 1 -1 1 -1 -1 -1 -1 1 1 -1 1 1 1 1 -1 -1 1 1 1 -1 1 1 -1 1 -1 1 1 -1 -1 1 -1 -1 -1 -1 -1 -1 1 -1 1 1 1 -1 -1 1 1 -1 -1 1 1 -1 1 -1 -1 1 -1 -1 
-1 -1 -1 -1 -1 -1 1 -1 -1 -1 -1 -1 -1 1 1 -1 -1 -1 -1 -1 -1 1 -1 -1 1 -1 1 -1 1 -1 -1 1 -1 -1 1 -1 1 1 1 -1 1 1 -1 -1 -1 -1 -1 1 -1 1 -1 1 1 -1 1 1 1 1 1 1 -1 -1 1 -1 1 1 1 -1 -1 1 1 1 1 1 1 -1 -1 1 -1 1 -1 1 -1 1 1 -1 -1 1 1 1 -1 1 1 -1 -1 -1 -1 -1 1 -1 1 1 1 1 -1 1 1 1 -1 -1 -1 -1 1 1 -1 -1 -1 1 -1 1 -1 -1 -1 1 1 -1 1 -1 
-1 1 -1 1 -1 -1 -1 -1 -1 1 1 -1 1 1 -1 -1 -1 -1 1 -1 1 1 1 -1 -1 -1 -1 1 -1 1 -1 1 -1 1 1 -1 -1 1 1 -1 -1 1 1 1 -1 1 -1 -1 -1 -1 -1 -1 -1 1 1 1 1 -1 1 1 1 -1 -1 1 -1 -1 -1 1 -1 1 -1 1 -1 -1 -1 -1 -1 -1 1 1 1 -1 1 -1 1 -1 -1 -1 1 -1 -1 1 -1 1 1 1 1 -1 1 -1 1 -1 -1 1 -1 -1 1 1 -1 -1 -1 1 -1 -1 1 1 1 -1 1 -1 -1 -1 -1 1 1 1 -1 -1 
-1 -1 -1 -1 1 1 1 1 -1 -1 1 -1 1 -1 1 1 -1 1 -1 1 1 1 -1 -1 -1 -1 -1 1 -1 -1 -1 1 -1 1 1 -1 -1 1 1 -1 1 1 1 -1 1 1 1 1 1 -1 -1 1 1 -1 1 -1 1 -1 -1 1 1 -1 -1 -1 -1 1 1 -1 -1 -1 1 -1 1 1 -1 1 1 1 1 -1 1 -1 -1 1 1 1 1 1 -1 -1 1 -1 -1 1 1 -1 -1 -1 -1 -1 -1 -1 -1 -1 -1 -1 -1 1 1 1 1 1 1 -1 -1 -1 1 -1 -1 1 1 1 1 -1 -1 1 1 1 
1 1 -1 -1 1 1 -1 -1 -1 1 -1 1 1 1 1 1 -1 1 1 -1 1 1 -1 1 -1 1 1 -1 -1 -1 -1 -1 1 1 -1 1 1 1 1 -1 -1 1 1 -1 -1 1 1 1 -1 1 -1 -1 -1 1 1 1 1 -1 -1 -1 -1 -1 -1 -1 -1 -1 1 1 -1 -1 -1 1 1 1 -1 1 -1 1 -1 -1 -1 1 -1 -1 -1 1 1 1 1 -1 -1 1 -1 1 -1 -1 -1 1 1 -1 1 -1 1 -1 -1 -1 -1 -1 -1 -1 -1 -1 1 1 1 -1 -1 -1 -1 -1 -1 -1 -1 -1 -1 1 -1 -1 
-1 -1 -1 1 1 1 -1 -1 1 1 1 -1 -1 -1 -1 -1 -1 -1 1 -1 1 -1 1 -1 1 1 1 -1 1 1 -1 -1 -1 -1 -1 1 -1 -1 -1 -1 -1 1 1 -1 -1 1 1 -1 1 1 1 1 1 -1 -1 -1 -1 1 1 1 -1 -1 1 -1 1 -1 1 -1 -1 1 -1 1 -1 1 -1 1 1 -1 1 -1 1 -1 -1 1 -1 1 -1 -1 -1 -1 -1 -1 -1 1 -1 -1 1 1 1 1 1 1 1 -1 1 -1 1 -1 1 1 1 1 -1 -1 -1 -1 1 1 -1 -1 -1 1 -1 -1 -1 -1 -1 -1 
-1 1 1 -1 1 1 1 1 -1 1 -1 1 -1 1 -1 -1 -1 -1 1 1 1 -1 -1 -1 -1 -1 1 1 -1 1 -1 -1 -1 1 -1 -1 -1 1 -1 -1 -1 1 -1 1 1 -1 -1 1 -1 -1 1 1 1 1 1 -1 1 -1 -1 1 -1 -1 1 1 -1 -1 1 -1 1 -1 1 -1 -1 1 -1 -1 1 1 -1 -1 -1 -1 -1 1 1 -1 -1 1 1 -1 -1 1 -1 -1 -1 1 1 -1 -1 1 1 1 -1 -1 -1 -1 1 1 -1 -1 -1 -1 1 -1 1 1 -1 -1 1 -1 -1 1 1 -1 1 1 1 1 
1 -1 -1 1 -1 -1 1 -1 1 1 1 -1 1 1 1 1 -1 1 1 -1 1 -1 1 -1 -1 1 1 -1 1 -1 1 -1 1 1 1 1 1 -1 1 1 1 -1 1 -1 -1 1 -1 -1 1 -1 1 -1 -1 -1 1 1 1 1 -1 -1 1 -1 -1 1 1 1 1 -1 -1 -1 1 -1 1 1 -1 -1 -1 1 1 -1 -1 1 1 -1 -1 1 1 -1 1 1 -1 1 1 1 -1 1 1 -1 1 -1 -1 1 1 1 1 1 1 -1 -1 1 1 1 1 -1 -1 -1 -1 1 1 -1 1 1 -1 1 1 1 -1 1 
1 1 -1 1 -1 -1 -1 -1 -1 -1 -1 -1 -1 -1 1 -1 -1 -1 1 -1 1 -1 -1 1 1 -1 -1 -1 -1 1 -1 1 1 1 -1 1 1 1 -1 -1 1 -1 -1 1 -1 -1 -1 -1 -1 -1 1 -1 -1 1 -1 1 1 1 1 1 1 -1 1 1 -1 1 -1 -1 -1 -1 1 -1 -1 1 -1 -1 1 1 -1 1 -1 -1 -1 1 -1 1 1 -1 1 -1 -1 -1 -1 -1 -1 -1 1 1 -1 1 -1 1 -1 1 -1 1 -1 -1 -1 -1 -1 1 1 -1 -1 -1 1 -1 1 -1 1 -1 -1 1 1 1 -1 1 
-1 1 -1 -1 1 -1 1 1 -1 -1 -1 1 -1 1 1 1 -1 1 -1 1 -1 -1 -1 1 1 -1 -1 -1 -1 -1 -1 1 -1 -1 1 1 -1 1 -1 -1 -1 1 1 -1 1 -1 -1 -1 -1 -1 -1 -1 -1 -1 1 1 -1 -1 -1 -1 -1 1 -1 1 1 1 -1 -1 -1 1 1 -1 1 -1 1 -1 -1 -1 -1 1 -1 -1 -1 -1 -1 -1 1 -1 1 1 -1 -1 1 1 -1 1 1 1 -1 -1 1 -1 1 -1 1 -1 -1 1 -1 -1 1 -1 1 1 1 1 1 1 1 1 1 -1 1 1 -1 1 1 -1 
1 1 -1 1 -1 1 -1 -1 -1 -1 1 -1 -1 1 -1 1 1 1 -1 -1 1 1 1 1 1 -1 -1 1 1 1 -1 -1 1 1 1 -1 1 -1 1 1 1 1 1 1 1 1 1 -1 -1 1 -1 -1 1 1 1 1 1 1 1 1 1 1 -1 -1 1 1 -1 -1 -1 1 1 -1 -1 -1 1 -1 1 1 -1 1 1 -1 -1 1 -1 -1 -1 -1 1 -1 -1 1 1 -1 -1 -1 1 1 1 1 -1 -1 -1 1 -1 -1 -1 -1 1 1 -1 -1 -1 -1 1 -1 -1 1 1 -1 -1 1 1 -1 1 1 1 -1 
1 1 1 -1 -1 -1 1 1 -1 -1 1 -1 1 1 1 1 1 -1 1 1 -1 1 1 1 1 -1 1 1 1 -1 1 1 1 -1 1 -1 -1 -1 1 1 -1 -1 -1 1 1 1 1 -1 -1 -1 -1 -1 1 1 1 1 1 1 1 1 -1 -1 1 1 -1 -1 -1 1 -1 1 -1 -1 -1 -1 1 1 -1 1 1 1 1 1 1 -1 1 -1 1 -1 -1 -1 -1 -1 1 -1 -1 1 1 -1 1 -1 1 -1 -1 1 -1 -1 1 -1 1 -1 1 1 1 1 -1 -1 1 -1 -1 -1 -1 -1 -1 -1 1 -1 1 1 
-1 -1 -1 1 -1 -1 -1 1 -1 1 1 1 -1 -1 -1 1 -1 -1 1 1 -1 -1 1 1 1 1 -1 1 -1 1 1 1 -1 -1 -1 1 1 1 1 1 -1 1 -1 1 -1 1 1 1 1 -1 -1 1 1 1 -1 1 -1 1 1 1 -1 -1 1 1 -1 1 1 1 -1 1 -1 -1 1 -1 1 1 1 -1 1 1 1 -1 -1 -1 1 -1 -1 1 1 1 1 -1 1 1 -1 -1 -1 -1 1 1 -1 1 1 1 1 -1 1 -1 -1 -1 -1 1 -1 1 -1 1 -1 -1 -1 -1 -1 -1 -1 -1 -1 -1 1 1 
-1 -1 -1 -1 -1 1 1 -1 1 1 -1 1 1 -1 -1 -1 -1 1 -1 1 -1 1 -1 1 -1 1 1 -1 -1 -1 -1 -1 1 -1 -1 -1 -1 1 1 -1 1 1 -1 -1 1 1 1 1 -1 -1 -1 -1 -1 -1 1 -1 -1 1 1 1 1 -1 1 1 -1 -1 1 1 -1 -1 1 -1 -1 1 1 -1 1 -1 1 1 -1 -1 -1 -1 1 -1 1 -1 -1 1 -1 -1 -1 -1 -1 -1 1 -1 1 -1 1 -1 -1 1 -1 1 1 1 1 -1 1 -1 -1 -1 1 -1 -1 -1 1 -1 1 -1 1 1 -1 -1 1 -1 
1 1 1 -1 1 -1 -1 -1 1 1 -1 -1 -1 -1 -1 -1 -1 1 -1 -1 -1 1 1 1 -1 1 -1 -1 1 -1 -1 -1 1 -1 -1 1 1 1 1 1 1 -1 -1 1 -1 -1 1 1 1 1 -1 1 -1 1 -1 1 1 1 -1 -1 1 1 -1 1 -1 -1 1 -1 1 -1 1 1 1 -1 1 -1 1 -1 -1 1 1 1 1 1 1 -1 -1 1 1 -1 -1 -1 1 -1 -1 -1 -1 -1 1 1 -1 -1 -1 -1 1 1 -1 -1 1 1 1 -1 -1 1 1 -1 -1 1 1 -1 1 1 -1 -1 -1 -1 -1 -1 
-1 1 -1 -1 -1 1 1 1 -1 1 -1 1 1 1 1 -1 -1 1 1 1 1 -1 -1 -1 1 1 -1 -1 -1 -1 1 -1 1 -1 1 1 -1 1 -1 1 1 -1 -1 -1 1 -1 -1 -1 -1 1 1 1 1 1 -1 -1 1 -1 1 -1 -1 1 1 1 1 -1 -1 1 1 1 -1 1 -1 1 -1 -1 1 1 1 1 -1 -1 1 -1 1 1 -1 1 1 -1 1 -1 1 1 -1 -1 1 1 1 -1 -1 -1 1 1 1 -1 1 -1 -1 -1 1 1 -1 -1 -1 -1 -1 -1 1 -1 1 1 1 -1 -1 1 1 1 
-1 1 1 1 1 -1 1 1 1 -1 -1 1 1 -1 1 -1 -1 1 1 1 -1 -1 -1 1 1 -1 -1 1 1 1 1 1 1 1 -1 1 -1 -1 -1 1 1 -1 -1 1 -1 1 -1 -1 1 -1 1 -1 1 1 1 1 1 1 1 1 1 1 1 -1 -1 -1 1 -1 -1 -1 -1 -1 -1 1 1 1 -1 -1 1 1 -1 -1 1 -1 -1 -1 -1 1 1 1 -1 -1 1 1 1 -1 -1 1 -1 -1 1 -1 -1 -1 1 -1 -1 1 -1 -1 -1 1 1 1 -1 -1 -1 1 1 -1 -1 -1 1 1 -1 -1 1 1 
1 -1 1 -1 1 -1 1 1 -1 -1 1 1 1 1 -1 -1 1 -1 -1 1 1 -1 1 1 1 1 -1 -1 1 1 -1 1 1 -1 -1 1 1 1 -1 1 1 1 -1 -1 -1 1 -1 -1 -1 -1 1 -1 1 -1 1 1 -1 1 1 1 -1 1 -1 1 -1 -1 -1 -1 1 -1 -1 1 1 1 1 1 -1 -1 -1 1 -1 1 1 -1 -1 -1 -1 1 -1 -1 1 1 -1 -1 1 -1 1 -1 -1 -1 -1 1 1 -1 1 1 -1 -1 -1 -1 -1 -1 -1 1 1 -1 1 -1 -1 -1 1 -1 -1 -1 -1 1 1 1 
1 1 1 -1 1 1 1 1 1 1 -1 -1 -1 -1 1 1 1 -1 -1 1 1 -1 1 -1 1 -1 -1 1 -1 -1 1 -1 1 1 -1 -1 1 1 -1 1 1 1 -1 1 1 1 -1 1 1 -1 1 -1 1 1 1 -1 1 -1 -1 -1 -1 -1 -1 -1 1 -1 -1 -1 1 -1 1 1 -1 1 -1 -1 -1 1 -1 1 1 -1 1 1 -1 -1 1 1 1 -1 1 -1 -1 -1 1 -1 1 -1 1 -1 -1 1 -1 -1 -1 1 -1 -1 -1 -1 -1 1 -1 1 -1 1 -1 -1 1 1 -1 1 1 1 -1 -1 -1 -1 
1 -1 -1 1 -1 1 1 -1 1 -1 1 -1 -1 -1 -1 -1 -1 1 -1 1 -1 -1 -1 -1 1 1 -1 1 -1 -1 1 -1 1 1 1 1 1 -1 1 1 -1 -1 1 -1 -1 -1 1 1 -1 -1 -1 -1 -1 -1 1 1 1 1 -1 1 1 1 -1 1 1 1 1 -1 1 -1 1 -1 -1 1 1 -1 1 1 1 1 1 1 -1 1 -1 -1 1 1 1 -1 1 1 -1 -1 1 -1 1 -1 1 -1 1 -1 1 -1 1 1 1 -1 -1 -1 -1 -1 1 -1 -1 1 1 1 1 -1 1 1 1 1 1 -1 1 -1 
-1 -1 -1 1 -1 -1 -1 -1 -1 1 -1 -1 1 1 1 -1 -1 1 -1 1 -1 1 -1 1 -1 1 1 -1 -1 1 -1 -1 -1 1 -1 1 1 -1 1 -1 1 -1 1 1 1 -1 -1 -1 1 1 -1 1 -1 1 -1 -1 -1 -1 -1 1 -1 1 1 -1 1 -1 1 -1 1 1 1 1 -1 1 -1 -1 -1 -1 1 -1 -1 1 1 1 1 1 1 -1 -1 -1 -1 1 -1 1 1 -1 1 -1 1 1 -1 -1 1 1 -1 -1 1 1 -1 1 -1 -1 -1 -1 -1 -1 1 1 -1 -1 -1 1 1 -1 1 -1 1 -1 
1 1 1 1 1 -1 1 -1 1 1 1 1 -1 -1 -1 -1 1 -1 -1 1 1 1 -1 1 -1 1 1 -1 1 1 1 -1 -1 1 -1 1 -1 -1 1 1 1 -1 -1 1 -1 1 1 1 -1 1 -1 1 1 1 1 -1 1 -1 -1 1 1 -1 -1 -1 1 1 1 1 -1 -1 1 -1 1 -1 1 -1 1 -1 -1 -1 1 -1 -1 1 1 1 1 -1 -1 1 -1 1 1 -1 1 1 -1 1 1 1 1 -1 1 -1 -1 -1 -1 1 -1 -1 1 -1 1 -1 -1 -1 1 -1 1 -1 1 1 -1 -1 1 -1 -1 -1 
-1 1 -1 1 -1 -1 1 1 1 -1 -1 1 -1 -1 1 1 1 1 -1 1 -1 -1 1 1 1 -1 -1 1 -1 1 1 1 1 1 -1 -1 1 -1 -1 1 -1 -1 1 1 -1 -1 1 1 1 1 1 -1 1 -1 1 1 -1 -1 -1 -1 1 -1 -1 1 1 1 1 -1 -1 1 1 1 1 1 -1 1 -1 1 1 1 1 -1 1 1 1 -1 1 -1 1 1 -1 -1 1 -1 -1 1 -1 -1 -1 -1 1 -1 1 1 -1 1 -1 1 1 1 -1 -1 -1 -1 -1 1 -1 1 1 1 1 -1 1 1 -1 1 1 1 
1 1 -1 1 -1 -1 1 -1 1 -1 1 -1 -1 -1 -1 -1 1 -1 -1 1 1 -1 -1 -1 1 -1 -1 1 1 1 1 -1 1 -1 -1 -1 -1 1 1 1 1 -1 1 1 -1 1 -1 1 -1 1 1 1 -1 -1 1 -1 1 -1 -1 1 -1 -1 -1 1 1 -1 -1 1 1 1 1 1 -1 -1 1 1 -1 1 1 1 -1 1 -1 1 -1 -1 1 1 1 1 1 -1 -1 1 -1 1 -1 1 -1 -1 1 1 -1 -1 1 1 -1 -1 1 -1 -1 -1 -1 -1 1 1 1 -1 1 1 -1 -1 -1 -1 1 1 1 -1 
-1 1 -1 1 1 -1 -1 -1 -1 -1 -1 1 -1 -1 -1 1 1 -1 1 -1 1 1 -1 1 1 1 1 -1 -1 1 1 1 1 1 -1 -1 -1 1 -1 -1 -1 -1 1 1 -1 1 -1 1 -1 1 1 -1 -1 -1 1 -1 -1 1 -1 1 -1 -1 -1 -1 1 1 -1 -1 -1 -1 1 -1 1 1 -1 1 1 -1 -1 1 1 1 1 1 -1 1 -1 -1 1 -1 1 1 -1 1 -1 -1 -1 1 -1 -1 1 -1 -1 1 -1 -1 -1 -1 -1 1 1 -1 -1 1 1 1 1 1 -1 1 -1 1 1 1 1 1 -1 1 
1 1 -1 1 1 1 1 1 1 1 1 1 1 -1 1 1 -1 -1 1 1 1 -1 -1 1 -1 -1 -1 1 -1 1 -1 -1 1 1 1 -1 -1 1 -1 1 1 1 -1 -1 -1 -1 1 -1 1 1 -1 -1 -1 1 -1 -1 1 1 -1 -1 1 1 -1 -1 -1 -1 1 -1 -1 -1 -1 1 1 -1 -1 1 1 -1 -1 -1 1 1 -1 1 1 -1 -1 1 1 -1 -1 1 -1 1 1 -1 1 -1 -1 1 1 -1 1 -1 -1 -1 -1 -1 1 -1 1 1 1 -1 1 1 1 1 1 -1 -1 1 1 -1 -1 -1 1 -1 
-1 1 -1 -1 1 1 1 -1 1 -1 1 1 -1 -1 -1 -1 1 1 1 1 -1 -1 -1 1 1 1 -1 1 1 -1 1 1 -1 1 1 -1 -1 -1 1 1 1 -1 -1 1 1 1 -1 1 1 -1 1 1 1 -1 1 1 -1 1 -1 -1 -1 -1 1 -1 -1 -1 1 -1 -1 1 1 -1 -1 1 1 1 1 -1 -1 -1 -1 -1 1 -1 -1 1 1 1 -1 -1 1 -1 1 -1 -1 -1 1 -1 1 -1 1 1 -1 -1 -1 1 -1 1 -1 -1 1 1 -1 1 -1 1 1 1 1 1 -1 -1 1 1 1 -1 -1 -1 
-1 1 1 1 -1 -1 1 -1 -1 -1 -1 -1 1 -1 -1 -1 -1 -1 -1 1 -1 1 1 -1 -1 1 -1 -1 1 1 1 -1 1 1 1 -1 -1 -1 -1 -1 -1 -1 1 1 -1 1 1 1 1 1 1 -1 -1 1 -1 1 1 1 1 1 -1 1 1 1 1 -1 -1 -1 -1 1 1 1 -1 -1 1 -1 1 1 -1 -1 1 -1 1 -1 -1 -1 -1 1 1 -1 1 -1 -1 1 -1 -1 -1 1 1 1 1 1 -1 -1 1 1 1 1 -1 1 1 -1 1 1 1 -1 1 1 1 -1 -1 1 1 -1 -1 1 1 1 
-1 -1 1 -1 1 -1 -1 1 1 1 1 -1 1 -1 1 -1 -1 -1 -1 -1 1 1 -1 1 -1 -1 1 -1 1 1 -1 -1 1 -1 -1 1 -1 1 -1 1 1 1 1 -1 1 -1 1 1 -1 1 -1 -1 1 1 1 -1 1 1 -1 -1 1 -1 1 1 1 1 1 1 1 1 -1 1 1 -1 -1 1 1 1 1 1 1 -1 -1 -1 -1 1 -1 -1 -1 1 1 1 1 -1 1 -1 -1 -1 -1 -1 1 -1 -1 -1 -1 -1 -1 -1 -1 1 -1 -1 -1 1 1 1 -1 1 -1 1 -1 -1 1 -1 1 1 -1 1 
1 1 -1 1 -1 -1 -1 1 -1 -1 1 1 -1 -1 1 -1 1 1 1 -1 -1 -1 1 -1 1 -1 1 1 1 1 1 1 -1 -1 -1 1 -1 1 1 -1 1 1 1 1 -1 -1 1 1 -1 -1 -1 1 -1 1 -1 -1 -1 -1 -1 -1 -1 1 -1 -1 -1 -1 1 -1 -1 1 -1 -1 1 -1 -1 -1 1 -1 -1 -1 -1 -1 -1 1 1 -1 1 1 -1 -1 1 1 -1 -1 1 -1 -1 -1 1 1 1 -1 -1 -1 1 1 1 -1 1 -1 1 -1 1 1 -1 -1 -1 -1 -1 -1 -1 1 1 -1 -1 1 1 1 
1 1 -1 1 -1 1 -1 1 1 1 -1 -1 -1 -1 -1 1 -1 1 -1 1 1 1 1 1 1 1 -1 -1 1 1 -1 1 1 1 1 1 1 1 1 1 1 -1 -1 -1 1 1 -1 -1 -1 1 1 -1 1 -1 1 1 -1 -1 1 -1 1 -1 1 -1 -1 1 1 -1 1 1 1 1 -1 1 -1 -1 -1 1 -1 1 1 -1 -1 -1 1 -1 1 -1 1 1 1 -1 -1 -1 1 -1 1 1 1 -1 -1 1 -1 -1 -1 1 1 -1 -1 1 1 1 1 -1 -1 1 1 -1 1 -1 1 1 1 1 -1 1 1 1 
-1 -1 -1 -1 1 -1 -1 -1 1 -1 1 -1 -1 1 -1 -1 1 -1 -1 -1 -1 1 -1 -1 1 1 1 -1 1 -1 -1 1 1 1 1 -1 -1 -1 -1 1 1 -1 1 1 1 1 -1 1 -1 1 1 1 -1 -1 1 -1 -1 1 1 1 -1 -1 1 -1 1 1 -1 1 -1 -1 -1 1 -1 1 1 -1 1 1 1 1 1 -1 -1 -1 1 -1 1 -1 -1 1 -1 1 -1 -1 1 -1 -1 1 -1 -1 1 1 -1 -1 1 -1 1 1 -1 1 1 1 -1 1 -1 1 1 1 1 1 1 1 -1 1 1 1 -1 1 
1 -1 1 -1 -1 1 1 1 1 1 1 1 1 -1 1 1 1 -1 -1 -1 -1 -1 1 1 1 -1 1 1 -1 1 -1 1 1 1 1 1 1 1 -1 1 -1 -1 1 -1 -1 -1 -1 -1 -1 -1 1 1 1 1 -1 -1 1 -1 -1 -1 1 1 1 -1 1 1 -1 -1 1 1 1 1 1 1 1 -1 1 1 -1 -1 1 1 1 1 -1 1 -1 1 1 -1 1 -1 1 1 -1 -1 -1 -1 1 1 1 -1 -1 -1 1 -1 -1 1 -1 1 1 -1 -1 1 -1 1 -1 1 -1 -1 -1 1 1 1 1 1 1 -1 
-1 -1 -1 1 1 1 1 -1 -1 -1 1 1 1 1 -1 1 1 1 1 1 -1 -1 1 -1 -1 1 -1 1 1 -1 -1 -1 1 -1 1 -1 1 -1 1 -1 1 1 1 1 -1 -1 -1 1 -1 1 -1 1 1 1 1 1 -1 -1 1 1 1 1 1 -1 1 -1 -1 1 -1 1 1 -1 -1 1 1 -1 -1 -1 1 1 1 -1 -1 -1 1 1 1 1 -1 1 1 -1 1 1 -1 -1 -1 1 1 1 -1 1 1 -1 -1 -1 -1 -1 -1 -1 1 1 1 -1 1 1 -1 1 -1 1 -1 -1 1 1 1 -1 1 -1 
1 -1 1 1 -1 1 -1 1 -1 -1 -1 -1 -1 -1 1 1 -1 1 1 1 1 -1 -1 1 -1 1 1 -1 1 -1 -1 -1 -1 1 1 -1 -1 -1 -1 1 -1 -1 -1 -1 -1 -1 -1 -1 -1 1 -1 1 -1 -1 1 1 -1 1 -1 1 1 1 1 -1 1 -1 -1 -1 -1 -1 -1 1 -1 -1 -1 1 1 1 -1 1 -1 -1 -1 1 -1 1 -1 -1 1 1 -1 1 -1 1 1 1 -1 1 1 1 1 1 -1 -1 -1 -1 1 -1 1 -1 -1 -1 -1 1 1 1 -1 -1 1 1 1 1 1 1 -1 -1 -1 1 
1 1 1 1 -1 -1 -1 -1 1 1 -1 1 -1 -1 1 -1 -1 -1 -1 -1 1 -1 1 -1 1 -1 1 1 -1 -1 1 -1 1 1 1 -1 1 1 -1 1 1 1 -1 -1 -1 -1 1 -1 1 1 -1 1 1 -1 1 -1 1 -1 -1 -1 1 -1 1 -1 -1 1 -1 -1 1 1 1 -1 -1 1 -1 1 -1 1 -1 1 1 -1 1 -1 -1 1 -1 -1 1 1 -1 -1 1 -1 1 -1 -1 1 -1 -1 1 1 1 1 1 -1 1 1 1 -1 1 1 -1 1 1 -1 1 -1 1 -1 1 1 -1 1 1 -1 1 1 
-1 1 -1 1 -1 -1 1 -1 -1 1 1 -1 -1 1 1 1 -1 1 1 1 -1 1 1 -1 1 -1 1 1 1 1 -1 1 1 -1 -1 -1 1 -1 1 -1 -1 -1 1 -1 -1 1 -1 -1 -1 1 -1 1 -1 -1 1 -1 -1 1 1 -1 1 1 -1 -1 1 1 -1 -1 1 1 -1 1 1 1 1 1 1 -1 1 1 1 -1 -1 -1 -1 -1 1 1 -1 -1 1 -1 -1 -1 1 -1 -1 1 1 1 -1 -1 1 1 -1 -1 1 1 1 -1 -1 -1 -1 1 -1 1 -1 -1 1 1 1 1 1 -1 -1 1 1 -1 