64
83 23 38 17 82 67 46 50 35 49 12 89 55 65 34 60 35 97 18 69 38 15 88 98 29 91 89 1 83 65 26 36 19 44 86 58 40 82 58 93 41 22 96 82 88 80 88 62 44 48 99 43 15 58 3 96 45 34 33 65 29 26 40 39 
52 50 39 9 30 50 42 20 64 16 47 9 9 15 45 38 86 53 65 90 93 51 16 92 68 16 30 78 3 72 4 6 54 56 70 67 32 94 69 91 24 4 43 15 50 60 69 17 50 63 63 38 68 68 30 44 43 88 32 5 80 36 32 48 
69 32 44 100 54 88 88 36 9 90 37 31 89 87 86 59 8 53 71 42 80 33 29 58 5 88 21 36 54 7 36 87 73 91 96 92 18 23 62 71 82 58 12 9 56 55 78 15 99 38 87 74 20 90 3 50 87 66 20 62 51 10 43 29 
57 65 62 9 16 55 16 82 80 93 66 34 61 21 22 85 19 19 42 54 29 40 88 49 76 58 19 80 94 22 54 78 20 56 72 9 69 60 84 27 76 40 97 10 91 24 12 83 56 3 31 42 6 58 94 36 76 10 41 47 27 100 90 95 
92 56 82 33 55 21 86 48 24 35 59 42 97 44 86 100 14 24 54 20 84 37 24 68 92 68 26 16 38 100 94 60 93 10 77 37 2 94 80 61 15 90 5 3 32 80 77 94 90 52 21 16 84 70 25 37 34 68 95 82 66 1 18 39 
39 98 21 66 30 26 61 25 13 55 19 67 96 68 86 90 4 85 100 39 31 60 54 43 77 74 86 94 10 20 79 57 17 15 61 83 78 67 29 93 4 35 55 49 21 83 55 66 67 10 77 65 29 50 1 88 50 71 24 45 20 14 20 39 
6 96 49 31 89 55 7 27 65 14 29 20 39 47 13 26 93 41 28 23 30 28 73 71 64 3 99 65 64 26 94 77 68 22 54 62 89 79 90 53 37 26 80 3 9 86 5 1 71 94 89 7 34 46 92 14 59 30 49 6 27 82 49 36 
87 84 77 16 89 36 90 68 47 97 67 18 74 29 70 14 1 55 99 69 19 74 74 99 98 92 70 74 85 92 82 71 9 94 11 76 81 84 76 5 61 33 71 30 79 86 15 38 99 92 81 17 38 41 66 85 69 86 36 40 47 8 23 75 
32 46 50 14 31 70 14 42 25 17 95 80 67 68 27 19 92 99 93 14 49 20 51 27 2 25 81 15 16 85 68 27 71 91 83 2 60 45 94 25 39 61 66 96 69 96 28 5 34 98 100 4 12 74 18 68 81 16 53 31 57 68 97 54 
48 22 90 21 13 27 94 79 55 16 88 68 99 47 90 25 4 33 24 32 70 24 61 62 46 30 12 35 9 30 77 12 77 64 77 54 39 93 4 42 72 78 71 92 73 61 52 14 59 22 47 99 24 23 63 95 16 66 31 78 64 90 97 61 
51 48 9 19 85 95 20 29 77 54 21 70 94 93 12 11 60 51 28 29 32 84 99 27 68 24 69 86 31 25 38 87 23 21 98 23 34 59 59 62 99 56 49 75 75 19 100 93 35 31 80 79 64 36 78 77 48 17 7 29 24 33 27 85 
86 27 88 83 73 79 2 76 84 17 92 13 49 95 95 47 20 87 82 13 71 16 99 45 92 24 88 25 97 17 98 11 6 42 62 95 99 20 67 51 23 43 16 70 87 68 2 89 38 88 87 1 95 36 18 60 55 45 7 5 23 94 90 3 
16 55 7 36 70 62 15 52 8 91 95 99 98 78 11 15 3 24 18 24 59 41 19 4 58 45 77 48 66 34 27 12 30 39 38 36 70 73 67 24 73 80 79 66 4 21 94 95 60 61 50 15 1 17 87 56 48 29 80 42 97 33 50 94 
76 67 91 62 42 76 15 5 41 19 98 21 58 38 76 25 30 51 50 42 53 71 71 34 37 41 3 62 67 79 95 16 72 1 90 19 32 31 12 6 32 56 53 19 32 60 19 26 36 39 2 45 40 43 83 49 86 20 60 57 90 93 92 83 
83 81 96 33 31 90 37 58 62 82 61 40 10 4 35 25 66 16 1 34 74 24 17 13 100 15 72 54 77 69 5 8 77 36 23 43 60 48 93 47 36 69 24 35 85 94 14 96 95 33 43 10 55 28 93 48 13 47 73 78 94 41 53 2 
23 47 64 43 76 45 94 32 23 84 95 3 11 69 33 80 55 95 79 42 55 9 58 19 16 50 15 68 98 49 75 25 46 82 28 37 92 75 92 51 52 29 98 29 20 13 100 77 4 12 53 82 86 61 18 68 6 9 30 23 11 2 68 50 
73 72 17 87 43 31 22 91 57 83 64 84 52 7 11 5 23 87 14 93 38 81 31 12 99 95 95 45 92 28 28 43 63 40 29 89 9 98 2 56 4 49 95 62 35 83 19 22 67 1 82 72 17 1 95 82 99 82 43 87 21 84 91 10 
95 35 20 8 61 68 41 15 71 21 95 63 33 13 5 65 90 83 16 22 15 16 47 87 94 95 53 49 96 43 87 100 70 68 96 2 79 80 24 69 96 87 66 51 99 60 21 62 49 28 66 23 70 38 39 80 92 37 29 48 23 7 29 56 
50 19 33 53 10 33 12 8 96 50 40 56 54 87 42 10 70 17 26 88 48 41 98 39 9 58 82 67 34 2 52 2 50 97 98 97 50 33 35 52 9 25 84 70 10 19 43 26 30 60 42 80 22 8 44 84 90 76 9 93 16 86 76 46 
44 77 61 21 83 52 18 89 26 15 47 23 71 13 21 85 74 10 51 28 77 15 50 87 61 27 23 25 37 55 79 23 74 47 21 33 95 7 43 66 31 61 24 23 19 32 78 84 48 64 86 77 43 34 53 85 11 1 63 91 93 70 79 74 
26 90 9 90 30 30 95 96 3 16 91 27 51 45 49 87 2 60 39 75 30 73 11 87 82 96 39 76 49 77 94 38 11 96 33 74 38 61 69 43 63 28 27 20 99 22 62 59 93 63 8 48 45 84 99 88 47 55 83 63 46 60 55 4 
68 77 95 34 89 23 2 6 38 56 66 14 48 37 31 26 62 80 3 82 54 9 82 95 4 8 82 46 56 77 27 11 14 43 33 61 86 1 6 21 76 98 7 32 92 83 99 80 14 49 95 22 33 98 9 97 11 94 35 35 10 82 93 87 
14 56 10 28 67 72 64 28 21 18 37 20 93 51 29 84 76 35 84 80 15 73 15 46 85 79 24 43 67 29 98 27 61 30 49 40 85 93 100 43 96 12 56 49 95 23 14 57 17 59 15 82 95 98 95 49 98 60 53 47 92 62 60 47 
70 79 60 69 69 22 99 99 14 14 30 61 57 76 6 54 76 74 18 52 5 78 3 58 89 86 35 49 40 67 59 67 59 53 2 9 13 96 62 55 70 16 77 17 8 51 61 63 82 5 100 87 76 35 32 53 51 23 41 13 77 27 53 63 
60 23 70 6 71 65 65 62 85 77 56 86 3 86 22 37 36 59 75 32 14 23 8 30 5 34 54 3 55 73 27 43 42 7 1 40 47 75 64 67 38 55 4 15 12 67 57 3 59 87 58 7 74 63 43 82 55 58 70 59 39 85 62 60 
52 97 59 90 72 60 13 57 35 95 92 72 85 73 17 65 89 84 90 8 11 78 15 20 90 78 34 47 70 91 53 75 93 27 53 88 22 23 36 18 72 29 17 100 22 93 57 86 76 22 18 47 10 11 36 17 77 97 60 6 51 79 35 91 
6 73 71 37 34 49 17 49 41 91 19 42 44 87 14 100 2 86 14 38 2 39 42 22 61 56 64 47 15 65 96 88 42 1 15 3 50 58 88 30 29 83 69 22 7 76 66 61 13 66 72 13 60 60 27 51 59 100 79 75 69 31 94 64 
88 99 8 71 98 10 50 57 48 99 81 49 73 8 43 9 67 42 14 36 34 95 53 80 63 91 30 1 59 3 7 76 13 37 31 19 85 55 79 7 52 57 21 100 40 14 14 48 77 71 42 8 54 71 15 78 7 68 49 82 58 67 97 31 
45 97 78 48 13 78 39 54 33 94 37 3 43 40 11 84 87 64 26 48 31 8 90 28 59 43 6 77 38 54 90 55 51 90 21 79 97 50 29 7 77 21 45 24 13 97 26 64 56 37 60 65 18 21 51 79 85 54 58 47 62 48 62 26 
58 29 30 61 3 85 92 7 48 25 83 85 14 29 21 65 13 29 19 75 27 71 16 12 61 21 30 58 100 25 50 34 56 17 71 57 35 79 53 38 21 58 49 96 4 61 84 38 100 18 74 39 28 22 67 33 35 10 37 32 55 12 52 84 
39 34 93 29 17 81 76 2 71 78 97 84 28 14 61 75 36 86 29 6 96 22 66 1 93 75 20 53 58 5 68 79 72 51 70 53 44 90 15 49 80 84 26 78 84 89 35 81 86 28 84 19 93 14 23 94 4 54 88 30 15 11 2 68 
80 34 27 22 59 18 98 36 54 98 63 13 75 91 63 10 78 56 95 29 56 26 91 82 50 23 83 85 56 48 54 77 11 49 96 99 43 18 96 52 63 11 26 18 96 80 39 34 21 72 19 26 86 63 6 59 28 36 19 100 62 93 22 46 
79 27 58 98 64 54 90 47 30 24 25 91 57 77 53 61 27 50 55 77 8 3 38 30 42 36 49 62 9 9 81 74 72 63 77 67 89 96 16 99 23 66 53 80 75 64 8 96 39 57 3 77 89 27 32 69 72 88 61 74 1 56 44 97 
64 58 37 97 5 11 48 2 3 4 85 70 3 99 95 46 61 45 48 83 75 56 17 58 46 72 8 37 80 38 95 87 6 68 66 5 49 85 35 34 58 18 29 85 62 5 94 47 53 54 68 87 82 53 3 4 18 52 65 88 2 48 70 51 
47 46 63 99 100 24 34 38 94 48 100 7 99 25 45 6 48 21 45 45 63 94 30 100 48 74 63 88 84 20 33 61 48 89 92 28 42 75 15 19 73 77 1 84 79 71 91 65 61 19 62 86 68 26 16 88 86 94 4 46 83 77 19 84 
32 44 18 76 26 27 16 92 34 82 39 53 4 76 81 24 11 84 3 78 46 99 73 73 22 15 98 29 44 4 52 18 42 71 100 54 30 1 6 20 33 56 29 63 55 88 30 31 24 2 35 64 47 16 81 84 37 35 42 24 57 29 39 13 
62 6 54 96 51 23 94 62 63 94 51 31 56 79 81 91 79 87 59 81 69 45 53 2 2 83 39 15 48 36 83 99 59 54 42 2 1 92 44 6 88 78 71 95 88 23 68 92 21 98 83 75 40 95 79 4 40 69 24 21 74 45 17 77 
45 90 84 58 68 46 88 35 5 33 51 19 62 53 48 24 36 59 93 79 92 64 77 97 14 14 95 12 92 56 40 73 8 5 31 71 54 73 21 22 58 24 14 28 84 20 68 54 100 100 56 9 81 90 60 50 90 83 73 64 23 36 53 100 
83 86 54 95 51 16 81 83 7 24 29 12 76 63 3 29 1 24 20 30 42 64 19 60 18 28 75 81 70 76 16 20 51 3 57 3 89 75 27 33 98 95 84 12 62 39 79 30 72 31 97 61 59 70 46 80 44 55 49 97 43 24 96 5 
4 30 23 89 47 3 99 44 8 91 85 73 54 72 60 73 38 47 34 61 92 80 3 90 44 20 44 10 58 67 67 57 54 42 62 94 2 39 92 29 48 95 8 38 29 31 9 73 12 90 28 13 89 50 55 9 41 62 80 26 39 86 60 5 
75 63 74 52 38 73 21 89 55 66 97 65 58 37 95 69 23 93 34 69 47 22 22 23 15 33 49 12 92 73 13 36 98 98 73 8 20 57 71 46 16 87 58 99 61 24 89 40 40 91 75 99 76 42 36 96 39 77 49 18 61 4 57 23 
2 55 23 28 71 5 85 97 34 66 5 19 76 18 2 11 52 69 18 87 93 25 73 8 91 30 12 70 13 88 93 11 96 74 90 46 48 58 95 58 59 42 53 29 68 57 61 91 71 69 29 87 95 94 86 89 84 94 17 99 30 68 93 80 
76 40 15 51 76 37 85 54 1 51 88 53 82 100 22 32 19 98 32 38 43 23 55 4 54 23 61 22 22 82 83 87 79 81 86 3 49 9 37 62 93 41 19 33 15 27 53 39 16 58 17 76 18 78 31 81 65 97 40 16 25 49 68 4 
17 31 94 42 54 17 61 87 14 54 85 41 52 52 93 57 50 4 39 50 53 74 73 34 76 55 31 90 92 21 28 37 26 11 24 88 8 32 50 70 26 3 21 98 60 50 63 73 37 85 97 45 54 87 90 10 34 44 93 66 51 52 72 36 
74 20 24 24 97 47 46 99 90 100 25 37 92 64 93 59 25 88 35 21 94 63 69 37 27 86 17 60 55 51 48 5 36 44 21 22 46 24 36 57 20 59 32 83 14 76 19 71 6 55 90 68 56 71 82 17 53 30 98 95 33 94 38 38 
58 63 49 36 97 67 62 27 21 79 17 28 43 98 42 56 56 8 91 54 44 56 96 40 4 79 61 87 12 81 56 70 68 64 3 96 36 9 1 89 100 23 64 62 16 47 31 32 56 99 72 28 22 21 75 48 86 19 24 92 77 65 93 44 
5 73 26 62 98 93 39 55 30 11 21 41 76 70 79 13 83 96 39 32 34 30 33 26 89 98 94 1 69 84 83 25 61 53 13 100 89 70 48 35 59 59 30 85 93 30 62 3 76 74 59 81 3 8 31 5 18 65 36 4 48 93 18 100 
1 52 92 89 60 31 15 33 49 49 11 33 31 45 57 72 78 98 33 43 30 71 41 4 50 93 97 61 22 66 41 62 88 89 49 7 12 36 46 97 52 32 79 58 86 61 25 84 37 91 63 13 88 22 36 14 18 28 36 67 33 30 33 51 
42 44 24 55 65 87 11 7 64 31 84 34 1 57 13 35 21 5 37 87 68 24 15 32 83 100 89 47 38 52 12 83 95 81 96 42 85 97 26 20 53 39 21 15 14 35 95 73 75 29 14 7 30 77 31 15 36 3 87 10 59 24 87 80 
13 77 90 52 9 82 31 77 44 44 56 90 74 90 83 100 46 55 29 44 47 78 63 72 65 10 72 38 22 77 35 22 83 52 78 21 57 38 95 89 25 45 51 18 38 2 73 62 27 73 93 26 51 54 3 92 23 11 84 18 30 67 87 29 
46 14 88 61 92 48 5 17 85 56 60 10 25 76 79 64 7 81 39 78 80 83 15 34 33 21 20 74 64 62 76 64 57 24 31 20 23 5 58 25 38 92 9 44 28 37 90 79 90 54 53 49 29 27 69 5 95 41 70 41 93 1 79 61 
58 98 2 59 96 68 5 62 65 59 58 48 91 63 15 82 76 83 20 23 100 74 90 88 1 99 75 23 89 81 58 24 94 83 92 1 10 56 6 20 16 76 38 60 30 58 64 79 10 87 38 46 90 73 20 18 97 51 98 62 32 40 20 96 
8 25 42 60 74 38 69 68 58 14 7 24 82 90 80 25 91 25 61 17 95 71 21 27 3 9 5 34 7 44 13 90 80 62 53 36 44 90 65 60 46 35 32 49 46 40 57 78 52 49 88 16 5 68 28 96 1 74 85 76 36 86 76 21 
30 49 15 89 46 71 84 15 82 70 67 47 83 66 96 95 68 74 45 93 29 54 20 28 67 80 46 33 48 18 49 47 92 11 65 84 50 72 42 23 76 81 92 18 9 38 57 93 36 88 49 89 24 42 95 37 69 75 80 7 13 80 50 59 
12 58 43 53 18 8 63 90 61 41 22 9 100 38 87 39 1 31 71 100 95 71 98 56 63 46 64 73 74 62 43 26 45 3 49 46 64 74 60 4 85 95 67 62 64 18 82 100 45 70 78 31 8 94 83 65 13 85 16 5 70 22 8 67 
97 35 51 75 67 16 36 13 91 44 80 36 42 30 73 3 19 31 54 37 38 57 97 5 71 80 73 93 58 2 9 43 10 26 73 86 55 99 44 54 56 69 17 70 82 61 4 65 47 49 16 88 87 29 82 6 1 65 91 12 89 33 26 86 
3 29 34 52 33 67 74 92 92 53 69 51 72 7 53 30 26 93 60 45 12 90 26 4 74 44 23 3 29 55 63 76 99 61 48 14 69 55 5 76 5 42 31 74 52 3 98 19 61 11 75 53 40 58 8 86 84 78 82 35 80 74 66 81 
51 46 92 24 90 29 18 12 8 99 37 78 78 79 21 8 66 24 57 75 88 79 89 40 94 58 66 73 13 86 57 59 66 84 17 29 9 66 65 9 49 6 66 71 61 28 75 82 9 32 66 33 60 74 64 9 94 30 70 35 76 33 20 30 
47 33 41 66 44 58 90 40 2 50 70 29 24 26 63 20 70 67 65 88 26 10 17 9 43 47 8 69 47 92 29 60 87 85 20 26 41 47 21 91 5 15 40 73 66 52 64 93 11 36 2 9 66 40 25 38 84 80 74 48 49 10 26 45 
45 37 25 8 71 9 41 87 41 72 91 13 72 55 88 98 83 26 57 74 83 78 54 63 6 19 92 32 2 40 76 59 68 29 76 90 21 87 27 47 47 42 63 49 90 21 23 26 58 9 100 97 32 85 32 36 6 100 51 24 66 61 6 55 
7 8 47 92 40 49 31 17 87 59 36 40 76 25 7 9 40 92 4 35 51 28 77 68 23 17 11 64 77 87 30 23 100 11 19 90 66 81 3 6 69 68 44 60 83 21 36 34 63 65 4 100 53 25 34 65 21 29 96 83 36 41 55 62 
71 28 91 32 63 96 35 47 29 69 2 77 11 43 1 38 25 7 54 19 66 21 31 34 30 37 95 48 7 9 46 14 52 44 53 57 70 77 88 54 22 65 57 3 100 97 90 29 39 38 44 82 48 88 79 73 41 11 14 83 75 25 55 69 
73 66 51 21 61 46 15 50 89 39 41 74 84 78 30 5 41 35 41 95 54 30 26 34 32 30 63 47 47 59 83 99 54 24 97 9 57 98 59 35 28 19 90 100 81 52 67 73 58 47 82 6 56 2 38 80 26 47 4 97 75 68 17 26 
16 86 11 67 31 66 26 93 87 18 18 85 11 21 68 82 63 32 94 33 93 57 22 97 21 99 47 20 9 44 32 8 28 67 58 14 48 24 70 35 99 30 27 24 61 26 72 57 19 49 73 20 84 58 71 28 63 69 81 45 85 65 5 49 
-1 -1 1 1 1 1 -1 1 -1 -1 -1 -1 1 -1 1 -1 1 1 1 -1 1 1 -1 -1 -1 1 1 -1 1 1 -1 1 -1 -1 1 1 -1 1 -1 -1 -1 -1 1 -1 -1 -1 1 1 -1 -1 1 -1 1 -1 -1 1 1 1 -1 1 -1 -1 1 1 
-1 1 -1 -1 -1 1 -1 -1 -1 1 -1 -1 -1 -1 1 1 1 -1 -1 -1 1 1 -1 -1 -1 1 -1 -1 1 1 -1 -1 -1 1 -1 -1 1 1 -1 -1 -1 1 -1 -1 1 1 -1 -1 1 -1 1 -1 1 1 -1 1 1 1 1 1 1 1 1 1 
1 -1 -1 1 1 -1 1 -1 -1 1 1 1 1 -1 1 1 1 1 -1 -1 1 -1 1 1 1 -1 1 -1 1 1 1 -1 1 1 1 1 -1 1 -1 -1 1 1 1 -1 -1 -1 1 1 -1 -1 -1 1 -1 -1 1 1 1 1 1 -1 1 1 1 -1 
1 -1 1 1 1 1 -1 1 1 1 1 -1 -1 -1 -1 1 1 1 1 1 1 1 -1 -1 1 1 -1 -1 1 1 -1 1 1 -1 -1 -1 1 1 1 1 1 -1 -1 1 -1 1 1 -1 -1 1 -1 -1 1 1 1 1 -1 -1 -1 1 1 -1 1 1 
1 -1 1 1 -1 -1 1 1 1 1 -1 1 1 1 1 -1 -1 1 -1 1 1 1 1 1 -1 1 1 1 -1 -1 -1 1 1 -1 -1 -1 -1 -1 -1 1 1 -1 1 1 1 -1 1 -1 1 -1 1 -1 1 -1 -1 -1 1 -1 -1 1 -1 -1 -1 -1 
1 1 -1 1 -1 1 1 1 -1 1 -1 -1 1 1 1 1 1 1 1 -1 1 -1 1 -1 1 1 1 1 -1 1 1 -1 -1 1 -1 -1 1 -1 -1 1 -1 1 1 -1 1 1 -1 -1 1 -1 -1 -1 1 1 -1 1 1 -1 1 -1 -1 -1 -1 -1 
-1 -1 1 -1 1 1 1 -1 -1 -1 1 -1 1 1 -1 1 -1 -1 -1 1 1 -1 -1 -1 1 1 1 -1 -1 1 1 -1 -1 -1 -1 -1 1 -1 -1 -1 1 1 -1 1 -1 -1 1 -1 -1 1 -1 -1 -1 -1 -1 -1 -1 1 1 -1 1 -1 -1 -1 
1 -1 -1 1 1 1 -1 1 1 -1 1 1 -1 -1 1 -1 -1 1 -1 1 -1 1 -1 -1 -1 1 1 -1 1 1 1 -1 1 1 1 1 -1 1 -1 -1 1 -1 -1 -1 -1 -1 1 1 -1 1 -1 1 1 1 1 -1 1 1 -1 1 -1 -1 1 -1 
-1 -1 -1 1 1 -1 -1 1 -1 -1 -1 1 -1 1 -1 -1 1 1 1 1 1 1 -1 1 -1 1 1 1 -1 -1 1 1 -1 1 -1 1 -1 1 -1 -1 1 -1 1 1 1 1 1 -1 1 1 -1 -1 -1 1 -1 1 1 -1 1 -1 -1 1 1 1 
-1 1 1 1 1 1 -1 -1 -1 -1 1 -1 1 -1 -1 1 1 1 1 -1 -1 -1 1 1 -1 -1 1 1 1 1 -1 1 -1 -1 -1 1 1 1 -1 1 -1 1 -1 -1 -1 1 1 1 1 -1 1 -1 1 -1 -1 1 -1 1 1 1 1 1 1 1 
-1 -1 1 1 -1 -1 1 1 -1 1 -1 -1 -1 -1 -1 1 1 1 -1 -1 -1 1 1 -1 -1 -1 1 1 1 1 -1 1 1 -1 1 1 -1 1 -1 -1 1 -1 1 -1 1 1 1 -1 -1 -1 1 -1 -1 -1 -1 -1 -1 -1 -1 1 1 -1 1 -1 
-1 -1 1 -1 1 -1 -1 1 1 -1 -1 1 1 1 -1 -1 -1 1 1 -1 1 1 1 -1 1 1 -1 1 1 1 1 1 -1 -1 -1 1 1 1 -1 -1 -1 -1 -1 -1 -1 1 -1 1 -1 1 -1 1 -1 -1 1 -1 1 -1 1 1 -1 1 1 1 
1 -1 1 -1 1 1 1 -1 -1 1 -1 1 -1 -1 1 -1 -1 1 1 1 -1 -1 -1 1 1 1 -1 1 -1 1 -1 -1 -1 1 -1 -1 1 -1 1 -1 -1 -1 -1 1 1 -1 1 -1 -1 -1 -1 -1 1 -1 1 1 -1 -1 -1 1 1 -1 -1 1 
-1 -1 -1 -1 1 1 1 -1 1 -1 -1 1 -1 -1 1 1 -1 1 -1 -1 1 1 -1 -1 1 -1 1 -1 1 1 -1 1 1 -1 1 -1 1 -1 -1 1 1 -1 -1 1 -1 1 1 1 -1 -1 1 1 -1 -1 -1 -1 1 1 1 1 1 -1 -1 1 
1 1 1 -1 1 1 -1 1 -1 -1 -1 -1 1 1 1 -1 -1 -1 -1 1 -1 1 -1 -1 -1 1 1 1 -1 1 1 1 1 -1 -1 1 -1 -1 -1 -1 1 -1 1 1 1 -1 -1 -1 -1 -1 -1 -1 1 1 1 -1 1 -1 1 1 1 1 1 1 
-1 1 1 1 -1 1 1 -1 -1 1 1 -1 -1 1 -1 1 1 -1 1 -1 1 1 1 -1 -1 -1 -1 1 1 1 -1 -1 1 -1 1 -1 -1 -1 1 1 -1 -1 1 -1 -1 -1 1 1 -1 1 -1 1 1 -1 1 -1 1 1 -1 -1 1 1 -1 1 
1 1 1 1 -1 1 -1 -1 1 1 1 -1 -1 -1 -1 1 -1 -1 1 -1 1 -1 1 1 1 -1 -1 -1 -1 -1 -1 -1 1 -1 -1 1 -1 1 1 1 -1 1 1 1 -1 1 -1 1 -1 -1 1 1 -1 -1 -1 -1 1 1 1 1 -1 -1 -1 -1 
1 -1 1 1 1 1 -1 1 1 1 1 1 1 1 -1 -1 -1 1 -1 -1 1 -1 1 1 1 1 -1 1 -1 1 -1 1 1 -1 1 -1 1 -1 -1 1 1 1 -1 -1 1 -1 1 -1 -1 1 1 1 -1 -1 1 -1 -1 1 -1 1 -1 -1 -1 1 
1 -1 -1 1 -1 1 -1 -1 1 1 -1 1 1 -1 -1 1 1 -1 1 1 -1 -1 -1 1 -1 -1 -1 -1 -1 -1 1 1 -1 1 -1 1 1 1 -1 -1 1 -1 -1 1 -1 -1 -1 1 1 1 -1 1 1 -1 1 -1 -1 -1 -1 1 -1 -1 -1 -1 
-1 -1 -1 1 1 -1 1 1 1 -1 -1 -1 1 -1 1 -1 -1 -1 1 1 -1 -1 1 1 -1 -1 -1 1 1 -1 1 1 1 1 -1 1 -1 -1 1 1 -1 1 -1 1 -1 1 1 -1 1 -1 -1 -1 1 1 -1 -1 1 1 -1 1 1 1 -1 1 
1 1 1 1 1 1 1 -1 1 -1 -1 1 -1 1 -1 1 1 1 -1 -1 1 -1 1 1 1 -1 1 1 1 -1 -1 1 1 -1 1 1 -1 -1 1 -1 1 1 1 -1 -1 1 1 -1 1 -1 1 -1 -1 1 1 -1 -1 -1 -1 -1 -1 1 1 1 
1 1 -1 1 1 -1 -1 1 1 -1 1 1 -1 1 1 1 -1 -1 -1 -1 -1 1 -1 -1 1 1 1 1 -1 -1 -1 1 -1 1 1 1 1 1 -1 -1 1 -1 1 -1 -1 1 -1 1 -1 -1 -1 1 1 1 -1 -1 1 -1 1 1 1 -1 -1 -1 
-1 -1 1 -1 1 1 -1 -1 -1 1 1 1 -1 -1 -1 1 1 1 -1 1 1 -1 1 1 -1 -1 -1 1 1 1 1 -1 1 1 1 -1 -1 -1 1 -1 1 1 -1 -1 1 1 1 -1 1 1 1 -1 -1 1 1 1 1 -1 1 -1 1 -1 -1 1 
-1 -1 1 -1 1 -1 -1 -1 1 1 -1 -1 1 -1 -1 -1 1 1 1 1 1 -1 1 -1 -1 -1 1 1 -1 -1 1 -1 -1 -1 1 -1 -1 1 1 1 -1 1 -1 1 -1 1 -1 -1 1 1 1 -1 -1 1 -1 1 -1 -1 1 -1 1 1 -1 -1 
-1 -1 1 1 -1 1 1 -1 -1 -1 -1 1 1 1 -1 -1 1 1 -1 -1 1 1 -1 -1 -1 -1 1 -1 -1 1 -1 1 1 -1 1 1 -1 1 -1 1 1 -1 -1 1 1 -1 1 1 1 1 1 1 -1 -1 -1 -1 -1 -1 -1 -1 1 1 -1 1 
1 1 -1 1 1 1 1 1 1 -1 -1 1 1 -1 1 -1 -1 1 -1 -1 -1 1 -1 -1 -1 1 1 1 1 -1 -1 -1 1 -1 1 -1 -1 -1 1 1 1 1 1 1 1 -1 -1 -1 -1 -1 1 1 1 -1 1 -1 -1 1 -1 -1 1 1 -1 -1 
1 -1 1 -1 1 1 1 1 1 1 1 -1 -1 1 1 -1 -1 -1 -1 -1 1 1 -1 1 1 1 -1 -1 1 -1 1 1 -1 -1 1 1 -1 1 -1 -1 1 -1 -1 1 1 -1 1 -1 -1 -1 1 -1 1 1 -1 1 -1 1 1 -1 -1 -1 1 1 
-1 -1 -1 -1 1 1 -1 -1 1 1 1 1 1 -1 1 1 -1 1 -1 1 1 1 1 1 -1 1 -1 1 1 1 -1 1 -1 1 1 1 1 1 1 -1 1 1 1 -1 1 -1 -1 1 -1 -1 -1 1 -1 1 1 -1 -1 1 1 -1 -1 -1 -1 1 
1 1 1 1 -1 -1 -1 1 -1 1 1 1 -1 1 -1 1 -1 -1 -1 1 1 -1 1 -1 -1 1 1 1 1 1 -1 -1 1 -1 1 -1 1 1 1 1 -1 1 -1 -1 -1 1 1 -1 1 -1 1 -1 -1 -1 1 1 1 -1 -1 1 1 -1 -1 -1 
1 1 1 1 -1 1 1 1 -1 1 1 1 1 1 1 1 -1 1 -1 -1 -1 -1 1 -1 1 -1 -1 1 1 -1 1 -1 -1 1 1 -1 -1 1 -1 -1 -1 1 -1 -1 -1 -1 1 1 -1 -1 1 1 1 1 -1 1 -1 1 -1 -1 -1 1 -1 1 
-1 -1 1 -1 -1 1 1 1 1 -1 -1 1 -1 -1 1 -1 -1 -1 1 1 -1 -1 1 1 -1 -1 1 -1 -1 1 1 -1 1 1 1 -1 -1 -1 -1 -1 -1 1 1 -1 1 1 1 1 1 1 1 1 1 -1 1 -1 -1 1 1 1 1 1 1 1 
1 -1 -1 1 1 -1 -1 -1 1 1 1 1 -1 1 1 -1 -1 1 1 1 1 1 -1 -1 1 -1 1 1 -1 -1 -1 -1 1 1 -1 1 1 -1 -1 -1 -1 -1 -1 -1 1 1 1 -1 -1 1 -1 1 -1 -1 -1 1 -1 1 -1 1 1 1 -1 -1 
-1 -1 1 1 1 -1 -1 1 -1 -1 1 -1 -1 1 1 1 1 1 -1 1 1 -1 1 -1 1 1 -1 -1 1 -1 1 1 1 -1 1 -1 -1 1 -1 1 1 -1 1 1 -1 -1 -1 1 1 -1 1 1 -1 -1 1 1 -1 1 -1 -1 -1 1 1 1 
-1 1 1 -1 -1 1 -1 1 1 -1 -1 -1 1 -1 -1 -1 -1 -1 1 1 -1 1 1 -1 -1 -1 -1 1 -1 1 1 1 -1 -1 1 1 1 1 1 1 -1 1 -1 -1 -1 -1 -1 -1 1 -1 1 1 -1 -1 -1 -1 -1 -1 -1 -1 -1 1 -1 -1 
1 -1 1 -1 -1 -1 -1 1 -1 -1 1 -1 -1 1 -1 1 -1 1 -1 -1 1 1 1 1 1 1 1 1 1 1 1 -1 1 1 -1 1 -1 -1 -1 1 -1 1 1 1 1 -1 -1 1 1 -1 -1 -1 1 1 1 -1 1 1 -1 -1 -1 1 1 -1 
1 -1 1 -1 -1 -1 -1 1 1 1 1 1 -1 -1 1 -1 1 -1 1 1 1 1 -1 -1 1 -1 1 1 -1 -1 -1 1 -1 1 1 1 1 1 1 -1 1 1 1 1 -1 -1 -1 -1 -1 -1 -1 1 1 1 1 -1 1 -1 1 -1 1 1 1 -1 
-1 1 -1 1 -1 1 1 -1 -1 1 -1 1 1 1 -1 -1 -1 1 1 -1 -1 1 -1 -1 -1 -1 -1 1 1 -1 -1 1 -1 1 -1 1 -1 -1 -1 1 1 -1 1 1 1 -1 -1 -1 -1 1 -1 -1 -1 1 -1 1 -1 -1 1 -1 1 -1 -1 1 
1 1 1 1 -1 -1 -1 1 1 1 1 1 -1 -1 -1 -1 1 -1 1 -1 -1 1 -1 1 1 -1 1 1 1 1 -1 -1 1 1 -1 1 -1 -1 -1 -1 -1 -1 -1 1 -1 -1 -1 1 -1 -1 -1 -1 -1 1 -1 -1 1 -1 -1 1 -1 -1 -1 -1 
-1 -1 -1 1 -1 -1 -1 -1 -1 -1 -1 -1 1 -1 -1 1 1 -1 -1 1 1 -1 1 1 -1 1 -1 1 1 -1 -1 -1 -1 1 -1 1 -1 -1 1 -1 -1 1 -1 -1 -1 1 1 1 1 1 -1 -1 -1 1 1 1 -1 -1 -1 -1 1 1 -1 -1 
-1 -1 -1 1 1 1 -1 -1 -1 1 -1 -1 -1 1 -1 1 1 1 -1 1 -1 -1 -1 1 1 1 -1 -1 1 -1 -1 -1 1 1 1 -1 1 -1 -1 1 1 -1 -1 1 -1 1 1 1 1 -1 -1 1 1 -1 -1 -1 1 1 1 -1 -1 1 -1 1 
-1 -1 1 1 1 -1 1 1 1 -1 1 -1 -1 1 1 -1 -1 1 1 -1 1 1 1 -1 1 1 1 1 -1 -1 -1 -1 1 -1 -1 1 1 -1 -1 1 1 1 1 1 1 1 1 1 -1 1 -1 1 -1 -1 -1 -1 1 -1 1 1 -1 -1 -1 -1 
-1 1 1 -1 -1 1 1 -1 -1 1 -1 -1 -1 -1 -1 -1 1 1 -1 1 1 -1 1 1 -1 1 -1 1 1 1 1 -1 -1 1 1 1 -1 -1 1 -1 1 1 1 1 -1 1 -1 -1 1 1 1 -1 -1 -1 1 -1 1 1 -1 -1 -1 -1 1 1 
1 -1 1 -1 1 1 -1 -1 1 -1 1 -1 -1 -1 1 1 1 -1 -1 -1 1 1 -1 -1 -1 1 -1 1 -1 -1 1 -1 1 -1 1 1 1 -1 -1 -1 1 1 1 -1 1 1 1 1 1 -1 1 1 -1 1 1 -1 1 1 1 -1 -1 1 -1 1 
-1 -1 -1 1 1 -1 1 -1 1 -1 -1 -1 1 1 1 -1 1 -1 1 1 -1 -1 -1 1 1 1 1 -1 -1 -1 -1 -1 1 -1 1 1 1 1 -1 1 1 1 -1 -1 1 1 1 1 1 1 1 -1 -1 -1 -1 -1 -1 -1 -1 -1 1 -1 1 1 
-1 1 -1 -1 1 1 -1 -1 1 -1 1 -1 1 -1 1 -1 -1 1 -1 -1 -1 -1 1 -1 1 1 1 1 -1 -1 1 1 -1 -1 1 -1 1 -1 -1 -1 1 -1 1 1 -1 -1 -1 1 1 1 1 -1 1 1 -1 -1 -1 -1 -1 1 -1 1 -1 -1 
-1 1 -1 1 -1 1 -1 -1 1 1 1 1 -1 1 -1 -1 1 -1 -1 1 1 1 1 1 -1 -1 -1 -1 1 -1 1 1 -1 -1 -1 -1 -1 -1 1 1 1 1 1 1 -1 1 1 1 -1 -1 1 -1 1 -1 1 -1 -1 -1 -1 -1 1 -1 1 1 
1 -1 1 1 1 -1 1 1 1 1 1 -1 1 1 -1 1 -1 1 -1 1 1 -1 1 -1 1 -1 1 -1 1 1 1 1 -1 -1 -1 -1 -1 -1 1 1 1 -1 1 1 -1 1 -1 1 -1 1 1 -1 1 -1 -1 -1 1 -1 1 -1 -1 -1 1 -1 
1 -1 1 -1 -1 -1 -1 1 -1 1 -1 1 -1 1 -1 1 1 -1 1 -1 -1 1 -1 -1 1 -1 -1 1 -1 1 1 -1 1 -1 1 -1 -1 1 1 1 1 -1 1 1 1 1 1 -1 -1 -1 1 1 -1 -1 1 -1 -1 -1 -1 -1 1 1 1 1 
-1 1 -1 -1 1 1 -1 -1 1 1 -1 -1 -1 -1 -1 -1 -1 -1 1 1 1 -1 1 1 1 -1 -1 -1 1 -1 1 -1 1 1 1 -1 -1 -1 1 1 -1 1 1 1 1 -1 -1 -1 -1 1 -1 -1 1 -1 1 -1 -1 1 -1 1 -1 1 -1 -1 
-1 -1 -1 1 -1 -1 1 1 1 -1 -1 1 -1 -1 -1 1 -1 1 1 -1 -1 -1 1 1 1 -1 -1 -1 -1 -1 1 1 -1 -1 -1 -1 1 -1 1 -1 1 1 -1 1 1 -1 1 -1 1 -1 1 -1 -1 -1 1 -1 1 -1 -1 1 -1 -1 1 1 
1 1 -1 -1 1 -1 -1 -1 -1 1 1 -1 -1 1 -1 -1 1 1 -1 -1 1 -1 1 1 1 1 1 -1 1 1 1 -1 1 1 -1 -1 -1 -1 -1 -1 -1 1 1 1 1 1 1 1 -1 1 -1 1 -1 -1 -1 1 -1 -1 1 1 1 -1 1 -1 
-1 -1 1 -1 -1 -1 -1 1 -1 -1 -1 1 -1 1 -1 1 1 1 1 -1 -1 1 -1 -1 1 1 -1 1 -1 1 1 1 1 1 -1 1 -1 -1 -1 1 1 -1 1 -1 -1 -1 -1 1 -1 -1 1 -1 1 1 1 -1 1 1 -1 1 -1 1 1 -1 
1 1 -1 1 1 1 -1 1 -1 1 -1 -1 1 -1 1 1 -1 -1 1 1 -1 1 -1 -1 -1 1 1 -1 -1 1 1 -1 -1 -1 1 1 -1 -1 -1 1 -1 -1 -1 -1 1 1 1 -1 1 -1 -1 1 1 -1 -1 1 1 -1 1 -1 -1 -1 1 -1 
-1 1 -1 1 -1 1 -1 1 1 -1 -1 -1 -1 -1 1 -1 -1 -1 -1 1 1 1 1 1 -1 -1 1 1 -1 1 -1 -1 -1 -1 1 1 1 1 1 -1 -1 -1 1 -1 1 -1 -1 -1 -1 -1 -1 1 -1 -1 1 1 -1 -1 -1 -1 -1 1 -1 -1 
-1 -1 1 1 -1 -1 -1 1 -1 -1 -1 1 1 -1 1 1 -1 1 1 -1 1 -1 1 -1 -1 1 -1 1 1 -1 1 -1 1 -1 1 1 -1 -1 1 -1 -1 1 1 -1 -1 1 -1 1 1 1 -1 1 -1 1 1 -1 1 -1 1 -1 -1 -1 1 1 
1 1 1 1 -1 1 -1 -1 1 1 -1 -1 1 -1 -1 -1 -1 -1 -1 -1 -1 -1 1 1 -1 -1 1 -1 1 1 -1 1 1 -1 -1 -1 1 -1 1 -1 -1 -1 -1 -1 -1 -1 -1 -1 -1 -1 1 -1 1 1 -1 -1 1 -1 1 -1 1 1 1 1 
1 1 1 -1 1 1 -1 1 1 -1 -1 1 -1 1 1 1 1 -1 -1 1 -1 1 1 -1 -1 -1 -1 -1 1 -1 -1 -1 -1 -1 1 1 -1 1 -1 1 1 1 1 -1 -1 -1 1 -1 -1 1 -1 1 1 -1 1 1 1 -1 -1 1 -1 -1 -1 -1 
1 1 1 -1 -1 -1 1 1 -1 1 -1 -1 -1 1 -1 1 1 1 -1 1 -1 -1 -1 -1 -1 1 1 1 -1 1 1 1 1 -1 1 -1 -1 -1 -1 1 -1 1 1 -1 -1 -1 -1 -1 1 -1 -1 1 -1 -1 -1 -1 -1 1 -1 -1 1 1 1 1 
-1 1 1 -1 -1 1 1 -1 1 1 -1 1 -1 1 1 -1 1 -1 -1 -1 -1 1 1 1 -1 -1 1 1 -1 -1 1 -1 -1 -1 -1 1 1 -1 -1 1 1 -1 1 -1 -1 -1 1 -1 -1 -1 1 -1 1 -1 1 1 -1 -1 1 -1 -1 -1 1 -1 
1 1 -1 1 1 -1 -1 1 -1 1 1 1 1 1 1 -1 1 1 1 1 -1 1 -1 -1 -1 -1 -1 -1 1 -1 1 1 -1 -1 -1 -1 -1 1 -1 -1 1 -1 -1 -1 1 -1 -1 -1 1 1 1 1 -1 -1 -1 -1 1 -1 -1 -1 -1 1 1 -1 
-1 1 1 1 -1 -1 1 -1 -1 1 1 -1 1 1 1 1 -1 -1 -1 1 -1 1 1 1 1 1 -1 -1 1 -1 1 1 -1 -1 -1 1 1 -1 1 -1 -1 -1 -1 1 -1 1 -1 1 -1 -1 1 -1 -1 -1 -1 1 -1 1 -1 -1 -1 -1 -1 -1 
-1 1 1 -1 -1 -1 -1 -1 1 1 -1 1 -1 -1 1 1 -1 -1 -1 1 1 -1 -1 1 1 1 -1 -1 -1 1 1 1 1 1 1 1 -1 -1 1 1 -1 -1 1 -1 1 -1 -1 1 1 -1 -1 1 -1 1 -1 1 -1 1 -1 1 -1 -1 -1 -1 
1 1 1 1 -1 -1 -1 1 1 1 1 1 -1 -1 1 -1 -1 -1 -1 -1 1 -1 -1 -1 -1 -1 1 -1 -1 -1 1 -1 1 -1 1 1 -1 -1 -1 -1 -1 1 -1 1 -1 1 1 1 -1 1 1 1 1 -1 1 1 -1 1 1 1 -1 -1 -1 -1 
1 1 -1 1 -1 -1 -1 -1 1 1 -1 1 1 1 1 1 -1 1 -1 1 1 -1 1 -1 1 -1 1 1 -1 1 1 -1 1 -1 -1 -1 1 -1 -1 1 -1 1 1 1 -1 1 -1 1 -1 1 -1 -1 -1 -1 1 1 -1 1 -1 -1 -1 -1 -1 1 