16
73 36 15 97 80 85 21 87 64 33 41 6 98 20 30 63 
72 57 78 64 92 83 42 91 53 69 85 35 3 30 90 53 
41 94 64 96 45 6 62 36 36 15 3 74 36 20 37 42 
2 11 13 86 90 26 83 63 94 5 88 4 36 34 24 79 
76 14 49 59 62 23 24 7 96 31 74 11 78 65 29 36 
77 72 22 23 21 80 53 10 92 86 63 12 56 63 67 58 
30 17 82 9 96 12 58 11 66 60 92 89 41 11 46 35 
12 55 58 5 45 17 34 48 92 79 10 92 48 91 93 20 
20 99 55 94 86 57 39 27 30 92 8 7 95 79 23 73 
58 43 54 24 64 77 56 3 7 67 15 61 86 76 16 88 
4 57 75 37 37 43 57 80 83 26 70 79 5 54 18 3 
42 38 80 96 76 88 45 28 5 51 69 64 100 82 51 37 
75 90 25 24 20 76 24 32 9 22 24 11 40 58 50 41 
100 99 92 40 95 15 72 94 24 48 45 84 46 26 67 75 
79 18 65 91 48 92 14 58 68 53 29 83 57 69 29 61 
39 51 8 83 22 57 15 9 46 65 38 10 33 20 9 94 
1 -1 -1 -1 1 -1 -1 -1 -1 1 1 1 -1 -1 -1 1 
-1 1 -1 -1 1 1 1 -1 -1 1 1 1 -1 -1 -1 -1 
-1 -1 1 1 -1 1 -1 1 1 -1 -1 1 -1 1 -1 1 
-1 -1 1 -1 1 1 -1 1 -1 1 1 -1 1 1 -1 -1 
1 1 -1 1 1 1 1 1 -1 -1 -1 -1 1 1 1 1 
-1 1 1 1 1 -1 -1 -1 1 1 -1 -1 -1 -1 -1 1 
-1 1 -1 -1 1 -1 -1 1 1 -1 1 1 1 1 1 1 
-1 -1 1 1 1 -1 1 1 -1 -1 -1 1 1 1 -1 1 
-1 -1 1 -1 -1 1 1 -1 1 -1 -1 1 1 1 -1 -1 
1 1 -1 1 -1 1 -1 -1 -1 -1 -1 -1 -1 -1 -1 1 
1 1 -1 1 -1 -1 1 -1 -1 -1 1 -1 1 -1 1 1 
1 1 1 -1 -1 -1 1 1 1 -1 -1 -1 1 -1 -1 1 
-1 -1 -1 1 1 -1 1 1 1 -1 1 1 -1 -1 -1 -1 
-1 -1 1 1 1 -1 1 1 1 -1 -1 -1 -1 -1 -1 -1 
-1 -1 -1 -1 1 -1 1 -1 -1 -1 1 -1 -1 -1 1 -1 
1 -1 1 -1 1 1 1 1 -1 1 1 1 -1 -1 -1 -1 