32
69 56 34 66 57 43 67 17 85 9 78 14 97 92 4 85 72 83 9 47 5 21 28 94 52 79 37 71 5 18 59 94 
49 22 94 58 67 76 32 29 73 52 76 31 2 3 35 24 31 25 42 73 99 41 46 61 47 93 100 46 13 61 37 79 
51 22 83 11 85 89 30 73 38 13 57 66 74 11 23 31 39 72 38 17 72 58 16 15 5 38 78 26 50 28 7 56 
25 59 2 8 47 16 35 26 85 5 46 6 97 57 75 46 62 42 54 28 48 74 53 100 8 24 9 89 26 19 12 51 
25 18 24 25 92 33 98 70 34 76 57 15 51 20 44 9 55 38 58 28 11 38 12 10 13 69 12 12 42 46 98 77 
59 92 40 15 79 64 77 38 39 74 4 9 72 39 40 30 26 17 53 21 11 73 28 80 21 93 87 94 21 87 55 92 
10 31 2 55 35 40 67 31 74 66 91 50 38 10 59 34 21 19 27 14 93 51 6 81 54 85 86 71 78 99 68 4 
71 43 10 87 19 85 85 1 27 51 39 3 78 88 60 93 19 1 75 14 16 96 68 19 83 68 33 60 12 88 89 84 
81 94 10 87 1 93 24 26 48 49 22 12 41 91 99 72 57 10 18 27 21 95 57 54 1 78 15 21 68 28 38 87 
71 42 36 68 48 43 44 86 46 62 47 57 44 10 66 99 59 59 33 3 98 76 68 78 93 36 39 47 61 24 1 34 
33 79 78 59 11 58 4 99 39 29 48 64 29 5 88 5 96 99 42 100 69 47 63 84 43 32 87 18 46 35 92 35 
57 21 75 67 8 36 77 82 81 15 45 39 24 65 94 29 54 16 94 40 91 86 85 60 82 69 38 98 74 73 75 17 
2 63 15 87 46 54 96 30 81 82 14 15 84 100 21 76 12 65 68 4 58 79 96 11 61 22 29 16 33 54 25 27 
32 60 37 22 39 75 42 67 26 19 93 36 24 9 46 38 3 62 90 73 5 20 12 26 22 37 86 85 66 99 84 70 
67 48 58 93 80 1 63 39 41 98 19 12 40 1 46 20 91 48 63 7 89 42 36 45 89 30 23 25 94 3 54 86 
71 88 10 43 46 7 56 7 67 84 59 34 27 52 7 35 46 18 56 7 37 65 42 53 28 58 10 78 7 16 17 56 
23 93 10 74 98 39 82 27 8 94 29 38 67 93 83 76 100 40 24 3 96 14 95 79 54 78 74 26 98 30 85 51 
2 12 37 45 48 12 100 35 49 18 26 1 31 59 24 78 15 81 33 50 70 55 54 14 89 6 64 48 25 23 25 48 
67 47 1 74 30 39 88 6 22 35 93 57 38 66 7 36 22 99 83 24 55 22 51 6 91 65 95 28 31 55 70 74 
77 32 90 33 18 84 46 66 5 2 48 100 30 93 74 96 90 55 73 13 31 63 89 76 44 49 97 93 8 91 27 24 
41 93 63 52 92 72 100 86 20 28 28 2 20 33 89 90 25 92 68 84 74 55 46 19 35 30 10 7 69 65 1 80 
60 72 36 20 83 96 93 39 38 70 64 80 57 38 100 37 14 13 95 40 42 33 68 19 20 97 58 59 91 3 49 97 
79 70 15 32 11 13 23 49 41 70 6 66 63 46 89 32 53 90 90 50 36 29 96 94 62 90 44 46 77 57 90 40 
75 92 31 48 74 60 70 14 95 30 73 17 16 81 51 2 46 73 28 14 53 87 25 32 40 41 19 33 82 87 47 41 
32 96 19 16 45 16 67 9 13 72 100 96 82 44 100 38 80 45 28 5 62 85 76 78 1 6 63 93 22 44 4 60 
43 88 78 75 58 78 8 36 4 46 32 90 12 50 10 91 13 89 45 36 35 69 74 12 77 20 6 67 68 96 80 64 
39 52 58 31 95 94 20 4 20 56 72 76 100 48 66 70 34 10 58 30 82 39 26 92 11 35 63 88 78 92 3 29 
68 85 64 61 8 41 42 80 26 23 21 83 84 84 36 36 39 6 52 80 94 65 40 6 70 11 93 32 9 8 82 59 
90 5 38 73 42 99 91 75 75 30 62 15 82 34 12 72 76 40 64 49 26 56 69 72 39 40 82 2 56 8 31 98 
77 75 58 76 95 59 13 84 86 1 99 6 64 2 56 89 66 15 9 30 63 83 17 4 94 1 65 42 65 74 99 41 
4 90 18 5 42 54 13 43 74 72 12 67 27 15 13 32 89 6 68 67 98 68 64 46 91 35 52 82 89 73 54 72 
60 38 44 46 85 49 86 56 70 29 36 23 76 20 47 96 68 25 34 41 34 42 63 66 55 97 31 86 52 88 90 69 
-1 1 -1 1 1 -1 -1 1 -1 -1 -1 -1 -1 -1 1 -1 -1 1 -1 1 -1 1 -1 1 1 -1 1 1 -1 1 -1 1 
1 -1 -1 1 1 -1 1 -1 1 -1 1 -1 -1 1 1 1 1 1 -1 -1 1 -1 -1 -1 -1 -1 1 -1 1 1 1 -1 
-1 -1 1 1 -1 1 -1 1 -1 -1 -1 1 1 -1 -1 -1 -1 -1 1 -1 1 -1 -1 1 1 -1 -1 1 -1 1 -1 1 
1 1 1 1 -1 -1 1 1 1 1 -1 -1 1 -1 1 -1 1 -1 -1 -1 -1 1 1 1 -1 -1 -1 -1 1 -1 -1 -1 
1 1 -1 -1 1 -1 1 1 -1 1 -1 1 -1 1 -1 -1 1 1 1 1 1 1 -1 -1 1 -1 1 1 1 -1 -1 -1 
-1 -1 1 -1 -1 -1 -1 -1 1 -1 1 1 1 -1 -1 1 1 1 1 -1 -1 1 1 1 1 1 -1 -1 -1 -1 1 -1 
-1 1 -1 1 1 -1 1 1 1 -1 1 1 1 -1 1 -1 1 1 1 1 1 -1 -1 -1 1 -1 1 1 -1 -1 1 1 
1 -1 1 1 1 -1 1 -1 -1 1 -1 -1 1 -1 -1 -1 -1 1 -1 1 -1 -1 1 -1 -1 -1 -1 1 -1 -1 -1 -1 
-1 1 -1 1 -1 1 1 -1 -1 1 1 1 -1 1 1 1 -1 -1 1 -1 -1 -1 1 -1 1 -1 1 -1 -1 -1 1 -1 
-1 -1 -1 1 1 -1 -1 1 1 -1 1 -1 1 -1 -1 -1 1 -1 -1 1 1 1 -1 -1 -1 1 -1 1 -1 1 1 -1 
-1 1 -1 -1 -1 1 1 -1 1 1 1 1 -1 -1 1 -1 -1 -1 -1 -1 1 1 -1 -1 -1 1 1 1 -1 1 1 1 
-1 -1 1 -1 1 1 1 -1 1 -1 1 1 1 -1 1 1 -1 -1 1 1 -1 1 -1 -1 1 1 1 1 1 -1 -1 1 
-1 -1 1 1 -1 1 1 1 -1 1 -1 1 -1 1 -1 1 1 -1 1 1 1 1 -1 1 1 1 -1 1 -1 1 1 -1 
-1 1 -1 -1 1 -1 -1 -1 1 -1 -1 -1 1 -1 1 -1 1 1 -1 -1 -1 1 1 -1 1 1 1 1 -1 1 1 1 
1 1 -1 1 -1 -1 1 -1 1 -1 1 1 -1 1 1 1 -1 -1 -1 -1 -1 1 -1 1 -1 -1 -1 -1 -1 -1 1 1 
-1 1 -1 -1 -1 1 -1 -1 1 -1 -1 1 1 -1 1 1 -1 -1 -1 1 1 -1 -1 1 -1 1 1 -1 1 1 -1 1 
-1 1 -1 1 1 1 1 -1 -1 1 -1 -1 1 1 -1 -1 1 1 1 1 -1 -1 -1 1 1 1 -1 -1 1 -1 1 1 
1 1 -1 -1 1 1 1 1 -1 -1 -1 -1 -1 1 -1 -1 1 -1 1 -1 1 1 1 1 -1 -1 -1 -1 1 1 -1 -1 
-1 -1 1 -1 1 1 1 -1 1 -1 -1 1 1 -1 -1 -1 1 1 -1 -1 1 1 -1 -1 -1 -1 1 -1 -1 -1 1 1 
1 -1 -1 -1 1 -1 1 1 -1 1 -1 1 1 -1 -1 1 1 -1 -1 -1 -1 -1 -1 1 -1 -1 1 1 -1 1 -1 1 
-1 1 1 -1 1 -1 1 -1 -1 1 1 -1 1 -1 -1 1 -1 1 1 -1 1 1 1 -1 -1 1 1 -1 1 1 1 -1 
1 -1 -1 1 1 1 -1 -1 -1 1 1 1 1 1 1 -1 -1 1 1 -1 1 -1 1 -1 -1 -1 1 1 1 1 -1 1 
-1 -1 -1 1 -1 1 -1 1 1 -1 -1 -1 -1 1 -1 -1 -1 1 -1 -1 1 1 1 1 1 1 1 -1 -1 -1 -1 1 
1 -1 1 1 -1 1 -1 -1 -1 -1 -1 -1 1 -1 1 1 1 1 -1 1 -1 -1 1 -1 -1 1 1 -1 1 1 1 -1 
1 -1 1 -1 1 1 1 -1 1 -1 -1 1 1 1 -1 -1 1 -1 -1 -1 -1 -1 1 -1 1 -1 -1 -1 1 -1 1 1 
-1 -1 -1 -1 -1 1 -1 -1 -1 1 1 1 1 1 -1 1 1 -1 -1 -1 1 -1 1 1 -1 -1 1 -1 1 1 1 -1 
1 1 -1 -1 1 -1 1 -1 1 -1 1 1 -1 1 -1 1 -1 -1 1 1 1 1 1 1 -1 1 -1 1 -1 1 -1 1 
1 -1 1 -1 1 -1 1 1 -1 1 1 1 1 1 -1 -1 -1 -1 -1 1 -1 1 -1 -1 -1 -1 1 -1 1 -1 1 -1 
-1 1 -1 1 1 -1 -1 -1 -1 -1 -1 1 -1 -1 -1 1 1 1 -1 -1 1 1 -1 1 1 1 -1 1 -1 -1 1 -1 
1 1 1 -1 -1 -1 -1 -1 -1 1 1 -1 1 1 -1 1 -1 1 -1 1 1 1 -1 1 -1 1 1 -1 -1 -1 -1 -1 
-1 1 -1 -1 -1 1 1 -1 1 1 1 -1 1 1 1 -1 1 -1 1 -1 1 -1 -1 1 1 1 -1 1 1 -1 1 -1 
1 -1 1 -1 -1 -1 1 -1 -1 -1 1 1 -1 1 1 1 1 -1 1 1 -1 1 1 -1 1 -1 1 -1 -1 -1 -1 -1 