64
20 24 70 24 88 75 5 35 97 17 42 19 6 32 71 1 72 62 88 30 70 6 94 56 49 95 53 85 9 74 7 21 19 51 17 98 91 55 96 52 74 56 40 82 21 69 18 72 85 92 61 12 27 15 86 82 7 43 55 81 18 30 18 28 
60 53 23 15 34 75 64 94 68 14 98 53 13 93 76 23 92 73 52 4 69 64 27 56 92 31 6 63 58 100 71 70 40 10 75 77 33 76 16 54 61 30 25 79 98 81 84 11 28 66 91 73 5 3 31 63 41 40 40 55 35 15 18 51 
35 38 70 67 69 88 60 58 51 39 57 19 84 21 36 42 37 1 49 58 5 67 9 68 46 55 64 26 39 71 46 93 87 47 40 43 95 61 37 74 32 26 29 55 71 90 7 9 32 21 19 51 83 14 84 21 19 96 97 14 69 5 88 75 
54 43 25 40 15 34 13 54 93 25 59 40 18 18 31 25 33 48 13 48 11 99 55 50 7 49 100 88 1 51 96 76 63 49 31 52 29 90 14 1 64 83 7 39 92 32 11 11 91 73 14 30 54 38 9 53 21 12 80 66 31 44 48 90 
30 10 10 30 10 99 49 84 26 7 77 22 89 17 17 20 64 86 49 58 77 6 73 22 51 66 35 17 60 16 83 31 80 100 28 72 46 82 23 63 19 49 55 16 55 32 79 52 25 35 45 98 10 27 15 11 32 54 76 88 51 58 79 43 
55 28 28 2 85 23 6 58 97 34 29 20 32 5 64 22 93 45 90 27 3 45 17 29 100 21 77 74 40 33 70 31 30 16 29 57 51 33 20 73 37 1 42 84 68 17 72 90 82 8 100 93 63 27 66 65 13 27 45 42 72 44 69 49 
87 95 45 10 52 100 13 26 83 39 2 88 38 31 21 29 55 33 72 2 81 72 94 52 17 28 53 94 13 83 27 20 1 55 24 14 37 24 99 89 11 11 30 88 93 13 69 36 44 97 3 73 91 98 35 44 87 64 79 27 47 31 32 46 
5 86 87 10 85 74 52 38 74 25 2 57 22 48 84 93 50 83 27 100 52 51 66 7 16 66 60 48 8 75 37 92 90 99 12 65 55 12 26 89 7 66 75 88 22 90 52 48 85 73 98 14 95 50 93 85 43 24 21 34 24 77 85 22 
46 58 34 16 4 26 29 99 34 31 72 32 53 6 56 51 25 7 11 19 88 88 31 41 90 17 60 27 30 26 18 55 1 93 20 86 44 70 53 99 27 28 31 97 79 53 14 5 69 1 1 4 93 13 88 90 1 70 85 16 55 12 21 29 
13 95 25 40 59 10 18 66 77 14 45 47 85 5 62 100 84 68 80 42 61 50 10 26 68 1 39 9 33 9 36 67 54 39 91 54 44 84 73 74 74 98 32 3 82 26 12 89 33 66 23 59 98 46 6 48 29 23 1 100 54 90 61 89 
99 99 7 48 30 20 65 91 94 9 73 3 59 100 41 17 58 51 84 3 61 27 80 75 24 45 33 20 36 23 25 68 45 53 80 64 39 11 38 11 97 30 63 57 44 89 88 40 60 47 75 72 4 68 46 75 57 84 68 62 72 96 39 26 
30 70 29 10 81 16 69 76 83 1 57 62 9 39 19 33 85 27 98 87 6 78 75 78 48 41 30 3 37 79 59 22 84 10 56 24 45 28 39 41 96 60 26 43 80 15 41 98 67 62 1 22 31 46 1 87 84 81 95 95 56 40 45 26 
46 93 16 68 36 76 34 24 27 53 75 7 79 82 36 68 4 38 59 64 27 90 31 50 20 77 52 18 61 39 61 2 43 44 62 89 94 12 73 70 54 71 23 57 84 83 27 49 28 87 38 88 48 90 23 89 84 72 47 27 41 62 37 83 
29 9 42 40 2 97 49 14 64 84 79 7 75 1 96 52 57 85 18 56 77 29 68 21 15 85 21 67 69 28 45 46 57 66 90 46 58 69 26 90 95 6 57 79 17 42 94 91 32 5 25 83 44 11 84 5 40 56 47 30 28 97 45 94 
99 7 77 77 100 40 44 77 75 32 10 72 46 12 2 29 32 40 14 33 35 85 44 25 2 69 84 50 17 28 10 1 14 14 86 98 5 65 2 83 91 82 24 3 17 72 67 60 60 91 68 77 30 17 8 99 81 55 37 87 10 89 44 45 
30 8 87 38 34 100 54 1 8 46 94 18 76 3 17 14 68 73 55 85 5 56 46 14 11 100 20 9 45 20 90 77 1 70 56 38 58 28 30 73 62 73 30 6 78 67 23 50 52 10 65 55 28 4 97 93 26 50 45 11 40 64 41 31 
16 71 50 32 99 51 59 79 44 47 48 99 27 83 56 55 50 87 17 88 76 94 60 37 79 35 57 22 79 94 98 44 17 10 72 11 42 22 9 54 37 68 95 45 95 29 90 50 45 55 35 36 94 62 12 43 32 41 42 29 86 41 36 62 
19 64 94 65 38 64 98 36 36 51 90 31 54 97 33 81 79 37 53 41 90 29 98 83 43 10 19 48 75 85 47 100 23 51 45 69 76 67 30 24 33 51 8 18 40 66 45 26 41 61 32 24 86 24 90 40 27 22 80 22 90 73 29 70 
87 53 19 4 65 85 39 67 10 34 8 42 42 36 22 33 37 12 61 32 40 96 64 14 99 66 78 40 4 30 19 24 51 25 99 14 44 93 93 89 29 99 59 81 14 56 86 67 40 48 97 67 25 81 97 22 6 5 86 62 99 81 29 93 
69 90 55 92 34 50 78 50 76 23 88 25 56 22 1 26 40 49 49 75 95 87 44 61 40 44 75 83 20 99 59 67 70 39 45 20 51 74 64 52 77 7 70 47 68 89 24 36 31 35 59 7 9 20 54 90 91 87 8 64 63 87 58 3 
47 24 48 98 62 16 17 18 22 73 68 7 47 96 86 71 28 93 15 10 67 12 39 83 27 38 23 38 12 59 85 19 53 84 86 56 53 34 90 27 4 58 66 100 88 84 52 89 15 25 86 90 10 63 99 82 46 3 8 28 2 10 69 69 
15 52 100 77 98 72 33 3 11 96 46 31 53 37 89 59 69 97 34 30 21 100 53 6 36 7 74 48 96 30 80 93 73 95 97 91 5 8 54 55 80 7 99 61 57 51 88 88 98 74 52 84 73 15 10 7 42 98 12 84 7 93 60 5 
60 28 62 15 37 26 51 45 30 78 63 93 61 87 30 4 58 51 44 6 63 3 77 69 21 2 64 90 93 84 17 62 44 66 51 94 44 24 97 99 63 89 74 17 44 89 12 63 85 98 12 72 44 24 87 48 45 48 40 29 27 58 33 58 
8 66 93 26 42 67 13 50 32 34 30 44 36 36 47 14 14 42 16 23 57 95 39 70 82 32 30 1 55 99 28 3 77 40 41 76 67 63 84 94 43 77 77 23 36 29 10 74 59 33 46 59 76 38 24 52 44 63 15 53 50 24 25 67 
8 51 3 43 14 98 57 47 63 51 42 64 8 70 68 57 30 51 24 87 94 89 47 44 20 31 61 32 42 71 48 30 41 45 46 16 87 62 70 51 57 88 33 88 26 47 53 93 40 4 60 37 23 35 85 43 74 22 30 31 87 31 22 41 
100 92 95 55 87 77 66 99 94 59 96 30 70 62 93 50 30 8 11 24 93 41 82 44 42 86 36 86 61 32 66 76 35 26 33 7 72 70 32 30 90 97 94 52 38 41 37 12 17 37 72 94 45 91 58 46 87 37 89 77 82 54 3 9 
47 29 60 28 94 43 79 65 94 38 92 72 85 27 24 51 2 95 59 4 19 67 30 2 32 55 46 76 79 4 77 36 2 45 75 6 32 16 71 16 24 55 84 13 35 39 81 80 16 29 91 68 11 14 89 43 5 25 3 19 58 81 1 76 
12 96 9 80 56 80 79 91 29 96 18 44 67 67 83 84 36 18 95 68 68 19 38 81 85 100 59 27 89 50 65 76 27 49 16 14 55 21 74 10 26 83 40 94 69 52 29 56 37 62 24 42 73 82 29 34 92 18 75 94 37 15 66 26 
70 19 13 45 78 24 60 93 1 22 9 39 32 40 15 31 37 97 91 96 65 2 47 36 81 50 60 31 64 96 34 31 66 90 19 26 37 63 97 30 41 36 59 93 45 2 35 84 60 43 34 54 7 75 46 43 95 12 41 22 65 81 22 4 
7 97 73 30 30 7 84 63 38 46 6 49 35 41 12 42 39 9 25 14 18 1 13 57 51 38 77 39 95 13 97 61 9 2 47 39 30 59 76 2 52 96 74 16 84 80 75 35 89 11 91 8 83 74 85 79 92 47 26 85 78 80 44 87 
54 64 34 91 83 74 67 9 85 14 82 4 37 87 11 83 91 25 57 78 73 70 2 23 71 64 38 88 15 49 41 92 20 37 38 98 85 60 34 90 71 62 66 14 77 50 100 57 43 74 37 62 92 31 63 82 90 16 5 13 55 10 75 35 
19 13 61 40 99 59 89 93 19 77 35 34 1 30 44 9 89 75 38 32 8 99 35 34 24 53 66 86 35 92 14 86 79 7 97 79 43 16 36 77 78 91 67 43 1 32 67 41 69 62 67 7 44 3 51 95 58 32 23 87 46 78 13 74 
18 97 56 50 34 49 24 36 65 66 21 32 99 3 23 12 51 6 98 71 7 94 25 63 18 12 16 81 50 9 20 31 45 80 91 9 46 40 28 99 25 25 75 92 33 84 3 20 13 54 1 4 69 9 86 6 8 8 99 97 38 89 48 13 
25 38 87 73 24 67 56 85 37 93 48 46 37 4 97 4 44 6 74 60 95 11 99 41 32 55 70 98 35 89 35 28 53 49 83 42 39 47 85 85 37 69 43 98 23 82 25 74 71 78 72 96 18 92 98 46 54 75 33 90 29 21 35 4 
24 68 1 90 19 89 58 58 71 66 8 42 23 96 78 2 49 89 18 94 29 42 35 72 34 4 15 100 26 3 50 28 5 23 81 40 64 37 44 41 73 90 92 36 37 89 3 10 79 16 97 49 53 84 3 72 98 34 9 12 48 73 24 18 
66 62 45 81 88 50 27 22 98 22 83 76 21 78 88 15 79 27 43 76 23 40 19 55 13 15 31 5 5 18 8 99 90 56 39 60 50 25 27 75 90 47 73 79 46 75 100 83 54 5 35 35 60 7 95 9 60 49 62 25 55 87 63 38 
56 30 68 83 59 16 38 8 6 82 45 27 55 13 3 61 68 42 35 28 58 4 54 55 63 62 8 28 48 91 66 34 88 25 56 64 51 5 23 57 69 92 2 32 58 99 55 90 24 37 93 80 9 74 53 99 73 97 91 72 87 47 33 53 
43 5 53 51 18 15 47 9 61 58 66 92 55 90 25 41 47 7 22 36 99 31 66 7 92 68 16 57 22 16 99 80 53 8 11 12 47 62 100 39 10 22 57 9 8 58 82 85 89 17 82 100 97 16 19 1 65 86 55 37 69 28 76 55 
33 27 73 91 25 67 66 84 95 19 72 75 65 97 49 93 50 97 34 37 40 82 73 32 15 62 76 27 24 51 95 55 75 8 64 16 39 38 46 56 62 45 25 3 87 1 47 90 69 96 47 100 93 4 24 10 24 69 40 92 24 4 70 93 
64 64 33 36 3 100 37 87 23 36 49 52 76 47 62 60 8 70 98 95 2 80 82 55 93 86 39 90 21 1 35 99 23 21 68 38 51 16 64 56 21 92 6 80 20 3 45 30 30 17 31 63 25 92 94 94 17 42 87 13 42 55 54 53 
68 69 45 89 18 16 63 42 82 72 38 18 48 1 66 74 27 58 93 97 22 32 89 66 81 15 67 43 75 77 72 73 67 98 79 61 77 40 2 48 90 76 13 53 91 26 65 66 10 75 7 1 50 54 34 81 90 91 65 33 9 6 49 83 
56 34 58 69 11 95 63 96 79 94 43 56 25 55 9 54 4 96 64 60 59 16 35 23 100 15 25 52 94 23 8 22 23 48 97 99 73 26 81 48 39 51 94 18 27 22 4 52 31 31 23 31 86 68 27 84 18 90 92 51 5 74 1 60 
92 60 87 42 68 25 61 65 91 7 55 11 58 97 30 39 17 41 13 60 56 6 39 14 76 4 55 27 75 100 7 75 32 91 39 86 12 55 32 15 79 29 81 69 28 91 81 86 64 57 72 23 59 4 100 28 61 54 3 58 79 22 38 57 
94 4 14 90 7 40 59 35 77 37 5 86 13 97 3 70 78 98 15 21 37 81 88 30 12 28 64 83 99 63 30 4 12 26 96 44 51 86 55 68 24 43 57 68 91 65 39 42 51 71 48 9 20 69 32 26 66 81 9 43 87 50 67 28 
21 91 35 45 17 43 51 32 37 55 49 38 6 54 7 3 50 81 17 5 11 19 54 58 17 38 86 38 6 39 2 96 75 63 99 51 14 17 25 63 78 92 63 73 45 27 50 77 52 4 15 99 9 86 29 47 49 33 38 88 91 96 55 70 
54 79 89 22 83 19 80 40 93 14 69 94 42 56 7 43 15 60 18 2 82 53 68 10 39 50 24 97 98 24 51 43 72 82 31 51 23 100 82 72 44 69 63 100 70 13 67 19 83 58 26 68 95 28 36 93 30 78 28 23 34 96 73 75 
71 26 2 16 10 58 76 100 16 68 54 39 5 56 8 29 21 78 87 20 66 13 100 88 15 74 45 68 18 63 17 53 17 84 22 30 6 88 99 87 8 2 58 49 58 22 15 76 21 94 51 100 34 31 65 52 67 22 35 34 3 18 30 53 
88 15 54 73 57 52 47 99 90 96 23 61 10 65 88 84 42 61 9 85 99 33 57 94 38 42 19 2 97 91 52 32 45 10 79 34 6 12 41 94 100 4 27 78 25 87 48 1 68 96 97 67 49 13 34 76 71 50 67 10 1 5 86 40 
69 93 7 29 22 80 33 38 58 57 95 46 26 51 19 33 30 97 7 41 36 1 72 41 21 10 90 65 12 97 94 10 89 23 98 84 20 92 53 100 42 1 91 49 60 51 16 96 30 40 86 43 96 27 95 12 41 96 9 19 10 64 19 16 
4 68 90 90 31 21 10 66 97 70 45 68 88 51 19 19 92 7 63 39 86 55 3 55 7 6 53 44 51 46 65 68 39 3 34 74 53 64 47 90 43 57 15 12 61 31 50 35 30 99 12 13 83 43 98 82 69 25 52 84 98 32 78 45 
27 31 87 49 5 67 12 72 41 16 92 54 62 15 40 23 100 46 50 84 27 47 29 72 30 82 69 79 98 44 7 34 57 54 12 69 91 28 80 97 78 54 31 73 10 37 4 53 8 20 49 12 44 94 70 36 95 42 60 71 91 12 82 7 
4 62 96 89 78 87 15 16 23 96 2 40 77 6 13 96 65 67 78 10 37 74 79 60 76 91 30 75 19 56 96 6 59 88 45 1 65 21 79 32 24 55 90 56 66 5 69 100 14 87 16 35 62 28 2 73 20 17 71 8 31 95 71 97 
90 95 86 64 59 11 5 85 55 25 23 71 10 67 37 46 7 35 61 75 55 6 83 95 10 77 82 39 86 92 36 70 78 55 73 79 82 15 50 54 38 70 48 86 7 16 20 2 88 24 32 84 76 8 16 76 87 30 68 14 74 31 19 50 
86 80 62 66 49 28 30 18 47 55 64 51 1 39 75 5 2 72 11 84 50 13 68 65 8 77 35 66 17 98 78 45 9 34 74 49 68 72 48 98 63 74 4 62 28 9 61 43 52 16 92 94 56 10 85 1 21 91 64 20 79 89 67 72 
29 17 88 66 68 76 39 79 38 88 65 21 10 48 18 58 75 59 58 84 72 97 9 30 23 46 54 18 2 83 95 19 4 85 64 40 83 30 96 22 30 85 86 33 11 98 73 3 3 65 67 77 8 82 15 22 28 70 59 19 56 61 24 100 
94 47 67 5 84 3 19 3 36 27 40 38 19 2 35 18 9 94 27 63 34 18 32 59 82 75 84 23 9 76 51 6 33 62 74 18 82 74 20 61 12 11 28 58 5 84 22 59 21 14 21 98 46 43 99 67 65 98 70 32 31 14 77 81 
77 98 71 54 97 70 96 92 94 74 4 3 90 16 62 15 19 49 77 39 95 36 35 65 93 81 24 22 69 12 3 20 51 63 98 52 42 50 48 23 4 99 85 13 91 29 86 91 82 38 68 73 60 56 28 32 7 9 42 14 56 64 24 87 
47 17 47 97 26 14 7 39 66 15 14 18 4 95 72 96 95 20 78 85 71 81 94 65 69 10 95 18 22 39 90 79 80 99 87 17 69 73 3 91 34 72 6 38 25 24 76 56 77 100 12 25 79 36 84 4 92 100 9 26 93 64 58 65 
30 70 47 32 43 2 50 14 99 18 79 35 74 68 31 6 71 31 56 22 55 88 19 1 79 16 81 72 37 90 70 57 34 38 50 88 67 64 58 39 91 26 73 17 4 47 24 79 55 45 17 98 46 41 50 38 6 19 8 38 89 58 68 71 
87 47 17 53 15 43 97 86 46 93 49 31 61 38 53 55 46 61 70 54 39 5 90 47 89 53 10 51 53 44 59 41 43 61 53 7 45 92 17 21 94 81 82 52 10 53 36 20 94 25 90 27 38 81 97 72 41 19 13 76 53 82 85 1 
36 24 77 45 31 29 76 73 35 57 34 54 72 66 25 17 91 39 58 41 11 61 33 29 44 45 86 50 32 92 85 90 28 55 78 57 41 83 54 45 96 20 7 47 6 24 76 15 60 52 42 90 82 5 82 50 87 16 12 9 69 62 99 48 
82 53 92 51 56 49 91 86 16 22 19 74 57 67 100 54 55 60 34 85 58 72 24 40 28 53 63 6 47 8 93 79 63 59 91 2 28 76 18 21 49 86 32 6 26 42 50 26 16 12 28 100 99 99 97 48 19 8 98 21 73 31 20 62 
61 59 87 57 96 15 1 66 26 7 57 5 1 92 58 34 40 13 65 69 93 7 62 66 64 94 48 60 64 17 29 80 91 31 69 27 48 96 93 7 97 7 58 53 9 32 82 48 97 14 67 16 55 79 97 89 86 38 16 65 79 49 74 38 
32 81 76 16 69 91 60 9 89 36 70 99 7 27 92 62 4 78 22 71 61 27 24 49 23 71 85 26 92 79 63 49 5 81 82 73 60 17 1 62 69 4 23 78 35 34 29 22 30 64 52 18 50 27 9 21 73 34 15 81 45 59 41 58 
1 -1 -1 -1 1 -1 1 1 -1 1 -1 1 1 -1 1 -1 1 -1 1 -1 1 1 -1 1 -1 1 1 1 1 -1 1 -1 -1 -1 1 1 -1 1 1 1 1 1 -1 1 -1 -1 -1 1 -1 1 1 1 1 -1 -1 -1 1 1 -1 1 -1 -1 -1 1 
-1 -1 1 1 -1 -1 1 1 -1 1 1 1 1 1 1 1 -1 1 -1 1 -1 -1 1 1 -1 -1 1 -1 -1 -1 1 -1 -1 -1 1 1 -1 -1 1 1 -1 1 1 -1 -1 -1 -1 1 1 -1 -1 -1 1 1 1 -1 -1 1 1 1 -1 1 -1 -1 
-1 1 1 -1 -1 -1 -1 1 -1 -1 -1 -1 1 -1 -1 1 -1 1 -1 -1 -1 1 1 1 -1 -1 -1 1 -1 -1 -1 1 -1 -1 1 -1 -1 -1 -1 1 1 -1 1 1 -1 1 1 -1 1 -1 -1 1 -1 1 -1 1 1 1 1 -1 1 1 -1 1 
-1 1 -1 1 -1 1 -1 -1 -1 1 -1 -1 1 -1 1 1 -1 -1 -1 1 -1 1 -1 -1 1 -1 -1 1 1 1 1 -1 -1 -1 -1 -1 1 -1 -1 -1 -1 1 -1 -1 -1 1 1 -1 1 -1 -1 -1 1 1 1 -1 1 -1 -1 -1 -1 1 1 1 
1 -1 -1 -1 -1 -1 1 -1 1 1 1 1 1 -1 1 -1 -1 1 -1 -1 1 -1 -1 1 -1 -1 1 -1 -1 1 -1 -1 -1 1 -1 -1 1 1 1 1 1 1 1 -1 1 -1 -1 -1 1 -1 1 1 -1 -1 -1 -1 -1 1 1 1 -1 1 -1 1 
-1 -1 -1 1 -1 1 -1 -1 -1 -1 1 1 1 1 -1 1 1 -1 1 -1 -1 -1 1 -1 -1 -1 -1 -1 -1 1 -1 1 -1 -1 1 1 1 1 1 1 -1 1 -1 1 -1 1 -1 1 -1 1 1 1 -1 1 1 1 -1 -1 -1 -1 1 1 -1 -1 
1 1 -1 -1 1 -1 -1 1 -1 1 -1 -1 -1 -1 1 -1 -1 -1 -1 1 1 1 1 1 -1 -1 -1 -1 1 1 1 1 -1 -1 1 1 1 1 -1 1 1 1 -1 -1 1 -1 -1 1 1 1 -1 -1 -1 1 1 -1 -1 1 -1 1 -1 1 1 -1 
1 1 1 -1 -1 -1 1 1 1 1 -1 1 1 1 1 -1 1 1 1 1 1 -1 -1 1 1 -1 -1 -1 1 1 -1 1 -1 1 1 1 1 1 1 -1 -1 -1 1 -1 -1 1 -1 -1 1 1 -1 1 -1 -1 1 1 1 1 -1 1 1 1 -1 -1 
-1 -1 -1 -1 1 -1 -1 1 1 -1 -1 -1 1 -1 -1 -1 1 -1 1 1 -1 1 1 1 1 1 1 1 1 1 -1 1 -1 1 -1 -1 -1 1 -1 -1 1 1 -1 -1 -1 -1 1 1 1 -1 -1 1 -1 1 -1 -1 1 -1 -1 -1 1 -1 -1 1 
1 1 -1 1 1 -1 1 1 -1 -1 1 1 -1 -1 1 -1 1 1 1 1 1 -1 -1 1 -1 1 1 -1 1 1 1 -1 1 -1 -1 1 1 1 1 -1 -1 1 -1 1 -1 -1 1 -1 1 1 1 1 1 -1 1 -1 1 -1 1 -1 -1 1 -1 -1 
-1 1 -1 -1 1 1 -1 -1 -1 1 -1 -1 1 1 1 1 1 1 -1 -1 1 -1 -1 1 -1 -1 1 1 -1 -1 -1 1 1 -1 -1 1 1 -1 1 1 1 1 1 -1 -1 1 -1 1 -1 -1 -1 -1 -1 1 1 -1 1 1 -1 1 -1 -1 1 -1 
1 1 -1 -1 1 1 -1 1 -1 1 -1 1 -1 -1 1 -1 1 -1 -1 -1 1 1 -1 1 1 1 -1 1 -1 1 1 -1 -1 -1 -1 1 -1 1 1 -1 1 1 -1 -1 1 -1 1 1 1 -1 1 1 -1 1 1 -1 -1 -1 1 1 -1 1 1 -1 
1 1 1 1 1 1 -1 1 1 -1 1 -1 -1 -1 -1 1 1 1 1 1 -1 -1 -1 1 1 -1 -1 1 1 1 -1 1 1 -1 -1 -1 -1 -1 -1 -1 -1 1 -1 1 -1 -1 -1 1 -1 -1 1 -1 1 1 1 -1 -1 -1 1 1 1 1 -1 1 
-1 1 -1 -1 -1 1 -1 1 -1 -1 1 -1 -1 1 1 1 1 1 1 -1 1 1 -1 1 1 -1 -1 1 1 1 1 -1 1 -1 -1 -1 1 -1 1 -1 1 1 -1 -1 -1 1 -1 -1 -1 1 1 -1 -1 -1 -1 1 1 1 -1 1 -1 -1 -1 -1 
1 1 -1 1 1 -1 1 1 -1 1 1 1 -1 1 1 -1 1 1 1 -1 1 1 -1 1 -1 1 -1 1 1 -1 1 1 -1 1 -1 1 1 1 -1 -1 1 1 -1 -1 1 1 -1 1 -1 -1 1 1 1 1 1 -1 -1 -1 1 -1 -1 -1 -1 -1 
-1 1 1 1 -1 1 -1 -1 -1 -1 1 -1 1 1 -1 -1 1 1 -1 -1 1 -1 1 1 1 1 1 1 1 -1 -1 1 -1 -1 -1 1 1 -1 -1 -1 -1 -1 -1 1 -1 -1 -1 1 1 1 1 1 1 1 -1 -1 1 1 -1 1 1 -1 -1 1 
1 -1 -1 -1 -1 1 -1 1 1 1 1 1 1 1 1 1 1 1 1 1 -1 1 1 -1 -1 1 1 -1 1 1 -1 1 1 -1 -1 1 1 -1 1 1 1 -1 -1 1 1 1 -1 -1 1 1 -1 1 1 -1 1 1 1 -1 1 -1 1 1 -1 1 
-1 1 1 -1 1 -1 -1 1 -1 1 1 -1 1 1 1 1 1 1 -1 1 1 1 1 -1 -1 -1 1 1 1 1 -1 -1 -1 1 1 1 -1 -1 -1 -1 1 -1 1 -1 -1 -1 1 -1 -1 -1 -1 1 1 1 -1 -1 1 -1 1 1 -1 1 -1 1 
1 -1 -1 -1 -1 1 -1 1 1 1 -1 -1 1 1 1 -1 1 -1 -1 -1 -1 -1 1 1 1 1 1 1 1 1 -1 -1 -1 -1 -1 -1 1 1 1 -1 -1 1 -1 -1 -1 -1 1 -1 1 -1 -1 1 1 1 -1 1 -1 1 1 -1 1 1 1 -1 
-1 1 -1 1 -1 -1 1 1 1 1 -1 -1 1 -1 -1 -1 1 1 -1 1 -1 1 -1 -1 -1 1 -1 -1 -1 1 -1 1 1 1 -1 -1 -1 1 1 1 1 1 1 1 1 1 -1 -1 -1 1 1 1 -1 1 -1 -1 1 1 -1 -1 -1 1 1 1 
1 -1 -1 -1 1 -1 1 1 -1 1 1 1 -1 1 1 1 -1 1 -1 -1 1 -1 1 -1 -1 -1 1 1 1 -1 1 1 1 1 1 1 -1 1 1 -1 1 1 -1 -1 -1 1 1 1 -1 -1 -1 1 1 1 -1 1 -1 1 1 -1 -1 1 1 -1 
1 -1 1 1 -1 -1 1 -1 1 -1 -1 1 -1 1 1 -1 1 1 -1 1 -1 -1 1 1 1 1 -1 1 -1 1 -1 1 1 1 1 1 -1 1 -1 1 -1 1 1 -1 -1 -1 1 1 1 1 1 1 -1 1 1 -1 1 1 1 1 -1 1 -1 -1 
-1 1 1 -1 -1 1 1 -1 1 -1 -1 -1 -1 -1 -1 1 1 1 1 -1 1 1 1 -1 1 1 1 1 1 -1 1 1 1 -1 -1 -1 1 -1 -1 -1 -1 1 1 1 -1 1 1 -1 -1 1 1 1 1 -1 -1 1 1 1 1 1 -1 -1 1 -1 
1 1 1 -1 1 -1 1 1 1 1 1 1 1 1 1 1 -1 -1 1 -1 -1 1 -1 -1 -1 1 -1 -1 -1 -1 1 1 1 -1 1 -1 1 -1 1 -1 -1 -1 1 -1 -1 1 -1 -1 1 1 -1 -1 1 1 1 -1 -1 -1 -1 1 1 -1 1 1 
-1 -1 -1 1 -1 -1 -1 1 1 -1 -1 1 1 1 -1 1 -1 -1 1 -1 -1 1 1 -1 1 -1 -1 -1 -1 -1 1 1 1 1 -1 -1 1 -1 1 -1 1 -1 -1 1 -1 -1 -1 1 1 -1 1 1 1 -1 -1 1 1 -1 -1 -1 -1 -1 -1 -1 
1 -1 -1 -1 -1 -1 -1 -1 1 1 -1 1 -1 -1 1 1 1 -1 1 1 -1 1 1 1 -1 1 -1 -1 -1 1 -1 -1 1 -1 1 1 -1 -1 -1 -1 1 -1 1 -1 -1 1 -1 1 1 1 -1 -1 1 1 1 -1 1 -1 1 1 -1 1 -1 1 
1 1 -1 -1 1 -1 -1 -1 1 1 1 -1 -1 -1 -1 1 1 1 1 -1 1 -1 1 -1 -1 -1 1 -1 1 -1 1 -1 1 -1 1 -1 -1 -1 -1 -1 -1 1 -1 -1 1 -1 1 1 1 -1 1 -1 -1 -1 -1 1 -1 1 1 1 1 1 1 -1 
1 -1 1 1 -1 -1 -1 -1 1 -1 1 1 1 1 1 1 -1 1 1 -1 1 1 1 -1 -1 -1 -1 1 -1 -1 1 1 -1 1 -1 1 -1 1 1 -1 -1 -1 1 1 1 -1 1 1 1 1 -1 -1 1 1 -1 -1 1 -1 1 1 1 -1 -1 1 
1 -1 -1 1 -1 -1 1 1 1 1 -1 -1 1 1 1 1 1 1 1 -1 1 -1 1 -1 -1 -1 1 -1 1 1 1 1 1 -1 1 1 1 1 -1 1 1 -1 -1 -1 -1 1 1 -1 -1 1 1 1 -1 -1 1 1 -1 -1 1 -1 1 -1 -1 1 
-1 -1 -1 1 1 1 1 1 1 1 -1 1 1 1 -1 -1 1 1 1 1 -1 1 -1 -1 -1 1 -1 -1 1 -1 -1 1 -1 -1 -1 1 1 1 -1 1 -1 1 1 -1 -1 -1 -1 -1 -1 -1 -1 -1 -1 -1 -1 1 -1 1 -1 -1 1 -1 1 -1 
1 1 -1 1 -1 -1 1 -1 -1 1 -1 1 -1 1 1 -1 -1 -1 -1 -1 1 -1 1 1 1 -1 1 1 1 -1 1 -1 -1 1 -1 -1 -1 -1 1 -1 -1 1 -1 1 1 -1 -1 -1 1 -1 -1 -1 1 1 -1 -1 1 1 1 1 1 -1 -1 1 
-1 -1 1 -1 -1 1 1 1 1 -1 1 -1 1 -1 1 1 1 -1 -1 1 1 1 1 1 1 -1 -1 1 1 1 -1 -1 1 -1 -1 1 1 1 1 -1 1 1 1 -1 1 -1 1 -1 1 -1 1 1 1 -1 -1 1 -1 -1 -1 -1 1 1 -1 1 
-1 -1 -1 -1 -1 -1 -1 -1 -1 1 1 -1 1 1 -1 -1 1 -1 -1 1 1 1 1 1 1 1 1 -1 1 -1 -1 1 1 -1 -1 -1 1 -1 1 1 1 -1 -1 -1 1 -1 1 1 1 -1 1 1 -1 -1 1 1 -1 1 -1 -1 1 1 1 1 
-1 -1 -1 -1 1 -1 -1 1 1 -1 -1 -1 -1 -1 1 -1 -1 1 -1 1 1 1 -1 -1 1 -1 -1 1 -1 -1 1 -1 -1 1 1 1 1 1 -1 -1 -1 -1 -1 -1 -1 -1 1 1 -1 -1 1 1 1 -1 -1 1 -1 1 1 -1 1 1 -1 1 
1 1 1 -1 -1 1 1 1 -1 -1 -1 -1 -1 -1 -1 -1 -1 1 -1 -1 1 1 -1 1 -1 1 1 -1 1 -1 -1 -1 -1 1 -1 -1 1 -1 1 -1 1 1 -1 -1 1 1 -1 1 1 -1 1 -1 -1 1 -1 -1 -1 1 -1 -1 1 1 -1 -1 
1 1 -1 -1 -1 1 1 1 -1 1 1 1 -1 -1 1 1 1 1 -1 -1 1 1 -1 -1 -1 1 -1 1 1 1 -1 1 -1 1 -1 1 -1 1 1 1 -1 1 1 -1 1 1 -1 1 -1 1 1 -1 1 -1 1 -1 -1 1 1 -1 -1 1 -1 -1 
-1 -1 -1 1 1 1 1 1 -1 1 1 -1 -1 1 1 1 1 -1 1 -1 -1 -1 1 1 1 -1 -1 -1 1 1 -1 1 1 1 1 -1 -1 -1 1 -1 1 1 -1 1 1 -1 1 -1 -1 -1 -1 -1 1 1 1 1 1 1 1 -1 1 1 -1 1 
1 -1 -1 -1 1 1 1 1 1 1 -1 1 -1 -1 1 -1 -1 -1 1 1 1 1 -1 -1 -1 -1 -1 1 1 1 -1 1 -1 1 -1 1 -1 -1 -1 -1 -1 1 1 -1 -1 -1 1 -1 -1 -1 1 1 -1 1 1 1 -1 1 -1 -1 -1 -1 -1 1 
1 1 -1 -1 1 1 -1 1 -1 1 1 1 -1 1 -1 -1 1 -1 1 1 1 -1 -1 1 1 -1 -1 1 -1 -1 1 1 1 -1 1 1 1 -1 -1 -1 1 -1 -1 -1 1 -1 -1 -1 1 -1 1 1 1 -1 -1 1 -1 -1 -1 1 -1 1 -1 1 
1 1 1 -1 1 1 1 -1 -1 -1 1 -1 -1 -1 -1 -1 1 -1 -1 1 -1 1 -1 -1 -1 -1 -1 -1 1 1 -1 -1 1 -1 -1 1 -1 -1 -1 1 -1 -1 1 -1 -1 1 -1 -1 -1 -1 -1 1 1 -1 1 1 -1 1 -1 1 -1 -1 1 -1 
1 -1 1 -1 1 -1 1 -1 1 -1 1 1 -1 1 1 -1 1 1 -1 1 1 -1 -1 -1 1 1 -1 -1 1 -1 -1 1 1 -1 1 -1 1 -1 1 -1 1 1 1 1 -1 -1 1 1 -1 1 1 -1 1 -1 -1 -1 -1 -1 -1 1 -1 -1 1 -1 
1 1 -1 1 1 1 1 -1 1 1 1 1 1 1 1 -1 -1 -1 1 1 1 1 1 -1 -1 -1 1 -1 -1 1 1 1 -1 -1 1 1 1 1 -1 -1 1 -1 1 1 1 -1 -1 1 -1 1 -1 -1 -1 1 1 1 -1 1 1 -1 -1 1 1 -1 
-1 1 1 -1 1 -1 -1 1 -1 -1 1 -1 -1 -1 -1 -1 -1 1 -1 1 -1 1 1 1 -1 1 -1 1 -1 1 -1 1 -1 -1 -1 1 -1 1 -1 1 1 1 1 -1 1 1 1 1 1 -1 -1 1 1 -1 1 -1 1 -1 -1 1 -1 -1 -1 -1 
1 -1 1 -1 -1 1 -1 -1 -1 1 -1 -1 1 -1 -1 1 1 -1 -1 1 -1 -1 1 -1 1 -1 -1 1 -1 -1 1 -1 -1 -1 -1 -1 1 -1 -1 -1 1 1 -1 -1 -1 1 1 1 1 1 -1 -1 -1 -1 -1 -1 -1 1 -1 1 1 -1 -1 1 
-1 -1 -1 -1 1 -1 1 -1 -1 -1 -1 1 -1 -1 1 -1 1 -1 -1 1 -1 -1 -1 -1 -1 -1 1 1 -1 -1 1 1 1 -1 1 1 1 -1 1 -1 -1 1 1 -1 -1 1 -1 -1 1 1 1 -1 -1 1 1 -1 -1 1 1 -1 1 -1 -1 1 
-1 -1 1 1 -1 1 -1 1 -1 -1 1 -1 -1 1 1 -1 1 -1 -1 1 1 -1 1 1 -1 1 -1 -1 1 -1 -1 -1 -1 -1 1 1 -1 -1 -1 1 -1 -1 1 1 1 -1 1 -1 -1 -1 1 -1 1 -1 -1 -1 -1 1 1 1 -1 1 -1 -1 
-1 -1 1 1 -1 -1 -1 -1 1 1 -1 1 -1 -1 -1 -1 -1 1 1 -1 1 1 1 -1 -1 -1 1 1 1 -1 -1 1 1 1 -1 -1 1 1 -1 -1 1 -1 1 1 -1 1 1 1 1 -1 1 1 -1 1 -1 1 -1 -1 -1 -1 -1 -1 -1 1 
1 1 -1 -1 -1 1 1 -1 1 -1 1 1 1 -1 1 1 -1 -1 -1 -1 1 1 -1 -1 1 1 1 1 -1 -1 -1 -1 1 1 1 1 -1 -1 -1 -1 1 1 1 1 -1 -1 1 1 1 -1 -1 1 1 1 1 1 1 1 1 -1 -1 1 1 1 
-1 1 1 1 1 -1 1 1 1 1 -1 1 -1 -1 -1 1 1 -1 1 -1 -1 1 -1 1 1 1 1 1 -1 -1 1 1 1 -1 1 -1 -1 -1 1 -1 -1 -1 1 1 1 -1 1 1 1 -1 1 -1 1 1 -1 -1 1 -1 1 -1 -1 -1 -1 1 
1 -1 -1 -1 -1 1 1 1 -1 1 -1 -1 -1 1 -1 1 1 -1 -1 1 -1 1 1 1 -1 1 -1 1 1 -1 -1 -1 -1 -1 -1 1 -1 -1 -1 -1 1 1 -1 1 1 -1 -1 -1 -1 -1 -1 -1 -1 -1 -1 1 -1 1 -1 1 -1 1 1 -1 
1 -1 -1 -1 1 1 -1 -1 -1 1 -1 1 1 1 1 1 -1 -1 -1 1 -1 1 1 -1 1 -1 1 -1 1 -1 -1 1 1 1 1 1 -1 1 1 -1 1 -1 -1 -1 1 1 1 -1 1 -1 1 1 1 1 1 1 -1 1 -1 -1 -1 1 1 1 
1 -1 1 -1 1 1 -1 1 1 1 -1 1 -1 -1 1 1 1 1 1 1 1 1 1 -1 1 -1 -1 -1 1 -1 -1 1 1 1 -1 -1 -1 1 1 1 -1 -1 1 -1 -1 -1 1 1 -1 -1 1 -1 -1 1 1 1 -1 1 1 -1 -1 -1 -1 -1 
1 1 -1 1 -1 -1 -1 -1 -1 1 -1 -1 1 -1 1 1 1 1 1 -1 1 -1 1 1 1 1 -1 1 -1 -1 1 1 -1 1 -1 1 1 -1 1 1 1 -1 1 -1 -1 1 -1 1 1 -1 1 -1 1 -1 -1 1 -1 -1 1 -1 1 -1 1 1 
-1 1 1 1 -1 1 1 -1 1 -1 1 1 1 -1 1 1 -1 1 1 1 1 1 -1 1 -1 1 -1 1 -1 -1 1 -1 -1 -1 1 -1 1 1 -1 -1 -1 1 -1 -1 1 -1 1 1 1 -1 1 1 -1 1 1 1 1 1 -1 1 1 1 1 -1 
-1 1 -1 1 -1 1 1 1 -1 1 1 1 1 -1 1 -1 1 -1 -1 -1 -1 1 -1 1 -1 1 -1 -1 1 -1 -1 -1 1 -1 -1 1 1 1 -1 1 -1 1 1 -1 1 -1 -1 1 -1 -1 1 1 -1 1 1 1 -1 1 1 1 1 1 -1 1 
-1 -1 1 -1 -1 1 -1 1 -1 -1 -1 -1 -1 1 -1 -1 1 -1 1 -1 1 -1 1 -1 1 -1 1 -1 1 1 -1 1 1 1 -1 -1 1 1 1 1 -1 1 -1 -1 -1 -1 1 1 -1 1 1 1 1 1 1 -1 1 1 -1 -1 -1 -1 1 1 
1 -1 1 1 -1 -1 -1 1 1 1 1 -1 -1 1 -1 1 1 1 -1 1 -1 1 1 -1 1 1 -1 1 -1 -1 1 -1 -1 -1 -1 -1 1 -1 -1 -1 -1 -1 1 -1 -1 -1 -1 1 1 -1 -1 -1 -1 1 -1 1 1 1 1 1 1 1 -1 1 
1 1 1 -1 1 -1 1 1 -1 -1 1 -1 -1 1 -1 1 -1 -1 1 1 1 1 1 -1 -1 -1 1 -1 -1 1 1 -1 1 1 1 1 1 1 -1 1 -1 1 -1 1 1 1 -1 1 -1 1 1 1 -1 1 1 1 1 1 1 1 -1 1 1 -1 
-1 1 1 -1 1 -1 -1 -1 -1 1 -1 1 1 -1 1 -1 1 1 1 -1 1 1 1 -1 -1 1 1 1 1 -1 1 -1 -1 1 -1 1 1 -1 -1 -1 -1 1 -1 -1 1 1 -1 1 1 -1 -1 1 1 -1 1 -1 1 1 -1 1 1 1 -1 1 
1 1 -1 -1 1 -1 1 1 -1 -1 1 1 1 1 -1 1 -1 1 -1 -1 -1 1 1 1 -1 1 1 1 -1 -1 1 -1 -1 -1 -1 -1 -1 -1 1 1 1 -1 1 1 -1 1 -1 -1 -1 1 -1 -1 -1 1 1 -1 1 1 1 1 -1 -1 1 -1 
-1 -1 1 -1 -1 1 -1 1 1 -1 -1 -1 1 -1 -1 1 1 -1 1 -1 -1 -1 -1 1 -1 -1 1 1 1 1 1 1 1 1 1 -1 1 -1 -1 -1 -1 -1 -1 1 1 -1 -1 -1 -1 -1 -1 -1 1 1 1 -1 1 -1 1 -1 1 1 -1 1 
-1 1 1 1 1 1 1 1 -1 1 -1 1 1 -1 -1 -1 1 1 1 1 1 1 -1 -1 -1 1 1 -1 -1 -1 -1 1 1 1 1 1 1 -1 1 -1 -1 1 -1 -1 -1 1 -1 1 -1 1 1 -1 -1 1 1 -1 1 1 1 -1 1 1 1 1 
-1 -1 -1 1 -1 -1 1 -1 -1 -1 1 1 -1 -1 -1 -1 -1 -1 1 1 1 -1 1 1 -1 -1 1 -1 -1 1 -1 -1 1 -1 -1 -1 -1 -1 -1 1 1 1 -1 -1 -1 -1 -1 1 -1 1 1 -1 1 1 -1 1 -1 1 -1 1 -1 1 1 -1 
1 -1 1 1 1 -1 -1 -1 1 -1 -1 -1 1 -1 -1 1 1 1 -1 1 -1 -1 -1 1 -1 1 -1 1 1 -1 1 1 1 1 -1 -1 1 1 1 -1 -1 -1 -1 1 1 -1 1 1 1 -1 1 -1 1 -1 1 1 1 -1 1 -1 1 1 -1 1 