32
10 55 24 8 70 74 38 8 100 47 58 11 30 94 90 74 53 56 90 42 7 75 31 63 47 58 79 81 66 72 68 41 
89 21 21 92 76 43 21 16 62 22 14 89 62 94 22 1 96 74 60 21 12 30 37 96 53 19 45 57 72 99 86 59 
100 92 27 75 96 16 41 76 46 88 16 84 32 7 56 48 57 84 15 36 21 17 33 74 9 46 81 18 56 37 46 1 
3 65 24 11 6 51 9 67 45 29 33 23 2 40 40 14 93 34 71 42 33 86 93 8 94 71 51 28 87 77 71 68 
15 58 91 13 2 38 83 85 3 61 64 12 37 43 98 57 100 67 94 33 56 79 52 2 82 44 64 81 17 15 25 92 
71 59 34 42 74 73 56 52 72 19 100 73 72 98 22 10 41 23 43 67 97 55 89 46 26 59 43 41 74 65 12 97 
5 63 70 26 77 79 90 38 95 71 60 95 43 18 9 9 60 40 85 99 53 19 49 52 19 55 51 18 65 57 82 31 
77 1 87 94 39 73 76 21 80 21 35 69 2 67 54 21 33 2 100 84 100 83 45 39 46 3 11 78 49 77 56 1 
88 84 53 85 69 27 7 18 16 72 7 44 34 10 62 98 44 22 37 64 65 58 82 24 82 71 21 69 53 41 84 91 
43 88 55 70 4 24 29 71 17 37 92 48 72 6 46 31 82 82 89 5 25 62 25 50 5 47 19 5 13 11 83 48 
55 8 78 89 53 39 100 40 46 93 97 17 7 54 27 21 62 84 27 54 77 80 27 55 38 10 96 11 1 14 41 90 
42 10 92 29 7 57 88 34 63 18 81 3 70 81 60 25 20 35 62 99 90 21 17 85 46 63 31 5 92 12 31 71 
78 64 67 18 64 24 88 29 11 42 61 60 17 43 88 34 81 73 35 46 30 29 83 62 88 79 77 73 31 74 46 21 
9 42 60 76 70 69 77 81 45 52 67 53 81 13 1 52 84 77 96 19 49 24 30 63 99 40 50 73 27 11 81 68 
67 61 9 91 4 45 69 54 9 19 40 34 58 61 6 15 39 43 87 21 79 33 47 78 33 49 42 75 77 75 19 4 
17 97 61 25 81 32 41 76 60 40 4 62 18 13 47 60 10 76 62 100 29 17 76 67 86 10 53 14 50 87 23 94 
33 72 74 55 95 27 6 92 6 38 6 67 12 82 94 80 34 41 80 69 29 52 32 4 51 22 78 42 67 42 46 9 
32 41 40 69 43 14 79 45 29 62 11 67 12 96 35 28 64 85 11 80 82 57 76 45 46 19 54 54 79 5 40 36 
34 13 2 92 71 97 64 32 38 38 82 64 82 51 73 38 17 89 2 84 16 77 93 21 8 67 5 51 18 94 9 74 
82 7 41 21 67 52 71 86 51 40 4 34 35 55 29 85 26 52 52 12 45 77 42 27 51 10 57 6 86 19 55 69 
33 51 31 99 57 60 17 54 34 66 44 22 51 78 79 96 93 50 16 19 86 91 9 26 79 50 36 57 7 77 63 28 
33 20 29 82 56 17 6 44 67 6 96 67 13 38 84 64 87 70 8 91 72 15 95 65 7 90 14 45 46 44 54 51 
71 43 74 64 8 27 89 38 49 72 17 58 80 16 45 89 20 65 66 12 68 71 73 19 29 62 75 85 84 65 48 91 
87 29 18 19 38 26 49 23 31 98 78 56 65 10 87 87 58 43 60 6 22 76 13 46 67 80 32 70 46 54 54 92 
46 98 83 29 65 52 23 17 12 84 30 97 15 44 24 58 78 26 80 56 56 90 84 44 60 42 57 4 18 50 50 8 
35 30 76 58 46 76 58 78 49 79 37 96 98 19 3 82 16 6 11 59 51 40 11 47 11 10 16 37 91 66 10 81 
26 8 11 46 26 37 44 64 27 13 1 74 92 46 26 93 12 65 33 62 76 23 61 99 44 59 46 28 69 70 76 76 
41 57 16 95 94 24 32 62 40 68 54 31 46 45 30 72 61 1 19 61 81 14 28 59 95 63 11 25 40 59 50 45 
27 90 99 77 92 85 44 46 44 28 62 97 9 24 2 38 96 41 42 99 74 97 58 1 99 79 66 38 79 39 67 98 
85 75 32 60 39 78 94 38 53 70 25 6 18 31 18 62 27 89 40 61 21 82 72 67 55 69 80 71 17 8 97 56 
32 39 53 57 71 53 59 18 74 43 57 54 1 12 54 39 44 7 96 60 47 47 72 53 6 10 51 99 17 80 15 47 
93 26 32 19 21 77 43 87 56 90 43 85 5 55 39 53 9 59 40 14 24 76 46 83 21 27 64 92 36 5 38 69 
1 -1 1 -1 -1 -1 -1 -1 1 1 1 -1 1 -1 -1 1 1 -1 -1 1 1 1 -1 -1 1 -1 1 1 -1 1 -1 -1 
-1 1 -1 -1 -1 -1 -1 1 -1 -1 1 1 1 -1 -1 -1 -1 -1 1 -1 1 1 -1 -1 -1 -1 -1 -1 -1 -1 -1 -1 
1 -1 -1 -1 -1 1 -1 1 1 1 -1 1 -1 -1 -1 1 -1 -1 -1 1 1 1 1 1 -1 -1 1 -1 -1 -1 -1 -1 
-1 -1 -1 1 -1 1 1 -1 1 -1 -1 -1 -1 -1 1 -1 -1 1 -1 1 1 1 -1 -1 -1 1 -1 -1 -1 -1 -1 -1 
-1 -1 -1 -1 -1 1 -1 1 -1 -1 1 1 -1 1 -1 -1 -1 -1 -1 1 1 1 1 1 -1 -1 -1 -1 1 1 -1 1 
-1 -1 1 1 1 1 -1 -1 -1 1 1 1 1 -1 -1 -1 -1 -1 1 1 1 -1 1 1 -1 -1 1 -1 1 1 -1 1 
-1 -1 -1 1 -1 -1 1 1 -1 -1 -1 1 -1 1 1 1 -1 -1 -1 -1 -1 1 -1 1 1 1 1 1 1 -1 -1 -1 
-1 1 1 -1 1 -1 1 -1 1 1 -1 -1 1 -1 -1 -1 1 -1 -1 1 -1 1 1 1 -1 1 -1 -1 -1 1 1 1 
1 -1 1 1 -1 -1 -1 1 1 -1 -1 1 1 -1 1 -1 -1 1 1 1 -1 1 1 -1 -1 1 1 1 -1 1 1 1 
1 -1 1 -1 -1 1 -1 1 -1 1 1 -1 -1 -1 -1 -1 1 1 -1 1 1 -1 -1 1 1 -1 1 1 1 1 1 1 
1 1 -1 -1 1 1 -1 -1 -1 1 -1 1 1 -1 1 1 -1 -1 -1 -1 -1 1 -1 1 1 1 -1 1 -1 -1 -1 1 
-1 1 1 -1 1 1 1 -1 1 -1 1 1 -1 -1 -1 1 -1 -1 -1 -1 1 -1 1 -1 1 -1 1 1 1 1 -1 -1 
1 1 -1 -1 -1 1 -1 1 1 -1 1 -1 1 -1 1 -1 1 -1 1 1 1 1 1 -1 -1 1 -1 1 1 -1 1 -1 
-1 -1 -1 -1 1 -1 1 -1 -1 -1 -1 -1 -1 1 -1 1 1 -1 1 -1 -1 1 -1 -1 1 -1 -1 -1 1 1 -1 1 
-1 -1 -1 1 -1 -1 1 -1 1 -1 1 -1 1 -1 1 1 -1 -1 1 1 -1 -1 1 1 -1 -1 -1 -1 1 -1 1 -1 
1 -1 1 -1 -1 -1 1 -1 -1 -1 1 1 -1 1 1 1 -1 -1 -1 1 -1 -1 -1 -1 -1 -1 1 -1 -1 -1 1 -1 
1 -1 -1 -1 -1 -1 -1 1 -1 1 -1 -1 1 1 -1 -1 -1 -1 -1 1 1 1 1 -1 -1 1 1 -1 1 -1 1 1 
-1 -1 -1 1 -1 -1 -1 -1 1 1 -1 -1 -1 -1 -1 -1 -1 1 1 -1 1 1 -1 -1 1 -1 -1 1 -1 -1 1 1 
-1 1 -1 -1 -1 1 -1 -1 1 -1 -1 -1 1 1 1 -1 -1 1 1 -1 -1 1 -1 1 -1 -1 -1 -1 1 -1 -1 1 
1 -1 1 1 1 1 -1 1 1 1 -1 -1 1 -1 1 1 1 -1 -1 1 -1 1 -1 1 -1 -1 -1 -1 -1 -1 -1 -1 
1 1 1 1 1 1 -1 -1 -1 1 -1 1 1 -1 -1 -1 1 1 -1 -1 -1 1 -1 1 -1 1 -1 1 -1 -1 1 -1 
1 1 1 1 1 -1 1 1 1 -1 1 -1 1 1 -1 -1 1 1 1 1 1 1 1 -1 1 1 1 1 1 -1 -1 1 
-1 -1 1 -1 1 1 -1 1 1 -1 -1 1 1 -1 1 -1 1 -1 -1 -1 -1 1 -1 1 -1 1 1 -1 1 1 1 -1 
-1 -1 1 -1 1 1 1 1 -1 1 1 -1 -1 -1 1 -1 -1 -1 1 1 1 -1 1 -1 1 1 1 -1 -1 1 1 -1 
1 -1 -1 -1 -1 -1 1 -1 -1 1 1 1 -1 1 -1 -1 -1 1 -1 -1 -1 1 -1 1 1 -1 -1 1 -1 -1 1 -1 
-1 -1 -1 1 -1 -1 1 1 1 -1 1 -1 1 -1 -1 -1 1 -1 -1 -1 1 1 1 1 -1 -1 -1 1 -1 1 1 -1 
1 -1 1 -1 -1 1 1 -1 1 1 -1 1 -1 -1 -1 1 1 -1 -1 -1 -1 1 1 1 -1 -1 -1 -1 1 1 -1 1 
1 -1 -1 -1 -1 -1 1 -1 1 1 1 1 1 -1 -1 -1 -1 1 -1 -1 1 1 -1 -1 1 1 -1 -1 -1 -1 -1 1 
-1 -1 -1 -1 1 1 1 -1 -1 1 -1 1 1 1 1 -1 1 -1 1 -1 -1 1 1 -1 -1 -1 1 -1 -1 1 1 1 
1 -1 -1 -1 1 1 -1 1 1 1 -1 1 -1 1 -1 -1 -1 -1 -1 -1 -1 -1 1 1 -1 1 1 -1 1 1 -1 -1 
-1 -1 -1 -1 -1 -1 -1 1 1 1 -1 -1 1 -1 1 1 1 1 -1 -1 1 -1 1 1 1 1 -1 -1 1 -1 -1 1 
-1 -1 -1 -1 1 1 -1 1 1 1 1 -1 -1 1 -1 -1 1 1 1 -1 -1 1 -1 -1 -1 -1 1 1 1 -1 1 1 