128
68 66 93 9 67 95 79 55 43 30 86 38 94 88 60 56 29 91 80 37 63 15 19 21 58 55 60 51 63 75 96 88 13 72 76 60 12 45 92 23 58 94 49 27 77 61 29 43 52 4 57 29 53 23 88 76 98 77 64 57 91 57 94 96 16 83 55 28 68 51 89 61 15 37 28 17 83 22 62 6 52 7 89 23 66 97 58 55 6 29 32 73 24 44 27 73 8 57 65 63 77 76 30 49 80 20 2 100 80 62 51 25 22 34 2 28 55 82 47 46 74 49 14 84 50 86 60 1 
88 24 93 95 79 82 43 1 37 40 53 65 67 68 45 94 70 45 38 9 30 27 51 23 6 95 18 90 13 60 14 12 47 47 98 91 29 12 64 79 56 19 20 87 53 7 47 8 22 76 22 10 70 24 88 58 66 75 14 1 51 76 1 21 18 45 76 37 50 17 69 18 87 71 50 51 27 85 90 43 97 84 25 41 43 30 10 44 65 1 18 52 52 64 97 77 68 13 35 82 73 59 73 62 32 73 53 71 97 5 88 54 98 20 83 80 39 98 30 97 61 91 41 15 30 69 7 13 
92 65 82 41 37 52 4 45 3 74 56 93 9 97 11 76 27 84 25 78 62 89 16 88 37 82 6 10 81 21 25 69 96 86 22 69 92 52 90 22 75 59 95 25 19 5 82 61 20 19 8 11 46 66 32 28 82 65 59 36 87 82 49 36 36 94 90 83 95 62 5 58 67 54 91 18 28 1 35 10 24 8 87 15 12 59 2 29 62 79 89 58 81 43 51 88 65 45 23 73 85 35 24 32 49 15 83 50 39 17 91 8 33 36 92 29 68 98 62 89 72 44 19 89 90 21 3 100 
41 45 73 86 23 91 64 6 56 58 54 50 47 82 32 9 81 16 18 81 56 40 100 19 84 63 4 18 35 66 44 54 28 44 93 43 41 63 53 95 75 99 59 55 17 69 73 75 8 67 94 41 93 92 82 74 28 98 74 84 5 49 16 34 20 60 35 43 30 34 91 3 37 48 39 58 34 2 75 83 66 34 43 59 43 91 44 96 29 7 55 45 72 43 67 69 69 53 66 70 31 26 97 10 59 9 70 91 42 11 30 93 72 44 22 26 63 33 80 73 94 68 44 29 94 89 33 21 
45 29 96 59 62 29 9 3 63 40 66 14 60 96 8 75 26 69 5 43 93 78 68 78 20 2 14 87 81 53 19 46 78 99 19 5 94 35 92 84 91 86 52 91 51 36 70 20 80 8 56 41 78 60 78 39 93 81 95 50 81 51 14 51 81 71 50 28 57 8 79 72 54 54 25 45 22 47 80 51 81 66 17 17 90 6 37 92 96 15 74 48 10 78 69 19 86 43 53 75 92 37 11 23 18 69 5 60 1 80 75 56 85 99 50 11 38 54 13 41 30 88 89 92 24 91 47 3 
82 25 24 46 52 25 10 74 10 90 72 72 58 88 14 10 97 71 47 15 65 53 42 48 21 2 99 18 21 25 80 88 65 2 18 96 62 95 32 32 42 21 73 85 83 4 78 77 70 69 35 39 10 64 67 53 16 37 86 33 51 15 20 84 46 68 22 63 16 96 81 22 67 80 84 92 33 53 89 81 45 67 83 12 16 94 50 11 57 82 30 76 10 90 73 26 17 56 96 53 100 46 36 73 85 45 100 44 46 96 82 50 28 47 86 74 19 19 81 64 16 98 67 34 97 54 23 97 
26 87 86 43 21 21 38 66 22 49 86 9 81 66 53 18 46 58 80 64 60 77 5 37 15 69 96 48 98 6 99 34 62 68 65 80 100 75 99 32 10 99 88 7 14 100 65 29 5 80 89 72 83 61 29 37 36 2 79 13 2 8 75 18 13 18 11 61 40 68 32 26 91 85 91 22 32 7 29 80 45 41 22 37 78 65 47 37 45 91 48 81 60 26 49 82 50 74 12 1 77 1 18 62 98 10 63 49 18 8 7 20 53 47 66 49 47 59 5 87 99 99 95 39 29 71 42 14 
97 76 31 54 3 24 63 15 36 94 62 98 87 31 27 89 57 86 89 13 41 74 26 96 81 30 10 77 92 15 43 55 27 12 78 24 44 89 21 23 98 16 62 67 24 56 33 63 58 8 31 95 7 66 16 11 66 77 15 15 87 53 26 11 27 60 3 37 68 25 7 62 83 98 29 58 27 99 54 6 81 43 64 39 43 65 70 52 6 25 67 71 77 17 3 27 17 22 62 1 5 15 69 46 35 7 57 18 85 33 69 97 41 4 81 87 9 94 39 43 91 64 45 3 19 30 32 70 
82 4 91 90 73 37 65 62 17 4 54 30 69 44 95 60 8 57 71 74 60 26 7 41 32 68 73 9 92 30 37 78 85 25 40 24 73 2 40 17 100 68 90 10 18 19 22 45 57 97 6 89 42 79 97 33 14 27 62 3 63 18 95 8 62 41 10 34 76 11 66 1 57 89 70 45 17 90 53 42 88 17 40 44 63 36 20 47 47 40 52 60 7 96 85 34 69 36 54 17 72 57 97 80 81 9 98 99 75 53 45 90 73 3 41 69 28 54 75 46 37 37 43 95 66 94 76 23 
7 23 98 59 13 56 72 95 65 50 95 96 23 34 41 18 70 20 97 97 12 70 52 52 72 40 48 15 9 89 68 86 65 33 18 14 1 31 79 5 16 59 76 92 9 76 100 35 89 23 56 9 2 28 15 53 89 19 89 30 31 62 30 44 78 63 70 40 67 58 27 41 4 87 68 7 89 47 63 17 60 18 74 97 77 46 71 77 38 48 64 57 68 100 36 39 91 94 92 6 89 81 54 28 70 53 15 53 85 33 95 71 24 48 53 90 90 66 5 65 75 5 64 89 82 42 96 32 
66 37 43 36 77 27 34 19 38 85 48 2 71 39 33 97 92 92 89 28 26 1 47 95 75 31 31 62 77 40 4 99 20 76 19 20 50 84 1 93 66 40 70 69 3 8 94 62 48 6 88 98 38 73 25 85 70 68 19 70 69 100 92 50 72 97 93 23 44 75 46 35 74 80 68 33 10 44 71 65 77 79 2 22 26 98 61 98 16 29 62 23 35 12 98 27 50 83 96 59 79 33 29 10 83 93 7 20 46 73 94 67 98 56 80 90 79 37 79 69 7 72 48 5 18 10 12 28 
81 94 85 14 47 96 74 1 35 25 89 73 3 26 19 19 14 37 42 43 58 27 53 94 28 10 62 42 23 61 77 91 76 79 65 51 49 60 26 17 19 72 75 72 14 100 45 51 96 60 98 30 26 8 16 53 13 23 97 68 42 49 21 100 77 1 49 34 77 39 37 80 9 25 17 47 80 58 53 42 30 15 16 78 63 1 4 16 82 69 35 89 7 89 27 58 8 8 88 91 46 77 3 53 17 28 69 7 91 1 34 38 30 53 47 74 55 10 72 52 58 94 5 96 35 85 41 17 
82 100 32 47 62 11 42 28 36 22 68 3 11 90 14 53 3 66 79 78 80 21 76 15 51 56 66 30 19 30 96 70 74 46 10 92 5 96 26 57 39 85 2 75 20 30 31 24 9 91 99 89 32 92 32 43 3 86 80 74 24 4 9 40 74 31 12 56 14 49 17 78 87 31 3 24 45 23 53 92 75 6 76 37 53 66 22 47 95 73 33 99 82 89 9 49 23 24 6 99 43 100 92 6 96 1 79 89 1 65 50 56 18 98 13 59 2 35 9 28 90 35 95 93 49 85 93 92 
88 6 45 54 6 46 70 22 96 85 85 10 81 83 75 76 42 91 7 94 39 87 19 58 91 99 28 15 45 42 93 36 9 51 1 25 24 21 66 45 84 27 18 100 86 2 100 57 8 43 18 15 19 3 61 27 65 70 40 33 84 99 99 87 63 77 28 1 38 86 35 63 42 55 31 13 6 10 63 48 96 4 46 9 73 5 96 27 97 20 29 63 65 69 56 67 100 60 51 87 36 57 48 27 92 16 57 100 70 17 18 41 6 55 99 10 33 7 73 100 79 52 81 95 31 100 21 72 
44 6 87 79 2 95 50 26 27 67 65 25 7 78 78 86 91 23 97 19 51 57 92 11 27 1 23 69 84 41 4 30 21 74 49 55 70 70 91 81 48 21 11 58 65 22 79 63 13 14 11 49 50 41 97 15 3 21 5 79 1 46 1 86 74 4 80 1 39 56 78 55 29 64 4 43 78 94 70 81 77 3 35 98 4 52 21 68 28 15 21 81 11 1 14 49 23 97 31 66 59 43 5 45 9 4 68 53 96 63 79 59 30 3 96 87 87 67 75 69 21 39 60 26 83 80 82 72 
6 46 98 99 39 36 13 9 61 68 84 67 35 78 72 67 70 22 26 4 14 85 72 65 18 11 52 20 93 47 74 69 49 31 50 85 34 70 51 12 93 18 79 71 95 42 55 19 84 67 19 15 11 75 81 69 21 43 95 59 12 36 35 71 55 98 8 29 34 40 32 74 7 20 72 63 18 31 36 26 28 46 51 1 35 64 90 54 39 69 63 49 32 5 7 63 81 50 49 86 35 30 63 60 46 92 64 51 23 64 29 33 4 35 85 39 38 12 48 74 56 82 39 12 92 37 9 22 
38 55 81 89 23 97 49 81 79 13 79 6 19 38 25 71 88 6 43 62 9 5 62 16 54 42 100 98 68 48 1 46 33 58 62 29 93 3 83 83 28 21 54 52 27 1 20 96 85 75 54 46 57 97 95 78 88 92 8 13 27 9 42 45 69 27 84 49 53 15 95 80 85 66 67 26 81 93 9 36 90 23 65 47 52 53 29 92 1 53 19 65 57 9 76 68 13 25 10 56 46 79 24 2 23 63 81 88 41 20 97 6 66 81 16 6 98 32 71 46 68 74 33 10 61 91 100 40 
44 31 36 98 39 90 97 80 2 38 1 18 80 29 32 64 62 23 97 64 33 9 93 51 7 74 93 55 28 59 54 18 96 20 17 8 88 35 47 80 73 40 11 15 26 60 100 57 97 98 44 66 23 51 82 81 88 19 43 28 79 75 48 59 14 47 64 48 34 40 27 36 4 29 16 3 36 16 77 12 66 56 88 11 36 38 88 9 11 91 20 79 33 12 86 97 49 55 88 58 63 23 85 60 70 70 75 11 46 96 82 19 82 21 20 69 26 60 58 61 92 71 25 5 16 41 43 54 
8 50 9 30 23 83 93 6 60 81 20 39 68 37 80 1 82 29 64 96 62 58 41 8 75 64 14 67 77 64 62 96 13 7 11 57 19 28 39 82 44 80 7 33 65 61 3 89 98 27 59 69 4 28 89 15 2 97 86 28 89 56 1 43 94 40 1 57 51 22 6 5 42 23 95 34 43 22 36 75 27 53 90 35 83 66 54 2 54 41 50 71 3 31 74 21 64 33 21 34 91 33 9 69 70 87 71 18 70 43 15 84 32 78 81 27 19 82 10 51 99 64 35 48 82 55 86 68 
58 24 35 58 88 85 84 77 72 90 87 93 76 17 33 7 95 86 96 3 58 78 45 94 46 48 65 28 19 34 82 99 65 84 94 62 49 10 92 16 24 78 75 49 39 31 19 4 88 90 23 30 71 52 4 89 25 11 90 85 85 16 96 10 65 86 51 83 94 4 57 57 94 74 46 24 40 11 97 10 44 67 96 52 52 44 39 32 41 84 6 66 99 63 24 97 98 30 11 16 60 21 52 36 91 40 96 69 70 56 90 8 97 58 71 60 48 59 59 21 58 63 64 82 9 6 65 96 
35 43 23 5 26 35 62 89 83 11 95 68 35 46 88 26 23 79 97 65 62 75 38 33 62 70 6 82 93 13 36 92 1 99 41 61 12 95 23 68 73 57 22 30 27 37 56 17 18 66 85 36 72 38 15 73 87 19 29 76 88 94 37 42 79 36 7 41 87 73 79 69 22 100 86 35 66 82 16 32 30 49 18 91 12 47 20 9 66 73 62 95 89 39 7 37 68 67 66 74 66 13 85 48 86 39 1 88 90 82 6 78 67 11 72 82 91 100 73 84 40 10 85 97 62 14 15 98 
32 48 28 93 3 80 69 3 26 43 68 90 51 54 68 68 34 60 24 30 34 24 69 38 87 77 51 89 71 73 90 60 64 45 91 11 88 28 30 34 46 11 17 16 18 86 13 94 34 36 95 7 83 25 7 61 14 44 57 34 63 39 16 85 5 88 6 80 82 18 78 13 11 18 82 58 25 10 61 26 38 22 4 57 63 41 29 28 57 23 50 31 25 6 75 5 68 76 46 14 39 18 14 73 64 47 72 31 64 82 85 76 5 5 95 96 25 83 74 86 62 95 81 63 27 25 71 84 
1 32 94 87 14 63 10 26 14 43 22 70 76 82 60 30 76 17 80 50 1 18 38 64 28 55 29 85 13 26 76 93 15 24 62 24 63 44 52 41 16 18 3 35 63 74 88 83 17 54 86 3 46 35 70 99 13 35 74 50 83 18 64 7 15 92 46 8 5 2 12 6 59 96 42 82 37 4 86 67 38 13 64 3 100 34 71 13 35 14 3 32 38 60 67 19 93 21 69 51 89 42 23 41 24 85 3 39 30 2 7 54 88 30 10 8 24 46 23 71 66 98 84 18 33 60 28 61 
54 46 67 33 35 38 87 66 52 72 45 17 58 64 70 100 5 63 46 15 18 59 65 63 20 1 90 84 66 87 11 67 62 22 45 62 18 96 10 19 32 70 26 2 64 58 7 37 75 45 10 5 5 27 20 83 75 51 52 19 62 26 82 71 96 30 80 77 100 70 58 18 9 44 70 30 99 21 3 93 55 67 92 63 96 77 33 43 4 93 67 7 71 30 64 79 8 84 49 49 31 12 65 51 57 6 62 82 37 59 80 82 34 21 2 34 11 81 55 54 52 24 62 31 17 30 78 23 
51 30 8 67 88 93 26 20 79 61 48 46 53 59 35 90 9 8 55 26 1 95 23 38 89 75 2 83 20 16 65 32 4 80 34 84 70 44 80 90 45 67 73 43 32 31 59 95 68 74 23 8 5 65 99 98 70 6 62 99 24 93 21 61 57 46 82 11 2 99 30 43 1 25 100 20 83 30 62 12 34 92 28 57 34 50 94 37 63 87 85 53 72 47 3 7 99 98 66 65 99 77 29 76 89 1 12 50 36 43 33 98 12 61 40 77 90 1 36 65 14 81 75 16 69 67 29 21 
66 71 5 95 38 11 86 64 2 94 63 15 13 54 81 73 29 90 36 47 48 22 92 70 96 70 55 90 70 19 8 59 38 24 27 75 41 18 55 23 15 52 76 51 83 80 3 58 92 30 61 14 74 22 73 20 70 5 74 33 75 9 2 28 14 98 97 77 79 22 24 56 64 36 23 16 40 49 26 17 33 69 51 5 76 46 99 98 94 43 34 35 21 83 80 17 30 8 36 10 69 5 93 70 9 68 73 85 51 32 14 41 51 3 99 48 93 88 50 61 72 57 55 100 73 36 36 21 
57 32 56 50 11 91 72 25 71 10 65 26 11 23 73 70 17 48 28 49 81 59 44 77 81 21 34 7 20 53 52 71 76 90 98 93 32 66 78 27 59 97 98 57 69 11 43 90 77 37 63 75 42 46 23 4 55 45 15 50 56 72 63 71 32 8 23 89 38 3 61 40 28 54 88 3 99 32 77 1 37 27 7 15 70 7 17 34 24 85 74 49 46 83 53 90 11 15 75 96 84 55 89 95 51 21 57 2 64 13 99 3 30 41 85 41 99 13 27 4 43 85 33 66 56 75 4 44 
29 99 39 23 73 55 74 89 86 84 84 55 96 27 69 88 26 29 60 85 74 59 24 19 69 65 31 58 14 21 19 47 8 42 45 86 69 95 65 64 66 84 37 39 47 41 14 28 22 85 40 9 60 43 44 83 55 13 68 90 84 66 88 93 22 5 40 17 67 79 52 85 53 57 52 36 49 41 56 33 6 85 48 97 39 59 98 70 98 1 24 26 56 26 15 20 85 21 57 64 66 18 91 93 5 22 77 38 46 91 77 62 7 2 32 21 11 57 38 30 62 89 36 29 77 92 64 23 
61 5 92 84 72 15 55 70 96 17 75 37 39 47 23 58 10 94 15 95 10 34 93 35 2 84 61 84 84 42 29 11 99 53 46 42 46 100 43 45 1 65 73 13 92 80 51 54 91 27 70 44 80 99 15 48 23 8 67 99 19 63 89 14 86 13 44 84 76 92 42 72 17 44 16 93 99 84 11 40 41 9 27 90 13 37 95 21 30 27 40 92 3 67 79 26 76 1 47 9 55 2 39 11 30 26 38 98 25 70 81 12 80 1 88 88 70 58 72 55 29 60 89 75 58 57 75 20 
61 88 9 77 76 40 59 78 36 71 28 44 52 36 62 75 42 54 69 83 69 66 23 86 50 91 15 33 23 54 82 88 94 94 51 52 89 7 88 16 7 57 41 67 18 30 29 56 86 81 83 99 63 89 62 1 87 1 74 15 11 77 45 62 4 66 35 12 62 3 21 69 68 2 15 30 75 81 90 60 85 68 68 38 53 6 85 24 92 33 68 96 32 37 87 98 8 54 70 46 32 31 97 6 16 50 44 88 9 45 61 8 80 20 36 95 87 2 66 89 31 29 95 11 40 22 37 77 
22 61 53 20 52 73 85 63 50 7 63 39 22 42 80 76 98 51 49 94 57 79 80 91 29 4 90 27 34 55 91 58 78 97 90 22 57 4 79 17 43 21 53 35 72 96 89 77 19 72 35 79 96 60 94 90 29 62 5 71 59 2 60 92 9 23 68 10 13 57 84 51 38 14 17 81 67 47 14 28 60 69 97 3 32 1 5 26 80 15 55 22 53 72 57 2 71 98 39 78 21 7 67 94 39 22 73 75 34 31 13 88 80 5 94 5 12 94 98 84 53 28 2 93 74 14 77 57 
17 19 84 94 80 53 41 18 46 49 70 18 39 54 74 75 24 90 4 87 78 7 19 16 38 83 90 72 25 86 32 38 87 96 66 15 19 13 53 4 24 76 80 98 92 38 31 84 75 4 69 27 14 70 84 9 96 26 75 59 88 100 47 6 42 10 3 53 43 86 15 9 85 57 6 84 1 84 89 31 15 14 23 27 27 53 24 63 15 65 99 70 84 99 95 48 68 8 97 83 100 12 94 8 75 59 11 62 92 15 24 97 29 9 70 50 72 23 52 14 50 97 91 25 65 82 60 70 
13 16 13 50 59 80 87 4 58 57 56 21 24 9 22 20 27 83 47 87 40 24 88 26 42 29 64 7 19 86 20 56 63 49 92 86 33 13 82 19 2 21 1 34 43 65 33 83 60 9 23 41 64 93 87 32 99 64 10 84 61 14 22 11 83 11 38 97 66 7 24 8 11 100 25 46 20 24 68 45 52 6 63 10 78 95 41 24 92 52 89 100 14 11 97 14 69 76 20 66 36 62 29 12 35 77 65 91 96 28 52 8 60 38 75 62 81 72 88 52 3 82 8 41 32 64 97 49 
4 53 6 29 54 47 15 86 38 44 58 87 94 95 6 95 81 20 45 66 60 21 37 24 19 1 5 40 2 83 9 56 82 53 39 76 55 89 52 59 23 11 71 11 4 50 16 76 55 95 95 73 84 33 31 95 89 8 76 63 63 99 38 59 51 91 76 75 15 14 76 51 50 46 51 39 39 81 94 80 34 58 26 78 19 66 11 85 20 4 39 81 82 14 17 66 3 61 9 87 13 90 96 15 26 53 96 53 24 10 40 84 42 91 17 30 16 19 11 82 23 21 87 70 10 34 88 16 
5 37 18 17 59 56 92 29 78 34 67 21 59 84 18 10 10 64 93 59 16 34 76 22 32 81 30 33 65 33 84 56 53 39 25 62 93 20 36 90 17 41 29 39 100 77 51 1 74 20 37 37 91 68 1 93 37 43 37 76 79 59 54 75 90 12 31 95 52 78 87 38 85 98 26 2 38 58 75 15 90 84 23 92 48 30 39 64 17 19 29 5 60 99 38 68 81 14 49 18 57 17 49 61 98 27 15 13 99 25 97 96 30 6 46 76 30 14 72 47 40 41 6 79 18 63 74 53 
16 88 75 41 46 30 40 10 60 89 53 54 96 95 97 1 78 77 41 50 26 48 38 41 51 72 97 96 31 12 66 18 46 4 38 30 32 49 50 21 80 41 100 14 94 45 18 91 59 59 97 53 16 47 45 100 19 56 100 13 77 36 30 9 34 50 97 85 90 20 69 97 28 76 96 64 64 6 69 71 60 34 71 35 29 52 24 58 28 50 17 94 64 41 49 88 88 15 6 29 71 50 32 46 94 71 14 30 28 26 31 59 24 81 78 77 64 88 32 27 22 61 60 14 48 76 25 45 
4 80 41 12 96 76 59 63 68 35 22 12 49 12 97 72 99 52 33 9 51 8 13 35 82 71 85 16 57 49 60 16 69 33 63 97 100 67 18 85 96 34 86 11 89 83 61 79 68 15 75 41 32 25 88 52 16 80 24 78 45 48 33 43 10 85 18 53 72 12 1 91 15 97 25 67 8 66 65 71 78 97 55 20 18 64 64 96 36 29 7 39 2 69 36 58 2 69 42 77 56 73 76 88 47 92 62 22 21 2 46 8 74 20 17 53 53 62 2 57 24 69 61 45 67 99 47 60 
43 47 75 74 88 78 1 63 64 74 62 77 95 68 3 17 89 21 29 72 48 11 42 47 25 72 20 28 84 41 22 89 35 68 37 6 8 58 77 94 49 20 42 41 32 20 68 71 81 70 15 66 26 90 35 73 37 4 71 38 52 5 74 32 84 36 17 84 76 4 9 83 58 8 78 24 66 15 75 34 93 65 92 9 80 87 60 72 12 5 41 56 65 42 27 7 73 87 19 86 90 61 83 27 94 63 38 81 71 88 36 89 73 5 95 87 23 19 29 21 74 75 33 7 57 25 17 92 
15 83 48 31 10 36 99 65 66 8 75 76 23 24 17 88 66 31 81 59 32 64 62 43 91 66 39 60 19 42 30 82 19 81 22 67 46 61 24 51 75 93 64 71 74 64 57 44 70 11 27 25 54 41 40 67 93 63 71 50 86 65 84 48 67 10 26 44 77 3 47 87 46 47 47 38 66 67 75 23 29 52 99 18 55 34 89 91 15 64 19 9 65 84 19 17 80 85 74 28 23 90 43 39 86 49 30 4 7 14 80 75 89 82 71 19 7 69 56 47 28 36 52 76 45 58 45 37 
12 6 96 21 77 83 13 59 5 88 91 37 86 87 75 18 68 1 20 46 63 35 58 71 62 26 74 20 79 36 67 56 24 97 76 35 9 54 92 98 46 65 92 65 12 26 86 84 37 63 54 43 31 83 47 62 50 43 30 76 98 16 60 73 5 80 86 33 31 73 43 4 47 37 49 18 4 71 71 17 21 63 76 46 48 59 58 86 65 9 13 70 80 10 46 8 4 96 81 77 58 73 60 88 82 8 14 1 14 85 37 84 100 73 81 21 30 87 1 72 52 46 18 59 55 48 82 93 
70 13 54 48 62 82 87 31 75 1 58 33 59 11 3 99 14 42 57 21 45 17 88 36 86 88 27 14 92 95 39 74 16 94 4 23 79 28 49 81 64 16 43 100 74 23 97 30 73 42 32 47 31 46 48 30 59 36 81 67 27 14 100 57 78 76 10 17 18 62 22 26 12 15 26 22 59 37 57 8 4 36 29 71 34 31 2 34 40 21 64 12 72 17 64 96 100 47 9 96 52 34 57 17 15 7 43 37 24 63 19 71 95 4 5 69 30 65 32 42 35 97 49 40 37 14 80 95 
88 96 66 23 46 69 90 17 41 48 7 79 33 94 9 51 22 54 16 92 88 9 19 31 55 3 11 65 41 91 91 78 27 44 93 93 71 25 28 94 36 33 92 60 5 34 88 67 97 78 83 86 54 9 86 98 44 92 3 18 43 82 83 98 13 34 20 47 11 77 58 33 8 75 80 96 46 11 79 54 74 40 4 31 18 48 84 57 53 41 9 53 57 18 23 14 6 21 44 38 34 25 75 95 70 17 13 29 51 36 68 5 65 53 76 63 17 46 15 93 62 9 36 97 36 25 65 32 
63 34 11 85 86 27 26 72 43 55 96 95 73 91 4 4 87 90 15 52 11 90 90 4 16 40 29 83 59 53 64 88 98 49 88 29 11 69 72 19 71 68 52 63 19 12 72 28 71 93 63 37 45 46 56 75 21 3 36 77 69 67 53 40 43 59 65 24 24 31 47 91 57 97 28 43 77 77 88 9 62 58 74 25 31 36 34 10 6 63 77 95 77 27 86 95 53 30 8 77 35 79 89 9 65 55 51 55 8 93 22 85 24 61 47 23 5 51 55 6 20 70 46 98 20 49 37 7 
51 11 41 51 22 88 52 49 33 43 93 66 50 45 55 27 47 55 58 47 50 51 2 92 1 57 61 62 85 43 85 41 41 38 30 59 76 85 76 77 54 26 38 66 64 81 66 74 19 32 94 90 1 62 23 4 37 22 54 90 89 87 94 15 9 95 12 36 14 38 45 3 17 50 88 45 28 32 96 27 8 15 53 27 57 52 28 2 49 82 41 89 52 28 100 81 28 37 7 60 67 88 80 96 62 58 77 52 75 50 22 74 63 58 51 42 91 95 45 48 85 40 66 19 84 85 3 92 
92 60 5 3 90 18 33 1 73 3 84 87 29 80 31 48 66 63 86 43 35 18 94 12 32 49 79 90 8 42 40 60 92 30 64 67 65 76 22 69 98 31 47 19 75 76 8 2 89 23 78 17 17 41 48 27 66 71 3 37 22 84 93 76 15 76 59 52 42 11 57 59 75 80 82 25 78 2 2 68 98 29 26 35 88 52 88 87 51 64 30 5 58 89 7 45 17 16 100 37 81 56 28 80 67 8 52 55 16 74 69 40 38 49 97 36 33 37 79 30 52 73 54 45 11 62 13 21 
62 56 30 77 91 81 82 54 63 54 96 56 32 60 12 37 3 69 16 59 17 41 91 96 50 17 26 30 16 74 5 71 85 87 55 42 30 86 71 16 54 13 99 59 35 36 61 1 97 62 44 11 55 68 60 1 35 54 30 20 67 55 92 67 65 55 85 56 3 7 42 65 5 35 36 28 56 16 17 2 81 68 15 7 48 73 41 74 38 67 51 36 6 57 12 100 39 17 39 46 10 32 33 100 38 9 13 30 42 96 59 61 58 95 52 68 20 55 90 68 100 60 39 36 14 10 79 77 
9 13 55 31 54 20 52 35 95 37 95 99 82 75 6 54 95 29 50 86 44 44 48 74 6 51 100 87 62 50 42 17 18 5 12 79 57 41 69 12 48 100 11 94 36 8 8 64 96 70 4 84 28 26 42 86 80 39 24 86 79 65 15 67 6 75 97 39 34 54 11 14 84 78 81 65 30 62 90 41 16 92 31 41 14 12 7 89 26 80 91 83 11 95 29 70 33 38 30 12 68 9 48 59 98 63 51 27 96 54 7 82 94 65 89 25 77 73 38 6 65 2 71 91 11 16 72 53 
75 54 50 7 87 72 54 41 71 56 11 15 4 53 16 21 92 70 10 69 58 47 73 57 17 43 35 33 47 6 68 3 34 97 95 53 74 97 35 96 86 45 22 75 3 75 69 46 88 40 11 89 94 88 70 54 15 99 25 35 47 20 75 80 54 12 63 85 54 4 85 83 55 23 55 38 18 51 70 79 47 55 86 81 21 58 4 39 57 22 47 100 52 22 16 95 22 69 91 47 66 79 55 99 79 64 82 32 21 78 60 20 76 54 66 13 79 14 9 57 65 92 4 35 6 92 67 32 
43 89 14 41 75 23 65 10 19 91 10 5 61 95 29 36 97 90 37 30 18 62 43 80 20 71 8 95 6 25 75 7 11 60 13 90 81 52 6 97 20 80 27 54 71 83 17 97 8 26 99 90 29 8 22 34 47 29 19 58 48 4 100 34 98 45 6 23 34 64 73 30 33 59 54 27 4 17 39 19 46 88 22 90 83 45 29 84 27 67 46 45 58 13 47 46 49 81 32 36 37 54 24 60 77 96 21 26 19 85 93 26 55 92 33 29 9 40 54 4 43 68 78 18 44 84 4 71 
48 79 8 50 25 98 95 17 11 11 80 51 20 85 69 100 89 61 68 62 54 70 54 39 28 11 7 88 44 94 23 4 36 61 26 45 48 7 52 85 57 94 68 9 64 83 31 37 36 27 70 37 97 24 16 66 99 99 97 36 93 77 42 90 49 30 35 86 80 9 67 4 8 87 99 54 24 99 20 96 89 75 31 90 18 40 32 81 88 19 36 26 76 94 56 53 46 6 66 70 27 83 11 60 96 33 16 5 49 71 16 45 71 95 99 84 45 13 92 17 10 16 77 70 10 78 95 22 
67 91 51 23 89 74 41 39 84 11 55 33 8 32 58 84 8 36 14 32 63 76 44 61 90 70 5 9 11 48 70 50 29 48 27 25 100 7 94 100 30 81 49 20 92 64 5 87 33 32 33 2 5 41 92 37 16 51 5 75 4 10 38 99 49 43 57 40 15 98 13 75 59 21 30 68 80 78 99 7 72 36 6 23 93 49 58 55 39 42 90 97 20 53 14 97 29 46 53 44 60 53 14 19 62 22 92 90 50 91 78 79 59 58 89 91 63 71 9 23 25 77 52 49 73 88 59 57 
88 39 50 73 12 60 20 45 68 28 77 96 17 36 84 16 33 92 37 68 43 40 56 19 94 54 60 56 86 75 12 40 54 11 60 100 63 76 94 37 66 33 28 6 88 25 65 15 26 87 66 97 87 72 36 26 25 33 71 84 59 27 91 70 57 16 10 87 82 54 70 16 47 20 35 98 19 15 25 3 31 43 76 3 93 48 80 47 42 13 27 63 82 52 20 19 78 24 53 78 90 2 86 3 57 73 20 88 78 4 19 98 100 49 82 49 11 31 51 49 4 72 59 84 93 4 90 44 
15 52 69 54 32 78 91 97 56 32 71 98 80 16 42 23 85 74 58 52 7 19 2 59 15 68 80 1 68 50 26 61 24 100 25 35 56 95 46 23 8 40 15 76 29 91 10 29 51 53 2 37 19 16 22 85 60 27 67 33 79 41 47 45 72 4 40 90 4 85 46 49 9 20 86 7 77 48 94 90 77 44 39 91 99 96 25 97 55 26 32 1 62 63 91 59 87 56 41 96 15 70 18 41 55 34 11 85 27 20 94 79 69 39 17 3 28 21 89 34 42 97 44 36 79 8 41 87 
10 58 38 26 36 34 85 80 35 35 34 94 25 49 3 97 72 72 96 48 84 79 82 48 9 26 100 63 93 54 20 6 2 25 16 74 9 45 73 77 34 16 22 41 77 85 91 79 88 30 69 68 55 67 60 46 8 10 67 40 16 47 14 2 35 17 98 48 62 18 13 42 25 88 75 9 89 49 65 90 51 69 100 86 91 36 95 24 60 73 72 25 17 86 98 39 18 36 89 53 22 97 17 23 39 86 59 23 6 22 28 65 44 94 26 57 56 28 93 99 86 81 95 88 80 63 54 55 
12 68 58 32 16 32 44 52 5 11 12 19 85 84 66 100 64 24 77 40 56 60 70 48 21 78 28 95 62 53 25 43 55 15 96 67 13 58 57 73 18 3 40 12 2 73 30 42 29 67 41 27 96 31 5 17 1 90 12 49 80 11 84 70 33 73 81 69 32 36 45 55 44 52 56 59 63 97 22 47 91 61 36 64 17 62 89 17 40 16 45 88 13 35 53 4 12 78 7 99 64 62 82 48 95 59 31 33 56 54 39 5 88 85 3 65 63 96 60 60 77 64 45 81 83 82 52 46 
41 82 59 38 93 67 13 28 88 71 54 7 65 2 55 42 16 43 14 30 33 55 12 51 17 9 7 96 52 22 45 13 98 23 72 43 47 51 54 13 23 82 91 93 72 22 37 12 43 78 100 90 36 18 63 27 73 61 80 84 25 5 15 65 45 16 76 77 67 87 21 27 37 59 95 75 76 17 84 66 36 4 5 53 32 13 69 56 86 20 40 14 58 83 15 4 88 20 67 81 21 6 25 83 5 67 3 85 74 41 38 70 99 22 13 62 20 37 45 21 15 79 33 61 15 95 36 86 
11 11 16 57 35 14 25 53 40 87 18 74 18 40 32 79 5 40 28 16 21 81 1 22 47 72 72 57 34 54 35 58 33 63 25 4 78 37 19 41 55 73 2 67 44 75 2 81 77 39 29 25 70 12 12 31 76 34 97 45 27 80 97 62 3 8 2 42 73 91 92 81 5 82 55 62 22 3 51 21 6 98 82 21 13 96 21 23 88 18 7 90 75 96 75 72 12 14 49 12 40 9 70 23 83 36 87 67 26 29 8 85 90 49 100 75 56 21 45 42 8 13 91 1 15 1 27 72 
31 21 91 8 39 70 72 36 10 18 15 70 67 38 6 96 29 74 9 7 55 95 43 81 27 46 30 75 78 76 59 88 2 92 90 16 1 36 68 60 51 90 53 7 94 42 14 30 89 75 93 73 9 17 3 8 80 90 5 82 65 42 10 98 42 24 63 24 33 78 90 62 38 91 92 69 22 43 23 59 83 56 32 80 28 54 71 5 30 23 88 7 84 17 84 84 7 28 55 74 75 48 21 27 67 1 58 88 44 60 36 39 59 8 74 68 25 16 97 43 36 63 55 95 81 41 100 66 
2 10 97 36 17 94 83 80 24 17 45 36 11 56 90 58 99 35 27 18 52 79 52 92 73 44 38 42 43 41 99 25 96 23 81 26 25 91 17 80 3 100 48 13 32 63 33 64 86 81 56 37 28 21 89 13 28 76 27 13 25 49 75 5 47 40 26 7 10 66 92 80 27 99 64 71 99 43 99 60 91 18 59 25 46 17 68 84 51 85 7 1 24 97 58 47 29 30 3 36 50 35 55 62 57 79 66 58 15 95 99 31 100 21 34 93 11 39 1 29 38 16 7 63 90 77 19 24 
55 28 86 40 58 71 46 24 38 19 17 69 76 95 64 10 23 87 10 90 1 41 57 66 21 4 60 44 39 43 94 50 41 23 58 36 80 92 37 14 48 85 67 12 53 96 83 52 63 52 86 98 76 57 91 2 56 26 74 32 82 70 49 17 39 78 82 2 31 49 46 41 57 53 95 54 99 18 42 59 53 96 87 36 34 26 37 34 79 28 5 30 70 57 34 37 50 19 25 3 82 51 33 1 90 50 87 81 91 85 46 57 49 55 64 53 63 85 17 98 56 24 18 29 12 86 78 76 
44 24 14 22 62 85 73 3 99 99 87 47 20 99 89 4 99 64 2 59 19 14 37 17 2 15 88 100 42 17 19 92 55 95 71 14 8 94 46 71 43 75 53 77 83 27 89 38 24 92 14 24 43 21 66 17 17 17 17 78 91 31 20 25 32 18 73 7 43 74 10 62 80 60 51 68 95 7 77 61 10 16 22 7 50 7 54 3 35 46 27 85 9 25 36 62 57 49 30 25 59 34 21 76 71 47 20 22 36 62 69 94 66 16 38 91 69 80 60 82 59 87 47 31 48 71 62 1 
82 76 16 95 56 80 70 30 41 97 26 54 18 28 65 42 94 61 67 22 5 85 80 6 62 73 41 24 16 64 60 3 71 89 58 54 92 69 68 85 92 71 36 69 79 63 13 69 91 5 67 2 63 65 50 39 70 38 95 8 71 42 26 34 91 85 10 14 31 72 86 3 42 10 27 90 71 21 75 26 2 64 40 64 22 26 32 4 20 49 59 12 64 30 41 13 48 33 44 30 11 59 51 90 42 100 18 37 61 12 68 70 17 59 86 62 15 95 61 86 39 63 78 58 72 63 84 3 
56 19 57 19 14 53 18 79 69 60 68 51 80 57 59 76 37 42 73 42 36 26 100 55 97 96 41 51 73 74 35 10 79 77 26 2 75 35 54 47 49 63 4 44 99 64 100 71 85 81 88 43 24 49 32 46 22 30 47 82 74 90 15 59 73 11 65 27 59 64 16 47 15 54 3 32 18 70 82 26 50 73 18 29 45 63 47 25 19 79 24 24 69 85 82 52 74 82 80 44 4 76 25 48 85 5 68 68 49 31 6 31 52 1 54 92 53 49 78 46 86 92 37 44 2 53 23 52 
20 36 44 69 50 47 47 92 91 47 66 87 10 11 5 96 76 80 5 51 94 97 21 71 42 65 4 98 3 2 35 14 94 57 32 99 65 85 40 11 4 21 76 48 26 47 30 40 22 40 29 59 52 54 46 29 68 42 6 47 54 51 70 7 72 29 25 76 49 1 30 3 69 72 43 37 83 87 85 26 90 39 64 56 61 90 25 80 82 34 57 88 47 68 79 7 20 13 32 18 56 19 52 4 39 77 16 39 27 39 99 74 88 39 56 4 71 60 95 23 87 5 54 25 97 69 73 67 
94 90 27 5 64 59 69 89 39 49 71 64 22 29 37 73 16 39 12 95 13 72 1 61 25 89 79 18 56 2 3 43 26 35 20 76 43 33 48 98 62 67 20 18 81 44 26 68 80 65 73 20 13 8 81 15 86 75 41 43 88 3 89 38 85 48 67 81 48 8 48 16 65 40 7 62 57 35 73 66 27 4 46 57 77 85 85 84 1 71 12 87 47 80 62 39 71 31 91 77 12 44 56 58 61 100 25 82 31 22 43 76 71 87 70 98 21 23 89 25 68 96 9 74 11 37 1 22 
96 100 77 74 59 79 12 41 36 89 69 80 32 35 91 46 57 30 91 16 66 31 35 74 18 79 86 20 87 12 57 7 58 79 79 54 3 35 84 26 82 60 92 79 60 94 54 30 28 1 43 50 29 100 63 26 50 96 11 91 37 75 89 50 27 92 95 1 66 32 54 77 22 51 84 30 55 89 86 70 34 63 79 62 85 44 68 63 80 3 1 96 86 16 62 2 51 74 7 4 32 57 53 83 19 75 28 21 100 86 82 89 23 53 34 47 51 80 3 68 18 50 32 4 72 16 4 98 
8 67 4 33 72 88 80 6 74 46 81 21 68 64 89 60 80 82 96 18 85 21 56 55 32 24 13 66 76 92 7 57 52 56 90 42 5 41 93 54 84 79 43 31 96 30 91 36 83 83 95 82 1 79 92 82 20 77 2 91 91 16 11 35 97 63 30 51 22 69 48 44 85 19 82 46 32 30 74 17 94 55 2 1 80 60 68 78 66 78 69 27 68 64 19 30 15 15 44 89 12 8 91 75 66 79 9 85 34 41 95 55 100 12 74 79 35 83 63 97 76 5 92 56 78 50 84 92 
24 88 74 69 56 46 69 82 70 62 90 22 4 95 31 65 95 55 38 93 81 35 83 79 48 93 94 27 76 63 63 99 46 7 20 93 27 97 44 18 100 13 66 82 75 49 55 97 78 96 61 3 85 75 100 41 49 31 23 84 34 42 57 12 77 27 68 96 26 63 55 88 9 55 34 99 23 43 75 40 91 55 66 7 100 50 32 45 76 86 17 55 28 56 3 50 68 94 6 26 47 25 95 65 32 57 86 59 5 71 99 9 9 19 12 16 76 18 90 14 86 99 49 46 69 99 77 34 
92 83 64 11 78 79 77 58 75 50 54 4 83 56 74 67 15 55 84 55 95 19 82 1 3 16 15 8 82 44 72 69 18 11 74 49 86 62 94 91 3 23 47 6 14 87 77 37 4 27 6 85 38 36 57 47 43 29 73 20 49 48 29 91 33 91 23 1 73 49 67 82 52 4 36 94 18 25 11 21 17 13 80 26 91 56 79 41 74 14 17 24 89 10 28 77 25 44 21 52 51 98 92 34 55 24 6 53 5 30 70 55 61 79 81 40 26 34 90 39 79 9 95 76 12 97 47 55 
85 28 61 15 78 48 13 59 58 54 17 77 68 81 2 33 77 82 14 78 10 98 93 71 98 77 50 70 47 49 2 75 87 63 23 9 62 8 64 9 31 63 29 74 49 31 85 2 95 70 76 72 76 42 61 32 79 39 79 61 72 49 27 92 66 47 28 30 39 26 55 53 67 11 27 85 92 92 8 31 65 23 13 54 79 60 86 44 43 32 60 30 3 33 54 57 35 53 3 82 21 59 32 69 2 54 3 95 93 3 22 77 53 80 83 3 85 16 48 62 99 77 23 93 49 47 71 63 
1 20 58 82 93 38 12 89 48 86 21 17 72 68 8 67 46 8 40 26 37 55 96 79 81 14 95 1 16 29 79 5 63 82 62 33 25 2 10 19 27 79 14 65 89 23 70 72 68 9 12 97 14 65 22 47 16 58 62 13 91 49 59 39 97 47 54 90 29 32 19 26 85 67 62 48 29 22 52 41 87 24 91 44 97 69 31 73 81 98 100 12 8 97 79 42 59 30 56 47 76 21 81 65 87 91 40 65 14 89 60 42 63 19 98 70 66 54 90 20 66 4 63 35 18 87 100 34 
62 69 82 14 92 42 74 23 14 34 72 47 45 36 52 63 47 24 33 63 39 62 95 2 3 1 99 90 62 64 42 22 15 7 25 41 59 88 82 15 94 2 94 53 45 22 90 10 78 62 78 81 64 11 10 97 73 34 93 66 30 19 52 6 56 10 37 77 48 4 59 8 83 47 55 63 34 4 16 12 38 6 51 24 72 32 95 82 22 45 42 82 67 16 25 8 12 83 27 44 82 48 8 46 3 9 99 10 17 34 49 96 88 14 68 9 68 98 51 99 57 76 57 33 44 58 47 51 
23 85 41 33 70 1 4 77 12 26 19 8 39 64 85 85 61 83 73 4 76 46 65 87 14 47 74 25 76 12 93 38 14 30 68 76 83 71 86 34 75 64 56 13 62 6 15 74 18 79 8 97 42 68 4 67 2 5 53 33 23 87 93 4 77 77 7 45 95 15 62 27 57 54 87 60 43 87 97 9 23 12 76 18 85 22 65 90 88 59 22 94 38 32 70 71 23 9 51 58 48 28 93 32 87 84 15 96 99 89 85 16 14 24 32 45 31 67 64 56 6 65 46 30 41 56 41 67 
86 38 96 67 88 11 67 50 74 14 3 75 87 59 15 74 18 23 33 42 73 14 31 16 30 67 30 81 80 19 18 81 18 100 54 49 9 29 33 93 49 34 44 92 35 87 33 95 22 4 11 61 13 30 68 30 90 22 41 1 68 26 29 95 45 26 68 36 65 6 64 100 38 31 11 45 42 55 49 93 98 12 95 97 64 44 99 19 3 4 77 63 7 85 35 70 53 40 64 25 81 50 82 13 12 25 37 62 86 85 15 49 91 84 91 95 69 97 90 98 31 53 46 99 68 74 91 26 
24 45 43 50 94 83 62 34 6 99 24 39 77 99 77 42 91 78 33 22 15 2 49 37 70 87 32 94 53 61 67 67 26 58 64 23 8 84 4 42 23 37 75 63 39 32 33 36 91 62 81 1 18 27 70 10 33 3 78 40 75 29 24 61 71 89 33 47 62 38 68 34 37 58 39 96 91 9 7 73 64 70 65 52 23 100 10 2 88 86 91 28 91 53 20 92 77 19 13 83 74 7 39 91 20 82 59 66 66 71 52 60 61 10 49 14 23 53 6 82 42 71 66 38 38 25 6 8 
88 46 47 32 13 77 60 33 86 73 28 53 77 3 25 29 40 61 91 99 88 42 72 15 22 42 27 9 67 14 3 93 20 90 72 87 6 34 95 75 81 99 33 95 87 45 33 47 8 39 33 42 43 75 6 85 43 10 8 59 19 71 4 73 25 80 96 90 98 62 9 38 79 23 65 97 47 45 49 18 4 89 67 17 22 66 47 92 32 12 58 32 68 63 84 3 91 44 5 32 34 22 24 14 39 17 46 55 54 27 93 43 61 31 3 99 85 18 42 68 14 48 85 80 20 57 10 97 
9 17 68 28 93 99 69 78 13 38 23 73 13 60 13 65 4 10 41 55 15 13 9 25 66 56 80 32 35 80 19 45 52 35 30 25 66 17 90 54 53 53 68 66 59 28 3 73 10 56 8 98 19 69 80 66 14 50 23 38 23 20 33 83 37 21 63 87 35 52 30 84 49 36 77 41 21 94 64 74 60 55 52 53 53 59 42 84 56 18 71 2 69 36 71 5 28 38 70 80 79 22 66 11 81 12 93 99 9 87 29 66 12 68 91 98 87 4 32 86 85 73 83 92 3 74 94 94 
98 95 21 41 51 82 22 87 43 98 5 2 92 16 25 25 74 48 39 61 69 99 25 3 44 48 30 55 52 8 85 30 72 40 19 67 83 90 69 7 11 12 33 35 81 24 26 58 40 28 37 75 89 4 73 53 17 7 72 28 94 14 69 68 6 57 74 96 65 92 27 57 6 1 93 18 16 28 41 34 92 33 32 92 70 71 25 51 66 5 13 16 21 1 6 60 78 72 22 89 76 43 17 79 97 11 25 81 83 67 75 15 95 61 95 72 17 74 25 75 76 68 1 65 7 26 81 41 
5 36 98 38 15 97 4 42 94 75 76 23 25 74 8 54 4 51 97 84 73 7 77 63 55 23 9 92 93 58 41 46 14 27 94 80 65 32 37 97 63 6 50 36 72 55 5 20 88 67 20 68 97 60 46 32 12 59 58 30 61 63 25 72 47 2 12 12 94 68 63 53 60 31 25 86 3 42 7 16 58 28 2 83 21 81 85 44 8 87 91 14 2 38 6 3 49 22 49 39 31 10 9 72 73 34 22 28 7 71 97 41 11 67 13 33 68 84 6 27 61 100 42 31 65 45 99 1 
97 88 12 23 34 85 14 99 68 47 5 95 57 46 66 95 44 57 38 9 80 52 71 17 14 88 45 8 37 46 79 44 3 87 18 94 68 23 34 57 7 10 85 59 12 59 23 85 24 44 82 50 44 33 31 15 45 28 59 52 81 2 6 23 4 30 51 30 12 20 44 25 4 49 14 81 64 25 52 52 18 58 97 26 60 5 18 79 38 2 66 17 99 34 94 64 41 87 82 4 68 36 36 28 84 65 32 40 23 2 34 44 77 29 79 79 29 61 59 27 72 91 75 89 13 24 74 81 
98 38 18 91 62 34 87 20 66 20 51 79 83 36 28 12 87 75 91 63 10 18 36 92 78 33 77 100 75 89 44 40 32 40 48 1 56 20 76 42 40 39 33 93 77 84 38 13 41 54 83 19 1 38 100 3 38 19 17 73 80 87 58 41 44 46 51 19 93 43 23 24 99 40 57 1 30 74 57 84 98 89 34 53 53 99 93 65 48 79 91 85 7 18 78 19 23 38 13 84 22 19 34 54 98 37 22 40 61 76 79 9 17 85 66 79 43 51 33 3 79 62 23 48 82 37 10 86 
96 37 17 29 80 11 38 87 26 8 91 81 34 43 12 16 79 83 98 68 99 99 15 42 25 61 18 2 21 96 71 37 41 21 59 83 7 14 32 21 9 74 78 15 65 20 37 75 62 19 33 85 46 88 93 83 54 2 54 3 51 20 50 11 27 56 27 53 80 4 77 59 85 3 66 8 97 53 74 48 92 91 96 42 59 27 37 61 89 33 57 69 80 89 27 2 3 89 61 100 66 47 63 22 75 50 94 61 47 43 91 68 88 29 40 13 97 19 27 3 1 84 65 48 88 65 47 99 
43 89 60 34 97 8 32 82 40 73 93 35 78 25 22 77 45 88 88 83 40 78 39 2 24 47 60 10 62 31 85 68 63 64 67 22 18 14 60 51 84 29 34 57 13 41 35 96 33 15 81 38 77 59 64 94 83 76 32 48 16 90 33 82 57 57 20 9 89 11 62 59 26 65 74 24 3 44 72 15 85 36 90 100 55 75 47 93 11 3 18 10 14 66 89 59 44 36 86 89 59 34 73 57 27 97 2 34 78 84 67 94 2 22 18 38 94 95 15 85 16 79 72 30 11 12 69 10 
61 76 28 37 14 83 55 3 41 19 40 54 60 37 41 46 24 42 36 15 15 59 20 21 22 5 42 23 97 28 28 25 90 14 69 95 82 40 55 79 85 97 17 12 60 11 86 39 23 97 88 9 85 97 90 71 68 71 97 43 83 50 48 67 50 97 63 86 78 95 41 81 64 97 32 68 49 85 21 66 59 10 83 11 16 18 68 99 56 4 38 80 58 43 17 15 17 32 86 64 48 83 25 43 66 66 12 8 88 50 84 2 59 89 27 7 67 41 8 92 78 3 84 9 80 49 4 11 
87 43 97 12 90 73 3 73 43 87 52 92 5 52 36 45 45 28 47 19 79 6 67 76 55 45 54 86 26 12 72 2 22 88 62 36 45 57 65 4 90 33 60 27 79 28 70 5 27 2 53 71 7 44 45 87 80 48 48 19 16 85 48 39 46 74 1 19 38 14 15 38 11 72 76 32 10 96 65 32 67 24 89 64 91 28 81 53 74 60 10 78 42 7 59 5 95 74 64 99 42 79 31 30 2 59 63 98 51 62 25 89 16 74 42 71 20 25 91 45 2 92 2 20 77 48 66 53 
100 89 67 10 17 65 73 63 86 36 33 27 87 100 1 91 97 66 65 36 65 39 9 11 21 61 97 13 53 45 57 6 60 47 85 92 74 55 9 79 85 42 73 58 34 22 32 100 62 32 39 29 47 74 93 34 91 26 87 98 82 2 93 7 11 3 3 77 53 56 6 95 13 55 31 65 35 99 83 42 72 70 93 87 20 35 54 84 46 99 74 18 66 15 86 80 87 76 5 9 14 97 27 92 44 97 14 40 28 1 53 5 50 1 10 84 24 23 68 35 63 28 68 37 77 57 53 91 
21 86 78 85 62 52 49 2 50 44 53 46 21 78 29 39 85 86 66 90 56 35 1 43 42 36 19 98 14 98 43 79 95 47 89 2 12 77 14 87 35 11 21 36 58 87 44 25 80 15 16 2 81 89 85 94 53 87 83 69 5 54 68 71 26 41 11 59 18 42 90 83 93 88 6 73 46 66 32 48 21 25 82 24 25 64 26 5 64 99 19 70 10 80 87 82 49 29 11 72 47 66 8 18 5 1 63 3 97 96 88 14 2 58 34 93 68 40 8 68 68 76 88 47 83 70 5 55 
78 98 39 26 63 13 23 90 19 62 62 11 25 19 23 100 30 87 75 98 30 39 66 24 90 61 22 36 78 89 30 98 55 86 54 9 15 45 21 96 60 33 52 19 71 71 10 48 27 64 10 26 27 82 100 55 23 24 91 30 85 3 8 78 97 83 12 78 70 99 59 62 4 22 91 11 98 99 19 16 30 3 45 62 39 35 28 9 80 49 9 28 31 21 90 18 13 10 71 59 5 32 31 7 44 89 27 37 47 15 8 51 25 4 66 46 36 43 79 88 76 12 27 32 96 1 80 13 
52 28 32 66 25 75 22 49 94 89 57 44 40 93 100 5 22 69 51 55 23 5 77 99 64 15 9 29 77 42 19 56 10 24 22 12 5 70 51 20 86 84 23 44 5 30 94 53 45 72 3 10 24 60 77 27 3 53 29 16 3 85 84 98 91 97 82 48 22 85 33 88 34 82 76 54 18 27 31 95 40 52 69 94 87 13 70 1 50 94 47 5 26 28 64 51 80 67 15 27 54 49 68 78 78 15 69 37 39 38 61 62 89 19 70 34 67 45 77 15 87 32 92 62 92 26 13 32 
13 71 89 42 40 95 30 66 75 74 99 44 16 81 42 31 8 7 91 23 25 50 89 93 72 10 3 83 33 95 13 3 15 65 53 16 9 94 90 57 39 9 57 83 4 34 71 97 74 28 75 9 11 98 40 44 46 76 16 13 84 3 19 3 94 79 95 98 42 79 46 42 29 59 55 75 16 61 89 32 72 23 90 48 10 54 6 34 95 78 1 28 31 67 46 16 55 51 53 11 100 70 52 84 12 100 61 10 68 61 45 99 65 45 8 58 11 70 18 94 99 9 12 3 94 16 81 2 
12 56 53 15 9 11 61 40 32 71 15 20 34 96 9 60 61 10 25 57 10 98 83 65 58 37 29 32 86 23 36 27 34 73 50 94 95 63 46 100 75 16 91 27 84 93 5 63 69 79 41 89 39 31 47 23 80 80 11 73 73 67 12 70 45 17 88 28 12 56 83 35 33 13 76 98 24 13 99 41 93 96 49 91 67 76 34 57 88 14 22 89 87 13 34 8 80 4 35 8 12 81 25 26 76 16 69 89 26 46 55 36 22 34 92 13 44 3 24 87 91 69 93 70 28 7 28 38 
43 18 19 53 45 52 61 43 68 47 66 62 27 96 99 99 94 74 12 66 35 60 82 45 28 16 44 62 74 93 15 67 46 18 29 61 11 19 75 55 42 54 76 100 56 54 1 3 25 65 2 17 57 61 5 20 77 13 23 32 64 75 76 54 35 97 16 71 2 97 59 27 70 12 70 84 45 81 5 55 51 22 7 44 20 46 36 79 99 24 33 53 69 93 55 57 41 70 40 37 15 63 36 95 4 59 90 17 12 92 52 76 53 4 2 5 44 49 34 53 59 37 62 73 96 21 96 22 
72 5 96 78 36 74 85 56 68 53 64 69 5 29 71 94 69 84 89 38 38 23 70 45 67 3 12 35 47 84 18 21 22 72 5 25 21 52 91 18 38 12 72 35 96 69 11 83 97 59 46 67 67 85 64 82 33 9 13 70 44 100 48 90 16 1 83 69 87 9 34 26 54 43 81 57 99 64 66 76 31 1 7 17 16 20 52 11 100 56 84 57 97 40 22 13 69 89 40 40 3 82 84 54 70 85 60 15 54 49 9 34 24 13 8 10 74 22 40 10 15 12 56 94 78 59 81 46 
92 62 60 17 9 76 85 35 82 99 83 13 86 57 42 73 12 57 35 98 7 2 1 34 13 31 66 22 67 76 19 96 71 56 12 81 55 47 51 34 6 70 49 16 48 46 86 77 43 13 23 56 78 33 47 62 38 7 40 37 23 67 42 34 10 43 39 26 66 33 12 73 73 85 21 35 33 75 93 77 100 9 54 49 82 33 56 95 66 7 93 52 77 72 70 47 63 29 97 76 79 11 14 44 89 46 50 88 36 9 54 74 12 70 8 43 97 51 93 43 53 76 44 25 15 22 86 6 
98 41 100 85 51 17 35 80 7 29 98 92 67 88 19 6 37 7 91 84 88 80 62 22 43 80 24 47 74 82 22 27 82 84 20 40 12 69 98 1 99 36 27 14 94 100 73 27 5 75 30 78 23 15 33 40 33 58 95 26 90 58 2 58 77 43 44 69 48 35 49 6 45 34 68 82 40 83 13 94 84 23 23 20 82 83 96 79 9 2 17 84 68 76 31 2 67 42 51 43 33 54 97 64 10 30 26 75 58 77 2 9 47 25 51 41 38 66 29 92 40 42 20 89 77 66 95 20 
87 79 25 31 1 3 87 7 50 14 84 64 51 36 90 2 43 93 44 72 16 42 87 25 27 17 88 53 40 59 85 90 98 95 15 87 50 60 55 72 53 46 7 6 5 92 74 83 88 22 58 59 84 91 82 44 34 75 77 20 82 76 24 34 76 65 8 95 56 11 58 91 23 2 100 60 64 19 49 67 16 60 37 8 7 91 59 15 85 78 25 73 99 20 56 10 46 34 40 34 27 8 76 56 63 24 7 15 46 62 38 75 100 8 31 32 27 32 47 46 98 5 29 3 31 61 59 4 
31 18 12 64 65 75 78 49 2 60 16 99 68 57 24 11 76 27 46 8 1 73 100 96 89 37 78 70 5 52 90 21 93 39 13 41 83 32 73 76 36 4 15 57 49 4 31 22 16 98 88 32 1 30 74 6 76 64 72 99 54 84 4 5 7 41 89 5 10 93 75 12 80 40 92 73 64 34 3 28 55 28 72 94 28 69 37 15 13 12 14 84 67 1 87 97 61 39 93 27 64 55 45 44 27 48 24 17 34 28 89 37 88 46 73 42 86 90 25 81 75 84 32 74 84 87 58 56 
81 85 29 85 18 81 65 51 5 1 19 11 41 37 34 40 43 3 79 12 29 6 69 7 90 40 75 66 22 15 90 87 97 11 16 36 10 32 64 26 78 32 96 87 41 99 65 40 95 69 98 26 7 70 53 57 52 22 100 18 27 82 46 23 2 44 76 47 37 5 11 19 97 78 18 72 90 18 58 86 58 87 70 32 87 11 2 22 1 88 71 72 43 90 41 84 64 74 89 19 99 19 65 88 17 33 51 51 61 66 73 44 91 64 2 2 5 34 8 56 86 34 19 92 46 33 93 43 
23 86 44 16 99 8 92 67 43 33 16 88 100 42 69 82 77 37 47 66 54 90 3 41 67 89 29 26 67 16 35 72 54 79 15 64 23 60 6 12 39 58 89 52 15 88 2 100 85 19 75 66 59 95 33 29 93 69 49 91 78 40 42 96 48 71 52 98 71 10 43 14 46 10 81 96 69 48 3 51 71 95 49 66 64 67 15 7 41 13 19 1 28 63 83 86 41 20 42 75 49 44 74 28 62 25 29 72 19 22 42 15 37 70 97 85 49 36 33 63 60 1 85 50 55 92 67 92 
13 33 64 33 30 35 92 66 45 7 56 5 65 85 95 47 97 34 99 97 11 78 19 38 12 78 13 3 97 37 61 81 62 27 63 59 59 78 21 15 93 96 79 84 82 69 44 64 77 100 29 14 21 7 35 1 88 72 73 44 49 86 62 58 92 10 53 78 88 27 1 48 68 59 73 42 35 87 28 63 25 100 29 7 20 27 20 34 41 1 65 86 19 61 96 82 41 70 35 26 60 11 91 12 15 5 67 61 99 67 39 68 10 74 68 95 4 19 52 32 11 5 3 82 73 56 30 70 
95 9 91 27 23 85 36 73 57 60 100 36 4 89 97 69 83 16 1 19 19 77 26 61 90 89 48 33 92 100 41 36 55 72 58 18 4 79 39 63 52 26 36 92 42 49 91 66 54 47 72 37 41 71 55 11 45 82 65 54 83 11 42 97 54 99 7 86 37 49 87 78 93 34 83 75 91 12 73 79 68 49 4 92 84 78 69 25 13 38 82 65 79 66 1 13 75 32 3 95 83 98 63 56 31 68 98 75 44 61 39 7 86 15 26 40 72 94 84 55 100 55 73 50 88 45 75 46 
32 83 81 5 30 39 24 7 62 50 87 30 94 42 48 97 59 90 92 71 32 3 29 73 52 51 72 8 40 17 91 68 20 34 86 30 90 26 34 79 48 66 26 33 13 79 68 19 57 21 87 67 96 95 20 72 63 2 46 57 89 61 39 33 7 94 40 12 88 19 27 14 20 36 95 62 90 67 7 93 62 7 15 72 40 64 57 75 20 6 26 78 12 46 60 27 22 48 61 44 47 84 16 63 49 93 2 17 100 83 56 86 36 67 48 62 85 11 17 60 82 56 13 36 12 2 16 20 
4 78 43 76 72 58 64 10 89 94 51 58 55 38 53 57 73 51 98 29 7 100 72 54 92 29 62 97 31 60 80 95 14 77 16 30 55 7 73 32 65 30 16 54 68 58 92 55 58 26 55 37 29 85 88 55 83 93 91 8 45 98 55 29 7 79 64 10 91 74 81 7 98 83 12 75 4 70 24 74 78 70 32 47 63 73 30 30 26 54 25 54 42 65 26 32 11 76 5 28 22 87 98 64 25 25 27 76 60 34 4 44 21 20 100 92 31 34 31 84 5 13 40 65 82 6 26 31 
45 87 94 10 25 80 40 24 63 67 39 54 44 6 64 29 60 12 65 13 30 10 8 30 48 75 65 41 58 53 21 70 53 18 72 28 7 10 50 69 27 1 63 5 47 44 29 16 26 44 65 4 21 79 100 48 20 30 30 77 24 14 69 8 8 45 64 73 8 26 54 79 24 59 42 21 39 20 3 50 41 100 64 6 68 24 81 26 11 62 51 84 49 97 71 21 87 92 7 60 28 9 85 54 24 94 49 52 15 83 44 37 60 54 80 100 29 1 44 80 2 43 48 44 11 44 85 68 
31 85 94 98 94 79 80 88 86 44 33 77 6 11 54 3 60 66 42 48 75 25 78 91 65 26 17 5 55 68 24 4 85 20 56 15 4 10 18 37 26 100 14 45 18 70 80 13 11 1 31 83 58 53 63 15 3 11 5 76 30 64 6 46 40 59 95 55 64 32 15 99 17 82 48 81 48 79 21 21 30 98 69 97 50 90 88 59 9 57 74 87 26 68 20 60 49 39 36 28 97 37 56 66 66 20 84 74 36 15 59 38 57 49 61 28 77 92 42 79 95 86 15 8 61 40 98 26 
19 96 46 96 38 79 11 98 30 19 46 11 19 93 49 10 74 43 33 15 68 100 54 39 7 32 56 74 23 51 23 23 85 98 81 38 69 79 91 50 64 65 10 40 42 21 14 7 48 50 74 7 27 44 86 56 75 32 93 84 20 54 67 71 67 2 14 17 1 41 33 76 18 44 53 91 7 95 85 19 91 89 85 47 45 56 76 9 68 30 49 53 71 5 83 19 59 71 57 6 46 38 38 71 12 3 12 91 23 38 35 26 13 28 92 13 50 94 33 62 76 58 84 70 48 86 77 20 
48 92 82 1 40 27 23 80 94 51 9 54 64 71 86 45 83 30 29 10 89 32 19 25 11 20 52 70 83 9 63 91 13 64 12 2 31 9 13 64 50 14 77 23 46 89 8 26 15 34 77 66 56 18 95 49 29 82 26 43 99 29 9 26 66 31 70 81 45 20 66 84 55 2 27 64 79 98 99 90 62 87 40 72 97 46 42 20 90 81 77 95 78 30 78 42 53 68 37 34 88 82 10 14 69 96 2 29 13 47 58 73 14 16 89 75 49 64 10 36 88 10 28 14 29 10 73 36 
5 31 14 94 59 68 43 57 51 18 96 43 88 41 84 55 58 60 8 62 76 16 13 100 72 16 61 86 53 22 60 44 21 32 82 20 8 56 71 3 29 74 42 44 4 46 46 95 1 1 32 15 70 57 66 60 46 92 36 93 79 30 91 65 58 25 4 23 11 61 90 71 77 49 56 59 76 46 7 38 34 5 39 28 73 42 60 7 15 40 44 48 9 39 5 82 40 83 85 15 67 96 10 29 88 44 6 92 48 53 81 11 93 83 67 38 86 56 66 46 6 43 9 60 76 61 81 68 
28 39 7 79 22 33 92 18 46 61 93 69 64 85 35 60 86 100 16 57 23 86 39 94 38 40 30 59 18 99 68 8 64 38 12 25 57 7 3 55 22 18 85 16 72 91 67 71 78 71 82 13 25 34 23 25 54 32 94 51 42 87 19 64 94 30 20 67 97 38 28 33 37 93 16 64 65 95 28 15 28 13 89 90 21 18 27 65 9 29 4 15 88 72 87 75 82 49 54 92 99 7 54 83 84 52 37 27 11 22 1 3 81 7 51 80 23 63 59 17 61 20 27 51 51 32 36 23 
79 93 64 7 62 10 13 78 63 72 13 71 3 53 81 44 39 75 13 80 79 59 53 75 53 93 82 61 100 29 26 95 89 79 1 9 59 2 26 96 14 6 42 27 73 91 3 94 37 4 21 25 88 40 10 41 9 71 80 49 48 37 48 42 70 62 91 24 82 60 66 35 33 14 32 7 52 37 69 39 54 33 72 86 8 65 77 75 27 70 67 39 79 74 85 52 30 39 75 82 60 13 41 41 89 75 11 61 50 97 52 85 95 73 71 55 97 15 82 71 96 73 69 78 65 33 81 99 
46 77 60 90 57 30 55 74 52 27 19 8 82 99 35 8 88 93 63 28 1 60 97 65 4 88 36 24 24 69 99 49 94 14 26 80 56 47 89 43 48 45 61 72 86 52 85 20 66 64 100 92 78 27 43 26 53 61 73 9 100 65 84 63 79 67 3 30 86 66 24 80 60 12 75 76 13 22 24 38 80 46 93 62 4 85 21 18 47 19 33 87 60 8 35 83 2 34 86 65 30 45 48 57 7 12 44 82 77 24 97 57 76 35 30 77 58 52 34 32 60 58 50 52 83 46 13 4 
31 34 39 27 59 23 57 33 7 82 92 91 85 64 66 7 34 34 66 14 31 18 61 8 93 69 55 5 87 87 76 27 26 40 88 54 25 61 75 46 21 66 65 2 4 74 22 77 98 42 8 48 91 47 45 79 70 37 52 8 48 56 13 88 79 29 92 4 96 46 56 23 19 35 36 68 31 54 18 86 38 63 20 91 49 63 33 97 100 16 53 73 22 33 45 91 97 26 75 28 16 65 54 7 6 19 55 99 63 78 61 98 59 70 99 90 75 89 89 97 42 29 44 11 87 38 48 56 
60 5 66 1 60 71 86 97 63 24 49 62 3 21 64 42 90 91 35 3 65 37 48 80 66 54 73 36 72 76 9 57 34 2 64 79 89 42 87 62 7 97 26 80 37 94 71 30 96 61 41 69 95 47 100 75 88 84 89 84 52 17 100 11 80 24 68 66 74 50 76 100 42 94 43 39 84 79 65 16 65 63 68 14 91 41 97 73 79 87 48 70 60 64 48 34 92 5 63 6 45 10 5 66 46 19 11 91 19 65 44 78 60 63 60 67 89 97 48 74 24 88 54 91 36 52 86 8 
3 45 40 90 33 78 38 12 72 65 85 21 22 98 15 91 83 58 26 89 30 75 17 57 62 87 25 2 10 14 26 74 71 21 74 11 4 15 74 49 65 56 79 21 14 14 99 1 68 51 96 37 16 24 60 62 3 1 20 9 69 43 63 51 31 73 93 99 100 36 10 88 58 14 34 25 63 26 56 90 68 69 3 33 76 27 59 96 58 81 89 49 48 70 10 42 42 32 38 40 13 75 62 5 28 24 91 74 13 54 75 18 44 63 83 26 97 28 10 91 46 24 88 41 33 96 68 34 
1 57 95 55 45 75 69 61 97 75 34 74 40 32 77 98 30 5 57 35 74 65 43 1 42 12 7 48 77 67 49 73 61 89 14 36 34 80 78 90 16 14 84 58 97 94 18 16 94 35 89 59 34 98 65 1 49 96 65 89 62 34 23 39 29 91 31 52 58 100 9 70 23 31 17 31 17 44 34 19 52 46 6 40 100 20 3 84 22 20 54 59 74 85 16 13 25 66 24 47 66 17 96 82 50 26 45 97 89 55 44 71 21 79 80 67 11 18 25 1 100 83 46 15 94 81 29 51 
22 56 96 98 48 45 70 97 56 81 2 23 28 31 65 53 85 97 72 27 60 57 87 90 20 51 7 28 64 96 43 3 87 99 38 22 17 83 18 45 57 50 57 47 6 8 86 57 48 30 7 6 54 23 42 54 18 19 56 94 89 43 91 19 99 48 63 29 78 78 16 44 21 49 41 79 34 68 79 84 3 13 81 72 83 46 38 41 52 50 69 3 49 89 100 32 55 12 24 97 61 35 60 68 13 36 89 84 40 77 6 1 68 52 63 98 38 80 80 86 91 28 40 87 92 62 65 76 
76 8 50 93 7 9 1 53 73 74 66 60 63 20 47 48 17 57 64 43 37 43 10 99 24 100 87 69 43 29 38 10 4 56 3 59 72 13 34 57 84 32 52 14 6 36 53 46 51 95 72 63 100 67 46 5 16 41 21 99 79 24 79 99 39 72 43 2 86 23 66 74 75 33 35 90 17 42 31 56 99 32 86 29 96 76 49 87 97 3 77 82 88 14 70 100 13 33 66 57 42 84 50 1 39 66 59 61 81 100 73 3 23 57 3 76 64 15 8 23 17 58 53 21 39 51 95 91 
14 78 87 42 26 40 67 71 71 3 70 28 10 36 32 88 10 4 62 30 12 21 4 16 12 84 53 35 69 60 14 70 70 57 49 87 99 71 61 62 39 66 44 32 40 66 18 72 67 43 12 79 48 2 51 44 57 56 94 99 66 96 37 47 38 59 57 91 21 90 17 49 36 83 38 31 34 16 58 51 56 91 59 32 100 82 10 47 34 38 83 46 62 73 47 4 95 26 62 8 59 4 61 72 74 65 10 44 78 64 44 99 4 87 100 80 29 13 49 71 37 37 47 92 22 4 66 46 
78 5 69 19 86 93 94 28 6 8 62 62 76 37 3 22 26 34 1 6 75 98 73 29 98 81 74 42 53 18 24 66 89 25 99 66 42 41 38 20 43 97 4 47 91 21 71 2 19 41 45 46 67 94 30 91 49 14 39 32 73 39 75 34 36 95 15 26 5 9 28 33 91 43 55 43 84 84 83 56 52 46 74 76 26 9 39 75 82 35 24 30 33 60 15 53 28 46 36 31 82 62 98 68 27 40 37 53 13 9 87 76 71 30 56 50 13 37 21 91 16 46 6 20 35 85 75 42 
90 85 39 23 92 80 72 91 36 57 40 66 80 55 78 99 97 39 45 92 23 44 52 19 52 15 72 76 82 32 34 91 1 59 88 43 3 34 85 25 24 35 83 4 53 100 6 2 5 20 74 16 58 17 99 23 67 58 62 59 37 10 98 71 21 96 100 60 3 48 97 70 99 65 2 18 71 7 100 7 62 75 54 11 5 38 29 70 82 62 20 24 88 42 51 81 98 31 58 24 21 59 63 97 62 66 18 55 51 58 42 15 90 88 15 24 3 6 29 55 53 48 1 40 2 44 82 54 
1 63 93 27 74 10 100 13 52 85 5 41 82 13 70 43 81 90 64 42 3 8 39 16 31 98 89 88 66 94 95 37 48 60 92 92 21 49 22 69 23 59 67 43 35 72 46 51 20 51 61 52 92 79 66 36 43 84 95 3 87 4 51 68 77 52 32 39 33 53 81 73 48 56 60 65 51 82 14 5 21 41 64 19 56 65 77 73 45 90 38 19 82 58 13 100 30 88 84 45 58 89 37 6 10 99 13 23 37 60 94 87 87 20 38 50 89 4 46 66 97 95 15 49 47 100 13 88 
68 70 13 36 28 70 33 81 43 14 35 2 10 20 52 53 83 95 35 10 40 55 28 51 12 61 53 19 99 93 75 27 100 97 85 72 92 18 84 22 72 52 91 36 18 64 9 23 77 91 3 21 63 27 93 53 38 76 17 39 92 14 9 12 72 72 31 91 22 34 3 64 63 15 10 13 55 46 8 88 99 39 19 60 27 37 82 58 6 25 17 24 45 6 69 61 94 72 43 72 79 8 99 66 20 3 73 5 85 32 76 52 44 60 24 8 17 67 71 4 25 61 5 8 22 99 6 37 
24 60 15 21 84 70 75 73 20 42 78 65 97 18 50 78 37 15 23 67 90 21 31 48 18 61 30 28 87 99 82 3 3 58 66 45 22 15 83 27 41 79 50 59 80 44 23 96 31 60 22 5 33 47 92 40 68 61 41 84 84 11 90 9 63 33 44 60 73 26 27 23 38 92 82 24 85 22 25 40 3 4 31 51 89 100 6 73 89 19 67 14 87 82 8 41 21 9 67 78 1 68 32 35 16 54 31 9 65 92 45 43 41 11 39 60 57 67 40 76 41 93 68 83 95 55 54 23 
33 37 1 42 10 21 11 56 87 21 96 100 62 9 93 82 100 62 90 65 66 9 89 80 26 45 98 40 60 16 82 100 18 59 44 17 24 6 32 30 2 5 42 20 99 84 11 52 44 42 53 72 51 31 3 63 6 58 31 51 72 3 84 57 48 43 68 81 27 63 14 34 27 35 17 77 22 61 55 99 74 55 57 20 67 3 6 54 99 94 14 87 100 32 27 47 54 1 83 32 10 84 72 25 61 46 20 48 88 26 75 61 85 93 14 33 21 68 19 92 72 15 28 56 1 13 84 5 
82 51 18 34 71 37 9 87 91 40 82 15 71 94 67 24 36 89 80 42 39 7 84 4 14 34 32 31 28 34 26 16 91 50 67 28 45 41 22 58 37 73 47 40 47 39 21 14 28 97 50 99 43 84 33 30 78 54 66 92 69 99 7 35 32 61 56 27 67 83 88 80 6 47 4 12 82 70 65 16 55 83 66 15 16 63 87 10 63 24 54 85 73 27 84 76 58 81 9 2 37 92 34 53 80 72 15 85 34 28 44 94 82 64 8 76 59 74 67 75 92 42 76 51 82 8 65 100 
25 55 100 58 16 47 40 21 100 77 33 81 45 15 92 96 70 50 4 80 55 38 59 24 98 63 21 5 26 23 1 30 85 91 80 70 14 92 43 7 69 78 61 61 25 10 82 86 16 60 68 61 82 36 88 8 53 56 10 2 7 84 31 35 46 56 50 95 64 83 32 30 24 5 36 62 77 21 73 60 15 86 89 17 66 42 4 98 19 74 55 4 72 7 73 34 95 79 80 42 2 71 49 11 78 95 29 25 96 94 63 63 7 86 1 56 47 44 63 17 49 63 28 8 91 60 32 43 
32 33 81 30 54 71 39 35 14 43 23 87 11 6 32 14 56 20 27 4 98 74 76 34 65 72 85 49 40 42 10 52 36 58 9 63 88 42 32 14 96 45 74 14 97 68 53 35 46 27 93 21 74 51 33 68 56 49 3 76 99 85 35 94 81 65 78 88 44 95 35 91 31 70 41 25 6 10 25 97 65 66 60 91 37 75 11 48 5 9 43 64 29 17 8 88 65 33 45 73 57 84 82 99 42 9 11 91 91 60 25 35 9 8 37 96 68 35 70 22 100 53 18 48 1 40 21 74 
98 91 87 7 100 66 27 45 61 35 90 31 8 50 67 18 20 15 98 72 56 26 33 56 3 2 61 70 16 75 60 92 29 4 95 67 42 23 74 81 24 36 87 94 92 19 13 59 50 7 91 96 77 90 16 43 5 37 97 20 11 25 32 99 89 87 98 34 50 52 91 20 64 11 45 79 24 97 71 75 38 25 31 75 98 41 45 50 88 90 14 48 31 34 8 31 27 34 22 10 2 26 42 62 75 27 8 27 74 62 25 34 10 9 84 10 97 34 14 87 83 42 77 42 84 1 49 52 
1 -1 -1 1 -1 1 1 1 -1 -1 -1 1 1 1 -1 1 1 1 -1 1 1 -1 1 -1 -1 -1 -1 -1 1 -1 1 1 -1 1 -1 1 1 1 -1 -1 -1 -1 -1 1 1 -1 -1 1 -1 -1 1 1 -1 1 -1 1 1 -1 1 -1 1 -1 1 1 1 1 1 1 1 -1 -1 -1 1 -1 1 1 1 -1 1 -1 1 1 1 -1 1 -1 1 -1 1 1 1 -1 -1 -1 1 1 1 -1 -1 -1 -1 -1 1 -1 -1 -1 -1 -1 1 1 -1 -1 -1 1 1 1 -1 1 1 -1 1 1 -1 -1 -1 1 -1 1 
-1 1 -1 1 -1 1 -1 -1 1 1 1 -1 -1 -1 1 -1 -1 1 -1 -1 -1 1 1 1 -1 1 -1 1 1 1 -1 -1 1 -1 1 -1 -1 1 -1 -1 -1 1 -1 1 1 -1 1 -1 -1 1 -1 -1 1 -1 1 1 1 1 -1 -1 -1 -1 -1 -1 -1 1 -1 -1 -1 1 -1 -1 1 -1 -1 -1 1 1 -1 1 1 1 -1 -1 1 1 -1 -1 -1 1 -1 -1 1 -1 1 1 -1 1 -1 1 -1 -1 1 -1 -1 -1 -1 1 1 1 -1 -1 1 1 -1 1 -1 1 -1 -1 1 1 -1 1 1 -1 1 -1 
-1 -1 1 1 1 -1 1 1 -1 -1 1 1 -1 -1 -1 1 -1 -1 1 1 -1 1 -1 -1 -1 -1 1 -1 1 1 1 -1 1 1 -1 -1 1 -1 -1 -1 -1 1 -1 1 -1 1 1 1 -1 1 -1 -1 -1 -1 1 -1 -1 1 1 -1 -1 -1 -1 1 -1 -1 1 -1 -1 1 1 -1 1 1 -1 1 -1 1 -1 -1 -1 -1 -1 -1 -1 1 1 -1 -1 1 1 1 1 1 1 -1 -1 -1 -1 -1 -1 1 1 1 1 1 -1 -1 -1 -1 -1 -1 1 -1 1 -1 -1 -1 -1 1 -1 1 -1 -1 1 -1 1 1 
1 1 1 1 -1 1 1 -1 1 1 1 1 1 1 -1 -1 -1 -1 -1 1 -1 1 -1 -1 1 1 1 1 1 -1 -1 1 1 1 -1 1 1 -1 1 1 -1 -1 -1 -1 1 1 1 -1 -1 1 -1 -1 -1 -1 1 -1 -1 -1 -1 1 -1 1 -1 -1 1 -1 -1 1 1 1 1 1 -1 1 1 1 -1 -1 1 1 -1 1 1 -1 -1 -1 1 1 -1 -1 1 1 -1 1 -1 1 1 -1 1 -1 -1 1 1 -1 -1 1 1 -1 1 1 1 1 -1 -1 1 -1 1 -1 -1 -1 1 -1 1 -1 1 -1 -1 1 
-1 -1 1 -1 -1 1 -1 -1 1 -1 -1 -1 1 1 -1 1 -1 -1 1 -1 -1 1 -1 1 -1 -1 1 1 1 -1 1 1 -1 -1 -1 -1 1 -1 1 1 -1 1 1 -1 1 1 -1 1 -1 -1 -1 -1 1 1 -1 -1 1 1 -1 1 -1 1 1 1 1 -1 1 1 1 -1 -1 1 -1 -1 -1 -1 -1 1 -1 -1 1 -1 1 1 1 -1 1 -1 -1 -1 -1 1 1 1 1 -1 -1 1 -1 -1 1 -1 -1 -1 1 1 -1 1 1 -1 1 1 1 1 1 -1 -1 -1 -1 1 -1 1 -1 -1 1 1 -1 -1 
1 1 -1 1 1 -1 1 1 -1 1 1 1 -1 -1 1 1 -1 1 -1 1 1 -1 -1 1 -1 -1 -1 1 1 1 1 -1 1 1 1 1 -1 -1 -1 1 -1 1 -1 1 -1 -1 1 -1 1 1 1 1 -1 -1 -1 1 -1 -1 1 1 -1 -1 1 1 1 -1 1 -1 1 -1 1 -1 -1 1 1 -1 -1 -1 1 1 1 1 1 1 -1 1 -1 1 1 1 -1 -1 1 -1 -1 1 1 1 -1 -1 -1 1 -1 -1 -1 1 -1 1 -1 1 -1 1 1 -1 -1 -1 -1 -1 -1 1 1 -1 1 1 -1 1 -1 1 
1 -1 1 1 -1 1 1 -1 -1 1 -1 1 -1 -1 -1 1 1 1 -1 -1 -1 1 -1 1 1 1 -1 -1 -1 1 1 -1 -1 -1 1 -1 1 -1 -1 -1 1 -1 1 1 -1 -1 -1 1 -1 -1 1 1 1 -1 1 1 1 1 -1 1 1 -1 1 1 -1 -1 -1 1 1 1 -1 -1 -1 -1 1 -1 -1 -1 1 1 1 1 1 -1 -1 1 1 1 1 -1 -1 -1 1 1 1 1 1 -1 -1 1 -1 1 -1 1 1 1 1 1 1 -1 1 1 1 1 1 1 1 -1 -1 -1 -1 1 -1 -1 -1 1 1 -1 
1 -1 1 -1 -1 1 -1 1 -1 1 1 -1 1 -1 1 -1 -1 1 -1 -1 1 1 1 1 -1 1 1 1 1 -1 1 1 1 -1 -1 -1 -1 1 1 -1 1 1 -1 -1 1 1 -1 1 -1 1 -1 -1 1 -1 1 1 1 -1 -1 1 1 -1 1 1 -1 1 -1 -1 1 -1 -1 -1 -1 -1 -1 1 1 1 1 -1 -1 -1 -1 -1 -1 1 1 1 1 1 1 -1 1 1 1 -1 1 -1 -1 -1 1 1 1 1 1 1 -1 -1 1 -1 1 1 1 1 -1 -1 -1 1 1 1 1 1 -1 1 -1 -1 -1 1 
-1 1 -1 1 1 -1 -1 -1 -1 1 -1 1 -1 -1 1 1 1 1 -1 -1 -1 -1 -1 1 -1 -1 1 -1 -1 1 -1 1 -1 1 1 1 -1 1 1 1 1 1 -1 1 1 -1 1 -1 1 -1 -1 1 -1 -1 -1 -1 1 -1 -1 1 -1 1 1 1 1 -1 -1 1 -1 1 1 -1 1 -1 -1 -1 -1 -1 -1 -1 1 1 -1 -1 1 -1 -1 1 -1 1 1 1 -1 1 -1 1 -1 -1 1 -1 1 -1 1 -1 1 -1 1 -1 1 1 -1 1 -1 1 -1 1 -1 1 1 1 1 1 1 -1 -1 1 -1 -1 
-1 1 -1 1 -1 1 1 1 1 1 -1 1 -1 -1 -1 -1 1 1 1 -1 -1 -1 1 -1 -1 -1 1 -1 1 1 -1 1 -1 1 1 -1 -1 -1 -1 -1 1 -1 1 -1 1 -1 -1 -1 1 1 -1 1 1 -1 -1 1 -1 -1 1 -1 -1 1 1 -1 1 -1 -1 -1 -1 1 -1 1 -1 -1 1 -1 1 1 -1 1 1 -1 1 1 1 1 -1 1 1 1 1 1 -1 1 1 1 -1 -1 -1 -1 -1 -1 1 -1 1 -1 -1 -1 -1 1 1 1 1 1 1 1 1 1 -1 1 -1 1 1 1 -1 1 1 1 
-1 1 1 1 -1 1 -1 1 -1 -1 -1 -1 -1 1 -1 -1 1 1 1 -1 -1 -1 -1 -1 -1 -1 -1 -1 -1 1 -1 1 1 -1 1 1 1 1 1 1 1 -1 -1 -1 -1 1 1 -1 -1 1 -1 -1 -1 -1 -1 -1 1 -1 1 1 -1 -1 1 1 -1 1 1 1 -1 -1 1 -1 1 -1 -1 -1 1 -1 -1 1 1 -1 -1 -1 1 1 1 1 1 -1 -1 1 -1 -1 1 1 -1 1 -1 -1 -1 1 1 1 1 -1 -1 -1 1 1 -1 -1 1 -1 1 -1 -1 -1 -1 1 1 -1 -1 -1 -1 1 -1 1 
1 -1 1 1 -1 1 1 -1 1 1 -1 1 -1 -1 -1 -1 1 1 -1 1 1 1 -1 1 -1 1 -1 -1 -1 1 1 -1 1 -1 1 1 1 -1 1 1 -1 1 1 1 1 1 -1 -1 -1 -1 1 1 1 -1 1 1 1 1 1 1 -1 -1 1 1 -1 -1 1 -1 -1 -1 1 1 1 -1 1 1 -1 1 1 -1 1 1 1 -1 1 1 -1 1 -1 1 1 1 -1 -1 -1 1 -1 -1 1 1 1 -1 -1 -1 1 -1 -1 1 1 -1 -1 1 -1 1 1 -1 -1 1 1 1 -1 -1 -1 1 -1 1 -1 -1 
1 -1 -1 1 1 -1 -1 1 -1 -1 -1 -1 1 -1 -1 1 1 -1 1 1 -1 -1 -1 1 -1 -1 -1 -1 1 -1 -1 1 1 -1 -1 1 -1 -1 -1 1 1 -1 -1 -1 -1 -1 1 1 -1 -1 1 -1 1 -1 -1 -1 -1 -1 1 1 1 -1 -1 1 1 1 1 -1 1 -1 1 -1 1 1 -1 -1 1 -1 1 1 1 -1 1 -1 1 1 -1 1 1 -1 -1 1 -1 1 1 -1 -1 -1 -1 1 -1 -1 1 1 -1 -1 1 1 -1 -1 1 1 -1 1 1 -1 1 -1 1 1 -1 1 -1 -1 -1 1 1 1 
1 -1 -1 1 1 -1 -1 -1 -1 -1 1 -1 -1 -1 -1 1 1 -1 1 -1 -1 -1 1 1 -1 -1 1 1 1 -1 -1 -1 -1 1 1 -1 -1 -1 -1 1 1 -1 1 -1 -1 -1 -1 1 1 -1 -1 1 -1 -1 -1 -1 1 -1 -1 1 -1 1 -1 -1 1 -1 -1 -1 -1 -1 1 1 1 -1 1 1 1 -1 1 1 1 1 -1 1 1 -1 1 -1 -1 -1 -1 -1 -1 1 1 1 -1 1 -1 1 1 -1 1 -1 -1 -1 -1 -1 -1 -1 1 1 -1 -1 -1 1 -1 -1 -1 1 1 -1 1 -1 1 -1 1 -1 
-1 1 -1 -1 -1 1 -1 1 1 -1 -1 -1 -1 -1 1 1 1 1 1 1 1 -1 -1 1 1 -1 1 -1 1 1 -1 -1 1 -1 -1 1 -1 -1 -1 1 -1 1 1 1 -1 -1 1 1 1 1 -1 -1 -1 1 -1 1 1 -1 -1 -1 -1 -1 -1 1 1 1 1 -1 -1 -1 1 -1 1 1 -1 1 -1 -1 -1 1 -1 -1 1 -1 -1 1 -1 -1 -1 -1 1 1 -1 -1 1 -1 -1 1 1 1 1 -1 1 -1 1 1 1 1 1 -1 -1 -1 -1 1 1 1 1 1 1 1 1 1 1 1 1 1 1 -1 
1 -1 1 -1 1 1 1 -1 1 -1 -1 -1 1 1 1 1 1 1 1 -1 1 1 1 1 -1 -1 -1 -1 -1 1 1 -1 -1 -1 1 -1 1 -1 1 -1 1 -1 1 -1 1 1 1 1 1 1 1 -1 1 1 1 -1 1 1 1 -1 1 1 -1 -1 -1 -1 1 -1 -1 -1 1 1 -1 -1 1 1 1 1 1 -1 1 -1 -1 1 -1 -1 1 -1 1 1 -1 1 1 -1 1 -1 -1 -1 -1 1 -1 -1 1 -1 1 1 1 1 1 -1 -1 1 1 1 1 -1 1 1 1 1 1 -1 -1 -1 -1 1 -1 1 
1 -1 -1 -1 -1 -1 1 -1 1 1 1 1 1 1 1 1 1 -1 1 1 1 -1 -1 1 1 -1 1 -1 -1 1 1 1 1 1 -1 1 1 1 1 -1 -1 1 1 1 1 -1 1 1 -1 -1 -1 1 -1 -1 1 -1 -1 1 -1 1 -1 -1 -1 1 1 1 -1 -1 1 1 1 1 1 -1 -1 -1 -1 1 1 1 1 1 1 1 1 1 -1 1 -1 1 1 -1 1 -1 1 -1 1 1 -1 -1 1 1 1 -1 -1 1 1 1 -1 1 1 -1 -1 -1 1 1 1 1 1 1 1 -1 1 1 -1 1 -1 1 
1 1 -1 -1 -1 1 1 1 1 1 1 1 -1 -1 1 1 -1 1 1 1 -1 -1 1 -1 -1 1 1 1 1 1 -1 1 -1 -1 1 -1 1 -1 -1 -1 1 -1 -1 -1 -1 1 1 1 -1 1 1 1 1 1 1 -1 1 1 1 -1 -1 -1 -1 1 1 -1 -1 -1 -1 1 1 1 -1 -1 -1 -1 1 1 -1 -1 -1 -1 1 -1 1 1 1 1 -1 -1 -1 -1 -1 -1 -1 1 1 -1 1 1 -1 1 -1 -1 -1 1 -1 1 -1 -1 1 1 -1 -1 1 -1 1 1 -1 -1 1 -1 1 1 1 -1 1 -1 
-1 -1 1 -1 1 -1 -1 -1 -1 1 1 -1 1 1 1 1 1 1 1 -1 1 1 1 1 -1 -1 -1 1 1 -1 -1 -1 1 1 -1 1 -1 -1 1 1 1 -1 -1 1 -1 -1 1 1 1 -1 -1 1 -1 1 -1 -1 1 -1 1 1 -1 -1 -1 1 -1 1 1 -1 -1 1 1 -1 -1 1 -1 -1 -1 -1 1 -1 1 1 1 1 1 1 -1 1 1 -1 -1 -1 -1 1 -1 1 -1 1 -1 1 -1 1 1 -1 -1 1 1 -1 -1 1 -1 1 -1 -1 -1 1 1 -1 1 -1 -1 1 -1 -1 -1 -1 -1 -1 
1 -1 1 1 -1 1 -1 -1 -1 -1 -1 1 1 -1 1 -1 1 1 -1 -1 1 1 -1 -1 1 1 1 1 -1 -1 1 1 1 1 -1 1 -1 -1 1 -1 -1 1 -1 -1 -1 1 1 1 -1 1 -1 1 -1 -1 -1 1 1 -1 1 1 -1 1 1 -1 -1 1 1 -1 -1 -1 1 -1 -1 1 -1 -1 -1 -1 1 1 -1 1 -1 1 1 1 -1 -1 -1 -1 -1 1 1 -1 1 1 -1 1 -1 1 -1 -1 -1 1 1 1 1 1 -1 -1 -1 -1 -1 1 -1 -1 -1 -1 1 -1 1 1 1 1 1 1 -1 1 
1 -1 -1 -1 -1 1 -1 1 -1 -1 -1 1 -1 -1 1 1 1 -1 1 1 -1 1 1 -1 -1 1 1 1 -1 1 1 1 -1 1 1 1 -1 -1 -1 1 -1 -1 1 1 1 -1 1 1 -1 -1 1 -1 1 -1 1 -1 1 1 -1 -1 -1 1 1 1 1 -1 1 -1 1 -1 1 -1 -1 -1 -1 -1 1 1 1 -1 1 1 1 -1 1 -1 1 -1 -1 1 -1 -1 -1 -1 -1 -1 -1 1 -1 -1 -1 1 -1 -1 1 1 1 -1 -1 -1 -1 1 1 1 1 -1 1 -1 -1 -1 -1 1 -1 1 1 -1 -1 -1 
-1 1 1 1 1 -1 1 1 -1 -1 -1 1 -1 -1 -1 1 -1 -1 1 1 1 -1 -1 -1 1 1 -1 -1 -1 1 -1 1 1 -1 -1 1 -1 1 -1 -1 1 -1 1 1 1 1 -1 1 -1 -1 1 1 1 1 -1 1 1 -1 -1 -1 1 1 -1 1 -1 -1 -1 -1 -1 1 1 -1 -1 1 1 1 -1 1 1 -1 1 -1 1 1 1 -1 1 1 1 -1 1 -1 1 -1 -1 -1 -1 -1 -1 1 -1 -1 -1 1 -1 1 1 -1 -1 -1 1 1 -1 -1 -1 1 -1 1 1 -1 -1 -1 -1 1 1 -1 -1 -1 
1 1 -1 -1 -1 -1 -1 1 -1 1 -1 -1 -1 1 -1 1 -1 1 1 -1 1 -1 1 -1 1 -1 -1 1 1 -1 -1 1 1 1 -1 1 1 1 1 -1 1 1 -1 -1 -1 -1 -1 -1 1 -1 -1 1 1 1 1 -1 -1 1 1 -1 -1 -1 1 1 1 1 -1 1 -1 -1 -1 -1 1 1 -1 1 -1 1 -1 -1 -1 1 1 1 1 -1 1 -1 -1 -1 -1 1 1 1 -1 1 -1 -1 -1 1 -1 -1 1 -1 -1 -1 1 1 1 1 -1 -1 1 -1 1 1 -1 1 1 1 1 -1 1 1 1 -1 -1 1 
-1 1 -1 -1 1 1 1 1 1 -1 -1 1 1 1 1 1 1 -1 1 -1 -1 -1 -1 1 1 1 1 -1 1 1 1 -1 1 -1 -1 1 1 1 1 -1 -1 -1 -1 -1 -1 -1 -1 1 1 1 1 1 1 -1 1 1 -1 1 1 -1 -1 -1 -1 1 -1 1 -1 1 1 1 1 1 1 1 -1 -1 1 -1 1 -1 1 1 -1 -1 1 1 -1 1 1 -1 -1 -1 -1 1 -1 1 1 -1 -1 1 -1 1 1 -1 1 1 1 1 1 1 1 -1 1 1 1 -1 1 -1 -1 1 -1 -1 1 1 1 -1 -1 1 
-1 -1 -1 1 -1 -1 1 -1 -1 -1 -1 -1 -1 -1 1 -1 1 -1 -1 1 -1 1 1 1 -1 -1 1 1 1 -1 1 -1 1 -1 1 1 -1 1 -1 1 -1 -1 -1 1 1 -1 1 -1 1 -1 -1 -1 -1 -1 -1 -1 -1 -1 -1 1 1 1 -1 -1 1 -1 1 -1 1 1 1 1 1 -1 -1 -1 1 -1 -1 -1 1 1 -1 -1 1 1 1 1 -1 1 1 -1 1 -1 -1 -1 -1 -1 1 -1 1 1 -1 -1 1 1 -1 1 -1 -1 -1 1 -1 1 -1 -1 -1 -1 1 1 1 1 -1 1 1 -1 -1 -1 
-1 1 -1 1 -1 -1 1 1 -1 -1 -1 1 -1 -1 -1 -1 -1 1 -1 1 1 1 -1 1 -1 1 1 1 -1 1 1 -1 1 1 -1 1 1 1 -1 1 1 -1 -1 1 -1 -1 1 -1 1 -1 -1 1 -1 1 -1 -1 1 -1 -1 -1 1 1 -1 1 -1 1 -1 -1 1 -1 1 -1 1 1 1 -1 1 1 -1 1 -1 -1 1 -1 -1 -1 -1 -1 1 -1 -1 1 1 1 -1 -1 -1 -1 1 1 1 1 -1 -1 1 -1 -1 -1 -1 1 -1 -1 1 1 -1 -1 -1 1 1 -1 -1 -1 -1 -1 1 1 1 1 
-1 -1 1 1 1 -1 -1 1 1 1 -1 -1 -1 1 1 -1 1 1 -1 1 1 -1 -1 1 1 1 1 1 -1 -1 1 1 1 -1 -1 -1 -1 -1 1 -1 1 -1 1 1 1 -1 1 1 -1 1 1 1 -1 -1 -1 1 1 -1 1 -1 1 1 1 -1 -1 -1 1 -1 -1 1 -1 -1 -1 -1 -1 -1 -1 1 1 1 -1 1 1 -1 -1 1 -1 1 -1 -1 -1 -1 1 1 -1 -1 -1 -1 1 1 -1 -1 -1 1 -1 -1 1 1 1 -1 -1 1 1 1 1 -1 1 1 1 1 1 1 -1 1 1 1 1 -1 
-1 1 -1 1 1 1 -1 1 -1 -1 -1 -1 -1 1 -1 -1 -1 1 1 1 1 -1 1 -1 1 1 1 -1 -1 -1 -1 1 1 -1 -1 -1 1 1 -1 -1 -1 -1 1 1 1 1 -1 -1 1 1 -1 1 1 1 1 1 -1 -1 -1 1 -1 1 1 -1 -1 1 1 1 -1 1 -1 1 -1 -1 1 1 1 1 1 1 1 -1 -1 1 1 1 1 -1 1 1 1 1 -1 1 -1 -1 1 -1 -1 -1 1 -1 1 1 -1 -1 1 -1 -1 1 -1 -1 -1 1 1 1 -1 -1 -1 -1 1 1 -1 1 -1 -1 -1 1 
1 1 1 1 1 1 -1 1 -1 1 -1 -1 1 1 1 -1 -1 1 1 -1 -1 -1 1 1 1 -1 -1 -1 1 -1 1 1 1 1 -1 1 -1 1 1 1 1 1 1 1 1 -1 -1 1 -1 -1 1 1 -1 1 -1 1 1 1 -1 1 1 -1 -1 1 1 1 1 -1 -1 -1 1 1 -1 1 -1 -1 1 1 1 -1 1 -1 1 -1 1 -1 1 1 1 -1 -1 -1 -1 -1 -1 1 1 1 -1 1 1 1 -1 1 -1 -1 -1 -1 -1 -1 1 -1 -1 1 1 -1 -1 -1 1 -1 1 -1 -1 1 -1 -1 -1 -1 
-1 1 1 -1 -1 1 1 -1 1 1 1 1 -1 -1 1 1 1 1 -1 -1 1 1 -1 1 -1 1 -1 -1 -1 1 1 1 1 1 -1 -1 1 -1 -1 -1 1 -1 -1 1 1 1 1 -1 -1 1 -1 -1 -1 1 -1 -1 1 1 1 -1 1 1 -1 -1 1 -1 1 1 1 -1 -1 1 1 1 -1 -1 -1 -1 -1 -1 1 1 -1 1 -1 -1 -1 1 1 -1 -1 -1 -1 -1 -1 1 1 1 -1 -1 1 -1 -1 1 -1 -1 1 -1 1 -1 1 -1 -1 -1 1 -1 1 1 -1 1 1 1 1 1 -1 1 -1 -1 
1 -1 1 -1 1 1 1 1 -1 -1 -1 1 -1 -1 -1 1 1 -1 -1 1 1 -1 -1 1 1 1 1 -1 1 1 1 1 -1 -1 -1 1 1 1 1 -1 -1 -1 -1 -1 1 -1 -1 1 1 -1 -1 1 1 1 1 1 1 -1 1 1 -1 1 -1 1 1 -1 -1 -1 -1 1 1 1 1 -1 -1 -1 1 1 1 1 -1 -1 -1 1 1 1 -1 -1 1 -1 -1 1 1 1 1 -1 -1 -1 -1 -1 1 -1 -1 1 -1 -1 1 -1 -1 1 1 -1 1 -1 1 -1 1 1 -1 1 1 1 1 1 1 1 -1 -1 
1 -1 -1 1 1 -1 -1 1 1 1 1 -1 1 -1 -1 -1 1 1 -1 1 1 1 1 -1 -1 -1 1 1 1 1 1 1 1 -1 1 -1 1 1 1 1 -1 -1 -1 1 -1 -1 -1 -1 1 1 -1 1 1 -1 1 1 -1 -1 -1 -1 -1 -1 1 -1 -1 1 1 -1 -1 -1 -1 1 -1 1 1 1 1 -1 -1 -1 1 1 1 -1 1 -1 1 -1 -1 1 1 -1 -1 1 -1 -1 -1 1 1 -1 1 1 -1 1 -1 1 1 -1 1 -1 -1 -1 -1 1 1 -1 -1 -1 1 1 -1 1 -1 -1 1 1 1 1 
-1 1 1 1 -1 1 -1 1 -1 -1 1 1 1 -1 1 -1 1 -1 1 1 -1 1 1 1 1 1 1 1 1 1 -1 1 1 1 1 1 1 -1 1 1 -1 -1 1 1 1 1 -1 -1 -1 1 1 -1 1 1 1 -1 -1 -1 -1 1 -1 -1 1 1 1 -1 -1 1 1 -1 -1 1 1 1 1 -1 -1 1 -1 -1 1 -1 1 -1 1 1 1 1 1 1 -1 1 1 1 -1 1 -1 -1 -1 -1 1 1 -1 1 -1 -1 1 1 1 -1 1 -1 1 1 -1 1 1 1 1 1 -1 1 1 1 1 1 -1 -1 
1 -1 1 1 -1 1 -1 -1 1 1 -1 -1 -1 1 -1 -1 1 -1 1 1 1 -1 1 -1 -1 1 -1 -1 1 1 -1 -1 1 -1 1 1 -1 1 1 1 1 1 -1 -1 -1 1 1 1 -1 -1 -1 -1 -1 1 1 -1 1 1 1 1 -1 1 1 1 -1 -1 -1 1 1 -1 1 1 -1 -1 -1 -1 1 1 1 -1 -1 1 -1 1 1 -1 -1 -1 -1 1 -1 1 1 -1 -1 1 -1 -1 -1 -1 1 1 1 1 1 -1 -1 1 -1 -1 1 -1 -1 -1 1 -1 -1 1 1 1 -1 1 -1 -1 1 1 1 -1 
-1 1 -1 -1 -1 1 1 -1 1 1 1 1 -1 1 -1 1 -1 1 -1 -1 1 -1 -1 -1 1 -1 -1 -1 -1 -1 -1 1 1 1 -1 -1 -1 -1 -1 -1 1 1 -1 -1 1 -1 -1 -1 1 1 1 1 1 1 1 -1 1 1 1 1 -1 -1 -1 1 -1 1 -1 1 1 1 1 1 1 -1 1 1 1 -1 1 -1 -1 -1 1 1 -1 -1 1 -1 1 1 -1 -1 -1 -1 1 -1 -1 1 -1 -1 1 1 1 1 -1 1 1 -1 1 1 -1 -1 1 1 -1 1 -1 -1 -1 -1 -1 -1 1 -1 -1 1 -1 1 
1 -1 -1 1 -1 1 -1 -1 1 -1 1 1 1 -1 1 -1 1 -1 1 1 1 1 1 1 1 1 -1 -1 1 -1 1 -1 1 1 -1 1 1 -1 -1 1 -1 1 1 1 1 1 1 -1 -1 1 1 -1 -1 1 1 1 1 -1 1 1 -1 -1 -1 1 1 1 -1 1 -1 1 -1 1 1 -1 -1 -1 -1 -1 1 -1 1 1 1 -1 1 1 -1 -1 -1 1 1 1 1 1 -1 1 1 1 1 -1 1 1 1 -1 1 1 1 -1 -1 -1 -1 -1 -1 1 -1 1 -1 -1 -1 -1 1 -1 -1 -1 1 -1 -1 -1 
1 -1 1 1 1 -1 1 -1 -1 -1 1 1 -1 -1 -1 1 1 1 -1 -1 -1 -1 1 1 -1 1 -1 1 -1 1 1 1 1 -1 -1 1 -1 1 -1 -1 -1 -1 1 1 -1 -1 -1 -1 -1 -1 1 -1 1 -1 -1 -1 -1 1 -1 -1 -1 -1 1 -1 -1 1 -1 1 -1 -1 -1 -1 1 -1 -1 -1 1 -1 -1 -1 1 1 1 -1 1 -1 -1 1 1 -1 -1 1 -1 -1 1 1 -1 1 1 -1 1 -1 -1 -1 -1 -1 1 -1 1 1 -1 -1 -1 -1 1 -1 -1 -1 -1 -1 -1 -1 1 1 -1 -1 -1 -1 
1 1 -1 -1 -1 -1 -1 1 1 -1 1 -1 -1 -1 -1 -1 1 -1 -1 -1 -1 1 1 1 1 1 -1 1 1 -1 1 1 -1 1 -1 -1 1 -1 1 1 -1 -1 1 1 -1 -1 1 -1 1 1 1 -1 1 -1 -1 -1 -1 1 1 1 -1 -1 -1 1 1 1 -1 1 1 1 -1 -1 -1 1 -1 -1 -1 1 1 -1 1 1 -1 -1 1 -1 1 -1 -1 1 1 -1 -1 1 1 -1 -1 -1 -1 -1 1 1 1 -1 -1 1 -1 -1 1 1 -1 -1 1 -1 1 1 -1 1 -1 1 -1 -1 -1 1 1 1 -1 -1 
-1 -1 -1 1 1 -1 -1 1 1 -1 1 1 -1 -1 -1 1 1 -1 1 1 -1 -1 1 1 -1 -1 1 -1 1 -1 1 1 1 1 -1 -1 -1 1 1 1 -1 1 1 1 1 -1 -1 1 -1 1 1 -1 -1 -1 1 -1 -1 1 -1 1 -1 -1 1 1 1 1 1 -1 1 -1 -1 -1 1 -1 1 1 -1 1 -1 -1 1 -1 -1 1 -1 1 1 1 -1 1 1 1 1 1 -1 -1 -1 -1 -1 1 1 -1 1 -1 1 -1 1 1 -1 -1 -1 1 -1 -1 -1 -1 -1 1 -1 1 -1 -1 -1 1 1 1 -1 -1 
-1 -1 -1 1 1 1 -1 -1 1 -1 1 1 1 1 1 -1 -1 -1 1 -1 1 -1 -1 -1 1 1 -1 -1 1 -1 -1 1 1 1 -1 1 -1 1 1 -1 1 1 -1 -1 -1 1 -1 -1 -1 -1 1 -1 -1 -1 1 1 -1 -1 1 1 1 1 1 1 -1 1 1 -1 -1 1 1 -1 1 1 -1 1 -1 -1 -1 -1 -1 -1 -1 1 1 -1 1 1 -1 1 1 1 1 -1 1 -1 -1 -1 1 -1 1 1 -1 -1 1 1 1 -1 -1 1 1 -1 1 1 -1 1 1 1 1 -1 -1 1 1 -1 -1 -1 -1 -1 
-1 -1 -1 -1 -1 -1 1 1 1 1 1 -1 1 1 -1 1 -1 1 1 -1 -1 1 1 -1 -1 1 1 -1 1 1 -1 -1 -1 1 1 -1 -1 -1 -1 1 1 1 -1 1 1 1 -1 -1 1 1 -1 1 1 -1 -1 -1 1 1 -1 -1 -1 -1 -1 -1 1 -1 -1 1 -1 1 1 -1 1 1 1 1 -1 1 1 1 -1 -1 1 1 1 -1 1 -1 1 1 1 -1 1 1 -1 -1 1 -1 1 1 1 1 -1 1 -1 1 -1 1 -1 1 1 -1 1 1 1 -1 -1 -1 1 1 -1 -1 1 -1 -1 1 -1 -1 
-1 1 1 -1 1 1 -1 1 1 -1 -1 1 -1 -1 1 -1 1 -1 -1 1 -1 -1 1 -1 -1 -1 -1 -1 1 -1 -1 -1 -1 1 1 1 -1 -1 1 1 1 -1 1 1 -1 -1 -1 1 1 1 -1 1 1 1 -1 -1 1 -1 1 -1 1 1 1 -1 1 -1 1 1 1 1 1 -1 1 -1 -1 -1 1 -1 -1 1 1 -1 -1 -1 -1 -1 1 1 -1 -1 1 1 1 1 -1 -1 -1 1 -1 1 -1 -1 1 -1 -1 1 -1 1 -1 -1 -1 1 1 1 -1 1 1 1 1 1 -1 1 1 -1 -1 1 -1 1 
-1 -1 -1 -1 1 -1 1 -1 -1 1 -1 1 -1 1 1 1 1 -1 -1 -1 1 1 -1 -1 -1 -1 1 1 1 -1 -1 -1 1 -1 -1 1 1 1 1 -1 -1 1 1 1 -1 1 -1 1 -1 1 -1 -1 -1 1 1 1 -1 -1 1 1 1 -1 1 -1 -1 -1 -1 1 -1 -1 1 -1 1 1 -1 -1 -1 1 -1 1 -1 -1 -1 -1 -1 1 1 1 1 -1 1 -1 -1 -1 1 -1 1 -1 -1 1 -1 -1 -1 -1 -1 -1 1 -1 1 1 -1 1 1 -1 1 1 -1 1 1 1 1 1 -1 -1 1 -1 -1 -1 
1 1 1 -1 -1 1 1 -1 1 -1 -1 1 -1 -1 1 -1 1 -1 1 -1 1 1 -1 -1 1 1 1 1 1 1 -1 1 1 -1 -1 1 1 1 1 -1 1 1 1 1 1 1 -1 -1 1 1 1 -1 -1 -1 -1 1 -1 1 1 1 -1 -1 1 -1 -1 -1 1 -1 1 1 1 1 1 1 -1 -1 1 1 1 1 -1 -1 1 -1 -1 1 -1 1 1 1 -1 1 -1 1 -1 -1 -1 -1 -1 1 1 -1 -1 -1 1 1 -1 -1 -1 -1 -1 1 -1 -1 -1 -1 -1 1 1 1 -1 1 1 -1 1 -1 1 -1 
1 1 -1 1 1 -1 -1 1 1 1 -1 1 -1 -1 -1 1 1 -1 -1 -1 1 1 -1 -1 1 -1 1 1 1 1 1 -1 1 -1 1 1 -1 -1 1 -1 1 -1 -1 1 -1 1 1 -1 -1 1 -1 -1 1 -1 -1 1 1 1 1 1 -1 -1 -1 1 -1 1 -1 1 1 -1 -1 1 1 1 1 -1 -1 -1 -1 1 -1 1 1 1 -1 -1 1 1 1 -1 -1 -1 1 -1 1 1 1 1 1 1 -1 1 1 1 -1 -1 1 1 -1 -1 1 -1 1 -1 -1 1 1 1 1 -1 -1 1 -1 -1 -1 1 -1 1 
-1 -1 1 1 1 -1 -1 1 -1 -1 1 1 -1 -1 -1 1 -1 1 -1 1 -1 1 -1 -1 -1 -1 -1 1 -1 1 -1 -1 1 1 -1 1 -1 -1 -1 1 1 -1 1 1 1 1 -1 -1 1 -1 -1 -1 -1 -1 -1 -1 -1 1 -1 -1 -1 1 1 -1 -1 -1 1 1 1 -1 1 -1 1 1 -1 -1 1 -1 -1 1 1 1 1 1 -1 -1 -1 -1 -1 1 -1 -1 1 -1 -1 -1 -1 1 1 -1 1 -1 1 1 1 -1 1 -1 1 1 -1 1 1 1 1 1 -1 -1 -1 -1 1 -1 -1 1 -1 -1 1 1 
-1 1 1 1 -1 1 -1 -1 1 -1 1 -1 1 -1 1 1 1 1 1 1 1 -1 -1 -1 1 1 1 -1 -1 1 -1 -1 -1 1 -1 1 -1 1 -1 -1 -1 -1 -1 -1 1 -1 1 1 -1 1 1 -1 -1 -1 -1 -1 1 -1 -1 -1 1 1 -1 1 1 1 1 1 -1 -1 1 1 -1 1 -1 -1 1 1 1 1 -1 1 -1 1 -1 1 -1 -1 -1 -1 -1 -1 -1 1 -1 1 -1 1 1 -1 1 1 1 1 -1 1 -1 1 -1 1 1 1 -1 1 1 -1 -1 -1 1 -1 -1 -1 1 1 1 1 -1 1 
1 -1 1 -1 1 -1 1 1 -1 -1 -1 -1 1 1 1 1 1 1 1 1 1 1 -1 1 -1 -1 1 -1 1 -1 1 -1 -1 1 -1 -1 -1 -1 1 -1 -1 1 1 -1 -1 -1 1 1 -1 -1 -1 1 -1 1 -1 1 1 -1 1 -1 -1 -1 -1 1 -1 -1 -1 1 1 -1 1 -1 -1 -1 -1 -1 1 -1 1 1 -1 1 1 -1 1 1 1 1 1 -1 -1 -1 -1 1 1 1 1 1 -1 1 1 1 1 -1 -1 1 -1 -1 -1 -1 1 -1 -1 1 -1 -1 1 1 -1 1 1 -1 -1 -1 -1 -1 -1 1 
-1 -1 -1 -1 -1 1 -1 -1 1 1 -1 -1 -1 1 1 1 -1 -1 1 -1 -1 -1 1 1 1 1 -1 1 -1 -1 1 1 -1 -1 1 -1 -1 1 -1 -1 1 1 -1 1 -1 1 -1 -1 1 1 -1 1 1 -1 1 1 -1 1 -1 1 1 -1 -1 -1 1 1 -1 -1 -1 1 1 1 -1 1 1 -1 1 -1 -1 1 1 -1 1 -1 1 -1 -1 1 1 -1 -1 -1 1 1 -1 1 -1 -1 -1 -1 -1 -1 -1 1 1 1 -1 1 -1 -1 1 -1 1 -1 -1 -1 1 -1 -1 -1 -1 -1 -1 -1 1 -1 1 1 
-1 1 1 1 -1 1 -1 1 -1 1 1 -1 -1 -1 1 1 -1 1 -1 1 -1 -1 -1 1 -1 -1 1 1 -1 1 -1 1 1 -1 1 1 -1 1 1 -1 1 1 1 1 1 -1 1 -1 1 -1 1 1 1 -1 1 -1 -1 -1 -1 -1 1 -1 1 1 -1 -1 -1 -1 -1 -1 1 1 -1 -1 1 1 -1 -1 -1 -1 -1 -1 -1 -1 1 -1 -1 -1 -1 1 -1 -1 1 -1 -1 1 1 -1 1 1 1 1 -1 1 -1 -1 -1 1 1 -1 -1 -1 1 1 -1 1 1 1 1 1 1 -1 -1 -1 1 -1 1 -1 
1 -1 -1 -1 -1 1 1 -1 -1 -1 -1 1 1 -1 -1 1 -1 1 -1 -1 1 1 -1 1 -1 -1 1 -1 1 -1 -1 -1 1 -1 1 1 1 1 1 1 -1 -1 -1 1 -1 -1 1 -1 -1 1 -1 1 1 -1 -1 1 1 1 1 -1 -1 1 1 -1 1 1 -1 -1 -1 -1 -1 -1 -1 -1 -1 1 1 1 -1 1 -1 1 -1 -1 -1 1 -1 1 1 -1 1 -1 -1 -1 -1 -1 -1 1 1 1 1 1 1 -1 1 1 -1 -1 1 1 -1 1 1 -1 -1 -1 1 -1 -1 -1 -1 -1 -1 1 -1 -1 1 1 
1 -1 -1 -1 -1 1 1 -1 1 1 -1 1 -1 1 -1 -1 1 1 1 1 -1 1 1 1 -1 1 1 1 1 -1 1 1 -1 -1 1 -1 -1 -1 -1 -1 1 1 -1 -1 -1 -1 -1 1 1 1 1 -1 -1 -1 1 -1 1 -1 1 -1 1 -1 1 -1 1 1 1 -1 1 -1 1 1 -1 -1 -1 1 1 1 1 1 -1 -1 -1 1 1 -1 -1 -1 -1 1 -1 1 1 1 1 -1 1 -1 -1 1 1 1 1 1 1 1 -1 1 1 1 1 -1 -1 -1 1 -1 1 -1 1 1 1 -1 -1 1 -1 1 -1 1 
-1 1 -1 -1 1 -1 1 1 -1 1 -1 1 1 -1 -1 1 -1 1 -1 -1 1 1 1 1 -1 -1 -1 1 -1 -1 1 1 1 -1 1 -1 1 1 -1 -1 1 1 -1 -1 1 -1 -1 -1 1 1 1 -1 1 1 -1 1 1 1 -1 -1 -1 -1 1 -1 -1 -1 1 1 -1 -1 -1 1 1 -1 -1 1 -1 -1 -1 -1 -1 1 1 1 1 1 1 1 1 1 -1 1 1 1 -1 -1 1 -1 1 1 1 -1 1 1 1 -1 -1 -1 -1 -1 1 -1 -1 -1 1 1 1 1 1 -1 -1 -1 -1 1 -1 1 -1 1 
1 -1 -1 -1 1 -1 -1 -1 -1 -1 -1 -1 -1 -1 1 1 -1 1 1 -1 -1 1 1 -1 -1 1 -1 1 1 1 1 -1 1 1 1 1 -1 -1 -1 -1 -1 1 1 -1 -1 -1 -1 1 -1 -1 -1 -1 1 1 -1 -1 -1 -1 1 -1 1 1 1 1 1 -1 -1 -1 1 1 -1 -1 1 1 1 1 1 -1 1 -1 1 -1 -1 1 1 -1 -1 1 -1 1 1 1 -1 1 1 1 -1 -1 1 1 1 -1 -1 -1 1 1 1 1 1 1 -1 -1 -1 1 1 1 1 1 -1 -1 1 1 -1 1 1 1 1 1 
-1 1 1 1 -1 -1 1 1 -1 -1 -1 1 -1 -1 -1 1 1 1 -1 -1 1 -1 1 1 -1 -1 -1 1 -1 -1 1 1 1 1 1 1 -1 -1 1 1 -1 -1 1 -1 -1 -1 -1 -1 1 1 -1 1 -1 -1 -1 -1 -1 1 1 -1 -1 1 -1 -1 1 -1 -1 1 -1 -1 -1 1 1 1 1 1 1 -1 1 1 1 1 -1 1 -1 -1 -1 1 1 -1 -1 1 -1 -1 1 -1 1 1 1 -1 1 1 -1 1 -1 -1 -1 -1 1 -1 -1 1 -1 -1 1 1 1 1 -1 -1 1 1 -1 -1 -1 1 -1 1 
1 1 -1 -1 -1 1 1 1 -1 1 -1 1 -1 -1 1 -1 -1 -1 -1 1 -1 1 -1 1 -1 -1 1 1 1 -1 1 1 -1 -1 -1 1 -1 -1 -1 1 -1 -1 1 1 1 -1 -1 1 1 -1 1 -1 1 -1 -1 -1 -1 -1 -1 1 1 1 1 1 1 1 1 1 -1 -1 -1 -1 1 1 1 -1 1 -1 1 -1 1 1 1 -1 -1 -1 1 1 -1 -1 -1 -1 -1 -1 -1 -1 -1 -1 -1 1 -1 1 -1 -1 1 1 -1 1 -1 1 -1 -1 -1 1 -1 1 1 1 1 1 -1 1 -1 1 1 -1 1 -1 
1 1 -1 -1 1 -1 1 1 1 -1 1 1 -1 1 1 1 -1 1 1 1 1 1 -1 -1 -1 1 1 -1 1 1 1 -1 -1 1 1 1 -1 -1 -1 -1 1 1 -1 -1 1 -1 1 1 -1 -1 1 1 1 -1 -1 -1 1 1 1 -1 -1 -1 -1 -1 1 -1 1 -1 1 1 -1 -1 -1 -1 1 -1 1 -1 1 1 -1 -1 -1 1 1 1 1 1 -1 -1 -1 1 -1 1 1 1 -1 1 1 -1 -1 1 1 -1 1 -1 -1 1 -1 -1 1 -1 1 -1 -1 -1 -1 -1 1 -1 -1 -1 -1 -1 1 1 -1 -1 
-1 1 1 -1 1 -1 1 -1 -1 -1 -1 1 -1 -1 -1 1 1 1 -1 -1 1 -1 1 1 -1 -1 -1 -1 1 1 -1 -1 -1 1 1 -1 1 1 1 -1 1 -1 -1 1 1 1 -1 -1 1 -1 1 -1 1 -1 1 -1 1 1 1 -1 1 1 1 1 -1 -1 -1 1 -1 -1 1 -1 1 1 1 -1 1 -1 -1 1 -1 1 -1 -1 1 -1 1 1 -1 1 1 1 -1 -1 1 -1 1 -1 1 -1 1 1 -1 -1 1 1 -1 -1 1 1 -1 -1 -1 1 1 1 1 -1 -1 1 1 -1 -1 1 -1 1 1 -1 
1 -1 1 -1 -1 1 -1 -1 -1 1 1 1 1 -1 -1 1 -1 1 1 1 -1 -1 1 1 -1 -1 1 -1 -1 1 1 -1 -1 1 1 1 -1 1 -1 1 -1 1 1 1 1 -1 -1 1 -1 -1 1 1 -1 1 1 -1 1 1 -1 -1 1 -1 -1 -1 1 1 1 -1 -1 1 1 1 -1 1 -1 1 -1 -1 -1 1 1 -1 1 1 1 -1 1 1 1 -1 1 -1 1 1 1 -1 1 1 1 -1 1 1 1 1 -1 -1 -1 1 -1 1 1 -1 -1 -1 -1 1 1 -1 1 -1 -1 -1 -1 1 -1 -1 -1 1 
-1 -1 -1 1 1 1 1 1 1 -1 1 1 1 1 -1 -1 1 -1 1 1 -1 -1 -1 -1 1 -1 -1 1 1 -1 1 -1 1 1 1 1 -1 1 1 1 -1 -1 1 1 1 -1 -1 -1 1 -1 -1 -1 -1 -1 -1 1 -1 -1 -1 1 1 -1 -1 1 1 1 -1 -1 -1 1 -1 1 -1 1 1 -1 1 -1 -1 1 -1 -1 1 1 1 1 1 1 1 1 1 1 -1 1 -1 1 -1 1 1 1 -1 1 1 1 1 -1 1 1 1 1 -1 1 1 -1 1 -1 -1 1 -1 -1 1 -1 -1 -1 1 1 -1 -1 
1 -1 -1 -1 -1 -1 1 1 -1 -1 -1 -1 1 -1 -1 1 -1 -1 -1 -1 -1 1 -1 -1 1 1 1 -1 1 1 -1 -1 -1 -1 -1 -1 -1 -1 -1 1 -1 1 1 -1 -1 -1 1 -1 1 1 -1 1 -1 1 -1 1 -1 1 1 1 1 1 1 -1 1 1 1 -1 -1 1 -1 -1 1 -1 -1 -1 1 1 1 -1 1 -1 1 -1 -1 -1 1 -1 -1 1 1 -1 -1 1 1 1 -1 -1 -1 -1 1 1 1 -1 -1 1 -1 -1 -1 -1 -1 1 -1 1 1 -1 1 -1 -1 1 -1 1 -1 -1 1 -1 -1 1 
-1 -1 -1 1 1 -1 -1 -1 1 1 -1 -1 -1 1 -1 1 -1 -1 -1 1 1 1 -1 -1 1 1 1 1 -1 1 1 -1 -1 1 -1 -1 -1 -1 -1 1 -1 1 -1 -1 -1 1 1 -1 -1 -1 1 -1 -1 1 1 1 -1 1 -1 -1 1 1 -1 1 1 1 1 1 1 1 -1 -1 1 1 -1 -1 1 -1 1 1 1 -1 1 -1 1 1 1 -1 1 1 1 -1 -1 1 -1 1 1 -1 1 -1 1 -1 1 -1 1 1 1 -1 -1 1 1 1 1 1 -1 1 1 -1 1 1 -1 -1 -1 1 1 -1 -1 1 
1 -1 -1 -1 1 1 1 1 1 1 1 1 -1 -1 -1 -1 -1 -1 -1 1 1 -1 1 -1 -1 -1 1 1 -1 -1 -1 1 1 1 -1 -1 1 -1 1 1 -1 1 1 1 -1 1 -1 -1 -1 1 1 1 1 1 -1 1 -1 1 -1 -1 1 -1 1 1 -1 1 1 -1 1 -1 -1 -1 -1 1 1 1 -1 1 1 -1 -1 1 -1 1 -1 -1 1 -1 -1 -1 -1 1 1 1 1 1 -1 -1 -1 -1 -1 1 -1 -1 1 -1 1 1 1 1 -1 1 -1 -1 -1 -1 -1 -1 -1 -1 1 -1 -1 1 -1 1 1 1 
1 -1 1 -1 1 1 1 1 1 -1 1 1 1 -1 1 -1 1 1 1 -1 1 1 1 1 -1 1 -1 -1 1 -1 1 -1 1 1 1 1 -1 1 1 1 -1 -1 -1 -1 1 -1 1 1 -1 1 -1 -1 -1 1 -1 1 -1 1 -1 1 -1 1 1 -1 -1 1 -1 -1 1 1 -1 1 -1 1 1 1 1 -1 1 -1 -1 -1 -1 -1 -1 -1 1 -1 -1 -1 1 1 1 1 1 1 -1 1 -1 1 -1 1 1 1 -1 -1 -1 1 1 -1 1 1 -1 1 -1 1 -1 1 -1 -1 -1 1 1 1 1 -1 -1 -1 
1 -1 -1 1 1 1 -1 -1 1 1 -1 -1 1 1 1 -1 1 1 -1 -1 1 -1 1 -1 1 -1 -1 -1 1 1 1 -1 1 -1 -1 1 -1 1 1 -1 1 1 -1 -1 -1 -1 1 -1 1 -1 1 1 -1 1 1 1 1 -1 1 1 1 1 -1 -1 1 -1 1 -1 -1 -1 1 -1 -1 -1 1 -1 1 1 -1 -1 -1 1 -1 1 1 -1 1 -1 -1 1 1 1 -1 -1 1 -1 -1 1 1 1 -1 1 1 -1 1 -1 1 1 1 -1 -1 1 1 -1 -1 -1 1 1 1 1 1 -1 1 1 1 -1 -1 1 
1 1 -1 -1 -1 -1 -1 1 -1 -1 1 -1 1 -1 1 -1 1 -1 1 1 -1 -1 1 1 -1 1 -1 1 1 -1 -1 1 -1 -1 1 1 1 1 1 1 -1 -1 -1 -1 1 -1 1 -1 1 -1 1 1 -1 -1 -1 1 -1 -1 1 1 1 1 1 1 -1 -1 -1 1 1 1 1 -1 1 -1 -1 1 -1 -1 -1 -1 -1 1 -1 1 -1 1 -1 -1 1 1 1 1 1 -1 -1 1 -1 -1 1 -1 -1 1 -1 -1 -1 1 1 -1 -1 -1 -1 -1 1 -1 -1 1 1 1 -1 1 -1 1 -1 -1 -1 -1 -1 1 
1 -1 1 -1 1 1 -1 -1 -1 -1 1 1 1 -1 1 1 -1 -1 1 1 1 -1 -1 -1 1 -1 1 1 1 1 -1 1 -1 -1 -1 -1 -1 -1 1 1 -1 1 -1 1 -1 1 1 -1 -1 -1 -1 1 1 -1 -1 1 1 -1 1 -1 1 1 1 -1 1 -1 -1 1 1 -1 -1 1 -1 -1 1 -1 1 -1 -1 1 -1 1 1 1 -1 -1 -1 1 -1 1 1 -1 1 -1 1 -1 1 1 -1 -1 -1 -1 -1 1 1 -1 -1 1 1 -1 1 -1 1 1 -1 -1 -1 1 1 -1 -1 -1 1 -1 -1 -1 -1 -1 
1 -1 -1 1 1 -1 1 -1 1 -1 1 -1 -1 -1 -1 -1 -1 -1 -1 -1 -1 -1 1 1 -1 -1 -1 1 -1 1 -1 -1 1 1 1 1 1 1 -1 -1 1 1 1 -1 1 1 1 1 -1 -1 -1 -1 1 -1 1 1 -1 1 -1 -1 -1 1 -1 -1 -1 1 1 1 1 1 -1 -1 1 -1 -1 1 -1 1 -1 1 -1 1 -1 -1 1 1 -1 -1 -1 1 -1 -1 -1 -1 -1 1 1 -1 1 1 1 1 -1 1 1 1 -1 1 -1 -1 1 1 -1 -1 -1 1 -1 1 1 -1 -1 -1 -1 -1 1 1 -1 -1 
1 -1 -1 1 1 1 1 1 -1 -1 -1 -1 1 -1 -1 -1 1 -1 -1 -1 1 -1 -1 1 1 1 -1 -1 -1 1 -1 -1 1 1 1 -1 -1 1 1 -1 -1 1 -1 1 1 1 -1 1 -1 -1 -1 1 -1 1 -1 -1 1 -1 -1 -1 -1 1 1 1 -1 1 1 1 1 1 1 1 1 -1 1 -1 -1 1 1 1 -1 -1 -1 1 1 -1 -1 1 1 -1 -1 1 1 -1 1 1 -1 -1 1 1 1 1 1 -1 1 1 1 1 1 1 -1 -1 -1 1 -1 -1 -1 1 1 1 1 1 -1 1 -1 -1 -1 1 
-1 1 1 1 -1 -1 1 -1 1 1 -1 -1 -1 -1 -1 -1 1 1 1 -1 -1 1 -1 1 1 -1 1 1 -1 -1 1 -1 -1 -1 1 1 -1 1 -1 1 1 1 -1 1 -1 -1 -1 -1 1 -1 -1 -1 -1 1 -1 -1 1 -1 1 1 1 1 -1 1 -1 1 -1 1 1 -1 1 -1 -1 -1 1 1 1 -1 -1 -1 1 1 1 -1 -1 1 -1 -1 -1 -1 -1 -1 1 -1 1 1 1 1 1 -1 -1 1 1 1 -1 1 1 1 1 1 1 -1 1 -1 -1 -1 -1 -1 -1 -1 -1 -1 -1 -1 -1 -1 1 -1 
-1 -1 1 1 -1 1 -1 -1 1 -1 1 1 1 1 1 1 1 1 1 1 1 1 -1 1 1 1 -1 -1 1 -1 1 -1 -1 1 1 -1 -1 -1 -1 1 1 1 1 1 -1 1 1 1 1 1 -1 1 -1 -1 -1 -1 -1 1 1 -1 -1 -1 -1 -1 1 1 -1 -1 1 1 1 -1 -1 -1 -1 -1 1 1 -1 1 -1 1 1 1 1 -1 1 1 1 -1 -1 -1 -1 1 1 1 -1 1 -1 1 1 1 -1 -1 -1 -1 -1 -1 1 1 -1 -1 1 1 1 1 -1 1 -1 -1 1 -1 -1 -1 1 -1 -1 -1 
-1 -1 -1 1 1 -1 -1 -1 -1 1 -1 1 -1 1 -1 1 1 1 -1 -1 -1 -1 -1 1 1 -1 -1 1 1 1 1 1 1 1 1 1 -1 -1 -1 -1 -1 -1 -1 1 1 -1 1 -1 1 1 -1 1 1 -1 1 -1 -1 -1 1 1 -1 -1 -1 1 -1 -1 1 -1 1 -1 -1 1 -1 1 1 1 -1 -1 -1 1 1 -1 1 -1 -1 1 1 -1 1 1 -1 1 -1 -1 1 1 1 -1 1 -1 -1 -1 -1 1 -1 -1 -1 1 -1 1 1 1 1 1 1 -1 -1 -1 1 1 1 1 -1 -1 1 1 -1 -1 
1 1 1 -1 -1 -1 -1 -1 1 -1 1 1 1 1 1 -1 1 -1 -1 -1 -1 -1 1 1 1 1 -1 -1 -1 1 1 -1 1 -1 1 1 1 -1 1 1 1 1 1 1 1 1 -1 -1 -1 -1 -1 -1 1 1 1 1 -1 1 -1 -1 1 1 -1 -1 -1 1 -1 1 1 -1 -1 -1 1 1 1 -1 -1 -1 -1 -1 -1 -1 1 -1 1 1 -1 -1 1 1 -1 -1 1 -1 -1 1 -1 -1 1 1 -1 -1 1 -1 -1 1 -1 1 -1 -1 1 1 1 1 -1 1 -1 -1 1 -1 -1 1 -1 1 1 1 -1 1 
-1 -1 1 1 -1 1 -1 -1 -1 -1 -1 -1 1 -1 1 -1 -1 -1 1 1 -1 1 1 1 -1 1 -1 -1 1 1 -1 1 1 -1 -1 -1 -1 1 -1 1 1 -1 1 1 1 1 1 -1 1 -1 -1 -1 -1 1 1 1 -1 1 1 1 -1 1 1 1 -1 -1 -1 -1 -1 -1 -1 1 1 -1 -1 1 1 -1 -1 1 1 -1 1 1 1 -1 1 -1 1 1 -1 -1 1 1 -1 1 1 -1 1 1 1 -1 1 -1 -1 -1 -1 -1 -1 1 1 1 -1 -1 1 1 -1 1 1 -1 1 -1 1 -1 1 -1 -1 -1 
1 -1 -1 1 -1 1 1 -1 -1 1 -1 1 -1 1 -1 1 -1 -1 -1 -1 -1 1 -1 -1 -1 1 -1 1 -1 -1 -1 1 1 -1 1 -1 -1 -1 1 -1 1 -1 -1 -1 1 -1 -1 -1 1 1 -1 -1 -1 1 1 1 1 1 -1 1 -1 -1 1 1 1 -1 1 -1 1 1 -1 1 1 -1 -1 -1 -1 1 -1 -1 -1 -1 -1 1 -1 -1 -1 1 -1 1 1 -1 1 1 -1 1 1 -1 1 1 1 1 -1 -1 1 -1 -1 1 -1 1 -1 -1 -1 -1 -1 1 1 1 -1 -1 1 1 1 -1 1 1 -1 -1 
1 -1 1 1 -1 -1 -1 1 -1 -1 -1 1 -1 1 1 1 -1 -1 -1 -1 -1 1 1 -1 -1 -1 -1 1 -1 -1 -1 1 -1 -1 1 -1 -1 -1 1 1 1 -1 -1 -1 -1 -1 -1 -1 -1 1 1 1 1 1 1 -1 -1 -1 1 -1 -1 -1 1 1 -1 1 -1 1 -1 1 -1 1 -1 1 -1 1 1 -1 1 1 1 -1 -1 1 -1 1 1 -1 -1 -1 -1 1 -1 -1 -1 -1 1 -1 1 1 -1 1 -1 1 1 1 -1 -1 1 1 -1 1 1 -1 -1 1 -1 -1 1 -1 1 1 1 -1 -1 -1 -1 -1 
1 1 -1 -1 -1 -1 -1 1 -1 1 1 -1 1 1 -1 1 -1 1 -1 -1 1 -1 -1 1 1 1 -1 1 1 -1 1 1 -1 1 1 -1 1 -1 -1 -1 -1 1 -1 1 -1 1 1 1 1 -1 1 1 -1 1 1 1 1 1 -1 1 1 1 -1 1 1 -1 1 -1 -1 1 1 -1 -1 1 -1 1 -1 1 1 -1 -1 1 1 1 1 -1 -1 -1 1 -1 -1 -1 -1 1 1 -1 1 1 1 1 1 1 -1 -1 1 1 1 -1 1 1 1 -1 -1 1 -1 -1 1 1 1 -1 -1 -1 -1 -1 1 1 1 -1 
-1 1 1 -1 1 -1 -1 1 -1 1 -1 1 -1 -1 -1 1 1 1 -1 -1 1 1 1 -1 -1 1 1 1 1 -1 1 -1 1 1 -1 -1 -1 1 1 -1 1 -1 1 1 -1 -1 1 -1 -1 -1 1 1 -1 -1 -1 -1 -1 -1 -1 -1 1 -1 1 -1 1 -1 -1 1 1 -1 1 -1 -1 -1 1 -1 1 1 -1 1 -1 -1 -1 -1 -1 -1 1 -1 1 1 1 1 -1 -1 1 -1 -1 -1 1 1 -1 1 1 1 1 -1 1 1 1 1 -1 1 1 1 -1 -1 1 1 1 1 1 1 -1 1 1 1 -1 -1 
1 -1 -1 1 -1 1 1 1 -1 -1 -1 1 1 1 -1 1 1 -1 1 1 1 1 -1 1 -1 -1 1 1 1 -1 1 -1 -1 1 1 1 -1 1 -1 -1 1 -1 -1 1 -1 -1 1 1 -1 -1 -1 1 -1 1 1 1 1 -1 -1 -1 1 1 1 1 -1 -1 -1 -1 1 -1 -1 -1 -1 -1 -1 1 1 -1 1 -1 -1 1 -1 -1 -1 1 1 -1 1 -1 1 1 -1 -1 1 1 -1 -1 1 -1 -1 -1 1 1 -1 1 -1 1 -1 1 -1 1 1 -1 1 1 1 -1 -1 -1 -1 -1 1 1 1 -1 1 1 
-1 1 -1 1 -1 1 1 -1 -1 1 1 -1 1 1 1 -1 1 -1 -1 1 -1 -1 -1 -1 -1 1 1 1 -1 -1 1 -1 -1 -1 -1 -1 -1 -1 -1 -1 1 1 1 1 1 1 1 1 1 -1 1 1 -1 -1 1 -1 1 1 1 1 -1 1 -1 -1 -1 -1 1 1 1 -1 1 1 -1 1 -1 1 -1 1 -1 -1 1 -1 -1 1 -1 -1 1 -1 1 -1 -1 1 1 1 -1 1 -1 -1 -1 -1 -1 -1 1 -1 1 -1 1 1 -1 -1 -1 -1 1 -1 -1 1 -1 1 -1 -1 1 -1 -1 -1 1 1 -1 -1 
1 1 -1 -1 1 1 1 -1 1 1 1 1 1 1 -1 1 1 -1 1 -1 1 1 -1 1 1 -1 -1 1 1 1 -1 1 1 -1 -1 1 1 1 1 -1 -1 1 -1 -1 -1 1 -1 -1 1 -1 -1 -1 -1 1 1 1 -1 -1 1 -1 1 1 -1 -1 -1 -1 -1 -1 -1 1 -1 1 -1 1 -1 1 -1 -1 -1 1 1 -1 -1 1 1 1 -1 -1 -1 -1 -1 1 -1 1 1 -1 -1 -1 1 1 1 -1 -1 -1 -1 1 1 1 1 -1 1 1 1 1 1 -1 1 1 -1 -1 1 -1 1 1 -1 1 -1 1 
1 1 -1 1 -1 1 1 -1 1 -1 -1 1 -1 1 -1 -1 1 -1 1 1 1 -1 1 1 1 -1 1 -1 -1 1 -1 1 -1 1 -1 1 1 1 -1 -1 -1 -1 -1 -1 1 1 1 1 -1 -1 1 -1 1 -1 1 1 -1 1 -1 -1 -1 -1 1 -1 1 1 1 1 -1 1 1 -1 -1 -1 -1 -1 1 -1 1 -1 -1 1 -1 1 1 1 -1 1 1 -1 1 1 1 1 -1 1 1 1 1 -1 -1 1 1 1 1 1 1 -1 -1 1 1 -1 1 -1 1 -1 -1 -1 -1 1 -1 1 -1 -1 1 -1 -1 1 
1 -1 -1 1 1 1 1 -1 -1 1 -1 1 1 -1 1 -1 1 1 1 -1 1 1 1 -1 -1 1 1 -1 1 -1 -1 1 1 -1 1 1 1 -1 -1 -1 1 -1 -1 1 1 1 -1 1 1 -1 -1 -1 1 -1 -1 1 -1 -1 1 1 1 1 -1 -1 -1 -1 1 -1 -1 1 1 1 1 1 -1 -1 1 -1 -1 -1 -1 -1 1 -1 1 1 1 1 1 -1 1 1 -1 -1 -1 1 -1 1 -1 -1 -1 -1 1 1 1 -1 1 1 -1 -1 1 1 -1 -1 -1 -1 -1 -1 -1 1 -1 1 1 -1 1 -1 -1 1 
-1 -1 -1 -1 1 1 -1 -1 -1 1 -1 -1 -1 1 -1 1 1 -1 1 1 -1 1 1 -1 -1 -1 -1 1 -1 1 1 -1 -1 1 1 -1 -1 -1 1 1 1 -1 -1 -1 1 1 1 -1 -1 -1 -1 1 1 1 1 -1 1 -1 1 1 -1 -1 1 -1 1 1 1 -1 1 -1 1 -1 -1 1 1 1 1 -1 -1 1 1 1 -1 1 1 -1 1 -1 -1 -1 1 1 -1 1 1 -1 1 -1 -1 1 -1 1 -1 -1 1 1 -1 -1 1 1 1 -1 -1 1 -1 -1 -1 1 -1 -1 1 1 -1 1 1 -1 1 1 
1 1 -1 -1 1 -1 -1 -1 1 1 1 1 1 1 -1 -1 1 1 1 1 1 1 1 1 1 -1 -1 1 1 -1 1 1 1 1 -1 1 1 1 -1 1 1 -1 -1 -1 -1 -1 -1 1 1 1 -1 1 1 1 -1 -1 1 1 1 1 -1 1 -1 -1 1 -1 -1 1 1 -1 1 -1 1 1 -1 -1 1 -1 -1 -1 1 1 1 1 1 -1 -1 -1 -1 1 -1 -1 -1 1 -1 1 1 1 -1 1 1 -1 -1 1 -1 1 -1 -1 -1 1 -1 -1 -1 1 -1 1 1 -1 1 -1 1 -1 1 -1 -1 1 1 1 
-1 1 1 -1 -1 1 1 1 -1 1 1 1 1 -1 1 -1 1 1 1 1 -1 -1 -1 1 1 -1 1 1 -1 -1 1 -1 1 -1 -1 1 -1 -1 1 -1 -1 -1 1 1 -1 -1 1 1 -1 -1 1 -1 1 -1 -1 -1 1 -1 -1 1 -1 1 -1 -1 -1 1 -1 1 -1 1 -1 1 1 -1 -1 1 -1 -1 1 -1 1 1 1 -1 -1 -1 1 -1 -1 -1 -1 -1 1 -1 1 1 1 1 1 1 -1 1 -1 -1 1 -1 1 1 1 -1 -1 -1 1 1 -1 1 -1 1 -1 -1 -1 1 1 1 1 1 -1 -1 
1 -1 1 1 1 -1 1 1 -1 -1 1 -1 -1 1 -1 1 -1 1 -1 -1 1 1 1 -1 1 -1 -1 1 1 -1 -1 1 1 -1 1 -1 -1 1 1 1 1 1 1 -1 1 -1 -1 1 -1 -1 -1 -1 1 -1 -1 1 1 1 1 1 1 1 1 1 1 -1 -1 -1 -1 -1 1 1 -1 1 -1 1 -1 1 1 1 -1 -1 1 1 -1 1 1 -1 1 1 1 -1 -1 1 -1 -1 1 -1 -1 -1 1 1 1 1 1 -1 1 -1 1 -1 -1 -1 1 1 1 -1 -1 -1 1 1 -1 -1 1 1 -1 1 1 -1 
-1 -1 -1 1 -1 1 1 1 1 1 1 1 1 -1 -1 -1 1 1 1 -1 -1 1 -1 1 1 -1 1 -1 1 1 -1 -1 1 -1 -1 -1 1 -1 1 1 -1 1 1 1 1 -1 -1 1 1 -1 1 -1 1 1 1 1 1 1 1 1 -1 -1 -1 -1 -1 -1 1 -1 1 -1 1 -1 -1 -1 1 -1 -1 -1 -1 -1 -1 1 1 -1 -1 -1 -1 -1 -1 -1 -1 1 1 1 1 1 1 1 1 1 1 -1 -1 1 -1 -1 1 -1 1 -1 -1 -1 -1 1 1 1 -1 -1 1 -1 1 -1 -1 -1 -1 -1 -1 -1 
1 -1 -1 -1 -1 1 1 1 -1 1 1 -1 1 -1 -1 1 -1 -1 1 -1 -1 1 -1 1 -1 1 -1 1 1 1 1 -1 1 -1 1 -1 1 -1 -1 -1 1 -1 1 1 1 -1 -1 1 1 -1 1 -1 1 -1 1 -1 -1 -1 1 1 -1 1 -1 -1 -1 1 -1 -1 1 -1 1 1 1 1 -1 -1 1 1 1 1 -1 1 1 -1 -1 -1 1 -1 -1 1 1 1 -1 -1 -1 1 -1 1 1 1 -1 -1 1 1 -1 -1 -1 1 -1 -1 -1 -1 1 1 1 1 -1 1 -1 1 -1 -1 1 -1 1 1 1 1 
1 1 1 -1 -1 1 -1 1 1 1 -1 1 -1 -1 -1 1 1 -1 -1 -1 1 -1 -1 -1 1 -1 -1 1 -1 -1 -1 1 1 1 1 1 -1 1 1 1 1 -1 -1 1 -1 1 -1 -1 -1 1 -1 1 1 1 -1 -1 -1 1 -1 1 1 1 -1 -1 1 1 1 1 -1 -1 -1 1 1 1 1 -1 -1 1 -1 -1 -1 -1 -1 -1 1 -1 1 -1 1 -1 -1 1 1 1 -1 1 -1 1 -1 -1 1 -1 -1 -1 1 -1 1 -1 1 1 1 1 1 1 -1 -1 -1 -1 -1 1 1 1 -1 1 -1 -1 1 1 
1 -1 1 1 -1 -1 -1 1 1 1 -1 1 -1 -1 1 -1 1 -1 -1 -1 -1 1 -1 -1 1 -1 -1 1 -1 -1 -1 1 -1 -1 -1 1 -1 1 1 1 1 1 1 -1 -1 -1 -1 -1 -1 -1 1 -1 -1 1 -1 -1 -1 1 1 1 1 1 -1 1 1 1 1 -1 -1 -1 -1 -1 -1 -1 1 -1 -1 1 1 -1 -1 1 1 1 -1 -1 1 -1 1 -1 1 1 1 1 -1 1 1 -1 1 1 -1 1 1 1 -1 1 1 1 -1 1 1 -1 -1 -1 -1 -1 1 1 1 1 1 -1 -1 1 -1 -1 -1 1 
-1 -1 1 1 1 -1 -1 -1 1 1 1 1 1 -1 1 1 -1 -1 -1 1 -1 -1 1 -1 -1 1 -1 1 -1 -1 1 -1 1 1 -1 1 1 -1 1 1 -1 1 -1 1 -1 -1 -1 -1 -1 -1 -1 1 1 1 1 -1 1 1 -1 1 -1 -1 1 1 1 1 -1 -1 1 -1 -1 1 -1 -1 -1 1 -1 1 1 1 1 1 1 1 -1 -1 -1 1 1 1 1 -1 1 1 -1 1 1 1 1 -1 -1 -1 -1 -1 1 -1 -1 1 -1 -1 -1 -1 -1 -1 1 -1 -1 -1 1 -1 -1 -1 1 1 -1 1 1 -1 
-1 1 1 -1 1 1 1 1 -1 -1 -1 -1 -1 -1 -1 1 1 -1 -1 1 -1 1 1 -1 1 1 1 -1 -1 -1 1 -1 1 1 -1 1 -1 -1 1 1 1 1 -1 -1 1 1 -1 -1 1 1 -1 1 1 -1 -1 -1 -1 -1 1 -1 -1 -1 1 1 -1 1 1 -1 1 1 -1 -1 1 1 1 -1 -1 -1 -1 1 -1 1 -1 -1 -1 1 -1 1 -1 1 1 1 1 -1 -1 1 1 -1 -1 -1 1 -1 -1 -1 1 -1 1 1 1 -1 1 -1 -1 1 1 1 1 1 -1 -1 -1 1 1 1 1 1 1 1 
-1 -1 1 1 1 -1 1 1 1 1 -1 -1 1 1 -1 -1 -1 -1 1 -1 -1 -1 1 1 -1 1 1 1 -1 -1 1 1 1 -1 -1 1 -1 1 1 -1 1 1 -1 1 -1 -1 1 1 1 -1 -1 1 1 1 -1 -1 1 -1 1 1 1 1 1 1 -1 -1 -1 -1 -1 -1 1 -1 -1 1 1 -1 1 -1 -1 1 1 1 -1 1 1 -1 1 1 -1 1 1 1 -1 1 -1 -1 -1 1 1 -1 1 1 -1 -1 -1 1 1 1 1 -1 1 1 -1 1 -1 -1 -1 -1 -1 -1 -1 1 1 1 1 1 1 1 
1 1 1 -1 1 -1 1 1 -1 1 1 -1 1 1 1 1 1 -1 -1 1 -1 -1 -1 -1 -1 -1 -1 -1 -1 -1 1 -1 -1 -1 1 -1 1 1 -1 1 -1 -1 1 -1 1 -1 -1 1 -1 -1 -1 1 -1 1 1 -1 1 1 1 -1 1 -1 1 1 1 -1 1 -1 1 1 1 1 -1 -1 -1 -1 1 1 1 -1 1 -1 -1 1 -1 1 -1 1 -1 -1 -1 -1 -1 -1 1 -1 1 1 -1 -1 -1 -1 -1 -1 -1 1 -1 -1 -1 1 -1 -1 1 1 1 1 1 1 1 1 1 -1 1 1 1 1 1 1 
1 1 -1 1 -1 1 1 -1 1 1 1 1 -1 1 -1 -1 -1 1 1 1 -1 -1 1 1 -1 -1 -1 -1 1 1 -1 -1 1 1 -1 1 1 -1 -1 -1 -1 -1 -1 -1 1 -1 1 1 1 1 -1 -1 -1 1 -1 -1 1 -1 -1 1 1 1 1 1 -1 1 -1 1 1 1 1 1 1 1 1 -1 -1 -1 1 1 -1 1 1 -1 1 1 -1 1 1 1 1 1 1 -1 -1 -1 1 -1 -1 1 -1 -1 1 1 -1 -1 -1 1 -1 1 -1 -1 -1 1 1 1 1 -1 1 -1 -1 1 -1 -1 -1 -1 -1 1 
1 -1 -1 1 -1 1 1 1 -1 -1 -1 -1 -1 -1 -1 -1 1 1 -1 -1 -1 -1 -1 1 -1 -1 -1 1 1 1 -1 -1 -1 -1 -1 1 -1 -1 -1 -1 1 -1 1 -1 1 -1 -1 1 -1 1 -1 1 1 -1 1 -1 -1 1 1 -1 -1 1 -1 -1 -1 -1 1 1 -1 1 -1 1 -1 1 1 1 1 -1 -1 -1 -1 1 -1 1 1 1 1 1 -1 -1 1 1 1 -1 1 1 -1 -1 1 1 -1 -1 1 1 -1 -1 1 -1 1 1 -1 1 1 -1 1 1 -1 1 -1 -1 -1 1 1 1 1 -1 1 1 
-1 1 -1 -1 1 1 -1 -1 -1 -1 1 -1 -1 1 1 -1 1 -1 1 1 1 -1 -1 -1 -1 -1 -1 -1 1 1 -1 1 -1 -1 1 1 1 -1 -1 -1 -1 1 -1 -1 1 1 1 1 -1 -1 1 -1 -1 -1 1 -1 1 -1 1 1 -1 -1 -1 1 1 -1 1 -1 -1 1 1 -1 -1 -1 -1 -1 1 -1 -1 -1 -1 1 1 -1 1 1 -1 1 1 1 -1 1 -1 1 1 -1 -1 -1 1 -1 1 1 -1 1 -1 1 -1 -1 1 -1 1 1 1 1 -1 1 1 1 -1 1 -1 -1 -1 -1 1 1 1 1 
-1 -1 -1 1 -1 -1 -1 -1 1 -1 -1 1 -1 -1 1 -1 -1 1 -1 -1 -1 -1 -1 -1 1 1 1 -1 -1 -1 -1 1 -1 -1 -1 1 1 -1 -1 1 1 -1 -1 -1 1 1 1 -1 -1 1 1 -1 1 1 1 -1 1 1 1 1 -1 1 -1 -1 1 1 -1 1 1 1 -1 1 1 1 1 1 1 1 1 -1 1 1 -1 -1 -1 1 -1 1 1 -1 1 1 -1 1 -1 -1 1 1 1 -1 1 1 1 -1 -1 1 1 -1 -1 1 -1 1 1 1 1 1 -1 -1 1 -1 1 -1 -1 -1 -1 1 -1 -1 
-1 1 -1 -1 -1 -1 1 -1 -1 -1 -1 1 1 1 1 1 -1 1 1 1 -1 1 1 1 -1 1 1 -1 1 -1 -1 -1 -1 -1 -1 -1 -1 -1 1 -1 1 1 1 1 1 -1 -1 1 -1 1 1 1 1 1 -1 1 -1 -1 -1 1 -1 -1 -1 1 1 -1 -1 1 1 -1 1 -1 1 1 1 1 1 1 -1 -1 1 -1 -1 1 1 1 -1 1 1 -1 1 -1 -1 -1 -1 1 1 -1 -1 -1 -1 -1 -1 -1 1 1 -1 -1 -1 1 1 1 1 1 -1 1 -1 -1 1 -1 -1 1 1 1 -1 -1 -1 -1 
-1 -1 -1 -1 1 -1 -1 1 1 -1 -1 1 -1 1 1 -1 1 -1 -1 -1 -1 -1 -1 -1 1 1 -1 1 1 1 1 1 1 1 1 1 1 1 1 1 1 -1 -1 1 -1 1 1 1 -1 1 1 1 1 1 1 -1 -1 1 1 -1 1 1 -1 -1 -1 -1 -1 1 1 -1 1 -1 -1 1 1 -1 1 -1 -1 -1 1 -1 -1 -1 1 -1 1 1 -1 1 -1 -1 1 1 -1 -1 -1 1 1 -1 1 -1 -1 1 1 1 -1 1 -1 1 1 -1 1 1 -1 -1 1 1 1 1 1 -1 1 1 -1 1 1 -1 
-1 -1 1 1 -1 1 1 1 -1 -1 1 -1 -1 -1 -1 -1 1 1 1 -1 1 -1 -1 1 1 1 -1 -1 1 -1 -1 1 1 1 1 1 -1 1 -1 1 1 -1 -1 -1 1 -1 1 1 -1 1 1 1 -1 -1 1 1 1 1 1 1 1 -1 1 1 1 1 -1 1 1 1 1 -1 -1 -1 1 1 1 1 -1 -1 -1 1 -1 1 -1 1 1 -1 -1 -1 1 -1 -1 1 -1 -1 -1 1 1 -1 -1 1 1 -1 1 1 -1 1 1 1 -1 -1 -1 1 1 1 1 -1 -1 -1 1 -1 -1 1 -1 -1 1 -1 
1 1 1 1 -1 -1 -1 1 1 1 1 -1 1 1 1 1 1 -1 1 -1 -1 -1 1 1 -1 -1 -1 1 -1 -1 -1 -1 -1 1 1 1 -1 1 1 -1 -1 1 -1 -1 1 1 1 1 -1 -1 1 1 1 -1 -1 -1 1 -1 1 1 1 1 -1 1 1 -1 -1 -1 1 1 -1 -1 1 1 -1 -1 -1 1 1 1 -1 1 1 -1 -1 -1 1 -1 1 -1 1 -1 -1 -1 -1 1 1 -1 1 -1 -1 1 1 1 -1 1 -1 -1 1 -1 -1 1 1 1 1 -1 1 -1 -1 1 1 -1 -1 1 -1 -1 -1 -1 
-1 -1 1 -1 -1 -1 1 1 -1 -1 1 -1 1 -1 -1 -1 -1 -1 -1 1 -1 1 -1 -1 -1 -1 1 1 1 1 1 1 1 1 1 -1 -1 -1 -1 -1 1 -1 -1 -1 1 1 1 -1 1 1 -1 1 1 -1 1 -1 -1 -1 1 1 -1 -1 -1 1 -1 -1 1 1 -1 1 -1 1 -1 -1 -1 1 -1 1 1 -1 -1 1 1 -1 1 -1 1 1 1 -1 1 -1 -1 -1 -1 1 1 1 -1 -1 1 -1 1 1 -1 -1 -1 1 1 1 1 -1 1 1 1 1 1 1 1 1 1 -1 -1 1 1 -1 1 1 
-1 -1 1 -1 1 -1 1 1 1 1 1 1 -1 -1 1 1 -1 -1 -1 1 1 -1 -1 1 1 1 -1 -1 -1 -1 -1 -1 -1 1 -1 1 -1 -1 1 1 -1 -1 -1 1 -1 1 -1 -1 1 -1 1 1 1 1 -1 1 1 1 -1 1 -1 1 1 -1 1 -1 1 1 1 -1 -1 -1 -1 -1 1 1 1 1 -1 1 -1 1 1 1 -1 1 1 -1 -1 1 -1 1 1 -1 -1 -1 -1 -1 -1 1 1 1 -1 -1 1 -1 -1 1 -1 1 1 -1 -1 1 -1 1 -1 1 -1 1 -1 -1 -1 -1 1 1 -1 1 
-1 -1 1 1 1 1 1 1 -1 -1 -1 -1 -1 -1 1 1 1 1 1 1 1 1 -1 1 1 -1 -1 -1 -1 -1 -1 1 -1 -1 1 1 -1 1 -1 1 1 1 -1 1 -1 -1 1 1 1 -1 1 1 -1 1 -1 1 -1 1 -1 -1 1 1 -1 -1 -1 1 -1 1 1 1 -1 -1 1 -1 -1 1 1 -1 1 -1 1 1 -1 1 1 -1 -1 -1 -1 -1 1 -1 -1 1 1 -1 -1 1 1 1 1 1 1 -1 -1 1 1 1 1 -1 -1 1 1 1 1 -1 -1 1 -1 -1 1 -1 1 1 1 -1 1 -1 
-1 -1 -1 1 -1 -1 1 -1 1 -1 -1 -1 1 -1 1 1 1 -1 1 1 1 1 1 1 -1 -1 1 1 -1 1 1 1 1 -1 1 1 1 -1 1 1 -1 -1 1 -1 1 1 -1 -1 -1 -1 -1 -1 -1 1 -1 -1 -1 -1 -1 1 -1 1 1 -1 1 1 -1 -1 1 1 -1 -1 -1 -1 -1 -1 1 1 -1 1 1 1 1 -1 -1 1 1 1 -1 1 1 -1 1 1 -1 -1 1 -1 1 -1 -1 -1 -1 -1 -1 1 1 1 1 1 -1 1 1 1 -1 1 -1 -1 1 -1 -1 1 -1 1 -1 1 -1 1 
-1 1 -1 -1 1 1 1 -1 -1 -1 -1 1 1 -1 1 1 1 1 -1 1 -1 -1 1 1 1 -1 1 -1 -1 -1 -1 -1 1 1 -1 -1 -1 -1 1 -1 1 1 -1 -1 1 -1 1 -1 1 1 -1 1 -1 1 -1 1 1 -1 1 1 -1 -1 1 1 1 -1 1 1 1 1 -1 1 1 -1 1 -1 -1 1 1 1 1 -1 1 -1 -1 1 -1 -1 1 -1 1 1 1 1 -1 1 -1 -1 -1 -1 1 1 -1 1 1 1 1 1 1 -1 1 1 1 1 1 -1 1 -1 -1 1 1 1 -1 1 -1 -1 1 1 
1 1 -1 1 1 -1 1 1 1 -1 1 1 -1 -1 1 1 -1 -1 -1 -1 -1 -1 1 1 -1 -1 1 -1 -1 1 -1 1 1 -1 1 -1 1 1 -1 -1 -1 -1 1 -1 -1 1 -1 -1 -1 1 1 1 -1 1 1 -1 -1 1 -1 1 -1 -1 1 1 1 -1 1 -1 1 1 1 -1 -1 -1 -1 1 1 1 -1 -1 1 -1 -1 1 -1 1 1 1 -1 1 -1 -1 1 1 -1 -1 1 1 -1 -1 -1 1 1 1 -1 1 1 1 1 -1 1 1 -1 1 1 -1 1 1 1 1 -1 -1 -1 1 1 -1 -1 1 
1 1 -1 1 -1 1 -1 -1 1 1 1 -1 -1 -1 -1 -1 1 -1 1 -1 -1 -1 1 1 -1 1 -1 1 -1 -1 1 -1 -1 -1 1 -1 1 1 -1 1 1 -1 1 -1 -1 1 1 -1 -1 -1 1 1 -1 1 -1 1 -1 1 1 1 -1 1 1 -1 -1 -1 -1 -1 1 1 1 1 -1 1 1 1 1 1 1 -1 -1 1 -1 1 1 -1 -1 -1 -1 1 1 -1 -1 -1 1 1 1 -1 1 1 1 1 -1 1 1 -1 1 -1 -1 1 1 -1 -1 -1 -1 1 -1 1 -1 1 1 -1 1 -1 -1 1 1 1 
-1 -1 -1 1 1 -1 1 1 -1 1 -1 -1 1 1 -1 -1 1 1 -1 -1 -1 1 -1 1 -1 -1 -1 -1 1 1 1 -1 1 1 -1 -1 -1 -1 -1 1 1 -1 -1 -1 1 -1 1 1 1 -1 -1 1 1 -1 -1 -1 1 -1 1 -1 -1 1 -1 1 -1 -1 1 1 -1 1 -1 1 1 1 -1 -1 1 -1 -1 -1 1 1 1 1 -1 -1 -1 -1 -1 1 1 -1 1 1 -1 -1 -1 1 -1 1 1 -1 -1 1 1 -1 -1 1 1 1 1 -1 1 1 -1 -1 -1 -1 1 -1 -1 -1 -1 -1 1 -1 1 -1 
-1 -1 -1 1 1 1 1 1 1 1 -1 1 1 1 -1 1 -1 1 1 -1 1 1 -1 -1 1 -1 1 -1 -1 -1 -1 -1 -1 -1 -1 -1 -1 -1 1 -1 -1 1 1 1 -1 1 1 -1 -1 -1 1 -1 -1 -1 1 -1 -1 -1 -1 1 1 1 1 1 1 -1 -1 1 -1 -1 -1 1 1 1 -1 1 -1 1 1 -1 1 -1 1 -1 -1 -1 -1 -1 -1 1 -1 -1 -1 1 -1 -1 1 1 1 1 -1 -1 1 -1 -1 1 1 1 1 -1 -1 1 1 1 -1 1 -1 1 -1 -1 1 -1 1 -1 -1 1 -1 -1 
-1 1 1 -1 1 1 1 1 -1 1 1 -1 -1 -1 -1 1 -1 -1 -1 -1 1 -1 1 1 -1 1 1 -1 -1 -1 1 -1 1 -1 1 -1 -1 1 -1 1 1 1 1 -1 1 1 -1 -1 1 1 1 -1 -1 -1 -1 -1 1 -1 -1 1 -1 1 -1 -1 1 1 1 -1 -1 1 1 1 1 -1 -1 1 -1 1 1 1 1 1 -1 -1 -1 1 1 -1 1 1 -1 -1 -1 -1 1 -1 1 1 1 1 1 -1 1 1 -1 1 1 1 -1 -1 1 1 -1 -1 -1 1 -1 -1 1 1 1 1 1 1 -1 -1 -1 -1 
1 1 -1 -1 1 -1 1 1 1 1 -1 1 1 -1 1 1 -1 -1 -1 1 1 -1 -1 1 1 1 1 1 1 -1 -1 1 1 -1 1 1 -1 -1 -1 1 1 1 -1 -1 -1 1 1 1 -1 1 -1 -1 -1 1 -1 1 -1 1 -1 -1 1 1 -1 1 -1 -1 1 -1 1 -1 1 1 1 -1 -1 -1 1 1 -1 -1 1 -1 -1 1 1 1 1 1 1 1 -1 -1 1 1 1 1 -1 1 1 1 1 1 1 1 1 1 1 1 1 -1 1 1 -1 1 1 -1 1 -1 -1 -1 -1 -1 1 1 1 1 1 1 
1 -1 1 1 1 -1 1 -1 -1 1 1 1 1 -1 1 1 1 1 -1 -1 1 -1 1 1 -1 -1 1 1 1 1 1 1 -1 1 -1 -1 1 1 -1 -1 1 -1 1 -1 -1 1 1 -1 -1 -1 -1 1 1 1 1 -1 -1 1 -1 1 1 -1 -1 -1 -1 -1 -1 -1 -1 -1 1 1 -1 1 -1 -1 -1 -1 1 -1 1 1 -1 -1 -1 -1 1 1 1 -1 -1 1 1 -1 1 1 1 -1 1 -1 -1 1 1 1 -1 1 -1 1 1 -1 -1 -1 -1 1 -1 1 -1 -1 1 -1 -1 1 -1 1 1 -1 1 1 
1 1 -1 -1 -1 -1 1 -1 1 1 -1 -1 -1 1 1 -1 1 -1 1 -1 -1 1 1 -1 -1 -1 -1 1 -1 -1 -1 -1 1 -1 1 1 -1 1 -1 1 -1 1 1 -1 1 1 -1 -1 -1 1 -1 -1 1 1 1 1 -1 1 1 -1 -1 1 -1 1 -1 1 -1 1 -1 -1 1 -1 1 1 1 1 -1 -1 1 1 -1 -1 -1 -1 1 1 -1 1 1 -1 -1 -1 1 -1 1 1 1 1 1 1 -1 1 -1 1 1 -1 1 -1 -1 1 -1 1 1 -1 1 -1 1 -1 1 1 -1 -1 -1 1 1 -1 -1 -1 
-1 -1 -1 1 -1 -1 1 -1 -1 1 -1 -1 1 -1 1 1 1 1 1 -1 1 -1 -1 1 -1 -1 1 -1 -1 1 1 -1 1 -1 -1 -1 -1 -1 -1 1 -1 1 -1 -1 1 -1 -1 1 1 1 1 1 1 1 1 1 -1 1 1 -1 1 1 -1 -1 1 1 -1 -1 -1 -1 -1 -1 -1 -1 1 -1 1 1 1 -1 1 -1 -1 -1 1 -1 -1 -1 -1 -1 1 -1 1 -1 1 1 -1 1 -1 -1 1 1 1 1 -1 -1 -1 1 1 -1 -1 -1 -1 1 -1 1 -1 -1 1 1 1 -1 1 -1 -1 -1 -1 -1 
1 1 -1 -1 -1 -1 -1 1 1 1 -1 1 -1 -1 1 1 1 1 -1 -1 -1 1 1 -1 -1 1 1 -1 -1 1 1 -1 1 1 -1 -1 -1 1 1 1 -1 1 1 1 1 -1 -1 1 -1 1 -1 -1 1 1 1 1 -1 -1 -1 1 -1 -1 -1 1 1 1 1 1 1 -1 1 -1 -1 1 1 -1 1 1 -1 1 1 -1 -1 1 -1 1 -1 -1 1 -1 1 -1 1 -1 1 -1 1 1 -1 -1 1 -1 -1 1 1 1 -1 -1 1 1 -1 1 -1 -1 -1 -1 -1 1 1 1 1 1 1 -1 1 1 1 -1 
1 -1 -1 -1 -1 -1 -1 1 1 -1 -1 1 1 -1 1 1 1 -1 1 1 -1 1 1 -1 1 1 1 -1 1 -1 -1 1 1 1 -1 -1 -1 -1 -1 1 1 1 1 1 1 -1 1 -1 -1 1 -1 1 1 -1 -1 1 1 -1 1 -1 -1 1 -1 -1 1 -1 1 1 1 -1 -1 1 1 1 -1 1 1 1 -1 -1 -1 -1 -1 -1 1 -1 1 1 -1 -1 1 1 -1 -1 1 1 -1 -1 1 1 1 -1 -1 1 -1 -1 1 -1 1 -1 1 -1 1 -1 1 1 1 1 -1 -1 -1 1 1 1 1 -1 1 1 
-1 -1 1 -1 1 1 -1 1 1 1 1 1 1 1 1 1 1 -1 -1 -1 -1 -1 1 1 1 -1 1 -1 -1 1 1 1 1 1 -1 -1 -1 1 1 -1 1 1 1 1 -1 -1 -1 1 -1 1 -1 1 -1 -1 -1 1 -1 1 -1 -1 1 1 -1 -1 1 1 -1 -1 1 -1 -1 1 -1 -1 -1 -1 -1 1 -1 -1 -1 1 1 -1 -1 -1 1 -1 1 1 1 -1 -1 -1 1 -1 -1 1 -1 -1 1 -1 1 1 1 -1 -1 1 1 1 -1 -1 1 -1 -1 1 1 1 -1 -1 -1 1 -1 -1 1 -1 1 1 
1 1 -1 1 -1 1 -1 1 1 -1 1 -1 -1 1 1 1 1 1 -1 1 -1 -1 1 -1 1 -1 1 1 1 1 1 -1 -1 -1 -1 1 -1 -1 -1 -1 -1 -1 1 -1 -1 1 -1 1 -1 1 -1 1 -1 1 1 -1 -1 1 -1 1 -1 -1 1 -1 1 -1 -1 -1 1 -1 1 1 -1 1 1 1 -1 1 -1 1 1 -1 -1 1 1 -1 -1 1 -1 1 1 -1 -1 -1 1 -1 -1 -1 1 -1 1 1 1 1 -1 1 -1 1 -1 1 -1 1 1 -1 -1 -1 1 1 -1 -1 -1 -1 1 -1 -1 -1 1 1 
1 1 1 -1 1 -1 1 1 1 1 -1 -1 1 -1 1 -1 -1 -1 1 1 1 -1 -1 -1 1 -1 1 1 -1 1 1 1 1 1 -1 -1 -1 -1 -1 1 -1 1 1 1 1 -1 -1 -1 -1 -1 -1 -1 -1 1 1 1 -1 -1 -1 -1 1 -1 -1 1 -1 1 -1 -1 1 -1 -1 1 1 -1 1 1 -1 1 -1 -1 -1 1 1 1 -1 1 -1 -1 -1 1 -1 -1 1 1 -1 1 1 -1 -1 1 -1 -1 -1 -1 -1 -1 1 1 -1 -1 -1 -1 1 -1 1 -1 -1 1 1 1 -1 1 -1 -1 -1 1 -1 1 
-1 -1 -1 1 -1 1 -1 -1 1 1 -1 -1 -1 1 1 -1 1 1 -1 1 -1 -1 1 1 -1 -1 -1 -1 -1 1 1 -1 1 -1 1 -1 1 -1 -1 1 1 1 -1 1 -1 -1 1 -1 -1 -1 -1 -1 -1 -1 -1 -1 -1 -1 -1 -1 -1 -1 -1 1 1 -1 1 -1 -1 -1 -1 -1 -1 1 1 1 -1 -1 1 -1 1 -1 1 -1 1 1 1 -1 1 -1 -1 1 1 1 1 -1 1 -1 -1 1 1 -1 -1 -1 -1 1 -1 -1 -1 1 -1 1 1 1 -1 -1 1 1 1 -1 1 -1 -1 1 1 -1 1 -1 
-1 1 -1 -1 -1 1 -1 1 -1 1 -1 1 -1 -1 1 -1 1 1 -1 1 1 1 1 1 1 -1 1 1 1 1 1 -1 1 -1 -1 -1 1 1 1 -1 -1 -1 -1 -1 -1 1 1 -1 -1 -1 1 1 1 1 -1 1 -1 1 1 -1 -1 1 1 1 1 -1 -1 -1 1 -1 -1 -1 1 -1 -1 -1 -1 1 1 -1 1 -1 -1 1 -1 1 1 -1 -1 1 1 1 1 1 1 -1 1 -1 -1 1 1 1 1 1 -1 1 1 1 1 -1 -1 -1 1 1 1 1 -1 -1 1 -1 -1 -1 1 -1 -1 1 1 1 
-1 1 1 1 1 -1 -1 -1 -1 -1 -1 -1 -1 1 1 -1 -1 1 -1 1 1 1 1 1 1 1 1 -1 -1 -1 1 1 1 1 -1 1 -1 1 1 -1 -1 -1 1 1 -1 -1 1 -1 1 1 -1 -1 -1 1 -1 1 1 -1 -1 1 1 1 -1 1 1 -1 -1 1 -1 -1 1 1 1 1 1 -1 1 1 1 1 -1 1 1 1 -1 1 -1 -1 1 -1 -1 -1 1 1 1 -1 1 1 -1 -1 -1 -1 -1 1 1 1 -1 -1 1 -1 1 -1 -1 1 1 1 -1 1 1 1 -1 -1 1 -1 1 -1 1 1 
1 -1 -1 -1 1 1 1 -1 1 1 1 1 1 -1 1 1 1 -1 -1 1 -1 -1 -1 -1 -1 1 1 -1 -1 1 1 1 1 1 1 -1 -1 1 1 -1 1 1 -1 -1 1 -1 1 -1 -1 -1 -1 1 1 1 1 -1 1 1 -1 1 -1 -1 1 -1 -1 -1 -1 1 -1 -1 -1 1 1 -1 1 -1 1 1 -1 1 1 -1 -1 -1 1 1 1 -1 1 -1 -1 1 1 1 1 -1 -1 1 1 -1 1 -1 -1 -1 1 -1 1 -1 -1 1 -1 1 -1 1 -1 -1 -1 1 -1 -1 -1 1 -1 1 -1 -1 1 1 
-1 1 1 -1 -1 -1 1 -1 -1 1 -1 -1 1 1 1 -1 -1 1 -1 -1 -1 -1 -1 -1 -1 1 1 -1 -1 -1 -1 1 -1 1 -1 -1 -1 -1 -1 -1 -1 -1 -1 1 -1 1 -1 -1 1 1 1 -1 -1 1 -1 1 -1 1 -1 -1 -1 -1 1 -1 -1 -1 -1 -1 -1 1 -1 -1 -1 -1 -1 -1 1 -1 1 -1 -1 -1 -1 1 1 -1 1 -1 1 1 -1 1 1 1 1 -1 1 1 -1 -1 1 1 -1 1 -1 1 -1 1 -1 1 1 -1 -1 1 1 -1 -1 1 1 1 1 -1 1 1 1 1 -1 1 
1 -1 1 1 -1 1 -1 1 -1 1 1 -1 1 -1 -1 1 1 -1 -1 1 -1 -1 1 1 -1 1 -1 1 -1 -1 -1 1 -1 -1 1 -1 -1 -1 -1 -1 -1 1 -1 -1 1 1 1 1 1 -1 1 1 1 1 1 -1 -1 -1 1 -1 1 1 1 -1 1 1 -1 -1 1 -1 -1 -1 1 -1 -1 -1 -1 -1 1 -1 1 1 1 1 1 -1 -1 -1 1 1 1 -1 1 1 1 1 1 1 -1 -1 -1 -1 -1 1 1 -1 1 1 1 1 -1 -1 -1 1 1 -1 -1 -1 1 1 1 1 -1 1 1 1 1 -1 