128
20 26 43 57 94 13 26 4 39 49 96 21 47 5 71 26 97 61 28 79 5 16 28 22 92 63 76 39 45 77 25 90 14 49 79 56 6 64 78 29 95 15 70 59 95 66 81 34 65 52 53 1 10 21 89 84 60 93 1 53 55 5 60 93 5 56 37 25 77 23 47 76 62 67 58 48 58 45 68 88 16 75 5 84 97 50 34 30 8 59 93 62 45 15 31 14 92 86 72 86 24 48 8 62 72 89 57 100 40 55 94 19 74 73 68 47 81 50 14 77 72 79 58 40 64 22 8 58 
22 71 94 95 2 6 85 88 6 43 97 53 58 95 38 74 7 17 85 43 85 59 96 3 16 31 54 69 20 79 40 66 97 49 79 59 67 66 19 66 21 26 76 42 80 8 65 4 53 23 19 27 51 51 12 75 31 70 19 97 38 69 33 63 72 13 16 9 12 8 39 70 88 42 54 15 42 62 1 15 73 23 18 17 33 16 38 6 67 83 17 76 11 43 10 12 92 70 48 29 65 24 48 58 20 48 62 41 7 50 88 6 98 4 87 60 11 56 81 92 61 96 90 24 59 20 98 2 
52 29 63 6 64 83 27 75 56 58 66 50 97 55 38 98 29 35 43 20 38 36 61 24 3 52 65 71 92 72 1 44 46 56 21 10 29 33 79 1 33 31 30 28 42 76 9 27 70 4 23 21 5 93 56 11 29 23 65 81 29 57 88 10 3 38 53 100 73 44 96 33 16 60 16 68 51 27 87 33 44 50 25 19 5 80 60 35 20 88 63 6 28 40 88 62 100 59 24 28 32 35 13 29 74 9 25 41 51 32 39 27 31 52 87 32 12 61 42 23 25 12 28 76 99 75 57 89 
20 4 40 42 34 91 42 59 2 90 67 34 75 63 11 81 51 83 46 41 15 86 74 91 65 32 31 88 70 20 65 26 78 89 47 25 69 31 93 36 82 49 92 56 70 46 39 24 94 78 30 26 48 78 8 74 94 69 19 95 89 41 19 13 25 7 71 64 76 69 99 71 27 74 83 6 1 72 17 82 58 2 74 78 54 41 39 49 40 100 10 70 74 94 77 72 52 43 22 48 67 16 71 97 12 30 68 95 4 72 83 32 61 89 5 72 84 99 85 30 83 87 20 70 50 34 39 37 
53 26 3 6 45 52 41 72 12 48 15 98 50 57 47 68 24 68 42 24 11 21 24 31 2 69 93 52 31 11 57 46 33 9 5 34 22 87 92 39 82 45 24 22 27 79 58 40 31 3 6 76 57 19 69 82 98 11 39 53 34 30 73 77 56 9 19 54 44 22 70 31 36 6 14 84 87 87 69 1 91 73 79 28 80 64 54 7 29 49 50 72 41 91 69 86 99 51 51 19 82 96 96 45 54 66 63 89 55 70 93 12 56 22 32 82 13 27 33 39 42 50 4 55 26 54 43 10 
7 18 46 84 81 99 1 18 39 6 76 25 74 9 78 22 60 4 35 76 96 6 27 92 63 89 42 11 21 32 9 58 28 7 60 36 1 59 71 31 90 61 5 24 38 3 66 31 62 9 87 90 93 91 54 90 73 97 41 84 9 88 75 35 16 15 16 61 65 30 59 30 46 51 40 26 85 59 90 27 61 79 12 82 87 86 74 100 29 22 93 26 94 13 6 23 31 71 20 55 62 18 38 82 44 54 98 4 83 90 21 9 18 54 43 61 31 65 34 74 39 17 3 36 62 45 11 1 
18 23 51 39 8 69 39 17 18 100 32 32 77 74 7 46 75 85 69 95 83 18 64 7 90 60 35 6 58 17 7 12 97 5 17 45 41 43 81 79 33 10 62 14 49 21 39 28 73 55 72 45 8 26 31 85 83 66 17 9 79 84 15 84 52 57 1 92 43 57 90 43 19 45 42 79 65 77 69 88 3 49 89 15 66 33 90 50 40 45 54 25 49 60 3 51 55 47 91 5 9 83 45 40 60 64 48 93 54 81 19 9 47 19 28 73 30 5 77 24 47 57 66 98 72 44 93 31 
5 21 39 3 41 49 100 14 16 51 49 62 71 64 98 1 60 18 43 10 32 40 32 16 84 54 59 84 14 33 4 42 92 61 33 92 84 46 19 67 82 13 1 2 94 35 14 23 54 6 35 66 56 43 7 25 69 20 13 18 94 39 21 2 78 6 24 76 48 70 35 39 6 13 46 54 19 11 27 11 32 22 16 7 36 27 61 4 47 97 68 23 39 83 70 59 34 96 57 44 41 21 15 73 88 90 87 70 43 66 67 55 49 97 80 26 4 2 67 15 66 58 83 22 15 22 76 19 
63 69 80 73 74 6 52 3 23 23 93 43 40 40 29 52 62 4 92 78 38 78 86 87 44 10 40 79 47 79 4 86 3 82 36 49 47 55 86 98 85 65 37 3 44 59 72 90 96 66 96 33 56 12 25 9 79 31 82 27 93 54 60 48 72 89 53 35 72 79 95 19 1 12 13 15 5 15 14 42 92 5 79 66 85 49 75 2 65 23 45 48 70 56 89 62 28 10 44 56 84 42 49 26 30 14 83 14 62 100 7 97 52 52 58 17 37 23 88 13 49 38 94 92 67 39 15 51 
85 19 60 80 12 55 33 40 5 75 73 74 25 53 19 17 56 77 55 23 16 71 69 24 28 62 75 71 50 81 73 27 57 3 40 72 34 9 24 69 97 21 88 79 53 100 92 48 74 81 23 80 32 88 11 94 92 33 57 56 13 43 87 38 87 1 43 26 79 22 15 90 62 100 15 14 62 17 74 42 62 33 44 93 65 78 13 52 20 37 29 85 67 39 71 24 82 100 61 84 66 70 61 53 9 93 57 88 10 60 65 63 7 45 33 32 52 64 59 9 93 77 72 24 50 20 28 9 
96 10 100 87 58 31 85 29 6 62 63 93 14 100 76 44 86 71 98 51 28 69 49 59 72 81 45 56 23 63 62 64 72 64 10 52 77 69 92 44 42 97 69 38 49 79 99 47 63 15 27 31 46 23 96 49 38 35 22 33 11 80 41 37 87 40 34 50 41 89 6 88 27 70 98 91 15 4 15 86 65 64 50 6 97 28 1 83 55 34 79 48 49 36 52 70 81 56 95 1 70 97 8 22 52 9 63 73 59 3 42 65 9 93 7 54 88 51 67 100 94 42 39 100 77 64 80 100 
20 68 61 38 67 31 99 13 46 82 45 43 86 47 47 91 36 53 51 5 15 38 40 13 73 50 83 34 16 66 13 82 39 49 10 85 77 5 89 21 64 62 86 8 15 84 43 97 43 76 59 55 81 33 72 18 57 85 36 87 98 96 3 48 24 31 39 48 89 76 80 16 55 23 73 52 75 1 32 54 57 3 12 60 20 29 93 48 50 68 32 71 17 75 79 6 59 24 74 31 98 38 37 64 97 97 19 80 67 66 11 63 72 97 86 76 80 68 2 75 43 90 73 40 77 29 88 81 
17 18 20 20 19 82 66 86 81 36 27 88 41 36 84 28 45 65 22 3 52 44 25 91 73 8 86 97 6 57 50 14 83 46 14 66 70 39 38 22 82 88 6 49 54 50 77 78 1 75 29 52 74 16 93 91 51 53 82 70 7 29 71 73 28 57 50 52 92 74 15 27 70 55 15 16 36 15 43 64 21 7 69 67 76 46 5 32 51 59 2 69 42 54 70 48 72 32 37 37 19 8 62 10 56 29 35 37 6 73 78 60 7 5 49 21 30 33 79 10 52 52 79 68 92 92 8 99 
22 5 57 47 51 68 72 92 81 2 84 45 51 64 32 22 90 63 23 28 43 29 46 14 77 82 15 74 26 92 71 77 2 18 19 76 13 30 47 63 47 74 61 3 50 38 84 26 93 10 44 95 46 66 64 55 11 11 90 50 35 65 94 64 4 100 33 80 43 25 35 40 48 14 64 10 33 63 79 2 44 86 5 21 45 57 48 95 11 3 2 24 62 9 8 89 42 44 44 90 23 84 51 24 47 64 37 4 65 79 98 52 73 37 34 32 11 16 17 14 97 4 95 94 93 36 23 74 
51 47 88 70 49 90 38 69 61 35 12 65 36 57 92 58 64 32 46 35 82 3 75 28 70 55 51 68 71 79 6 63 8 7 4 17 93 6 92 80 86 12 73 90 19 51 91 3 43 72 39 12 70 35 82 14 34 7 7 8 52 27 11 54 23 46 19 96 45 99 12 27 28 91 90 87 42 1 78 37 14 100 98 55 75 48 74 94 60 100 24 45 65 21 23 80 45 80 92 88 61 69 16 63 59 100 46 79 36 8 7 2 81 13 51 56 34 20 46 82 53 22 13 72 56 8 32 92 
18 33 42 23 10 100 96 9 63 16 24 69 31 32 87 1 16 8 99 43 64 27 93 61 9 94 75 51 52 54 82 55 67 75 45 78 97 72 27 38 82 12 100 77 56 27 35 4 18 89 14 58 37 72 27 35 67 78 53 97 43 80 86 74 94 68 68 68 31 45 32 45 55 14 83 91 80 61 97 39 88 36 60 1 76 13 92 76 96 3 71 32 10 3 40 83 74 76 35 81 100 2 49 3 92 55 71 22 41 60 26 3 90 9 58 64 19 87 30 10 100 46 88 28 22 43 71 21 
26 66 89 83 99 66 55 42 64 90 18 91 90 48 92 36 26 2 90 20 28 63 73 8 4 36 96 78 22 83 72 39 28 71 14 6 79 9 82 13 37 28 7 91 97 93 37 49 18 76 46 46 89 48 31 42 38 59 64 52 70 24 88 75 54 30 98 3 71 34 24 89 47 61 71 16 86 50 27 75 58 25 49 61 29 1 2 93 22 95 50 58 59 100 71 25 49 38 96 68 87 1 68 43 48 96 51 83 24 14 90 66 8 86 95 8 55 43 56 68 50 45 60 82 33 8 6 92 
37 73 84 72 96 12 76 17 65 52 91 90 41 53 53 27 36 87 57 44 35 71 66 41 9 76 23 34 10 47 49 33 82 56 59 7 83 22 83 72 77 11 52 42 1 25 94 69 42 45 5 61 34 69 22 64 77 23 7 79 34 74 1 6 11 2 95 1 3 44 41 37 78 43 96 24 16 92 94 22 65 50 63 16 95 27 17 18 95 69 76 18 36 9 47 61 78 84 92 98 96 46 98 91 58 23 16 56 4 63 15 74 33 1 26 91 41 36 77 91 4 23 2 9 64 46 30 51 
36 57 79 59 6 75 28 88 7 15 97 41 33 12 56 3 94 5 33 38 54 44 94 49 61 34 62 99 61 43 78 59 22 95 28 39 35 25 13 65 85 7 32 84 84 21 51 33 98 44 52 13 70 39 100 87 13 92 11 57 96 61 46 16 63 51 24 28 63 14 42 33 3 31 49 48 11 16 49 36 74 94 62 65 94 53 64 64 71 4 71 2 2 65 82 75 87 65 18 84 4 88 74 17 91 36 26 55 92 96 20 73 70 61 62 48 77 56 34 99 12 55 75 37 28 55 36 82 
33 17 24 58 21 80 60 98 28 82 54 81 7 49 50 97 35 46 71 44 8 34 55 44 1 77 10 47 31 71 87 17 89 35 37 67 42 97 46 72 77 51 99 89 71 69 20 28 54 26 9 86 25 97 27 12 32 46 45 54 44 81 62 50 98 80 95 18 35 24 65 80 34 18 67 83 83 32 20 5 57 27 1 38 63 38 57 12 38 81 17 71 16 78 80 18 34 68 14 61 13 24 28 99 72 5 45 80 10 20 28 41 8 3 2 39 35 41 62 84 43 9 36 92 38 88 12 36 
4 21 70 24 75 20 74 4 72 75 42 6 27 52 29 18 33 81 48 15 90 79 20 34 67 80 15 70 50 21 49 2 29 18 29 73 90 34 18 30 50 96 56 97 53 83 80 81 44 47 53 94 16 29 65 72 39 55 9 51 38 99 58 97 79 31 49 46 28 89 3 20 85 68 52 58 14 39 32 79 51 26 76 51 37 34 7 79 56 45 88 98 51 82 93 45 36 76 82 71 46 22 48 50 19 15 37 91 16 57 6 55 82 57 24 63 68 21 51 24 37 91 56 51 46 63 92 82 
68 16 16 27 41 96 71 49 63 26 71 19 71 86 63 100 87 84 17 84 21 43 26 2 75 74 50 50 47 77 98 90 26 77 60 68 74 17 31 70 1 82 6 88 55 22 56 1 90 49 27 92 54 3 54 19 88 80 97 11 1 67 21 68 54 57 90 70 76 55 99 27 33 38 3 52 34 72 11 7 77 88 57 28 59 79 48 19 13 58 83 67 54 86 17 36 80 9 67 30 63 17 82 60 13 90 67 75 83 75 29 53 38 69 28 71 50 33 82 94 98 57 55 86 64 71 50 61 
88 13 7 53 41 73 70 91 89 83 78 46 53 65 8 77 17 44 16 41 53 40 30 87 79 3 61 12 85 64 94 24 45 46 43 64 67 25 46 77 67 74 60 22 44 50 82 37 43 14 62 7 86 47 8 38 35 83 51 87 80 25 41 51 14 31 81 24 31 1 62 52 73 70 14 55 53 7 79 94 1 92 7 6 25 24 87 51 28 76 16 69 92 55 94 9 59 39 93 77 65 54 88 54 68 6 79 34 47 83 28 62 69 73 8 44 11 99 18 23 34 18 60 15 99 77 53 34 
90 22 23 97 32 61 92 10 73 62 27 64 51 67 78 45 96 78 88 23 1 90 93 89 23 18 95 50 81 95 36 46 93 28 27 2 8 27 81 58 93 82 96 35 44 68 64 18 37 49 84 66 6 38 80 55 84 92 30 66 89 9 50 52 81 63 34 72 12 27 62 37 17 29 86 2 54 31 46 99 26 85 42 87 74 28 55 64 57 70 61 20 92 43 20 10 71 34 92 18 44 58 1 15 35 53 48 46 57 94 11 52 5 74 83 16 90 30 43 92 81 48 55 74 9 1 60 14 
61 62 48 44 98 44 5 99 37 93 93 74 10 92 7 37 5 28 99 47 99 2 98 10 61 81 92 37 61 73 73 83 83 31 98 12 23 83 84 37 93 34 81 78 96 6 77 60 8 94 89 6 3 6 47 93 30 36 45 10 35 82 71 58 97 31 24 2 9 35 53 46 52 69 45 63 14 41 25 85 78 91 98 8 54 2 29 61 85 80 37 63 33 7 60 16 43 49 3 79 54 96 6 5 4 81 17 92 80 90 76 80 46 13 8 36 29 64 57 86 8 83 52 68 20 59 34 45 
21 35 100 82 84 45 25 91 31 67 37 39 29 85 23 53 63 10 59 71 43 12 4 83 86 11 76 87 66 41 20 88 17 71 95 34 16 100 67 42 18 32 100 21 13 31 49 38 63 56 36 21 88 71 95 49 88 51 22 34 95 35 8 1 98 13 6 86 75 89 69 22 31 95 79 17 59 98 27 42 93 28 18 42 7 65 71 45 68 20 61 97 43 90 17 63 14 12 98 24 12 56 62 76 37 58 54 36 83 78 15 52 39 26 91 71 83 97 15 10 18 92 78 38 89 34 90 20 
95 91 81 62 78 87 89 93 60 11 38 86 25 81 14 47 18 89 79 13 25 66 49 42 75 9 2 64 43 27 57 34 79 15 46 71 31 80 58 77 87 6 59 2 70 5 76 7 76 97 31 12 80 31 98 69 13 94 17 72 70 39 23 91 99 64 40 83 70 88 80 83 8 28 52 26 100 70 43 6 12 37 89 46 95 15 47 26 22 12 22 23 92 52 44 77 14 77 85 11 44 33 8 79 77 34 63 45 40 23 50 77 97 30 6 82 19 68 74 86 53 22 18 26 75 52 30 81 
10 76 84 59 57 76 39 34 73 40 31 58 35 99 23 30 10 89 58 68 63 88 70 18 33 78 32 75 68 50 1 97 17 100 68 86 50 5 25 1 80 65 80 48 30 85 94 45 99 6 1 98 79 34 68 77 46 59 51 24 31 78 61 93 93 23 90 49 64 94 56 25 20 93 1 84 84 61 29 28 34 30 45 12 90 89 54 49 47 24 42 30 23 74 55 15 52 88 71 97 63 64 53 9 15 2 80 32 97 76 20 10 29 92 44 28 27 89 12 26 81 16 73 26 39 24 98 41 
87 34 32 47 72 29 24 45 25 59 55 66 88 8 77 40 71 31 81 65 24 79 71 69 63 42 29 82 89 30 33 15 32 26 42 14 89 86 70 85 45 61 28 45 51 14 58 40 19 41 30 13 96 12 59 10 19 8 69 14 41 33 22 48 21 3 77 57 65 80 49 88 9 90 97 18 1 14 28 53 65 32 24 42 91 73 75 38 32 44 10 17 26 42 84 3 26 8 9 72 14 95 8 46 53 77 73 57 40 11 46 1 49 13 50 6 8 95 82 67 10 29 80 25 33 77 82 52 
100 67 65 69 96 88 81 13 41 57 32 45 63 66 89 22 56 60 97 31 13 91 66 84 46 70 78 21 67 45 49 60 92 60 37 96 85 3 4 85 54 67 99 50 58 21 67 45 21 89 8 21 73 55 80 72 1 58 46 39 49 38 37 96 80 65 5 94 6 58 63 41 63 46 51 99 49 32 89 13 3 84 92 98 14 57 64 45 5 74 96 25 25 46 2 42 50 95 76 37 41 41 72 52 56 40 87 25 20 87 12 29 3 40 46 88 17 22 66 10 58 71 34 62 10 64 98 40 
37 60 80 87 95 95 21 100 2 62 89 37 67 69 36 58 29 70 79 74 16 28 40 25 9 74 51 47 94 59 70 65 68 39 67 29 32 27 57 26 79 96 87 67 7 85 64 56 12 16 7 21 51 58 61 61 99 75 44 46 98 68 14 100 44 65 49 63 89 66 41 53 5 21 52 82 79 47 85 80 51 79 56 41 35 60 26 81 74 53 63 21 63 68 19 72 85 6 2 67 97 70 82 28 67 97 65 97 33 32 91 90 20 48 70 85 85 57 5 62 97 90 43 76 60 47 96 44 
29 44 12 43 26 11 39 35 17 82 75 14 37 66 26 100 88 73 86 25 86 88 30 31 74 79 14 9 10 38 80 92 14 94 1 7 56 98 85 56 74 38 43 17 27 40 61 14 15 87 100 64 99 14 56 6 59 46 61 83 24 17 86 83 31 74 51 59 64 52 48 31 60 91 68 15 88 92 48 63 52 98 6 13 69 94 47 33 26 83 59 71 73 37 97 51 49 49 82 54 92 6 48 87 36 19 34 81 18 59 81 20 35 13 95 20 65 76 30 22 44 40 41 2 26 73 8 93 
80 21 52 80 45 81 3 86 81 11 62 70 39 8 85 2 14 81 88 47 64 60 81 64 98 65 37 39 79 82 61 32 1 21 44 100 10 92 47 53 42 51 86 5 48 28 88 33 24 96 59 48 11 44 32 16 1 78 59 61 8 51 43 27 69 36 98 61 36 4 94 65 48 39 42 7 44 51 27 78 14 73 87 35 85 99 41 86 63 57 16 69 76 60 32 53 50 59 88 45 92 11 37 48 85 15 63 57 97 70 12 57 16 70 61 28 50 30 48 49 61 97 20 48 26 46 1 81 
39 51 7 62 90 65 36 21 22 21 83 83 30 43 14 40 3 7 39 77 13 22 25 9 34 96 22 34 85 86 45 99 83 50 55 100 9 93 43 35 91 100 7 34 15 48 8 46 14 24 19 18 97 97 36 37 92 5 22 46 65 100 78 28 52 72 81 13 93 77 86 88 60 63 51 87 87 79 28 38 97 50 44 70 46 12 91 56 28 61 20 32 64 83 93 45 29 98 67 30 69 78 37 53 35 40 90 54 84 36 78 64 28 20 73 76 12 85 87 72 44 23 46 39 50 56 75 12 
51 46 49 96 58 59 78 91 21 55 27 73 43 21 59 36 48 19 48 52 42 13 41 58 41 84 87 68 75 60 87 74 91 83 46 40 44 66 59 59 48 80 56 71 84 15 48 40 44 48 6 65 97 67 55 80 90 45 49 12 23 65 78 97 67 41 42 78 63 28 31 78 80 63 16 18 40 5 83 6 32 51 40 16 40 26 34 61 27 45 49 87 39 27 49 71 94 56 47 78 17 25 100 90 55 88 82 59 100 59 8 73 9 38 17 28 10 49 10 71 26 96 49 71 87 58 27 64 
47 62 23 23 96 98 34 67 16 51 14 28 92 70 47 83 43 58 16 91 59 46 41 70 80 100 71 50 85 56 64 12 38 23 12 15 27 46 75 33 30 49 90 35 63 89 36 61 34 42 49 61 65 25 68 94 30 47 17 33 64 98 47 47 98 84 14 56 31 91 24 87 24 6 66 45 86 66 4 4 40 51 14 4 12 74 67 26 10 63 59 13 74 72 68 97 9 34 28 100 43 88 92 15 64 8 12 46 25 45 2 22 74 40 19 45 57 88 51 68 48 49 42 77 44 73 76 9 
37 66 19 64 20 81 97 49 48 84 8 46 87 56 8 69 64 56 65 85 44 21 76 94 30 47 4 39 12 49 10 47 100 28 28 56 28 76 92 32 51 74 46 27 88 49 79 82 79 89 27 9 44 67 6 18 72 97 8 58 91 38 49 21 43 69 56 94 91 66 99 1 36 4 80 41 1 83 19 87 5 75 15 69 43 59 64 31 73 78 79 28 36 83 71 30 53 55 92 94 87 54 98 53 74 61 38 94 89 28 43 81 84 59 16 8 55 84 44 47 45 47 60 28 52 44 25 100 
21 4 19 65 46 78 27 34 13 20 58 95 94 31 17 71 35 89 54 2 81 79 73 38 89 6 13 3 15 94 86 39 53 72 31 5 59 23 21 69 28 35 27 19 60 76 13 95 64 75 36 95 7 88 75 25 13 54 16 18 30 13 89 3 40 30 46 14 51 18 74 83 70 59 38 37 40 35 3 72 86 100 8 56 99 57 38 76 19 15 76 95 56 43 40 9 22 90 42 85 10 45 17 12 39 32 87 98 77 85 23 51 37 9 59 93 91 28 46 93 91 69 38 33 34 50 57 2 
7 8 40 6 32 32 11 46 46 62 52 90 73 48 55 17 5 98 95 66 72 19 49 95 72 99 99 4 91 89 65 55 55 25 12 93 75 93 82 78 54 100 17 45 85 35 1 11 44 5 32 47 14 29 48 6 41 57 63 78 61 95 51 40 66 19 76 47 64 2 41 59 49 69 2 87 25 86 61 90 27 100 57 88 48 30 67 21 68 53 14 47 81 32 5 7 34 84 10 47 64 8 67 96 17 59 26 34 12 31 89 42 39 20 2 54 95 82 6 37 42 22 73 53 6 55 49 50 
2 91 62 7 70 22 61 68 1 61 73 67 63 87 40 41 34 18 99 39 59 10 46 26 71 13 12 8 95 27 94 55 6 10 73 79 39 5 28 49 11 63 76 35 67 21 63 63 11 47 12 94 35 57 43 61 84 51 61 36 55 21 23 21 45 75 34 30 36 27 96 15 47 48 83 25 88 13 18 78 77 13 72 81 75 21 54 63 35 6 69 14 19 26 95 20 67 1 67 72 54 90 95 57 27 77 3 13 14 62 8 64 55 10 41 80 42 42 34 48 83 44 4 88 26 100 62 46 
23 69 47 59 76 50 83 20 1 80 71 29 68 63 88 71 89 15 16 56 29 6 34 81 12 47 97 98 25 7 21 95 40 30 77 60 42 90 23 90 30 19 45 12 33 65 10 64 32 40 54 54 6 74 55 94 85 25 47 83 25 9 78 28 46 39 33 71 81 75 92 9 95 22 65 43 55 21 95 70 84 80 84 68 91 61 13 73 5 14 44 84 74 51 52 78 52 88 85 25 4 52 93 4 18 69 14 95 36 50 93 80 84 56 8 88 44 49 92 89 18 86 74 41 12 68 39 55 
94 75 17 4 83 63 66 90 26 81 88 11 92 52 77 49 33 62 13 25 94 66 29 15 63 78 11 3 66 88 85 70 53 76 81 1 62 43 81 25 73 95 40 5 76 33 77 51 17 94 61 73 30 38 90 96 17 93 6 5 76 93 86 67 67 52 48 68 34 5 49 70 71 13 95 19 35 15 100 35 69 79 93 22 51 56 27 5 82 87 73 10 86 76 91 46 78 5 45 71 14 74 100 55 36 35 12 27 59 90 95 67 32 65 8 15 11 12 50 81 33 40 34 49 72 67 63 93 
10 3 96 25 61 18 72 41 86 57 86 90 26 16 90 22 98 76 56 11 93 19 50 100 53 4 31 47 25 80 98 69 52 78 82 33 44 40 53 88 62 47 94 83 38 61 63 84 90 64 70 91 89 9 7 59 7 34 29 97 13 34 39 63 52 4 67 44 98 57 33 30 96 95 68 80 10 4 59 20 30 49 44 76 34 42 86 21 53 98 62 44 14 12 1 21 54 55 73 75 45 24 53 84 58 90 75 86 40 46 57 98 55 4 90 64 58 7 67 83 33 7 12 62 100 73 55 89 
27 44 71 19 26 54 62 81 60 32 11 49 46 1 93 6 55 48 68 93 28 64 88 89 62 81 57 47 68 81 88 56 97 12 11 33 8 39 51 54 67 75 8 75 9 94 100 39 74 58 86 29 88 36 70 17 37 27 42 35 33 51 65 40 21 10 69 48 7 51 40 46 33 35 2 34 100 19 84 21 1 90 36 81 41 18 5 44 18 22 49 9 19 56 6 45 45 20 71 96 36 51 49 41 11 31 24 32 38 29 35 51 41 41 60 22 8 17 77 64 39 67 25 39 99 46 80 17 
9 95 85 66 82 59 34 78 50 32 97 50 58 32 69 63 87 76 14 14 61 19 60 9 75 48 80 38 39 90 9 35 60 69 96 55 13 63 97 80 25 77 32 19 14 5 99 87 48 57 63 42 76 67 71 31 19 17 38 13 70 47 15 95 10 23 99 50 85 32 38 94 31 84 53 6 1 98 72 58 60 53 92 4 30 12 57 96 39 61 44 25 50 54 25 73 50 54 81 42 47 3 61 28 28 55 7 73 7 75 51 81 68 3 47 14 6 5 57 83 19 35 92 33 32 68 24 52 
97 66 71 42 97 80 87 13 5 83 6 60 27 10 82 71 22 91 58 4 2 15 23 83 56 4 29 43 32 67 92 1 96 73 22 45 47 42 75 75 88 69 3 66 89 22 39 16 11 8 65 96 71 15 98 18 44 34 72 13 95 5 32 55 6 26 66 66 50 28 29 6 43 53 77 99 13 83 45 49 18 58 60 71 74 46 5 19 22 20 68 63 39 14 24 65 20 63 98 71 34 92 42 65 41 58 86 71 63 10 19 73 24 27 99 13 41 70 26 78 14 73 17 72 35 53 86 95 
1 11 92 100 46 66 41 38 59 59 27 20 23 51 88 97 83 85 1 1 52 19 60 44 25 51 1 88 98 66 46 67 76 76 83 47 16 55 79 45 88 36 50 55 40 74 49 3 52 71 65 15 6 23 20 32 48 47 72 45 35 6 77 73 7 80 88 28 77 16 92 79 76 70 86 7 14 34 91 95 68 65 34 23 97 3 73 39 39 37 6 48 70 20 15 90 8 31 64 5 74 68 2 62 96 84 2 15 1 99 40 17 45 73 38 70 8 36 5 99 78 19 14 84 37 58 26 27 
2 18 82 48 49 16 61 23 83 91 8 20 42 18 34 91 10 38 32 84 11 23 3 16 19 28 7 65 97 23 82 45 31 61 86 36 73 98 70 40 29 95 24 32 3 32 39 49 13 40 23 16 88 21 75 20 88 99 42 84 20 23 79 63 24 64 5 49 61 68 26 11 97 87 86 15 65 89 89 20 68 9 10 37 4 55 34 88 82 14 79 68 7 35 31 12 78 43 45 52 69 54 38 27 83 71 15 6 53 73 20 84 77 59 46 59 56 66 8 32 93 74 98 43 75 43 18 67 
64 74 85 49 21 87 64 64 31 82 80 40 8 91 31 77 80 9 41 9 5 23 69 40 15 37 98 4 54 92 36 13 95 9 70 32 73 72 61 37 36 91 43 93 53 54 64 57 80 95 24 50 63 33 40 66 2 83 86 38 37 48 64 93 36 67 49 33 24 99 81 49 69 26 52 4 26 79 34 55 37 56 3 94 28 41 38 36 94 73 80 56 43 95 62 77 45 11 25 93 71 83 70 50 87 9 57 53 90 93 20 82 32 97 71 98 58 38 49 28 48 31 42 10 19 50 100 29 
62 68 2 83 43 38 94 98 6 44 64 60 67 56 25 39 31 84 30 88 61 1 46 40 94 14 61 78 50 20 63 69 1 13 89 86 7 48 20 53 99 20 67 83 77 84 52 10 55 20 57 39 49 65 96 100 60 57 30 73 59 99 16 73 53 73 75 52 47 72 76 34 23 90 13 34 76 8 7 34 7 44 89 98 14 69 61 85 50 52 13 33 92 54 45 65 13 44 77 34 52 88 55 81 79 51 28 43 33 86 99 62 90 41 70 41 68 39 59 92 12 76 87 13 36 82 28 6 
51 85 40 28 66 24 86 74 39 80 26 59 99 54 18 26 32 86 31 66 95 78 15 12 72 86 24 13 54 82 52 66 81 56 10 16 34 55 36 59 32 6 72 42 52 65 17 26 63 24 16 66 90 66 48 77 77 59 28 73 98 19 66 20 53 65 12 93 11 99 31 100 96 9 11 45 54 78 13 94 81 90 70 26 45 75 19 64 70 92 100 15 76 38 16 5 78 71 50 94 69 35 15 19 98 32 76 73 20 53 84 32 75 74 11 30 83 49 58 47 31 20 36 1 54 71 19 7 
88 79 35 33 77 94 18 28 49 16 93 31 60 55 92 91 28 90 73 11 61 56 65 29 65 7 63 68 16 41 48 35 1 31 30 72 70 94 70 61 29 75 45 1 71 50 97 10 99 44 93 10 7 83 66 99 84 92 63 22 44 2 21 60 39 18 52 48 66 97 96 74 16 21 85 75 51 6 12 99 5 63 80 23 86 42 18 85 75 16 46 91 72 54 52 16 88 75 58 32 24 20 12 22 42 57 84 45 55 99 43 28 55 76 76 97 97 11 34 86 7 17 43 63 77 69 76 34 
33 56 81 85 78 85 65 48 14 71 75 17 45 88 22 14 11 93 75 30 78 1 93 77 45 67 89 58 58 26 4 98 10 2 40 99 71 66 30 95 94 53 75 12 20 26 86 46 58 81 35 17 36 70 58 50 67 54 80 13 53 83 80 49 31 56 25 13 46 57 73 26 74 40 12 77 73 97 81 10 24 24 51 7 23 48 60 94 76 55 93 20 39 61 53 63 28 41 97 66 40 27 33 11 8 3 52 7 82 68 57 76 58 3 60 63 76 69 45 100 59 22 91 16 19 85 74 25 
68 62 37 80 25 97 62 54 70 94 77 10 94 75 63 63 79 92 82 82 95 29 92 93 64 47 61 54 84 38 66 97 38 6 68 17 72 26 94 50 28 58 41 85 95 46 74 78 43 39 33 78 3 33 43 3 2 36 35 46 61 12 73 47 79 59 42 74 34 99 72 8 87 66 50 44 58 16 38 29 97 87 3 31 53 61 29 10 88 66 43 91 95 80 10 50 87 29 55 91 94 1 58 27 93 60 76 57 63 95 86 100 29 45 92 95 97 62 41 69 52 63 37 60 44 1 14 61 
84 6 27 4 26 90 26 23 67 8 58 14 72 61 10 40 56 7 68 74 39 37 56 84 39 23 62 69 22 16 13 26 30 63 47 54 28 44 3 37 7 49 4 62 29 33 62 87 8 10 61 60 35 100 8 18 96 42 96 48 79 73 2 70 9 96 27 27 42 38 99 34 97 12 72 69 99 81 99 67 52 94 81 44 85 75 28 44 59 63 34 78 60 52 31 27 3 74 16 40 79 75 17 35 67 83 51 57 35 5 74 27 2 74 96 61 57 42 91 29 88 52 18 64 18 90 60 81 
23 5 28 32 83 27 15 10 93 92 65 54 87 47 70 89 50 55 23 43 94 24 30 55 89 14 80 13 4 29 89 99 1 58 21 61 52 2 59 50 34 25 60 82 17 42 33 3 74 27 43 28 28 28 83 87 72 81 11 51 7 20 89 70 55 39 80 27 91 15 77 63 44 80 38 63 95 90 52 12 5 16 11 66 77 86 99 30 79 50 52 15 7 36 20 29 57 83 9 24 85 46 79 70 49 91 96 5 13 59 14 37 86 79 44 58 34 70 78 90 87 5 92 92 41 12 100 6 
5 54 48 3 71 99 90 62 66 94 16 84 13 36 33 14 100 79 3 51 41 59 11 90 97 25 51 56 62 25 37 69 37 60 75 1 36 37 23 64 39 29 19 56 38 9 86 47 87 10 13 54 19 54 21 70 51 2 3 81 89 22 93 74 25 62 8 5 87 60 92 26 86 45 60 96 50 73 89 41 48 3 53 98 8 73 24 65 21 64 41 69 92 99 37 42 9 98 80 19 96 17 38 36 51 60 28 7 51 56 15 33 30 46 87 62 5 67 20 68 39 58 13 86 60 89 23 91 
53 16 30 96 65 54 94 65 49 81 61 76 49 37 68 77 10 51 10 59 3 37 27 61 53 13 53 65 8 26 35 6 83 45 40 79 3 72 19 14 60 80 13 9 40 33 49 41 54 95 55 82 71 79 79 82 4 8 61 23 80 6 97 39 40 69 62 73 44 85 7 56 46 69 70 52 68 60 62 52 21 68 50 66 18 59 30 17 28 34 75 43 70 31 82 90 18 18 3 65 50 2 100 15 30 81 5 54 63 6 46 15 78 100 70 32 69 31 55 5 6 16 12 25 50 11 53 57 
52 6 45 34 42 54 62 9 10 33 59 80 76 70 69 6 77 69 88 55 55 29 40 29 48 19 27 6 3 91 67 81 75 22 57 10 52 65 51 85 20 55 27 99 63 1 20 29 57 1 95 97 61 6 59 10 24 55 73 94 58 60 97 42 33 56 80 42 84 80 34 63 18 16 36 31 6 57 61 58 94 56 43 31 58 53 48 15 92 93 37 28 6 78 84 56 37 16 76 66 88 5 23 96 69 12 7 41 51 97 28 80 36 98 8 77 19 14 31 6 87 16 95 64 100 44 73 33 
80 94 23 97 4 11 73 33 39 76 11 43 57 23 88 26 66 36 77 46 47 85 26 42 54 77 80 15 59 38 53 17 28 3 15 57 82 78 66 55 83 58 74 54 89 3 1 27 97 16 20 54 20 39 12 46 74 68 52 22 22 59 98 82 43 21 15 13 66 22 43 1 59 59 82 29 13 38 18 3 91 17 82 61 53 39 94 90 50 90 41 29 18 18 70 3 25 91 13 24 6 57 2 36 16 34 17 13 93 66 75 63 16 65 33 14 31 25 73 28 61 73 29 100 25 5 97 69 
76 33 82 35 10 45 64 88 52 40 98 56 40 20 12 56 11 82 28 81 67 18 48 36 50 13 4 94 75 28 84 68 29 11 23 13 31 88 12 7 59 84 76 48 83 51 85 55 18 52 73 42 96 88 51 72 45 79 3 62 60 93 63 79 23 52 70 38 55 10 19 8 19 36 59 1 9 44 50 24 23 93 66 99 95 56 39 98 11 33 42 10 43 80 17 90 96 5 59 32 12 31 56 67 89 54 50 54 88 79 87 64 61 100 95 28 72 98 62 33 63 28 57 37 93 53 40 14 
3 57 33 97 41 71 68 20 60 76 88 50 53 90 71 7 10 67 57 72 59 6 75 21 51 59 58 60 89 57 3 2 24 81 4 13 8 9 44 11 41 90 96 27 29 100 83 93 57 71 97 2 19 81 83 16 72 27 24 54 22 30 58 72 15 71 92 60 32 30 43 81 57 12 73 78 70 19 56 44 16 81 57 58 32 97 51 70 86 10 73 16 56 47 23 51 38 51 24 52 20 74 61 36 5 45 26 31 99 67 69 42 75 89 46 54 44 65 95 20 45 67 20 22 96 77 57 85 
75 84 45 42 95 20 1 41 39 90 100 32 25 89 68 69 51 68 55 65 18 78 17 92 42 27 86 83 19 67 73 58 44 68 72 69 91 30 5 97 63 16 74 87 86 79 72 74 77 3 45 65 42 86 82 26 33 72 21 26 53 47 83 43 80 86 96 16 19 6 99 81 72 28 25 41 34 15 4 68 45 37 86 84 96 93 88 45 59 50 32 92 86 71 5 78 75 48 20 93 79 71 11 20 92 52 53 44 42 96 44 12 22 27 48 60 23 81 60 20 52 80 80 72 48 58 73 74 
69 46 17 19 2 5 65 23 96 82 51 63 84 59 70 78 60 24 85 12 65 55 51 33 64 47 39 2 55 14 68 68 73 28 15 83 32 23 46 2 17 39 74 26 98 99 42 58 92 34 49 7 48 78 49 98 99 57 20 89 28 53 72 69 22 61 21 36 19 12 85 28 73 13 9 66 56 36 9 94 36 6 80 96 18 36 50 23 1 40 40 76 31 89 40 38 44 21 43 76 28 35 39 90 35 60 49 8 52 55 24 94 61 48 5 76 82 2 70 13 33 34 14 43 6 14 81 99 
18 96 21 69 94 94 90 100 97 27 58 23 86 16 66 96 25 50 95 10 52 85 54 67 8 31 57 50 78 14 70 55 4 51 38 45 98 45 57 98 44 29 87 98 46 22 61 96 88 44 17 42 100 61 36 29 54 44 11 93 27 69 19 26 43 92 48 22 29 16 36 24 57 71 83 40 92 69 73 78 7 61 62 86 98 7 25 26 73 30 80 70 16 63 72 93 1 7 31 57 56 7 96 67 55 10 71 24 62 54 94 24 3 91 21 16 20 98 8 77 19 45 69 15 71 26 17 83 
8 53 90 39 10 40 32 66 90 71 26 80 80 26 29 95 32 66 32 12 86 91 26 88 14 82 36 28 99 19 10 5 24 50 45 19 95 87 48 79 96 49 91 42 8 35 49 8 47 24 74 35 79 75 52 86 89 9 27 41 47 42 80 19 90 91 96 43 26 48 41 63 1 86 46 42 56 79 66 70 7 85 34 14 7 72 28 66 43 24 74 66 6 45 36 88 34 9 85 80 25 78 55 31 17 24 7 17 97 30 71 15 52 28 37 6 21 43 66 20 91 2 20 99 4 81 76 80 
73 28 38 84 39 49 13 57 47 37 71 22 57 57 3 22 49 14 27 56 22 40 17 82 23 85 17 79 42 37 70 92 53 78 26 63 46 43 56 68 79 76 51 75 62 4 47 95 34 45 73 96 67 36 9 18 89 20 51 11 31 44 14 8 91 84 100 16 96 80 54 45 8 21 54 4 74 55 87 74 9 44 32 91 100 15 41 22 88 10 75 27 10 95 39 78 53 92 3 86 28 89 51 64 74 33 47 27 76 66 29 91 37 18 6 23 50 92 48 48 40 1 53 45 75 11 91 19 
7 72 5 56 60 23 17 48 14 63 79 7 62 31 58 51 81 80 90 47 58 2 7 54 63 68 64 14 86 50 71 79 49 19 34 35 25 5 35 96 9 36 21 58 55 5 26 57 14 87 22 3 4 72 11 32 96 18 67 73 19 82 49 45 89 47 98 75 40 46 61 75 43 66 48 14 33 80 47 53 93 19 47 13 9 92 6 9 35 7 10 32 52 52 91 71 12 98 41 15 67 65 49 60 93 71 18 36 2 41 89 36 14 90 43 30 37 78 36 1 10 37 45 14 84 65 31 36 
53 73 62 74 95 23 16 40 24 66 38 85 22 35 9 88 53 87 31 93 13 92 64 66 27 58 72 71 73 12 86 96 4 63 21 83 20 47 83 98 30 53 15 25 71 20 46 43 74 15 36 87 85 84 28 99 38 37 73 8 98 16 66 27 38 44 52 87 100 93 63 98 45 89 41 53 17 2 78 1 2 45 89 44 74 52 47 14 2 82 10 35 38 28 99 94 90 22 46 48 42 3 87 65 70 64 32 98 71 63 59 47 86 12 31 77 10 54 96 21 45 83 25 42 84 97 3 63 
97 31 33 12 2 5 36 44 73 22 67 82 80 11 84 76 83 74 31 6 46 80 44 87 72 6 13 91 82 5 61 36 37 95 35 81 84 49 57 40 41 81 22 89 74 59 90 8 26 31 15 88 92 23 78 62 87 53 49 96 24 90 40 62 69 40 37 9 7 10 11 30 100 38 47 19 15 52 78 60 74 6 23 63 3 68 43 100 19 86 67 77 2 79 1 66 23 56 27 3 62 22 51 66 15 53 46 88 63 65 10 74 35 82 27 18 21 98 42 38 67 14 7 43 11 99 14 58 
84 51 81 19 14 13 99 17 34 85 55 69 40 98 49 62 81 41 6 71 68 25 38 68 97 56 64 18 80 52 26 40 25 99 68 93 14 63 96 16 2 49 17 29 70 78 30 64 46 20 12 83 66 5 40 32 82 64 55 21 97 23 89 3 18 3 17 92 25 90 67 44 13 21 98 71 56 72 51 40 2 34 35 92 9 45 87 69 33 86 50 32 81 97 40 8 62 53 9 66 31 13 57 68 37 33 12 26 44 56 91 20 95 17 33 71 65 35 63 47 63 33 63 67 92 23 15 14 
22 67 42 57 48 43 72 81 90 34 93 64 77 25 34 51 16 96 48 68 10 21 79 70 58 52 90 74 45 86 61 68 63 89 30 40 50 36 50 77 52 26 70 73 8 54 28 42 81 80 52 31 50 3 85 35 58 78 35 49 14 74 86 94 6 92 32 29 76 19 9 27 88 6 19 60 75 98 90 69 53 77 6 28 40 77 40 35 20 36 61 79 5 58 85 22 44 91 74 11 11 30 56 3 3 43 33 37 99 7 99 43 44 44 98 24 18 31 52 9 34 10 91 10 57 31 23 12 
19 84 38 88 35 40 83 20 27 33 33 84 80 75 36 38 60 78 7 77 81 24 61 29 92 33 12 5 33 39 88 74 23 84 96 24 30 39 48 1 32 56 77 72 39 12 81 33 48 18 53 15 78 76 47 84 14 67 76 10 3 49 66 71 45 81 37 53 1 34 17 22 77 10 68 63 53 14 72 20 80 86 63 69 76 6 61 65 74 67 64 86 87 68 22 11 55 9 19 3 34 70 76 82 82 55 70 50 31 19 20 10 22 9 82 76 22 55 97 76 69 69 81 96 49 85 94 29 
58 14 4 34 4 21 66 21 44 92 81 60 98 79 62 35 30 70 69 60 48 93 20 62 64 66 100 35 93 57 84 17 12 44 18 2 46 83 16 93 14 12 81 48 20 12 87 73 24 35 22 46 69 78 47 55 55 3 14 77 99 69 68 87 51 2 96 38 17 73 75 100 95 29 88 25 48 6 80 18 3 15 97 11 40 27 74 19 43 76 41 85 1 17 30 81 52 35 79 82 7 30 96 31 29 4 33 25 73 21 75 83 50 69 11 80 36 21 9 41 51 32 69 95 45 64 56 54 
93 56 94 51 9 74 68 84 23 50 22 96 25 24 1 69 42 68 45 77 14 45 4 86 65 37 97 24 74 4 38 77 10 70 57 62 100 58 19 87 89 57 98 39 85 5 74 86 60 42 36 22 35 77 33 78 83 46 2 65 73 39 60 61 65 20 65 20 88 7 90 66 55 83 15 15 38 20 48 62 43 87 2 39 13 79 83 42 43 25 61 40 90 3 52 3 40 25 34 9 13 72 82 40 68 7 56 52 4 30 44 66 84 80 76 49 24 94 1 13 7 75 9 3 12 47 38 89 
99 20 80 38 39 91 28 68 82 46 36 6 28 49 71 88 69 82 17 56 16 97 13 28 31 58 60 51 10 30 98 13 67 57 42 25 93 48 28 73 37 45 98 41 50 33 53 93 57 88 3 33 34 64 12 6 44 82 100 60 15 97 32 78 90 31 5 44 5 59 70 74 26 66 61 22 15 92 78 17 84 51 39 93 73 20 88 74 82 44 43 35 88 85 66 11 49 30 31 32 23 8 93 72 8 96 58 51 54 3 69 45 79 17 62 75 65 48 1 7 78 30 53 85 16 51 28 49 
15 70 53 74 86 83 30 2 91 36 16 25 68 57 62 42 13 78 95 26 49 21 2 67 50 63 47 96 32 7 43 22 3 64 73 47 60 16 98 14 16 41 50 52 21 19 48 99 21 89 22 72 79 56 90 13 21 52 91 75 89 84 97 48 76 30 65 15 63 70 40 85 34 7 65 71 9 65 17 48 43 98 39 65 64 31 93 53 15 29 71 91 5 68 6 25 3 97 4 84 62 40 55 100 87 77 63 69 77 37 13 82 25 82 11 34 75 73 59 53 45 11 83 66 92 36 9 88 
44 36 38 54 99 89 34 2 99 57 90 66 31 63 12 57 98 69 68 46 21 28 94 33 88 100 86 77 7 55 14 34 97 27 11 85 48 67 57 86 1 80 24 9 51 82 60 44 19 69 47 49 5 92 45 38 53 36 4 78 8 40 47 40 71 81 60 44 87 36 83 69 49 19 7 57 10 16 58 59 17 48 51 40 39 97 37 92 30 6 55 13 38 10 89 62 21 23 97 41 43 53 93 76 61 44 24 73 69 42 66 63 23 7 68 82 35 71 37 52 3 24 18 9 4 82 100 9 
43 55 82 81 84 96 49 6 16 26 94 94 61 58 46 69 27 31 93 16 94 31 21 1 79 20 91 3 46 75 94 61 78 36 15 50 77 50 48 95 11 16 16 14 12 65 51 39 79 14 71 14 34 43 57 11 56 56 98 17 88 30 89 74 61 60 96 6 92 47 39 43 83 22 14 50 52 57 48 14 98 22 16 79 60 43 20 41 41 57 100 8 39 95 3 76 7 64 9 96 47 4 7 97 30 27 25 3 62 80 75 1 23 5 78 24 87 15 69 57 83 50 61 59 96 82 89 25 
76 15 89 83 38 34 8 66 18 58 87 30 43 93 24 37 16 87 7 72 65 84 38 96 16 54 55 90 76 47 71 92 55 68 43 97 71 35 21 40 70 37 6 23 26 40 47 11 37 100 5 81 68 33 81 7 8 34 96 95 58 8 9 15 35 69 1 6 89 92 49 82 3 51 36 1 31 36 92 81 81 69 42 30 47 4 14 41 10 15 55 10 7 55 44 94 85 98 6 56 90 75 14 85 65 62 41 3 40 30 9 47 47 52 30 62 39 20 58 69 46 50 86 18 98 12 88 37 
66 86 97 70 50 14 58 27 54 58 88 22 42 55 51 14 94 89 65 10 62 74 61 12 40 12 40 17 7 28 62 75 67 96 12 32 89 22 48 38 31 62 58 96 89 53 80 10 31 31 71 16 96 71 13 28 49 2 52 4 79 36 61 5 16 50 39 39 80 63 55 95 57 10 45 44 91 20 46 13 97 71 74 31 55 2 50 94 73 96 21 49 25 81 65 93 65 33 21 47 25 26 70 96 60 26 41 70 45 73 28 5 41 5 68 87 72 3 45 7 33 77 52 11 57 30 22 1 
7 78 41 24 25 55 27 32 75 26 17 29 32 50 53 32 46 24 45 5 79 31 79 67 9 24 65 60 83 73 85 60 15 34 18 81 8 8 18 46 74 39 40 35 80 42 16 21 4 12 24 100 29 87 42 17 31 39 9 28 63 90 56 48 31 89 86 67 46 61 21 47 28 40 82 57 27 6 48 31 36 13 84 50 25 96 25 48 11 85 26 94 73 98 78 87 63 26 63 61 57 57 88 33 92 8 79 4 67 3 60 88 97 48 87 31 100 83 11 47 55 2 64 44 53 54 26 5 
73 5 69 91 62 34 98 22 61 93 28 52 86 54 94 14 63 76 100 75 53 81 93 79 25 45 39 84 46 70 67 82 36 32 86 32 12 48 34 22 60 44 84 71 84 64 87 41 71 60 17 35 58 66 99 69 79 91 83 56 98 46 5 50 79 72 79 81 78 19 3 90 9 84 19 82 12 36 96 24 37 31 67 41 45 76 48 61 34 45 33 57 63 21 19 23 43 98 70 52 25 42 7 58 66 47 27 11 82 86 29 14 98 89 53 77 25 66 39 100 88 36 57 90 76 58 37 90 
22 93 36 2 13 92 85 53 33 39 83 27 54 86 1 63 93 13 91 79 16 72 15 44 76 35 1 1 1 21 83 89 34 75 63 46 69 62 40 36 80 42 27 62 36 86 43 66 63 82 68 55 39 12 31 62 72 42 91 67 1 15 61 63 79 98 51 8 37 87 76 36 58 78 68 77 33 73 57 25 97 69 12 84 95 49 17 51 100 29 99 43 49 15 95 44 6 65 56 52 39 40 46 22 89 57 58 21 13 63 91 23 41 35 90 99 89 19 67 46 98 89 68 39 63 60 50 22 
1 97 73 31 47 22 39 86 3 25 78 43 3 52 21 63 49 100 7 15 65 69 1 7 26 100 60 85 20 96 72 79 44 97 60 65 83 18 99 77 70 44 51 55 50 19 14 65 13 83 87 64 38 79 98 68 47 2 7 39 23 15 26 51 24 81 80 95 96 31 83 45 34 6 100 11 64 33 88 51 64 43 27 43 24 20 31 9 5 85 9 32 2 24 85 68 28 32 72 74 55 41 26 77 14 31 11 7 58 24 73 74 58 60 31 79 23 13 20 17 59 6 10 12 92 1 92 27 
61 73 93 60 37 83 71 27 20 42 73 65 83 13 26 13 5 2 23 21 82 89 69 31 5 36 9 27 81 100 33 14 58 41 11 68 19 21 97 88 39 20 27 12 98 53 42 26 36 66 19 6 56 16 1 96 39 3 60 78 63 88 55 90 96 8 84 67 17 3 54 66 48 20 89 57 42 26 65 45 47 69 34 46 82 77 74 90 76 18 2 1 29 51 57 31 63 56 30 32 52 17 2 4 65 51 53 86 22 12 83 85 72 84 71 74 27 18 34 19 5 39 17 65 25 81 81 79 
35 6 34 68 44 39 97 15 30 47 20 93 32 46 45 7 94 60 49 89 2 53 88 87 48 5 84 60 5 40 26 66 2 74 70 44 70 42 91 8 84 45 86 10 49 96 4 1 30 57 62 39 78 93 50 2 18 84 82 84 16 80 40 14 87 25 64 89 95 5 17 29 56 52 60 2 98 90 28 29 24 45 6 42 23 82 61 29 92 42 46 5 63 99 65 46 75 38 26 72 64 24 75 22 75 44 61 9 28 82 6 4 84 45 3 82 31 82 70 57 41 96 62 91 17 25 93 33 
89 70 19 68 85 64 3 46 75 21 22 14 86 63 96 94 18 79 2 21 80 5 55 35 66 39 18 49 51 20 27 12 78 75 34 82 60 74 57 16 86 10 22 68 25 88 41 23 97 60 8 84 61 100 12 81 14 39 41 85 31 49 13 97 22 13 17 8 61 57 65 23 44 31 53 90 54 32 95 35 35 15 58 31 47 9 5 80 21 65 50 85 18 8 54 68 54 46 87 36 41 71 26 87 19 24 36 22 84 77 28 45 63 37 43 71 54 48 99 35 73 79 42 98 30 52 15 82 
12 4 56 16 70 54 68 96 81 84 23 55 60 92 68 26 88 25 27 87 65 90 22 89 47 38 44 62 87 63 83 49 53 21 63 98 41 21 1 11 61 8 14 83 52 6 68 17 75 17 86 71 88 28 55 20 9 100 57 96 17 94 2 87 33 49 52 34 45 10 25 28 45 27 45 10 34 91 4 64 93 72 9 14 22 41 38 82 51 38 30 12 4 47 21 35 25 26 54 71 48 98 10 1 69 15 41 62 46 100 34 89 57 76 88 38 28 75 30 46 20 61 46 60 70 84 85 55 
44 92 66 36 48 18 25 31 54 19 33 32 52 91 77 36 3 49 83 91 43 74 64 54 58 26 2 98 85 53 90 11 28 16 62 56 95 61 17 55 25 67 87 92 66 12 26 24 87 30 76 93 66 94 38 88 66 11 16 1 28 58 68 8 88 42 75 90 91 91 68 22 41 37 87 62 17 50 3 8 88 34 14 60 31 89 58 12 33 9 77 58 53 21 67 55 25 87 4 42 76 71 39 65 71 3 4 8 23 60 64 40 94 7 25 78 76 8 10 9 44 13 58 77 92 94 95 99 
37 37 76 19 12 75 8 72 38 27 10 22 48 75 71 98 96 20 77 23 18 28 11 51 78 57 2 95 67 70 73 58 14 95 81 48 45 36 79 92 89 95 14 48 12 13 3 71 42 55 59 65 69 15 41 95 28 94 93 62 84 42 62 47 77 80 64 40 21 100 100 27 17 7 72 93 49 55 9 63 16 89 53 39 16 86 86 63 90 11 77 91 84 60 85 26 59 12 24 23 29 9 21 23 59 55 47 95 11 45 39 7 49 58 34 49 15 32 65 23 43 49 77 86 21 66 29 66 
20 98 10 71 3 31 43 33 83 79 28 70 94 77 64 74 73 65 2 37 1 37 37 70 80 26 9 38 92 58 4 35 29 97 75 98 50 83 90 80 90 67 30 41 33 4 95 80 65 21 73 13 26 48 75 94 55 70 99 46 62 13 31 9 6 3 46 34 97 96 56 79 25 34 40 56 44 54 82 62 73 97 30 45 89 71 89 34 46 97 97 33 59 23 94 65 26 100 78 37 15 60 24 44 91 72 94 68 2 90 27 91 38 15 52 60 25 92 93 81 38 22 2 20 51 1 53 90 
82 80 26 39 7 79 52 3 6 30 66 44 57 75 49 71 57 49 97 41 40 78 8 57 86 60 38 71 92 6 99 76 63 68 85 23 35 69 80 62 4 86 87 37 95 48 26 77 15 26 59 63 95 24 98 60 52 3 66 4 62 76 74 50 93 73 28 56 99 13 40 33 46 67 69 63 90 57 85 70 88 66 9 49 35 77 13 77 31 96 88 89 30 97 27 15 85 55 47 27 33 66 51 3 79 25 98 35 94 77 12 99 56 52 11 63 90 2 10 31 90 18 32 27 57 70 9 69 
84 68 54 19 55 38 11 12 2 4 100 6 16 31 3 19 36 47 21 38 75 36 29 1 11 1 97 80 27 50 56 15 81 97 68 94 9 15 55 34 73 1 72 52 13 27 50 49 26 32 56 17 60 73 50 43 45 39 33 69 68 51 39 22 97 52 57 50 21 82 20 49 28 58 24 22 20 64 15 53 85 89 27 39 34 4 21 77 52 25 58 7 87 16 23 95 49 96 81 10 22 46 33 69 55 53 49 2 29 1 49 63 27 53 62 50 27 9 13 22 10 27 55 29 34 73 27 78 
68 51 12 56 1 41 94 78 5 29 78 45 45 78 95 100 89 28 24 67 85 6 9 17 86 49 78 20 70 100 93 67 96 77 81 24 48 4 22 47 95 22 71 27 66 87 42 8 89 48 14 23 70 90 89 40 88 33 56 80 24 74 40 33 83 77 98 40 33 12 5 25 21 32 80 99 83 9 36 35 97 16 7 97 97 47 6 14 65 97 58 16 6 14 25 75 82 34 49 84 92 79 10 82 50 61 21 13 94 3 19 42 59 44 11 33 44 38 48 17 16 10 34 5 91 19 45 87 
84 15 38 86 85 66 21 98 49 100 75 95 68 35 28 100 83 7 78 12 98 22 3 67 24 30 73 35 37 88 13 96 64 32 35 51 3 70 8 20 85 67 42 34 10 58 9 12 73 14 40 96 53 24 97 23 66 86 71 90 41 91 46 12 38 12 19 87 96 67 87 10 86 97 64 29 60 94 17 97 75 47 10 16 28 7 54 49 68 10 63 23 34 8 97 95 74 11 8 73 23 69 21 34 96 37 31 95 35 17 26 51 48 27 27 21 83 22 53 21 75 64 13 43 67 79 38 88 
21 92 92 88 23 65 52 80 49 58 17 3 75 72 23 92 98 23 72 79 50 25 1 3 75 40 61 77 41 2 14 71 56 27 91 86 2 14 68 7 75 12 61 15 50 12 72 33 44 93 90 81 91 48 3 44 95 53 43 18 31 57 47 60 90 41 5 68 42 42 6 10 20 99 91 13 2 80 39 6 2 50 29 89 62 64 74 94 20 2 31 94 33 34 3 100 71 32 74 6 56 20 74 78 89 99 38 82 50 11 13 20 15 94 22 59 65 50 57 20 91 14 39 90 15 40 64 39 
41 26 94 25 17 23 58 40 68 20 10 98 28 91 38 64 58 38 14 94 15 53 97 57 18 21 23 38 43 14 44 38 96 89 20 50 7 66 6 34 55 70 47 50 13 89 47 1 49 95 94 45 47 40 76 96 1 2 67 82 69 56 100 21 32 62 83 27 11 100 67 64 86 50 83 94 63 62 8 36 44 4 5 32 43 9 66 12 75 89 33 45 35 85 21 12 64 70 7 71 22 42 55 40 56 42 6 77 62 4 98 59 32 1 82 88 31 22 49 4 15 47 42 93 61 36 92 16 
26 8 13 35 5 14 53 12 4 16 30 17 100 72 82 50 85 41 14 75 20 61 14 75 41 97 92 7 90 92 7 8 27 8 33 77 82 68 1 57 15 86 82 82 87 33 8 96 38 94 76 39 3 67 22 25 83 28 48 86 44 13 95 17 10 47 46 67 21 3 16 64 8 84 47 57 18 5 85 28 11 94 91 43 29 96 20 51 22 34 50 16 12 75 79 86 15 2 99 61 38 86 82 51 84 58 16 22 36 18 88 90 55 80 18 24 15 35 8 31 43 19 76 87 79 5 2 90 
42 27 2 78 66 91 37 15 40 2 16 69 90 61 19 6 63 54 48 58 18 20 51 26 100 74 14 89 46 43 24 96 78 25 70 48 51 44 83 29 81 54 13 15 77 73 71 71 22 29 20 55 73 53 20 8 58 37 52 87 3 96 3 16 87 2 84 62 97 28 33 60 62 95 30 8 16 71 28 7 49 70 18 78 15 14 77 65 89 22 40 85 22 22 56 76 91 54 18 12 14 20 72 18 15 37 18 50 76 99 27 10 17 96 17 32 19 10 61 96 83 36 59 91 86 43 73 71 
75 19 42 45 56 56 38 64 63 85 82 81 9 31 14 47 25 99 43 34 23 100 34 9 56 2 54 86 3 69 66 18 65 66 38 79 65 47 31 5 47 79 66 77 57 42 69 69 32 69 37 7 49 97 19 53 15 55 2 22 14 27 4 46 7 64 48 62 31 31 80 51 12 45 30 10 43 1 31 72 100 18 51 29 76 46 15 45 7 58 84 6 36 10 75 7 54 28 58 95 59 91 10 89 62 99 69 53 28 89 1 94 31 42 14 16 94 16 8 18 30 64 50 47 45 69 80 15 
28 84 9 88 83 60 28 18 89 85 22 49 13 100 68 40 86 75 32 64 59 2 12 63 27 18 10 22 50 1 26 6 84 2 42 31 42 30 73 43 7 96 48 93 83 36 41 96 49 66 81 99 16 69 42 22 80 64 4 91 80 44 52 65 76 90 81 27 72 63 3 1 57 17 59 22 30 69 96 21 33 64 92 5 19 8 31 56 69 8 79 48 88 46 36 66 5 97 86 79 13 20 45 17 59 9 84 67 78 41 17 49 13 13 35 26 43 11 71 18 78 59 78 80 18 12 97 87 
10 90 11 80 43 18 6 55 73 67 13 11 92 35 78 30 63 47 5 73 75 67 33 48 69 100 24 13 34 22 70 68 57 73 24 31 99 24 94 81 89 55 90 42 5 97 80 40 96 34 89 92 66 78 68 31 18 93 86 12 77 57 84 27 37 79 64 99 95 20 48 10 41 11 68 49 54 83 43 9 52 56 35 6 27 100 17 34 14 37 49 95 13 85 87 12 26 64 21 39 98 88 59 87 7 50 38 1 100 97 21 33 97 45 82 15 73 37 62 39 13 93 15 21 76 28 52 95 
60 25 15 48 53 70 24 55 97 3 5 16 85 46 72 59 99 74 59 70 43 6 8 36 27 37 19 29 88 78 87 29 94 49 95 99 80 32 60 88 16 97 44 73 9 80 84 6 24 96 67 23 97 34 5 69 68 51 98 54 47 6 54 68 13 2 57 33 10 94 90 60 43 29 17 70 6 18 64 62 60 85 18 77 12 35 34 64 13 66 26 2 13 78 37 24 6 95 51 30 88 95 76 50 92 45 82 68 38 41 71 71 41 34 30 53 2 20 58 80 93 57 39 49 95 24 56 23 
96 17 8 10 78 12 52 51 29 68 64 91 22 82 54 47 88 45 64 32 15 42 45 46 2 62 40 30 33 58 5 49 27 90 15 19 88 78 16 58 66 33 82 93 8 48 22 88 20 55 58 33 75 10 98 86 43 13 45 40 28 70 13 90 72 19 84 78 31 60 85 70 41 30 60 30 95 27 29 11 59 98 56 46 34 21 11 22 4 8 68 100 58 79 88 62 1 63 11 69 84 54 72 66 79 58 69 31 16 46 33 95 100 5 14 98 93 95 24 56 13 96 3 73 88 87 20 9 
40 84 66 18 84 9 9 89 79 31 43 32 46 98 73 66 98 48 71 66 68 65 73 73 11 27 47 78 71 91 4 8 34 14 64 11 36 27 89 48 21 10 11 76 80 81 27 85 89 53 47 5 9 98 25 100 100 30 35 97 4 37 17 58 42 84 91 26 57 42 77 59 59 93 52 80 24 64 5 38 31 11 70 22 80 60 20 26 19 11 34 55 35 57 10 30 14 88 29 57 71 42 55 24 82 9 92 84 10 42 64 33 80 47 81 12 85 96 90 77 69 27 66 79 30 87 78 69 
75 40 85 65 26 90 54 57 53 24 38 82 85 77 19 12 26 1 96 86 77 13 27 18 48 52 54 51 98 42 67 30 51 26 15 24 21 26 2 12 24 27 11 59 41 74 1 55 6 1 46 12 45 34 55 7 8 41 83 99 85 87 96 3 72 87 81 70 44 81 65 74 19 62 88 42 91 30 65 78 67 44 41 75 68 10 55 50 53 9 90 85 30 7 13 36 38 90 65 40 51 13 86 80 31 94 91 89 53 70 65 13 6 88 33 19 10 9 87 38 86 28 20 40 52 22 30 13 
40 32 11 28 37 2 65 73 2 59 92 99 45 94 38 53 38 79 99 83 83 60 25 83 78 23 3 44 85 97 93 37 9 38 54 66 18 7 10 45 100 21 91 13 83 75 75 93 72 95 15 14 5 62 42 98 84 69 60 38 20 3 16 86 36 73 63 50 65 86 99 41 94 8 48 35 62 16 74 4 92 59 6 82 65 4 63 25 88 68 6 12 40 18 80 74 83 3 24 40 49 89 27 31 14 74 49 57 56 68 86 41 34 20 47 3 5 59 27 22 24 83 39 37 42 28 41 65 
64 81 6 86 32 60 19 41 88 77 42 86 1 93 75 22 93 15 9 74 94 42 54 70 72 54 90 77 77 11 89 72 63 77 87 78 40 92 27 82 75 35 4 42 82 99 21 59 39 72 42 51 18 65 96 8 20 55 67 44 60 15 17 58 12 27 86 98 36 91 12 83 98 59 31 31 39 93 3 90 43 100 5 14 91 70 10 13 62 21 9 5 11 36 31 3 75 58 81 33 98 96 70 34 89 9 49 98 15 18 78 92 30 70 34 32 93 10 73 44 95 62 60 83 13 67 88 6 
32 67 73 7 5 96 45 86 97 87 73 19 39 77 100 39 55 33 60 10 75 47 44 70 91 13 68 38 3 53 44 2 83 48 77 31 94 73 65 7 78 45 100 49 51 27 33 20 44 5 38 58 61 49 82 30 5 36 58 11 28 81 54 8 48 11 94 70 50 92 38 75 81 86 31 19 39 15 2 44 58 5 53 50 12 38 7 68 25 22 77 79 83 20 44 71 10 30 45 68 2 19 16 80 21 91 38 50 98 23 4 88 92 54 24 93 38 58 35 95 78 1 18 63 90 30 59 7 
78 32 30 48 60 38 12 31 20 36 18 78 88 65 26 7 36 52 74 59 93 66 99 32 99 87 32 72 84 87 57 9 61 47 83 15 16 72 92 81 98 38 52 36 35 27 71 96 74 61 12 36 58 17 32 66 76 41 64 32 93 9 98 43 15 99 41 30 68 14 25 49 50 94 35 51 48 17 11 67 90 34 40 11 80 73 27 37 74 95 97 66 18 2 87 80 23 70 84 42 90 35 53 37 40 73 88 30 99 18 95 70 46 6 94 52 56 7 83 53 56 55 28 34 86 97 47 23 
50 5 32 77 24 22 20 38 73 41 7 86 5 1 56 11 39 32 57 98 62 22 4 55 23 6 69 70 2 58 51 2 40 82 46 66 49 92 18 64 50 18 48 90 21 12 41 49 16 83 46 31 97 58 94 65 60 49 33 4 99 4 91 98 87 60 53 23 33 83 28 48 50 97 1 47 34 14 48 58 38 16 47 82 74 31 5 63 13 4 30 18 43 34 71 31 47 91 42 46 85 64 59 69 28 29 94 72 77 39 56 3 32 89 37 42 25 30 33 54 96 3 48 3 6 40 66 73 
3 89 15 35 21 6 56 27 68 5 68 41 46 6 19 35 74 58 29 46 100 21 55 95 66 9 11 47 28 30 50 9 27 40 49 12 99 26 28 59 7 13 17 40 17 13 22 71 17 55 80 27 14 74 15 52 24 29 59 85 92 87 68 11 1 59 90 12 20 5 59 76 79 14 71 39 14 30 44 35 64 81 69 71 47 97 96 35 18 80 73 79 71 78 78 55 66 10 58 85 33 19 43 3 57 87 50 1 50 13 76 24 86 23 41 35 43 76 34 27 74 71 75 8 6 52 27 13 
88 66 60 55 17 15 87 16 47 66 72 40 58 13 10 86 41 27 16 23 41 95 92 100 25 56 42 37 20 66 91 32 27 21 22 40 59 47 87 71 76 76 38 6 79 67 93 30 15 34 77 68 74 20 75 50 62 34 18 46 30 10 2 84 42 95 46 86 56 22 37 45 35 62 68 40 42 41 42 34 19 86 69 64 53 51 55 5 50 82 98 92 40 21 50 17 81 37 93 57 18 64 71 43 67 75 84 80 48 45 61 46 26 3 57 98 56 51 23 78 9 18 11 61 29 58 54 69 
21 8 22 66 41 96 27 14 45 11 12 19 89 98 94 81 99 78 90 59 46 9 69 53 45 38 84 21 59 49 6 52 10 75 16 100 17 55 46 57 41 91 1 59 77 23 77 8 83 47 51 21 100 89 58 8 59 45 74 96 35 6 38 46 44 98 73 45 68 32 36 1 68 100 32 90 97 94 40 31 73 77 55 98 81 52 16 23 30 23 11 30 15 83 45 34 93 93 62 80 28 47 62 67 11 58 19 24 2 78 32 81 16 55 35 82 82 19 32 61 41 90 36 52 6 42 9 62 
40 79 85 26 53 85 27 99 95 39 47 78 97 24 78 73 94 71 65 32 40 81 27 37 64 11 23 80 2 50 82 84 69 1 88 11 12 99 100 92 70 68 74 97 94 16 63 51 96 80 73 30 29 71 92 79 58 41 100 43 99 8 88 80 90 39 15 91 4 57 14 41 87 35 38 33 50 11 72 98 41 12 66 61 21 73 65 91 28 31 17 77 33 65 70 96 68 96 10 54 11 22 43 92 20 15 26 50 35 19 57 90 93 56 8 32 83 76 35 48 56 25 16 89 46 6 74 77 
38 96 7 4 76 41 6 47 29 21 47 60 11 45 84 44 86 32 1 85 35 4 62 48 55 47 71 18 4 15 3 77 91 20 85 40 5 74 75 11 82 80 31 10 28 20 24 42 44 9 81 25 38 22 94 31 30 88 44 29 14 63 35 39 51 52 36 43 2 44 32 92 75 67 90 66 89 54 34 99 74 74 82 27 68 56 90 67 35 82 22 94 30 86 49 82 97 10 33 76 1 38 13 63 32 50 11 28 93 47 76 71 78 29 48 8 13 100 51 96 34 45 4 13 81 86 42 46 
100 35 5 56 78 32 63 32 68 29 57 7 34 19 83 91 58 68 28 82 83 80 88 75 100 38 38 34 92 45 33 100 3 59 22 12 19 86 46 16 70 6 66 14 56 15 14 91 66 92 69 56 19 35 52 69 3 25 85 56 36 56 19 54 88 22 97 98 10 7 48 50 54 36 26 41 85 56 33 36 31 94 24 87 65 77 68 13 99 63 73 99 85 78 27 71 59 48 81 55 65 8 7 79 100 93 62 20 40 17 27 36 33 98 83 12 17 85 69 100 20 67 79 65 89 99 42 29 
88 62 82 3 50 53 18 87 77 64 38 93 62 82 40 99 68 94 96 77 27 63 67 12 31 28 18 25 50 6 49 73 98 50 100 97 7 1 57 94 74 86 53 24 86 40 53 9 96 66 7 95 26 11 92 34 56 89 96 44 87 10 5 50 72 51 25 13 52 15 65 11 30 5 95 73 25 82 20 27 83 24 4 78 92 91 34 8 97 99 77 30 30 68 61 11 54 33 32 57 10 12 34 18 92 88 1 72 28 83 16 77 84 32 76 19 61 35 72 80 56 93 94 88 13 71 41 80 
6 56 100 68 25 26 67 61 81 19 82 64 74 94 5 100 28 90 19 99 45 18 58 1 87 61 29 44 67 49 54 13 18 67 90 16 12 85 11 69 78 60 98 62 66 91 69 43 65 27 11 33 17 86 74 10 8 21 71 72 42 37 60 54 26 11 18 4 19 26 77 89 43 6 19 42 85 33 88 40 81 45 71 76 50 59 83 100 19 15 5 44 91 66 87 55 58 30 34 38 8 61 58 14 95 25 96 17 30 29 45 28 12 80 86 14 98 40 23 86 22 67 32 98 8 23 87 40 
2 11 58 7 39 44 55 40 35 75 77 61 67 99 92 33 95 71 51 35 57 30 52 56 56 87 32 100 71 9 76 88 65 54 39 32 75 55 34 84 11 96 50 24 55 42 13 77 32 70 70 74 33 63 25 62 77 90 53 63 76 75 32 41 3 91 65 91 25 71 5 2 95 22 61 20 86 47 77 16 41 99 61 10 77 60 63 55 52 53 14 48 7 36 67 74 83 10 50 45 56 82 31 56 65 94 33 96 58 75 60 31 26 6 40 42 97 63 29 61 78 23 86 9 27 58 27 17 
8 76 3 40 92 45 91 64 33 93 89 90 34 65 1 97 29 20 50 89 63 46 33 88 76 92 33 43 84 1 82 93 66 73 86 61 37 89 22 72 55 38 18 9 23 100 90 93 51 15 68 82 91 55 11 28 81 15 89 94 4 25 76 74 52 71 46 77 91 21 13 49 53 94 50 21 67 29 89 45 61 7 14 74 32 37 54 65 24 65 8 2 100 11 17 23 84 77 33 91 8 8 8 46 42 44 62 86 5 38 80 40 25 88 3 62 69 38 27 9 21 37 44 88 21 1 48 89 
80 80 76 34 41 61 13 65 72 70 60 41 41 19 6 48 61 23 78 58 24 34 2 19 100 13 9 80 27 41 19 51 71 39 79 69 75 80 59 5 30 13 99 31 79 99 11 79 42 28 21 81 67 80 4 55 86 53 49 25 36 61 15 65 12 79 35 20 14 48 6 56 98 52 5 59 28 17 91 68 56 29 88 79 70 72 64 22 1 76 65 71 28 30 12 40 28 78 74 65 87 72 80 50 78 57 53 10 39 75 50 99 2 70 42 38 83 47 94 20 72 3 62 15 52 78 98 22 
30 75 100 1 100 25 24 79 46 33 92 18 63 80 97 84 49 89 75 20 91 6 54 30 55 80 65 71 81 48 45 81 30 90 19 12 21 8 77 32 25 17 85 94 94 32 85 78 7 13 57 74 99 87 93 13 79 55 44 87 84 27 5 100 22 78 55 64 57 34 78 12 37 76 63 6 23 36 15 14 72 61 41 59 4 73 55 14 11 82 53 17 86 73 26 15 95 44 57 74 61 34 19 12 23 12 29 64 55 7 49 33 88 78 92 62 68 20 97 4 80 90 36 3 64 54 79 61 
44 79 18 54 26 53 93 28 33 38 28 57 59 97 85 92 42 84 82 5 27 62 29 9 27 50 61 11 2 61 99 49 23 33 47 55 92 6 76 57 4 56 78 56 27 41 44 77 64 14 62 21 58 94 77 82 53 22 56 59 67 55 37 25 18 16 54 50 14 88 82 7 70 93 63 1 21 20 76 90 84 30 56 18 44 18 59 1 46 84 41 43 30 60 82 36 70 12 82 63 92 96 59 27 74 12 13 81 52 7 67 59 92 25 63 15 73 71 74 89 43 86 56 38 39 81 97 25 
64 48 93 51 95 78 73 38 23 47 86 23 51 15 92 10 6 59 23 9 7 77 76 95 98 99 50 61 91 41 85 83 73 55 76 53 64 34 73 58 82 27 60 97 52 79 94 74 13 100 22 35 46 92 31 34 47 87 13 35 51 80 58 41 91 62 62 84 73 84 8 66 26 3 33 27 80 57 54 84 75 23 24 46 97 61 100 49 9 53 98 95 24 76 93 66 70 56 97 64 85 60 12 5 74 75 40 5 37 10 59 72 85 61 6 32 21 52 40 64 29 7 100 54 77 16 96 62 
74 45 35 93 83 79 8 70 43 90 77 60 31 49 59 16 36 22 83 21 50 93 8 63 9 75 4 27 96 17 19 65 90 11 81 68 83 36 2 61 45 87 27 62 30 35 48 23 88 78 49 25 94 87 22 9 88 36 86 4 97 28 93 82 66 69 79 80 9 96 63 15 76 40 20 39 64 76 75 63 63 74 83 70 60 80 63 22 23 40 7 5 65 6 100 54 59 48 65 82 86 55 31 36 4 78 55 48 3 15 79 62 71 45 25 85 27 80 89 11 16 29 91 29 11 11 44 65 
91 43 77 99 60 45 86 90 15 89 9 67 31 80 50 32 95 15 38 1 91 21 77 17 68 21 51 61 75 43 91 10 86 94 52 2 97 88 63 7 42 98 79 85 57 11 42 52 50 52 46 15 26 2 31 99 84 44 13 81 42 29 99 53 88 35 59 3 43 68 34 94 52 55 76 56 3 85 70 45 1 70 83 63 6 91 40 44 76 17 54 91 92 42 70 7 63 76 68 9 21 85 55 65 7 56 78 3 85 22 92 24 48 2 23 82 36 46 28 35 54 16 11 63 55 2 46 14 
1 1 1 1 -1 1 -1 -1 1 -1 1 1 1 1 1 1 1 1 -1 -1 1 1 -1 -1 1 -1 -1 1 -1 1 1 1 1 1 -1 -1 1 1 -1 -1 1 1 -1 -1 -1 1 -1 1 1 1 -1 1 -1 -1 -1 -1 1 1 -1 1 1 -1 1 -1 1 1 -1 1 -1 1 1 1 -1 1 -1 1 1 -1 1 1 1 1 1 -1 1 -1 1 1 1 1 1 1 -1 1 1 1 1 1 1 -1 1 -1 -1 1 1 1 1 -1 1 1 1 -1 1 -1 1 1 1 1 -1 1 -1 -1 1 1 -1 1 -1 1 
1 1 -1 1 1 -1 1 1 1 -1 1 1 1 1 -1 -1 1 -1 1 -1 1 1 1 1 -1 -1 -1 1 -1 -1 -1 -1 1 -1 1 -1 -1 -1 -1 1 -1 1 -1 1 1 1 1 -1 1 1 -1 -1 -1 -1 1 -1 -1 1 1 1 1 1 -1 1 1 -1 1 1 1 -1 1 1 -1 1 -1 1 1 1 -1 1 -1 -1 -1 1 -1 -1 1 1 -1 -1 -1 1 1 -1 -1 -1 -1 1 1 -1 1 -1 1 -1 -1 1 1 1 -1 1 -1 -1 -1 1 -1 -1 1 -1 -1 -1 1 -1 -1 1 1 -1 1 1 
1 -1 1 1 1 -1 -1 -1 1 1 1 1 1 1 -1 1 1 -1 -1 1 -1 -1 -1 -1 -1 -1 1 -1 -1 -1 -1 1 -1 1 1 1 -1 1 1 -1 -1 1 -1 -1 1 1 1 -1 1 1 -1 1 1 1 1 1 1 1 -1 1 -1 1 1 -1 -1 1 1 -1 -1 -1 1 -1 1 1 -1 -1 1 1 -1 -1 -1 1 -1 -1 -1 -1 1 -1 1 -1 1 1 -1 1 -1 1 1 1 1 1 1 1 -1 -1 -1 -1 -1 1 -1 1 -1 -1 1 1 -1 -1 -1 -1 -1 1 1 1 1 1 1 -1 1 1 
1 1 1 -1 -1 -1 -1 1 1 1 -1 -1 1 1 -1 -1 1 -1 1 -1 1 -1 1 1 1 1 1 -1 -1 -1 -1 -1 1 1 -1 1 -1 -1 1 -1 -1 -1 1 1 -1 1 1 -1 1 1 -1 1 1 1 1 -1 1 1 1 1 -1 1 -1 1 -1 -1 -1 1 -1 1 1 1 -1 1 1 -1 1 -1 -1 1 1 -1 -1 -1 -1 1 -1 1 -1 1 1 -1 1 -1 -1 1 1 1 1 1 -1 1 1 1 -1 -1 1 1 1 1 -1 1 1 -1 1 1 -1 -1 1 -1 1 1 1 -1 -1 1 1 1 
-1 1 1 -1 -1 1 1 1 -1 -1 -1 -1 1 -1 -1 1 1 -1 1 1 1 1 -1 -1 -1 1 1 1 1 1 -1 -1 -1 -1 1 1 -1 -1 1 1 1 1 1 -1 -1 1 1 1 -1 1 1 1 -1 1 1 -1 1 1 1 -1 -1 -1 -1 1 1 1 -1 -1 -1 1 -1 -1 -1 1 -1 1 1 1 1 -1 1 1 1 -1 1 -1 1 -1 -1 -1 1 1 -1 1 1 -1 1 1 -1 -1 1 -1 -1 1 -1 1 1 1 1 -1 -1 1 1 1 1 -1 -1 1 1 1 1 1 -1 1 1 1 -1 -1 
1 -1 -1 -1 1 1 1 -1 1 -1 1 1 -1 1 -1 1 -1 1 -1 -1 1 1 -1 1 -1 -1 -1 1 -1 -1 1 1 1 1 -1 1 -1 -1 1 1 1 -1 1 1 1 1 1 -1 1 -1 1 -1 -1 -1 -1 1 -1 -1 1 -1 1 1 1 1 -1 1 -1 1 -1 -1 -1 -1 1 -1 -1 -1 1 -1 1 -1 -1 1 -1 -1 -1 -1 -1 -1 -1 -1 1 1 1 1 1 -1 -1 1 1 1 -1 -1 1 1 -1 1 1 1 -1 1 1 -1 -1 1 1 1 1 -1 -1 1 -1 1 1 -1 1 1 1 -1 
-1 1 -1 -1 1 1 1 1 1 1 1 -1 1 1 -1 1 1 1 1 -1 1 -1 1 -1 -1 -1 -1 1 1 1 -1 1 1 -1 -1 -1 -1 1 -1 -1 -1 -1 1 -1 1 -1 -1 -1 -1 1 -1 -1 1 1 1 -1 1 1 1 1 1 -1 1 1 -1 1 1 -1 -1 1 1 -1 1 1 -1 1 -1 -1 -1 1 -1 1 1 1 1 -1 -1 -1 1 -1 1 -1 -1 1 1 -1 -1 1 1 1 1 1 -1 1 -1 -1 -1 -1 1 1 1 1 1 -1 1 1 1 -1 1 -1 -1 -1 1 -1 -1 1 -1 -1 
-1 1 -1 1 1 -1 1 1 -1 1 -1 -1 -1 1 -1 -1 -1 -1 -1 -1 -1 1 -1 1 -1 1 1 1 1 1 -1 -1 1 -1 -1 1 1 -1 -1 -1 -1 1 1 1 -1 -1 -1 -1 -1 1 1 1 1 -1 1 -1 1 1 -1 -1 -1 -1 -1 -1 1 1 1 -1 -1 1 -1 1 1 1 -1 1 1 -1 -1 -1 1 -1 -1 1 1 -1 1 -1 -1 1 -1 -1 -1 1 1 1 1 1 -1 1 -1 -1 -1 1 -1 -1 1 1 -1 -1 1 -1 -1 -1 1 1 -1 1 -1 -1 -1 1 -1 1 -1 -1 1 1 
1 1 1 1 -1 1 1 -1 -1 -1 -1 -1 -1 -1 1 1 1 1 1 1 1 -1 -1 -1 -1 1 -1 1 -1 -1 1 -1 -1 1 1 -1 1 1 1 1 1 -1 1 -1 -1 -1 1 -1 1 1 -1 1 1 1 1 -1 -1 -1 -1 -1 1 1 1 -1 -1 -1 1 -1 1 -1 -1 -1 -1 1 1 1 -1 1 -1 1 1 -1 -1 1 1 -1 -1 1 1 -1 1 1 -1 -1 -1 1 1 1 1 1 -1 -1 -1 1 -1 1 -1 -1 1 -1 1 -1 -1 -1 1 1 1 -1 -1 1 1 1 1 -1 1 -1 1 -1 
-1 -1 1 1 -1 -1 1 1 -1 1 1 1 1 -1 1 1 1 1 1 1 1 1 -1 1 -1 1 1 -1 -1 1 1 1 -1 -1 1 -1 1 -1 1 -1 1 1 -1 -1 1 -1 -1 -1 -1 -1 1 -1 1 1 -1 -1 1 -1 -1 1 1 1 -1 1 -1 -1 -1 -1 -1 -1 1 -1 -1 1 -1 1 -1 -1 1 1 1 1 1 1 -1 1 -1 -1 1 1 -1 1 -1 -1 1 -1 -1 1 1 -1 1 1 1 1 1 -1 1 1 1 -1 1 1 -1 -1 1 -1 -1 1 -1 1 1 1 -1 1 -1 -1 1 1 
1 1 1 -1 -1 1 1 -1 -1 1 1 -1 -1 1 -1 1 -1 -1 1 -1 1 -1 1 1 -1 -1 1 -1 -1 1 1 1 1 -1 -1 1 -1 1 1 -1 1 -1 1 1 1 1 1 1 -1 -1 1 1 -1 -1 1 1 -1 -1 -1 -1 -1 -1 -1 -1 -1 1 -1 1 1 -1 1 -1 -1 -1 1 1 1 -1 1 -1 1 1 -1 -1 1 1 -1 1 -1 1 1 1 -1 1 -1 -1 1 1 1 -1 1 1 1 1 -1 -1 1 1 1 -1 -1 1 -1 -1 -1 1 -1 -1 1 -1 1 1 -1 -1 1 1 -1 1 
1 1 1 -1 -1 1 -1 -1 -1 1 -1 -1 1 1 -1 1 1 -1 1 -1 1 1 1 -1 -1 -1 -1 -1 1 1 -1 -1 1 -1 1 -1 -1 -1 -1 1 1 1 1 -1 1 1 1 1 1 -1 -1 1 1 -1 1 -1 -1 -1 -1 -1 -1 1 -1 1 1 1 -1 -1 1 -1 -1 1 1 -1 1 -1 1 1 -1 1 -1 1 -1 1 1 1 1 1 -1 1 -1 -1 -1 -1 1 -1 1 1 1 1 -1 -1 -1 -1 1 1 1 1 1 -1 -1 1 1 -1 1 1 1 -1 -1 -1 1 1 1 -1 -1 -1 -1 -1 
1 1 1 1 1 -1 1 -1 -1 1 -1 1 -1 1 1 1 1 -1 1 1 -1 -1 1 -1 -1 1 1 -1 -1 1 1 -1 1 1 -1 1 1 -1 -1 -1 1 1 1 1 1 -1 1 -1 -1 1 1 1 -1 1 -1 1 -1 -1 -1 1 1 1 1 1 1 -1 1 1 1 1 -1 1 1 1 -1 -1 -1 -1 -1 -1 -1 1 -1 -1 1 -1 1 -1 1 -1 1 1 1 1 1 1 -1 1 -1 1 -1 -1 -1 1 1 1 -1 1 1 1 1 1 -1 1 -1 -1 -1 1 -1 1 1 -1 -1 1 1 1 -1 -1 
1 1 1 1 -1 1 1 1 -1 -1 1 1 1 -1 1 -1 1 1 -1 -1 1 1 -1 1 -1 -1 -1 1 -1 1 1 1 -1 1 -1 1 1 -1 1 1 -1 1 1 -1 -1 1 1 -1 1 -1 -1 1 1 -1 -1 1 1 1 -1 -1 1 1 -1 -1 1 -1 -1 -1 -1 1 1 1 1 1 1 -1 -1 -1 1 1 -1 1 -1 -1 -1 1 -1 -1 -1 -1 1 1 -1 1 1 -1 -1 1 1 1 1 1 1 -1 1 -1 -1 1 -1 1 -1 -1 1 -1 1 -1 -1 1 1 -1 1 -1 1 1 1 -1 -1 -1 
1 -1 -1 -1 -1 -1 -1 -1 1 1 -1 -1 1 1 -1 -1 1 1 -1 -1 1 1 1 -1 -1 -1 -1 1 -1 -1 1 1 1 -1 -1 -1 -1 -1 -1 1 -1 1 -1 1 1 -1 -1 1 1 -1 -1 -1 -1 -1 -1 1 1 1 -1 1 1 -1 1 1 -1 1 -1 -1 -1 1 -1 1 1 1 1 -1 -1 -1 1 1 1 1 -1 -1 -1 1 -1 -1 -1 -1 -1 -1 -1 1 -1 -1 1 1 -1 1 -1 1 1 1 1 -1 1 -1 1 -1 -1 -1 -1 1 1 1 1 -1 -1 1 1 -1 1 -1 -1 1 -1 -1 
1 -1 1 -1 1 1 1 -1 1 1 1 1 1 -1 -1 1 -1 -1 1 1 -1 -1 -1 1 -1 1 1 -1 1 1 1 1 -1 1 -1 -1 -1 -1 1 1 1 1 -1 -1 1 -1 -1 1 1 1 1 1 1 -1 1 -1 -1 1 -1 1 -1 -1 1 1 1 1 -1 -1 -1 -1 1 1 1 -1 1 1 -1 1 -1 1 1 -1 -1 -1 -1 -1 -1 1 1 1 1 1 1 -1 1 1 -1 -1 1 -1 1 -1 1 1 -1 1 1 -1 1 -1 -1 -1 -1 -1 1 -1 -1 1 1 1 -1 1 -1 -1 -1 1 1 -1 
1 1 1 1 1 -1 1 -1 1 1 -1 1 1 1 1 -1 -1 -1 -1 -1 -1 -1 1 1 -1 1 -1 1 -1 1 -1 -1 1 -1 -1 1 -1 1 1 -1 -1 -1 1 -1 1 1 -1 -1 1 -1 1 1 -1 -1 1 -1 -1 -1 -1 -1 1 -1 -1 -1 1 1 -1 -1 -1 -1 -1 1 1 1 -1 -1 1 1 -1 -1 1 -1 -1 1 -1 1 1 1 -1 -1 -1 -1 -1 1 1 1 -1 1 1 1 -1 1 1 -1 1 1 -1 1 -1 -1 1 -1 -1 -1 -1 1 -1 -1 1 1 1 1 -1 -1 -1 1 -1 1 
1 -1 -1 -1 -1 1 1 -1 1 1 -1 -1 -1 1 1 -1 -1 -1 -1 1 -1 1 1 -1 1 -1 -1 -1 1 1 1 -1 -1 1 1 1 -1 1 1 -1 -1 -1 -1 1 -1 1 1 -1 -1 -1 1 1 1 -1 -1 1 1 1 1 -1 -1 1 1 -1 -1 -1 1 1 -1 -1 -1 -1 1 -1 1 -1 -1 1 -1 1 1 -1 1 1 1 -1 -1 -1 -1 -1 1 -1 -1 1 1 -1 -1 -1 -1 1 1 1 1 1 1 1 1 -1 -1 -1 1 -1 1 1 1 -1 1 -1 1 -1 -1 1 -1 -1 1 1 1 1 
-1 1 -1 1 1 -1 1 -1 1 1 1 1 1 -1 -1 1 -1 -1 -1 1 -1 -1 1 -1 1 -1 1 1 -1 -1 1 1 -1 1 -1 -1 1 1 -1 1 -1 -1 1 -1 1 -1 -1 1 -1 1 -1 -1 1 1 1 -1 -1 -1 -1 1 1 -1 -1 1 1 -1 -1 1 1 -1 1 1 -1 1 -1 1 -1 -1 -1 -1 1 -1 -1 1 1 1 1 -1 -1 1 1 -1 1 -1 1 1 1 -1 1 1 -1 -1 -1 -1 1 1 1 -1 -1 1 1 -1 1 1 -1 1 -1 1 1 -1 -1 -1 1 1 -1 -1 1 -1 
-1 -1 1 -1 1 -1 -1 -1 1 1 -1 -1 1 -1 -1 1 -1 1 1 -1 1 -1 -1 -1 -1 1 1 1 -1 1 -1 -1 1 1 1 1 1 -1 1 1 -1 -1 1 1 -1 1 -1 -1 -1 1 1 -1 -1 -1 -1 -1 1 -1 -1 1 1 -1 -1 -1 1 -1 1 1 1 1 -1 1 1 1 1 1 1 -1 -1 1 1 -1 -1 1 1 -1 -1 1 1 -1 1 1 -1 1 1 -1 -1 1 -1 1 -1 1 -1 -1 -1 1 -1 -1 -1 -1 1 1 -1 -1 1 -1 1 -1 1 1 1 -1 -1 -1 -1 -1 1 1 
1 1 -1 1 1 1 1 -1 1 1 1 1 -1 1 1 -1 -1 -1 -1 1 -1 1 1 -1 1 1 -1 -1 1 -1 -1 -1 -1 -1 1 1 -1 -1 1 1 1 1 -1 1 -1 -1 -1 -1 -1 1 -1 1 -1 1 -1 -1 1 1 1 1 1 1 -1 -1 -1 -1 1 1 -1 1 1 1 -1 -1 -1 1 -1 1 1 -1 -1 -1 1 -1 -1 1 -1 1 1 1 1 -1 -1 -1 1 1 -1 -1 -1 -1 -1 1 1 -1 1 1 -1 1 1 -1 1 1 1 1 -1 1 1 1 -1 1 1 1 -1 -1 1 1 1 -1 
1 1 -1 -1 1 1 -1 1 -1 1 -1 1 -1 1 1 -1 -1 1 -1 -1 1 -1 1 -1 -1 -1 1 -1 -1 -1 1 -1 1 -1 1 -1 -1 -1 -1 1 -1 -1 1 -1 1 -1 1 1 1 1 -1 1 1 1 -1 -1 -1 1 -1 -1 1 -1 1 -1 1 1 1 -1 1 1 1 -1 -1 1 -1 -1 1 1 -1 1 -1 1 1 1 -1 1 1 1 1 -1 -1 -1 1 1 -1 1 -1 -1 -1 -1 -1 1 -1 1 1 -1 1 1 1 -1 1 -1 -1 -1 1 1 1 1 -1 -1 -1 1 -1 -1 -1 1 1 1 
-1 1 -1 1 -1 -1 1 -1 -1 -1 1 1 1 -1 1 -1 1 1 1 -1 1 1 1 -1 -1 -1 -1 1 1 -1 1 1 -1 -1 1 1 1 -1 1 1 -1 -1 1 -1 -1 -1 1 1 -1 1 1 -1 1 1 1 -1 -1 -1 1 1 1 -1 -1 1 -1 1 -1 1 1 -1 1 -1 -1 -1 -1 -1 -1 1 -1 -1 1 -1 1 1 1 1 1 -1 1 1 1 -1 -1 1 1 -1 -1 1 -1 1 1 1 -1 -1 -1 1 1 1 -1 1 1 -1 -1 1 1 1 -1 -1 -1 -1 1 -1 1 1 -1 1 -1 1 
-1 1 -1 1 -1 1 -1 1 -1 1 1 -1 -1 1 -1 1 1 -1 -1 -1 -1 -1 -1 1 1 -1 1 -1 -1 -1 -1 1 -1 1 1 -1 -1 -1 1 1 1 1 1 1 1 -1 -1 -1 1 -1 1 1 1 -1 1 1 1 -1 -1 -1 1 -1 1 -1 -1 1 -1 1 -1 -1 1 1 1 -1 1 1 1 -1 -1 -1 1 -1 1 -1 -1 -1 -1 1 1 -1 -1 1 1 1 1 1 1 -1 -1 -1 -1 1 -1 1 1 -1 1 -1 -1 -1 -1 -1 -1 -1 1 -1 -1 -1 -1 1 1 -1 1 -1 1 1 1 1 
1 -1 -1 1 -1 -1 -1 -1 -1 -1 -1 -1 -1 -1 -1 -1 -1 1 1 -1 1 -1 -1 1 -1 1 1 1 -1 -1 1 -1 1 1 -1 -1 1 -1 1 -1 1 1 1 -1 -1 -1 -1 1 1 -1 -1 -1 -1 -1 1 -1 1 1 1 1 1 -1 1 1 -1 1 -1 -1 -1 1 -1 1 1 -1 1 -1 1 1 1 -1 -1 1 1 1 -1 1 -1 1 1 1 -1 -1 1 -1 1 -1 1 -1 1 -1 1 -1 1 -1 -1 1 -1 -1 1 -1 -1 -1 -1 1 -1 1 1 -1 1 1 1 1 -1 -1 1 -1 -1 1 
-1 -1 -1 1 1 -1 -1 1 1 1 -1 -1 1 -1 -1 1 1 -1 -1 1 1 -1 -1 -1 1 -1 1 1 -1 -1 -1 1 -1 -1 -1 1 1 -1 1 1 1 -1 -1 1 -1 -1 1 -1 1 1 -1 -1 -1 1 -1 -1 1 -1 -1 -1 -1 1 -1 -1 1 1 1 -1 1 -1 1 -1 1 -1 1 -1 1 1 1 -1 -1 -1 -1 -1 -1 -1 1 1 -1 1 -1 1 -1 1 1 1 1 -1 1 -1 1 -1 1 1 -1 -1 1 1 1 -1 -1 -1 1 -1 -1 1 -1 1 1 -1 1 -1 1 -1 1 1 1 1 
-1 -1 1 1 1 -1 -1 1 -1 1 1 -1 1 -1 -1 1 -1 -1 1 1 -1 1 -1 1 1 1 -1 -1 -1 1 1 1 1 -1 1 1 1 -1 -1 1 1 -1 -1 -1 -1 1 -1 -1 1 1 1 1 -1 -1 1 1 -1 1 1 1 -1 1 -1 -1 1 -1 1 -1 1 1 1 1 -1 -1 1 -1 -1 1 -1 1 1 1 1 1 1 1 1 1 1 -1 1 -1 -1 -1 -1 -1 1 1 -1 -1 1 -1 -1 1 -1 1 -1 1 -1 1 1 -1 -1 -1 -1 -1 -1 1 -1 1 1 1 -1 -1 1 -1 -1 -1 
1 1 -1 -1 1 1 1 1 1 -1 -1 -1 -1 1 1 -1 1 -1 1 1 -1 -1 1 -1 1 1 -1 -1 -1 -1 -1 -1 -1 -1 1 1 1 -1 1 -1 1 -1 -1 1 -1 1 1 1 1 -1 1 -1 -1 -1 -1 1 -1 -1 -1 1 1 1 1 -1 -1 1 1 -1 -1 1 1 -1 -1 -1 1 -1 -1 -1 -1 1 1 -1 -1 -1 -1 1 -1 1 -1 1 1 1 -1 -1 -1 -1 1 1 1 -1 -1 -1 -1 1 1 -1 1 1 -1 1 -1 1 1 -1 -1 1 1 -1 1 -1 -1 1 1 -1 -1 1 -1 1 
-1 -1 -1 -1 1 -1 1 1 -1 -1 -1 1 -1 -1 -1 1 -1 1 -1 -1 1 -1 1 -1 -1 -1 -1 -1 1 1 1 -1 -1 -1 -1 1 1 1 -1 -1 -1 1 -1 -1 -1 1 1 1 -1 1 1 1 -1 1 -1 1 1 -1 -1 -1 -1 1 1 1 -1 -1 1 -1 -1 -1 -1 -1 -1 1 -1 -1 1 1 1 -1 -1 1 -1 -1 1 -1 -1 1 1 -1 1 -1 1 -1 1 -1 1 1 1 -1 1 -1 1 -1 1 1 -1 1 -1 1 -1 1 -1 -1 1 1 -1 1 -1 1 1 -1 -1 -1 1 1 -1 -1 
1 -1 -1 -1 1 -1 1 1 -1 1 1 1 1 1 -1 1 1 1 -1 1 -1 -1 -1 -1 -1 -1 1 -1 1 1 1 1 -1 -1 -1 -1 -1 -1 1 -1 1 1 1 -1 -1 -1 1 -1 1 -1 1 1 1 1 -1 1 1 1 -1 1 -1 -1 -1 -1 -1 -1 1 -1 1 1 1 -1 1 -1 1 1 1 1 1 -1 1 1 -1 1 -1 1 -1 -1 1 -1 -1 -1 -1 1 1 -1 -1 1 -1 -1 -1 1 -1 -1 1 -1 1 1 1 1 1 1 1 -1 -1 -1 -1 1 -1 1 1 -1 -1 -1 1 -1 1 -1 
1 -1 -1 -1 -1 1 -1 -1 1 1 1 -1 1 1 1 1 -1 1 1 -1 -1 1 1 -1 1 -1 1 -1 1 1 1 1 1 -1 1 1 1 -1 -1 1 1 1 -1 -1 -1 -1 1 -1 -1 1 1 1 1 -1 -1 1 1 1 1 -1 1 1 1 1 1 1 1 -1 1 1 -1 -1 1 1 1 -1 -1 1 -1 1 1 1 1 -1 1 -1 -1 1 -1 -1 -1 1 -1 -1 -1 -1 -1 -1 -1 1 -1 1 1 -1 -1 -1 -1 1 -1 1 -1 -1 1 1 -1 1 1 1 1 -1 -1 1 -1 -1 1 1 -1 -1 
1 -1 1 -1 -1 1 1 -1 -1 1 1 -1 -1 1 1 1 -1 -1 1 -1 -1 -1 1 1 -1 1 1 -1 -1 1 1 1 1 -1 -1 1 1 -1 -1 -1 1 1 1 -1 1 -1 1 -1 1 1 1 -1 1 1 -1 -1 1 1 -1 1 1 -1 -1 1 -1 -1 -1 1 -1 1 1 -1 1 -1 1 -1 -1 1 1 -1 1 1 1 1 1 -1 -1 1 -1 1 -1 1 -1 -1 1 -1 1 -1 1 -1 1 -1 1 -1 1 -1 -1 -1 -1 1 1 1 -1 1 1 -1 -1 -1 1 1 1 1 -1 -1 1 -1 -1 -1 
1 1 -1 1 -1 1 1 1 -1 -1 1 1 1 -1 1 -1 1 -1 -1 1 -1 1 -1 -1 1 -1 1 -1 -1 -1 1 1 1 -1 1 1 -1 1 1 1 1 1 1 1 -1 -1 1 1 1 -1 1 -1 1 1 1 -1 -1 -1 -1 -1 -1 1 1 -1 -1 1 1 -1 -1 1 1 -1 1 1 -1 -1 -1 -1 -1 -1 -1 -1 1 1 1 1 1 -1 -1 -1 1 -1 1 1 1 -1 1 -1 1 1 -1 1 1 -1 1 -1 -1 -1 1 1 -1 -1 -1 -1 -1 -1 1 -1 -1 1 1 1 1 -1 1 1 1 1 
1 -1 1 1 -1 1 -1 -1 1 -1 -1 -1 1 1 -1 1 -1 1 1 1 -1 -1 -1 1 1 -1 -1 -1 -1 -1 -1 -1 -1 -1 -1 -1 -1 1 -1 -1 -1 -1 -1 1 1 1 -1 1 1 -1 1 -1 -1 -1 1 1 -1 -1 -1 1 -1 -1 -1 1 -1 -1 1 -1 -1 1 1 -1 -1 1 1 1 1 -1 -1 -1 1 -1 1 1 1 1 1 1 -1 1 1 -1 -1 1 -1 1 -1 -1 -1 1 1 1 1 1 -1 -1 1 1 1 -1 -1 -1 -1 1 1 -1 1 -1 -1 1 1 1 1 1 1 1 -1 1 
-1 1 1 -1 1 -1 -1 -1 1 1 -1 1 -1 -1 -1 -1 -1 1 -1 1 1 1 1 1 -1 -1 1 1 -1 -1 1 -1 1 -1 1 1 1 -1 1 1 -1 -1 -1 -1 -1 -1 1 1 1 -1 1 1 -1 1 1 -1 -1 -1 -1 -1 -1 -1 1 -1 1 1 1 1 -1 1 -1 -1 -1 1 -1 -1 -1 -1 1 1 1 -1 1 -1 -1 1 1 -1 1 -1 -1 1 1 -1 -1 -1 -1 1 -1 1 1 -1 1 1 -1 -1 1 1 -1 -1 -1 -1 -1 -1 -1 -1 -1 1 -1 -1 -1 1 -1 -1 1 1 -1 -1 
-1 -1 1 1 1 1 -1 1 -1 -1 1 -1 1 1 -1 -1 1 1 -1 1 1 -1 1 -1 -1 1 1 1 1 -1 1 1 1 -1 1 1 1 -1 1 -1 -1 -1 1 1 -1 1 1 -1 1 1 -1 -1 -1 -1 -1 -1 1 -1 -1 -1 1 -1 -1 -1 1 -1 1 -1 1 -1 1 1 -1 1 1 -1 1 1 1 1 -1 -1 -1 1 -1 1 1 -1 -1 -1 1 -1 -1 1 1 -1 -1 1 -1 1 -1 1 1 -1 -1 -1 1 -1 1 1 1 -1 1 -1 1 1 -1 1 1 -1 1 -1 1 1 -1 -1 1 1 
1 -1 -1 -1 -1 -1 -1 1 1 1 -1 -1 1 1 -1 -1 -1 -1 1 1 -1 -1 1 -1 1 1 1 1 1 -1 1 1 -1 -1 1 1 1 1 -1 -1 1 -1 1 -1 -1 1 -1 1 -1 -1 -1 -1 1 -1 1 -1 -1 1 1 1 1 -1 -1 1 -1 -1 -1 -1 1 -1 1 -1 -1 1 1 -1 -1 -1 1 -1 -1 -1 1 1 -1 -1 1 1 -1 1 -1 -1 -1 1 1 -1 1 1 -1 -1 1 1 1 1 1 -1 -1 -1 1 -1 -1 -1 1 1 -1 -1 1 -1 -1 1 -1 -1 1 1 1 -1 1 1 
1 -1 1 -1 -1 -1 1 -1 1 -1 1 -1 -1 -1 -1 -1 1 1 1 -1 -1 -1 -1 -1 -1 -1 -1 -1 1 -1 -1 -1 1 1 -1 -1 1 -1 -1 1 1 -1 1 -1 1 1 1 -1 -1 -1 -1 1 -1 1 -1 -1 1 -1 -1 1 -1 -1 -1 1 1 1 1 -1 -1 -1 1 -1 1 -1 -1 -1 -1 1 1 1 1 -1 -1 1 1 -1 1 1 1 -1 1 1 -1 -1 1 -1 1 1 1 -1 -1 1 1 -1 1 1 1 -1 1 1 -1 1 -1 -1 1 -1 1 1 1 1 1 -1 -1 -1 -1 1 -1 -1 
-1 -1 1 1 1 1 -1 -1 1 1 1 -1 -1 1 -1 1 1 1 -1 1 1 -1 1 1 1 1 -1 1 -1 1 -1 -1 1 -1 1 1 -1 -1 1 -1 1 1 1 -1 -1 -1 1 -1 -1 1 -1 -1 -1 -1 -1 1 1 -1 1 1 1 -1 1 1 1 1 -1 1 -1 -1 1 1 1 -1 1 1 -1 1 -1 1 1 -1 1 1 1 1 -1 -1 -1 1 -1 -1 1 -1 -1 -1 -1 1 -1 -1 1 1 -1 -1 1 -1 -1 -1 1 1 1 -1 1 -1 1 -1 1 -1 -1 1 -1 -1 -1 1 1 1 1 -1 
-1 1 -1 -1 1 1 -1 -1 1 -1 -1 1 -1 1 1 1 -1 -1 1 1 1 1 1 1 -1 1 1 -1 -1 -1 1 -1 1 -1 1 -1 -1 1 -1 1 -1 -1 1 -1 1 -1 1 -1 -1 -1 1 1 1 1 -1 1 -1 -1 -1 1 1 -1 -1 1 1 -1 -1 1 -1 1 1 -1 -1 1 -1 -1 -1 -1 1 -1 1 1 -1 -1 1 1 1 -1 -1 -1 -1 1 -1 1 1 -1 1 1 1 1 -1 -1 -1 1 1 1 -1 1 1 1 -1 -1 -1 1 -1 -1 1 -1 1 -1 1 -1 1 1 -1 -1 1 -1 
1 -1 -1 -1 1 1 -1 -1 1 1 1 1 1 -1 -1 1 -1 -1 -1 -1 1 -1 -1 1 1 1 1 1 -1 1 1 1 1 -1 -1 -1 1 1 1 -1 1 -1 -1 -1 -1 1 -1 1 1 1 1 1 1 -1 1 -1 1 1 -1 1 1 1 1 1 -1 1 1 1 -1 1 1 1 1 -1 1 1 -1 -1 1 -1 -1 -1 -1 1 1 1 -1 1 -1 -1 1 -1 -1 1 -1 -1 1 1 -1 1 -1 -1 -1 -1 -1 -1 1 -1 -1 -1 1 1 1 1 -1 1 1 1 -1 -1 1 1 1 -1 1 -1 -1 -1 
1 1 1 -1 1 -1 -1 1 -1 1 -1 1 1 1 1 1 -1 -1 -1 -1 1 -1 -1 1 1 -1 -1 -1 1 1 1 1 1 -1 -1 -1 -1 -1 1 -1 -1 1 1 -1 -1 1 1 1 1 -1 -1 -1 -1 1 1 1 1 -1 -1 -1 1 -1 -1 1 -1 1 -1 1 1 1 1 -1 -1 1 -1 -1 -1 -1 -1 -1 1 1 1 1 1 1 -1 -1 1 1 -1 -1 1 1 1 -1 -1 -1 1 1 1 -1 1 1 -1 -1 -1 -1 1 -1 -1 -1 1 1 1 1 1 -1 -1 -1 1 -1 -1 -1 -1 -1 1 -1 
-1 -1 -1 1 1 1 1 1 1 -1 1 1 1 1 -1 -1 1 -1 1 1 -1 1 1 1 1 -1 -1 -1 -1 1 -1 1 1 -1 -1 1 1 1 1 1 -1 1 1 1 1 -1 1 -1 1 1 -1 1 1 1 1 -1 -1 1 1 -1 1 -1 -1 -1 -1 1 1 1 -1 1 1 -1 1 -1 -1 1 -1 1 -1 1 -1 1 -1 1 -1 -1 -1 1 -1 -1 -1 1 1 1 1 1 -1 -1 1 -1 -1 1 1 1 1 -1 -1 1 -1 1 1 -1 -1 1 1 1 1 1 1 1 -1 -1 -1 -1 1 1 -1 -1 
-1 1 -1 1 -1 1 -1 1 -1 -1 1 -1 1 -1 1 -1 -1 1 -1 1 1 -1 -1 1 -1 1 -1 1 -1 -1 -1 -1 1 1 -1 1 -1 -1 -1 -1 -1 -1 1 -1 -1 -1 1 -1 -1 1 -1 -1 -1 1 -1 1 -1 -1 1 1 -1 -1 -1 -1 1 1 -1 -1 1 1 -1 1 1 1 -1 -1 -1 -1 -1 1 1 1 -1 1 1 -1 1 1 -1 -1 1 1 1 1 -1 1 -1 -1 -1 1 -1 -1 -1 1 -1 -1 1 -1 1 -1 1 -1 1 -1 -1 1 1 -1 -1 -1 1 -1 1 1 -1 1 1 -1 
-1 1 1 -1 -1 1 1 -1 -1 1 1 1 1 -1 1 1 1 -1 1 -1 -1 1 -1 1 -1 -1 -1 -1 -1 -1 -1 1 -1 1 -1 -1 -1 1 -1 1 -1 -1 1 -1 1 1 -1 -1 -1 1 -1 1 -1 1 -1 -1 1 -1 1 -1 1 1 -1 -1 -1 1 1 -1 1 1 -1 -1 -1 -1 -1 1 -1 -1 -1 1 1 -1 -1 1 1 -1 -1 -1 -1 1 -1 -1 -1 1 1 1 -1 -1 -1 -1 -1 1 1 1 1 1 1 1 1 -1 -1 1 -1 1 -1 -1 1 -1 1 -1 1 -1 -1 1 -1 1 -1 -1 
1 1 1 1 1 1 -1 -1 -1 -1 1 1 -1 1 -1 -1 1 1 -1 1 -1 -1 -1 -1 -1 -1 1 1 1 -1 -1 -1 -1 1 -1 1 1 1 -1 -1 1 1 -1 -1 1 -1 1 1 -1 -1 1 1 -1 1 -1 1 -1 1 1 1 1 -1 1 1 -1 1 -1 -1 1 1 -1 -1 1 1 -1 -1 -1 -1 -1 1 -1 1 1 -1 -1 1 1 -1 -1 -1 -1 -1 1 -1 -1 -1 1 1 -1 1 -1 1 -1 1 1 1 1 -1 1 -1 -1 1 -1 1 1 -1 1 -1 1 1 1 -1 1 -1 -1 1 -1 1 
-1 1 1 1 1 1 -1 -1 1 -1 1 1 1 1 -1 -1 -1 1 -1 -1 -1 1 1 -1 -1 1 -1 1 1 1 1 1 1 -1 1 1 -1 1 1 1 -1 1 1 1 -1 1 1 -1 1 -1 -1 -1 1 -1 1 -1 -1 1 1 -1 1 -1 1 -1 1 1 1 -1 -1 1 1 -1 -1 -1 1 1 1 1 -1 1 -1 -1 1 -1 -1 1 -1 -1 1 1 1 1 -1 1 1 1 -1 -1 1 -1 1 1 1 -1 1 1 -1 -1 -1 1 -1 1 -1 1 -1 -1 1 -1 -1 1 -1 -1 -1 -1 -1 1 1 1 
1 -1 -1 -1 1 -1 -1 -1 -1 -1 1 1 -1 -1 1 1 -1 -1 1 -1 -1 1 1 -1 1 -1 -1 1 1 -1 -1 -1 1 1 1 -1 1 -1 -1 -1 1 1 -1 -1 -1 1 -1 -1 -1 1 1 1 -1 -1 1 -1 -1 1 -1 1 -1 -1 -1 -1 1 1 1 -1 -1 1 1 -1 -1 -1 1 1 1 -1 -1 1 -1 1 -1 1 1 1 1 1 1 -1 1 -1 1 -1 1 -1 -1 1 1 -1 1 -1 -1 1 -1 1 -1 1 1 1 -1 1 1 1 -1 -1 -1 -1 1 -1 1 1 -1 1 -1 -1 1 1 
1 1 1 1 -1 1 -1 -1 1 -1 -1 1 -1 1 1 1 1 -1 -1 -1 -1 1 -1 1 1 1 1 1 -1 1 -1 1 1 1 1 1 -1 -1 -1 -1 1 1 1 -1 -1 -1 1 -1 -1 1 -1 -1 1 1 1 1 1 -1 -1 1 -1 1 1 1 1 1 1 -1 -1 1 -1 -1 1 1 -1 -1 1 -1 -1 -1 1 -1 -1 1 -1 1 1 -1 -1 1 1 1 1 -1 1 1 1 -1 1 1 1 -1 -1 -1 1 -1 -1 1 1 -1 -1 -1 -1 -1 1 1 -1 1 -1 -1 1 1 1 1 -1 1 1 -1 
1 1 1 1 1 -1 1 1 1 -1 -1 -1 1 -1 -1 1 -1 -1 1 1 1 1 1 -1 -1 1 1 -1 1 -1 1 1 -1 -1 -1 1 -1 -1 1 -1 1 -1 1 1 1 -1 -1 1 1 1 1 -1 -1 -1 -1 -1 -1 1 1 -1 -1 -1 1 1 1 -1 -1 -1 1 1 1 -1 1 -1 1 -1 1 1 1 -1 1 -1 1 -1 1 -1 1 1 -1 -1 1 -1 1 1 1 1 1 -1 -1 -1 1 -1 -1 1 -1 1 -1 -1 -1 1 1 1 -1 1 1 -1 1 -1 1 1 1 -1 1 1 -1 -1 -1 -1 
-1 -1 -1 -1 1 1 -1 1 -1 1 1 -1 1 -1 -1 1 1 1 -1 1 -1 -1 1 1 -1 -1 1 1 1 1 1 1 1 1 1 -1 -1 -1 -1 1 1 -1 -1 -1 -1 1 -1 1 -1 1 1 1 1 1 -1 -1 -1 1 -1 1 1 1 1 1 -1 -1 1 1 1 1 -1 1 1 -1 1 1 1 -1 1 1 1 1 -1 -1 1 -1 1 1 -1 -1 -1 -1 -1 -1 -1 -1 1 1 -1 -1 1 -1 1 1 -1 -1 -1 1 -1 1 1 -1 1 1 1 -1 1 1 -1 1 1 -1 1 1 1 1 1 1 
1 -1 1 1 1 -1 -1 1 1 -1 1 1 1 1 -1 1 1 1 -1 -1 1 1 -1 1 -1 -1 1 -1 1 1 1 -1 -1 -1 1 -1 -1 1 -1 1 1 -1 1 -1 1 1 -1 1 -1 -1 1 -1 -1 1 -1 -1 1 -1 1 1 1 1 1 -1 -1 -1 -1 1 1 -1 1 -1 1 -1 1 1 1 1 -1 1 1 1 -1 1 1 -1 1 1 1 1 -1 1 1 -1 -1 1 -1 1 1 -1 1 1 -1 1 -1 1 -1 1 1 -1 -1 1 1 1 1 -1 1 -1 1 1 -1 -1 -1 1 1 -1 -1 1 
-1 -1 1 1 -1 -1 1 1 1 1 -1 1 -1 1 -1 1 -1 1 1 -1 -1 1 1 1 -1 -1 -1 -1 -1 1 1 1 1 -1 -1 -1 1 -1 -1 1 1 -1 1 -1 -1 -1 1 -1 1 -1 1 -1 -1 1 -1 -1 -1 1 1 1 1 1 -1 -1 1 1 -1 1 -1 1 1 -1 1 -1 1 -1 -1 1 -1 1 1 -1 -1 1 -1 -1 -1 -1 1 -1 -1 -1 -1 1 -1 -1 1 1 -1 -1 -1 1 1 -1 1 -1 1 1 -1 -1 -1 1 1 1 1 -1 -1 1 -1 1 -1 1 -1 -1 -1 -1 1 -1 
-1 -1 1 1 1 -1 1 -1 1 1 -1 -1 1 -1 -1 -1 -1 -1 1 -1 1 1 1 -1 -1 1 -1 -1 1 1 -1 1 1 -1 1 -1 -1 1 -1 1 -1 1 1 1 1 1 -1 -1 1 -1 1 1 1 1 -1 1 1 -1 1 1 1 -1 -1 -1 1 -1 1 1 1 -1 -1 -1 1 -1 -1 -1 -1 -1 -1 1 -1 1 -1 -1 1 1 1 -1 -1 1 1 -1 1 -1 -1 1 1 1 -1 -1 -1 1 1 1 1 -1 1 -1 -1 1 -1 -1 -1 1 -1 1 -1 1 -1 -1 -1 -1 1 1 -1 1 -1 1 
-1 1 1 1 1 -1 1 1 1 -1 1 1 -1 -1 -1 1 1 -1 1 -1 -1 -1 1 1 1 -1 1 -1 -1 -1 -1 -1 1 1 1 -1 1 -1 -1 -1 1 1 1 -1 -1 -1 1 1 1 -1 -1 -1 -1 -1 -1 1 -1 -1 1 1 1 1 1 1 1 -1 1 1 1 1 1 -1 1 -1 -1 1 -1 1 -1 1 1 -1 -1 -1 1 1 -1 -1 1 1 1 1 1 -1 -1 -1 -1 1 1 -1 -1 -1 1 1 1 1 1 -1 1 1 -1 -1 -1 -1 -1 1 -1 -1 -1 1 -1 1 1 -1 1 -1 1 -1 
-1 -1 1 -1 -1 1 -1 -1 -1 -1 1 -1 1 1 1 -1 -1 1 -1 -1 -1 -1 -1 1 -1 -1 1 1 1 1 1 -1 -1 1 -1 -1 -1 -1 1 1 -1 1 -1 1 -1 1 -1 -1 1 -1 -1 -1 -1 1 1 -1 1 -1 1 1 1 -1 -1 1 1 1 -1 1 -1 -1 1 -1 -1 1 -1 1 -1 1 1 1 1 1 1 -1 -1 1 1 -1 1 1 1 -1 -1 1 -1 1 -1 1 -1 -1 1 -1 -1 1 -1 -1 1 -1 1 1 -1 -1 1 -1 -1 1 1 1 -1 1 -1 -1 -1 -1 -1 1 1 1 
1 -1 1 1 1 -1 1 1 -1 1 -1 -1 -1 1 1 -1 -1 1 -1 1 1 -1 -1 1 1 1 -1 -1 1 1 1 1 -1 -1 -1 1 -1 1 1 -1 1 1 -1 -1 1 -1 -1 -1 1 -1 -1 1 -1 1 -1 1 -1 -1 1 1 1 1 1 1 1 -1 1 1 1 -1 -1 1 -1 1 1 1 1 -1 1 -1 1 -1 -1 1 -1 1 -1 1 1 1 -1 -1 1 1 -1 1 1 1 -1 -1 1 1 -1 -1 -1 1 -1 -1 1 1 -1 -1 -1 -1 -1 -1 1 -1 1 1 1 -1 1 1 -1 -1 -1 1 
1 1 1 1 1 -1 1 1 -1 -1 -1 -1 -1 1 1 1 -1 1 -1 -1 1 1 -1 -1 1 -1 1 -1 -1 1 1 1 -1 -1 -1 -1 1 -1 -1 -1 1 -1 1 -1 -1 1 1 1 -1 1 1 -1 1 -1 -1 -1 -1 -1 1 -1 -1 -1 -1 -1 -1 1 1 -1 1 -1 1 1 1 1 -1 1 1 -1 1 -1 1 1 1 -1 -1 -1 -1 1 1 -1 1 -1 -1 1 1 -1 1 1 1 1 -1 -1 -1 1 -1 -1 1 -1 -1 1 -1 1 1 1 -1 -1 -1 1 1 -1 -1 1 1 1 1 -1 -1 1 
-1 1 -1 1 1 1 1 -1 -1 -1 -1 -1 -1 -1 -1 -1 -1 1 -1 -1 1 -1 1 -1 1 -1 1 -1 -1 -1 1 -1 -1 -1 -1 -1 1 -1 1 -1 -1 -1 1 1 1 1 1 -1 -1 1 -1 1 1 1 1 1 1 1 -1 -1 -1 1 1 -1 1 -1 1 1 1 1 -1 -1 -1 -1 -1 1 -1 -1 1 -1 1 1 1 1 -1 1 -1 1 1 1 -1 -1 -1 -1 -1 -1 1 1 1 -1 -1 1 1 -1 -1 -1 1 -1 -1 -1 -1 -1 1 1 -1 1 -1 1 1 -1 -1 -1 -1 -1 1 1 1 -1 
1 1 1 1 -1 -1 1 -1 -1 1 -1 -1 1 -1 1 1 -1 -1 1 1 1 -1 1 -1 1 -1 1 1 -1 1 -1 1 -1 1 -1 -1 1 1 1 1 1 -1 -1 1 -1 1 -1 1 1 -1 1 1 1 1 1 1 1 -1 -1 -1 1 -1 -1 -1 1 -1 1 1 -1 1 1 -1 -1 -1 1 1 -1 1 -1 -1 -1 1 -1 1 1 -1 -1 1 -1 1 1 -1 1 -1 -1 1 -1 -1 1 -1 1 -1 -1 -1 1 -1 1 -1 -1 -1 -1 1 -1 -1 1 1 -1 -1 1 1 -1 1 -1 1 -1 -1 1 1 
1 1 -1 -1 -1 1 1 -1 1 1 -1 -1 1 1 1 -1 1 -1 1 1 1 1 1 1 1 -1 -1 1 -1 -1 1 1 -1 -1 -1 1 1 -1 1 1 1 1 1 -1 1 1 1 -1 -1 -1 1 1 1 1 1 1 1 -1 -1 1 1 -1 1 1 -1 -1 1 -1 -1 1 1 -1 1 -1 1 1 1 -1 -1 1 -1 1 -1 1 -1 -1 -1 1 -1 -1 -1 1 -1 -1 1 -1 1 1 1 1 1 1 1 -1 1 -1 1 1 1 -1 1 -1 1 1 -1 1 -1 1 -1 -1 1 -1 1 -1 -1 1 -1 1 
-1 1 1 1 -1 1 -1 -1 1 1 -1 1 1 1 -1 -1 -1 1 -1 -1 1 -1 -1 -1 -1 1 1 1 1 -1 1 -1 1 -1 -1 -1 -1 -1 -1 -1 1 -1 -1 -1 1 -1 -1 -1 1 -1 1 1 1 -1 1 -1 1 -1 1 -1 -1 -1 1 1 -1 1 -1 -1 1 1 -1 1 -1 -1 -1 -1 1 1 1 1 1 1 1 -1 1 -1 -1 -1 -1 -1 1 1 -1 -1 1 -1 -1 1 1 1 1 -1 -1 -1 -1 -1 -1 -1 -1 -1 1 1 -1 1 -1 1 1 1 1 -1 -1 1 1 -1 1 1 -1 1 
1 -1 1 -1 -1 1 1 -1 1 -1 -1 -1 1 -1 1 1 -1 1 -1 -1 -1 1 -1 1 1 -1 -1 1 1 -1 1 -1 1 -1 1 -1 -1 -1 1 -1 1 -1 -1 -1 -1 1 1 -1 1 1 1 1 -1 -1 1 -1 1 -1 1 -1 1 1 1 1 -1 -1 -1 1 1 1 1 -1 -1 -1 1 1 -1 1 1 1 1 1 1 -1 1 -1 -1 1 1 -1 1 -1 -1 1 1 1 1 -1 1 -1 -1 -1 -1 1 -1 -1 1 -1 -1 -1 -1 -1 1 1 1 1 -1 1 -1 1 -1 1 1 -1 -1 -1 -1 1 
-1 1 -1 1 1 1 1 -1 -1 1 -1 1 1 -1 1 1 -1 -1 1 -1 -1 -1 1 -1 1 -1 -1 -1 1 -1 1 1 -1 1 -1 -1 1 1 1 1 1 1 -1 -1 -1 1 -1 -1 1 1 1 -1 -1 -1 1 1 1 -1 -1 -1 1 1 1 1 1 -1 1 -1 1 -1 -1 1 -1 1 1 -1 1 1 -1 -1 1 -1 -1 1 -1 -1 1 1 1 1 1 -1 1 -1 1 -1 1 -1 -1 -1 -1 1 -1 1 1 1 -1 1 -1 -1 1 1 1 -1 -1 1 1 1 1 1 1 -1 -1 -1 -1 1 -1 1 
1 1 -1 -1 1 -1 -1 1 -1 -1 -1 1 1 1 -1 1 1 -1 1 1 -1 1 -1 -1 -1 1 1 -1 -1 -1 1 -1 -1 -1 1 1 -1 1 1 1 -1 -1 -1 1 -1 -1 1 1 1 1 -1 -1 1 1 1 1 1 -1 1 1 -1 -1 -1 1 1 -1 -1 -1 -1 -1 -1 -1 -1 1 1 1 1 -1 -1 1 1 1 -1 1 -1 1 1 1 -1 1 -1 1 1 1 1 1 1 1 -1 1 1 -1 -1 1 1 -1 -1 -1 -1 1 -1 -1 -1 -1 -1 -1 -1 1 -1 1 1 1 1 1 -1 1 -1 -1 
1 -1 1 -1 1 1 1 1 -1 -1 1 1 -1 -1 1 1 1 -1 -1 -1 -1 1 1 1 1 1 -1 1 -1 -1 1 -1 1 -1 1 -1 -1 1 1 -1 1 1 1 1 1 1 1 1 1 -1 -1 -1 1 -1 -1 1 -1 1 -1 -1 -1 1 -1 -1 -1 -1 1 -1 1 -1 1 1 -1 1 1 -1 -1 -1 1 1 1 1 1 1 1 -1 -1 1 -1 1 1 1 1 1 -1 -1 1 -1 1 1 1 1 -1 1 1 1 1 -1 1 1 -1 1 1 1 1 -1 1 -1 1 -1 -1 -1 1 1 1 -1 -1 1 
-1 1 1 -1 -1 -1 1 1 1 -1 -1 -1 1 -1 -1 -1 -1 1 -1 1 1 1 -1 -1 -1 1 1 1 1 1 1 -1 1 1 1 1 -1 1 -1 -1 1 -1 1 -1 1 -1 1 1 1 -1 1 -1 -1 1 1 -1 1 1 1 1 1 -1 -1 1 -1 1 -1 1 -1 -1 -1 1 1 1 1 -1 1 1 -1 1 1 -1 1 -1 1 1 -1 -1 1 -1 -1 1 1 1 1 1 -1 -1 1 -1 1 -1 -1 1 -1 1 1 1 -1 -1 1 -1 1 -1 1 -1 -1 1 1 -1 1 1 1 -1 1 1 -1 -1 
1 1 -1 1 -1 1 -1 -1 -1 -1 1 -1 1 -1 -1 -1 -1 1 1 1 1 -1 1 1 -1 -1 -1 -1 -1 -1 -1 1 -1 -1 1 -1 -1 -1 1 1 1 1 1 -1 -1 -1 -1 -1 -1 -1 1 1 1 1 1 1 1 -1 1 1 -1 -1 1 -1 -1 -1 1 -1 1 1 -1 -1 -1 1 -1 1 1 1 -1 -1 1 1 1 -1 1 1 -1 -1 -1 -1 1 1 -1 1 1 1 -1 -1 -1 -1 -1 -1 -1 1 -1 -1 -1 1 -1 1 -1 1 1 1 -1 -1 -1 -1 1 -1 1 -1 1 1 1 -1 -1 -1 
-1 1 -1 -1 -1 -1 -1 -1 1 -1 1 1 1 -1 -1 -1 -1 -1 1 1 -1 1 1 -1 -1 1 1 -1 -1 1 1 -1 -1 -1 -1 1 1 -1 -1 -1 -1 1 -1 1 1 1 -1 -1 -1 1 1 1 -1 1 1 -1 1 1 1 -1 -1 1 1 1 -1 1 -1 1 1 -1 -1 1 -1 -1 1 -1 1 -1 1 1 -1 -1 1 -1 -1 1 1 -1 1 -1 1 -1 -1 -1 1 1 1 -1 1 1 1 -1 1 -1 -1 1 -1 -1 -1 1 -1 1 1 -1 1 -1 -1 1 -1 1 1 -1 -1 -1 -1 1 1 1 
1 -1 -1 1 1 -1 1 1 -1 -1 -1 -1 1 1 1 -1 -1 -1 -1 1 1 1 -1 -1 1 -1 1 1 -1 1 1 1 1 1 1 -1 -1 -1 -1 1 1 1 1 1 1 1 1 1 1 1 1 -1 1 -1 1 -1 -1 -1 1 1 1 1 1 -1 -1 -1 -1 1 -1 -1 1 -1 1 -1 1 1 -1 -1 1 -1 -1 -1 -1 -1 1 -1 -1 1 1 1 -1 -1 1 1 -1 -1 1 -1 -1 1 -1 1 -1 -1 -1 -1 -1 -1 1 -1 1 -1 1 1 1 1 1 -1 -1 -1 -1 -1 -1 -1 -1 1 -1 -1 
1 1 1 1 -1 -1 1 -1 -1 1 1 -1 -1 1 -1 1 -1 -1 1 -1 1 1 1 1 -1 1 1 1 -1 1 -1 1 1 1 -1 1 1 1 1 1 1 1 1 -1 -1 -1 1 1 -1 1 -1 1 1 -1 1 1 -1 1 -1 1 1 -1 1 -1 -1 1 -1 -1 -1 1 -1 -1 1 1 -1 1 1 1 -1 1 -1 -1 1 1 1 1 1 -1 -1 1 1 -1 1 1 -1 -1 -1 1 -1 1 1 1 1 -1 -1 1 1 1 -1 -1 -1 1 -1 1 -1 -1 1 -1 -1 -1 -1 1 -1 -1 1 1 1 1 
1 1 -1 1 -1 -1 -1 1 -1 -1 -1 1 1 1 1 1 1 -1 1 1 1 -1 -1 1 1 -1 1 -1 -1 -1 -1 -1 -1 -1 -1 1 -1 -1 1 -1 1 -1 -1 1 -1 -1 -1 -1 -1 -1 1 -1 -1 -1 -1 -1 1 1 -1 -1 -1 1 -1 1 -1 1 1 -1 1 -1 -1 1 -1 -1 1 -1 -1 1 -1 1 -1 1 -1 1 -1 1 1 1 1 1 -1 -1 -1 1 -1 -1 1 1 -1 1 -1 -1 1 -1 -1 -1 1 1 -1 -1 1 -1 -1 -1 1 1 1 1 1 1 -1 1 -1 1 1 1 1 -1 
-1 -1 1 -1 -1 1 1 1 -1 -1 -1 1 1 1 1 1 1 1 -1 1 -1 -1 -1 1 1 1 -1 -1 -1 1 1 1 1 -1 -1 -1 -1 1 1 -1 1 -1 1 1 -1 1 -1 -1 1 1 1 1 1 1 1 -1 -1 1 -1 -1 1 -1 -1 -1 -1 -1 1 -1 -1 1 1 -1 -1 -1 -1 -1 -1 1 -1 -1 -1 -1 1 1 1 -1 1 -1 -1 -1 1 1 1 -1 1 1 -1 1 1 -1 1 1 -1 1 -1 -1 1 1 1 -1 -1 -1 -1 -1 -1 1 1 1 -1 -1 1 -1 -1 -1 -1 -1 -1 1 
1 1 1 1 1 -1 1 1 1 1 -1 -1 1 1 1 -1 1 -1 1 1 -1 1 -1 -1 -1 -1 -1 -1 1 -1 1 -1 1 1 1 1 1 -1 -1 1 -1 1 -1 1 -1 1 -1 -1 1 -1 -1 -1 -1 -1 -1 1 1 1 -1 -1 -1 -1 -1 1 1 1 1 1 -1 -1 1 -1 -1 1 -1 1 1 -1 1 -1 -1 1 1 1 1 -1 1 1 1 -1 -1 1 -1 -1 -1 -1 1 -1 1 1 1 -1 -1 -1 1 1 -1 -1 -1 1 -1 1 1 1 -1 -1 1 -1 1 -1 1 -1 -1 -1 1 -1 1 1 
-1 -1 -1 1 -1 -1 -1 -1 1 -1 1 1 -1 1 1 1 -1 1 -1 1 -1 -1 -1 1 1 1 1 1 -1 1 1 1 -1 1 -1 1 1 -1 1 -1 1 -1 -1 -1 -1 -1 1 1 -1 1 1 1 1 -1 -1 -1 1 -1 -1 1 1 -1 1 1 1 1 1 -1 1 1 -1 1 -1 -1 1 1 1 1 1 -1 1 -1 1 -1 -1 -1 1 1 -1 -1 1 1 1 1 -1 -1 -1 1 1 1 -1 -1 1 1 -1 -1 -1 -1 -1 -1 -1 1 -1 -1 1 -1 1 1 1 -1 -1 1 -1 -1 1 1 -1 -1 
1 1 -1 -1 1 -1 1 1 1 1 1 -1 -1 -1 -1 1 -1 -1 1 1 1 -1 -1 1 -1 -1 -1 -1 -1 1 -1 -1 -1 1 -1 -1 -1 -1 1 -1 1 -1 1 -1 1 -1 1 1 -1 -1 1 1 -1 -1 1 1 1 1 1 1 1 -1 1 -1 1 -1 -1 1 -1 1 1 -1 -1 1 1 -1 1 1 -1 1 -1 1 1 1 -1 1 -1 1 1 1 -1 -1 -1 1 -1 -1 1 -1 -1 1 1 1 1 -1 -1 -1 -1 -1 -1 -1 1 -1 -1 1 1 1 1 1 -1 -1 1 -1 1 -1 -1 1 1 1 
1 1 1 1 1 1 -1 1 -1 -1 1 1 -1 -1 -1 -1 1 -1 -1 1 -1 1 -1 1 1 1 -1 -1 1 1 -1 -1 -1 1 -1 1 -1 -1 -1 -1 -1 -1 -1 -1 -1 -1 1 1 1 1 1 1 -1 -1 -1 -1 1 1 -1 -1 1 1 -1 1 1 -1 1 1 1 -1 1 -1 -1 1 1 1 -1 1 1 -1 1 1 1 -1 1 -1 -1 1 -1 -1 1 1 1 -1 -1 1 -1 1 1 1 -1 1 -1 -1 1 1 1 1 -1 1 1 1 1 1 -1 -1 -1 -1 -1 -1 -1 1 1 1 1 1 1 -1 
-1 1 1 -1 1 -1 -1 -1 1 -1 -1 1 -1 -1 -1 1 1 1 -1 -1 1 1 1 -1 1 1 1 -1 1 1 1 1 -1 -1 -1 1 -1 1 1 -1 -1 -1 1 -1 -1 -1 1 -1 -1 1 -1 1 1 -1 1 1 -1 -1 -1 1 -1 1 1 1 -1 -1 1 1 -1 -1 1 1 1 -1 1 1 1 1 -1 1 1 -1 1 -1 1 -1 1 1 -1 -1 -1 1 1 1 -1 1 -1 1 1 -1 -1 -1 1 -1 -1 1 1 -1 1 -1 -1 1 -1 -1 -1 -1 1 -1 1 -1 1 1 1 1 1 1 -1 1 
1 -1 -1 -1 1 1 -1 -1 -1 1 1 -1 -1 1 1 -1 -1 -1 -1 -1 1 -1 -1 -1 1 1 -1 -1 1 1 -1 1 -1 -1 1 1 1 1 -1 1 1 -1 -1 -1 -1 -1 -1 -1 -1 1 1 -1 -1 -1 -1 1 1 1 1 -1 -1 1 1 -1 -1 1 -1 -1 1 1 -1 -1 -1 1 1 -1 1 -1 1 -1 1 1 -1 1 -1 -1 1 1 -1 -1 1 -1 -1 -1 -1 -1 1 1 -1 1 1 1 1 -1 1 1 1 1 -1 -1 -1 1 1 -1 -1 -1 -1 1 -1 -1 -1 1 1 1 -1 1 1 -1 
1 1 -1 1 -1 -1 1 -1 1 1 -1 1 -1 1 1 1 -1 1 -1 1 -1 1 -1 -1 -1 -1 1 1 -1 -1 1 -1 -1 -1 1 1 -1 1 1 -1 -1 -1 1 1 1 1 1 1 -1 -1 1 1 1 1 1 1 -1 -1 -1 -1 1 1 1 -1 1 1 1 -1 1 -1 1 1 -1 -1 -1 1 -1 1 -1 -1 -1 1 -1 1 1 1 1 1 -1 -1 1 -1 -1 1 1 1 -1 1 1 -1 -1 -1 -1 -1 1 -1 -1 -1 1 -1 -1 -1 -1 -1 -1 -1 1 -1 1 -1 -1 -1 1 1 -1 -1 -1 -1 
1 -1 -1 1 1 -1 -1 1 1 1 1 -1 -1 -1 1 1 1 1 1 1 -1 -1 1 1 -1 -1 1 1 -1 1 1 1 -1 1 1 -1 -1 1 1 1 -1 1 -1 1 1 -1 -1 -1 1 1 1 1 1 -1 1 1 1 1 1 -1 -1 1 1 1 1 1 1 1 -1 -1 -1 -1 -1 -1 1 -1 1 1 1 -1 1 -1 -1 -1 -1 1 1 -1 -1 1 1 -1 -1 1 1 1 -1 -1 -1 -1 -1 1 -1 -1 -1 1 -1 1 1 -1 -1 1 1 1 -1 1 -1 1 1 1 1 1 -1 1 1 1 1 1 
1 -1 1 -1 1 1 1 -1 -1 1 1 1 1 1 1 -1 -1 -1 -1 -1 -1 1 -1 -1 1 -1 1 -1 1 1 1 1 -1 -1 -1 -1 -1 -1 -1 1 -1 1 1 1 -1 1 -1 1 -1 -1 1 1 -1 1 -1 1 -1 1 1 1 1 1 1 -1 1 1 -1 1 -1 -1 -1 1 -1 1 -1 1 1 -1 1 1 -1 1 1 -1 -1 1 -1 1 1 1 1 -1 -1 -1 -1 1 1 -1 -1 -1 1 1 -1 -1 1 -1 1 1 1 1 -1 -1 -1 -1 1 -1 1 1 1 -1 -1 -1 1 -1 -1 1 -1 1 
1 -1 -1 -1 1 -1 1 -1 -1 1 -1 -1 -1 -1 -1 -1 -1 1 -1 -1 1 1 1 1 1 -1 1 -1 -1 -1 1 1 1 1 1 -1 1 -1 1 -1 -1 1 -1 -1 -1 1 1 -1 -1 1 -1 -1 -1 -1 -1 1 -1 1 1 -1 -1 1 1 -1 -1 1 1 1 1 -1 1 -1 1 1 1 1 1 1 -1 -1 -1 1 1 1 -1 1 1 1 1 1 -1 1 -1 1 1 1 1 -1 1 -1 1 -1 -1 1 -1 1 1 -1 -1 1 1 1 1 -1 1 -1 1 1 1 1 -1 -1 -1 -1 -1 1 1 1 
-1 1 -1 -1 -1 -1 1 1 1 1 -1 1 -1 -1 -1 -1 1 1 1 1 -1 1 1 -1 1 -1 1 -1 -1 1 -1 1 1 1 -1 1 1 1 1 -1 1 1 1 1 1 -1 -1 1 1 -1 -1 1 1 -1 -1 -1 1 -1 1 1 1 -1 -1 1 1 1 -1 -1 -1 -1 1 1 1 1 -1 1 -1 -1 1 1 -1 -1 1 1 -1 1 -1 1 1 1 -1 1 1 -1 1 -1 -1 -1 -1 -1 -1 -1 -1 1 -1 1 1 1 1 1 1 -1 1 -1 -1 -1 1 1 1 1 -1 1 1 -1 1 1 -1 -1 
1 -1 -1 -1 1 -1 1 1 1 -1 1 1 1 -1 -1 -1 -1 1 1 1 -1 -1 1 -1 -1 -1 1 -1 1 -1 1 1 1 1 -1 -1 -1 1 1 1 1 1 -1 1 1 -1 -1 1 -1 1 1 1 -1 1 1 -1 -1 -1 -1 1 -1 1 1 -1 -1 1 1 1 -1 1 1 -1 1 1 -1 -1 1 1 -1 1 -1 -1 -1 -1 1 -1 1 1 1 -1 -1 1 1 1 1 1 1 1 -1 -1 1 1 -1 1 1 1 -1 -1 -1 1 -1 1 -1 1 1 -1 -1 1 1 1 -1 1 -1 1 1 1 -1 1 
-1 -1 -1 1 -1 -1 -1 -1 -1 1 1 1 -1 1 1 -1 1 -1 1 -1 1 1 1 -1 1 -1 1 1 -1 1 -1 -1 1 1 1 1 -1 -1 1 1 1 1 -1 -1 -1 1 1 1 1 -1 -1 -1 -1 1 1 1 1 -1 1 -1 -1 -1 -1 -1 1 -1 1 1 1 -1 1 1 -1 -1 -1 1 -1 -1 -1 1 1 1 1 1 -1 1 1 -1 -1 -1 -1 -1 1 -1 -1 1 -1 -1 1 1 1 1 1 -1 -1 1 -1 1 -1 1 1 1 -1 -1 -1 -1 1 1 -1 1 1 1 -1 1 1 1 -1 1 
1 1 1 -1 1 -1 -1 1 -1 -1 -1 1 1 -1 -1 -1 1 -1 1 -1 -1 1 1 -1 -1 1 1 -1 -1 -1 -1 -1 1 1 1 1 1 1 -1 1 -1 -1 -1 1 -1 1 -1 1 1 1 1 1 -1 1 -1 1 -1 -1 -1 -1 -1 -1 -1 1 1 -1 -1 -1 1 -1 1 1 1 1 1 -1 -1 1 1 1 1 -1 1 -1 1 1 -1 -1 1 1 1 1 -1 1 1 -1 1 -1 -1 -1 -1 1 -1 1 -1 -1 1 -1 1 -1 1 1 -1 1 1 1 1 -1 -1 1 -1 1 1 -1 -1 -1 1 -1 
1 1 -1 1 -1 -1 -1 -1 1 -1 1 1 -1 -1 -1 1 1 -1 -1 1 1 1 -1 1 1 1 1 1 1 -1 1 1 -1 1 -1 -1 1 1 -1 -1 1 -1 1 1 -1 -1 -1 1 -1 1 1 1 -1 -1 -1 -1 1 1 1 1 1 -1 1 1 1 1 -1 -1 -1 1 -1 1 -1 1 1 1 1 1 1 1 -1 1 1 1 1 -1 -1 -1 -1 -1 1 -1 1 -1 1 -1 1 -1 -1 1 -1 -1 1 -1 1 1 1 1 1 1 -1 -1 1 1 1 1 1 1 -1 -1 -1 1 -1 1 -1 -1 -1 1 
1 -1 1 -1 -1 -1 1 -1 1 1 -1 -1 1 -1 -1 1 -1 -1 -1 1 1 1 1 1 1 -1 1 -1 1 1 -1 -1 -1 -1 1 -1 -1 1 -1 -1 -1 1 -1 -1 -1 -1 1 1 -1 -1 -1 1 1 -1 1 1 1 1 1 -1 -1 -1 1 1 -1 -1 1 -1 1 1 -1 1 -1 1 -1 1 -1 -1 -1 -1 -1 1 1 1 1 -1 1 -1 1 -1 1 -1 -1 1 1 1 1 1 -1 -1 1 1 1 -1 1 1 -1 1 -1 1 1 -1 -1 -1 1 1 -1 1 -1 1 -1 -1 -1 1 -1 -1 1 -1 
1 -1 -1 1 -1 -1 -1 1 -1 1 1 1 -1 -1 -1 1 -1 -1 1 -1 1 -1 1 -1 1 1 -1 1 -1 -1 -1 1 -1 1 -1 -1 1 -1 1 -1 -1 1 -1 -1 1 -1 1 -1 1 -1 -1 1 -1 1 1 1 1 -1 1 1 -1 -1 -1 1 1 1 -1 -1 -1 1 1 1 -1 -1 -1 1 -1 -1 -1 -1 1 1 1 1 -1 -1 1 -1 -1 -1 -1 1 1 1 1 -1 1 -1 -1 1 -1 1 1 -1 -1 -1 1 1 -1 -1 1 -1 -1 -1 1 -1 1 1 1 -1 1 -1 -1 1 1 -1 -1 -1 
1 -1 1 1 1 1 1 -1 1 -1 1 -1 1 1 -1 1 -1 1 1 1 1 -1 1 -1 -1 -1 1 1 1 -1 -1 -1 1 1 -1 1 -1 1 -1 -1 1 -1 -1 1 -1 -1 1 1 1 1 -1 -1 -1 1 1 1 -1 1 -1 1 -1 1 1 1 -1 1 -1 1 1 -1 1 -1 1 -1 1 -1 1 -1 1 1 1 1 -1 -1 -1 -1 1 1 1 -1 -1 -1 -1 -1 -1 -1 1 1 1 -1 1 1 -1 -1 1 -1 1 1 1 1 1 1 -1 -1 -1 -1 -1 1 -1 1 -1 1 -1 1 -1 -1 -1 -1 
1 1 1 -1 1 1 -1 -1 1 1 1 -1 1 1 -1 1 -1 -1 -1 1 -1 -1 -1 1 -1 1 -1 1 -1 -1 1 1 -1 -1 1 -1 -1 1 -1 1 -1 -1 1 1 -1 -1 1 -1 1 -1 -1 1 -1 -1 1 -1 -1 -1 -1 -1 1 1 -1 -1 1 1 1 1 -1 -1 -1 -1 1 1 1 -1 1 1 -1 -1 -1 -1 1 1 1 -1 1 -1 -1 1 -1 1 -1 -1 1 1 1 1 1 -1 -1 1 1 -1 -1 1 -1 1 1 1 1 1 -1 1 -1 -1 1 -1 1 -1 1 -1 -1 1 1 -1 -1 -1 
-1 1 -1 1 -1 1 -1 -1 -1 -1 -1 -1 1 -1 -1 1 -1 -1 1 -1 -1 1 -1 1 1 -1 -1 -1 1 -1 -1 -1 1 -1 1 -1 -1 -1 1 -1 -1 1 1 1 -1 1 -1 1 1 1 -1 1 -1 1 1 -1 1 -1 -1 1 -1 -1 -1 1 1 1 1 -1 -1 1 1 -1 1 -1 1 -1 1 1 -1 -1 -1 -1 -1 1 1 1 -1 1 -1 1 -1 -1 -1 1 1 -1 1 1 -1 1 1 -1 -1 -1 -1 -1 1 -1 1 -1 -1 -1 -1 -1 1 -1 -1 1 -1 -1 -1 1 -1 -1 -1 -1 1 -1 
1 -1 1 -1 1 1 1 1 -1 -1 1 -1 1 1 1 -1 1 1 -1 1 -1 1 1 1 -1 1 -1 -1 -1 1 -1 -1 1 1 -1 1 1 -1 -1 1 1 1 1 1 1 -1 1 -1 -1 1 -1 -1 1 -1 -1 1 1 1 -1 -1 -1 -1 1 -1 1 1 1 1 -1 1 1 1 -1 -1 1 1 -1 1 -1 1 1 -1 1 -1 1 -1 1 -1 1 1 -1 -1 1 1 1 1 1 1 -1 1 -1 1 -1 1 -1 1 1 -1 1 1 1 1 -1 1 1 1 1 1 -1 1 1 1 -1 1 -1 1 -1 -1 
1 -1 -1 -1 1 1 1 1 -1 1 -1 1 1 1 -1 1 1 1 1 1 1 -1 1 1 1 1 -1 -1 1 1 -1 1 1 -1 -1 1 1 1 -1 1 -1 1 1 -1 1 -1 1 1 1 1 -1 -1 -1 -1 -1 -1 -1 1 -1 -1 1 1 1 1 1 -1 1 1 1 -1 -1 -1 1 -1 -1 -1 -1 -1 -1 1 1 -1 1 1 1 -1 1 1 1 1 -1 1 1 1 1 -1 1 1 1 1 1 1 1 -1 1 -1 1 -1 1 -1 -1 -1 1 1 1 1 -1 -1 -1 1 1 1 1 1 1 1 -1 1 
1 -1 1 1 -1 -1 -1 1 1 -1 -1 -1 1 -1 -1 1 1 -1 1 -1 1 1 -1 1 -1 1 -1 -1 -1 -1 -1 -1 -1 1 -1 -1 -1 -1 -1 -1 -1 -1 1 1 1 -1 1 -1 1 1 -1 1 -1 1 -1 1 1 -1 -1 1 -1 -1 1 -1 1 -1 1 1 1 -1 -1 -1 1 -1 -1 -1 1 1 -1 1 1 1 1 -1 1 1 -1 -1 1 -1 -1 1 -1 1 -1 1 1 1 -1 1 1 -1 -1 1 -1 1 1 1 -1 1 -1 -1 -1 -1 -1 -1 1 -1 1 1 -1 -1 1 1 -1 -1 -1 1 
1 -1 1 1 1 -1 -1 1 1 -1 1 1 -1 -1 1 -1 -1 -1 1 -1 -1 -1 -1 1 1 1 1 1 1 -1 -1 1 1 -1 -1 -1 1 1 -1 1 1 -1 -1 -1 -1 1 -1 -1 1 1 1 -1 1 1 -1 -1 1 1 1 -1 1 -1 1 1 1 1 -1 -1 1 1 -1 1 -1 1 -1 1 -1 -1 1 -1 -1 1 1 -1 1 -1 1 1 1 1 1 1 1 1 1 1 1 -1 1 1 1 -1 -1 1 1 1 1 -1 1 -1 1 1 -1 -1 -1 -1 -1 -1 -1 1 1 -1 -1 1 -1 1 1 1 
1 1 1 1 1 1 1 1 1 1 1 1 1 1 1 -1 1 -1 -1 1 -1 -1 1 -1 -1 -1 1 1 1 1 -1 -1 -1 -1 1 1 1 1 1 1 1 -1 -1 -1 -1 1 -1 1 -1 -1 1 1 1 1 1 1 1 1 1 -1 1 1 -1 -1 1 -1 -1 -1 -1 -1 1 1 1 -1 1 -1 1 1 1 1 -1 -1 -1 -1 1 -1 -1 -1 1 -1 1 1 1 1 1 1 -1 1 1 1 -1 -1 -1 1 -1 1 1 -1 1 -1 -1 -1 1 1 1 -1 1 -1 1 -1 1 -1 1 1 -1 1 1 1 
1 1 1 1 -1 1 1 -1 1 1 1 1 -1 1 -1 1 1 -1 1 -1 -1 -1 -1 -1 1 1 -1 1 1 -1 -1 1 1 -1 -1 -1 -1 1 -1 1 -1 1 1 -1 -1 -1 1 1 1 -1 -1 1 -1 -1 1 -1 -1 1 1 1 1 1 1 -1 -1 1 1 -1 1 -1 -1 -1 1 1 1 -1 1 1 -1 1 -1 -1 1 -1 -1 1 -1 -1 -1 -1 1 1 -1 -1 1 -1 1 1 1 -1 -1 1 -1 1 1 -1 1 -1 -1 -1 1 1 1 -1 -1 1 1 1 -1 1 -1 -1 -1 -1 1 1 1 -1 
-1 -1 1 1 -1 1 1 1 1 -1 -1 1 1 1 1 -1 1 1 1 1 -1 -1 1 -1 -1 -1 -1 -1 -1 -1 1 -1 1 1 1 1 -1 -1 -1 1 1 1 -1 1 -1 1 -1 -1 1 -1 -1 -1 -1 -1 -1 -1 -1 1 -1 -1 1 1 -1 -1 1 1 -1 -1 1 1 1 1 -1 1 1 1 1 -1 1 -1 -1 -1 -1 -1 -1 1 -1 1 -1 1 -1 -1 1 1 1 1 1 1 -1 1 -1 1 -1 1 -1 -1 -1 1 1 1 1 1 1 1 -1 -1 -1 1 1 -1 -1 -1 -1 1 1 1 1 1 
1 1 1 -1 1 -1 1 -1 -1 1 1 -1 -1 1 -1 1 -1 1 -1 -1 -1 -1 1 -1 1 1 1 -1 1 -1 -1 1 -1 1 1 -1 1 -1 1 -1 -1 1 -1 -1 -1 -1 1 1 1 1 1 1 -1 -1 -1 1 1 -1 -1 1 1 1 -1 -1 1 1 1 -1 1 -1 1 -1 1 1 -1 1 -1 -1 1 -1 -1 1 1 -1 1 1 -1 -1 1 -1 1 -1 1 -1 1 1 1 -1 -1 -1 -1 -1 -1 1 1 -1 1 -1 1 -1 1 -1 1 -1 -1 -1 -1 1 -1 1 1 -1 1 -1 1 -1 -1 -1 
-1 -1 1 1 -1 -1 1 -1 -1 1 1 -1 -1 1 1 -1 1 1 -1 1 1 1 1 1 -1 -1 -1 -1 -1 1 1 -1 1 1 -1 1 1 1 1 -1 -1 -1 1 -1 1 1 1 -1 -1 -1 -1 1 1 1 -1 -1 1 -1 1 -1 1 -1 -1 1 -1 1 -1 -1 -1 1 1 -1 1 -1 -1 1 1 -1 1 -1 1 1 -1 -1 1 1 1 -1 1 1 1 1 -1 1 1 -1 -1 -1 1 1 -1 1 1 -1 -1 1 -1 -1 1 -1 -1 -1 -1 -1 1 1 -1 1 -1 -1 1 1 -1 -1 1 1 -1 -1 
-1 1 -1 1 -1 1 -1 -1 -1 1 1 -1 -1 1 1 1 1 1 -1 -1 1 -1 -1 -1 1 1 -1 -1 1 -1 1 1 1 1 1 1 1 1 -1 -1 -1 1 1 -1 1 -1 1 -1 -1 -1 1 -1 1 1 1 -1 -1 -1 1 -1 1 -1 -1 -1 -1 -1 -1 -1 1 -1 1 1 -1 -1 1 1 -1 1 1 -1 -1 -1 -1 -1 -1 1 -1 1 1 1 -1 1 -1 -1 1 -1 -1 -1 -1 -1 -1 1 -1 1 -1 1 1 1 -1 1 1 1 1 1 1 1 -1 1 1 1 -1 -1 1 -1 -1 1 -1 -1 
1 -1 -1 1 1 1 1 1 1 1 1 -1 1 -1 1 1 -1 1 -1 -1 -1 1 -1 1 -1 1 1 1 -1 -1 -1 -1 -1 1 1 -1 1 -1 -1 1 -1 1 1 1 1 1 -1 1 -1 1 1 1 -1 1 1 1 -1 1 -1 -1 -1 -1 1 1 1 1 1 1 -1 -1 -1 -1 1 -1 1 -1 -1 -1 -1 -1 -1 -1 1 1 1 -1 1 -1 -1 -1 -1 -1 -1 1 -1 1 1 1 1 1 1 -1 1 1 -1 1 -1 -1 1 1 1 1 -1 1 1 1 -1 -1 -1 -1 1 -1 1 1 -1 -1 1 1 
1 -1 -1 -1 -1 -1 -1 -1 -1 1 -1 1 1 1 1 -1 1 1 1 -1 1 1 -1 1 -1 -1 -1 1 1 1 -1 1 1 -1 -1 -1 1 1 1 1 -1 -1 1 -1 1 1 1 -1 1 -1 -1 -1 1 1 1 -1 -1 -1 -1 1 1 -1 -1 1 1 1 -1 -1 -1 -1 -1 -1 -1 1 -1 -1 1 -1 1 1 -1 1 -1 -1 1 -1 -1 1 1 -1 1 -1 -1 -1 1 -1 1 -1 1 -1 1 -1 -1 -1 -1 1 1 1 1 1 -1 -1 1 1 1 -1 -1 1 -1 -1 1 1 -1 1 -1 1 1 1 
1 1 -1 -1 1 1 -1 -1 1 -1 -1 1 1 -1 -1 1 1 1 1 1 1 -1 1 -1 1 -1 1 -1 1 -1 -1 -1 -1 -1 -1 -1 -1 1 -1 1 -1 -1 -1 -1 1 1 1 1 -1 1 -1 1 -1 -1 1 -1 1 -1 -1 -1 -1 -1 -1 1 -1 1 1 -1 1 -1 1 -1 -1 1 -1 -1 1 1 1 -1 1 -1 1 1 1 1 -1 1 1 -1 -1 1 -1 1 -1 1 1 1 -1 -1 -1 1 1 1 1 -1 1 1 -1 -1 1 1 -1 -1 1 1 1 -1 1 1 -1 1 1 -1 1 1 1 -1 
1 1 -1 1 1 1 -1 1 -1 1 1 1 -1 -1 1 1 -1 1 1 -1 -1 1 1 1 -1 1 -1 1 -1 1 -1 -1 -1 1 1 1 -1 1 -1 -1 1 -1 -1 1 1 1 -1 -1 -1 -1 -1 -1 1 1 1 1 -1 1 1 1 1 -1 1 -1 -1 1 1 -1 -1 -1 1 1 1 -1 -1 -1 1 1 1 -1 -1 1 1 1 -1 -1 1 1 -1 1 1 -1 1 1 1 1 1 1 1 -1 1 -1 1 -1 1 1 1 -1 1 -1 -1 -1 1 -1 -1 1 1 -1 -1 -1 1 -1 1 1 -1 1 1 -1 
-1 1 1 1 1 1 -1 1 -1 1 1 1 1 1 -1 -1 1 -1 -1 -1 1 1 1 -1 -1 1 1 1 1 1 1 -1 -1 1 1 -1 -1 -1 -1 1 -1 -1 1 -1 1 -1 -1 1 1 -1 1 1 1 -1 -1 -1 -1 -1 -1 -1 1 -1 -1 1 -1 -1 1 1 -1 -1 1 1 1 -1 -1 -1 1 -1 1 -1 1 1 -1 1 -1 1 -1 1 1 1 1 1 -1 -1 -1 1 -1 -1 -1 1 -1 -1 1 -1 1 1 -1 1 -1 -1 -1 1 1 -1 1 -1 1 1 -1 -1 -1 1 1 1 -1 -1 -1 -1 
1 -1 -1 1 1 -1 1 -1 1 1 1 1 1 -1 1 1 -1 -1 -1 -1 1 1 -1 -1 1 1 -1 -1 -1 1 -1 -1 1 1 -1 1 1 1 1 1 -1 1 -1 1 1 1 -1 1 1 -1 -1 1 -1 -1 1 1 1 -1 -1 -1 1 -1 -1 -1 -1 1 -1 -1 -1 1 -1 -1 1 -1 -1 -1 -1 1 -1 1 1 1 -1 1 -1 -1 1 1 -1 -1 1 1 1 1 1 -1 1 1 -1 1 1 1 -1 1 1 -1 1 -1 -1 1 -1 1 -1 1 -1 1 -1 -1 -1 -1 1 -1 -1 -1 1 -1 -1 -1 
1 1 1 1 -1 1 1 -1 -1 -1 -1 -1 1 1 -1 -1 -1 -1 1 -1 -1 -1 1 -1 -1 -1 1 1 1 1 1 1 1 -1 -1 1 -1 1 1 1 -1 -1 1 -1 -1 -1 1 1 -1 1 1 -1 -1 1 1 1 1 1 -1 -1 -1 -1 -1 -1 1 1 -1 1 1 -1 -1 -1 -1 1 -1 -1 1 -1 -1 -1 -1 1 1 1 1 1 -1 1 1 -1 1 1 -1 1 -1 1 -1 -1 -1 1 -1 -1 1 1 1 -1 -1 -1 1 -1 -1 -1 1 -1 -1 -1 1 1 1 1 1 -1 1 1 -1 -1 -1 1 
1 -1 -1 -1 -1 1 1 1 1 1 -1 -1 1 -1 -1 -1 1 1 1 1 1 1 1 -1 -1 -1 1 -1 -1 1 -1 1 -1 -1 -1 1 -1 -1 1 -1 1 -1 1 1 -1 -1 -1 -1 -1 1 1 -1 -1 -1 -1 -1 -1 -1 -1 -1 1 1 -1 1 -1 -1 1 -1 -1 1 -1 1 -1 -1 -1 1 1 -1 -1 -1 -1 -1 1 1 -1 1 1 -1 1 1 1 1 -1 1 -1 -1 1 -1 1 1 1 -1 1 1 -1 1 -1 -1 -1 -1 1 -1 -1 -1 1 1 -1 1 -1 -1 1 -1 -1 1 1 1 1 -1 
-1 -1 -1 1 1 -1 1 -1 -1 1 1 1 1 -1 -1 -1 -1 -1 -1 1 1 -1 -1 -1 -1 -1 -1 1 1 1 -1 1 -1 -1 -1 -1 -1 1 -1 -1 1 -1 -1 -1 1 1 1 1 -1 1 -1 1 1 -1 -1 -1 -1 1 -1 1 -1 1 -1 1 -1 1 -1 1 1 -1 1 -1 -1 1 1 -1 1 1 1 -1 1 -1 1 -1 1 1 1 -1 -1 -1 1 1 -1 1 -1 -1 1 -1 1 1 -1 -1 1 1 -1 1 -1 1 1 -1 -1 1 1 -1 -1 1 -1 1 1 1 -1 -1 -1 1 1 -1 1 -1 
1 -1 1 1 1 -1 1 -1 -1 -1 -1 1 -1 1 -1 -1 -1 1 1 -1 1 -1 -1 -1 -1 1 -1 1 -1 1 1 -1 -1 -1 -1 1 1 -1 1 -1 1 1 -1 1 -1 -1 -1 1 -1 -1 1 1 1 -1 -1 1 -1 1 1 -1 1 -1 1 1 -1 1 1 1 1 1 -1 -1 -1 1 -1 -1 1 -1 1 -1 1 -1 1 1 -1 -1 -1 1 -1 -1 -1 -1 -1 -1 1 -1 -1 1 1 1 1 -1 1 -1 1 -1 1 1 -1 1 -1 1 1 1 1 -1 1 1 -1 1 -1 1 -1 1 1 -1 1 -1 
-1 1 1 -1 1 1 -1 -1 -1 -1 -1 -1 1 -1 1 -1 -1 1 1 -1 1 -1 1 -1 1 -1 -1 -1 -1 -1 1 1 -1 1 -1 -1 1 -1 -1 1 1 1 1 -1 1 1 1 1 -1 1 1 1 1 1 -1 -1 -1 1 1 -1 1 1 1 -1 -1 1 -1 1 -1 1 1 -1 -1 1 -1 1 1 -1 -1 -1 1 -1 -1 -1 1 -1 1 1 -1 -1 -1 1 -1 1 1 -1 -1 1 -1 1 -1 -1 1 1 1 -1 -1 -1 1 -1 -1 -1 1 1 1 -1 -1 1 -1 -1 -1 -1 1 1 1 1 1 -1 
1 -1 -1 1 1 1 1 1 1 1 -1 1 -1 1 1 1 -1 1 -1 1 -1 1 1 1 -1 -1 -1 -1 1 -1 -1 1 -1 1 -1 1 -1 1 1 -1 -1 1 1 -1 -1 1 -1 -1 1 1 1 1 1 -1 -1 -1 -1 -1 -1 1 -1 -1 1 -1 -1 1 1 -1 1 1 -1 1 -1 -1 1 1 -1 -1 -1 -1 -1 1 1 -1 1 -1 1 1 1 1 -1 -1 1 1 1 -1 -1 1 -1 -1 -1 1 1 1 1 1 -1 1 -1 -1 1 -1 1 1 1 1 -1 -1 1 1 1 1 1 -1 -1 1 1 -1 
1 -1 -1 1 -1 1 1 1 1 -1 1 1 -1 -1 1 -1 1 -1 1 -1 1 1 1 -1 1 1 -1 1 1 -1 1 -1 -1 -1 -1 1 -1 -1 -1 -1 1 1 1 1 -1 -1 -1 -1 1 -1 -1 -1 -1 1 1 1 -1 -1 1 1 1 1 1 1 -1 -1 -1 -1 -1 1 -1 1 1 -1 -1 1 -1 -1 -1 -1 1 -1 -1 -1 -1 -1 1 1 1 -1 -1 -1 -1 1 1 -1 -1 -1 1 -1 -1 1 1 1 -1 1 1 -1 1 -1 1 1 -1 -1 1 -1 1 -1 1 1 -1 -1 -1 -1 1 -1 -1 -1 
1 1 -1 -1 -1 1 1 -1 1 -1 -1 1 -1 -1 1 -1 -1 1 -1 1 1 1 -1 -1 1 -1 -1 1 -1 -1 1 -1 1 1 -1 -1 1 1 1 1 1 1 1 1 1 1 1 -1 -1 1 1 1 -1 -1 -1 1 1 -1 -1 -1 -1 1 -1 1 -1 1 -1 -1 -1 1 1 1 1 1 1 1 -1 1 -1 1 -1 1 1 1 -1 1 1 1 -1 1 -1 1 -1 1 -1 1 -1 1 1 -1 -1 -1 -1 -1 -1 1 1 1 -1 1 -1 -1 1 -1 -1 1 1 -1 -1 1 1 -1 1 1 -1 1 1 1 
1 -1 -1 -1 1 -1 -1 1 -1 1 -1 -1 1 1 -1 1 -1 -1 1 -1 1 1 -1 -1 -1 1 1 -1 1 1 1 -1 -1 -1 1 1 -1 1 -1 -1 1 -1 1 -1 -1 -1 -1 -1 1 -1 1 -1 1 1 -1 1 -1 1 1 -1 1 1 1 1 1 -1 1 -1 1 -1 -1 1 1 -1 1 1 -1 -1 1 -1 1 1 1 1 1 1 -1 1 1 1 1 -1 1 1 -1 -1 -1 -1 1 1 1 1 1 -1 1 -1 -1 1 -1 1 1 1 1 1 -1 -1 -1 1 1 -1 1 1 1 -1 1 -1 -1 -1 
-1 -1 -1 1 1 -1 1 -1 -1 -1 1 -1 -1 1 -1 1 1 1 1 1 -1 -1 -1 -1 1 1 -1 1 -1 -1 1 1 -1 -1 -1 1 -1 1 -1 1 -1 -1 1 -1 1 1 -1 1 -1 1 -1 1 -1 -1 -1 -1 1 1 1 1 -1 1 -1 1 -1 1 1 1 -1 -1 -1 1 -1 1 1 -1 -1 1 -1 1 1 1 1 1 1 -1 -1 -1 -1 1 -1 1 -1 -1 -1 1 -1 1 -1 1 -1 -1 1 -1 -1 1 -1 -1 -1 1 -1 1 -1 -1 1 1 -1 1 1 1 1 1 1 -1 -1 -1 1 1 
1 -1 1 -1 1 1 -1 -1 1 1 -1 -1 1 -1 1 1 1 -1 -1 1 1 -1 -1 1 1 -1 1 -1 1 1 -1 1 1 1 -1 -1 1 1 1 -1 -1 -1 1 -1 -1 1 1 -1 -1 1 1 1 1 -1 1 1 1 -1 -1 1 -1 -1 1 1 1 -1 -1 -1 1 -1 -1 1 -1 -1 -1 -1 -1 -1 -1 -1 1 -1 1 1 1 1 1 -1 1 -1 1 -1 -1 1 1 1 1 -1 1 -1 1 -1 1 -1 -1 1 -1 -1 -1 1 -1 1 1 -1 1 1 1 -1 1 1 -1 -1 -1 1 1 1 1 1 
-1 1 1 1 1 -1 -1 -1 1 1 1 1 1 1 1 -1 1 -1 -1 1 1 -1 1 1 1 1 1 -1 1 1 -1 1 1 1 -1 1 -1 1 -1 1 1 1 -1 1 1 1 -1 1 1 1 1 -1 -1 -1 -1 -1 1 -1 -1 -1 1 -1 -1 1 1 -1 1 1 1 -1 -1 -1 1 1 -1 1 -1 1 -1 -1 1 -1 -1 -1 -1 1 -1 -1 -1 1 -1 1 -1 1 1 -1 1 1 -1 -1 1 1 -1 1 1 -1 1 -1 1 1 1 -1 -1 -1 1 -1 1 1 1 -1 -1 1 -1 1 -1 -1 -1 1 
-1 -1 1 1 1 1 -1 1 1 1 1 1 -1 -1 -1 1 1 1 -1 -1 1 1 -1 -1 1 -1 1 1 -1 -1 1 1 1 1 1 -1 -1 -1 -1 -1 1 -1 -1 -1 -1 -1 -1 1 1 -1 -1 -1 1 -1 1 -1 -1 1 -1 1 -1 1 1 -1 1 -1 1 -1 -1 -1 1 1 -1 -1 1 -1 1 1 1 -1 1 -1 -1 1 1 1 1 1 -1 -1 1 -1 1 1 1 -1 -1 -1 -1 -1 -1 1 -1 -1 1 1 -1 1 -1 -1 -1 -1 1 -1 1 -1 -1 1 1 -1 1 -1 1 -1 1 -1 1 -1 
1 -1 1 1 -1 1 1 -1 1 -1 -1 1 -1 1 1 -1 -1 -1 1 -1 -1 -1 1 1 -1 1 -1 1 -1 -1 -1 -1 1 1 -1 1 1 -1 -1 1 1 -1 -1 1 -1 1 -1 -1 1 1 1 -1 -1 1 1 -1 1 1 -1 -1 1 1 1 -1 1 1 1 1 -1 -1 -1 -1 -1 -1 -1 1 1 1 1 1 -1 1 -1 1 -1 -1 1 -1 -1 -1 -1 -1 -1 -1 1 1 -1 1 -1 -1 1 -1 1 1 -1 1 1 1 -1 1 -1 -1 -1 1 1 -1 1 1 1 -1 -1 1 1 1 1 1 1 1 
1 1 1 -1 1 -1 -1 1 -1 1 -1 -1 1 1 -1 -1 -1 -1 1 -1 -1 -1 1 -1 -1 -1 -1 -1 -1 -1 -1 -1 -1 1 -1 1 1 -1 1 1 -1 -1 -1 1 1 -1 -1 1 1 1 1 1 -1 1 -1 -1 1 1 -1 1 -1 -1 -1 -1 1 1 -1 1 -1 -1 -1 1 -1 -1 -1 -1 1 1 1 1 1 -1 -1 -1 1 1 -1 1 1 1 1 1 -1 1 1 1 1 1 -1 1 -1 -1 -1 1 1 -1 1 1 -1 1 1 1 1 1 -1 -1 1 -1 -1 1 1 -1 1 -1 1 -1 -1 -1 
-1 1 1 -1 1 1 -1 -1 1 -1 1 -1 1 1 -1 -1 -1 1 -1 -1 1 -1 -1 1 1 1 1 -1 1 1 1 1 1 1 1 -1 1 -1 1 -1 1 -1 1 -1 -1 -1 -1 -1 -1 -1 1 1 -1 -1 1 -1 -1 1 1 -1 -1 1 -1 -1 -1 1 1 1 -1 -1 1 1 -1 1 1 -1 1 1 -1 -1 1 -1 -1 1 1 1 -1 -1 -1 1 -1 1 -1 -1 1 -1 -1 -1 1 1 1 1 -1 -1 -1 1 -1 -1 1 -1 1 1 1 1 -1 1 -1 1 -1 1 -1 1 1 1 -1 1 -1 -1 
1 -1 -1 1 1 1 1 -1 -1 -1 1 -1 1 -1 1 1 1 1 -1 -1 1 1 1 1 -1 1 -1 1 1 -1 1 -1 1 1 1 -1 -1 1 1 -1 -1 -1 1 1 1 1 1 -1 1 -1 1 -1 -1 1 -1 1 -1 -1 1 -1 1 1 -1 1 1 -1 1 -1 1 1 1 1 -1 -1 1 1 1 1 1 -1 1 1 1 1 1 1 -1 -1 -1 -1 -1 -1 -1 1 1 -1 1 1 1 1 -1 1 1 -1 1 1 1 -1 -1 -1 1 -1 -1 1 1 -1 1 -1 -1 1 -1 -1 1 -1 1 1 -1 1 
-1 1 1 1 -1 1 -1 1 1 1 -1 -1 -1 -1 -1 1 -1 1 1 1 1 1 -1 1 -1 1 -1 -1 -1 1 -1 -1 1 -1 -1 1 1 -1 1 1 -1 1 -1 1 -1 -1 1 1 1 -1 1 -1 1 -1 1 1 -1 -1 1 1 -1 -1 -1 -1 -1 -1 -1 -1 1 -1 1 1 -1 1 -1 1 1 -1 1 -1 1 -1 1 -1 -1 -1 1 -1 1 -1 -1 -1 1 -1 -1 -1 1 1 1 1 -1 -1 -1 1 1 1 1 -1 -1 -1 1 1 1 1 1 -1 1 -1 1 1 -1 1 1 -1 -1 -1 1 -1 
1 1 1 1 -1 -1 -1 1 -1 1 1 -1 -1 -1 -1 -1 1 1 -1 1 -1 1 1 1 1 1 -1 1 -1 -1 -1 -1 1 1 -1 1 1 -1 -1 -1 -1 -1 -1 -1 -1 1 1 1 -1 -1 1 1 -1 1 -1 1 1 1 -1 1 1 1 1 1 -1 1 -1 -1 1 -1 1 -1 1 1 -1 1 -1 1 -1 -1 1 1 1 -1 1 1 -1 1 -1 -1 -1 -1 -1 -1 1 1 1 1 -1 1 -1 -1 -1 1 1 -1 -1 -1 -1 1 -1 -1 -1 -1 -1 -1 1 -1 1 1 1 -1 1 -1 -1 1 -1 -1 