16
52 26 55 60 50 60 29 56 47 51 2 100 86 61 81 75 
42 98 32 46 46 77 56 32 64 91 53 72 15 32 16 63 
41 51 39 61 86 56 88 49 56 62 27 100 76 26 77 49 
25 65 53 53 42 63 22 28 28 70 18 94 100 50 22 24 
3 61 21 82 30 75 75 60 64 50 59 100 54 39 76 21 
26 68 65 77 49 82 92 80 42 12 68 39 83 86 71 34 
34 94 1 33 56 21 10 67 8 8 42 16 99 87 47 29 
55 69 85 29 66 17 53 60 16 19 79 22 37 77 91 93 
15 30 80 66 19 31 84 15 14 8 70 39 26 23 73 44 
10 73 69 34 69 49 63 25 13 65 49 54 24 46 63 17 
97 59 67 24 86 13 48 80 76 88 1 57 73 93 73 13 
59 34 16 100 57 57 28 69 21 15 14 23 71 79 36 21 
3 8 76 17 72 34 93 78 22 13 67 54 83 44 93 87 
5 29 100 38 2 49 63 26 15 84 24 70 75 15 78 51 
12 56 76 38 35 58 17 19 83 93 68 52 56 64 54 69 
10 18 14 12 15 36 86 68 74 70 85 44 16 43 98 7 
1 1 -1 -1 -1 1 1 -1 -1 1 -1 1 1 1 -1 -1 
1 1 -1 1 1 -1 1 1 1 1 1 1 -1 1 1 -1 
-1 -1 1 1 1 -1 -1 1 -1 1 -1 -1 1 -1 -1 1 
-1 1 1 -1 -1 -1 -1 -1 -1 1 -1 1 -1 -1 -1 1 
-1 1 1 -1 -1 1 1 1 -1 1 -1 1 1 1 -1 1 
1 -1 -1 -1 1 1 -1 -1 -1 1 1 1 1 1 -1 -1 
1 1 -1 -1 1 -1 1 -1 1 -1 -1 1 -1 -1 1 1 
-1 1 1 -1 1 -1 -1 1 -1 -1 -1 1 1 -1 -1 1 
-1 1 -1 -1 -1 -1 1 -1 -1 1 -1 1 -1 1 1 -1 
1 1 1 1 1 1 -1 -1 1 1 1 1 -1 -1 1 1 
-1 1 -1 -1 -1 1 -1 -1 -1 1 1 1 -1 1 1 -1 
1 1 -1 1 1 1 1 1 1 1 1 1 -1 1 1 -1 
1 -1 1 -1 1 1 -1 1 -1 -1 -1 -1 -1 -1 1 1 
1 1 -1 -1 1 1 -1 -1 1 -1 1 1 -1 1 1 1 
-1 1 -1 -1 -1 -1 1 -1 1 1 1 1 1 1 -1 -1 
-1 -1 1 1 1 -1 1 1 -1 1 -1 -1 1 1 -1 1 