128
50 68 44 35 69 50 2 83 93 63 48 34 18 9 41 59 37 73 28 91 20 81 57 70 20 85 42 22 69 74 92 70 19 50 8 25 90 13 57 90 29 90 100 4 93 84 33 49 59 23 6 46 23 87 37 17 40 31 91 44 45 4 55 34 3 93 73 8 30 13 49 47 83 43 69 96 2 42 51 90 30 15 18 5 81 77 19 88 67 84 3 99 27 7 83 54 31 81 54 88 1 67 42 62 60 45 47 34 71 77 45 100 15 8 31 18 75 17 77 34 70 48 64 16 76 48 79 19 
99 76 18 63 73 20 11 32 4 75 91 90 89 18 36 58 20 32 29 94 67 54 78 19 49 82 60 26 93 86 20 37 79 35 17 91 31 39 97 45 26 27 93 100 89 41 100 63 26 81 73 60 91 93 2 95 29 63 83 54 12 36 67 37 54 5 40 22 49 86 12 74 1 9 49 55 70 70 62 23 25 69 56 18 44 8 92 8 16 33 62 28 22 18 81 88 24 58 56 99 3 50 2 96 1 24 20 48 55 27 32 3 59 13 29 93 20 56 91 75 53 91 64 27 90 90 9 7 
29 92 12 9 87 39 84 43 90 29 2 49 68 61 9 78 79 27 84 53 49 14 78 57 34 48 86 6 94 39 53 4 37 49 44 7 43 33 65 48 30 29 43 58 74 37 71 46 49 92 18 23 2 21 17 95 51 98 62 56 1 28 48 12 100 91 60 86 16 34 65 22 64 55 75 10 96 80 38 2 24 4 55 88 26 69 22 6 85 55 88 10 59 22 89 57 57 51 61 35 24 89 62 49 53 90 23 46 66 50 18 60 42 62 98 40 18 16 54 48 35 84 51 6 76 4 82 68 
30 7 77 73 56 51 52 64 16 95 87 63 98 19 21 42 79 80 39 13 95 19 20 28 95 44 43 1 52 4 6 30 45 59 97 25 86 80 66 9 41 15 85 89 59 80 47 93 85 96 65 37 92 44 81 72 47 14 81 20 1 3 85 89 91 19 40 35 53 45 57 31 57 65 81 87 10 11 77 98 29 85 58 49 20 87 8 4 69 17 85 8 96 69 42 93 35 59 42 45 71 6 3 39 64 99 76 37 8 54 39 84 75 70 6 22 58 68 73 44 20 1 56 92 17 98 72 100 
97 19 70 15 79 100 89 73 28 64 6 42 70 55 74 73 68 66 75 45 64 14 57 8 23 79 21 97 18 98 68 32 91 21 83 85 50 100 35 3 20 1 50 10 19 94 30 89 97 46 49 97 93 79 51 80 64 55 87 92 48 16 30 24 40 39 80 34 24 84 41 12 77 80 51 19 22 86 69 56 53 29 90 83 1 14 62 49 98 99 69 14 59 78 94 62 84 63 63 70 66 81 99 86 92 89 38 64 26 92 91 90 95 69 92 41 32 70 58 49 30 59 56 94 100 49 67 57 
10 93 9 1 81 40 83 66 65 81 96 14 4 51 10 29 79 57 30 15 17 87 68 79 72 48 73 95 63 49 67 63 75 37 40 43 95 70 94 32 27 82 72 43 34 33 2 2 100 95 100 77 27 57 31 43 87 25 67 5 84 41 88 43 12 48 71 19 34 76 51 25 52 22 63 31 20 84 35 68 6 70 82 98 72 71 2 45 7 85 3 54 32 10 87 57 3 55 18 24 69 42 31 97 27 36 28 39 97 41 63 10 54 95 71 99 55 47 60 100 57 77 72 8 80 6 43 87 
33 28 28 67 52 46 22 19 47 64 48 96 12 81 33 55 20 62 61 89 67 89 15 90 75 74 30 1 65 86 55 66 49 79 8 67 90 11 44 31 12 89 66 57 13 56 74 88 43 4 38 70 6 58 36 87 82 49 90 55 64 54 30 16 55 87 86 90 40 37 86 80 20 62 20 64 28 88 76 26 63 19 41 32 39 78 68 14 68 42 53 11 72 42 14 70 78 8 98 73 15 5 33 47 51 34 88 31 12 4 89 62 27 74 64 15 83 35 53 35 15 68 21 99 76 50 3 76 
56 70 53 67 43 57 20 18 62 37 39 40 65 40 85 50 4 20 60 17 63 75 16 50 11 27 60 63 68 15 38 72 33 36 36 41 99 92 78 90 17 36 42 28 74 71 50 72 70 96 97 21 23 27 6 22 93 73 59 94 14 74 100 30 5 99 4 95 56 88 78 17 62 54 36 72 71 28 32 85 58 24 90 88 89 31 19 57 19 33 29 12 39 29 22 31 86 17 47 43 91 23 29 89 55 76 44 40 45 95 28 92 98 26 24 52 81 47 95 33 14 45 86 75 13 77 42 88 
11 9 78 29 31 88 55 10 12 90 30 88 75 72 77 71 21 41 15 79 32 62 87 17 12 40 94 93 16 52 93 94 54 4 69 1 59 59 73 87 15 61 93 49 75 12 97 25 18 18 31 38 36 50 99 60 42 57 83 79 57 68 62 4 24 64 1 78 44 49 80 67 27 48 76 26 47 55 96 4 82 68 26 43 22 82 95 15 79 5 13 16 30 41 16 25 95 57 61 95 55 97 78 61 4 87 84 92 84 65 39 17 47 66 16 10 20 53 38 11 82 17 35 72 73 51 65 95 
44 88 70 92 42 14 98 84 73 56 1 49 99 31 41 86 82 85 75 60 47 8 78 93 94 35 27 9 21 10 47 17 75 95 39 41 1 73 93 12 89 88 7 48 44 16 18 62 21 22 41 87 46 5 87 88 79 73 64 27 89 89 42 2 74 13 61 28 41 52 38 21 26 29 69 36 59 21 93 64 84 49 62 82 42 90 70 24 45 95 26 83 6 92 23 92 85 58 46 6 27 32 23 87 23 77 85 79 20 73 28 88 4 48 28 46 26 81 50 32 8 42 72 58 32 69 69 36 
4 4 34 82 12 97 47 32 28 81 75 84 25 22 96 22 44 93 85 82 91 5 87 95 83 53 54 64 41 20 37 9 69 99 32 46 40 50 53 94 40 29 50 66 56 87 23 79 20 87 4 46 72 60 35 56 86 11 62 11 6 48 15 54 11 18 96 37 33 23 63 68 6 15 29 91 2 40 53 18 57 66 20 10 81 86 9 19 78 15 45 88 81 8 67 72 10 66 35 64 10 93 100 10 25 61 52 39 65 12 84 90 13 5 29 45 1 13 6 29 53 69 9 34 32 45 12 19 
16 75 66 94 89 29 26 27 87 79 6 57 78 66 67 96 20 72 9 44 47 88 2 33 65 68 31 38 10 99 18 47 10 61 21 88 25 24 84 81 36 37 56 58 18 64 5 25 34 17 53 81 34 41 99 57 59 26 31 96 56 63 81 19 50 33 2 36 57 60 60 66 24 25 27 55 71 8 40 36 45 96 3 74 40 4 11 42 49 1 38 84 10 99 66 40 8 96 33 50 80 18 15 37 61 66 9 92 72 84 26 86 15 15 2 35 6 50 48 100 1 100 9 21 70 44 5 90 
58 86 99 54 34 69 15 72 94 92 99 87 95 27 34 100 86 76 72 41 25 53 16 55 93 96 14 10 30 71 39 24 98 96 78 23 8 70 45 73 89 69 74 15 73 58 92 89 84 41 39 41 31 79 22 8 14 31 80 21 10 64 66 1 63 6 47 13 15 91 72 35 41 78 51 46 48 1 24 49 11 60 48 66 7 11 53 78 48 68 57 89 18 71 45 68 12 11 38 95 65 36 38 69 34 86 35 9 3 52 1 48 19 83 73 20 45 49 86 48 16 93 57 65 10 44 89 73 
84 72 44 15 40 87 36 55 95 42 50 1 100 65 5 68 80 65 79 60 31 58 23 53 59 14 38 35 36 84 92 79 17 72 45 96 77 39 46 70 89 61 22 89 31 13 27 54 98 23 69 58 94 71 66 7 3 56 50 1 27 70 86 86 94 6 34 77 56 98 20 39 67 53 13 53 73 80 90 32 48 20 100 83 98 24 5 67 13 24 24 86 97 84 46 12 80 13 67 43 89 72 6 90 3 30 96 57 90 4 66 92 62 49 88 76 94 9 23 37 72 19 37 51 48 77 70 87 
26 74 83 32 48 22 43 84 55 12 8 81 65 47 33 25 85 19 89 90 38 39 62 60 23 71 66 55 68 5 49 44 28 82 37 4 6 9 16 26 60 26 79 18 5 23 19 1 60 16 35 11 64 4 8 19 38 40 12 77 54 94 40 24 86 24 63 57 16 53 77 84 83 96 100 33 42 13 74 46 90 59 94 4 64 61 58 20 81 87 92 46 88 13 95 83 21 95 51 2 40 66 49 95 63 68 69 17 81 2 27 77 82 88 11 46 2 27 72 52 76 22 13 26 36 30 22 2 
58 78 86 41 88 55 29 74 99 29 58 48 31 22 70 49 59 94 77 62 68 23 11 83 39 11 65 14 16 68 82 7 24 54 71 71 50 14 11 67 43 18 8 77 37 37 26 56 19 71 2 32 91 90 40 58 57 27 96 85 89 5 27 33 31 5 23 5 73 24 43 62 6 40 96 50 36 55 31 81 79 61 66 94 83 65 86 45 65 18 84 72 26 99 15 72 76 32 78 63 92 32 42 41 18 43 25 54 52 65 2 85 89 7 24 23 40 96 6 31 56 37 19 35 84 100 60 26 
84 49 97 13 36 30 40 47 2 4 37 29 51 41 26 28 94 2 92 15 91 51 85 28 63 95 22 69 93 68 42 28 100 24 92 64 90 47 52 94 98 79 62 54 1 95 15 51 35 67 82 42 60 41 40 62 95 3 8 17 78 43 1 71 12 95 96 20 94 99 69 16 65 2 95 32 42 11 71 4 74 48 39 87 22 88 22 8 91 83 74 81 77 63 91 83 61 61 75 43 77 1 82 14 78 43 39 91 40 42 81 70 84 10 21 8 64 86 52 50 29 52 89 43 68 25 69 48 
90 9 52 97 21 47 39 73 54 35 27 42 63 65 90 77 71 48 33 14 6 83 1 14 91 78 18 49 30 85 30 10 66 51 86 57 24 29 27 10 47 71 79 8 14 14 78 89 98 66 26 97 24 63 74 54 27 3 1 99 40 40 70 47 54 46 29 91 51 53 64 31 48 45 90 79 58 80 96 80 31 3 69 22 55 27 20 82 75 47 15 79 45 59 6 5 28 41 30 99 45 16 89 90 84 77 23 80 46 64 39 65 89 46 8 100 41 2 79 47 4 58 57 81 8 3 41 49 
59 23 67 85 10 28 41 79 91 59 47 82 87 4 76 36 21 40 44 37 94 20 83 32 28 81 19 20 24 44 35 29 7 10 50 28 41 19 67 88 63 81 82 8 35 43 76 69 99 3 89 87 54 49 59 90 62 94 51 39 96 84 23 83 34 62 48 97 60 70 99 43 81 81 85 100 15 53 70 44 50 16 1 76 11 67 14 41 74 4 84 96 62 26 86 9 48 88 35 54 79 75 64 54 98 6 1 87 73 28 2 20 5 24 61 80 67 6 56 12 70 29 73 8 9 35 1 1 
95 23 22 99 69 6 74 15 14 71 100 47 47 55 35 72 68 52 25 34 82 87 35 90 96 20 38 45 26 58 61 59 87 5 48 12 25 90 22 31 45 43 99 76 62 16 44 67 13 73 15 65 67 87 13 81 44 69 99 22 3 99 89 36 25 98 43 84 5 76 46 54 5 25 71 16 54 18 20 96 50 73 28 87 30 32 35 27 73 33 83 34 88 60 3 34 53 97 83 9 26 85 28 94 100 33 11 38 13 59 49 48 16 74 7 50 5 46 16 18 62 97 88 24 68 99 66 29 
10 74 21 36 16 98 53 88 14 35 79 41 9 91 30 28 65 23 69 38 26 69 20 71 40 9 22 86 32 58 33 99 63 2 22 100 44 27 99 67 47 23 64 33 44 24 85 82 99 87 72 48 28 42 43 50 57 68 21 69 23 52 94 17 49 23 59 38 61 58 35 97 14 19 44 22 31 36 99 97 73 41 93 31 60 41 25 7 10 78 50 75 42 94 39 37 4 73 1 3 84 12 74 81 76 49 77 94 57 62 75 3 1 67 55 73 46 93 8 33 90 39 14 87 76 83 76 59 
57 59 28 12 100 17 39 81 12 52 67 96 36 82 26 29 74 46 46 75 41 85 8 24 27 73 8 79 12 38 46 78 27 86 14 88 93 44 79 31 71 49 26 28 99 15 23 8 24 33 67 35 30 19 58 90 60 87 49 15 18 94 82 8 82 43 67 37 95 53 36 38 97 97 4 85 2 24 46 26 74 88 46 81 80 89 64 25 95 98 40 84 84 9 18 79 98 62 50 43 56 36 62 93 84 76 58 98 84 23 41 30 81 32 11 42 24 51 82 17 41 9 86 88 38 10 2 87 
60 72 11 64 43 34 10 100 46 8 22 89 70 89 17 23 32 33 1 37 12 97 57 78 74 86 36 69 26 65 80 75 20 76 65 84 70 78 51 60 45 87 63 5 11 88 75 4 38 45 24 73 64 79 83 35 37 4 79 66 41 87 30 21 18 25 69 64 73 17 71 19 1 14 98 48 95 38 61 35 51 49 15 33 17 43 26 30 94 37 17 45 45 47 76 41 92 94 80 5 45 85 97 9 66 69 58 93 84 33 15 24 36 9 76 96 52 53 30 92 5 37 60 42 9 85 30 5 
100 74 9 94 77 26 93 17 69 23 44 2 61 67 43 17 61 58 19 9 21 87 1 97 16 27 38 79 10 42 30 81 52 35 65 26 75 46 20 70 55 48 82 36 67 59 85 68 69 62 88 89 100 17 40 82 53 81 32 4 59 41 99 15 21 12 3 59 97 51 18 22 45 24 18 49 70 93 50 74 87 28 70 86 31 23 14 87 5 6 30 85 46 99 70 17 39 63 41 99 59 97 42 2 80 96 40 51 99 55 71 76 78 74 52 61 51 47 45 88 26 57 69 71 82 60 23 46 
64 77 68 57 79 17 55 68 34 53 47 43 42 49 87 20 77 18 72 14 69 22 83 26 41 91 63 69 28 13 24 37 9 78 83 69 45 38 48 88 67 40 18 50 64 58 93 87 92 12 32 77 81 78 5 59 10 100 9 88 40 49 99 39 85 1 51 86 33 30 90 62 60 96 4 93 21 34 8 36 85 26 90 76 76 52 13 43 72 26 69 46 99 64 100 28 80 97 87 94 96 75 32 39 58 11 25 66 22 16 58 94 98 18 38 75 50 55 95 96 78 89 29 62 60 98 98 14 
47 76 91 7 88 98 5 24 29 85 55 49 5 43 46 85 52 14 26 73 86 22 36 39 13 60 84 66 86 59 97 57 37 32 7 59 2 38 21 17 97 53 43 63 2 70 42 13 53 3 95 67 47 52 20 36 93 53 46 41 94 8 44 53 50 94 92 85 89 43 26 94 63 98 16 92 84 12 29 30 33 90 61 57 4 69 96 70 72 94 16 31 67 65 55 24 18 77 32 76 91 21 14 100 62 3 26 69 45 94 69 33 49 70 40 49 79 29 40 59 22 4 29 19 67 43 45 90 
62 75 59 12 5 80 64 36 42 12 92 44 6 54 46 28 48 7 7 62 16 24 93 6 42 43 70 83 65 11 42 80 13 88 36 2 52 46 42 90 96 47 79 94 58 7 92 81 7 44 83 84 4 77 23 82 34 54 16 48 69 23 72 3 60 21 88 43 71 56 100 27 22 86 40 68 27 92 55 23 2 12 94 44 68 44 74 98 42 35 80 67 65 34 62 36 76 47 100 24 10 87 95 74 50 78 42 88 92 43 61 24 60 97 35 19 49 12 42 81 37 34 52 20 58 47 94 70 
33 1 71 17 37 91 19 99 100 47 40 10 73 6 39 16 20 21 49 54 9 76 50 34 59 34 96 56 20 97 8 11 52 92 79 73 15 49 85 55 88 87 7 1 69 41 41 40 87 54 47 42 51 66 34 21 14 15 28 20 66 27 88 26 86 72 37 70 2 38 93 67 57 99 91 64 97 85 35 28 5 97 91 38 27 10 36 1 30 12 61 11 30 60 79 96 65 35 56 42 12 69 39 43 70 74 63 67 29 38 70 87 85 28 82 73 63 87 77 73 7 88 76 80 13 28 3 18 
59 85 97 82 82 45 38 2 93 43 28 7 65 61 79 32 86 82 4 15 83 56 57 13 89 64 43 11 39 81 89 70 38 54 42 72 24 91 95 100 96 25 64 61 57 33 2 37 34 30 98 40 53 15 75 61 8 86 5 5 75 45 5 34 72 36 44 35 80 71 81 82 39 10 16 73 77 93 42 77 62 6 53 100 37 67 97 71 43 53 8 29 7 2 59 7 73 10 22 21 100 9 70 28 97 56 78 47 13 46 85 17 9 22 47 65 13 2 16 36 47 16 54 13 17 28 16 12 
28 81 100 79 47 35 7 61 8 87 58 65 48 16 3 30 37 49 7 14 39 43 91 29 37 35 69 7 88 49 11 4 54 39 33 45 2 25 27 14 93 71 53 69 19 42 18 6 85 62 74 26 71 25 59 59 29 88 36 78 37 56 1 9 25 28 70 33 52 6 86 97 84 54 35 7 98 53 29 23 65 80 17 30 51 74 58 52 57 93 93 93 66 39 25 58 4 85 50 33 71 49 47 43 56 60 8 99 54 33 7 49 42 70 49 29 85 74 62 87 40 54 54 77 46 6 93 73 
65 53 54 56 13 87 16 16 32 66 56 57 55 33 15 69 21 50 10 58 84 74 39 26 49 9 46 37 11 2 37 88 81 50 91 65 56 73 95 4 74 17 8 90 54 6 34 82 72 32 9 37 86 39 22 42 73 42 86 19 26 4 32 13 58 29 56 38 10 34 71 28 77 31 98 43 33 9 49 25 59 34 95 81 24 46 9 83 91 68 46 5 18 92 7 80 1 96 3 46 60 49 31 26 48 22 17 6 53 14 1 64 28 20 35 62 75 58 77 82 34 25 45 87 57 8 65 89 
45 93 37 24 88 89 52 76 21 27 50 89 90 8 34 59 31 87 59 25 59 22 32 37 44 89 27 73 58 91 44 72 43 87 55 56 40 15 24 9 51 60 4 63 12 24 10 31 81 23 43 61 63 64 65 72 14 38 60 72 46 35 45 86 14 12 42 38 49 17 26 13 55 53 70 56 12 89 24 35 32 73 97 49 58 51 79 9 98 92 71 63 38 37 44 50 69 6 69 23 8 13 96 39 68 11 59 17 99 49 92 19 69 25 92 59 94 11 51 8 78 76 61 52 78 97 90 26 
17 91 36 61 90 41 83 63 43 19 97 51 68 66 83 9 7 27 19 22 88 79 51 64 23 57 54 21 54 19 74 6 85 37 50 81 15 58 65 86 50 38 6 11 42 100 61 74 20 55 95 38 23 52 21 6 96 46 55 73 78 57 2 59 56 95 87 15 25 71 78 79 26 94 23 63 37 16 87 66 30 25 75 47 69 40 50 61 87 93 18 75 36 91 67 65 94 41 24 99 80 4 35 29 80 16 63 65 8 9 82 12 77 77 74 79 65 68 66 75 9 46 2 18 4 13 59 87 
48 82 46 11 66 60 56 100 49 78 81 42 3 38 50 83 91 37 77 33 17 87 58 11 73 65 73 20 53 92 85 100 65 96 95 29 52 17 92 14 64 85 43 95 3 1 71 30 11 53 48 26 88 33 14 92 10 79 26 57 13 87 83 82 29 29 46 65 25 64 82 48 70 3 83 61 6 63 71 69 6 29 91 96 38 74 63 31 10 11 74 30 96 43 22 74 86 41 82 98 8 41 3 68 98 88 66 84 47 51 46 80 14 85 26 78 37 60 65 17 30 17 92 12 93 40 32 69 
81 37 93 78 27 89 34 9 2 15 62 36 80 82 69 6 27 41 23 52 77 41 85 90 73 3 48 38 29 10 74 5 7 25 2 62 60 25 40 87 49 28 99 98 3 74 78 99 43 5 4 43 21 5 17 12 20 42 86 16 32 87 44 9 45 9 22 12 82 31 32 49 9 16 35 15 73 31 61 23 26 36 35 13 64 62 91 24 59 85 21 98 51 71 58 7 21 65 28 90 64 78 95 84 64 78 75 96 99 30 20 75 22 47 86 63 74 35 1 96 68 90 76 65 54 56 20 46 
32 50 55 22 21 99 42 64 8 94 53 72 5 35 39 64 48 32 99 48 25 33 75 77 35 25 31 15 75 30 52 30 98 74 6 44 41 26 93 42 79 69 74 1 32 92 79 20 12 68 45 70 35 35 11 54 74 100 15 49 80 97 59 99 4 63 50 54 76 27 100 28 87 80 97 19 48 23 21 66 37 81 28 51 100 21 80 88 78 39 33 92 51 1 55 89 40 22 31 45 51 65 46 47 79 17 9 92 47 85 51 71 30 6 62 28 59 45 79 93 44 48 72 96 77 30 22 9 
94 87 14 81 46 26 37 30 63 22 47 4 20 99 95 25 94 81 94 3 83 61 57 45 25 83 10 29 28 64 66 48 12 65 27 77 31 34 78 66 98 15 28 62 98 50 60 100 62 67 40 85 99 68 92 16 48 92 88 45 73 50 90 65 58 40 22 90 83 38 71 85 42 64 59 22 6 46 91 35 11 41 91 68 85 72 83 36 78 55 9 71 19 92 92 76 50 56 4 11 9 5 24 2 85 37 89 40 83 96 9 5 14 40 19 16 71 20 88 57 80 49 4 47 86 50 27 3 
68 20 40 100 79 28 54 30 44 30 85 25 93 72 36 51 27 84 3 58 39 67 50 81 39 17 5 55 40 76 5 77 94 40 91 85 55 38 34 71 2 55 51 76 21 4 96 62 22 71 51 23 69 78 88 28 70 67 13 32 97 92 84 56 35 48 31 89 89 28 63 59 14 45 25 17 24 14 97 27 30 12 14 42 4 75 2 65 74 45 24 94 21 33 6 84 18 73 92 88 47 56 88 99 98 59 72 86 69 91 27 100 38 44 36 29 18 62 26 32 96 51 95 73 91 4 69 67 
70 47 76 8 91 75 94 35 10 25 5 29 83 39 60 33 27 40 3 27 10 48 85 33 28 92 58 65 62 5 60 31 59 32 99 43 94 10 83 57 95 33 80 31 11 50 58 1 83 4 2 47 54 78 91 86 35 24 83 17 34 17 82 48 86 50 33 98 96 80 96 69 39 22 13 94 83 29 46 7 62 11 5 1 86 83 13 72 53 1 97 72 26 80 99 5 76 12 45 49 26 97 44 31 16 19 81 63 2 79 93 59 33 39 41 66 72 62 80 54 71 21 87 32 74 49 81 43 
68 8 95 88 21 93 35 41 96 41 14 95 8 93 7 11 35 15 70 100 11 7 8 34 95 28 13 48 41 53 73 15 9 78 22 72 88 60 71 68 47 41 72 54 19 91 98 98 96 15 60 36 77 82 81 37 78 13 98 74 46 71 82 55 54 32 10 46 3 10 66 46 53 39 97 34 22 27 79 33 2 70 4 16 9 64 8 96 66 62 93 73 70 1 4 49 21 100 36 48 55 11 63 85 68 18 72 8 84 56 76 69 12 92 1 16 15 31 95 13 23 29 19 83 100 38 74 65 
75 10 68 51 100 56 82 85 17 87 15 31 3 15 2 84 18 29 15 46 97 81 99 3 96 10 99 82 87 32 4 54 15 12 11 65 30 5 76 19 10 17 67 98 5 83 81 83 92 63 39 13 63 13 23 14 94 87 7 76 32 57 44 42 9 46 37 39 92 3 87 45 24 92 14 25 66 22 28 92 65 68 78 31 76 31 96 42 67 41 63 13 3 1 11 13 17 73 12 49 40 75 95 98 80 33 39 51 22 35 58 41 53 96 30 35 76 73 51 97 11 58 65 76 2 80 99 68 
65 11 51 70 56 82 75 7 53 99 43 5 68 65 26 48 54 50 50 74 74 16 73 15 63 35 78 1 15 54 89 37 67 99 98 71 85 98 68 96 98 68 62 86 86 86 39 98 98 71 75 2 74 20 95 11 80 55 45 48 8 82 43 78 36 33 40 84 81 94 9 64 95 78 18 85 52 24 17 79 42 73 28 34 97 100 4 80 20 99 94 96 29 3 97 23 94 94 78 81 55 75 81 50 91 52 29 27 31 55 83 51 30 51 15 74 84 11 21 48 22 42 53 45 76 11 84 58 
20 58 85 70 21 57 13 79 84 41 93 40 74 42 37 49 81 94 12 89 3 19 71 21 82 1 73 30 69 57 58 57 64 67 94 63 66 38 38 75 71 69 47 62 98 71 70 84 41 36 90 49 100 74 48 9 63 37 79 17 72 7 69 99 48 43 67 69 44 21 79 11 6 18 40 20 24 9 71 25 59 57 26 73 85 89 47 23 80 75 25 99 5 14 5 100 22 89 49 11 10 85 67 54 50 30 35 92 49 59 79 87 18 6 73 15 46 89 79 96 49 81 62 47 20 69 93 14 
72 57 8 67 29 86 18 100 16 76 89 21 74 30 1 29 49 64 45 53 10 59 69 24 69 85 77 62 16 22 98 36 21 25 14 8 76 95 87 85 47 100 86 11 38 87 62 40 3 61 4 18 33 87 86 91 95 20 78 82 31 83 55 29 9 74 42 97 68 10 35 86 23 81 73 4 74 51 27 67 44 90 55 6 2 62 28 4 23 61 36 59 32 86 74 8 93 63 57 51 33 77 58 60 64 71 46 47 70 44 88 18 13 60 59 56 94 77 54 60 43 65 42 18 10 91 74 46 
100 71 99 60 6 32 85 26 100 41 47 78 89 44 74 30 94 45 7 32 46 97 14 46 15 16 37 67 37 99 97 85 31 3 64 6 54 85 41 24 96 3 98 69 79 88 52 44 92 79 69 38 92 75 15 71 39 54 98 65 56 95 21 28 20 44 84 7 43 17 64 42 86 47 35 55 22 21 7 100 96 46 46 35 20 46 25 57 38 81 10 81 9 5 63 32 58 61 81 39 91 47 62 3 89 35 84 92 52 75 88 97 6 25 94 43 55 31 55 79 1 74 65 80 3 31 12 79 
56 68 17 13 25 80 67 52 63 27 66 21 7 65 86 1 68 68 9 36 1 69 19 64 69 4 97 13 6 77 95 93 9 80 58 93 52 17 73 92 82 61 48 53 28 79 6 33 86 76 27 75 57 68 10 44 7 41 47 40 25 45 65 44 49 45 17 93 31 40 78 5 6 86 99 46 36 63 3 70 77 81 75 81 91 21 50 82 36 67 36 61 9 61 34 43 82 74 96 91 9 51 54 3 22 52 44 31 38 25 9 77 93 98 17 15 49 51 9 31 15 87 37 93 94 13 79 52 
80 16 70 64 74 7 49 94 54 6 14 10 50 98 29 86 36 32 46 35 94 68 58 5 50 91 13 72 76 4 88 26 43 33 38 50 78 38 77 36 8 49 95 25 41 5 53 93 36 92 7 78 27 2 100 76 29 88 34 95 100 11 60 81 98 9 40 71 3 68 3 13 72 39 50 46 14 97 29 70 9 23 76 65 66 99 68 81 94 83 44 5 50 8 98 56 59 82 97 77 36 16 93 26 88 41 12 66 20 62 47 96 17 36 91 87 12 16 72 95 39 76 98 70 66 63 89 47 
9 51 59 28 76 14 98 73 76 51 1 46 19 22 70 50 16 41 27 30 95 51 19 36 93 6 45 22 24 29 85 29 100 25 45 68 34 80 80 78 16 96 66 8 4 18 97 96 3 2 25 82 17 3 47 4 33 85 94 49 83 86 43 41 3 86 19 37 91 55 5 40 41 35 20 51 75 75 56 78 65 72 42 66 99 21 61 71 74 49 89 52 69 80 18 61 32 42 82 99 16 11 26 69 85 79 5 40 87 79 63 33 66 66 8 22 72 15 54 74 82 87 18 42 27 37 1 64 
45 36 69 71 16 19 56 36 81 62 4 81 95 39 26 46 61 81 60 36 86 48 76 61 20 17 97 83 64 87 5 63 7 46 18 57 51 53 80 47 73 73 99 8 56 13 5 38 81 67 20 6 18 19 33 44 58 67 21 95 40 93 36 99 18 12 6 71 32 31 84 42 87 99 9 85 74 75 51 39 14 58 76 45 82 61 93 11 11 57 71 54 88 29 87 10 39 86 64 88 31 96 57 51 7 76 82 29 70 24 27 18 69 96 46 78 62 51 30 37 26 23 39 73 89 85 9 55 
20 22 44 5 16 23 69 19 19 63 11 11 88 99 36 73 10 26 74 43 29 58 69 33 20 29 32 91 67 51 32 3 51 54 68 86 16 46 57 6 75 46 78 100 91 13 24 7 32 17 86 100 78 97 29 67 49 76 90 15 8 11 2 54 63 90 81 8 10 42 83 83 79 2 36 77 11 85 65 97 58 88 52 72 46 93 84 37 63 64 100 32 6 30 50 62 99 72 40 61 84 61 47 88 31 67 6 67 60 63 38 90 29 81 74 56 39 85 78 83 78 25 93 39 34 42 83 64 
37 58 99 82 53 53 37 24 9 30 65 86 100 62 81 14 45 99 89 81 83 73 52 28 9 62 60 99 28 92 92 35 22 88 87 57 70 51 27 13 39 27 6 18 21 33 37 10 98 81 56 13 95 44 75 90 88 84 19 69 11 30 77 46 45 51 57 49 56 30 98 23 25 36 39 61 42 13 44 10 82 82 79 97 64 43 44 4 89 10 59 10 13 78 66 6 48 2 41 89 46 16 43 56 18 60 57 41 94 42 6 51 69 80 98 61 94 95 75 71 31 89 66 39 44 67 11 56 
17 49 53 23 40 51 78 52 33 68 40 61 58 85 51 91 41 26 71 76 43 46 86 5 57 93 71 53 88 61 1 42 96 26 67 51 5 44 72 10 84 57 17 8 86 93 37 18 43 24 8 59 26 29 44 17 11 75 30 82 82 97 68 83 95 96 60 22 49 9 4 88 16 4 34 70 12 37 24 68 79 18 62 65 80 59 25 20 24 94 38 71 53 53 5 71 55 79 32 64 41 85 88 5 50 83 67 20 22 69 99 97 5 73 25 8 58 46 36 67 66 91 50 8 46 44 1 94 
60 5 94 61 25 17 31 52 70 70 27 77 31 20 26 84 98 41 84 82 90 81 52 8 79 44 88 65 72 40 52 93 30 39 79 12 47 21 39 71 2 74 3 50 37 100 90 71 67 24 99 59 51 72 63 57 79 23 96 75 60 70 92 77 78 68 96 83 45 9 27 19 42 31 52 92 56 16 37 65 6 29 50 15 75 42 97 88 90 84 88 52 59 8 58 99 32 25 1 44 21 33 81 96 89 95 92 9 61 85 27 39 33 12 60 61 72 75 4 99 15 33 9 74 81 21 59 59 
84 77 5 18 71 34 55 29 77 71 58 84 27 42 92 24 10 35 97 51 97 82 87 61 66 80 60 83 17 10 100 34 50 44 68 24 51 3 62 89 48 63 95 22 53 96 63 53 99 91 67 25 38 27 31 57 36 37 78 60 27 75 12 97 100 84 69 78 24 4 25 47 50 99 57 78 17 14 3 60 41 6 38 40 59 99 65 10 91 41 15 10 56 17 64 79 60 77 54 43 3 11 91 17 99 2 28 1 82 60 83 55 99 36 6 100 19 19 14 11 34 42 37 18 79 15 10 47 
18 98 52 13 29 58 45 59 53 81 90 59 54 100 37 37 24 24 51 7 7 63 20 11 98 18 57 12 24 97 58 32 72 89 31 35 99 11 42 69 18 88 95 91 99 6 92 57 5 18 26 54 87 5 43 77 80 64 2 3 78 78 24 18 56 7 32 42 38 87 79 66 73 98 10 50 75 37 100 10 95 79 35 80 52 48 69 42 81 11 29 48 30 45 36 5 50 34 28 63 67 35 31 47 76 48 83 17 77 95 2 40 3 38 79 63 83 80 92 22 29 35 99 36 8 23 87 23 
95 78 79 74 39 50 3 83 2 57 13 21 15 80 10 6 72 12 55 74 92 22 71 14 63 99 89 92 68 10 16 12 88 36 20 96 19 9 8 19 66 73 14 21 60 51 52 92 24 42 92 84 87 74 26 26 36 22 60 73 70 19 69 52 77 76 44 24 40 70 82 7 44 33 68 59 7 29 94 72 72 97 72 92 82 57 19 90 41 85 81 57 66 3 75 35 77 82 65 3 56 58 98 71 59 81 12 64 3 62 5 10 16 93 3 20 24 53 21 10 51 91 36 59 11 39 46 49 
69 99 88 85 86 91 87 40 2 25 4 40 20 1 16 82 26 57 31 76 37 15 60 85 55 19 9 66 26 75 81 85 20 22 75 40 26 73 11 17 75 89 3 38 81 15 70 83 95 100 30 76 55 81 59 83 62 93 44 90 68 93 99 65 68 57 14 96 85 96 25 81 59 19 93 78 33 98 47 35 50 15 94 5 45 40 85 77 36 60 67 29 77 34 41 34 78 65 64 19 60 81 65 12 95 30 27 66 67 34 27 60 64 78 32 34 4 75 28 49 41 30 66 86 51 36 80 11 
99 90 38 15 6 96 1 72 90 86 19 22 1 13 93 72 9 52 59 1 36 3 11 56 13 31 39 72 7 31 17 8 10 18 28 49 29 58 68 31 98 2 3 14 2 18 90 23 12 8 6 72 100 74 90 44 13 7 98 83 87 89 42 50 36 76 74 100 58 80 72 48 21 16 65 66 100 56 28 44 46 41 85 59 47 26 3 17 20 41 95 60 93 92 58 39 26 10 11 36 54 26 66 38 5 16 94 86 38 46 49 48 59 49 77 70 35 41 59 15 69 33 98 83 73 5 43 32 
29 42 34 30 95 89 6 88 88 6 14 40 27 46 53 43 65 95 58 5 98 10 33 58 34 84 10 66 25 68 91 78 16 13 52 87 90 58 9 91 75 77 86 50 32 48 12 52 20 62 10 10 14 36 84 2 43 58 1 96 72 58 65 18 60 21 32 18 95 73 51 57 82 58 12 92 74 67 22 65 46 72 4 94 68 73 50 100 89 3 65 18 4 48 15 34 85 53 87 94 40 1 15 59 30 55 94 91 24 32 57 16 1 71 80 85 43 77 84 21 55 64 28 20 93 69 37 33 
18 28 88 17 7 96 14 82 60 85 35 14 45 92 58 28 46 20 56 34 38 26 18 45 27 65 32 31 59 89 56 98 56 51 4 73 62 66 68 46 71 63 100 3 56 35 7 91 2 36 45 97 26 65 8 56 92 64 41 81 10 84 21 28 19 94 36 65 50 58 31 2 67 63 63 31 48 39 37 28 26 31 72 31 90 23 54 56 92 25 52 71 71 71 37 5 38 32 29 21 63 42 19 15 45 11 99 22 38 55 12 10 51 92 17 12 65 95 4 68 5 25 5 89 37 86 88 94 
46 93 81 29 12 11 40 86 86 93 26 37 18 9 95 62 58 61 16 87 62 43 40 71 82 55 1 10 22 2 89 38 81 26 30 10 98 39 27 59 61 6 83 100 24 16 72 73 34 90 38 3 46 57 21 23 82 83 62 47 7 33 19 44 60 70 35 44 31 63 55 72 53 73 13 7 88 71 64 61 17 11 9 51 17 1 73 4 65 9 88 93 31 45 36 54 52 19 3 68 17 78 69 10 97 13 74 94 93 20 44 61 42 92 57 36 38 3 79 67 24 93 43 21 92 39 10 41 
65 51 22 9 36 8 41 76 73 79 42 54 77 8 24 78 98 76 64 22 2 78 88 40 63 85 43 62 83 70 94 39 65 34 70 64 67 55 32 47 19 93 37 94 47 68 18 96 41 20 90 19 84 94 73 16 69 96 52 29 44 36 41 58 70 24 73 44 29 36 42 66 89 29 69 56 40 76 35 86 34 45 93 32 63 54 22 82 61 74 81 41 9 82 49 82 27 56 10 54 50 96 26 76 68 14 26 65 28 71 33 94 2 72 81 33 45 4 33 45 53 3 67 91 35 85 2 91 
13 90 52 5 15 85 65 92 99 20 65 25 32 2 2 79 20 16 85 43 98 33 73 36 86 10 64 61 57 100 25 53 66 14 84 76 85 62 95 43 74 35 12 37 67 61 58 27 43 32 30 57 31 20 32 34 12 15 39 80 18 50 98 48 47 10 22 97 70 35 76 64 97 39 79 4 54 23 24 91 8 27 9 97 27 28 63 41 38 16 3 17 29 68 29 64 95 83 42 5 30 79 42 43 42 41 49 9 62 52 83 74 76 100 72 31 41 82 3 95 30 70 59 41 36 60 30 10 
47 40 85 18 25 34 94 96 26 47 49 65 14 22 94 34 22 80 23 96 20 98 72 30 97 84 33 87 41 33 17 89 80 89 28 74 44 15 11 16 79 44 67 80 84 73 27 72 12 18 21 78 44 26 27 29 89 100 10 33 40 23 53 45 65 88 8 61 36 72 20 31 86 81 93 57 5 81 37 45 47 8 17 46 64 78 29 78 44 8 48 91 20 62 19 19 8 22 36 83 83 18 67 34 85 52 88 6 1 90 50 7 28 54 44 87 40 37 17 73 42 10 85 71 61 43 48 2 
50 70 47 96 53 65 32 5 62 94 34 50 88 76 85 75 92 86 53 54 23 8 66 30 40 25 29 51 75 70 26 13 47 5 15 35 34 10 67 42 65 62 54 93 29 88 76 35 69 71 70 84 61 14 58 51 88 43 3 100 40 70 48 52 81 17 12 59 69 20 4 81 66 43 70 48 78 87 9 68 97 82 6 74 100 96 26 23 29 75 63 28 84 98 17 99 64 79 62 72 86 11 92 91 51 100 29 60 2 68 95 52 27 68 100 93 68 86 95 27 65 84 34 40 74 72 21 65 
42 41 58 91 33 78 42 39 95 94 74 92 27 16 10 9 16 90 85 30 18 28 25 51 29 48 10 67 90 29 88 80 36 70 92 15 48 99 44 12 53 94 31 87 22 62 9 91 60 84 48 79 24 27 25 90 60 1 81 94 90 6 90 25 20 75 38 62 28 54 7 2 12 15 26 73 44 92 92 6 40 21 1 87 6 44 23 92 83 66 80 83 54 20 89 27 53 9 60 36 96 86 16 13 71 42 62 13 11 41 19 2 63 42 91 99 70 74 6 75 46 22 59 23 69 64 80 88 
43 22 18 6 30 47 2 28 30 99 33 47 60 40 2 39 59 83 57 17 86 78 57 2 21 64 83 21 54 26 47 12 24 8 18 73 89 33 38 90 7 47 91 39 96 50 41 75 58 43 75 45 5 86 41 55 82 52 71 55 63 65 60 74 25 27 89 9 63 24 60 38 64 40 52 45 4 91 16 63 67 20 21 45 84 27 75 94 23 44 62 27 99 18 45 97 42 31 54 51 28 51 68 10 78 13 42 42 80 73 91 5 32 49 79 80 91 92 98 83 92 28 33 36 10 84 52 48 
5 48 36 39 90 13 66 80 69 19 41 70 63 96 53 21 73 79 52 68 7 22 72 40 87 11 40 51 96 28 50 70 84 42 88 39 29 92 100 81 59 89 60 37 46 68 90 50 82 5 58 24 35 84 60 36 92 85 59 29 91 37 19 42 9 39 15 62 37 47 28 55 58 18 70 27 71 82 69 43 22 17 13 3 15 30 55 91 47 43 9 66 21 86 18 3 99 59 95 86 47 19 72 18 3 61 88 17 15 16 99 35 56 86 71 1 9 77 15 57 11 84 17 20 69 54 72 20 
99 52 69 95 30 50 42 3 91 21 83 50 50 69 10 29 50 59 99 48 96 7 4 50 36 98 45 8 7 54 21 74 13 73 44 2 81 13 57 23 76 74 57 89 32 79 43 39 96 67 36 33 47 66 48 30 69 14 20 20 47 75 63 96 81 58 2 90 25 83 17 77 64 64 83 48 86 2 21 35 92 19 27 93 11 97 91 46 28 34 45 81 98 21 84 16 9 73 58 25 88 71 22 27 23 83 53 9 27 66 94 14 82 73 98 22 17 8 74 30 71 69 69 80 83 74 81 58 
33 71 60 53 40 75 97 27 25 85 50 44 80 79 18 30 93 38 96 10 11 50 57 71 94 64 6 42 38 82 36 15 82 85 85 17 58 90 3 82 94 65 63 40 67 9 10 4 13 29 86 64 28 45 82 18 100 32 52 23 26 11 73 56 39 87 97 9 33 70 2 8 59 8 20 21 32 13 17 42 14 70 81 87 11 81 86 76 13 29 91 13 71 45 87 45 7 77 19 91 91 18 70 96 48 70 86 94 73 13 2 72 62 19 1 84 23 73 4 17 77 88 21 28 90 66 22 83 
100 81 80 100 85 1 38 9 25 24 49 70 24 75 97 45 50 38 66 9 41 99 16 21 99 63 60 91 52 50 11 84 17 73 57 78 47 5 22 17 24 10 30 93 82 15 80 1 33 25 97 9 59 39 18 9 39 17 72 5 61 61 75 1 35 54 61 90 17 40 2 25 94 13 69 63 6 2 52 29 8 83 68 80 27 3 83 47 14 37 69 97 16 20 25 88 26 21 18 95 75 88 2 90 69 78 70 17 8 67 8 40 30 3 89 73 61 39 95 38 75 76 51 67 1 6 47 66 
81 41 52 73 10 96 91 81 45 10 92 99 57 55 77 10 10 39 23 1 62 62 9 49 12 17 1 58 80 8 26 1 10 97 9 75 59 3 56 52 40 50 20 88 33 19 14 71 23 47 61 74 55 30 67 52 10 92 24 80 84 33 5 46 7 25 97 88 50 93 45 62 70 71 24 63 45 72 34 10 87 59 28 89 69 60 5 30 56 45 6 2 84 37 57 40 78 26 59 88 77 9 38 40 64 31 56 10 3 66 19 1 42 22 54 19 84 49 95 51 38 80 38 73 96 26 53 90 
82 64 38 64 57 68 11 100 98 17 70 56 100 63 58 35 6 72 42 4 91 14 73 78 36 38 3 37 10 24 4 15 37 41 50 33 32 96 8 62 93 89 42 65 84 43 1 27 55 89 54 73 27 86 70 59 47 87 10 9 54 34 14 30 1 23 96 24 64 96 65 49 55 31 91 7 21 18 84 73 30 60 57 8 46 23 5 40 7 4 36 38 35 36 5 62 67 81 81 14 68 3 17 17 14 18 97 66 98 74 97 53 84 8 9 99 12 86 7 66 91 39 62 20 22 19 12 60 
97 68 6 89 36 19 31 19 9 88 37 25 52 59 75 32 93 22 72 72 45 57 70 61 97 69 39 92 56 61 70 14 80 67 82 15 7 11 44 51 24 83 21 78 49 70 60 8 96 55 56 48 70 88 45 25 11 3 2 80 22 48 88 9 1 7 1 51 42 39 89 75 76 50 38 28 79 67 27 83 23 23 77 25 91 31 97 72 31 86 41 45 37 7 72 21 11 70 15 88 85 31 53 55 43 22 38 21 99 17 17 88 38 33 5 100 69 84 77 11 41 35 71 1 5 45 63 23 
48 32 71 2 26 26 23 22 41 3 99 95 80 61 100 25 41 75 77 34 56 81 18 12 5 35 36 8 25 38 31 28 64 51 54 25 35 6 24 95 8 4 4 40 75 91 46 50 21 54 48 11 93 6 57 90 13 81 38 70 46 46 89 19 49 17 79 37 96 97 58 6 41 2 96 94 22 88 28 87 32 70 16 9 21 93 8 4 79 31 14 88 14 74 71 22 37 37 68 58 9 45 68 2 95 58 46 1 56 61 70 68 64 34 88 9 4 62 99 98 8 4 21 57 26 27 80 39 
33 91 49 79 13 98 38 61 70 2 36 76 40 14 3 66 29 34 99 59 91 75 65 57 79 46 66 68 27 72 4 9 66 68 42 52 85 10 91 66 97 9 60 9 72 45 39 7 25 74 11 58 85 84 20 6 27 26 35 86 7 69 16 8 83 80 86 74 36 15 16 61 46 96 20 66 63 29 77 53 85 77 36 27 88 73 17 3 92 61 20 18 23 79 92 57 72 91 4 79 84 1 85 49 86 80 60 17 8 64 99 100 81 14 15 52 75 20 100 8 87 89 60 23 2 23 80 13 
30 77 32 90 59 90 92 7 86 24 52 32 16 70 91 1 1 21 49 14 22 43 91 93 2 83 24 42 81 39 96 21 7 76 81 7 75 4 30 47 97 76 36 38 26 26 89 70 5 93 96 56 95 64 89 53 90 36 98 90 14 8 82 77 57 42 49 86 53 82 59 58 98 83 11 25 5 57 77 3 26 25 52 18 33 20 98 7 67 89 9 91 70 100 7 21 55 3 56 58 76 20 35 43 59 29 34 74 63 76 100 49 95 100 79 63 56 42 78 95 76 73 50 39 2 24 41 43 
85 88 43 87 82 95 6 7 86 39 70 72 94 63 87 87 13 52 49 75 25 87 28 54 27 2 75 60 35 49 54 75 20 78 100 3 95 58 86 65 70 73 57 22 57 23 85 22 41 35 55 87 3 14 85 15 11 1 73 97 44 57 81 27 69 62 61 8 4 41 93 41 56 28 20 91 73 49 49 57 73 16 96 13 32 46 63 54 30 3 51 11 28 72 17 92 1 72 48 17 78 95 99 50 42 38 61 27 54 89 39 47 39 17 68 45 100 66 30 10 59 25 96 38 77 40 81 59 
30 6 100 66 66 75 49 67 36 62 4 54 57 66 25 76 82 62 51 10 100 15 31 91 3 73 27 95 11 61 33 82 57 54 34 93 13 65 27 99 94 55 63 40 24 56 85 5 43 15 22 47 11 26 40 85 82 53 12 16 50 11 16 4 60 21 26 15 17 37 93 89 21 65 39 25 59 7 64 25 8 64 27 49 53 43 68 97 16 98 28 66 69 65 81 63 6 50 30 5 29 81 69 84 87 72 28 73 72 93 41 28 88 4 70 3 48 55 81 79 54 63 52 57 71 32 50 12 
84 13 91 11 71 94 93 46 29 33 4 48 4 34 35 3 65 58 77 19 15 82 48 88 50 53 59 17 21 74 82 6 79 8 13 6 74 25 13 98 27 75 49 75 65 85 58 77 12 98 71 11 49 99 68 88 91 90 56 59 99 40 50 83 3 13 64 95 93 47 15 79 28 60 11 87 87 26 93 11 52 17 33 25 19 26 13 13 78 5 78 33 42 52 1 47 37 32 14 30 4 1 100 4 10 93 41 18 26 34 75 49 70 85 49 70 43 28 68 14 15 83 31 61 61 67 41 28 
13 14 37 18 31 34 86 80 100 34 71 47 11 76 64 16 37 91 71 90 74 38 19 73 92 70 15 9 58 99 67 21 65 62 42 54 2 22 55 8 37 86 72 28 10 23 55 16 22 91 61 88 46 82 32 16 86 90 33 33 20 35 98 66 37 28 97 45 70 93 44 15 90 62 78 59 55 51 62 4 16 45 36 4 95 26 88 58 38 58 74 98 78 93 29 60 40 8 95 13 86 8 44 72 43 56 13 14 34 62 84 59 25 17 19 84 30 56 1 58 83 77 45 53 75 96 44 14 
86 92 49 11 23 18 88 59 71 40 93 50 16 76 77 90 55 55 48 42 42 85 45 73 17 94 35 91 75 92 49 11 68 12 24 70 16 28 58 87 93 8 50 85 63 26 12 28 28 13 84 70 74 44 89 54 37 42 12 43 90 14 10 32 84 60 93 26 69 76 27 37 46 81 85 85 65 5 56 11 40 84 4 80 20 95 81 43 1 51 4 47 18 49 59 80 28 35 22 92 63 36 44 10 88 94 81 60 14 92 23 69 24 2 76 26 34 28 83 67 58 35 98 2 49 36 49 15 
34 89 9 97 12 20 9 66 69 60 90 11 94 59 61 33 69 86 43 49 59 92 69 58 91 18 68 24 48 50 96 40 5 37 85 11 58 89 91 5 49 11 54 74 45 77 97 61 11 91 42 37 73 81 70 40 42 89 56 42 39 22 38 22 28 94 29 23 64 15 83 81 41 55 4 8 88 43 96 58 75 70 82 18 12 51 66 24 6 85 45 23 53 100 100 80 27 89 99 57 36 88 62 30 32 39 41 69 66 72 62 75 5 68 58 73 3 36 17 92 48 1 64 8 100 69 40 68 
2 35 4 15 71 26 30 38 22 32 23 71 28 79 12 2 39 47 94 41 95 35 53 70 17 63 31 42 20 28 45 55 51 88 3 58 16 99 49 70 22 43 34 15 34 86 17 79 96 48 63 22 17 79 7 51 20 42 94 29 10 21 89 81 4 5 91 61 49 12 78 4 9 21 96 2 31 72 15 96 95 14 83 8 69 2 56 81 3 47 9 85 14 78 99 23 78 1 32 31 36 82 58 30 15 29 38 98 97 8 53 85 9 52 66 66 63 76 72 25 76 63 37 62 99 74 23 6 
77 72 65 98 19 50 7 15 19 68 91 18 48 90 42 56 98 43 59 4 45 61 57 31 65 14 70 62 75 22 18 77 66 14 89 78 65 25 44 32 21 14 87 36 46 74 44 4 25 14 90 100 7 6 64 6 10 12 8 37 48 87 60 67 3 16 3 84 86 11 51 21 5 83 91 53 30 70 42 13 92 83 41 57 37 36 31 54 2 92 81 46 21 35 65 77 40 47 6 75 56 3 28 90 69 1 95 27 70 16 12 78 73 22 30 1 84 35 42 29 9 7 54 31 57 28 14 62 
34 26 92 39 46 9 69 100 21 64 16 11 67 30 51 32 16 74 65 32 63 30 89 38 34 38 93 66 11 69 28 92 34 84 94 12 54 63 91 96 87 75 19 100 79 56 44 8 73 9 79 75 66 41 88 66 15 29 31 2 5 83 79 94 80 29 32 83 61 40 55 97 79 94 69 56 96 98 3 54 45 32 22 99 99 83 95 79 38 24 91 78 26 43 56 30 31 52 42 60 24 71 33 36 18 43 59 77 89 69 100 96 49 43 18 59 30 37 25 79 46 7 1 15 53 12 60 80 
17 26 76 18 90 79 69 71 11 27 60 41 91 79 61 8 84 93 66 27 25 67 60 58 77 14 6 93 71 9 69 76 83 76 35 45 71 86 5 86 83 36 78 27 61 100 77 35 73 53 12 76 43 95 78 2 58 35 87 82 60 40 14 25 16 59 50 22 43 89 73 24 82 98 87 41 70 35 32 6 8 68 12 35 57 77 19 70 67 42 37 83 89 91 35 45 40 61 77 57 49 21 6 29 65 67 17 32 15 44 26 27 9 25 12 24 58 78 62 75 74 79 26 5 92 29 80 27 
6 56 36 92 63 24 81 38 26 47 21 54 73 77 75 45 27 27 13 67 1 33 76 71 7 82 40 38 35 19 16 27 81 20 46 20 64 48 68 69 91 80 45 22 78 81 99 97 67 68 78 93 17 12 90 66 27 53 44 50 95 53 88 12 94 64 100 56 83 6 85 62 54 58 6 74 65 37 52 50 34 62 86 52 80 11 19 86 84 64 73 6 51 25 85 57 64 86 18 66 2 15 95 47 54 74 60 18 35 2 17 37 38 36 29 38 49 86 94 56 44 81 71 59 37 3 21 90 
53 92 79 47 65 94 1 86 9 52 24 85 75 56 83 56 62 15 76 29 42 82 12 6 92 68 97 6 87 50 11 99 60 53 55 24 49 2 80 10 48 24 25 64 36 91 30 64 71 48 59 81 48 19 33 20 97 44 57 23 10 68 11 10 46 56 58 89 36 5 98 88 1 58 22 91 85 46 58 69 68 24 46 47 16 6 23 93 5 38 65 44 29 37 81 6 67 30 63 13 24 39 77 12 21 50 79 16 81 41 14 3 31 96 85 14 15 79 17 83 46 89 94 59 86 97 23 28 
92 50 69 28 94 96 97 27 52 12 90 13 3 68 18 5 13 71 52 40 68 23 72 69 46 74 22 38 29 37 35 90 47 33 67 92 74 65 47 5 8 87 87 70 86 74 57 44 68 65 9 14 42 14 34 69 84 76 55 8 15 30 80 23 30 65 70 23 94 95 7 37 11 69 14 41 84 42 65 85 50 76 1 100 48 62 43 21 78 2 66 37 95 31 8 49 7 91 71 52 46 5 64 98 95 24 31 18 97 100 61 68 32 7 54 10 58 61 28 76 97 99 10 80 12 85 87 32 
42 60 36 21 69 78 40 18 3 2 37 41 91 68 68 26 68 50 21 26 78 66 92 30 23 93 10 50 68 100 27 73 42 61 57 4 7 2 73 39 75 9 23 1 42 27 13 27 24 92 39 4 54 16 27 68 31 88 36 37 28 14 45 89 72 80 98 69 85 62 90 77 6 88 80 13 89 79 29 59 29 17 56 57 13 47 54 24 17 19 65 65 81 100 31 94 94 52 97 20 76 88 86 53 42 27 97 58 65 76 36 2 80 45 27 46 4 91 64 37 83 86 98 68 70 53 38 35 
61 21 94 35 95 44 80 79 63 3 39 94 85 22 42 63 86 43 33 96 97 83 65 5 44 96 68 98 52 67 51 94 36 4 55 13 50 27 60 15 40 26 1 72 84 58 67 90 71 54 29 84 68 89 80 49 31 96 19 43 23 14 65 25 93 89 12 59 21 19 37 94 43 28 94 42 10 63 41 23 17 3 29 98 86 21 3 2 63 49 8 34 33 6 81 47 98 45 40 5 68 48 69 97 47 32 1 79 100 38 79 15 20 47 95 97 61 17 82 53 8 99 94 17 65 40 68 4 
31 81 67 10 60 30 95 96 68 33 12 66 64 4 64 43 53 18 63 35 55 31 21 87 10 50 17 7 7 8 71 44 74 65 91 39 67 88 69 42 68 74 85 52 91 71 51 34 73 30 42 17 74 54 81 56 2 98 28 27 40 64 70 59 55 46 80 72 38 57 74 86 70 94 77 48 39 62 58 36 13 92 58 23 81 85 68 29 69 12 10 58 44 66 42 24 78 90 22 16 53 88 64 19 48 8 79 26 62 68 78 94 18 80 51 54 42 53 6 71 61 22 89 33 61 46 29 71 
38 76 71 52 19 8 90 65 82 69 83 70 33 56 35 15 90 13 14 35 78 82 30 6 60 62 66 26 72 70 76 99 27 68 25 81 6 38 46 95 98 47 9 96 39 14 41 72 52 48 59 63 59 25 55 3 72 47 69 66 55 16 53 18 20 64 59 55 46 92 27 15 49 77 21 28 29 52 14 71 56 80 12 47 17 92 83 42 88 89 64 80 24 93 59 38 10 11 59 90 6 1 18 14 49 46 19 1 94 73 80 83 100 49 21 22 98 2 80 87 33 60 2 47 43 71 65 36 
57 32 78 23 13 84 53 82 63 7 37 65 40 36 24 14 31 83 82 40 1 74 32 64 63 39 50 45 71 35 93 7 29 98 70 36 12 74 59 33 20 63 70 57 63 44 24 88 39 43 61 30 39 34 2 84 8 74 93 56 71 6 61 96 21 42 21 62 77 62 56 26 48 38 57 27 49 41 72 6 62 52 70 4 23 88 46 63 23 33 40 68 29 93 83 84 25 70 89 38 40 87 77 62 89 38 84 16 33 94 26 23 77 73 61 21 84 44 17 98 48 87 16 37 56 27 34 27 
76 53 78 93 88 84 84 75 92 45 36 37 46 87 71 79 23 8 43 74 75 90 50 80 5 91 67 8 8 83 40 43 83 48 11 45 19 48 7 100 83 32 52 40 85 67 5 31 40 91 16 92 1 20 79 52 36 70 31 25 61 41 71 81 10 99 35 95 29 56 19 81 73 13 68 92 3 21 23 66 12 22 22 5 78 44 15 38 55 47 7 21 2 93 12 32 87 94 27 5 64 50 66 29 84 100 7 34 52 31 50 15 11 82 81 39 35 66 18 41 43 93 44 41 70 97 29 20 
74 82 12 7 24 13 1 76 49 12 6 89 85 39 5 21 27 26 34 96 83 22 77 61 52 63 17 70 16 22 37 9 34 76 88 27 23 65 88 1 26 54 100 68 30 43 27 16 7 71 2 74 86 2 91 7 36 64 23 98 57 36 11 64 21 85 62 9 46 77 25 95 26 47 66 2 64 28 84 34 45 9 26 85 50 33 89 61 84 60 47 85 97 52 16 1 31 81 91 64 41 34 64 30 93 47 79 39 90 8 10 59 58 84 84 53 51 19 43 48 57 76 21 51 34 60 49 52 
83 59 4 85 3 60 26 78 9 41 10 66 30 13 8 54 11 72 34 23 29 12 45 48 50 15 50 29 8 96 24 23 63 74 82 84 76 50 87 47 26 86 75 13 40 99 77 63 54 78 69 48 94 37 40 11 72 53 51 23 60 10 95 97 100 60 34 86 18 94 67 94 91 59 25 7 5 84 47 97 7 11 42 45 60 19 21 83 48 2 44 8 88 86 62 13 91 81 80 96 86 47 9 76 45 41 85 21 97 75 72 87 60 86 51 12 10 87 32 51 45 99 72 14 32 98 5 65 
43 52 31 48 96 23 48 62 40 7 9 100 75 32 17 16 77 78 79 16 36 28 71 32 30 19 1 87 99 17 81 11 77 36 44 76 86 13 41 45 24 98 46 48 4 7 5 47 61 79 18 85 30 14 69 27 42 12 29 54 68 47 32 40 19 96 40 91 14 45 7 79 63 6 18 21 31 51 99 100 73 24 6 92 53 1 29 81 1 39 54 46 95 24 79 77 54 82 22 85 70 40 38 79 31 28 26 50 48 9 27 10 63 39 67 45 1 16 71 39 14 54 28 46 8 51 79 52 
53 89 83 71 45 42 84 62 15 62 97 29 39 62 91 89 58 83 18 2 86 4 27 99 22 7 12 72 92 79 4 8 27 58 64 33 46 18 74 70 61 40 68 37 75 38 66 44 75 34 56 71 80 58 84 89 41 48 96 81 11 60 52 76 67 23 86 91 89 21 76 33 46 83 95 81 63 98 68 33 13 7 31 97 96 28 15 47 50 65 60 25 25 25 72 41 27 17 44 41 54 21 41 8 35 39 41 88 64 15 41 86 71 63 5 61 25 73 93 49 17 9 82 86 68 58 35 65 
1 3 11 74 79 74 57 42 92 34 57 45 47 13 84 41 42 91 51 90 51 47 79 60 88 1 20 94 84 89 8 75 46 67 54 57 58 21 27 43 41 46 83 73 31 75 22 52 64 43 2 50 4 52 13 71 9 73 41 6 11 65 89 70 80 35 70 16 97 88 91 34 91 2 77 15 12 16 95 95 10 42 74 52 100 50 15 61 6 78 16 67 68 62 3 97 97 99 4 25 83 47 81 40 23 13 80 45 100 77 4 29 70 16 95 100 61 13 74 19 2 97 8 37 9 45 3 58 
89 31 65 45 90 64 13 34 57 95 16 33 79 15 44 26 40 23 43 65 73 77 82 36 43 6 29 11 32 13 46 14 14 45 77 18 42 75 68 78 99 21 67 27 65 10 44 48 11 98 25 71 29 24 26 80 62 46 92 92 24 59 42 33 22 74 61 82 35 60 84 89 44 75 44 46 15 35 46 97 87 50 99 43 91 65 91 30 3 88 24 57 77 85 86 66 54 56 29 21 77 88 38 22 2 46 8 90 72 76 2 75 92 42 82 89 33 62 58 3 80 18 35 33 51 54 14 65 
14 27 16 11 27 49 60 16 39 81 28 57 100 80 14 50 10 8 43 58 57 98 60 67 53 87 9 20 89 4 42 69 87 39 81 95 75 89 48 88 10 13 49 64 17 54 76 6 93 78 79 24 69 50 47 26 19 28 2 76 70 42 44 13 5 86 21 18 84 36 15 71 49 93 99 44 8 67 89 5 23 57 36 26 82 75 37 36 83 77 45 80 70 12 80 78 44 44 98 58 72 63 22 39 10 16 56 47 14 12 51 69 46 49 37 28 36 90 6 74 13 11 100 3 89 76 80 52 
41 63 24 45 2 53 89 80 30 25 4 36 7 62 82 87 50 29 69 69 29 86 22 50 38 30 95 21 37 62 23 23 94 90 69 33 87 84 4 64 55 99 86 44 75 5 88 27 64 99 69 80 70 74 15 13 35 48 60 67 40 94 60 94 56 96 98 64 6 47 64 41 60 88 11 13 47 96 26 44 85 15 38 12 39 91 38 3 66 38 31 27 27 55 30 42 76 87 30 54 10 75 93 1 7 35 70 89 33 32 6 11 49 99 36 70 25 73 60 99 56 88 66 93 16 40 92 58 
31 89 2 100 18 45 41 65 95 70 97 5 71 37 87 26 73 95 90 88 36 2 90 11 5 37 77 17 14 86 36 71 74 28 52 90 72 55 3 69 77 33 23 68 55 55 81 56 6 5 57 38 66 60 97 72 69 36 66 57 97 41 20 12 69 37 89 55 50 25 72 42 87 97 67 31 45 82 63 55 24 6 89 62 60 63 11 85 40 43 22 81 44 21 4 88 67 13 23 69 32 24 59 74 47 2 9 62 80 100 75 81 70 99 30 95 66 88 54 15 28 20 84 45 47 63 77 35 
25 19 92 34 25 53 87 77 4 11 77 35 100 94 89 61 65 42 4 31 76 94 99 70 69 37 28 21 14 16 91 93 96 72 40 22 13 84 64 74 35 35 54 38 95 4 35 58 6 82 34 87 32 77 61 3 94 77 62 52 92 82 99 92 92 50 60 21 78 5 80 85 99 52 46 38 19 55 9 65 66 42 60 17 8 32 51 38 93 12 74 18 2 19 87 91 3 77 86 64 51 61 16 57 45 76 75 84 33 58 8 88 100 61 95 43 26 56 1 17 21 25 90 49 14 58 34 39 
22 91 87 70 13 28 82 22 64 72 39 8 43 94 54 41 69 4 29 97 21 5 25 35 3 22 19 3 14 40 45 17 59 41 10 52 59 96 39 16 13 48 40 74 38 65 28 86 99 98 60 48 67 98 65 28 22 30 37 5 70 11 73 100 65 5 7 74 72 77 54 71 43 10 61 6 75 63 51 3 48 88 20 2 63 72 82 86 99 66 25 83 41 87 85 30 38 73 45 64 80 64 47 94 36 47 63 66 17 60 81 62 72 56 40 11 36 80 13 79 30 58 100 80 26 82 8 85 
93 45 55 68 11 57 94 13 1 54 46 41 65 37 8 71 74 82 30 15 27 50 21 59 77 76 24 43 2 69 14 36 89 8 46 51 40 58 26 74 60 10 38 70 92 63 20 88 79 30 68 21 6 15 29 13 83 89 64 70 87 18 22 64 99 39 36 55 21 88 49 15 77 7 83 16 99 16 13 50 60 2 51 91 70 95 26 17 50 38 13 54 100 21 17 73 88 23 98 6 66 96 76 74 27 78 70 81 94 25 62 62 10 50 29 22 95 92 85 96 88 36 11 53 15 1 65 33 
77 86 38 44 17 84 20 84 50 42 30 73 73 49 21 83 38 24 23 44 97 57 46 75 4 85 34 99 63 40 24 71 63 39 44 62 53 40 30 98 44 35 54 30 15 17 62 14 55 44 12 34 76 47 99 56 89 57 73 68 24 83 11 63 97 71 10 24 79 78 54 49 95 6 2 80 12 48 91 72 78 22 37 3 18 68 45 70 77 23 27 31 21 90 43 63 95 45 89 84 4 61 29 66 17 95 3 94 63 9 69 19 46 48 14 91 59 3 8 36 95 80 100 74 68 82 45 38 
16 43 4 7 28 7 62 44 80 24 71 2 35 42 3 88 56 73 36 72 63 46 28 54 5 11 70 13 53 50 14 71 33 48 62 4 6 8 44 85 84 8 93 54 4 22 6 76 13 89 19 81 16 82 71 67 66 95 8 52 51 22 77 23 22 75 84 73 93 100 55 12 20 50 38 80 99 22 44 44 99 44 46 2 48 59 78 61 75 17 14 100 98 59 80 93 73 79 5 20 82 23 33 96 64 36 79 52 56 66 95 50 78 97 22 44 83 51 48 41 72 35 3 28 94 18 19 62 
58 51 30 94 37 31 42 75 34 62 22 47 25 78 27 22 8 5 66 44 85 14 34 8 71 88 83 30 24 58 32 61 38 68 98 12 32 5 34 81 88 89 94 16 34 80 20 22 20 43 1 21 19 7 80 87 76 72 30 56 77 59 79 67 87 23 67 9 70 75 2 60 95 89 50 91 41 84 88 44 17 91 92 72 90 44 8 99 72 17 32 54 95 15 98 64 98 49 34 68 56 19 4 26 68 96 4 58 77 5 34 55 74 18 19 70 97 14 49 49 56 97 98 94 39 75 51 14 
62 3 53 60 1 34 79 82 72 87 57 89 56 67 50 57 19 53 96 67 40 91 58 93 74 4 100 26 17 67 93 29 49 67 70 100 59 33 94 26 69 17 45 49 7 20 27 3 63 32 94 30 84 60 83 36 12 8 55 69 69 80 62 10 17 13 15 73 12 24 49 65 97 15 49 3 54 57 73 100 67 8 39 73 60 53 35 81 77 79 1 28 40 26 45 26 86 15 66 40 67 5 86 72 81 32 31 28 66 11 74 58 13 96 93 76 45 17 58 15 5 82 29 35 11 89 80 80 
59 70 49 81 17 69 77 48 73 11 32 8 18 99 69 47 14 41 50 44 81 69 67 29 33 1 62 11 34 18 22 98 85 4 24 20 3 100 86 73 7 23 98 43 96 13 5 43 37 2 28 17 33 81 100 73 83 60 40 46 76 64 85 99 10 34 39 63 93 56 91 51 76 69 40 93 67 55 41 82 81 66 94 73 80 85 15 72 77 98 35 96 67 32 84 57 36 79 39 31 52 91 35 20 51 37 33 81 42 60 93 66 99 79 70 8 87 5 33 97 32 62 38 69 76 72 58 62 
83 91 93 68 81 74 62 61 94 11 44 53 28 2 12 39 52 58 97 4 15 51 8 7 16 36 43 80 42 54 76 52 13 93 96 27 65 51 14 95 89 33 3 86 33 70 24 65 66 82 50 76 81 66 98 41 27 29 52 21 17 4 83 33 20 82 35 91 60 4 16 88 80 79 74 29 80 32 39 72 54 57 44 84 70 41 4 95 86 84 11 42 57 36 51 74 31 85 67 12 87 91 25 11 46 71 65 73 62 93 97 42 37 93 45 70 33 10 15 77 33 99 23 13 8 19 71 16 
80 78 39 74 82 85 65 6 39 93 45 90 55 53 57 69 83 85 43 12 91 46 29 43 79 49 42 11 17 39 99 28 54 82 42 61 28 3 35 8 45 45 47 68 26 21 27 16 7 34 69 74 66 24 50 19 88 3 52 39 64 8 97 52 50 8 76 10 23 10 13 49 44 15 81 21 87 39 92 86 21 90 28 34 6 36 36 38 41 25 36 96 85 49 68 4 61 26 72 52 82 57 98 49 38 89 17 5 18 36 54 26 79 55 58 59 90 95 94 87 63 10 62 7 16 17 71 10 
84 16 100 53 66 79 61 40 66 46 74 70 52 50 64 75 5 24 30 83 2 73 4 42 31 60 10 78 17 1 19 77 70 94 42 65 33 8 23 29 99 10 97 36 51 64 6 39 16 78 66 29 2 24 90 35 17 22 40 27 29 78 58 28 36 9 31 90 48 39 75 71 79 12 50 33 29 1 63 31 50 83 37 8 77 41 32 70 6 47 25 7 23 57 77 33 62 47 75 49 51 47 91 99 13 22 31 85 59 77 24 35 14 12 58 56 50 26 11 78 89 89 53 45 41 58 77 55 
99 65 76 3 59 89 47 99 32 17 78 58 18 26 76 34 79 56 39 91 70 8 38 28 36 79 43 33 12 31 68 23 79 87 54 76 5 85 62 89 50 69 63 94 63 45 47 68 76 90 39 74 34 93 82 8 1 36 75 73 31 58 86 18 78 58 26 93 52 79 68 81 62 34 94 79 54 93 8 60 74 66 73 22 40 60 69 49 65 12 60 59 92 38 100 49 12 21 99 61 45 71 20 16 71 47 33 43 6 21 54 52 65 70 7 11 100 31 22 12 76 71 85 86 80 3 45 80 
51 54 5 63 7 79 61 47 65 89 85 46 71 43 65 99 33 22 79 74 95 4 94 90 31 24 5 52 13 56 19 52 98 12 85 97 46 66 11 72 48 25 3 69 10 92 73 40 5 28 60 3 39 29 41 79 76 13 40 39 40 52 62 39 38 12 62 89 73 94 89 91 3 39 27 98 71 11 17 20 23 32 29 88 4 48 27 32 51 91 1 44 99 12 92 27 84 1 80 46 59 50 5 7 32 18 32 88 69 30 70 9 46 21 85 23 45 38 93 92 15 24 68 55 54 71 99 36 
5 46 80 81 36 46 67 56 28 95 90 68 54 16 68 71 5 28 61 19 12 6 34 53 97 90 100 26 63 72 3 49 65 84 26 98 97 55 67 90 16 25 32 17 11 31 22 52 92 20 25 31 4 100 26 94 60 5 4 36 56 55 72 29 31 62 41 82 36 24 90 74 26 84 10 90 88 74 76 27 46 99 69 24 4 19 4 12 68 35 97 30 90 24 9 8 25 12 35 87 26 31 33 94 7 31 61 36 28 61 16 1 67 14 50 44 10 10 9 31 20 13 5 94 56 18 96 15 
9 14 31 35 51 41 12 64 29 53 16 30 41 4 34 65 88 19 99 26 84 54 64 42 46 14 23 91 68 22 65 83 28 74 29 42 75 29 40 19 80 8 52 90 41 20 21 72 63 87 72 64 78 66 39 51 16 44 21 70 22 27 92 94 69 10 87 59 23 2 31 72 94 20 97 36 22 56 72 17 40 4 39 14 54 50 31 73 36 69 17 63 39 100 78 90 56 77 13 83 94 13 39 1 45 90 68 15 38 22 40 54 9 15 57 51 72 23 36 74 81 27 30 42 51 9 55 86 
86 86 12 50 82 31 8 29 7 88 66 89 52 21 39 40 17 71 35 42 1 81 41 52 53 10 76 91 63 50 54 99 13 15 1 99 20 88 85 71 92 94 62 58 83 26 17 39 5 64 1 38 16 20 19 19 46 74 52 29 43 83 94 9 21 13 58 21 39 62 74 65 10 51 15 77 2 39 30 44 86 94 63 8 33 64 47 7 74 64 70 73 27 86 86 17 7 33 71 14 20 13 44 75 34 94 33 64 18 59 42 43 80 34 49 18 21 6 79 19 15 10 54 34 70 84 65 1 
32 82 66 36 2 74 63 92 22 24 80 5 8 10 27 66 72 49 48 42 20 78 23 58 14 52 46 84 66 36 73 41 100 71 27 7 41 18 57 76 64 54 92 89 84 39 18 4 69 88 1 34 60 66 30 54 22 45 21 31 70 13 62 96 5 53 45 35 89 96 43 14 7 77 18 32 57 8 49 82 96 98 31 88 14 96 91 57 10 39 40 81 48 64 51 58 17 57 19 7 82 92 78 37 11 93 69 48 10 72 94 21 56 37 68 55 70 18 32 33 7 2 92 65 79 33 28 7 
21 20 72 22 80 52 35 93 38 46 10 22 47 44 31 54 18 20 27 47 58 33 91 84 40 3 11 9 15 60 80 67 34 24 50 61 24 13 96 32 37 5 95 86 77 5 63 99 9 3 16 40 61 76 34 62 16 48 2 70 83 55 21 11 68 34 74 100 44 33 4 8 46 18 34 29 9 88 82 46 39 75 22 61 67 82 96 95 87 37 53 61 99 39 27 45 41 58 59 42 61 39 75 65 56 92 19 41 32 51 30 16 44 78 99 93 52 86 63 78 92 27 21 22 81 5 98 4 
4 20 44 67 31 5 52 28 38 76 99 16 83 61 40 24 53 87 57 9 31 31 81 7 90 13 74 61 27 39 83 62 85 72 20 52 48 14 39 38 99 70 56 15 6 94 18 46 18 61 85 80 83 14 11 89 15 34 1 43 5 39 67 36 98 46 14 12 31 49 73 52 18 87 60 77 45 38 10 65 67 59 61 46 87 17 27 17 34 4 30 83 96 82 100 64 30 85 46 33 86 1 27 76 95 25 60 62 70 74 18 22 80 54 23 54 54 72 1 60 71 7 32 29 44 65 72 78 
97 72 2 11 96 68 63 15 15 40 17 27 41 11 83 11 27 41 35 100 71 38 55 85 8 74 82 29 69 58 19 10 32 42 97 63 53 76 22 8 60 17 32 20 36 86 16 4 82 40 51 92 84 73 9 58 24 83 23 93 80 20 2 4 51 37 55 59 97 6 87 94 91 4 81 68 51 55 67 83 52 35 30 70 81 24 65 29 7 83 8 81 78 27 25 61 2 81 11 9 89 74 89 72 48 12 92 24 66 15 35 78 96 84 96 88 3 33 19 26 85 40 81 41 63 7 58 3 
83 99 59 84 36 2 21 2 64 4 88 78 1 19 58 62 12 24 75 68 43 70 19 84 4 6 19 5 84 40 29 79 31 69 16 44 75 80 83 83 51 58 52 85 24 45 47 24 30 9 60 72 90 50 96 91 68 1 75 9 58 17 3 48 45 74 66 55 6 89 19 42 11 62 62 13 75 7 27 88 4 71 37 95 100 36 85 32 58 40 34 37 79 53 54 77 98 26 71 79 36 5 64 90 60 55 20 11 15 80 99 25 61 37 52 21 91 46 28 74 1 39 67 57 64 14 50 97 
77 51 100 16 75 85 11 80 89 26 2 59 62 40 78 74 21 6 36 8 98 9 97 53 78 63 55 96 88 83 70 9 1 65 18 2 60 70 71 63 43 54 62 69 31 91 60 98 75 79 18 98 88 13 13 39 73 12 89 35 28 45 99 7 99 57 18 38 11 73 57 59 20 24 18 40 41 1 11 54 90 2 21 59 57 21 31 41 78 4 61 100 90 37 67 1 70 51 48 70 96 31 12 32 51 35 90 48 35 5 43 86 10 50 99 25 28 11 39 45 64 3 51 71 22 1 9 97 
44 1 37 3 91 60 21 52 12 78 100 79 5 64 39 79 12 67 1 27 16 100 89 90 76 81 34 24 93 76 68 22 97 37 100 63 70 83 51 98 30 47 90 29 64 75 62 9 41 64 44 92 37 85 95 89 23 19 49 44 47 8 29 18 3 90 36 98 8 92 16 44 32 53 79 21 100 94 66 94 21 44 87 97 11 67 85 5 99 66 31 50 6 11 39 3 37 26 77 55 22 99 87 70 90 79 23 94 38 74 80 91 91 30 75 6 11 68 78 82 65 6 32 55 13 15 91 57 
-1 1 1 1 1 -1 -1 1 -1 -1 -1 1 -1 -1 -1 1 1 1 -1 -1 -1 1 -1 -1 1 1 1 -1 -1 -1 -1 -1 -1 -1 1 -1 -1 -1 -1 -1 -1 1 -1 -1 1 -1 1 -1 -1 -1 1 -1 -1 -1 1 -1 -1 -1 -1 -1 -1 -1 1 -1 -1 1 1 -1 1 1 1 -1 -1 -1 -1 -1 1 -1 -1 -1 1 1 -1 -1 1 1 1 1 1 -1 1 1 1 -1 -1 1 -1 -1 1 1 1 1 -1 -1 1 -1 1 -1 -1 -1 1 1 -1 1 -1 1 1 -1 -1 -1 1 1 -1 -1 1 -1 1 1 
1 1 -1 1 1 1 -1 -1 -1 1 1 1 -1 1 -1 1 1 1 -1 -1 1 1 -1 -1 1 -1 -1 1 -1 -1 -1 1 1 1 -1 1 -1 -1 -1 1 1 -1 -1 -1 1 1 1 1 -1 -1 -1 -1 1 -1 1 -1 -1 1 -1 1 -1 -1 -1 -1 1 -1 1 -1 -1 1 1 1 1 1 1 -1 -1 -1 1 1 1 -1 -1 1 -1 -1 1 1 1 -1 -1 1 -1 1 1 1 -1 -1 -1 1 1 1 1 -1 1 1 1 1 1 1 -1 1 -1 1 -1 1 1 1 -1 -1 -1 1 1 1 1 1 1 -1 
1 -1 1 -1 1 -1 -1 -1 1 -1 1 -1 -1 -1 1 1 1 1 -1 -1 -1 1 -1 -1 1 -1 -1 -1 1 -1 -1 -1 1 1 1 1 1 -1 -1 1 -1 -1 1 1 1 -1 -1 1 1 1 -1 -1 1 1 -1 1 -1 -1 1 1 1 -1 -1 -1 -1 1 -1 -1 1 -1 -1 -1 1 1 1 -1 -1 1 1 -1 -1 -1 -1 1 -1 -1 -1 1 -1 1 -1 -1 -1 -1 1 1 1 1 -1 1 -1 -1 -1 -1 1 -1 -1 1 -1 1 1 -1 -1 -1 -1 -1 -1 1 -1 -1 1 -1 -1 1 1 1 -1 -1 
1 1 -1 1 -1 -1 -1 1 1 -1 1 1 1 1 -1 -1 -1 -1 -1 1 1 1 1 1 -1 1 1 1 1 1 -1 1 1 -1 -1 -1 1 -1 1 1 1 -1 1 1 -1 1 1 1 1 1 1 -1 1 1 -1 -1 1 -1 1 1 1 -1 1 -1 1 1 -1 -1 -1 1 1 -1 1 -1 1 -1 1 -1 -1 1 -1 1 -1 1 1 1 -1 -1 -1 -1 -1 1 -1 -1 1 -1 -1 -1 -1 1 1 -1 1 -1 1 1 -1 1 -1 1 1 -1 -1 -1 1 1 1 1 -1 1 1 -1 -1 -1 1 1 1 1 
1 1 1 -1 1 1 1 -1 1 -1 1 -1 -1 -1 -1 -1 -1 -1 1 -1 -1 -1 1 1 -1 1 1 -1 1 1 1 -1 -1 -1 -1 1 -1 1 1 -1 -1 1 -1 1 -1 1 -1 -1 -1 -1 1 -1 -1 -1 1 1 1 1 -1 1 1 -1 1 -1 -1 1 1 -1 -1 1 1 -1 -1 1 1 -1 -1 -1 -1 -1 -1 1 1 1 -1 1 -1 1 1 1 -1 1 1 -1 -1 -1 1 1 1 -1 -1 -1 -1 -1 1 1 -1 -1 1 -1 -1 1 1 1 -1 1 1 1 -1 1 -1 -1 1 1 -1 -1 1 1 
-1 1 -1 -1 1 -1 -1 1 1 1 -1 -1 -1 -1 1 1 -1 1 -1 1 -1 1 -1 -1 1 -1 -1 -1 1 1 -1 -1 1 -1 1 -1 1 1 -1 1 1 -1 -1 -1 1 1 -1 1 1 -1 1 -1 -1 1 1 1 -1 1 -1 1 -1 1 1 1 1 -1 1 1 1 1 -1 1 -1 -1 -1 1 -1 1 1 -1 -1 1 -1 -1 1 -1 1 1 -1 1 -1 -1 1 -1 -1 1 1 -1 1 1 -1 1 -1 -1 -1 1 -1 1 -1 1 1 1 1 -1 -1 -1 -1 -1 1 -1 -1 -1 1 1 -1 1 1 1 
-1 -1 -1 -1 1 -1 1 1 -1 1 1 -1 1 -1 -1 -1 1 1 -1 1 -1 -1 1 -1 -1 1 1 1 -1 1 1 1 1 -1 1 1 1 -1 -1 -1 -1 1 1 1 -1 1 1 1 1 -1 1 -1 -1 1 1 1 1 1 1 1 -1 -1 -1 -1 1 -1 1 -1 1 1 -1 1 -1 -1 -1 1 -1 1 1 -1 -1 -1 1 1 1 1 -1 -1 -1 1 1 1 1 1 -1 1 -1 1 1 1 -1 -1 1 -1 -1 -1 1 1 1 -1 1 1 1 1 -1 -1 1 -1 -1 1 -1 1 -1 -1 1 1 1 -1 
1 -1 -1 1 -1 1 1 -1 -1 1 -1 -1 -1 -1 -1 1 1 1 1 -1 -1 1 -1 1 1 -1 1 -1 1 -1 -1 -1 -1 -1 -1 -1 1 -1 -1 -1 -1 1 -1 -1 1 1 -1 1 1 -1 -1 -1 -1 -1 1 -1 -1 -1 -1 1 -1 -1 1 -1 -1 1 -1 -1 -1 1 1 -1 1 1 -1 -1 1 1 -1 1 -1 1 -1 -1 -1 -1 -1 1 -1 -1 1 1 -1 1 -1 1 1 -1 -1 -1 1 -1 -1 -1 1 -1 1 -1 -1 1 -1 -1 1 1 1 -1 1 -1 1 -1 -1 1 -1 -1 -1 -1 -1 -1 
-1 -1 1 1 1 1 -1 -1 1 -1 -1 -1 -1 1 -1 -1 -1 1 -1 1 1 1 1 -1 1 1 -1 -1 -1 -1 -1 1 1 -1 1 1 1 -1 1 -1 1 -1 1 1 -1 -1 1 1 1 -1 1 1 1 1 1 1 -1 -1 -1 1 1 1 -1 -1 -1 -1 -1 -1 1 -1 1 -1 1 -1 1 1 1 1 1 1 1 -1 -1 -1 1 1 1 -1 -1 -1 1 1 1 1 -1 1 -1 -1 1 -1 1 -1 -1 1 1 1 -1 1 -1 1 -1 -1 1 1 1 1 -1 1 -1 -1 -1 1 -1 -1 -1 -1 1 -1 
-1 1 -1 -1 -1 1 1 1 -1 -1 -1 1 -1 1 -1 1 -1 -1 -1 1 1 1 1 1 1 -1 -1 1 1 1 -1 1 -1 1 1 1 1 -1 1 -1 1 -1 1 1 1 -1 -1 1 1 -1 -1 1 1 1 -1 1 -1 -1 -1 1 -1 -1 -1 1 1 1 -1 -1 1 1 -1 -1 -1 1 1 -1 -1 1 1 1 1 -1 1 1 1 1 -1 -1 1 1 1 1 -1 -1 1 1 -1 -1 1 -1 -1 1 1 -1 1 -1 1 -1 1 -1 1 -1 -1 -1 -1 1 1 1 1 -1 1 1 1 1 -1 1 1 -1 
-1 1 1 1 1 -1 1 -1 -1 -1 -1 1 1 -1 1 -1 1 -1 -1 -1 -1 -1 1 -1 -1 1 1 1 1 1 1 1 -1 1 -1 1 -1 1 -1 1 1 1 -1 1 1 -1 -1 1 1 -1 -1 1 -1 -1 -1 1 -1 -1 -1 1 1 1 1 1 1 -1 -1 -1 -1 -1 -1 -1 1 1 -1 1 1 1 1 1 -1 -1 1 -1 -1 -1 1 -1 1 -1 -1 1 -1 1 -1 -1 -1 1 1 1 -1 1 1 1 1 -1 1 -1 1 1 1 1 -1 1 -1 -1 1 1 -1 1 -1 -1 1 -1 1 -1 1 -1 
1 1 -1 1 -1 -1 -1 -1 -1 1 1 -1 1 -1 -1 -1 -1 -1 1 -1 -1 1 -1 1 -1 1 -1 1 1 1 1 1 1 1 1 -1 1 -1 1 -1 -1 1 -1 -1 1 1 -1 1 -1 -1 1 1 1 1 1 1 -1 -1 1 -1 -1 -1 1 -1 -1 1 -1 -1 1 -1 1 1 -1 1 1 1 -1 1 -1 -1 1 -1 1 -1 1 -1 1 -1 -1 1 -1 -1 1 -1 1 -1 -1 -1 1 1 1 1 1 -1 1 1 -1 1 1 -1 -1 1 -1 -1 1 -1 1 -1 -1 -1 1 -1 1 -1 -1 -1 -1 -1 
-1 -1 -1 1 -1 -1 1 -1 -1 -1 1 1 1 1 1 1 1 -1 1 1 -1 1 1 -1 -1 -1 1 1 1 -1 1 1 1 -1 1 -1 1 -1 -1 -1 1 1 1 1 1 -1 -1 1 -1 1 1 -1 -1 -1 1 -1 -1 1 -1 1 1 -1 -1 -1 1 -1 -1 1 1 -1 1 -1 1 -1 1 -1 1 -1 1 1 1 1 1 -1 1 1 1 -1 -1 1 -1 1 1 1 -1 1 1 1 -1 -1 1 1 1 1 1 1 -1 -1 -1 -1 -1 -1 -1 -1 -1 1 -1 1 -1 1 -1 1 -1 1 1 1 1 1 
-1 1 -1 1 -1 -1 -1 -1 1 1 -1 -1 1 -1 -1 -1 -1 -1 -1 -1 -1 -1 1 -1 1 1 1 1 1 1 1 1 1 1 -1 1 1 -1 1 -1 1 1 -1 -1 1 -1 -1 -1 1 -1 -1 1 -1 -1 -1 -1 1 -1 1 1 1 1 1 -1 -1 1 -1 -1 1 1 -1 -1 1 -1 1 1 1 -1 1 -1 -1 -1 -1 1 1 -1 1 1 -1 1 -1 1 -1 1 1 -1 -1 -1 1 -1 1 -1 1 1 1 -1 -1 -1 -1 -1 -1 1 -1 1 -1 -1 -1 -1 -1 1 1 -1 -1 -1 -1 1 -1 -1 
-1 -1 1 -1 -1 1 -1 -1 -1 -1 1 -1 1 -1 1 -1 1 -1 1 -1 1 1 1 -1 -1 1 -1 -1 1 -1 -1 -1 1 -1 1 -1 1 -1 -1 -1 1 1 -1 1 -1 1 1 1 -1 1 1 -1 1 1 1 -1 1 1 -1 -1 1 1 -1 1 1 -1 1 -1 -1 -1 -1 1 -1 1 -1 -1 -1 -1 -1 1 -1 1 1 -1 1 -1 1 1 1 -1 1 1 1 1 -1 1 -1 -1 1 1 1 1 1 -1 -1 -1 -1 1 -1 -1 1 1 1 1 1 -1 -1 -1 -1 1 1 1 -1 1 1 -1 1 1 
1 1 1 -1 -1 1 -1 1 -1 1 -1 -1 1 -1 -1 1 1 -1 1 -1 1 -1 1 1 1 1 -1 -1 -1 1 1 1 -1 1 1 1 1 1 -1 1 -1 1 -1 -1 1 1 1 -1 1 1 -1 -1 -1 -1 -1 1 -1 1 1 1 1 -1 -1 -1 1 -1 -1 1 -1 1 1 1 -1 1 1 -1 -1 1 -1 -1 1 -1 -1 -1 -1 1 1 -1 1 -1 -1 -1 1 -1 1 -1 1 1 1 1 1 1 -1 -1 -1 1 1 1 1 -1 -1 -1 -1 -1 -1 -1 1 -1 1 -1 1 -1 1 -1 1 -1 1 1 
1 1 1 -1 -1 -1 1 1 -1 -1 1 -1 1 -1 1 1 -1 -1 -1 -1 -1 1 -1 -1 -1 -1 -1 1 1 -1 -1 -1 -1 1 1 1 1 1 1 -1 1 -1 -1 -1 -1 1 -1 1 -1 -1 1 -1 1 1 1 -1 1 1 1 1 -1 1 1 -1 1 1 -1 1 1 -1 1 -1 1 -1 -1 -1 1 1 -1 -1 1 1 -1 -1 -1 -1 -1 -1 -1 -1 -1 1 1 -1 1 -1 -1 -1 -1 -1 1 -1 -1 -1 -1 1 1 1 -1 -1 -1 1 1 1 1 -1 -1 1 -1 -1 1 1 1 -1 1 1 -1 -1 
1 1 1 -1 -1 1 1 1 1 -1 -1 -1 -1 -1 -1 -1 -1 1 1 1 1 1 1 1 -1 -1 -1 -1 1 1 1 1 -1 -1 1 -1 -1 -1 -1 -1 -1 -1 -1 1 -1 1 -1 -1 1 1 -1 1 -1 1 -1 1 1 -1 1 -1 -1 -1 -1 1 1 1 -1 1 1 1 1 -1 1 -1 -1 1 1 1 1 1 1 1 -1 1 -1 -1 -1 1 1 -1 -1 1 -1 1 1 -1 -1 -1 1 1 -1 -1 -1 -1 1 1 1 1 1 1 -1 -1 1 1 -1 -1 1 1 1 1 1 1 -1 -1 1 -1 1 1 
-1 -1 -1 -1 1 -1 -1 1 -1 -1 -1 1 1 -1 1 1 -1 1 1 1 -1 1 1 1 1 -1 -1 -1 -1 1 -1 1 1 1 1 -1 -1 -1 -1 -1 1 -1 1 -1 -1 1 1 -1 1 -1 -1 1 1 1 -1 -1 1 -1 -1 1 -1 -1 1 -1 -1 1 -1 -1 1 1 -1 1 -1 -1 -1 -1 -1 -1 -1 -1 1 -1 -1 1 -1 -1 -1 -1 -1 -1 1 1 1 -1 1 -1 -1 1 -1 1 -1 -1 1 -1 1 1 -1 -1 1 1 1 1 -1 1 1 -1 1 -1 1 -1 1 -1 -1 -1 -1 1 -1 1 
-1 -1 -1 1 -1 1 1 -1 1 1 -1 -1 1 -1 -1 -1 -1 1 1 -1 1 -1 1 1 1 -1 1 -1 -1 -1 1 1 -1 1 -1 1 -1 1 1 -1 1 1 1 -1 -1 1 -1 1 -1 1 -1 1 -1 1 -1 -1 1 1 1 -1 -1 1 -1 1 -1 1 1 -1 -1 1 1 -1 1 -1 -1 -1 -1 1 1 -1 -1 1 1 -1 1 -1 -1 1 1 1 1 1 1 1 1 -1 1 -1 1 1 1 1 1 -1 -1 1 -1 -1 1 -1 1 1 1 -1 -1 -1 1 1 1 1 1 1 -1 -1 1 -1 -1 1 
-1 1 -1 1 -1 -1 -1 -1 1 1 -1 -1 -1 -1 1 1 -1 1 -1 1 1 1 1 -1 -1 1 1 1 1 1 -1 1 -1 -1 -1 -1 1 1 1 1 1 -1 1 1 1 1 1 1 -1 -1 -1 1 -1 -1 1 1 1 1 -1 -1 -1 1 -1 -1 -1 -1 1 -1 -1 -1 1 1 1 1 1 1 1 -1 1 -1 -1 1 1 1 1 -1 -1 1 -1 -1 1 -1 1 -1 1 1 1 1 1 1 1 1 -1 1 1 1 1 -1 1 -1 -1 -1 1 -1 -1 1 1 1 1 -1 1 -1 -1 1 1 -1 -1 1 
1 1 1 1 -1 1 -1 1 1 1 -1 1 1 -1 1 -1 1 1 1 -1 1 -1 -1 -1 -1 1 -1 -1 -1 1 1 -1 -1 1 1 -1 1 1 -1 1 1 1 -1 -1 -1 -1 1 1 1 1 -1 1 1 1 1 -1 1 1 1 -1 -1 -1 -1 1 -1 -1 1 1 -1 1 -1 -1 -1 -1 -1 1 1 1 -1 1 -1 -1 -1 1 -1 1 -1 -1 -1 -1 -1 1 -1 -1 1 -1 -1 1 1 1 -1 -1 1 1 -1 -1 -1 -1 -1 -1 -1 1 1 -1 -1 1 -1 1 1 -1 -1 -1 1 1 1 -1 -1 -1 
-1 -1 -1 1 1 -1 1 -1 1 1 1 -1 1 1 1 1 -1 1 1 1 1 -1 -1 1 1 1 -1 -1 1 1 -1 -1 1 1 1 1 1 -1 1 1 1 1 1 1 -1 -1 1 -1 -1 1 1 -1 -1 -1 -1 1 -1 1 1 1 -1 1 -1 1 -1 1 -1 1 1 -1 -1 -1 1 -1 1 -1 -1 1 1 -1 1 -1 1 1 -1 -1 -1 1 1 -1 1 -1 -1 1 -1 -1 -1 -1 1 -1 -1 -1 1 1 1 -1 -1 -1 1 1 -1 -1 1 1 -1 1 1 1 -1 -1 -1 1 -1 1 -1 1 -1 -1 
-1 -1 -1 1 1 -1 -1 1 -1 1 -1 1 -1 -1 -1 1 -1 1 1 1 -1 -1 1 1 1 -1 1 1 1 1 -1 1 -1 1 -1 -1 1 -1 -1 1 -1 1 -1 1 1 -1 -1 -1 1 -1 1 -1 -1 -1 1 1 -1 1 1 -1 1 -1 -1 1 1 -1 1 -1 -1 -1 -1 1 -1 1 -1 -1 1 -1 -1 -1 1 -1 1 1 -1 -1 -1 1 -1 -1 -1 1 -1 -1 -1 1 -1 1 1 -1 1 -1 -1 -1 1 1 1 -1 1 1 1 1 -1 1 1 -1 -1 -1 1 1 -1 1 -1 -1 1 -1 -1 1 
1 1 1 -1 -1 1 -1 1 1 1 -1 -1 -1 1 -1 1 -1 -1 1 1 -1 -1 1 1 1 -1 -1 1 -1 1 1 -1 -1 1 -1 1 -1 -1 -1 1 -1 1 1 -1 1 -1 1 -1 -1 -1 -1 1 1 -1 1 -1 -1 1 1 -1 1 1 -1 -1 -1 -1 1 -1 -1 1 1 1 1 -1 1 1 -1 -1 1 1 1 1 -1 -1 -1 -1 1 -1 -1 -1 1 -1 -1 1 1 -1 1 -1 -1 -1 1 1 -1 1 1 -1 1 1 -1 -1 1 1 -1 1 -1 1 1 -1 1 1 -1 1 -1 -1 1 -1 -1 1 
1 -1 -1 1 1 -1 1 -1 1 -1 1 1 -1 1 1 1 -1 -1 -1 -1 1 1 1 -1 -1 1 -1 1 1 -1 -1 1 1 -1 -1 -1 -1 1 1 1 1 1 1 -1 1 -1 -1 1 -1 -1 -1 -1 -1 -1 1 -1 -1 1 -1 1 1 1 -1 -1 -1 -1 1 1 -1 -1 -1 1 1 -1 1 1 1 1 -1 -1 1 1 1 -1 1 -1 -1 -1 -1 1 -1 1 1 -1 1 1 1 1 -1 1 -1 -1 1 1 1 -1 -1 1 1 -1 1 1 1 -1 1 -1 -1 1 1 -1 -1 -1 -1 1 1 -1 1 -1 
1 -1 -1 1 1 -1 1 1 -1 -1 1 -1 1 1 -1 -1 -1 -1 -1 1 1 -1 -1 1 -1 -1 1 1 -1 1 1 1 1 -1 1 1 1 -1 1 -1 1 1 1 -1 -1 1 1 1 1 -1 -1 1 1 -1 -1 -1 1 1 -1 1 1 -1 1 1 1 1 -1 -1 -1 -1 1 -1 1 -1 1 -1 -1 1 1 -1 1 1 -1 1 1 -1 1 1 1 -1 1 -1 -1 1 -1 1 -1 -1 1 1 -1 -1 1 1 -1 1 1 1 1 -1 -1 1 1 -1 -1 -1 -1 -1 -1 1 -1 -1 1 -1 -1 -1 1 1 
-1 1 -1 1 -1 -1 1 -1 -1 1 1 1 1 1 -1 -1 1 -1 -1 -1 1 -1 -1 1 1 1 1 1 -1 1 1 -1 -1 1 -1 1 1 -1 -1 -1 1 1 -1 1 1 -1 1 1 1 -1 1 -1 -1 -1 -1 -1 -1 1 -1 1 -1 -1 -1 1 -1 1 1 -1 1 -1 1 1 -1 1 -1 1 -1 1 -1 1 1 -1 1 -1 1 -1 1 -1 1 -1 1 -1 -1 1 -1 -1 1 1 1 -1 -1 -1 -1 1 -1 -1 -1 1 1 1 -1 1 -1 -1 -1 -1 -1 -1 1 1 1 1 -1 -1 1 1 -1 -1 
-1 -1 1 1 1 1 -1 1 -1 1 1 1 1 1 1 -1 1 1 -1 -1 1 -1 1 1 -1 1 -1 -1 -1 -1 1 -1 1 1 -1 1 1 -1 1 -1 -1 -1 1 -1 -1 -1 1 -1 -1 1 -1 1 1 1 1 1 1 -1 1 1 1 1 -1 1 1 1 -1 -1 -1 -1 1 -1 1 -1 -1 -1 -1 1 -1 -1 1 -1 1 1 1 1 1 1 1 1 1 1 1 1 1 1 -1 1 -1 -1 1 -1 -1 -1 -1 1 1 1 1 -1 1 1 1 1 1 -1 -1 1 -1 1 -1 -1 -1 -1 1 -1 1 -1 
-1 -1 -1 1 1 1 1 -1 -1 1 1 1 -1 1 -1 1 -1 1 1 -1 1 1 1 1 1 -1 1 1 -1 -1 -1 1 1 -1 -1 -1 -1 -1 1 -1 -1 -1 -1 -1 -1 1 -1 1 1 1 -1 1 1 1 -1 -1 1 1 -1 -1 -1 1 1 1 -1 -1 -1 -1 -1 1 -1 -1 1 -1 -1 1 1 -1 1 -1 -1 -1 1 -1 -1 1 1 1 1 -1 1 1 1 1 1 1 1 -1 1 -1 1 -1 1 -1 1 1 -1 1 -1 1 1 1 -1 1 1 1 1 1 -1 -1 -1 -1 1 -1 1 1 1 -1 
-1 -1 -1 -1 1 -1 1 -1 -1 -1 1 1 1 1 -1 1 -1 1 -1 1 -1 1 -1 -1 1 -1 1 1 1 -1 1 1 -1 -1 1 1 1 -1 -1 -1 -1 -1 -1 1 -1 -1 -1 1 -1 1 -1 -1 -1 -1 -1 1 1 1 -1 -1 -1 1 -1 1 -1 -1 1 1 1 1 1 1 1 1 1 1 -1 1 -1 1 1 -1 1 -1 -1 -1 1 -1 1 -1 -1 -1 1 1 1 -1 -1 1 1 1 1 -1 1 -1 -1 -1 1 1 1 -1 -1 -1 1 -1 1 1 -1 -1 1 -1 -1 1 1 -1 -1 1 -1 -1 
-1 1 -1 1 -1 -1 1 -1 1 1 1 1 1 1 -1 1 -1 1 1 1 1 -1 -1 1 -1 1 1 -1 -1 1 1 1 1 -1 1 1 -1 1 1 1 1 -1 1 -1 -1 -1 1 1 -1 1 -1 1 -1 -1 1 -1 -1 1 -1 1 -1 1 -1 1 -1 1 1 1 -1 1 -1 -1 -1 1 -1 -1 1 -1 -1 -1 -1 -1 -1 -1 1 -1 -1 1 -1 1 -1 1 1 1 -1 1 1 -1 -1 -1 -1 -1 -1 1 1 -1 1 1 1 1 1 -1 -1 -1 -1 -1 1 -1 -1 -1 -1 -1 1 1 1 -1 1 -1 
-1 1 1 1 -1 1 1 -1 1 -1 -1 1 1 1 1 -1 -1 -1 1 -1 -1 -1 1 -1 -1 1 1 -1 1 1 -1 1 -1 1 1 1 1 1 -1 -1 -1 1 1 1 1 -1 -1 -1 -1 -1 -1 -1 -1 -1 -1 -1 -1 1 -1 1 1 1 -1 1 -1 -1 -1 1 -1 1 1 1 -1 -1 -1 -1 1 -1 -1 -1 1 -1 -1 -1 -1 -1 -1 -1 -1 -1 1 -1 1 -1 1 -1 -1 1 1 -1 1 -1 -1 -1 1 -1 1 -1 -1 -1 -1 1 1 1 -1 -1 1 -1 -1 1 1 -1 -1 -1 1 -1 -1 -1 
-1 1 1 -1 -1 -1 -1 -1 -1 1 1 1 -1 1 -1 1 1 -1 1 1 -1 1 1 1 1 -1 -1 1 1 -1 -1 -1 1 1 1 1 -1 1 1 1 1 1 -1 1 -1 -1 1 -1 -1 -1 1 -1 1 1 1 1 -1 -1 1 1 1 1 1 1 -1 -1 -1 1 -1 -1 -1 -1 -1 1 -1 -1 1 1 1 1 1 -1 1 -1 -1 -1 1 1 -1 1 1 -1 -1 1 -1 -1 -1 1 -1 1 1 1 -1 -1 -1 1 1 -1 -1 1 1 -1 -1 1 -1 -1 1 1 1 1 1 -1 1 -1 1 1 -1 1 
1 -1 1 -1 -1 1 1 -1 1 1 -1 1 1 -1 1 1 1 1 1 -1 -1 1 1 -1 -1 -1 1 -1 -1 -1 1 1 1 1 1 1 -1 1 1 1 -1 1 1 -1 1 -1 1 1 1 1 1 1 -1 -1 -1 1 1 1 -1 1 -1 1 -1 1 -1 1 1 -1 1 -1 1 -1 -1 -1 -1 -1 -1 1 -1 1 1 -1 1 1 1 -1 1 1 1 1 1 -1 -1 -1 -1 1 -1 -1 1 1 1 -1 -1 -1 -1 1 1 1 -1 -1 1 -1 1 1 1 1 1 1 1 -1 1 -1 1 -1 -1 1 1 -1 
-1 1 1 -1 1 -1 1 -1 1 1 1 -1 -1 1 -1 1 1 -1 -1 1 -1 -1 1 -1 1 -1 1 1 1 -1 1 1 1 1 1 1 -1 -1 1 -1 -1 -1 -1 -1 1 -1 1 -1 1 1 1 -1 -1 1 1 1 -1 -1 -1 1 -1 -1 -1 1 1 -1 1 -1 -1 -1 1 -1 -1 1 -1 1 1 -1 1 1 -1 -1 1 1 1 -1 -1 -1 -1 -1 1 1 1 1 -1 1 1 1 1 1 -1 1 -1 -1 -1 1 1 -1 1 -1 -1 1 -1 1 1 1 -1 1 1 -1 1 1 -1 -1 -1 -1 -1 -1 
-1 -1 1 1 -1 1 1 1 1 1 -1 1 1 1 1 1 1 -1 -1 -1 1 1 1 1 -1 -1 1 1 1 -1 1 -1 1 -1 -1 -1 1 -1 -1 -1 -1 -1 -1 -1 -1 -1 1 1 -1 -1 -1 -1 1 -1 -1 1 1 -1 1 1 -1 1 -1 1 -1 -1 -1 -1 -1 -1 1 1 1 1 -1 -1 1 1 1 -1 1 -1 1 -1 -1 -1 1 -1 -1 1 1 -1 -1 -1 -1 -1 1 1 1 -1 -1 -1 1 -1 -1 1 -1 1 1 1 -1 1 1 -1 -1 -1 -1 -1 -1 1 1 -1 -1 -1 -1 -1 -1 -1 
-1 -1 -1 -1 1 1 -1 -1 -1 -1 1 -1 -1 -1 -1 1 1 -1 -1 1 1 1 -1 -1 -1 1 -1 -1 -1 -1 -1 1 1 1 1 -1 -1 1 1 1 1 1 1 -1 -1 1 1 -1 -1 1 -1 1 1 -1 1 1 1 1 1 1 -1 1 1 -1 -1 -1 1 -1 1 -1 1 1 -1 1 1 -1 -1 -1 1 -1 -1 -1 1 -1 -1 -1 -1 -1 1 -1 1 -1 -1 -1 1 -1 1 1 1 -1 1 -1 -1 -1 1 -1 -1 1 -1 -1 1 1 1 -1 1 1 1 -1 -1 1 1 1 1 1 -1 -1 1 1 
-1 -1 -1 1 1 -1 -1 -1 1 1 -1 1 -1 1 -1 -1 1 -1 -1 1 1 -1 1 -1 -1 1 1 -1 1 1 -1 1 -1 1 1 1 -1 1 1 1 -1 1 1 -1 -1 1 1 -1 1 1 1 -1 -1 -1 -1 1 -1 1 1 -1 1 -1 -1 -1 1 -1 1 -1 -1 -1 1 -1 1 -1 1 -1 1 1 1 1 -1 1 -1 1 -1 -1 -1 1 1 1 1 1 1 1 -1 -1 -1 1 1 -1 1 -1 -1 -1 1 -1 1 1 1 -1 1 -1 1 -1 -1 1 -1 -1 -1 -1 1 -1 -1 1 -1 1 -1 -1 
-1 1 1 1 -1 1 -1 -1 -1 -1 1 -1 -1 -1 -1 1 -1 -1 -1 -1 1 1 1 1 1 1 -1 -1 -1 -1 -1 1 -1 1 1 -1 -1 1 1 -1 -1 -1 1 -1 -1 -1 1 1 -1 1 -1 1 -1 -1 1 -1 1 -1 -1 1 1 -1 -1 -1 -1 1 1 1 -1 -1 1 -1 -1 -1 -1 -1 -1 1 -1 -1 -1 -1 1 1 1 1 1 -1 -1 -1 1 1 -1 1 1 -1 1 -1 -1 1 -1 1 1 1 1 1 1 -1 -1 1 1 -1 1 -1 -1 -1 -1 -1 -1 1 1 -1 1 -1 -1 -1 -1 1 
-1 1 -1 1 -1 1 -1 -1 1 1 1 -1 1 1 1 -1 1 -1 1 1 1 1 1 -1 -1 1 1 1 -1 -1 -1 1 -1 1 -1 -1 -1 1 -1 -1 -1 -1 1 -1 1 -1 1 -1 -1 -1 -1 -1 -1 -1 1 1 1 -1 1 1 1 -1 1 1 -1 -1 1 -1 1 1 1 1 1 1 1 -1 -1 -1 1 1 1 1 1 1 -1 -1 1 -1 -1 -1 1 -1 -1 1 1 1 -1 1 -1 -1 1 1 1 1 -1 -1 1 -1 1 1 1 1 -1 1 1 -1 1 -1 -1 -1 -1 -1 1 1 -1 -1 1 -1 
1 -1 -1 -1 1 -1 1 1 -1 -1 1 1 1 1 1 1 -1 -1 -1 1 -1 1 1 1 1 1 1 1 -1 -1 -1 -1 1 1 1 -1 -1 1 1 -1 -1 -1 1 -1 -1 -1 -1 -1 -1 1 -1 -1 -1 1 -1 1 1 1 1 -1 1 -1 1 1 -1 1 1 -1 1 1 1 -1 1 -1 -1 -1 1 -1 1 1 1 -1 -1 -1 1 1 1 1 1 -1 -1 -1 -1 1 1 1 1 1 1 1 -1 1 1 1 1 -1 -1 1 1 1 -1 1 1 -1 -1 1 1 1 1 1 -1 -1 1 1 1 -1 1 -1 
-1 -1 1 1 -1 -1 1 -1 1 1 -1 -1 1 -1 -1 -1 -1 -1 1 1 1 -1 1 -1 1 1 1 -1 1 -1 -1 1 1 -1 1 -1 -1 1 1 1 1 1 1 -1 1 -1 1 -1 -1 -1 1 1 -1 1 1 -1 1 -1 1 1 1 1 -1 -1 1 -1 -1 -1 -1 1 1 1 1 -1 1 1 1 -1 -1 1 -1 1 -1 1 1 1 1 1 -1 -1 -1 -1 -1 -1 1 1 -1 1 1 1 -1 1 -1 1 1 -1 1 -1 1 1 1 -1 1 -1 1 -1 1 1 -1 -1 -1 1 1 -1 1 -1 1 1 
-1 -1 1 1 1 -1 1 -1 1 1 1 -1 1 -1 1 -1 -1 1 -1 -1 1 -1 1 1 -1 -1 -1 1 -1 -1 1 -1 1 1 -1 -1 -1 -1 -1 -1 -1 -1 -1 1 -1 -1 -1 1 -1 1 1 -1 1 1 1 1 -1 -1 1 -1 1 -1 -1 1 -1 1 -1 -1 1 -1 1 -1 1 -1 -1 -1 -1 -1 -1 -1 -1 1 1 1 1 -1 1 -1 1 1 1 1 1 1 -1 -1 1 1 1 -1 -1 1 -1 -1 1 1 -1 1 1 -1 1 -1 1 1 -1 1 -1 -1 1 -1 1 -1 1 -1 1 1 1 1 
1 1 1 -1 -1 1 -1 1 -1 1 1 1 1 1 -1 1 -1 -1 -1 -1 1 -1 -1 1 1 1 -1 1 -1 -1 -1 -1 1 -1 1 1 -1 -1 -1 -1 1 -1 1 -1 1 1 1 1 1 1 -1 -1 -1 1 1 1 -1 -1 -1 1 -1 -1 -1 -1 1 -1 1 -1 -1 -1 -1 -1 -1 1 1 1 1 -1 -1 -1 -1 1 -1 -1 1 1 -1 1 -1 -1 -1 -1 -1 1 1 -1 -1 1 -1 1 1 1 -1 1 -1 1 1 1 -1 -1 1 -1 1 1 1 1 -1 1 1 1 1 -1 1 -1 1 -1 -1 1 
-1 1 -1 1 1 1 1 1 -1 -1 -1 1 -1 -1 1 1 1 1 1 1 1 -1 -1 -1 -1 -1 1 -1 -1 1 -1 -1 -1 -1 -1 -1 -1 1 1 -1 -1 -1 -1 -1 1 -1 -1 -1 -1 1 1 -1 1 -1 -1 -1 -1 -1 -1 -1 -1 1 -1 1 -1 1 1 1 1 1 1 1 -1 -1 1 1 -1 -1 -1 1 -1 -1 1 -1 1 1 1 1 -1 -1 1 -1 -1 -1 -1 -1 -1 -1 -1 1 -1 1 -1 1 -1 -1 1 -1 1 1 -1 1 -1 -1 1 -1 -1 1 1 1 -1 1 -1 1 -1 -1 1 -1 
1 1 -1 1 -1 -1 1 -1 1 -1 -1 -1 -1 -1 1 1 -1 -1 1 -1 1 1 1 -1 1 -1 1 1 1 -1 -1 1 -1 1 1 1 1 1 1 1 1 -1 1 -1 1 -1 1 1 1 1 -1 1 1 -1 -1 -1 1 -1 -1 -1 -1 -1 -1 -1 -1 -1 -1 1 1 -1 -1 -1 -1 1 1 -1 -1 -1 1 -1 1 1 1 1 1 1 1 1 1 1 -1 1 -1 -1 -1 1 -1 -1 -1 1 1 -1 -1 1 -1 1 -1 -1 1 1 1 1 1 -1 1 1 -1 -1 -1 1 1 -1 -1 -1 1 1 -1 -1 
-1 1 1 1 -1 1 1 1 1 1 1 1 1 -1 1 -1 1 -1 -1 1 1 1 -1 -1 -1 1 1 1 -1 1 1 1 -1 -1 1 -1 1 -1 -1 1 -1 -1 -1 1 1 -1 1 1 -1 -1 -1 1 -1 1 1 -1 1 1 -1 1 1 -1 -1 -1 1 1 1 -1 -1 -1 1 1 -1 1 -1 -1 1 1 1 1 -1 1 1 1 1 1 -1 1 -1 -1 1 -1 -1 1 1 -1 -1 1 1 1 1 1 1 1 1 1 1 -1 -1 -1 -1 -1 -1 -1 -1 1 -1 1 -1 -1 -1 -1 -1 -1 1 1 1 -1 
-1 -1 1 1 -1 1 1 1 1 1 1 -1 -1 1 -1 1 -1 1 1 -1 -1 1 -1 1 -1 -1 1 1 -1 1 -1 -1 -1 -1 1 1 -1 -1 1 -1 -1 -1 -1 -1 1 -1 1 -1 -1 -1 1 -1 -1 -1 -1 1 1 1 1 -1 -1 1 1 -1 -1 1 1 1 1 1 -1 1 1 -1 1 -1 -1 -1 -1 -1 1 -1 -1 -1 -1 1 -1 -1 -1 1 1 -1 1 1 -1 1 1 -1 1 -1 1 1 1 -1 -1 1 1 1 1 1 1 -1 -1 1 1 1 1 1 1 -1 1 -1 -1 1 1 -1 -1 1 
-1 -1 1 1 -1 -1 -1 -1 -1 -1 -1 -1 1 -1 1 1 -1 1 -1 1 -1 1 1 -1 -1 -1 -1 -1 1 1 1 1 -1 -1 1 1 -1 1 1 1 -1 1 -1 1 1 1 1 -1 -1 1 -1 -1 1 -1 -1 1 -1 1 1 1 -1 -1 1 1 1 -1 1 1 1 1 -1 -1 1 -1 1 -1 1 1 1 1 1 1 1 -1 1 -1 1 -1 -1 -1 -1 1 1 1 1 -1 1 1 1 -1 -1 -1 -1 1 1 1 -1 1 1 1 -1 -1 -1 1 1 -1 1 -1 -1 1 1 1 1 1 1 -1 1 -1 
1 -1 -1 1 1 1 1 -1 1 -1 -1 1 1 -1 1 -1 1 -1 -1 -1 -1 -1 1 1 -1 -1 -1 1 -1 -1 -1 -1 -1 1 1 1 -1 -1 1 -1 -1 -1 1 1 -1 1 -1 -1 1 -1 -1 1 -1 1 -1 1 1 1 -1 -1 -1 1 -1 -1 1 -1 1 1 -1 -1 -1 1 1 -1 1 1 1 1 1 1 -1 1 1 -1 -1 -1 1 -1 1 1 -1 1 -1 -1 1 1 1 1 1 1 -1 -1 1 -1 1 -1 1 -1 1 1 -1 1 1 1 1 -1 1 1 1 -1 -1 1 1 1 -1 1 -1 1 
-1 -1 -1 -1 -1 -1 -1 -1 1 1 1 1 -1 1 -1 -1 -1 1 1 1 1 1 -1 -1 1 -1 1 -1 1 1 -1 1 -1 -1 1 -1 -1 1 -1 1 -1 -1 1 -1 -1 -1 1 1 -1 -1 1 1 -1 -1 1 -1 -1 1 -1 -1 1 -1 1 -1 1 1 1 -1 -1 1 1 -1 1 -1 1 -1 1 -1 1 -1 1 -1 1 -1 -1 1 1 1 -1 -1 -1 1 -1 1 -1 -1 -1 -1 -1 -1 -1 1 1 1 -1 -1 -1 1 1 -1 1 -1 -1 -1 1 -1 -1 -1 -1 1 -1 1 1 -1 -1 -1 -1 -1 
-1 1 1 1 -1 -1 -1 -1 1 1 -1 1 -1 -1 1 -1 1 -1 1 -1 -1 1 -1 -1 1 -1 1 -1 1 1 -1 -1 -1 1 -1 -1 1 1 -1 -1 -1 -1 -1 1 -1 1 1 -1 -1 1 -1 -1 1 -1 1 -1 1 1 -1 -1 1 1 1 -1 1 -1 -1 1 1 1 -1 -1 -1 -1 -1 -1 -1 1 -1 1 1 -1 -1 1 -1 1 1 1 -1 1 -1 -1 -1 1 1 1 -1 -1 1 -1 1 -1 -1 -1 -1 1 -1 -1 -1 -1 -1 -1 -1 -1 -1 1 -1 -1 -1 1 1 1 -1 -1 -1 -1 -1 1 
-1 -1 1 1 -1 1 1 -1 1 1 -1 1 -1 -1 1 -1 1 1 1 1 -1 1 -1 -1 -1 -1 -1 -1 1 1 -1 -1 -1 1 -1 1 -1 -1 -1 -1 -1 1 1 1 1 -1 -1 1 -1 -1 1 -1 -1 -1 1 -1 1 1 -1 -1 -1 -1 1 -1 1 1 1 -1 -1 1 -1 1 1 -1 -1 -1 -1 -1 -1 -1 -1 -1 1 -1 1 1 -1 1 -1 -1 -1 -1 -1 -1 1 -1 1 1 -1 -1 1 1 1 1 1 -1 -1 -1 -1 -1 -1 1 1 1 -1 1 1 -1 1 1 -1 1 1 1 -1 1 1 -1 
1 1 -1 -1 1 1 1 1 1 -1 -1 1 1 -1 1 -1 1 -1 -1 -1 1 1 -1 1 1 1 -1 -1 1 -1 -1 1 -1 1 -1 1 -1 1 -1 1 1 -1 1 1 1 -1 -1 1 -1 -1 -1 1 1 1 -1 -1 -1 -1 1 1 -1 -1 1 1 -1 1 1 -1 -1 1 -1 1 1 -1 -1 -1 -1 -1 -1 -1 -1 1 -1 1 -1 1 -1 -1 -1 -1 1 1 1 1 -1 -1 1 -1 -1 -1 1 -1 1 1 1 -1 -1 1 -1 1 -1 -1 -1 1 -1 1 1 -1 1 1 -1 1 -1 -1 -1 -1 1 1 
-1 -1 1 -1 1 1 1 -1 1 1 1 1 -1 -1 -1 1 -1 1 -1 -1 1 -1 1 1 -1 -1 -1 -1 1 -1 1 -1 -1 1 1 1 1 1 1 -1 1 1 -1 1 1 -1 -1 -1 1 1 1 -1 -1 -1 -1 -1 -1 1 -1 1 -1 -1 1 -1 1 1 -1 1 -1 1 -1 -1 -1 -1 1 1 1 -1 1 -1 1 1 -1 -1 1 -1 -1 1 1 -1 -1 -1 -1 -1 1 1 -1 1 1 -1 1 1 -1 -1 1 -1 -1 1 1 -1 -1 -1 -1 1 -1 1 1 -1 1 1 1 1 -1 -1 1 -1 -1 1 
-1 -1 -1 1 1 -1 1 -1 -1 -1 -1 -1 -1 1 1 -1 1 1 1 1 1 1 -1 -1 -1 -1 1 -1 1 1 1 -1 -1 -1 1 -1 1 1 -1 1 1 1 1 -1 -1 -1 1 1 1 -1 1 -1 1 1 -1 -1 1 -1 -1 -1 1 1 -1 -1 -1 1 -1 -1 1 -1 1 -1 -1 -1 -1 1 -1 -1 1 -1 1 -1 1 -1 1 1 1 -1 1 -1 1 1 1 -1 -1 1 1 -1 -1 1 1 -1 -1 -1 1 -1 1 1 -1 -1 -1 -1 -1 1 -1 -1 -1 -1 1 -1 1 -1 -1 -1 1 -1 -1 -1 
-1 1 -1 -1 1 1 1 -1 -1 -1 -1 -1 1 -1 1 1 1 -1 -1 1 1 1 1 1 1 1 1 1 -1 1 1 1 1 -1 1 -1 -1 1 1 -1 -1 1 -1 -1 -1 -1 -1 1 1 1 1 1 1 1 -1 1 -1 -1 1 -1 -1 1 1 -1 -1 1 -1 1 -1 1 1 -1 1 -1 1 -1 -1 -1 -1 1 -1 1 1 -1 1 -1 1 -1 1 -1 1 1 -1 -1 -1 1 -1 -1 -1 1 1 -1 1 1 -1 1 -1 -1 1 1 1 -1 1 -1 1 -1 1 -1 1 1 1 -1 -1 1 1 1 1 -1 
-1 -1 1 1 -1 -1 1 -1 -1 -1 -1 1 -1 1 -1 1 1 1 -1 1 -1 1 1 1 1 -1 -1 -1 1 -1 -1 -1 -1 1 -1 -1 1 1 1 -1 1 1 1 1 -1 -1 -1 -1 1 1 -1 -1 -1 -1 1 -1 -1 1 -1 1 -1 1 1 -1 -1 1 1 1 -1 1 -1 1 -1 1 -1 1 -1 1 -1 -1 -1 1 -1 -1 1 1 -1 1 -1 1 -1 1 -1 -1 -1 -1 -1 1 -1 -1 1 -1 -1 -1 -1 1 1 1 1 -1 1 1 -1 1 1 -1 1 -1 -1 -1 -1 -1 -1 -1 -1 -1 1 -1 
-1 1 1 1 1 1 1 1 1 1 1 -1 1 1 -1 1 1 -1 1 -1 -1 -1 1 -1 -1 1 1 1 1 -1 -1 1 1 1 1 1 1 1 -1 1 1 -1 1 -1 1 -1 -1 1 -1 1 -1 -1 -1 -1 1 1 -1 -1 1 -1 1 -1 -1 1 -1 -1 1 -1 -1 1 1 1 1 1 1 1 -1 1 -1 1 -1 1 1 1 1 1 -1 -1 1 -1 -1 1 -1 1 -1 1 1 1 -1 -1 -1 -1 1 1 1 1 -1 1 1 -1 -1 -1 1 1 1 -1 1 -1 -1 1 -1 1 -1 -1 1 -1 1 -1 
-1 -1 1 1 1 -1 -1 -1 1 -1 1 -1 1 1 1 1 -1 -1 -1 -1 -1 -1 -1 1 1 1 1 -1 1 -1 -1 -1 1 1 -1 -1 -1 -1 1 1 1 1 1 1 -1 -1 -1 1 -1 -1 -1 1 1 -1 -1 -1 1 -1 -1 1 1 -1 -1 -1 1 -1 -1 -1 1 1 -1 1 -1 -1 -1 -1 1 -1 -1 1 1 -1 1 1 1 -1 1 -1 1 -1 1 1 1 1 1 -1 -1 1 1 -1 1 -1 -1 1 -1 1 -1 -1 -1 -1 1 1 -1 -1 -1 1 1 -1 -1 -1 -1 1 -1 -1 1 1 1 1 
-1 -1 -1 -1 -1 1 -1 -1 1 -1 1 -1 -1 1 1 -1 1 -1 -1 1 1 -1 1 -1 1 1 -1 -1 1 1 1 1 1 1 1 -1 1 1 -1 -1 -1 -1 1 -1 -1 1 -1 -1 1 -1 1 -1 1 -1 -1 -1 1 1 1 -1 -1 1 -1 -1 -1 -1 1 -1 1 -1 -1 -1 -1 1 -1 1 1 -1 -1 1 1 1 1 1 1 1 -1 1 1 1 -1 -1 1 1 1 -1 1 1 -1 1 -1 1 -1 -1 1 -1 1 -1 1 -1 -1 1 -1 -1 -1 -1 -1 -1 1 -1 -1 1 1 1 -1 -1 1 -1 
1 -1 -1 1 1 1 -1 1 -1 -1 1 1 -1 1 -1 -1 1 -1 1 -1 -1 -1 -1 -1 -1 -1 1 -1 -1 1 -1 -1 -1 1 -1 -1 -1 1 -1 -1 1 1 -1 -1 -1 -1 -1 -1 1 1 -1 1 1 1 1 1 -1 1 1 -1 -1 -1 1 -1 1 1 1 -1 -1 -1 -1 -1 1 -1 1 -1 -1 -1 -1 -1 -1 1 -1 1 -1 1 1 -1 1 -1 1 1 -1 1 1 1 1 1 -1 -1 -1 1 1 -1 -1 -1 1 -1 1 1 1 -1 -1 1 1 1 1 1 1 -1 -1 -1 -1 1 1 -1 -1 -1 
-1 -1 -1 -1 -1 1 -1 -1 -1 1 1 -1 -1 -1 1 -1 -1 1 -1 1 -1 1 1 1 -1 -1 1 1 1 1 1 1 1 1 1 1 1 -1 -1 -1 1 1 -1 1 -1 1 -1 -1 -1 1 -1 -1 -1 -1 1 -1 -1 -1 -1 1 -1 -1 -1 1 1 -1 1 -1 1 -1 1 1 1 1 -1 1 1 -1 1 1 -1 1 -1 -1 1 -1 1 1 -1 -1 1 -1 1 -1 1 -1 1 1 -1 1 1 1 1 -1 -1 -1 -1 -1 -1 1 1 1 1 -1 -1 1 1 -1 1 -1 -1 -1 1 -1 1 -1 1 1 
-1 1 -1 1 -1 1 1 -1 -1 1 1 -1 1 -1 1 1 1 1 -1 -1 -1 -1 -1 1 -1 -1 1 -1 1 -1 -1 -1 -1 -1 -1 1 -1 -1 1 -1 -1 -1 1 -1 1 -1 -1 1 -1 1 1 1 1 1 -1 1 -1 -1 -1 -1 1 -1 1 1 -1 1 -1 -1 -1 1 -1 1 1 1 -1 -1 -1 1 -1 1 -1 -1 -1 1 -1 1 1 1 -1 1 1 1 1 -1 1 -1 -1 -1 -1 1 1 -1 -1 -1 -1 -1 1 -1 -1 -1 1 -1 -1 1 1 1 -1 1 -1 -1 1 -1 -1 1 1 -1 -1 -1 
1 -1 1 1 1 -1 -1 1 -1 1 -1 1 -1 1 -1 -1 1 1 1 1 -1 -1 1 -1 -1 -1 1 1 1 -1 -1 1 -1 -1 1 -1 -1 -1 -1 1 -1 1 -1 1 -1 1 -1 1 1 -1 -1 1 -1 1 1 1 1 1 1 -1 -1 -1 1 -1 1 -1 1 -1 -1 1 -1 1 1 1 1 -1 1 -1 1 -1 -1 -1 1 1 -1 1 1 1 -1 1 -1 -1 -1 -1 1 -1 1 1 1 1 -1 1 1 -1 -1 -1 1 -1 1 1 -1 1 1 -1 -1 -1 1 -1 1 -1 -1 1 -1 -1 -1 -1 -1 -1 
1 1 -1 -1 1 1 1 -1 -1 -1 -1 -1 -1 -1 1 -1 -1 -1 -1 1 1 1 -1 1 1 1 -1 1 -1 -1 1 1 -1 -1 1 1 -1 1 1 1 1 1 -1 -1 1 1 -1 1 1 1 1 1 -1 1 1 -1 -1 -1 1 1 -1 1 1 1 -1 1 -1 -1 1 -1 1 1 -1 -1 -1 1 1 1 -1 1 -1 1 -1 -1 -1 1 1 1 -1 -1 -1 -1 -1 1 1 1 -1 1 1 -1 1 -1 -1 1 -1 1 1 -1 1 -1 -1 1 -1 1 1 1 1 -1 1 1 -1 1 -1 -1 1 -1 -1 1 
-1 -1 -1 -1 -1 1 -1 -1 -1 -1 -1 -1 1 -1 -1 1 1 1 -1 -1 -1 1 1 -1 -1 1 -1 -1 -1 -1 1 1 1 1 -1 -1 -1 -1 -1 1 -1 -1 -1 -1 -1 1 1 -1 1 1 1 -1 1 -1 -1 1 -1 1 1 -1 -1 -1 -1 -1 -1 -1 -1 -1 1 1 -1 1 1 -1 -1 -1 1 -1 1 -1 1 -1 -1 -1 -1 1 1 -1 1 1 -1 -1 1 1 1 1 1 1 -1 1 -1 -1 -1 -1 1 1 -1 -1 1 -1 -1 1 1 1 1 1 -1 1 1 1 -1 1 1 1 -1 -1 1 1 
1 -1 1 -1 -1 1 1 -1 1 1 -1 1 1 1 -1 -1 1 1 1 -1 -1 -1 1 -1 -1 -1 -1 1 -1 -1 1 -1 -1 -1 1 -1 -1 1 -1 -1 1 1 -1 1 -1 1 1 -1 1 1 -1 -1 1 -1 -1 -1 1 -1 -1 -1 1 1 -1 1 -1 -1 1 1 1 -1 1 -1 -1 1 -1 1 1 -1 1 1 1 -1 1 -1 1 -1 -1 1 -1 -1 -1 1 -1 -1 1 -1 -1 -1 1 1 -1 -1 1 1 1 1 -1 -1 -1 1 -1 -1 -1 -1 -1 -1 1 -1 1 -1 1 -1 -1 -1 1 1 -1 1 
1 1 -1 1 1 1 1 1 -1 1 -1 -1 -1 1 -1 1 -1 1 1 1 -1 1 -1 -1 1 -1 -1 -1 -1 1 1 1 1 -1 -1 -1 -1 -1 -1 -1 1 1 1 -1 -1 1 -1 -1 1 1 -1 1 1 1 1 1 -1 1 1 1 1 -1 -1 -1 1 1 -1 1 -1 1 -1 -1 -1 1 1 -1 1 1 1 1 -1 -1 1 -1 -1 1 1 -1 1 -1 -1 1 -1 1 1 1 -1 -1 -1 1 1 1 1 -1 1 -1 -1 1 -1 -1 1 -1 1 1 1 -1 1 1 1 -1 -1 -1 -1 -1 1 1 -1 -1 
1 1 -1 1 1 -1 -1 1 1 -1 -1 1 1 -1 -1 1 1 1 -1 1 1 -1 -1 -1 1 -1 1 1 1 -1 1 -1 1 -1 1 1 1 1 1 1 1 1 1 1 -1 1 -1 1 -1 -1 -1 1 -1 -1 -1 -1 1 1 -1 1 -1 -1 -1 1 -1 -1 1 -1 1 -1 -1 -1 1 -1 1 -1 -1 -1 -1 1 -1 1 1 -1 1 -1 -1 -1 -1 1 1 1 -1 -1 1 -1 -1 -1 -1 1 -1 -1 -1 -1 1 -1 1 -1 -1 -1 1 1 -1 -1 1 1 1 1 1 1 -1 -1 -1 1 -1 1 1 -1 
-1 1 -1 -1 -1 1 1 -1 -1 -1 -1 1 -1 -1 1 1 -1 -1 1 -1 1 -1 -1 1 1 1 -1 1 -1 -1 1 -1 1 -1 -1 -1 1 1 -1 -1 1 -1 1 -1 -1 1 -1 1 1 -1 1 -1 -1 1 1 -1 -1 -1 1 1 1 -1 -1 1 1 1 1 1 -1 -1 -1 1 1 -1 1 -1 1 1 1 -1 1 1 -1 -1 1 1 -1 -1 1 1 1 -1 1 1 -1 1 -1 -1 -1 1 -1 1 -1 -1 -1 -1 -1 1 -1 -1 -1 1 1 -1 -1 1 1 -1 1 1 1 -1 1 -1 1 -1 -1 1 
-1 1 1 1 -1 -1 -1 1 1 -1 1 -1 1 1 -1 -1 1 1 -1 1 1 -1 1 -1 1 1 1 -1 1 1 1 -1 -1 -1 -1 -1 1 -1 1 -1 1 1 1 1 -1 -1 -1 -1 1 1 1 1 -1 1 1 -1 -1 1 -1 1 -1 -1 1 1 1 1 -1 1 -1 -1 1 1 -1 1 1 1 1 1 1 -1 1 1 -1 1 1 -1 1 1 1 -1 -1 -1 1 1 1 -1 1 1 -1 -1 1 1 -1 -1 -1 -1 -1 -1 1 1 -1 1 1 1 1 1 -1 1 1 -1 -1 1 1 1 1 -1 -1 1 
-1 1 1 -1 1 -1 -1 1 -1 1 1 1 -1 -1 1 1 -1 -1 -1 -1 1 -1 -1 1 -1 -1 -1 1 -1 -1 1 1 -1 1 -1 1 1 1 -1 -1 1 -1 -1 -1 1 -1 1 1 -1 -1 -1 -1 -1 -1 -1 -1 -1 -1 1 1 -1 1 -1 1 1 1 -1 -1 1 1 -1 -1 1 -1 1 1 1 -1 -1 -1 -1 1 1 -1 -1 -1 1 -1 1 1 1 -1 -1 -1 1 -1 1 1 -1 1 1 -1 1 -1 1 1 -1 1 1 -1 -1 1 1 -1 -1 -1 -1 -1 1 -1 1 -1 1 1 1 1 1 1 
-1 1 1 1 1 -1 -1 -1 1 1 -1 1 1 1 -1 1 -1 -1 -1 -1 1 -1 1 -1 1 1 1 -1 -1 -1 1 -1 -1 -1 -1 -1 -1 1 1 -1 1 -1 1 -1 1 1 1 -1 1 1 1 1 -1 -1 -1 1 -1 1 -1 1 -1 -1 1 -1 -1 1 -1 -1 -1 1 1 1 1 1 -1 -1 -1 1 -1 -1 -1 -1 -1 -1 1 1 -1 -1 1 -1 1 -1 -1 -1 -1 -1 1 1 -1 -1 -1 -1 1 -1 1 -1 1 1 -1 -1 -1 -1 1 1 -1 1 1 -1 1 1 1 1 -1 1 -1 1 1 -1 
-1 -1 -1 -1 -1 1 1 -1 1 -1 1 1 -1 1 -1 -1 -1 1 -1 -1 1 1 -1 -1 1 1 -1 1 -1 1 1 -1 -1 -1 -1 1 -1 -1 -1 -1 -1 -1 1 -1 1 1 -1 -1 -1 -1 1 -1 -1 -1 -1 1 1 -1 1 1 -1 1 -1 1 -1 -1 1 -1 1 -1 -1 -1 1 1 -1 1 1 1 1 1 -1 -1 -1 -1 -1 1 1 -1 1 1 -1 -1 1 -1 -1 1 1 -1 -1 -1 -1 1 -1 -1 -1 -1 -1 -1 -1 1 -1 1 1 1 -1 1 -1 -1 -1 1 1 -1 -1 1 1 -1 -1 1 
1 -1 -1 1 -1 -1 -1 1 1 -1 1 -1 1 1 -1 -1 1 1 -1 -1 1 1 -1 1 -1 1 -1 -1 -1 1 -1 1 1 1 -1 1 1 -1 1 -1 -1 1 1 -1 1 -1 -1 1 -1 1 1 1 -1 -1 -1 1 -1 -1 -1 -1 1 1 -1 1 -1 1 1 1 1 1 -1 1 1 1 -1 1 -1 1 1 -1 1 -1 -1 -1 -1 -1 1 -1 -1 1 1 1 -1 1 1 -1 -1 -1 1 1 -1 -1 1 1 1 1 1 1 1 1 -1 1 -1 1 -1 -1 -1 -1 -1 -1 1 -1 -1 1 -1 1 -1 1 
-1 -1 1 -1 -1 1 1 1 1 1 1 1 -1 -1 -1 1 1 1 -1 1 -1 1 1 -1 -1 1 1 1 1 -1 1 -1 -1 1 1 -1 1 -1 1 1 -1 -1 -1 -1 -1 -1 -1 1 -1 1 1 -1 1 -1 -1 -1 -1 -1 1 1 -1 -1 -1 -1 1 -1 1 -1 -1 1 -1 1 1 -1 1 1 1 -1 -1 1 -1 -1 1 1 -1 1 -1 1 -1 1 1 1 1 1 -1 -1 -1 -1 -1 1 1 -1 1 -1 -1 1 -1 -1 -1 1 -1 -1 -1 1 -1 1 -1 -1 1 1 -1 -1 -1 1 -1 -1 -1 1 
-1 1 1 -1 -1 1 1 -1 1 1 1 -1 1 1 -1 -1 -1 1 -1 1 1 -1 1 -1 1 -1 1 -1 -1 1 -1 -1 -1 1 -1 1 1 1 1 -1 1 1 -1 -1 -1 -1 1 1 -1 1 1 1 -1 -1 -1 1 1 -1 -1 -1 -1 -1 -1 1 -1 1 -1 1 1 1 -1 1 1 -1 -1 1 1 -1 -1 -1 -1 -1 -1 -1 1 -1 -1 1 1 -1 1 1 1 1 1 -1 1 1 1 1 -1 1 -1 -1 -1 -1 -1 -1 1 1 -1 1 -1 1 1 -1 1 1 -1 1 1 -1 -1 1 1 1 -1 1 
-1 1 -1 1 -1 -1 -1 1 1 1 1 -1 1 -1 1 -1 -1 1 -1 -1 -1 1 -1 -1 1 -1 -1 1 -1 -1 1 -1 -1 1 1 1 -1 -1 1 -1 1 1 1 -1 -1 1 -1 1 -1 1 1 -1 1 -1 -1 -1 -1 1 -1 1 1 1 -1 1 1 -1 1 -1 1 1 1 -1 -1 -1 -1 1 -1 1 -1 1 1 1 1 1 -1 -1 -1 1 -1 -1 1 -1 1 1 1 1 1 1 -1 -1 -1 -1 1 1 1 -1 1 -1 1 1 1 -1 1 -1 1 -1 -1 1 -1 1 -1 1 1 -1 -1 1 -1 -1 
1 1 -1 -1 -1 -1 -1 -1 1 1 -1 1 1 -1 -1 1 1 1 1 -1 -1 -1 1 1 1 1 1 1 1 -1 1 -1 1 1 1 -1 1 -1 -1 -1 1 1 -1 -1 -1 -1 1 -1 1 1 -1 1 1 -1 -1 1 1 -1 -1 -1 1 1 -1 -1 -1 -1 -1 1 1 -1 -1 1 1 -1 -1 -1 1 -1 -1 1 -1 -1 1 1 1 -1 -1 1 1 -1 -1 1 1 1 1 -1 1 1 1 -1 1 -1 -1 1 -1 -1 1 1 -1 -1 -1 -1 1 -1 -1 -1 1 1 -1 1 -1 -1 -1 -1 -1 1 1 1 
1 -1 -1 1 1 1 -1 1 -1 -1 -1 -1 1 -1 1 -1 1 1 -1 1 1 -1 -1 -1 1 1 1 -1 -1 -1 -1 -1 -1 -1 -1 -1 -1 -1 1 -1 1 -1 1 1 1 -1 1 1 -1 1 1 -1 -1 -1 1 1 -1 1 1 1 -1 1 1 1 -1 -1 1 -1 -1 -1 1 1 1 1 -1 -1 -1 -1 -1 1 -1 -1 -1 1 1 -1 -1 -1 -1 -1 -1 1 1 1 1 -1 1 -1 -1 1 -1 1 -1 1 1 -1 -1 1 1 -1 1 1 -1 1 1 -1 1 1 -1 1 -1 1 1 -1 -1 -1 1 1 
-1 -1 -1 -1 1 -1 1 -1 -1 1 1 1 1 -1 1 -1 -1 -1 -1 1 1 -1 1 1 -1 1 -1 1 1 1 1 -1 -1 1 1 1 1 1 -1 1 1 -1 -1 1 -1 1 1 1 -1 1 1 1 -1 1 -1 -1 1 1 -1 1 1 1 -1 -1 -1 1 -1 -1 1 1 1 -1 -1 1 -1 -1 -1 1 -1 1 1 -1 1 1 -1 1 1 1 1 -1 -1 -1 1 1 1 1 -1 1 1 -1 -1 1 -1 -1 1 1 -1 1 -1 1 -1 1 1 -1 -1 -1 -1 -1 -1 1 1 -1 1 -1 1 -1 1 -1 
-1 1 1 1 1 -1 1 -1 -1 1 -1 -1 -1 1 -1 -1 -1 1 1 -1 1 1 1 1 -1 -1 1 -1 1 -1 -1 -1 -1 -1 1 1 -1 -1 1 1 1 -1 1 1 -1 -1 1 1 -1 -1 -1 -1 1 -1 1 -1 -1 -1 -1 1 1 1 1 -1 1 1 -1 -1 -1 -1 -1 -1 1 -1 -1 -1 -1 1 -1 1 1 1 1 1 1 1 1 -1 1 1 -1 -1 1 -1 1 1 1 -1 -1 -1 1 1 -1 -1 1 -1 1 1 -1 -1 -1 -1 1 -1 -1 -1 1 -1 -1 1 -1 -1 1 -1 -1 -1 1 1 
1 -1 -1 1 -1 1 1 -1 1 1 -1 1 1 1 1 -1 -1 -1 -1 1 1 -1 -1 -1 -1 1 1 1 1 -1 -1 1 -1 -1 1 1 -1 -1 -1 1 -1 1 1 1 1 1 1 1 -1 1 -1 -1 -1 1 -1 1 1 1 1 1 1 1 -1 1 -1 -1 -1 -1 1 -1 1 1 1 -1 1 -1 -1 -1 1 -1 1 1 -1 1 1 -1 -1 1 -1 1 -1 -1 -1 1 1 -1 -1 -1 1 -1 1 1 -1 -1 1 1 -1 -1 1 -1 1 1 -1 1 -1 1 -1 -1 1 1 1 -1 -1 1 1 -1 1 -1 
1 -1 -1 1 1 -1 1 -1 1 1 -1 -1 1 -1 -1 1 -1 -1 -1 -1 -1 1 -1 -1 -1 -1 -1 -1 1 1 -1 -1 -1 -1 -1 -1 -1 -1 -1 1 -1 1 1 -1 1 1 1 1 1 -1 -1 1 1 1 1 -1 1 -1 1 1 -1 1 1 -1 1 1 1 1 -1 1 -1 1 -1 -1 1 1 -1 1 -1 -1 -1 -1 1 1 -1 -1 1 1 -1 -1 1 -1 1 -1 -1 1 -1 -1 1 1 -1 1 -1 1 1 1 -1 1 -1 -1 1 1 -1 -1 -1 1 1 -1 -1 -1 1 -1 1 -1 1 -1 -1 1 
1 1 -1 -1 -1 1 -1 -1 1 -1 1 1 1 1 1 1 -1 -1 -1 -1 -1 -1 -1 -1 1 -1 1 1 1 1 1 -1 -1 1 1 -1 1 -1 -1 1 1 1 1 1 -1 1 1 -1 -1 1 1 1 1 -1 -1 -1 1 1 -1 -1 1 -1 1 1 1 1 1 1 -1 1 -1 -1 1 1 -1 1 1 -1 -1 -1 -1 -1 1 1 -1 1 -1 1 1 -1 -1 -1 -1 1 -1 1 1 -1 1 -1 -1 -1 -1 1 1 1 -1 1 -1 1 1 1 -1 -1 -1 1 1 1 -1 1 1 1 -1 1 -1 1 -1 -1 
1 1 1 -1 1 1 -1 1 -1 -1 -1 -1 -1 1 1 -1 -1 1 -1 1 1 -1 1 1 -1 -1 1 -1 1 1 -1 1 -1 1 1 -1 -1 -1 1 -1 -1 1 1 -1 1 1 1 1 -1 -1 -1 1 1 1 -1 1 -1 -1 1 -1 -1 1 -1 1 1 1 1 -1 1 -1 -1 -1 1 -1 -1 -1 -1 1 1 1 1 -1 1 -1 1 1 1 -1 1 1 1 1 1 -1 -1 1 -1 1 1 -1 1 -1 -1 -1 1 -1 -1 1 -1 1 -1 1 -1 -1 -1 -1 -1 -1 -1 1 -1 1 -1 -1 1 -1 1 1 
1 1 -1 -1 1 -1 -1 -1 -1 1 1 -1 -1 -1 1 1 -1 1 -1 1 -1 -1 1 -1 -1 -1 1 1 1 1 1 -1 -1 -1 1 -1 -1 1 1 -1 -1 1 -1 1 -1 -1 1 -1 -1 -1 1 -1 -1 -1 -1 1 1 1 -1 1 1 1 1 -1 -1 -1 -1 1 -1 1 -1 1 1 1 1 1 -1 -1 1 -1 1 -1 1 1 -1 -1 1 1 -1 1 -1 1 1 1 -1 -1 -1 1 1 -1 -1 -1 -1 -1 -1 -1 -1 -1 -1 -1 1 1 1 -1 1 -1 -1 1 1 -1 -1 1 -1 -1 1 -1 -1 -1 
-1 -1 1 -1 1 1 1 -1 -1 1 -1 1 1 1 -1 -1 -1 -1 -1 1 -1 -1 -1 -1 -1 1 -1 -1 1 -1 -1 1 -1 1 1 -1 1 -1 1 -1 -1 -1 -1 1 -1 -1 1 -1 1 -1 1 -1 1 -1 -1 -1 -1 -1 1 -1 -1 1 -1 -1 1 1 -1 1 -1 -1 1 1 -1 1 -1 1 1 1 -1 -1 -1 -1 -1 1 1 -1 -1 1 1 1 1 -1 1 1 1 -1 1 1 1 1 1 1 1 1 -1 1 -1 1 1 1 1 1 1 1 -1 -1 -1 1 -1 -1 1 1 1 -1 1 1 1 1 
1 -1 -1 -1 -1 -1 1 1 1 1 -1 -1 -1 -1 1 -1 -1 -1 1 1 1 -1 1 -1 1 -1 1 1 1 1 -1 -1 1 1 1 1 1 1 1 1 1 -1 -1 1 -1 1 -1 1 1 -1 -1 -1 -1 -1 1 -1 1 1 -1 -1 1 -1 1 1 1 -1 -1 -1 -1 -1 1 1 -1 1 1 -1 1 1 1 1 -1 -1 -1 -1 -1 1 -1 1 -1 1 1 1 1 1 1 1 1 1 -1 1 -1 -1 1 -1 -1 -1 -1 -1 1 -1 1 -1 1 -1 1 1 -1 1 1 1 -1 1 -1 1 -1 1 -1 1 
1 1 -1 1 1 -1 1 1 1 1 1 -1 1 1 1 -1 1 1 1 1 -1 1 -1 1 -1 1 -1 -1 1 1 -1 1 -1 -1 -1 1 -1 -1 1 1 -1 -1 -1 1 -1 -1 1 -1 -1 1 1 1 -1 -1 1 -1 1 1 1 1 1 -1 1 -1 1 -1 -1 -1 1 1 1 -1 -1 -1 -1 -1 1 1 1 -1 1 1 -1 -1 -1 -1 -1 1 1 -1 1 1 -1 -1 -1 -1 1 1 -1 -1 1 -1 -1 -1 1 1 1 -1 1 -1 1 1 -1 1 -1 -1 1 1 -1 -1 1 1 -1 -1 1 -1 1 -1 
1 -1 -1 -1 1 1 1 -1 1 -1 -1 1 1 -1 1 1 1 -1 1 1 1 -1 -1 -1 -1 1 -1 -1 1 1 1 1 1 -1 -1 1 -1 -1 1 -1 -1 -1 -1 1 -1 -1 -1 -1 1 1 -1 -1 -1 -1 1 -1 1 -1 -1 -1 1 1 -1 1 1 -1 -1 1 -1 -1 -1 1 1 -1 -1 1 -1 1 1 1 1 1 1 1 -1 1 -1 1 1 1 1 -1 1 1 -1 1 1 1 -1 1 -1 -1 -1 1 1 1 1 1 -1 -1 1 -1 1 -1 1 -1 1 -1 1 1 1 1 1 1 -1 -1 -1 1 
-1 1 -1 -1 -1 -1 1 1 1 -1 1 -1 1 1 1 -1 -1 1 -1 1 -1 -1 1 -1 1 -1 1 1 1 1 1 1 -1 1 -1 1 -1 -1 1 1 1 1 -1 1 1 -1 -1 1 1 1 -1 1 1 -1 1 -1 -1 -1 -1 1 1 1 1 -1 -1 -1 1 1 -1 1 -1 1 1 -1 -1 -1 1 1 1 1 1 1 1 -1 1 -1 1 -1 1 1 1 -1 1 -1 -1 -1 1 -1 1 1 1 1 1 1 -1 1 -1 1 1 1 1 -1 -1 1 1 -1 1 1 1 1 -1 -1 1 1 -1 1 1 1 
-1 1 1 1 -1 -1 -1 -1 -1 1 -1 1 -1 1 -1 1 1 1 1 1 1 1 -1 -1 1 1 -1 -1 1 1 1 -1 1 -1 -1 -1 -1 1 -1 1 1 1 1 -1 1 -1 -1 1 -1 1 1 -1 1 1 -1 1 -1 -1 -1 -1 1 1 1 1 1 1 1 1 1 1 1 -1 1 1 -1 -1 1 -1 1 1 1 1 1 1 1 -1 -1 -1 -1 1 1 -1 -1 -1 1 -1 -1 -1 1 1 -1 -1 1 -1 -1 1 1 1 1 -1 1 -1 1 -1 -1 -1 1 1 1 1 1 -1 -1 -1 1 1 -1 -1 
1 1 1 -1 -1 1 1 1 1 1 -1 -1 1 -1 1 -1 -1 -1 -1 -1 1 -1 -1 1 -1 1 1 -1 1 1 -1 1 -1 -1 1 1 -1 -1 -1 -1 1 1 1 -1 -1 -1 1 -1 1 -1 1 -1 1 -1 -1 1 1 1 -1 1 -1 -1 1 -1 -1 -1 1 1 -1 1 -1 1 -1 -1 -1 1 -1 -1 -1 1 -1 -1 1 1 -1 1 1 1 -1 -1 1 -1 1 -1 -1 -1 1 -1 1 1 1 1 1 -1 -1 1 -1 -1 -1 1 1 -1 1 -1 -1 1 1 1 -1 -1 1 1 -1 -1 1 1 -1 1 
-1 -1 1 -1 1 1 -1 1 -1 -1 -1 -1 1 -1 -1 1 -1 -1 -1 1 1 -1 -1 -1 1 1 -1 1 -1 1 -1 1 -1 -1 -1 1 1 1 -1 1 -1 1 -1 1 -1 -1 -1 -1 1 1 1 -1 -1 1 1 -1 1 -1 -1 1 -1 1 1 1 -1 1 -1 1 -1 -1 -1 -1 1 1 1 1 -1 -1 1 1 1 1 -1 1 -1 -1 1 -1 -1 1 1 1 1 1 -1 1 1 1 1 1 1 1 -1 1 1 1 1 1 -1 -1 -1 1 -1 -1 -1 -1 1 -1 1 1 -1 1 -1 1 -1 1 -1 1 
-1 -1 1 -1 1 -1 1 -1 -1 -1 1 -1 1 -1 -1 1 -1 -1 1 -1 1 1 -1 1 -1 1 -1 1 1 -1 1 -1 1 1 -1 1 1 1 1 -1 1 1 1 1 1 -1 -1 1 -1 1 1 -1 -1 1 -1 1 -1 -1 1 1 1 1 1 1 -1 1 1 1 -1 -1 -1 -1 1 1 1 -1 -1 -1 1 1 1 -1 1 -1 -1 -1 -1 1 1 1 1 1 1 -1 -1 -1 1 1 -1 1 -1 1 -1 -1 1 -1 1 1 -1 1 -1 1 1 1 -1 -1 1 1 -1 -1 -1 1 -1 -1 -1 -1 -1 1 
1 -1 -1 -1 1 1 1 -1 1 1 1 1 -1 1 1 1 -1 1 -1 1 1 1 1 1 -1 -1 1 1 -1 1 1 -1 1 -1 1 1 1 1 1 -1 -1 1 1 1 -1 -1 -1 1 1 1 1 -1 1 -1 -1 1 -1 -1 -1 -1 1 -1 -1 -1 -1 1 1 -1 1 -1 -1 -1 -1 -1 -1 -1 1 -1 1 -1 1 -1 1 -1 1 1 1 1 1 1 -1 -1 -1 1 1 1 1 -1 1 -1 1 -1 -1 -1 -1 1 1 -1 -1 -1 1 -1 -1 1 -1 -1 -1 1 -1 -1 -1 1 1 -1 -1 -1 1 1 
1 1 1 1 -1 1 1 -1 -1 -1 1 1 -1 -1 1 1 -1 1 1 1 1 1 -1 -1 -1 1 1 -1 -1 -1 1 -1 -1 1 1 1 -1 -1 -1 1 -1 1 1 -1 1 1 1 1 -1 -1 1 -1 -1 -1 -1 -1 1 1 -1 -1 -1 1 -1 1 1 1 -1 1 1 1 1 1 -1 1 -1 -1 1 1 1 -1 -1 1 -1 -1 -1 1 -1 -1 -1 1 1 -1 1 1 1 1 1 1 -1 1 1 -1 1 1 1 1 1 1 1 1 1 1 1 -1 1 -1 1 1 -1 -1 1 -1 1 -1 -1 -1 -1 -1 
1 1 -1 1 -1 -1 -1 1 1 -1 -1 1 1 1 1 1 1 -1 -1 1 1 -1 -1 1 1 -1 -1 -1 1 1 1 -1 1 1 1 -1 -1 1 1 -1 1 -1 -1 -1 1 -1 1 1 1 -1 -1 -1 1 1 1 1 1 1 1 -1 1 -1 -1 1 1 -1 1 -1 -1 1 -1 -1 1 1 -1 -1 -1 1 -1 -1 1 -1 -1 1 1 -1 -1 1 -1 1 -1 1 -1 1 -1 1 1 -1 1 1 1 -1 1 1 1 1 1 1 1 1 1 -1 -1 -1 1 -1 -1 1 1 1 1 1 1 -1 1 1 -1 1 
1 1 -1 -1 -1 1 -1 -1 -1 1 1 1 1 -1 1 1 -1 -1 -1 1 1 -1 -1 -1 1 -1 -1 -1 -1 -1 -1 -1 -1 1 -1 1 -1 -1 -1 1 1 1 1 1 1 1 -1 1 1 -1 -1 1 -1 1 -1 1 -1 -1 -1 -1 -1 1 1 1 -1 1 -1 -1 -1 1 -1 1 1 -1 -1 1 -1 -1 1 -1 -1 1 1 1 1 1 -1 -1 -1 1 -1 -1 -1 1 -1 1 1 1 -1 -1 -1 1 1 1 -1 -1 -1 1 -1 -1 1 1 -1 1 1 -1 1 -1 -1 -1 -1 -1 1 1 -1 1 1 1 
-1 1 -1 1 -1 -1 1 -1 -1 1 1 1 1 1 1 -1 -1 -1 1 1 -1 1 1 -1 -1 1 1 -1 -1 1 1 -1 -1 -1 -1 -1 1 -1 -1 1 1 1 -1 -1 -1 -1 -1 1 1 -1 1 1 -1 1 1 -1 -1 1 -1 1 -1 -1 1 1 -1 1 -1 -1 1 1 -1 -1 -1 1 1 -1 1 1 -1 1 -1 -1 -1 -1 -1 -1 -1 -1 -1 1 1 -1 -1 1 1 1 -1 -1 -1 1 1 1 1 1 -1 -1 -1 -1 -1 1 1 1 1 -1 1 1 -1 -1 1 -1 1 -1 1 -1 1 1 -1 1 
-1 -1 -1 -1 -1 -1 -1 -1 1 -1 1 -1 1 1 -1 -1 -1 -1 -1 -1 1 1 1 -1 1 1 1 1 -1 -1 -1 1 -1 -1 -1 -1 -1 -1 -1 1 1 1 1 -1 1 1 1 1 -1 1 -1 1 -1 1 1 -1 -1 1 -1 1 1 -1 -1 -1 -1 -1 1 -1 1 -1 -1 -1 -1 -1 -1 -1 1 -1 -1 1 1 1 -1 -1 -1 1 1 -1 -1 1 -1 -1 1 1 -1 -1 1 -1 -1 1 1 1 1 -1 1 1 1 1 -1 1 1 1 1 -1 1 1 1 1 -1 1 -1 -1 1 1 -1 1 1 -1 
1 1 1 1 1 -1 -1 1 1 1 1 1 1 1 -1 -1 -1 1 1 -1 1 -1 1 1 1 1 -1 -1 -1 1 -1 1 1 -1 -1 -1 -1 1 1 1 -1 1 1 1 -1 -1 -1 1 -1 1 1 -1 -1 1 1 1 1 -1 -1 1 -1 1 -1 -1 -1 -1 -1 1 1 1 1 -1 -1 1 1 -1 1 -1 -1 1 -1 1 1 1 1 1 1 1 -1 -1 -1 1 1 -1 -1 -1 1 1 -1 1 1 -1 -1 1 1 1 -1 1 -1 1 -1 1 1 -1 1 1 1 -1 -1 1 1 -1 1 -1 1 1 1 1 
-1 1 -1 1 1 1 -1 -1 1 -1 -1 1 1 -1 -1 1 1 1 1 1 1 -1 -1 1 -1 -1 1 -1 1 1 -1 -1 -1 1 1 1 1 -1 -1 1 -1 -1 -1 1 1 -1 1 1 1 1 -1 -1 1 -1 -1 -1 -1 1 1 1 1 -1 -1 -1 -1 -1 1 1 1 -1 -1 -1 -1 1 -1 -1 1 1 -1 -1 -1 -1 1 -1 1 1 1 -1 -1 1 -1 1 1 1 1 1 1 -1 1 1 1 -1 -1 1 1 1 1 1 1 1 -1 1 -1 -1 1 1 1 1 1 -1 1 1 1 1 1 1 -1 -1 
1 1 -1 -1 -1 -1 1 1 -1 1 1 -1 -1 -1 -1 1 1 1 -1 -1 1 -1 -1 1 1 -1 1 -1 1 -1 1 1 1 1 1 1 -1 -1 1 1 1 -1 1 -1 1 1 -1 1 1 -1 1 -1 -1 -1 -1 -1 1 -1 1 -1 -1 1 1 -1 1 1 1 -1 -1 -1 1 -1 -1 -1 1 -1 1 -1 -1 1 1 -1 -1 1 -1 -1 -1 -1 -1 -1 -1 1 1 -1 1 -1 1 1 1 1 1 -1 -1 1 -1 1 1 -1 -1 1 1 1 1 1 1 -1 -1 1 1 1 1 -1 -1 -1 1 1 1 1 
-1 1 1 1 -1 1 1 -1 1 -1 -1 1 -1 -1 1 1 1 1 -1 -1 -1 -1 -1 -1 1 1 1 1 1 1 1 1 -1 -1 1 -1 1 1 1 -1 -1 1 -1 1 1 -1 -1 -1 1 1 -1 1 -1 -1 1 1 1 -1 1 1 -1 -1 -1 -1 -1 -1 -1 -1 -1 1 -1 1 -1 1 1 -1 1 -1 -1 -1 1 1 1 1 -1 1 1 1 -1 1 -1 -1 1 1 1 -1 1 1 -1 1 1 1 -1 1 1 1 -1 1 -1 1 1 -1 -1 1 -1 1 1 -1 1 -1 1 -1 -1 -1 1 1 -1 -1 
-1 1 -1 -1 1 -1 1 -1 -1 1 1 1 -1 -1 -1 1 -1 1 1 1 1 -1 1 1 -1 1 1 1 1 -1 1 1 -1 -1 -1 1 1 -1 1 -1 1 1 1 1 -1 1 1 -1 1 1 1 1 -1 -1 -1 1 -1 1 1 1 -1 1 1 -1 -1 1 1 1 -1 -1 -1 -1 1 1 -1 -1 1 -1 1 1 -1 1 -1 -1 1 -1 -1 -1 -1 1 1 1 -1 1 1 -1 -1 -1 -1 1 1 -1 -1 -1 -1 1 -1 -1 -1 1 -1 -1 1 1 1 -1 -1 -1 1 1 -1 -1 1 -1 1 1 -1 -1 
-1 1 1 1 -1 1 -1 1 1 -1 1 -1 -1 -1 -1 -1 -1 1 1 -1 -1 -1 1 1 -1 -1 -1 1 -1 1 -1 1 -1 1 -1 -1 1 -1 -1 1 1 1 1 -1 -1 1 1 -1 1 1 1 -1 -1 -1 1 -1 -1 1 -1 -1 -1 -1 1 1 -1 1 -1 -1 1 -1 -1 -1 1 -1 -1 1 1 1 1 1 -1 -1 1 -1 -1 -1 1 1 -1 1 -1 -1 -1 1 -1 1 -1 1 -1 1 1 -1 1 1 1 1 1 1 1 -1 -1 1 1 -1 -1 -1 -1 1 -1 1 1 1 -1 -1 1 1 1 -1 
1 -1 1 1 -1 1 1 -1 -1 1 1 -1 -1 -1 1 -1 -1 -1 1 1 -1 -1 -1 1 1 1 -1 -1 1 1 -1 1 -1 1 1 -1 -1 1 1 1 1 -1 1 1 1 -1 1 -1 1 -1 -1 1 -1 -1 -1 -1 -1 1 1 -1 1 -1 1 1 1 -1 -1 -1 -1 1 1 -1 -1 -1 -1 -1 -1 -1 -1 1 -1 1 -1 -1 1 1 1 -1 1 1 1 1 1 1 1 1 -1 -1 1 1 1 1 1 1 -1 -1 1 1 -1 -1 1 -1 1 1 -1 1 1 -1 1 -1 -1 -1 1 1 -1 1 1 -1 
1 1 -1 -1 1 1 1 -1 -1 -1 1 1 -1 1 1 -1 1 -1 1 1 -1 1 -1 1 1 1 1 1 1 1 -1 -1 1 -1 -1 1 1 1 -1 -1 1 1 -1 -1 -1 1 1 -1 -1 -1 1 -1 -1 1 -1 -1 -1 -1 1 -1 1 1 -1 1 -1 1 1 1 -1 -1 1 1 1 1 -1 1 1 -1 1 -1 -1 1 1 -1 1 1 1 1 1 1 -1 1 -1 -1 -1 -1 1 1 -1 1 -1 1 1 1 1 1 1 -1 -1 1 -1 -1 1 1 1 1 1 -1 1 1 1 1 1 1 -1 1 -1 -1 
-1 -1 -1 -1 1 1 1 1 1 -1 -1 -1 -1 -1 1 -1 1 1 -1 1 1 1 1 -1 -1 1 1 -1 1 -1 1 -1 1 -1 1 -1 1 1 1 1 -1 1 1 1 1 -1 1 -1 -1 -1 1 -1 -1 1 -1 -1 -1 1 -1 1 -1 -1 -1 1 -1 1 -1 1 -1 1 -1 1 1 1 1 1 -1 -1 -1 1 1 -1 1 1 -1 -1 -1 -1 1 1 1 -1 1 -1 1 1 -1 1 -1 1 -1 -1 1 1 1 -1 1 -1 1 1 1 1 1 1 1 1 -1 -1 -1 1 1 1 1 1 1 1 1 -1 
1 1 -1 -1 1 -1 1 1 1 -1 1 -1 -1 1 1 -1 1 1 1 -1 -1 -1 1 1 1 -1 -1 -1 1 1 -1 -1 1 1 1 1 -1 -1 -1 -1 1 -1 -1 1 1 -1 -1 -1 1 1 1 -1 -1 1 1 1 1 -1 1 1 -1 -1 1 -1 1 -1 1 1 -1 1 -1 -1 1 -1 1 1 1 1 1 -1 -1 1 -1 -1 1 -1 -1 -1 -1 1 -1 1 -1 1 -1 -1 -1 1 1 -1 -1 1 -1 -1 -1 -1 1 1 1 -1 1 1 1 -1 -1 1 -1 -1 1 1 -1 -1 1 -1 1 -1 1 -1 
-1 -1 -1 1 -1 -1 -1 1 1 -1 -1 1 -1 -1 1 -1 1 -1 1 -1 -1 -1 -1 1 -1 1 -1 -1 1 1 1 -1 -1 -1 1 1 -1 1 -1 -1 1 -1 1 -1 1 1 1 -1 1 1 1 1 -1 -1 -1 -1 -1 1 1 1 -1 -1 1 -1 1 -1 1 1 -1 1 1 -1 1 -1 -1 -1 -1 -1 1 1 -1 1 -1 -1 -1 -1 -1 -1 1 -1 1 -1 1 1 -1 -1 -1 -1 -1 1 1 1 1 1 1 1 1 -1 1 -1 -1 1 1 -1 -1 1 1 1 -1 -1 -1 1 -1 1 1 1 1 -1 
1 1 -1 1 1 -1 -1 -1 1 1 -1 -1 1 -1 -1 -1 -1 -1 -1 -1 1 1 1 -1 1 -1 -1 -1 -1 1 1 -1 -1 -1 1 1 -1 1 1 -1 -1 1 -1 1 1 -1 1 1 1 -1 -1 -1 1 1 1 1 -1 -1 -1 -1 1 -1 1 1 1 -1 1 1 -1 -1 1 1 1 -1 1 1 -1 1 -1 -1 -1 -1 -1 -1 1 1 1 -1 -1 -1 1 -1 -1 -1 -1 1 -1 -1 -1 -1 -1 -1 1 1 1 1 -1 1 -1 -1 1 1 1 1 1 -1 1 -1 1 -1 -1 1 1 -1 1 -1 -1 1 
1 1 -1 1 1 -1 1 1 -1 1 1 1 -1 -1 -1 1 -1 1 1 1 1 -1 1 -1 1 -1 -1 -1 -1 1 -1 1 1 1 1 -1 -1 1 -1 -1 1 1 1 -1 -1 -1 -1 -1 1 1 1 -1 -1 1 1 1 -1 1 1 1 1 -1 1 1 -1 1 1 -1 1 1 1 1 -1 -1 1 -1 -1 -1 1 -1 1 1 -1 1 -1 1 1 -1 -1 -1 -1 1 1 1 1 1 1 1 -1 1 -1 1 -1 1 1 1 -1 1 -1 -1 1 1 -1 -1 1 1 -1 -1 1 1 -1 1 -1 1 1 -1 -1 -1 
-1 1 1 1 1 -1 -1 -1 1 1 1 -1 1 -1 -1 -1 1 1 -1 1 1 1 1 -1 -1 1 -1 -1 1 1 -1 -1 -1 1 1 1 -1 -1 -1 -1 -1 1 1 -1 1 1 -1 1 1 -1 1 -1 -1 -1 -1 -1 -1 -1 -1 -1 -1 -1 1 -1 1 -1 -1 1 -1 1 1 -1 1 -1 -1 -1 -1 -1 1 1 1 1 -1 -1 -1 -1 1 -1 1 1 1 1 -1 1 1 1 -1 1 1 1 1 -1 -1 1 -1 1 1 -1 -1 1 -1 -1 -1 -1 1 -1 -1 1 -1 -1 1 -1 1 1 1 -1 1 1 
-1 -1 -1 -1 -1 1 -1 1 -1 1 -1 -1 -1 -1 -1 1 -1 1 1 1 1 1 -1 1 1 1 -1 1 -1 -1 1 -1 -1 1 1 1 -1 -1 -1 -1 -1 1 -1 1 1 1 -1 -1 1 -1 1 -1 -1 1 1 1 1 1 -1 -1 -1 1 1 1 -1 1 1 1 1 1 1 1 1 1 1 -1 -1 1 -1 -1 -1 -1 -1 -1 1 -1 -1 -1 1 -1 1 -1 1 1 1 -1 1 -1 -1 -1 1 -1 1 -1 -1 1 1 1 1 -1 1 1 -1 1 -1 1 1 -1 -1 -1 -1 -1 -1 -1 -1 1 -1 1 
-1 -1 -1 1 1 -1 1 -1 -1 -1 1 -1 1 1 1 -1 -1 1 -1 1 -1 -1 -1 1 1 -1 1 1 1 -1 -1 -1 1 1 -1 -1 1 1 -1 1 -1 1 -1 -1 1 1 1 -1 -1 1 -1 1 1 1 1 1 -1 1 -1 1 -1 -1 -1 -1 -1 -1 1 1 -1 -1 1 1 -1 -1 1 1 -1 1 1 1 1 1 1 1 1 -1 1 1 -1 -1 1 -1 1 1 1 -1 1 -1 -1 -1 1 -1 -1 1 1 -1 1 -1 1 1 -1 1 1 1 -1 -1 1 -1 -1 1 -1 1 1 1 1 1 1 1 
1 -1 1 1 -1 -1 -1 -1 -1 1 -1 1 -1 1 1 1 1 1 1 1 1 -1 -1 -1 -1 -1 -1 1 -1 -1 -1 -1 1 1 1 1 1 1 1 1 -1 -1 -1 1 1 -1 1 -1 1 1 -1 -1 1 -1 -1 1 1 1 -1 -1 -1 -1 -1 -1 1 -1 -1 -1 1 -1 -1 1 -1 1 1 1 1 -1 1 -1 -1 -1 1 -1 1 1 1 -1 -1 1 -1 1 1 -1 1 1 -1 -1 -1 1 1 -1 1 -1 1 1 1 1 -1 1 -1 1 1 -1 -1 -1 -1 1 -1 -1 -1 1 1 1 -1 1 -1 -1 
1 1 -1 -1 -1 -1 1 1 1 1 -1 -1 1 -1 1 -1 1 1 -1 1 -1 -1 1 1 1 -1 -1 1 -1 -1 1 -1 -1 -1 -1 1 -1 1 -1 -1 -1 -1 1 -1 -1 1 -1 -1 -1 1 1 1 1 1 1 1 -1 -1 -1 1 1 1 -1 -1 -1 1 1 1 -1 -1 -1 -1 1 -1 1 -1 -1 -1 -1 1 -1 1 -1 -1 -1 -1 1 1 1 1 1 1 1 -1 -1 1 1 1 1 -1 1 -1 -1 -1 -1 1 -1 -1 -1 1 -1 1 1 -1 1 1 1 -1 -1 1 1 -1 1 -1 1 1 1 1 
-1 1 -1 -1 1 1 -1 -1 -1 1 1 1 -1 -1 -1 1 1 -1 -1 -1 -1 1 -1 -1 -1 -1 1 -1 -1 1 1 1 -1 1 1 -1 -1 1 -1 1 1 1 1 1 1 -1 -1 -1 -1 1 1 1 -1 1 -1 -1 -1 -1 -1 -1 -1 1 -1 1 -1 -1 -1 1 -1 -1 -1 1 1 1 -1 -1 -1 -1 -1 1 -1 1 1 1 -1 1 -1 -1 -1 1 -1 -1 1 1 -1 -1 -1 -1 1 1 1 1 1 1 1 1 -1 -1 1 -1 1 1 1 1 -1 1 -1 1 -1 1 1 1 1 1 1 -1 1 1 
-1 1 1 -1 1 1 -1 -1 -1 1 -1 -1 1 -1 1 -1 -1 -1 -1 -1 1 1 1 -1 -1 1 -1 -1 -1 -1 -1 1 -1 -1 -1 -1 -1 1 1 -1 1 1 -1 -1 -1 1 -1 -1 1 1 1 -1 -1 1 -1 -1 -1 1 -1 -1 -1 1 1 -1 1 -1 -1 1 -1 -1 1 -1 1 1 1 1 1 1 1 -1 -1 -1 -1 -1 1 -1 1 -1 -1 -1 1 -1 1 1 -1 -1 1 -1 -1 -1 -1 1 -1 1 -1 1 -1 -1 -1 -1 1 1 1 -1 1 -1 1 1 -1 1 1 -1 1 -1 -1 -1 1 1 
1 1 1 1 -1 -1 1 -1 -1 -1 1 -1 1 -1 1 1 1 1 -1 1 1 1 -1 1 1 1 -1 1 1 1 -1 1 1 1 -1 -1 -1 -1 -1 -1 -1 1 1 1 1 -1 1 1 1 1 -1 -1 -1 -1 -1 1 1 1 -1 1 1 -1 1 1 1 -1 1 -1 1 1 -1 1 1 1 -1 1 -1 -1 1 -1 -1 -1 1 -1 1 1 -1 1 1 1 -1 1 -1 -1 1 1 -1 -1 -1 -1 1 -1 1 -1 1 1 1 1 1 1 -1 -1 1 1 1 1 1 1 -1 1 -1 1 1 -1 -1 -1 -1 1 
-1 1 1 1 -1 1 1 -1 -1 1 -1 -1 1 1 -1 -1 1 -1 1 -1 -1 -1 1 -1 -1 -1 -1 1 -1 1 1 -1 -1 1 1 -1 -1 -1 1 -1 -1 -1 -1 1 -1 -1 1 1 -1 -1 1 -1 -1 1 -1 -1 -1 1 -1 -1 1 -1 -1 -1 -1 -1 -1 -1 1 1 1 -1 -1 1 1 -1 1 -1 1 1 1 -1 -1 -1 -1 -1 1 -1 -1 1 1 -1 -1 1 1 1 1 -1 -1 -1 1 1 1 1 1 1 1 1 1 1 1 1 1 -1 1 -1 -1 -1 1 1 1 1 -1 -1 -1 1 -1 1 
1 1 -1 1 1 1 1 -1 1 1 1 -1 1 -1 1 1 -1 1 -1 -1 -1 -1 -1 -1 -1 1 1 -1 1 1 -1 1 -1 -1 1 -1 -1 1 -1 -1 1 1 1 1 -1 1 -1 1 -1 1 -1 -1 -1 1 1 -1 -1 1 1 1 1 1 -1 1 -1 -1 -1 1 -1 -1 1 -1 -1 1 1 -1 -1 -1 -1 -1 1 1 1 1 1 -1 -1 1 -1 1 -1 1 -1 1 -1 -1 -1 -1 1 -1 -1 1 -1 1 1 -1 1 -1 -1 1 1 -1 1 1 1 -1 -1 1 -1 1 -1 1 1 1 -1 -1 1 -1 
1 -1 -1 1 1 1 -1 -1 -1 -1 -1 -1 1 -1 1 1 -1 1 1 1 1 -1 -1 1 1 -1 1 -1 -1 -1 -1 -1 -1 1 -1 -1 -1 1 -1 1 -1 -1 1 1 1 -1 -1 -1 1 -1 1 -1 1 -1 1 1 -1 -1 -1 -1 1 -1 -1 1 -1 -1 1 1 1 -1 -1 1 1 1 -1 1 1 1 1 -1 1 1 -1 1 -1 1 -1 1 -1 1 1 -1 1 1 -1 1 1 1 1 -1 1 1 1 -1 1 -1 1 -1 -1 -1 -1 -1 -1 -1 -1 1 -1 1 1 1 -1 1 1 1 1 1 -1 1 