32
31 37 94 3 25 71 28 92 66 12 19 82 51 47 18 67 76 37 56 19 19 31 91 8 53 80 48 78 58 19 66 19 
55 60 10 38 66 28 85 8 87 78 76 48 1 85 50 70 45 81 27 35 81 63 8 83 38 39 61 47 68 30 46 88 
100 55 34 88 24 93 71 21 3 51 70 90 20 45 41 37 44 12 17 4 65 15 32 59 43 78 51 2 72 36 53 31 
53 40 100 73 90 9 92 96 43 19 71 71 64 14 46 54 70 37 7 36 29 57 67 48 100 46 36 55 94 61 75 44 
19 44 21 41 90 11 41 71 22 28 27 35 5 32 56 89 47 76 94 72 46 6 84 2 19 31 16 46 23 33 72 69 
46 81 72 48 41 42 66 44 96 68 48 54 49 95 39 78 67 63 85 96 97 88 5 51 64 22 89 91 32 73 96 65 
74 82 19 92 39 17 72 99 10 48 20 2 70 43 98 52 85 71 32 76 59 22 80 32 59 69 6 63 1 24 48 89 
29 89 18 27 83 50 49 20 54 12 57 61 24 19 20 63 37 16 47 82 61 47 59 73 51 31 99 47 59 88 98 87 
16 50 98 57 14 2 36 81 44 38 46 94 49 52 39 7 52 48 70 19 67 2 83 2 91 47 55 47 88 58 97 13 
53 30 84 21 6 58 70 89 99 75 84 38 79 74 69 49 40 48 81 88 35 31 16 67 34 45 13 80 42 57 59 32 
46 67 42 38 4 82 10 46 49 25 72 68 81 34 86 21 34 72 52 71 96 78 50 96 49 60 63 90 71 78 36 91 
18 51 39 36 70 6 64 30 95 27 17 61 69 43 94 35 66 35 10 86 49 91 99 18 20 23 52 63 3 81 55 62 
41 72 63 97 20 74 56 11 34 45 37 19 93 28 12 43 2 72 20 47 50 61 69 51 22 22 70 12 70 23 48 67 
30 57 9 94 59 94 60 11 37 69 32 16 41 26 91 61 74 74 93 4 37 80 72 31 97 6 26 37 99 86 25 51 
65 64 74 4 22 61 59 63 96 66 74 67 85 21 89 40 42 90 50 79 63 81 63 35 40 56 27 85 69 24 64 31 
76 65 80 66 6 90 35 52 75 10 84 3 37 65 97 51 48 60 69 71 76 9 90 14 92 70 21 36 63 61 70 24 
80 32 33 29 16 78 30 73 4 34 3 75 97 39 33 80 47 99 81 39 70 89 91 90 53 34 59 77 2 41 71 26 
29 2 56 21 52 81 61 7 55 7 58 84 36 36 75 20 18 63 13 59 39 20 95 62 48 97 16 70 58 5 1 94 
52 22 35 20 10 99 81 28 41 94 32 14 29 22 98 7 19 80 57 32 29 50 30 51 60 25 27 85 89 44 59 15 
55 42 34 88 67 32 68 29 14 66 68 100 51 71 17 89 91 4 35 27 52 15 87 31 65 71 83 84 89 62 87 74 
6 81 34 11 64 67 14 81 27 93 77 20 72 80 68 89 6 93 52 74 11 43 66 24 58 91 70 23 94 93 88 20 
1 69 64 22 76 57 18 57 75 83 16 9 54 27 7 26 92 67 86 27 65 50 97 20 27 77 36 77 29 70 61 23 
14 32 71 14 53 53 81 82 31 94 28 86 24 96 71 21 71 87 77 60 95 21 59 86 68 48 79 65 49 67 52 3 
25 92 50 17 64 44 8 35 65 16 85 91 57 44 77 99 69 29 69 69 11 44 62 77 32 92 35 27 85 66 99 15 
79 30 17 82 13 45 47 78 39 28 3 24 24 13 15 73 14 70 97 73 43 92 54 35 54 40 89 16 19 33 19 31 
81 75 86 100 45 26 17 28 30 63 59 22 71 86 3 6 47 49 49 18 41 40 30 63 81 65 23 32 78 60 50 61 
7 27 7 48 42 79 5 76 14 6 24 1 50 40 95 2 21 33 5 92 74 89 9 34 80 51 20 55 33 7 98 93 
60 73 65 31 27 73 61 20 13 53 21 77 25 44 99 43 69 23 92 17 2 47 38 18 41 57 76 16 87 43 5 60 
85 6 97 52 53 18 18 8 5 19 5 54 10 11 21 100 29 36 13 59 82 35 33 100 59 2 64 57 27 87 29 12 
24 91 88 56 68 16 94 15 32 33 86 47 80 54 39 10 97 83 25 24 74 84 18 42 60 71 91 93 12 21 37 40 
49 6 96 66 12 65 76 25 64 68 33 11 66 64 14 17 25 70 45 62 97 80 90 53 70 46 32 60 22 22 56 90 
81 2 98 16 26 92 1 9 24 86 1 54 15 52 44 10 22 13 94 15 38 92 66 9 62 85 14 81 81 19 48 68 
-1 1 1 1 -1 -1 -1 1 -1 -1 -1 1 1 -1 1 1 1 -1 1 -1 1 -1 1 1 -1 1 1 1 -1 -1 1 -1 
1 1 1 -1 1 1 -1 1 1 -1 -1 1 1 -1 -1 1 1 1 -1 1 1 1 -1 1 -1 1 -1 1 -1 1 -1 -1 
1 1 1 1 1 1 1 1 -1 1 1 -1 1 1 1 -1 -1 1 1 -1 -1 1 -1 -1 1 -1 -1 -1 1 1 1 1 
1 -1 1 1 1 -1 1 -1 1 1 -1 -1 1 -1 1 1 -1 1 1 1 1 -1 -1 1 -1 -1 1 1 -1 -1 -1 1 
-1 1 1 1 1 1 1 1 -1 -1 -1 -1 1 1 -1 1 -1 -1 1 1 -1 1 -1 1 1 -1 -1 -1 -1 1 1 1 
-1 1 1 -1 1 1 1 1 -1 1 1 1 -1 1 -1 1 -1 -1 -1 1 1 1 1 1 1 1 -1 -1 -1 -1 1 -1 
-1 -1 1 1 1 1 -1 -1 -1 -1 -1 -1 -1 1 1 -1 -1 -1 1 -1 -1 1 1 -1 -1 1 -1 -1 -1 1 -1 -1 
1 1 1 -1 1 1 -1 1 1 -1 -1 1 -1 1 1 -1 1 1 1 1 1 1 1 -1 1 1 1 -1 1 1 1 1 
-1 1 -1 1 -1 -1 -1 1 -1 -1 1 1 -1 -1 1 -1 -1 1 1 -1 -1 1 -1 -1 -1 -1 -1 -1 1 1 1 -1 
-1 -1 1 1 -1 1 -1 -1 -1 1 -1 1 1 -1 1 -1 1 1 1 -1 -1 1 1 1 1 -1 1 1 -1 -1 -1 -1 
-1 -1 1 -1 -1 1 -1 -1 1 -1 -1 -1 -1 -1 -1 -1 1 1 -1 1 1 1 1 1 1 1 1 -1 -1 -1 1 1 
1 1 -1 -1 -1 1 -1 1 1 1 -1 -1 -1 1 -1 -1 -1 1 -1 -1 1 -1 1 1 1 1 1 -1 1 1 1 1 
1 1 1 1 1 -1 -1 -1 -1 1 -1 -1 -1 1 -1 1 1 1 -1 -1 1 1 -1 1 1 1 -1 1 -1 1 -1 1 
-1 -1 1 -1 1 1 1 1 -1 -1 -1 1 1 -1 1 1 1 -1 1 -1 -1 1 -1 -1 1 1 -1 -1 -1 1 -1 1 
1 -1 1 1 -1 -1 1 1 1 1 -1 -1 -1 1 1 1 1 1 -1 1 1 1 -1 1 1 -1 1 1 1 1 1 1 
1 1 -1 1 1 1 -1 -1 -1 -1 -1 -1 1 1 1 -1 1 1 1 1 -1 1 -1 -1 -1 1 -1 -1 -1 -1 -1 1 
1 1 -1 -1 -1 -1 -1 1 -1 1 1 -1 1 1 1 1 1 1 1 -1 1 1 -1 1 -1 1 -1 1 1 -1 -1 -1 
-1 1 1 1 -1 -1 -1 1 1 1 1 1 1 -1 1 1 1 -1 -1 -1 1 1 1 -1 -1 -1 1 1 -1 1 -1 -1 
1 -1 1 1 1 -1 1 1 1 1 -1 -1 -1 1 -1 1 1 -1 -1 1 1 1 -1 -1 1 -1 -1 1 -1 -1 1 -1 
-1 1 -1 1 1 1 -1 1 -1 -1 1 -1 -1 -1 1 1 -1 -1 1 -1 -1 -1 -1 -1 1 -1 1 1 1 1 1 1 
1 1 -1 1 -1 1 -1 1 -1 -1 1 1 1 -1 1 -1 1 1 1 -1 -1 -1 -1 -1 1 1 -1 -1 -1 -1 1 -1 
-1 1 1 -1 1 1 1 1 1 1 1 -1 1 1 1 1 1 1 1 -1 -1 1 1 -1 -1 -1 1 1 1 -1 -1 -1 
1 -1 -1 -1 -1 1 1 1 -1 1 1 1 -1 -1 -1 -1 -1 1 -1 -1 -1 1 1 1 1 1 -1 1 -1 1 -1 1 
1 1 -1 1 1 1 -1 -1 -1 1 1 1 1 -1 1 -1 1 -1 -1 -1 -1 -1 1 1 -1 1 -1 1 1 -1 -1 -1 
-1 -1 1 -1 1 1 -1 1 -1 1 1 1 1 1 1 -1 -1 -1 1 1 1 -1 1 -1 -1 1 1 1 -1 -1 1 -1 
1 1 -1 -1 -1 1 1 1 -1 -1 1 1 1 1 -1 1 1 -1 -1 -1 1 -1 1 1 1 -1 1 -1 1 1 -1 1 
1 -1 -1 1 -1 -1 -1 1 -1 1 1 1 -1 -1 1 -1 -1 1 -1 1 -1 1 -1 -1 1 1 1 -1 1 1 -1 1 
1 1 -1 1 -1 -1 -1 -1 -1 1 -1 -1 1 -1 1 -1 1 1 1 1 -1 1 1 1 1 -1 -1 1 1 -1 1 1 
-1 -1 1 -1 -1 -1 -1 1 1 -1 -1 1 -1 -1 1 -1 1 -1 -1 1 -1 1 -1 1 -1 1 1 1 -1 -1 1 1 
-1 1 1 -1 1 -1 1 1 1 -1 -1 1 1 1 1 -1 -1 1 -1 1 -1 -1 1 -1 -1 1 1 -1 -1 -1 1 1 
1 -1 1 -1 1 1 -1 1 1 -1 1 1 -1 -1 1 -1 -1 -1 1 1 1 -1 -1 -1 1 -1 -1 1 1 1 1 -1 
-1 -1 1 1 1 -1 -1 1 -1 -1 1 1 1 1 1 1 -1 -1 -1 1 -1 -1 1 -1 -1 1 1 1 1 1 -1 -1 