32
35 65 49 35 80 6 82 23 43 96 76 59 97 28 12 27 44 30 55 19 63 28 42 77 85 53 23 97 37 47 36 47 
89 82 36 25 73 53 25 82 16 58 80 57 11 24 42 20 74 89 62 39 38 28 31 2 46 53 95 90 11 51 85 53 
19 48 85 91 65 98 66 78 99 89 41 66 71 62 26 77 78 41 51 80 43 61 56 75 83 92 43 34 63 91 1 79 
94 53 27 26 80 89 20 6 58 90 54 82 20 17 43 41 50 15 58 61 81 78 52 100 91 98 99 73 54 62 23 94 
17 90 23 19 12 93 100 55 14 48 6 31 24 66 3 97 99 32 92 10 48 34 48 13 59 67 41 66 8 4 57 17 
41 63 79 9 75 39 23 26 86 71 65 25 43 98 22 35 14 18 67 33 27 15 98 90 43 45 10 3 34 5 82 72 
35 55 18 62 15 64 50 79 98 49 54 47 29 10 10 22 69 37 22 53 25 51 96 6 3 75 9 36 14 87 93 85 
42 9 100 77 80 27 53 53 17 100 22 24 11 45 36 86 65 71 33 45 16 52 15 87 91 62 7 46 69 32 21 31 
84 39 9 83 72 31 16 34 75 52 87 70 36 72 33 98 13 88 41 91 13 1 73 38 13 21 84 66 96 73 65 25 
36 72 3 36 64 32 9 96 34 13 89 78 51 71 99 65 93 58 21 36 47 78 40 8 71 43 51 63 45 57 15 75 
90 96 73 11 80 93 84 49 80 4 71 18 44 11 32 36 83 75 75 25 53 66 7 17 72 52 65 44 53 69 35 96 
67 80 54 84 95 59 79 34 62 2 79 71 94 37 75 39 45 66 19 11 11 16 65 3 6 66 96 21 1 10 14 61 
19 92 6 96 29 88 91 19 72 96 73 18 74 17 24 72 97 44 75 97 62 97 73 55 89 97 57 91 92 70 82 7 
82 94 1 90 60 37 21 33 76 83 30 95 33 93 40 62 13 49 50 68 65 76 7 43 33 11 78 90 53 88 49 17 
54 80 28 86 24 6 86 90 98 44 28 45 50 4 43 49 52 53 42 80 38 42 24 87 56 63 59 65 17 15 10 61 
58 15 79 28 73 73 13 28 80 34 9 65 92 77 51 6 2 15 5 93 9 48 72 22 83 92 51 16 64 63 49 14 
100 29 2 96 27 89 57 14 91 40 30 31 11 54 68 5 81 73 10 52 80 61 21 94 93 32 51 3 46 42 61 76 
57 63 20 67 10 89 14 51 26 49 30 11 30 50 5 6 94 46 61 81 98 95 24 36 75 22 7 1 74 44 45 57 
69 44 98 77 32 92 98 4 56 77 38 60 80 81 77 41 22 13 14 77 25 74 52 48 54 13 59 52 86 61 87 53 
52 21 93 61 38 45 48 16 74 33 66 6 12 37 91 35 17 7 86 22 46 12 23 58 77 49 94 55 68 5 19 84 
25 52 38 24 64 31 99 15 42 45 59 73 14 2 96 76 33 35 66 3 39 21 82 65 97 71 53 76 55 8 43 42 
12 23 42 65 67 27 89 90 98 63 67 3 44 47 41 98 95 29 81 59 11 6 98 41 21 86 97 4 50 55 56 100 
64 23 56 36 46 21 12 21 55 98 12 35 47 70 78 26 74 4 88 62 50 24 31 65 81 84 14 70 25 79 57 58 
18 32 57 96 81 27 14 50 41 71 46 88 25 75 53 37 100 91 17 23 13 98 16 41 65 10 5 28 36 60 76 10 
71 17 17 94 18 14 96 74 10 19 66 43 76 61 11 69 98 66 92 81 10 64 27 20 13 28 3 90 55 48 42 92 
53 35 67 39 98 9 8 97 36 44 60 39 81 31 4 68 50 73 41 45 61 11 80 76 2 34 88 8 56 85 4 44 
94 25 30 7 37 81 71 96 74 94 48 57 57 19 21 86 80 37 51 7 74 57 80 49 78 66 100 94 48 89 20 33 
5 52 56 64 17 26 22 44 27 62 8 81 35 82 74 59 71 92 3 26 45 17 19 20 57 26 77 27 11 94 77 33 
33 61 39 67 1 38 28 64 32 80 24 89 94 42 36 58 31 53 13 78 84 82 98 90 18 40 35 83 82 15 76 62 
44 44 99 87 92 23 44 93 30 91 89 66 98 64 71 44 95 10 64 57 37 53 40 57 60 13 1 68 37 43 28 65 
47 58 85 97 36 40 44 34 80 41 78 50 65 85 47 10 12 64 48 28 9 74 85 7 84 27 51 25 48 42 71 96 
67 58 8 63 54 85 83 45 52 30 82 30 17 47 14 45 54 44 26 49 58 93 90 53 52 34 92 56 58 29 92 85 
-1 -1 1 -1 1 1 1 -1 1 -1 1 -1 1 1 -1 1 -1 -1 -1 -1 -1 -1 1 1 1 1 1 -1 1 -1 1 1 
-1 -1 1 -1 -1 -1 1 -1 1 1 1 -1 1 -1 1 1 -1 -1 -1 1 1 1 1 1 -1 1 -1 -1 -1 1 -1 -1 
1 1 1 1 -1 1 -1 -1 -1 1 -1 -1 1 -1 1 1 -1 1 1 1 -1 -1 1 -1 1 1 1 1 -1 1 1 -1 
-1 -1 1 1 -1 1 -1 1 -1 -1 1 1 1 -1 -1 1 -1 1 -1 1 -1 1 1 1 1 -1 -1 -1 1 1 -1 1 
1 -1 -1 -1 -1 1 1 1 -1 1 1 -1 1 -1 -1 -1 -1 -1 -1 -1 -1 1 1 1 -1 -1 1 1 1 -1 -1 -1 
1 -1 1 1 1 1 1 -1 1 -1 -1 1 -1 1 -1 -1 1 -1 -1 -1 1 -1 1 -1 1 -1 -1 -1 -1 -1 -1 1 
1 1 -1 -1 1 1 1 1 -1 1 -1 -1 1 -1 1 -1 1 -1 -1 1 -1 1 1 1 -1 1 1 1 1 -1 -1 1 
-1 -1 -1 1 1 -1 1 1 1 1 -1 -1 -1 -1 1 1 1 1 1 1 -1 -1 -1 1 -1 -1 -1 -1 -1 -1 -1 1 
1 1 -1 -1 -1 1 -1 1 1 -1 -1 1 1 -1 -1 1 -1 1 1 1 -1 -1 -1 1 -1 -1 1 -1 -1 1 -1 1 
-1 1 1 -1 1 -1 1 1 -1 -1 -1 1 1 -1 1 -1 1 1 1 1 -1 -1 -1 -1 1 -1 -1 -1 -1 1 -1 1 
1 1 -1 1 1 -1 -1 -1 -1 -1 1 1 1 -1 1 1 -1 -1 -1 -1 1 1 1 1 1 1 -1 -1 1 1 -1 1 
-1 -1 -1 1 -1 1 -1 -1 1 1 1 -1 1 1 -1 1 -1 -1 -1 -1 1 1 -1 -1 -1 1 -1 1 1 1 1 -1 
1 1 1 1 1 -1 1 -1 1 1 1 1 1 1 1 -1 1 -1 1 1 -1 1 1 1 1 -1 1 -1 -1 -1 -1 -1 
1 -1 -1 -1 -1 1 -1 -1 -1 -1 -1 1 1 -1 -1 1 -1 1 1 -1 1 1 -1 -1 -1 1 1 -1 -1 -1 1 -1 
-1 1 1 -1 -1 -1 1 1 -1 1 1 -1 1 -1 -1 -1 -1 -1 -1 -1 1 -1 1 1 1 1 -1 1 1 1 1 -1 
1 1 1 1 -1 -1 -1 1 1 -1 1 1 -1 1 -1 1 1 1 1 1 1 -1 1 -1 -1 -1 -1 1 -1 1 -1 -1 
-1 -1 -1 -1 -1 1 1 1 -1 1 -1 -1 1 -1 -1 1 -1 1 -1 -1 -1 1 1 -1 -1 1 -1 -1 1 1 -1 -1 
-1 -1 1 1 -1 -1 -1 1 1 1 -1 -1 -1 1 -1 1 1 1 -1 1 1 1 -1 1 1 -1 -1 1 -1 -1 1 -1 
-1 -1 1 -1 -1 -1 -1 1 1 1 -1 -1 1 1 -1 1 -1 -1 1 1 1 -1 -1 1 1 -1 1 1 1 -1 -1 1 
-1 1 1 1 -1 -1 1 1 1 1 -1 -1 1 -1 -1 1 -1 1 1 1 1 1 1 -1 1 1 1 -1 1 -1 1 1 
-1 1 -1 -1 -1 1 -1 -1 -1 -1 1 1 -1 1 1 1 -1 1 1 1 -1 1 -1 -1 1 -1 -1 -1 1 -1 -1 -1 
-1 1 -1 1 1 -1 1 -1 -1 -1 1 1 1 1 -1 -1 1 1 -1 1 1 1 1 -1 -1 1 -1 1 -1 -1 -1 1 
1 1 1 1 1 1 1 -1 -1 -1 1 -1 1 -1 1 1 1 -1 -1 1 -1 1 -1 1 1 -1 -1 -1 1 -1 1 -1 
1 1 -1 1 1 -1 1 1 1 -1 1 -1 1 -1 1 -1 -1 1 1 -1 -1 -1 1 1 1 1 -1 1 1 -1 1 1 
1 -1 1 1 -1 1 -1 -1 -1 1 1 -1 1 -1 1 -1 -1 1 1 1 1 -1 1 1 -1 -1 1 1 1 1 1 1 
1 1 1 -1 -1 -1 1 -1 -1 -1 1 1 -1 1 1 -1 1 -1 -1 1 -1 1 -1 1 -1 1 1 -1 -1 -1 1 -1 
1 -1 1 -1 1 -1 1 -1 1 -1 -1 -1 1 1 -1 -1 -1 -1 1 1 -1 -1 -1 -1 1 1 -1 1 1 -1 1 -1 
-1 -1 1 -1 1 -1 1 -1 -1 -1 -1 1 -1 -1 1 1 -1 1 1 -1 -1 1 -1 1 1 -1 1 -1 -1 -1 -1 -1 
1 -1 -1 1 1 -1 1 -1 -1 -1 1 1 -1 -1 1 -1 1 -1 1 1 1 -1 1 1 1 -1 1 -1 -1 1 -1 1 
-1 1 1 1 -1 -1 -1 -1 1 1 1 1 -1 -1 1 1 1 -1 -1 -1 -1 -1 -1 -1 1 -1 -1 -1 1 -1 1 1 
1 -1 1 -1 -1 -1 -1 -1 -1 -1 -1 1 -1 1 1 -1 -1 1 -1 1 -1 -1 1 1 1 1 1 -1 -1 1 1 -1 
1 -1 -1 1 -1 1 1 1 1 1 1 -1 -1 -1 -1 -1 -1 -1 1 1 -1 1 -1 1 1 -1 -1 -1 1 1 -1 1 