32
36 60 98 67 19 73 91 34 53 8 1 79 32 58 16 78 69 57 80 98 72 1 83 30 65 15 24 46 4 77 84 96 
5 71 1 89 37 64 22 97 74 100 11 80 78 68 40 69 52 91 87 58 5 42 66 34 94 73 44 17 20 62 29 27 
48 7 96 60 58 77 42 59 50 71 83 18 9 86 55 69 59 58 80 63 21 4 16 65 87 47 97 80 36 8 25 88 
27 65 86 75 5 74 79 81 85 94 83 86 99 61 61 72 13 2 47 76 65 43 46 5 18 35 51 48 81 22 87 59 
35 15 96 20 61 80 10 42 18 95 8 98 43 61 79 10 78 8 57 68 92 43 21 2 29 44 45 42 34 34 12 83 
58 97 32 72 85 56 32 47 40 62 95 95 31 86 71 37 45 39 69 35 36 19 7 63 60 88 97 37 94 31 19 86 
24 35 59 41 89 16 86 38 58 35 35 61 86 7 65 86 80 36 66 53 19 76 27 63 65 38 19 75 23 81 30 2 
60 31 77 65 71 77 19 12 84 29 27 56 25 88 49 45 69 95 89 34 90 91 8 60 53 41 57 11 45 40 46 23 
99 36 54 74 58 55 95 71 74 90 46 73 39 75 98 75 77 90 4 35 91 24 80 6 41 64 20 77 80 90 49 95 
99 80 59 28 87 92 77 61 53 69 14 59 18 4 96 77 9 42 6 61 91 50 13 74 35 42 87 20 3 13 86 94 
31 81 16 66 83 93 14 95 71 45 17 2 9 49 20 54 64 36 53 89 52 5 7 22 12 6 54 31 72 82 35 39 
72 48 18 5 75 77 5 93 84 5 54 24 9 37 85 57 31 64 54 53 9 43 30 16 36 58 75 94 78 33 18 59 
3 32 90 35 9 92 99 89 38 60 89 76 90 42 1 68 74 98 91 20 15 91 92 12 4 14 89 72 100 86 99 33 
10 20 19 37 26 98 83 48 37 25 21 11 26 75 85 73 76 95 46 6 92 44 12 72 74 69 33 26 23 20 79 39 
93 39 9 7 83 60 45 56 94 97 97 69 34 84 79 14 34 82 10 37 9 43 73 3 68 54 97 72 41 31 86 68 
13 41 44 37 34 94 55 54 56 18 68 100 9 33 99 93 21 88 24 54 87 78 41 76 70 3 47 60 47 81 12 82 
94 4 46 22 40 43 23 98 62 87 11 96 72 82 97 20 10 59 64 26 38 39 22 50 40 76 28 33 48 24 93 61 
88 37 91 29 67 17 31 78 51 69 31 44 96 28 76 10 17 43 63 72 100 51 63 1 76 5 85 18 15 10 5 55 
21 19 1 50 30 86 85 62 42 36 28 91 1 67 86 83 14 3 94 39 96 97 54 52 40 80 30 80 96 8 32 49 
99 22 85 78 57 61 91 43 39 31 96 82 94 25 79 53 21 82 23 31 87 47 23 27 66 24 50 15 40 43 46 100 
64 9 91 71 86 34 37 72 16 34 19 82 29 45 3 7 3 95 14 3 16 96 79 59 64 82 53 3 36 3 55 36 
97 9 48 12 64 43 25 24 47 84 14 24 95 8 71 98 21 89 52 88 76 7 51 3 73 21 35 39 54 34 66 19 
59 86 95 77 56 59 58 89 70 88 1 31 85 75 25 42 4 46 80 73 19 28 59 24 5 7 23 72 66 48 33 79 
39 59 23 15 80 57 53 88 88 64 80 98 99 96 40 65 18 100 74 30 67 9 32 83 75 66 1 1 86 19 50 62 
98 67 9 87 86 87 79 75 67 4 19 89 19 77 79 15 63 73 29 26 68 80 68 89 16 35 27 91 71 62 76 75 
18 67 55 40 16 30 38 42 2 78 75 100 32 59 23 28 45 60 80 30 78 60 7 38 91 92 31 20 95 89 16 53 
61 62 13 51 12 100 47 4 56 8 81 1 91 62 90 35 82 77 15 40 11 27 50 42 33 60 26 12 17 26 75 12 
25 54 90 61 82 24 69 77 91 43 21 2 58 24 25 88 27 73 80 52 10 33 67 96 59 81 99 59 23 75 7 53 
11 41 17 4 24 4 24 83 44 100 57 52 100 64 94 42 38 35 46 91 72 75 8 68 32 92 15 76 73 66 92 30 
65 42 67 59 64 84 95 28 67 36 89 37 20 67 55 15 5 82 34 73 97 20 7 77 8 93 24 87 19 2 1 26 
15 18 2 10 12 75 88 82 17 24 90 64 58 100 82 42 86 80 70 61 61 80 55 65 9 99 94 100 75 74 58 8 
4 39 75 85 32 21 89 74 33 61 37 49 54 83 31 3 27 53 44 86 41 46 57 56 70 35 86 7 46 39 90 29 
-1 1 -1 -1 -1 1 1 -1 -1 -1 -1 1 1 -1 1 -1 -1 -1 -1 -1 1 -1 -1 1 -1 -1 1 -1 -1 -1 -1 -1 
1 -1 -1 1 -1 1 1 1 1 -1 1 -1 1 1 -1 1 -1 1 -1 -1 1 1 1 -1 1 -1 -1 -1 -1 1 -1 1 
-1 -1 1 -1 -1 1 1 1 -1 -1 1 1 1 -1 -1 -1 -1 1 1 -1 -1 -1 1 1 -1 1 1 -1 -1 1 -1 -1 
-1 1 -1 1 1 -1 -1 1 1 1 -1 1 1 -1 -1 -1 1 -1 -1 -1 -1 1 -1 1 -1 1 -1 -1 -1 1 1 -1 
-1 -1 -1 1 1 -1 1 1 -1 1 1 -1 1 -1 -1 -1 1 1 1 -1 1 1 1 1 -1 -1 1 -1 -1 -1 1 1 
1 1 1 -1 -1 1 1 1 1 1 -1 -1 1 -1 1 1 -1 -1 1 1 1 -1 1 -1 -1 1 -1 -1 1 1 -1 1 
1 1 1 -1 1 1 1 -1 -1 1 -1 -1 1 -1 1 1 -1 1 -1 -1 1 -1 -1 -1 -1 1 1 -1 1 -1 -1 -1 
-1 1 1 1 1 1 -1 1 1 -1 1 1 1 1 -1 1 -1 1 1 -1 -1 -1 -1 -1 1 1 -1 -1 1 1 1 -1 
-1 1 -1 1 -1 1 -1 1 -1 1 -1 1 1 -1 1 -1 1 1 -1 1 1 1 -1 -1 1 -1 -1 -1 1 1 -1 1 
-1 -1 -1 1 1 1 1 -1 1 1 -1 -1 1 1 1 1 1 -1 -1 -1 -1 1 1 1 -1 -1 -1 -1 1 1 -1 1 
-1 1 1 -1 1 -1 -1 1 -1 -1 1 -1 1 -1 1 -1 1 1 1 -1 1 -1 -1 1 1 1 1 1 1 -1 1 1 
1 -1 1 1 -1 -1 -1 1 1 -1 -1 1 1 -1 1 1 -1 1 1 1 -1 1 1 1 -1 1 -1 -1 1 -1 -1 1 
1 1 1 1 1 1 1 1 1 1 1 1 1 -1 1 1 -1 1 1 -1 1 -1 1 1 -1 -1 -1 1 -1 -1 1 -1 
-1 1 -1 -1 -1 -1 -1 1 -1 1 -1 -1 -1 -1 1 1 1 -1 1 -1 -1 1 -1 -1 1 -1 -1 1 1 1 1 -1 
1 -1 -1 -1 -1 1 1 -1 1 1 1 1 1 1 1 1 1 1 -1 -1 -1 1 1 -1 -1 -1 1 1 1 -1 1 -1 
-1 1 -1 -1 -1 1 1 1 -1 1 -1 1 1 1 1 1 -1 -1 -1 -1 1 -1 1 1 -1 1 1 -1 1 -1 -1 -1 
-1 -1 -1 1 1 -1 -1 -1 1 1 1 -1 -1 1 1 -1 -1 1 1 1 1 -1 1 -1 1 -1 1 -1 1 1 1 -1 
-1 1 1 -1 1 -1 1 1 1 -1 1 1 1 -1 1 -1 1 1 1 -1 1 1 1 -1 -1 1 1 -1 1 1 1 1 
-1 -1 1 -1 1 1 -1 1 -1 -1 1 1 1 1 -1 -1 1 1 -1 -1 1 -1 1 1 1 1 1 1 1 -1 -1 -1 
-1 -1 -1 -1 -1 1 -1 -1 1 -1 -1 1 -1 -1 -1 -1 1 -1 -1 -1 1 -1 1 -1 -1 -1 -1 -1 1 1 1 1 
1 1 -1 -1 1 1 1 -1 1 -1 1 -1 1 -1 -1 1 1 1 1 1 -1 -1 -1 1 -1 1 1 1 -1 1 -1 -1 
-1 1 -1 1 1 -1 -1 -1 1 1 -1 1 -1 1 1 -1 -1 1 -1 -1 -1 1 -1 -1 -1 -1 -1 -1 1 1 1 1 
-1 1 1 -1 1 1 -1 -1 -1 1 -1 1 1 -1 1 1 1 1 1 1 -1 -1 -1 1 1 -1 -1 -1 1 -1 1 -1 
1 -1 1 1 1 -1 -1 -1 -1 1 1 1 1 -1 -1 1 -1 -1 1 -1 1 -1 1 -1 -1 1 1 1 -1 1 1 1 
-1 1 -1 -1 -1 -1 -1 1 1 -1 1 -1 -1 1 -1 -1 1 -1 1 -1 -1 -1 1 -1 -1 1 -1 1 -1 1 1 -1 
-1 -1 1 1 -1 1 1 1 -1 -1 1 1 -1 -1 -1 1 -1 1 1 -1 1 -1 -1 1 1 -1 -1 1 1 -1 -1 -1 
1 -1 1 -1 1 -1 1 -1 -1 -1 1 -1 -1 -1 1 1 1 1 1 -1 1 -1 -1 1 -1 -1 1 -1 -1 1 -1 1 
-1 -1 -1 -1 -1 -1 -1 -1 -1 -1 1 -1 1 1 1 -1 -1 -1 1 -1 1 -1 -1 1 1 1 -1 1 1 -1 1 -1 
-1 -1 -1 -1 -1 1 1 1 1 1 1 1 -1 1 1 1 1 1 1 1 -1 1 1 -1 -1 1 -1 1 -1 1 -1 -1 
-1 1 1 1 -1 1 -1 1 1 1 -1 -1 -1 1 -1 -1 1 1 -1 1 1 1 -1 1 1 -1 1 -1 1 1 1 -1 
-1 -1 -1 1 1 -1 -1 1 -1 -1 1 -1 1 1 1 -1 1 1 -1 1 -1 1 1 1 1 -1 -1 1 -1 1 1 -1 
-1 1 -1 -1 1 1 -1 -1 1 1 1 1 -1 -1 -1 -1 -1 1 -1 1 -1 1 -1 1 -1 -1 1 -1 -1 -1 -1 1 