16
26 11 10 70 90 54 35 70 33 84 53 6 81 85 60 65 
90 54 37 55 100 51 45 82 1 62 67 40 7 29 71 88 
33 84 73 56 71 64 45 45 98 24 86 38 69 40 45 72 
17 57 74 45 69 38 2 94 83 83 35 4 42 2 42 73 
11 50 72 94 18 96 5 6 13 100 83 55 12 26 4 68 
55 50 28 91 1 63 52 36 39 94 19 27 74 51 28 13 
54 51 10 72 23 7 36 12 100 24 20 11 82 80 3 74 
86 45 99 22 71 42 9 28 77 19 26 59 5 66 65 9 
84 9 27 40 75 7 64 13 43 43 10 83 5 70 17 100 
38 59 92 76 92 27 24 25 18 27 80 13 46 39 56 62 
16 43 76 18 32 81 32 95 43 61 20 84 25 2 12 43 
41 46 61 22 83 84 29 3 88 82 49 9 57 4 39 20 
16 81 70 91 89 43 97 93 17 3 92 51 18 97 37 17 
65 63 79 59 19 52 48 49 91 53 82 3 99 1 23 78 
46 64 54 24 80 50 4 21 25 84 67 54 97 69 32 88 
69 83 96 14 17 35 99 73 78 50 10 80 35 100 61 92 
-1 1 1 1 1 1 -1 -1 -1 1 1 1 -1 -1 -1 -1 
1 -1 -1 -1 -1 1 1 1 -1 -1 -1 -1 1 -1 -1 1 
1 -1 1 1 1 -1 -1 1 1 1 -1 1 -1 -1 -1 1 
1 -1 1 1 -1 1 -1 1 -1 1 -1 1 1 -1 1 -1 
1 -1 1 -1 1 1 1 1 1 1 -1 1 -1 1 -1 -1 
1 1 -1 1 1 1 -1 -1 -1 1 -1 1 -1 1 -1 -1 
-1 1 -1 -1 1 -1 1 -1 -1 -1 1 1 -1 -1 -1 -1 
-1 1 1 1 1 -1 -1 -1 -1 -1 1 1 -1 1 1 -1 
-1 -1 1 -1 1 -1 -1 -1 -1 -1 -1 1 1 1 -1 1 
1 -1 1 1 1 1 -1 -1 -1 1 1 1 1 1 1 1 
1 -1 -1 -1 -1 -1 1 1 -1 1 -1 1 -1 1 -1 -1 
1 -1 1 1 1 1 1 1 1 1 1 -1 -1 -1 -1 -1 
-1 1 -1 1 -1 -1 -1 -1 1 1 -1 -1 -1 1 -1 -1 
-1 -1 -1 -1 1 1 -1 1 1 1 1 -1 1 -1 -1 1 
-1 -1 -1 1 -1 -1 -1 1 -1 1 -1 -1 -1 -1 -1 1 
-1 1 1 -1 -1 -1 -1 -1 1 1 -1 -1 -1 1 1 -1 