32
66 10 94 32 32 73 26 85 67 88 74 82 16 21 15 75 58 77 12 30 1 87 35 98 31 29 4 59 93 63 5 78 
24 25 55 23 50 62 31 72 46 32 66 38 66 73 21 2 51 1 98 98 2 7 92 52 3 49 52 21 54 56 95 81 
25 80 56 51 41 31 63 83 1 2 73 4 29 18 30 93 9 30 80 49 72 97 32 60 92 17 67 46 6 51 23 81 
38 6 7 99 48 8 6 67 4 64 80 90 28 3 1 64 6 94 6 58 41 82 80 62 99 65 89 12 18 13 9 72 
39 7 50 82 71 4 40 95 95 3 34 30 90 82 38 26 90 69 5 64 38 17 14 39 85 71 87 82 67 3 26 51 
57 54 24 57 82 28 81 69 95 54 2 36 77 96 38 35 69 45 46 89 92 97 23 51 74 48 78 99 5 66 58 4 
43 93 90 48 12 58 89 66 11 95 50 55 45 1 22 35 1 8 87 61 98 60 78 23 53 98 10 43 63 32 2 16 
67 68 68 15 79 82 93 87 93 11 80 44 43 66 7 77 56 82 66 56 12 53 85 62 67 94 69 57 8 50 6 3 
96 2 45 55 54 13 42 49 21 4 80 65 11 83 67 81 62 54 61 87 38 19 97 37 36 28 24 52 61 89 20 81 
62 6 22 50 71 28 33 2 93 43 5 60 47 56 85 1 48 80 84 1 96 34 10 53 64 58 89 89 85 10 74 95 
96 92 24 65 60 97 64 86 54 36 80 77 48 47 7 47 35 20 61 75 27 15 34 57 79 10 78 26 11 30 85 76 
75 20 75 78 6 35 26 6 22 60 85 57 13 99 56 29 56 70 79 67 10 4 11 5 80 62 3 36 83 32 13 94 
79 4 74 59 90 28 43 86 2 61 5 26 61 92 64 43 37 77 69 74 56 58 37 94 80 8 46 46 29 94 45 42 
48 22 16 60 50 52 2 24 97 42 70 7 4 3 62 15 37 73 91 95 66 15 29 14 97 8 90 33 50 12 70 86 
18 87 37 3 76 55 18 96 12 100 36 7 20 3 51 99 83 93 49 88 53 82 49 69 79 13 83 24 71 36 59 1 
20 98 10 79 43 51 7 99 46 3 70 70 42 78 59 24 8 66 73 82 91 28 65 31 43 3 19 67 70 77 65 45 
91 59 22 13 42 12 34 21 17 32 90 62 64 95 5 29 26 20 47 8 28 62 52 10 73 36 42 95 16 100 44 72 
23 60 27 61 24 4 39 73 70 64 2 9 28 8 64 97 54 38 87 19 8 60 5 94 58 57 11 61 62 2 56 50 
94 28 24 98 42 32 21 59 46 38 15 16 62 75 13 51 64 82 79 42 5 36 66 82 28 59 99 39 93 80 48 89 
95 1 66 31 46 29 12 57 30 65 23 65 14 25 51 11 19 49 53 87 19 61 70 25 24 59 45 69 24 42 50 20 
2 63 11 34 65 60 30 71 85 27 82 4 49 32 45 84 28 80 55 51 3 73 7 65 4 90 46 4 32 38 68 55 
76 95 69 29 46 2 67 29 25 57 44 6 24 46 69 51 12 46 10 64 9 79 43 80 62 22 1 65 98 77 95 12 
81 81 4 57 60 2 17 34 88 60 29 50 29 41 33 88 69 60 99 82 17 79 48 75 88 87 69 45 48 42 3 1 
51 87 52 36 2 80 44 32 44 37 89 57 63 42 28 5 71 29 45 55 95 78 5 66 26 17 91 2 3 32 28 19 
46 72 4 56 16 57 37 27 99 100 62 70 54 85 43 85 26 94 95 57 93 91 71 28 62 93 47 69 85 53 75 38 
26 34 94 33 73 60 17 94 12 18 16 66 83 18 76 80 60 6 82 15 37 64 53 10 27 87 60 54 61 16 24 44 
23 44 65 91 75 48 97 20 75 29 51 32 96 29 26 36 41 9 100 79 93 96 72 81 29 92 33 47 71 9 37 61 
58 2 1 32 38 89 73 30 52 72 19 72 11 9 90 99 32 93 83 27 89 82 5 4 2 23 87 98 27 55 41 20 
43 54 100 23 79 61 38 64 76 34 81 77 33 20 93 56 35 69 88 14 58 22 61 71 47 46 83 51 12 95 40 49 
25 97 94 88 33 42 88 99 15 25 18 73 5 90 13 23 82 85 34 16 85 86 99 2 79 66 39 40 28 7 78 97 
52 16 39 18 39 41 24 65 71 41 14 12 6 93 83 36 27 88 49 54 60 7 79 100 52 60 3 23 34 17 77 89 
23 72 80 88 25 45 50 37 56 49 95 23 83 22 10 29 97 6 89 33 89 44 26 81 69 9 17 29 57 53 45 49 
-1 -1 1 1 -1 -1 1 1 1 1 1 -1 1 -1 -1 -1 -1 1 -1 1 1 1 1 1 1 1 -1 -1 -1 -1 -1 -1 
-1 -1 -1 1 1 1 -1 -1 1 -1 1 -1 1 1 1 -1 1 1 -1 1 1 1 1 -1 -1 -1 -1 1 1 -1 1 -1 
1 -1 1 1 -1 -1 -1 -1 1 -1 1 -1 -1 1 1 -1 1 -1 1 1 -1 1 -1 -1 1 -1 -1 -1 1 -1 1 1 
1 1 1 1 -1 1 1 -1 -1 -1 -1 1 1 -1 1 1 -1 -1 1 -1 1 -1 -1 1 1 -1 -1 1 -1 1 1 -1 
-1 1 -1 -1 1 -1 -1 -1 1 -1 -1 -1 -1 -1 1 1 1 -1 -1 -1 1 1 -1 1 1 1 1 -1 1 1 -1 1 
-1 1 -1 1 -1 1 1 -1 -1 1 1 -1 -1 1 -1 1 -1 -1 -1 -1 1 -1 -1 -1 1 1 -1 1 -1 1 1 -1 
1 -1 -1 1 -1 1 1 -1 1 1 -1 1 -1 1 -1 1 1 -1 1 -1 1 1 1 1 -1 -1 -1 -1 -1 1 1 1 
1 -1 -1 -1 -1 -1 -1 1 -1 -1 -1 -1 -1 -1 1 1 -1 1 1 1 -1 1 -1 -1 -1 -1 -1 -1 1 -1 -1 -1 
1 1 1 -1 1 -1 1 -1 1 1 -1 1 -1 1 -1 -1 -1 -1 -1 1 -1 -1 -1 1 1 1 1 -1 1 1 1 -1 
1 -1 -1 -1 -1 1 1 -1 1 -1 1 1 1 1 1 1 -1 -1 1 1 -1 -1 -1 -1 1 -1 1 -1 1 1 1 -1 
1 1 1 -1 -1 1 -1 -1 -1 1 -1 -1 -1 -1 1 1 -1 1 -1 -1 -1 1 1 -1 1 -1 -1 -1 1 1 1 -1 
-1 -1 -1 1 -1 -1 1 -1 1 1 -1 -1 -1 -1 1 1 1 -1 -1 1 -1 1 1 1 1 -1 1 -1 1 -1 -1 -1 
1 1 -1 1 -1 -1 -1 -1 -1 1 -1 -1 -1 -1 -1 1 1 1 1 -1 -1 1 -1 1 -1 1 -1 1 1 1 -1 1 
-1 1 1 -1 -1 1 1 -1 1 1 -1 -1 -1 1 1 -1 1 1 -1 1 1 1 1 1 1 1 1 1 -1 -1 1 -1 
-1 1 1 1 1 -1 -1 1 -1 1 1 1 -1 1 -1 1 -1 1 -1 1 1 1 1 -1 1 1 1 1 1 1 1 -1 
-1 -1 -1 1 1 1 1 1 -1 1 1 1 1 -1 1 -1 1 1 1 -1 -1 -1 1 -1 1 1 1 1 -1 1 1 -1 
-1 1 1 -1 1 -1 1 -1 -1 -1 -1 1 1 1 -1 1 1 -1 1 -1 1 -1 -1 1 1 1 -1 1 1 -1 -1 -1 
1 1 -1 -1 -1 -1 -1 1 -1 -1 1 -1 1 1 1 1 -1 1 1 1 1 1 -1 1 1 1 -1 -1 -1 1 -1 -1 
-1 -1 1 1 -1 -1 1 1 -1 1 -1 -1 1 -1 -1 1 1 1 -1 -1 1 1 -1 -1 1 1 1 1 -1 -1 -1 -1 
1 1 1 -1 -1 -1 -1 1 1 1 -1 1 -1 1 1 -1 -1 1 -1 1 -1 -1 -1 1 1 -1 -1 1 1 -1 -1 1 
1 1 -1 1 1 1 1 -1 -1 -1 -1 -1 -1 1 1 -1 1 1 1 -1 1 1 -1 1 1 1 1 1 1 1 -1 1 
1 1 1 -1 1 -1 1 1 -1 -1 1 1 1 1 1 -1 -1 1 1 -1 1 1 -1 -1 -1 1 1 1 -1 -1 -1 1 
1 1 -1 -1 -1 -1 1 -1 -1 -1 1 1 -1 1 1 1 -1 -1 -1 -1 -1 -1 1 1 -1 -1 -1 1 1 1 -1 1 
1 -1 -1 1 1 -1 1 -1 1 -1 -1 1 1 1 -1 -1 1 1 -1 1 1 -1 1 1 -1 1 -1 -1 -1 -1 1 1 
1 -1 1 1 1 1 -1 -1 1 1 1 1 -1 1 1 1 1 1 1 1 1 -1 -1 -1 1 -1 -1 1 -1 1 1 1 
1 -1 -1 -1 1 1 -1 -1 1 -1 -1 -1 1 1 1 1 1 1 1 -1 1 1 -1 1 -1 1 -1 1 1 -1 1 1 
-1 -1 -1 -1 1 -1 -1 -1 1 1 -1 1 -1 1 1 1 -1 -1 1 -1 1 1 -1 -1 -1 -1 1 1 -1 1 -1 -1 
-1 1 -1 1 -1 1 -1 -1 -1 -1 -1 -1 1 1 1 1 1 -1 1 1 1 1 1 -1 1 1 1 1 -1 1 -1 1 
-1 1 1 -1 1 -1 -1 1 1 1 1 1 1 -1 1 -1 1 -1 -1 1 1 -1 1 -1 -1 1 -1 -1 1 -1 -1 1 
-1 -1 -1 1 1 1 1 -1 1 1 1 -1 1 -1 1 1 -1 1 -1 -1 1 -1 1 -1 1 -1 1 1 -1 1 1 -1 
-1 1 1 1 -1 1 1 -1 1 1 1 -1 -1 1 1 1 -1 -1 -1 -1 -1 -1 -1 1 1 1 -1 -1 -1 1 1 -1 
-1 -1 1 -1 1 -1 1 -1 -1 -1 -1 -1 1 -1 -1 -1 -1 -1 -1 1 1 1 1 1 1 1 -1 1 1 -1 -1 -1 