64
93 32 23 27 37 48 80 8 34 9 5 8 99 71 24 35 14 81 31 85 38 56 71 75 85 59 1 18 52 10 2 4 84 18 29 53 58 23 54 58 99 90 57 86 8 94 12 64 91 16 46 33 21 32 20 36 68 90 39 43 26 13 22 55 
78 91 84 18 55 57 31 97 94 20 69 48 52 22 27 72 58 7 45 95 8 26 70 69 73 67 87 81 15 91 85 54 36 85 17 60 75 5 83 80 97 83 75 35 26 100 11 74 23 16 65 58 37 20 62 20 62 99 75 90 14 42 6 51 
53 29 76 25 23 84 93 52 5 40 97 56 24 50 95 31 30 37 60 86 5 7 11 42 20 34 7 6 84 67 71 28 5 25 3 85 56 81 68 5 54 91 14 43 21 63 91 74 62 86 41 32 16 30 58 8 83 58 60 18 57 9 63 7 
73 52 79 74 36 6 13 94 92 35 30 71 98 66 66 69 21 85 30 48 88 3 51 7 53 55 71 70 70 20 73 5 69 50 29 53 91 89 56 20 94 1 52 4 92 22 7 77 40 81 37 93 19 20 21 57 27 14 39 7 88 7 29 82 
28 99 58 83 12 66 57 73 29 7 26 23 41 13 42 3 69 46 46 52 69 40 14 54 94 29 91 73 47 23 58 46 58 41 60 100 93 72 21 3 16 71 73 13 68 32 75 32 89 77 7 56 9 57 26 63 27 52 10 95 92 28 15 84 
96 69 96 16 6 26 19 21 7 47 17 19 55 95 23 21 45 80 36 3 91 100 82 17 10 59 49 46 63 26 34 70 15 79 57 57 92 79 60 99 93 2 57 67 87 15 40 44 87 86 21 79 78 16 52 85 6 11 64 79 14 86 45 43 
88 87 22 79 62 86 40 71 15 24 92 51 58 4 32 83 32 65 52 30 93 5 98 27 96 84 75 11 10 45 34 90 72 85 24 29 27 70 81 20 79 35 94 52 43 21 4 81 70 50 65 17 11 85 29 24 50 94 36 35 26 3 51 80 
38 95 32 65 11 81 100 31 81 77 10 35 36 98 21 71 10 41 45 27 34 39 1 61 89 71 64 3 97 77 33 95 59 33 79 82 99 12 15 6 35 68 23 26 75 54 4 56 97 63 50 65 57 43 55 57 4 20 16 30 9 81 48 26 
44 58 4 70 31 90 12 14 18 36 23 47 43 22 41 31 56 18 34 23 50 52 82 56 100 92 4 45 42 8 77 96 49 54 47 95 70 73 34 13 62 55 89 11 16 75 96 55 65 14 96 25 97 6 68 46 38 34 22 71 94 4 2 42 
6 71 29 8 68 53 22 38 69 86 52 84 35 3 71 92 20 81 11 98 96 75 57 13 36 60 4 23 84 57 92 90 38 15 66 60 64 26 46 47 87 11 47 20 65 41 29 69 28 58 68 74 95 66 77 66 85 37 23 40 51 76 22 32 
52 82 60 71 23 80 59 78 54 64 17 87 22 96 14 3 74 92 33 71 93 51 29 43 27 16 2 93 84 25 7 52 63 94 3 98 69 8 11 90 20 26 35 77 76 78 67 37 57 52 72 34 71 49 73 22 58 30 6 54 46 5 58 90 
89 36 35 29 7 93 4 5 10 66 44 47 49 64 53 20 81 82 86 89 65 23 8 57 52 81 42 21 43 65 68 77 59 80 73 30 13 96 74 93 69 56 13 24 69 97 1 73 70 50 53 49 72 5 48 27 66 45 63 84 48 31 67 99 
74 24 21 100 80 41 71 47 11 63 46 1 74 89 26 60 62 58 92 48 99 3 73 81 26 51 15 28 65 42 95 95 65 58 86 66 36 48 18 12 21 66 24 90 37 63 28 11 11 63 62 86 68 42 47 40 58 2 78 27 82 53 30 39 
72 72 54 47 36 1 6 7 32 23 22 45 31 32 14 32 28 94 33 54 74 36 58 60 14 2 89 88 98 66 98 16 94 7 87 28 85 39 45 81 58 94 96 74 43 63 79 41 69 5 11 11 52 31 50 83 26 1 20 12 12 17 8 34 
19 10 30 78 38 70 72 31 32 7 72 5 44 94 23 61 73 91 26 7 82 66 92 30 99 80 53 75 100 5 60 65 40 59 86 23 94 16 12 28 54 98 80 25 40 70 43 13 96 10 80 61 54 83 6 60 86 2 21 71 74 76 4 42 
8 46 65 25 21 49 80 74 50 59 32 27 77 39 27 41 5 52 55 19 80 8 32 31 98 92 51 70 19 95 68 76 11 72 71 30 89 75 39 61 33 82 18 24 54 44 68 56 65 51 49 13 44 86 98 71 84 71 9 71 13 88 6 7 
58 58 9 65 18 67 20 2 33 94 66 61 78 55 100 43 87 28 99 5 72 16 41 50 68 66 79 20 37 55 95 41 51 27 25 47 55 71 26 80 59 46 8 98 73 59 89 7 49 50 32 17 38 98 88 23 99 9 69 44 97 15 13 96 
36 71 34 20 74 16 21 51 84 50 100 35 12 24 37 48 53 3 16 36 93 35 43 78 91 54 97 21 18 56 77 69 32 7 22 67 47 30 48 64 77 86 62 2 73 88 34 52 26 81 2 56 51 65 10 39 42 37 13 95 41 38 14 51 
2 38 92 69 94 68 12 76 50 71 61 96 92 10 32 48 62 90 89 7 56 6 40 26 63 40 40 89 58 33 57 57 42 37 93 84 72 11 24 20 99 11 48 40 72 51 48 95 29 7 62 33 68 69 35 4 46 32 83 82 97 82 78 57 
61 79 99 37 59 14 100 22 74 70 40 71 27 75 44 34 12 79 27 99 26 11 6 58 99 56 73 11 99 60 62 9 26 16 35 16 99 83 30 57 93 55 7 2 84 49 100 57 57 81 73 100 42 30 53 79 81 70 78 25 90 11 54 98 
62 21 7 89 29 65 41 55 6 93 75 62 25 95 75 81 66 95 53 100 96 19 52 6 30 79 51 95 16 70 22 25 77 46 72 11 15 61 11 9 86 60 23 11 45 69 67 85 93 53 70 94 33 24 55 49 55 39 63 32 4 79 25 71 
83 55 37 9 58 52 23 68 16 94 75 55 87 22 60 82 30 64 60 18 40 88 17 93 57 39 72 23 61 11 25 53 53 54 25 49 74 30 54 13 13 23 57 97 32 49 22 2 50 40 59 28 49 8 43 44 59 70 20 62 23 86 82 75 
19 54 77 67 48 17 53 92 56 55 38 60 45 99 95 74 5 61 29 45 9 40 2 93 26 77 63 91 88 96 52 45 4 75 66 63 78 57 87 88 4 73 7 30 93 74 1 6 28 75 5 18 78 87 45 7 92 13 7 88 26 3 61 62 
31 27 52 4 67 90 93 31 56 86 50 22 87 3 71 97 72 75 11 75 25 66 41 19 59 5 36 94 36 76 25 90 78 71 29 89 10 62 55 40 24 52 36 15 50 98 29 83 74 66 86 24 31 67 8 47 97 50 20 89 3 85 82 61 
26 97 56 12 81 16 38 92 51 93 44 85 72 23 73 15 94 71 68 37 79 99 65 4 3 90 15 95 42 87 71 93 56 94 44 36 31 72 63 40 80 92 2 12 4 3 92 6 76 11 60 94 78 84 40 13 30 4 39 76 60 99 62 71 
35 85 1 5 22 39 81 1 68 62 50 46 4 70 42 87 42 99 41 7 40 87 19 24 2 36 59 21 89 66 49 65 65 36 62 87 28 69 6 47 15 63 85 85 48 39 52 39 25 36 24 35 91 17 32 55 70 29 80 57 21 42 52 90 
36 36 41 89 48 17 57 26 54 60 10 29 78 8 46 7 22 18 96 13 12 67 1 83 36 2 23 14 47 4 11 6 93 41 34 26 83 73 94 84 56 69 80 16 56 91 62 4 85 74 12 61 29 23 82 23 73 7 33 73 61 5 43 40 
17 67 86 59 43 69 23 56 45 56 16 31 34 45 63 89 68 33 28 76 42 53 28 88 1 32 43 9 14 60 64 66 49 13 12 64 75 94 13 64 20 69 32 93 6 34 12 28 17 81 27 58 18 6 55 27 83 21 13 13 42 43 55 45 
77 52 52 17 91 28 60 70 15 27 70 55 89 97 50 72 71 27 71 25 87 14 51 76 15 81 40 66 78 28 45 24 20 21 49 33 49 100 83 4 68 34 34 82 6 88 87 35 66 100 48 58 29 4 87 63 9 41 28 3 43 18 30 83 
13 72 89 66 6 29 49 71 54 46 31 22 87 78 16 81 19 93 67 90 24 20 24 45 14 12 31 66 72 35 35 32 10 42 85 76 7 14 40 27 90 89 33 58 20 29 67 9 14 14 89 21 88 8 56 79 9 72 9 54 38 55 26 75 
66 71 58 87 87 82 91 35 55 51 98 31 70 53 75 53 37 14 46 82 81 24 40 60 75 34 48 33 76 79 100 17 15 30 11 58 78 8 86 83 62 58 91 92 15 24 99 35 91 40 77 83 39 80 51 36 93 30 32 43 76 46 34 93 
18 2 57 40 33 17 77 52 20 90 14 49 97 2 90 100 62 4 33 74 66 95 61 9 87 98 79 12 91 54 93 9 58 64 16 1 47 70 28 50 36 97 27 85 27 88 32 24 34 53 9 60 42 22 7 76 94 85 15 91 31 35 76 8 
66 17 16 9 23 67 12 56 29 40 21 61 27 73 14 44 27 5 14 12 28 50 86 95 6 59 31 7 76 5 74 19 35 8 9 97 72 98 4 55 41 31 37 17 62 54 29 82 94 49 8 32 93 22 18 1 19 27 34 10 93 90 57 40 
35 28 15 59 62 26 81 35 63 10 96 35 35 33 38 20 58 5 26 40 63 95 43 2 45 47 4 5 80 5 40 70 30 84 65 44 35 38 56 45 65 53 67 87 6 91 98 41 79 14 29 1 44 1 65 4 50 100 85 13 25 83 30 33 
9 27 46 74 89 46 88 28 38 69 70 63 34 92 46 65 52 5 48 53 83 37 30 87 10 40 69 5 67 91 32 14 32 51 47 70 54 26 92 67 50 46 12 14 80 2 46 16 90 27 61 98 37 57 17 99 34 56 56 74 36 86 78 10 
91 59 39 32 15 50 90 49 11 41 77 97 59 69 6 33 80 8 35 3 19 65 31 95 54 79 64 72 3 16 24 48 100 85 31 20 91 91 56 14 20 51 90 18 2 54 69 46 38 100 15 53 24 50 4 54 60 95 72 90 2 14 77 74 
85 57 97 73 45 48 30 80 13 64 87 58 84 39 65 63 37 84 31 15 27 73 51 61 55 60 79 66 33 90 65 4 51 77 56 68 31 29 78 59 3 38 46 79 58 100 59 85 48 58 94 39 33 72 45 93 93 2 13 82 95 72 15 55 
60 73 20 86 92 17 46 41 50 80 72 99 24 89 28 20 44 68 82 12 61 69 25 77 60 72 75 95 96 26 42 41 19 76 14 41 11 85 26 83 13 93 95 50 19 5 50 36 53 26 52 90 33 88 51 34 2 45 6 22 11 55 88 52 
82 79 52 57 25 8 72 29 49 70 82 51 2 81 66 92 19 76 98 3 88 60 28 22 61 43 13 64 89 83 72 44 35 84 71 89 63 55 16 69 12 47 65 94 40 21 3 10 52 68 23 71 92 30 27 50 23 63 71 48 73 33 11 48 
96 31 12 23 72 14 47 18 61 22 88 62 33 41 62 35 91 9 82 27 35 61 39 35 58 37 89 8 34 83 95 61 52 83 9 64 2 7 77 69 2 50 69 55 99 48 99 72 77 10 88 1 31 85 83 71 44 13 27 43 84 17 87 18 
88 33 59 67 14 1 3 95 80 34 16 25 93 7 36 73 71 65 97 76 93 72 25 22 36 30 81 15 99 91 26 29 90 10 100 98 52 12 69 92 60 43 87 57 4 71 81 39 77 8 32 93 2 92 43 19 98 62 54 50 66 89 1 31 
47 8 58 65 67 57 35 44 20 20 43 39 52 43 1 77 76 64 59 74 31 46 65 55 61 9 44 49 91 14 1 13 76 80 85 75 83 22 94 90 83 87 39 42 76 96 60 59 75 3 92 79 8 31 39 98 85 13 88 55 62 24 60 77 
61 93 18 71 73 17 61 30 24 68 78 79 30 24 28 34 47 29 74 90 18 14 8 40 26 78 39 82 22 55 20 28 7 36 45 7 7 55 16 13 64 35 5 16 32 82 22 71 70 55 49 41 58 69 17 46 19 45 41 32 13 57 19 24 
48 51 37 99 98 40 5 30 13 86 28 23 27 77 56 85 42 7 48 92 49 25 37 34 63 89 69 8 69 1 60 41 7 53 29 32 98 84 24 34 63 89 92 5 82 23 61 2 16 70 29 34 95 95 12 40 27 31 14 96 85 94 11 77 
98 13 86 96 63 79 27 72 40 71 91 27 65 29 90 32 31 23 73 5 2 30 32 92 78 68 30 98 50 92 42 62 96 63 97 21 56 95 70 8 46 49 45 79 3 81 58 23 79 31 54 98 60 44 19 82 2 12 34 56 14 58 81 34 
74 61 93 98 70 99 24 2 46 10 49 84 34 91 62 98 9 11 12 90 79 61 5 40 20 76 61 52 29 5 2 27 21 96 73 84 43 53 67 76 100 72 62 12 13 15 97 43 82 27 77 38 85 80 52 17 26 56 13 1 19 97 4 48 
44 100 57 26 30 86 50 88 59 8 29 68 15 58 12 40 79 97 2 80 88 26 5 72 81 78 87 62 15 63 61 16 19 39 53 41 3 42 22 25 73 100 77 23 16 84 63 34 90 2 15 72 56 4 73 97 21 4 40 64 89 95 18 44 
3 90 10 62 6 52 51 31 45 8 45 98 14 89 6 22 85 90 91 73 82 95 27 39 76 60 41 40 60 55 26 74 36 73 7 16 96 71 77 14 93 75 75 10 60 75 49 30 32 83 87 17 5 53 100 46 5 34 2 93 14 100 99 33 
71 65 96 35 38 99 14 85 28 96 45 76 24 27 92 60 22 59 86 13 94 69 94 43 98 22 60 7 44 89 45 86 44 32 66 45 14 69 87 48 40 6 53 91 55 45 44 33 58 15 12 71 7 39 69 88 92 94 72 21 59 72 100 89 
25 22 78 66 57 62 55 2 66 74 33 54 84 54 66 43 37 69 82 78 56 98 97 33 80 26 6 30 51 92 92 4 96 46 29 36 66 20 41 19 33 71 81 21 8 54 39 64 50 88 60 65 76 75 33 35 86 3 53 4 2 50 11 18 
73 94 73 68 60 70 55 32 100 59 49 4 58 62 27 87 50 44 61 14 70 7 16 48 18 46 59 62 83 50 86 76 87 60 32 93 50 15 96 83 36 71 67 46 44 8 53 2 68 16 24 86 56 66 27 9 8 33 59 6 33 64 86 84 
21 14 10 47 1 70 100 35 40 58 53 32 74 80 79 48 74 90 53 85 1 18 85 92 62 71 89 8 46 35 30 77 61 44 50 40 56 89 19 59 11 52 65 69 78 37 95 59 86 74 57 56 89 41 64 9 100 50 15 87 30 31 44 66 
9 64 100 38 41 46 28 97 93 52 55 100 95 61 20 15 3 68 47 19 7 91 44 36 20 100 68 75 96 20 73 54 28 96 74 3 53 97 96 30 7 30 79 10 95 34 57 29 69 28 67 99 44 7 4 14 66 13 24 56 97 67 92 70 
72 16 45 18 50 12 24 93 52 21 47 45 70 100 57 2 11 78 10 73 98 84 28 33 70 99 89 36 97 90 73 97 98 40 27 78 4 40 42 51 64 63 51 48 79 9 67 32 84 42 69 68 57 18 100 52 28 11 44 94 71 17 71 54 
11 40 15 64 66 32 28 78 19 62 20 64 64 48 12 65 87 74 6 50 54 24 16 91 21 77 83 30 42 31 2 87 44 99 50 38 6 1 65 81 60 48 47 16 50 98 75 33 64 39 90 100 45 32 85 42 57 49 72 11 29 14 47 79 
35 31 19 31 33 23 37 45 37 92 24 94 19 67 2 13 12 13 36 70 18 84 88 41 91 92 3 53 53 20 53 51 44 15 55 2 92 29 42 5 20 96 24 43 5 42 97 72 7 47 45 38 75 96 81 24 35 63 34 40 93 72 48 17 
44 85 16 17 33 62 52 81 60 98 53 55 5 89 8 20 26 39 81 76 49 58 77 80 26 90 16 79 87 29 82 79 41 36 16 35 8 99 76 91 82 21 48 60 96 62 86 51 41 9 46 40 100 13 92 62 41 54 12 32 58 31 66 94 
31 4 47 13 33 79 42 17 91 87 40 76 11 38 13 77 28 54 80 4 9 60 54 85 99 20 41 87 20 29 39 55 60 58 81 30 94 47 48 3 18 89 57 14 42 18 83 43 69 65 2 45 79 1 9 42 8 69 29 7 90 35 85 89 
54 23 86 62 79 78 21 61 14 4 24 21 76 37 86 66 83 86 41 83 55 1 5 53 39 31 80 80 4 19 39 2 19 52 82 35 64 58 99 53 10 9 52 17 60 42 32 11 89 41 82 44 82 95 3 45 64 40 48 33 27 33 40 1 
40 100 69 17 67 23 12 31 58 64 84 86 63 12 10 93 57 65 59 5 7 42 51 92 28 62 82 25 58 20 3 20 52 48 74 40 70 1 58 17 58 57 16 66 88 63 22 97 16 51 23 22 39 46 95 76 18 69 57 25 51 69 87 69 
53 15 43 8 87 38 53 61 25 48 96 57 17 29 48 29 80 95 42 30 59 100 94 70 98 60 45 78 35 3 2 13 81 51 8 90 70 62 31 91 28 67 9 37 84 11 8 63 68 21 58 59 9 90 30 76 29 83 33 38 34 49 5 99 
49 20 22 44 79 79 76 3 2 14 1 45 38 9 48 59 94 58 33 23 36 17 63 89 35 71 73 19 59 32 61 88 13 62 88 29 68 16 86 65 15 83 66 77 53 9 34 81 11 48 98 56 5 39 65 96 86 90 41 91 50 30 99 17 
4 65 64 56 83 73 33 72 48 90 7 14 90 93 46 86 2 33 99 33 96 69 100 13 67 13 47 76 7 62 66 40 53 73 7 5 40 14 73 97 68 17 40 65 5 89 73 87 47 83 79 52 69 32 24 25 86 62 17 92 36 79 1 88 
94 54 99 21 86 39 34 85 32 29 50 15 10 79 88 47 54 100 61 94 4 91 48 19 65 70 94 62 11 19 3 91 72 92 54 97 35 60 50 69 72 89 85 25 59 94 19 65 72 40 15 38 38 34 90 7 1 53 56 53 36 35 61 18 
-1 1 -1 1 1 -1 -1 1 1 -1 1 -1 1 1 -1 1 1 1 -1 1 1 -1 1 1 -1 -1 1 -1 1 1 -1 -1 1 1 -1 -1 -1 1 1 -1 -1 -1 -1 1 -1 -1 1 1 1 1 -1 1 1 1 -1 -1 -1 1 1 1 1 -1 -1 1 
1 1 -1 1 1 1 1 -1 -1 -1 1 1 -1 -1 1 -1 1 -1 1 -1 -1 -1 -1 -1 -1 -1 -1 1 -1 1 1 -1 -1 -1 -1 1 1 1 1 1 1 -1 1 -1 1 -1 1 -1 1 -1 -1 -1 1 1 -1 1 1 -1 -1 -1 -1 1 -1 -1 
-1 -1 1 -1 -1 1 1 1 1 -1 1 1 -1 1 -1 1 -1 1 -1 1 1 1 1 1 -1 -1 1 -1 1 -1 1 -1 1 1 1 1 1 -1 1 -1 1 -1 -1 1 1 -1 -1 -1 -1 -1 -1 1 -1 1 -1 -1 1 1 1 -1 1 -1 -1 1 
1 1 -1 -1 -1 1 -1 -1 -1 1 -1 -1 1 1 1 -1 -1 -1 -1 -1 1 1 -1 1 -1 1 1 1 -1 1 -1 -1 -1 -1 -1 -1 -1 -1 1 1 1 1 -1 1 -1 -1 -1 -1 1 -1 -1 -1 -1 1 1 -1 1 -1 1 -1 1 1 1 1 
1 1 -1 -1 -1 1 1 -1 -1 1 -1 -1 -1 -1 -1 1 1 1 -1 1 1 1 1 1 1 1 1 -1 -1 -1 1 -1 -1 1 -1 1 1 1 -1 -1 1 1 -1 1 1 1 -1 1 -1 -1 -1 -1 -1 1 -1 -1 1 1 1 -1 -1 -1 1 -1 
-1 1 1 1 1 1 -1 1 -1 -1 -1 -1 1 -1 -1 1 -1 1 1 1 1 1 1 1 -1 -1 1 1 -1 1 1 1 1 1 1 -1 -1 1 1 1 1 1 1 -1 -1 1 -1 1 1 1 1 -1 1 1 1 1 1 1 -1 -1 1 -1 1 -1 
-1 1 1 -1 1 -1 1 -1 1 -1 -1 -1 -1 1 1 -1 -1 1 -1 1 1 -1 -1 -1 1 -1 1 1 1 1 -1 -1 1 -1 1 1 -1 -1 -1 1 1 -1 -1 1 1 -1 -1 -1 -1 -1 1 1 -1 1 1 1 -1 1 1 1 1 -1 -1 -1 
1 -1 1 -1 -1 1 -1 -1 1 -1 1 -1 1 1 1 1 -1 -1 -1 1 -1 -1 -1 1 1 -1 -1 -1 -1 1 1 -1 -1 1 -1 1 1 -1 1 -1 1 -1 1 -1 -1 1 1 -1 1 -1 1 -1 1 1 1 -1 -1 -1 1 1 -1 1 -1 1 
1 -1 1 -1 -1 -1 1 1 -1 1 1 1 1 -1 1 -1 1 -1 -1 1 1 -1 -1 -1 -1 -1 1 -1 1 -1 1 1 -1 -1 1 1 -1 1 -1 -1 1 1 1 1 1 1 -1 1 -1 -1 1 -1 1 1 1 1 -1 1 1 1 -1 1 -1 1 
-1 -1 -1 1 1 -1 -1 -1 1 1 1 -1 -1 1 -1 -1 -1 -1 1 -1 1 -1 1 -1 1 -1 1 -1 -1 1 -1 -1 -1 1 1 1 -1 -1 -1 -1 -1 1 1 -1 -1 1 1 1 1 1 1 -1 1 -1 -1 1 -1 1 1 1 -1 1 1 -1 
1 1 1 -1 -1 -1 -1 1 1 1 -1 -1 1 1 -1 1 1 -1 -1 1 1 -1 -1 -1 1 -1 1 -1 -1 -1 -1 1 1 1 -1 -1 -1 -1 1 -1 -1 1 -1 1 1 1 -1 1 1 1 1 1 1 -1 -1 -1 -1 1 1 1 -1 -1 -1 -1 
-1 1 1 -1 -1 -1 -1 -1 1 -1 -1 -1 -1 1 -1 -1 -1 1 1 1 1 1 -1 -1 1 -1 1 -1 1 -1 1 1 1 -1 1 1 -1 -1 1 1 1 -1 -1 1 1 -1 -1 -1 1 1 1 1 1 1 1 -1 1 1 1 -1 -1 -1 1 1 
1 -1 -1 1 -1 1 -1 1 1 -1 1 -1 -1 -1 1 1 1 1 -1 -1 1 1 1 -1 -1 -1 -1 -1 1 1 1 -1 1 1 1 -1 -1 1 -1 -1 1 1 -1 -1 -1 1 -1 -1 1 -1 1 1 -1 1 1 -1 -1 -1 1 -1 1 1 -1 -1 
1 -1 1 1 -1 -1 1 1 -1 1 1 1 -1 -1 -1 -1 -1 -1 -1 -1 1 -1 -1 1 -1 1 -1 1 1 -1 -1 1 1 -1 1 -1 1 -1 1 -1 1 -1 1 1 -1 1 -1 1 1 -1 1 1 -1 1 -1 1 1 -1 1 -1 -1 -1 -1 -1 
-1 1 -1 1 -1 -1 1 1 1 -1 -1 -1 1 -1 -1 1 1 -1 -1 -1 1 -1 -1 -1 1 1 1 -1 1 -1 -1 -1 -1 1 1 -1 -1 1 1 -1 1 -1 -1 -1 1 -1 -1 1 -1 1 -1 -1 1 -1 1 -1 1 1 1 1 1 1 1 -1 
1 -1 1 -1 1 1 -1 1 -1 -1 1 -1 1 -1 1 1 1 -1 1 -1 -1 1 1 -1 -1 -1 1 -1 -1 1 1 1 1 -1 -1 -1 -1 1 1 -1 -1 1 -1 -1 1 1 -1 -1 1 1 1 -1 -1 -1 -1 -1 -1 1 -1 1 -1 -1 -1 1 
1 1 -1 -1 1 -1 -1 -1 1 -1 1 -1 1 -1 1 1 -1 -1 1 -1 1 1 -1 1 -1 -1 -1 -1 -1 -1 1 1 1 -1 1 -1 -1 1 1 1 -1 -1 1 -1 -1 1 -1 1 -1 -1 -1 1 1 1 1 -1 1 -1 1 -1 1 1 -1 -1 
1 -1 1 -1 1 1 1 -1 -1 -1 -1 1 1 -1 -1 -1 -1 1 -1 -1 -1 1 -1 -1 -1 1 -1 -1 -1 -1 -1 -1 1 1 1 1 1 1 -1 -1 1 1 -1 -1 1 1 1 -1 1 1 -1 1 -1 -1 1 1 -1 -1 1 -1 1 1 1 1 
-1 1 -1 -1 -1 1 -1 -1 -1 1 -1 1 -1 -1 -1 1 1 -1 -1 1 -1 -1 -1 1 1 -1 1 -1 1 -1 -1 -1 -1 1 1 -1 -1 1 1 -1 -1 -1 -1 1 1 -1 -1 1 -1 1 1 -1 1 -1 1 -1 1 -1 1 -1 1 -1 -1 1 
1 -1 1 -1 1 1 1 1 1 -1 1 1 -1 -1 -1 -1 -1 -1 1 -1 -1 -1 1 1 -1 -1 1 1 -1 -1 1 1 -1 -1 -1 1 1 1 -1 1 1 -1 1 1 1 -1 1 1 -1 -1 -1 -1 1 -1 -1 1 -1 1 -1 1 1 -1 -1 -1 
1 -1 1 1 1 1 1 -1 1 1 1 1 1 1 1 -1 1 -1 -1 -1 1 1 1 1 -1 -1 -1 1 1 1 1 -1 1 -1 1 -1 -1 1 1 1 -1 1 -1 1 1 1 1 1 -1 -1 -1 1 -1 1 -1 1 -1 -1 -1 -1 1 1 -1 1 
-1 -1 1 1 1 1 -1 -1 -1 -1 -1 1 1 -1 -1 1 1 1 -1 -1 1 -1 1 -1 -1 1 1 1 -1 -1 -1 -1 -1 1 -1 1 1 1 1 1 -1 -1 -1 1 1 -1 -1 1 1 -1 -1 -1 1 1 -1 1 1 -1 -1 -1 1 1 1 1 
1 -1 1 -1 1 1 -1 -1 -1 1 -1 -1 1 -1 -1 1 -1 -1 -1 1 1 1 -1 -1 1 -1 -1 -1 1 -1 -1 -1 -1 1 -1 1 -1 -1 1 -1 -1 1 -1 -1 1 1 1 -1 1 -1 1 1 -1 -1 1 1 -1 -1 -1 -1 1 -1 1 -1 
1 -1 1 1 1 1 -1 1 -1 -1 -1 -1 -1 1 -1 -1 1 -1 1 1 1 -1 -1 -1 1 1 -1 1 1 -1 1 1 1 1 -1 1 -1 -1 -1 -1 -1 1 -1 1 -1 -1 1 -1 -1 1 1 -1 -1 -1 -1 -1 1 -1 -1 1 -1 1 1 -1 
-1 -1 -1 -1 1 -1 1 1 -1 1 1 1 -1 -1 1 -1 -1 -1 1 -1 -1 -1 1 1 -1 1 1 1 1 -1 1 -1 -1 1 -1 1 -1 -1 -1 -1 1 1 1 1 1 -1 1 1 1 1 1 -1 1 -1 1 -1 1 -1 -1 -1 -1 -1 -1 1 
-1 -1 -1 1 1 -1 -1 -1 -1 -1 -1 -1 -1 1 1 -1 -1 1 -1 -1 -1 1 -1 1 1 -1 -1 1 1 -1 1 -1 1 -1 -1 1 -1 1 -1 1 1 1 -1 1 1 1 -1 -1 1 -1 1 -1 1 -1 1 1 1 -1 -1 1 -1 -1 -1 -1 
1 -1 1 1 1 1 1 -1 1 1 1 1 -1 -1 1 1 -1 -1 1 1 -1 1 -1 -1 1 -1 -1 -1 1 1 -1 -1 -1 -1 1 1 1 -1 -1 -1 -1 1 -1 1 -1 1 -1 -1 -1 -1 1 -1 1 -1 -1 -1 1 -1 1 1 -1 -1 -1 -1 
-1 1 -1 1 -1 1 1 -1 -1 -1 -1 -1 -1 1 -1 -1 -1 -1 -1 1 1 1 -1 1 1 1 -1 1 -1 1 1 1 1 -1 -1 -1 -1 -1 -1 1 1 1 1 1 1 1 -1 1 1 -1 1 -1 -1 -1 -1 1 1 -1 -1 -1 1 -1 -1 -1 
1 -1 1 -1 -1 -1 1 -1 1 -1 -1 1 1 1 1 -1 -1 -1 1 -1 1 -1 1 1 1 1 1 -1 1 -1 -1 1 1 -1 -1 -1 -1 -1 1 1 1 1 -1 -1 -1 -1 -1 1 -1 -1 1 -1 1 1 -1 -1 1 -1 1 1 1 1 1 1 
1 1 -1 1 -1 1 1 1 -1 1 -1 -1 1 -1 -1 1 -1 -1 -1 -1 1 -1 -1 -1 -1 -1 1 1 -1 -1 -1 1 -1 1 1 -1 -1 1 -1 1 1 1 1 -1 -1 -1 -1 1 -1 -1 -1 -1 -1 -1 1 -1 1 1 -1 -1 1 1 1 1 
-1 1 1 -1 1 1 -1 1 1 -1 -1 1 1 -1 -1 1 1 -1 -1 1 1 -1 -1 1 1 1 -1 1 -1 -1 -1 1 -1 -1 1 -1 -1 -1 1 -1 -1 -1 1 1 1 1 1 1 1 1 1 1 1 1 1 1 -1 1 1 1 -1 1 -1 -1 
-1 -1 -1 -1 -1 1 -1 -1 1 -1 1 1 -1 1 -1 1 1 -1 -1 1 -1 -1 -1 1 -1 -1 -1 1 1 1 1 -1 -1 -1 -1 -1 -1 1 1 -1 -1 -1 -1 -1 -1 -1 -1 1 1 1 -1 1 -1 1 1 -1 1 1 -1 -1 1 1 -1 1 
1 -1 1 -1 -1 1 1 -1 -1 -1 1 1 1 1 -1 1 1 1 -1 -1 1 -1 -1 1 -1 1 -1 1 1 -1 -1 -1 1 1 1 1 1 1 -1 -1 1 -1 1 1 1 -1 1 -1 -1 1 -1 -1 1 -1 1 -1 -1 1 -1 1 -1 -1 -1 1 
1 -1 1 -1 1 1 -1 1 -1 1 1 -1 1 -1 1 -1 -1 1 1 -1 -1 1 1 1 1 -1 -1 -1 -1 1 -1 -1 1 1 1 1 -1 1 1 1 -1 -1 -1 -1 1 1 1 1 -1 -1 -1 -1 -1 -1 1 1 1 -1 1 -1 1 1 1 -1 
-1 -1 1 -1 -1 1 1 -1 1 1 -1 1 1 1 1 -1 1 1 1 -1 1 -1 -1 -1 -1 -1 1 -1 -1 1 1 -1 1 1 1 1 -1 1 -1 1 1 -1 -1 1 1 -1 1 -1 1 1 1 1 -1 -1 -1 -1 1 -1 1 1 1 -1 1 1 
-1 1 1 -1 1 -1 1 1 1 1 -1 1 -1 -1 -1 -1 -1 1 -1 1 -1 1 1 1 1 1 1 -1 -1 -1 -1 -1 1 1 1 -1 1 1 1 -1 -1 1 1 -1 -1 1 1 -1 -1 -1 -1 1 -1 1 -1 1 -1 -1 1 -1 -1 -1 -1 1 
-1 1 1 -1 1 -1 -1 1 -1 -1 -1 -1 -1 1 -1 -1 -1 1 -1 1 -1 1 -1 -1 -1 -1 1 -1 -1 -1 -1 -1 1 -1 -1 1 -1 -1 1 1 1 -1 1 1 -1 1 -1 -1 -1 1 1 -1 1 -1 -1 -1 1 1 1 1 1 1 -1 -1 
1 1 -1 -1 1 1 -1 -1 1 -1 -1 -1 1 -1 1 1 1 1 1 1 1 1 -1 -1 -1 1 -1 -1 -1 1 -1 1 1 1 1 1 -1 -1 -1 -1 1 1 1 -1 -1 -1 -1 -1 1 -1 -1 -1 1 1 1 1 1 -1 -1 -1 -1 1 -1 1 
1 1 1 1 -1 1 -1 1 -1 -1 1 1 -1 1 1 1 1 -1 1 -1 1 1 1 -1 -1 -1 -1 -1 1 -1 1 1 -1 1 -1 1 1 -1 1 1 -1 -1 -1 -1 -1 -1 -1 -1 -1 1 -1 -1 1 -1 -1 -1 1 1 -1 1 -1 1 -1 1 
-1 1 -1 1 -1 1 1 -1 -1 -1 -1 1 -1 -1 -1 -1 1 -1 -1 1 1 1 -1 -1 -1 1 -1 1 1 1 -1 -1 -1 1 1 -1 1 -1 1 1 -1 -1 1 -1 -1 -1 -1 1 -1 1 -1 -1 1 1 1 -1 -1 -1 -1 -1 -1 -1 1 1 
-1 1 1 1 1 1 1 1 1 -1 -1 1 1 1 1 -1 -1 1 -1 1 -1 -1 -1 -1 1 1 -1 1 1 1 -1 -1 1 -1 1 -1 1 1 -1 -1 1 1 -1 1 1 1 1 -1 1 -1 -1 -1 1 1 1 -1 -1 -1 -1 -1 -1 -1 1 1 
-1 -1 -1 1 1 1 -1 -1 1 1 1 -1 1 -1 -1 1 -1 1 -1 -1 1 -1 1 1 1 1 1 1 1 1 -1 -1 -1 -1 -1 1 -1 1 -1 -1 1 -1 -1 1 -1 -1 -1 -1 1 -1 1 -1 -1 1 1 1 1 1 1 -1 1 -1 1 -1 
-1 1 -1 -1 -1 1 -1 1 1 1 -1 -1 -1 1 -1 -1 1 -1 -1 1 -1 -1 -1 -1 1 -1 -1 1 -1 1 1 -1 1 -1 -1 1 1 1 -1 1 -1 -1 1 -1 1 -1 -1 1 -1 1 -1 1 -1 -1 -1 -1 1 -1 1 1 1 1 1 1 
1 -1 1 1 1 -1 1 -1 1 -1 1 1 -1 1 -1 -1 -1 -1 1 1 1 1 -1 1 1 1 1 1 -1 -1 1 -1 1 -1 1 -1 1 -1 -1 -1 1 1 -1 -1 -1 -1 1 -1 1 1 -1 -1 1 -1 1 -1 -1 -1 1 1 1 -1 -1 1 
-1 1 1 -1 1 -1 1 -1 1 -1 1 1 -1 -1 1 1 -1 1 1 1 1 1 1 -1 1 1 -1 1 -1 -1 1 -1 1 1 1 -1 -1 -1 -1 -1 1 -1 1 -1 1 -1 1 -1 1 1 -1 1 1 -1 1 1 1 1 1 1 1 1 -1 1 
-1 -1 -1 -1 1 1 -1 1 1 1 1 -1 1 1 -1 1 1 1 -1 -1 1 -1 1 -1 -1 1 1 1 -1 -1 1 -1 -1 1 -1 1 1 -1 -1 -1 1 -1 -1 -1 -1 1 -1 1 1 1 1 1 -1 1 -1 1 1 -1 -1 -1 -1 1 1 1 
1 1 -1 -1 -1 -1 -1 1 -1 1 -1 -1 -1 -1 -1 -1 -1 1 -1 1 1 -1 1 1 1 -1 -1 -1 -1 -1 1 -1 1 1 1 1 -1 -1 -1 -1 1 -1 -1 1 1 -1 -1 1 1 1 -1 1 1 -1 -1 -1 -1 -1 1 -1 1 1 -1 1 
1 -1 -1 -1 1 1 -1 -1 1 1 1 -1 -1 1 1 -1 1 -1 1 1 1 1 -1 -1 1 -1 -1 1 1 1 1 1 -1 1 -1 -1 -1 -1 -1 1 -1 -1 1 -1 -1 1 1 -1 -1 -1 1 1 -1 -1 1 1 -1 1 1 -1 -1 1 1 -1 
1 1 -1 1 -1 1 -1 1 -1 1 1 1 1 1 -1 1 -1 1 -1 -1 -1 1 1 -1 1 1 -1 1 -1 -1 1 1 -1 -1 1 -1 -1 1 -1 -1 1 1 -1 1 1 1 1 -1 -1 1 -1 -1 -1 -1 -1 -1 1 1 -1 1 -1 -1 -1 1 
1 -1 -1 -1 -1 1 -1 -1 -1 1 1 1 -1 -1 1 1 -1 1 1 -1 -1 -1 -1 1 1 -1 -1 -1 -1 -1 1 1 1 -1 1 -1 1 -1 1 1 -1 -1 1 1 1 1 1 -1 1 -1 -1 -1 1 1 -1 1 -1 -1 1 -1 -1 -1 1 1 
-1 -1 -1 -1 -1 1 1 1 1 1 1 1 1 1 -1 1 -1 -1 1 -1 -1 -1 1 1 1 1 1 1 1 -1 1 -1 -1 -1 1 -1 1 -1 -1 -1 -1 1 -1 -1 -1 1 -1 1 -1 -1 -1 1 -1 1 -1 -1 1 -1 1 -1 -1 1 -1 -1 
1 -1 1 -1 -1 -1 1 -1 -1 -1 1 1 1 1 -1 -1 1 1 -1 -1 1 -1 1 -1 -1 -1 -1 -1 -1 -1 1 1 -1 -1 1 1 -1 -1 -1 -1 -1 -1 1 -1 1 1 1 1 -1 -1 1 1 1 1 1 1 -1 -1 1 -1 -1 -1 1 1 
1 1 -1 -1 -1 1 -1 1 1 1 1 1 -1 -1 1 -1 1 -1 1 1 -1 1 -1 -1 1 1 1 -1 1 -1 1 -1 1 -1 -1 -1 1 1 1 1 1 -1 -1 1 1 -1 1 -1 -1 1 -1 1 1 -1 -1 1 1 1 1 1 1 1 -1 -1 
1 1 1 1 1 1 1 1 1 -1 -1 1 1 1 -1 -1 1 -1 -1 -1 1 1 -1 -1 -1 -1 -1 -1 1 -1 1 1 -1 -1 -1 1 -1 1 -1 1 1 1 -1 -1 -1 1 -1 -1 -1 1 1 1 -1 -1 1 -1 1 -1 1 1 1 1 1 1 
-1 -1 -1 1 -1 1 1 1 1 -1 -1 1 1 -1 1 -1 1 1 1 -1 -1 -1 1 -1 1 1 -1 -1 -1 1 1 1 1 1 -1 -1 -1 1 -1 1 1 1 -1 1 1 -1 -1 1 -1 -1 -1 1 -1 1 1 -1 1 -1 1 -1 -1 -1 -1 1 
-1 1 -1 -1 -1 1 1 -1 1 1 -1 -1 -1 1 -1 -1 -1 1 -1 1 1 1 1 -1 -1 1 -1 1 -1 -1 1 -1 -1 1 -1 1 -1 1 -1 -1 -1 1 -1 -1 1 1 -1 1 -1 1 -1 1 1 -1 -1 -1 -1 1 -1 -1 1 1 1 1 
-1 1 1 1 1 1 -1 -1 -1 -1 -1 1 -1 1 1 -1 1 -1 1 -1 -1 1 -1 1 1 1 1 1 1 1 -1 1 -1 1 1 -1 1 1 1 -1 -1 1 1 -1 1 1 -1 -1 1 -1 1 -1 1 1 1 -1 1 -1 1 -1 1 1 1 -1 
1 -1 1 -1 1 1 1 -1 1 1 1 1 -1 -1 1 1 -1 -1 -1 1 -1 -1 -1 -1 -1 -1 -1 -1 -1 1 1 1 1 -1 -1 -1 1 -1 1 -1 -1 1 -1 -1 1 -1 -1 1 1 -1 -1 -1 1 -1 -1 1 -1 -1 1 1 1 -1 1 1 
1 -1 1 1 1 -1 1 1 1 1 1 1 1 1 1 -1 1 1 1 -1 -1 -1 -1 -1 -1 -1 1 -1 1 -1 1 -1 -1 1 1 1 1 -1 -1 -1 -1 1 1 1 1 -1 1 1 -1 1 1 1 1 1 1 -1 1 1 1 1 1 1 1 1 
1 -1 -1 -1 -1 -1 1 1 1 1 1 -1 -1 -1 1 1 -1 -1 -1 1 -1 -1 -1 1 -1 1 1 -1 1 -1 1 -1 1 -1 1 -1 1 -1 1 -1 -1 -1 1 1 1 -1 -1 -1 1 -1 -1 -1 1 1 -1 -1 -1 1 1 -1 1 1 -1 1 
1 -1 1 1 -1 1 1 -1 -1 -1 -1 -1 1 -1 1 -1 1 1 1 1 1 1 1 -1 -1 -1 -1 1 1 1 -1 1 -1 1 1 -1 1 -1 -1 -1 -1 1 1 1 1 -1 1 -1 -1 -1 -1 -1 1 1 -1 1 1 1 1 1 1 1 1 1 
-1 1 -1 1 -1 -1 -1 1 1 1 -1 -1 1 -1 1 -1 1 1 -1 -1 1 1 -1 1 -1 -1 -1 -1 1 1 1 1 -1 1 -1 -1 1 1 1 -1 -1 -1 1 -1 1 1 1 1 -1 -1 1 -1 1 1 -1 1 1 -1 1 1 1 -1 1 1 
-1 -1 -1 1 1 1 -1 -1 -1 1 -1 1 -1 -1 1 -1 -1 1 -1 -1 -1 1 1 1 -1 -1 -1 -1 1 1 -1 -1 -1 1 1 -1 -1 -1 -1 1 1 1 1 -1 -1 1 -1 1 -1 1 -1 1 -1 1 -1 1 1 1 1 -1 1 1 1 -1 
1 -1 1 1 -1 -1 -1 1 1 -1 -1 1 -1 -1 -1 1 -1 1 1 -1 1 1 -1 -1 1 -1 -1 -1 1 1 -1 1 1 -1 1 1 -1 1 1 1 1 -1 1 1 1 1 1 -1 1 1 -1 1 -1 1 1 1 -1 1 1 1 1 1 -1 -1 