16
46 72 31 40 28 7 30 97 61 6 74 85 89 57 74 50 
54 83 40 76 71 37 79 78 84 71 66 49 71 33 81 35 
100 84 22 87 82 90 77 82 57 27 53 22 63 82 87 40 
32 17 79 30 32 82 55 76 1 63 91 25 20 38 15 3 
47 34 90 41 57 53 21 68 31 54 26 18 96 89 70 28 
35 1 31 79 89 46 19 58 12 2 8 53 62 56 49 94 
94 83 64 99 73 71 51 35 60 60 11 89 55 65 16 64 
47 11 80 18 51 96 64 72 86 68 3 11 28 78 27 45 
81 59 81 19 17 3 13 8 97 51 54 33 71 89 18 70 
75 41 88 94 32 35 33 6 81 26 75 97 34 95 25 44 
37 46 64 36 51 70 16 69 2 46 91 35 81 93 79 27 
67 29 28 87 23 68 51 45 70 49 95 77 83 53 57 59 
86 14 92 95 90 67 28 12 47 44 38 50 30 73 92 85 
43 100 82 36 22 92 48 31 45 86 46 99 42 47 33 64 
20 38 38 93 55 12 10 86 33 40 97 51 47 45 17 29 
50 14 42 22 29 53 97 41 86 56 43 66 47 88 89 79 
1 -1 1 -1 1 1 1 1 -1 1 -1 -1 -1 1 1 -1 
-1 -1 -1 -1 -1 -1 -1 1 -1 -1 1 -1 -1 1 -1 -1 
1 -1 1 -1 -1 -1 1 -1 1 -1 -1 1 1 1 -1 1 
-1 -1 -1 -1 1 1 -1 1 -1 -1 1 1 -1 -1 1 -1 
1 -1 -1 1 1 -1 1 -1 -1 -1 -1 -1 -1 -1 1 1 
1 -1 -1 1 -1 -1 1 1 -1 1 -1 -1 -1 -1 1 1 
1 -1 1 -1 1 1 1 1 1 1 1 -1 -1 1 1 1 
1 1 -1 1 -1 1 1 1 1 1 -1 -1 1 1 1 -1 
-1 -1 1 -1 -1 -1 1 1 -1 1 1 1 1 -1 -1 1 
1 -1 -1 -1 -1 1 1 1 1 -1 1 -1 1 1 -1 1 
-1 1 -1 1 -1 -1 1 -1 1 1 -1 1 1 1 -1 1 
-1 -1 1 1 -1 -1 -1 -1 1 -1 1 1 -1 -1 1 1 
-1 -1 1 -1 -1 -1 -1 1 1 1 1 -1 1 1 -1 -1 
1 1 1 -1 -1 -1 1 1 -1 1 1 -1 1 -1 1 1 
1 -1 -1 1 1 1 1 1 -1 -1 -1 1 -1 1 1 -1 
-1 -1 1 -1 1 1 1 -1 1 1 1 1 -1 1 -1 -1 