16
7 7 8 2 1 6 1 2 3 7 10 9 8 1 4 4 
9 2 10 3 3 5 6 8 10 4 10 1 5 4 5 6 
1 5 2 5 4 2 6 2 9 7 10 3 7 8 8 7 
5 9 8 3 10 3 4 4 3 7 3 6 5 10 9 10 
4 7 4 1 9 4 8 9 2 3 5 10 1 1 4 8 
7 5 8 7 3 7 2 6 2 1 10 10 7 4 5 6 
1 2 10 2 6 8 7 9 9 6 7 4 9 6 9 3 
3 7 7 6 3 1 4 2 4 10 6 2 8 6 1 4 
10 4 3 10 6 9 2 6 6 8 5 9 9 5 8 3 
5 10 8 6 5 6 2 7 3 5 8 4 5 5 5 7 
7 7 9 2 5 4 2 1 7 6 10 4 8 4 7 8 
5 10 2 8 2 2 9 9 4 7 6 2 7 1 6 7 
3 9 7 5 8 9 3 1 3 2 10 2 2 7 4 1 
10 8 5 3 4 2 1 4 3 2 6 10 9 6 9 9 
6 1 2 9 8 1 9 2 1 6 1 2 10 10 4 10 
6 3 5 5 4 3 7 6 9 4 5 7 10 2 9 5 
-1 -1 1 -1 -1 1 -1 1 1 -1 -1 -1 -1 1 1 1 
-1 -1 1 1 1 1 1 -1 1 -1 1 -1 -1 1 1 -1 
1 1 -1 -1 -1 1 1 1 -1 -1 -1 -1 1 1 1 -1 
-1 1 -1 -1 1 1 1 -1 -1 -1 -1 -1 1 1 -1 1 
-1 1 -1 1 -1 1 1 1 1 1 -1 1 -1 1 -1 -1 
1 1 1 1 1 -1 -1 -1 1 -1 1 -1 -1 1 1 -1 
-1 1 1 1 1 -1 1 1 -1 -1 1 -1 1 -1 -1 -1 
1 -1 1 -1 1 -1 1 -1 -1 -1 -1 1 -1 -1 -1 1 
1 1 -1 -1 1 1 -1 -1 -1 1 -1 1 -1 1 -1 1 
-1 -1 -1 -1 1 -1 -1 -1 1 1 1 -1 -1 1 1 -1 
-1 1 -1 -1 -1 1 1 -1 -1 1 -1 -1 1 -1 -1 -1 
-1 -1 -1 -1 1 -1 -1 1 1 -1 -1 -1 1 -1 1 -1 
-1 -1 1 1 -1 -1 1 -1 -1 -1 1 1 -1 -1 -1 1 
1 1 1 1 1 1 -1 -1 1 1 -1 -1 -1 -1 -1 1 
1 1 1 -1 -1 1 -1 -1 -1 1 -1 1 -1 -1 -1 -1 
1 -1 -1 1 -1 -1 -1 1 1 -1 -1 -1 1 1 -1 -1 