16
29 31 89 3 92 21 81 25 28 21 37 39 98 98 1 83 
26 65 16 54 64 91 69 51 79 63 98 81 79 27 54 89 
29 15 58 50 99 8 100 12 99 84 64 18 54 13 98 19 
54 46 26 56 28 63 83 96 74 94 46 9 85 15 28 100 
86 42 54 50 35 46 98 46 45 20 49 34 15 42 14 44 
43 81 86 16 86 54 24 49 94 85 36 100 59 49 48 10 
58 63 63 46 40 61 54 89 88 98 79 34 85 4 98 61 
78 73 52 58 14 89 72 50 2 86 51 3 10 32 61 70 
61 42 35 59 51 29 39 78 18 2 39 67 18 87 10 8 
25 42 31 80 86 84 27 19 28 19 59 38 64 87 41 85 
89 41 67 35 57 1 31 6 56 71 50 27 88 52 84 85 
34 6 96 71 97 28 16 52 42 19 50 23 78 77 23 6 
62 67 72 35 34 67 83 29 89 58 61 63 98 74 64 7 
30 38 72 51 41 50 61 36 24 71 10 6 44 28 59 27 
27 56 21 91 67 25 80 86 9 57 90 52 61 48 40 37 
26 66 97 84 59 9 69 62 85 16 69 76 2 73 68 4 
-1 -1 -1 -1 -1 1 1 1 1 1 -1 1 1 -1 -1 1 
-1 -1 1 -1 1 -1 1 -1 -1 -1 1 -1 1 -1 -1 -1 
-1 1 -1 -1 -1 1 -1 1 -1 1 -1 1 1 -1 -1 1 
-1 -1 -1 1 -1 1 1 1 1 1 1 1 -1 -1 -1 1 
-1 1 -1 -1 1 1 -1 -1 -1 -1 1 1 1 1 -1 -1 
1 -1 1 1 1 -1 -1 -1 -1 1 1 -1 -1 1 1 1 
1 1 -1 1 -1 -1 -1 1 -1 -1 1 1 1 -1 -1 -1 
1 -1 1 1 -1 -1 1 -1 -1 1 -1 1 -1 1 1 1 
1 -1 -1 1 -1 -1 -1 -1 1 -1 1 1 -1 -1 -1 -1 
1 -1 1 1 -1 1 -1 1 -1 1 1 -1 1 -1 1 1 
-1 1 -1 1 1 1 1 -1 1 1 1 1 1 -1 1 1 
1 -1 1 1 1 -1 1 1 1 -1 1 -1 -1 1 1 -1 
1 1 1 -1 1 -1 1 -1 -1 1 1 -1 1 -1 1 -1 
-1 -1 -1 -1 1 1 -1 1 -1 -1 -1 1 -1 -1 -1 -1 
-1 -1 -1 -1 -1 1 -1 1 -1 1 1 1 1 -1 1 -1 
1 -1 1 1 -1 1 -1 1 -1 1 1 -1 -1 -1 -1 1 